,Recording timestamp,Computer timestamp,Sensor,Project name,Export date,Participant name,Recording name,Recording date,Recording date UTC,Recording start time,Recording start time UTC,Recording duration,Timeline name,Recording Fixation filter name,Recording software version,Recording resolution height,Recording resolution width,Recording monitor latency,Eyetracker timestamp,Event,Event value,Gaze point X,Gaze point Y,Gaze point left X,Gaze point left Y,Gaze point right X,Gaze point right Y,Gaze direction left X,Gaze direction left Y,Gaze direction left Z,Gaze direction right X,Gaze direction right Y,Gaze direction right Z,Pupil diameter left,Pupil diameter right,Validity left,Validity right,Eye position left X (DACSmm),Eye position left Y (DACSmm),Eye position left Z (DACSmm),Eye position right X (DACSmm),Eye position right Y (DACSmm),Eye position right Z (DACSmm),Gaze point left X (DACSmm),Gaze point left Y (DACSmm),Gaze point right X (DACSmm),Gaze point right Y (DACSmm),Gaze point X (MCSnorm),Gaze point Y (MCSnorm),Gaze point left X (MCSnorm),Gaze point left Y (MCSnorm),Gaze point right X (MCSnorm),Gaze point right Y (MCSnorm),Presented Stimulus name,Presented Media name,Presented Media width,Presented Media height,Presented Media position X (DACSpx),Presented Media position Y (DACSpx),Original Media width,Original Media height,Eye movement type,Gaze event duration,Eye movement type index,Fixation point X,Fixation point Y,Fixation point X (MCSnorm),Fixation point Y (MCSnorm),Mouse position X,Mouse position Y
24017,4287632,1400443558919,,Participant0058,17.09.2021,Participant0058,Recording4,17.09.2021,17.09.2021,14:48:45.713,12:48:45.713,64514,Timeline2,Tobii I-VT (Fixation),1.145.28180,1080,1920,"10,00",,Eye tracker Calibration end,,,,,,,,,,,,,,,,,,,,,,,,,,,,,,,,,,,,,,,,,,Fixation,925.0,8.0,893.0,419.0,"0,4463","0,3880",,
24018,4287632,1400443558919,,Participant0058,17.09.2021,Participant0058,Recording4,17.09.2021,17.09.2021,14:48:45.713,12:48:45.713,64514,Timeline2,Tobii I-VT (Fixation),1.145.28180,1080,1920,"10,00",,ImageStimulusStart,thumbnail_grossTrial,,,,,,,,,,,,,,,,,,,,,,,,,,,,,,,,,,,,,,,,,Fixation,925.0,8.0,893.0,419.0,"0,4463","0,3880",,
24019,4294804,1400443566091,Eye Tracker,Participant0058,17.09.2021,Participant0058,Recording4,17.09.2021,17.09.2021,14:48:45.713,12:48:45.713,64514,Timeline2,Tobii I-VT (Fixation),1.145.28180,1080,1920,"10,00",672159354.0,,,896.0,420.0,888.0,415.0,903.0,425.0,"0,02032","0,02496","-0,99948","-0,08511","0,03293","-0,99583",,,Valid,Valid,"232,9","100,6","517,1","291,6","99,3","515,3","243,4","113,5","247,5","116,4","0,4483","0,3889","0,4422","0,3840","0,4543","0,3938",thumbnail_grossTrial,thumbnail_grossTrial.png,1245.0,1080.0,337.0,0.0,798.0,692.0,Fixation,925.0,8.0,893.0,419.0,"0,4463","0,3880",,
24020,4303163,1400443574450,Eye Tracker,Participant0058,17.09.2021,Participant0058,Recording4,17.09.2021,17.09.2021,14:48:45.713,12:48:45.713,64514,Timeline2,Tobii I-VT (Fixation),1.145.28180,1080,1920,"10,00",672167713.0,,,894.0,417.0,883.0,409.0,904.0,426.0,"0,01781","0,02204","-0,99960","-0,08448","0,03322","-0,99587","4,19","4,11",Valid,Valid,"232,9","100,5","517,2","291,6","99,3","515,3","242,1","111,9","247,9","116,5","0,4469","0,3864","0,4385","0,3787","0,4553","0,3941",thumbnail_grossTrial,thumbnail_grossTrial.png,1245.0,1080.0,337.0,0.0,798.0,692.0,Fixation,925.0,8.0,893.0,419.0,"0,4463","0,3880",,
24021,4311509,1400443582796,Eye Tracker,Participant0058,17.09.2021,Participant0058,Recording4,17.09.2021,17.09.2021,14:48:45.713,12:48:45.713,64514,Timeline2,Tobii I-VT (Fixation),1.145.28180,1080,1920,"10,00",672176059.0,,,896.0,418.0,885.0,409.0,908.0,427.0,"0,01863","0,02210","-0,99958","-0,08277","0,03403","-0,99599",,,Valid,Valid,"232,9","100,6","517,1","291,6","99,4","515,2","242,6","112,0","248,8","117,0","0,4489","0,3874","0,4398","0,3790","0,4580","0,3957",thumbnail_grossTrial,thumbnail_grossTrial.png,1245.0,1080.0,337.0,0.0,798.0,692.0,Fixation,925.0,8.0,893.0,419.0,"0,4463","0,3880",,
24022,4319830,1400443591117,Eye Tracker,Participant0058,17.09.2021,Participant0058,Recording4,17.09.2021,17.09.2021,14:48:45.713,12:48:45.713,64514,Timeline2,Tobii I-VT (Fixation),1.145.28180,1080,1920,"10,00",672184380.0,,,899.0,420.0,889.0,407.0,908.0,432.0,"0,02102","0,02086","-0,99956","-0,08234","0,03652","-0,99593",,,Valid,Valid,"232,9","100,6","517,2","291,5","99,4","515,2","243,8","111,4","248,9","118,3","0,4509","0,3885","0,4433","0,3768","0,4585","0,4001",thumbnail_grossTrial,thumbnail_grossTrial.png,1245.0,1080.0,337.0,0.0,798.0,692.0,Fixation,925.0,8.0,893.0,419.0,"0,4463","0,3880",,
24023,4328158,1400443599445,Eye Tracker,Participant0058,17.09.2021,Participant0058,Recording4,17.09.2021,17.09.2021,14:48:45.713,12:48:45.713,64514,Timeline2,Tobii I-VT (Fixation),1.145.28180,1080,1920,"10,00",672192709.0,,,905.0,419.0,900.0,405.0,909.0,433.0,"0,02667","0,02016","-0,99944","-0,08212","0,03708","-0,99593","4,62","4,64",Valid,Valid,"232,9","100,5","517,2","291,6","99,3","515,2","246,7","111,0","249,1","118,5","0,4555","0,3882","0,4520","0,3754","0,4591","0,4010",thumbnail_grossTrial,thumbnail_grossTrial.png,1245.0,1080.0,337.0,0.0,798.0,692.0,Fixation,925.0,8.0,893.0,419.0,"0,4463","0,3880",,
24024,4336491,1400443607778,Eye Tracker,Participant0058,17.09.2021,Participant0058,Recording4,17.09.2021,17.09.2021,14:48:45.713,12:48:45.713,64514,Timeline2,Tobii I-VT (Fixation),1.145.28180,1080,1920,"10,00",672201042.0,,,905.0,419.0,901.0,407.0,908.0,432.0,"0,02705","0,02062","-0,99942","-0,08255","0,03624","-0,99593",,,Valid,Valid,"233,0","100,6","517,2","291,6","99,4","515,2","247,0","111,3","248,9","118,1","0,4556","0,3881","0,4527","0,3764","0,4585","0,3997",thumbnail_grossTrial,thumbnail_grossTrial.png,1245.0,1080.0,337.0,0.0,798.0,692.0,Fixation,925.0,8.0,893.0,419.0,"0,4463","0,3880",,
24025,4344822,1400443616109,Eye Tracker,Participant0058,17.09.2021,Participant0058,Recording4,17.09.2021,17.09.2021,14:48:45.713,12:48:45.713,64514,Timeline2,Tobii I-VT (Fixation),1.145.28180,1080,1920,"10,00",672209374.0,,,901.0,420.0,902.0,410.0,900.0,431.0,"0,02773","0,02227","-0,99937","-0,08664","0,03570","-0,99560",,,Valid,Valid,"232,9","100,6","517,2","291,6","99,4","515,2","247,3","112,1","246,8","117,9","0,4529","0,3891","0,4536","0,3793","0,4521","0,3988",thumbnail_grossTrial,thumbnail_grossTrial.png,1245.0,1080.0,337.0,0.0,798.0,692.0,Fixation,925.0,8.0,893.0,419.0,"0,4463","0,3880",,
24026,4353158,1400443624445,Eye Tracker,Participant0058,17.09.2021,Participant0058,Recording4,17.09.2021,17.09.2021,14:48:45.713,12:48:45.713,64514,Timeline2,Tobii I-VT (Fixation),1.145.28180,1080,1920,"10,00",672217709.0,,,897.0,421.0,893.0,410.0,901.0,432.0,"0,02286","0,02280","-0,99948","-0,08635","0,03655","-0,99559","4,19","4,62",Valid,Valid,"233,0","100,5","517,2","291,6","99,4","515,2","244,8","112,3","247,0","118,3","0,4495","0,3901","0,4463","0,3800","0,4527","0,4002",thumbnail_grossTrial,thumbnail_grossTrial.png,1245.0,1080.0,337.0,0.0,798.0,692.0,Fixation,925.0,8.0,893.0,419.0,"0,4463","0,3880",,
24027,4361546,1400443632833,Eye Tracker,Participant0058,17.09.2021,Participant0058,Recording4,17.09.2021,17.09.2021,14:48:45.713,12:48:45.713,64514,Timeline2,Tobii I-VT (Fixation),1.145.28180,1080,1920,"10,00",672226098.0,,,898.0,418.0,895.0,408.0,901.0,428.0,"0,02381","0,02160","-0,99948","-0,08638","0,03427","-0,99567",,,Valid,Valid,"233,0","100,6","517,2","291,7","99,4","515,1","245,3","111,8","247,0","117,2","0,4503","0,3873","0,4479","0,3782","0,4527","0,3964",thumbnail_grossTrial,thumbnail_grossTrial.png,1245.0,1080.0,337.0,0.0,798.0,692.0,Fixation,925.0,8.0,893.0,419.0,"0,4463","0,3880",,
24028,4369792,1400443641079,Eye Tracker,Participant0058,17.09.2021,Participant0058,Recording4,17.09.2021,17.09.2021,14:48:45.713,12:48:45.713,64514,Timeline2,Tobii I-VT (Fixation),1.145.28180,1080,1920,"10,00",672234344.0,,,897.0,418.0,895.0,406.0,899.0,431.0,"0,02386","0,02032","-0,99951","-0,08743","0,03553","-0,99554",,,Valid,Valid,"232,9","100,6","517,2","291,6","99,4","515,1","245,3","111,1","246,4","117,8","0,4493","0,3873","0,4478","0,3760","0,4509","0,3987",thumbnail_grossTrial,thumbnail_grossTrial.png,1245.0,1080.0,337.0,0.0,798.0,692.0,Fixation,925.0,8.0,893.0,419.0,"0,4463","0,3880",,
24029,4378122,1400443649409,Eye Tracker,Participant0058,17.09.2021,Participant0058,Recording4,17.09.2021,17.09.2021,14:48:45.713,12:48:45.713,64514,Timeline2,Tobii I-VT (Fixation),1.145.28180,1080,1920,"10,00",672242675.0,,,902.0,431.0,,,902.0,431.0,,,,"-0,08575","0,03595","-0,99567",,"4,09",Invalid,Valid,,,,"291,6","99,4","515,1",,,"247,2","118,0","0,4535","0,3992",,,"0,4535","0,3992",thumbnail_grossTrial,thumbnail_grossTrial.png,1245.0,1080.0,337.0,0.0,798.0,692.0,Fixation,925.0,8.0,893.0,419.0,"0,4463","0,3880",,
24030,4386457,1400443657744,Eye Tracker,Participant0058,17.09.2021,Participant0058,Recording4,17.09.2021,17.09.2021,14:48:45.713,12:48:45.713,64514,Timeline2,Tobii I-VT (Fixation),1.145.28180,1080,1920,"10,00",672251009.0,,,896.0,421.0,889.0,407.0,903.0,436.0,"0,02051","0,02059","-0,99958","-0,08516","0,03833","-0,99563",,,Valid,Valid,"233,0","100,6","517,1","291,6","99,5","515,0","243,6","111,3","247,6","119,3","0,4486","0,3901","0,4428","0,3765","0,4544","0,4037",thumbnail_grossTrial,thumbnail_grossTrial.png,1245.0,1080.0,337.0,0.0,798.0,692.0,Fixation,925.0,8.0,893.0,419.0,"0,4463","0,3880",,
24031,4394816,1400443666103,Eye Tracker,Participant0058,17.09.2021,Participant0058,Recording4,17.09.2021,17.09.2021,14:48:45.713,12:48:45.713,64514,Timeline2,Tobii I-VT (Fixation),1.145.28180,1080,1920,"10,00",672259369.0,,,896.0,423.0,885.0,410.0,907.0,436.0,"0,01891","0,02223","-0,99957","-0,08291","0,03831","-0,99582",,,Valid,Valid,"232,9","100,6","517,1","291,5","99,5","515,0","242,7","112,1","248,7","119,3","0,4489","0,3915","0,4401","0,3794","0,4577","0,4036",thumbnail_grossTrial,thumbnail_grossTrial.png,1245.0,1080.0,337.0,0.0,798.0,692.0,Fixation,925.0,8.0,893.0,419.0,"0,4463","0,3880",,
24032,4403151,1400443674438,Eye Tracker,Participant0058,17.09.2021,Participant0058,Recording4,17.09.2021,17.09.2021,14:48:45.713,12:48:45.713,64514,Timeline2,Tobii I-VT (Fixation),1.145.28180,1080,1920,"10,00",672267704.0,,,899.0,424.0,896.0,413.0,902.0,435.0,"0,02444","0,02370","-0,99942","-0,08571","0,03800","-0,99560","4,53","4,12",Valid,Valid,"232,9","100,6","517,1","291,6","99,5","515,0","245,5","112,9","247,2","119,1","0,4510","0,3925","0,4485","0,3820","0,4534","0,4030",thumbnail_grossTrial,thumbnail_grossTrial.png,1245.0,1080.0,337.0,0.0,798.0,692.0,Fixation,925.0,8.0,893.0,419.0,"0,4463","0,3880",,
24033,4411563,1400443682850,Eye Tracker,Participant0058,17.09.2021,Participant0058,Recording4,17.09.2021,17.09.2021,14:48:45.713,12:48:45.713,64514,Timeline2,Tobii I-VT (Fixation),1.145.28180,1080,1920,"10,00",672276117.0,,,904.0,427.0,905.0,418.0,902.0,437.0,"0,02938","0,02621","-0,99922","-0,08567","0,03886","-0,99557",,,Valid,Valid,"232,9","100,7","517,0","291,6","99,5","514,9","248,1","114,3","247,3","119,6","0,4548","0,3957","0,4561","0,3866","0,4536","0,4047",thumbnail_grossTrial,thumbnail_grossTrial.png,1245.0,1080.0,337.0,0.0,798.0,692.0,Fixation,925.0,8.0,893.0,419.0,"0,4463","0,3880",,
24034,4419850,1400443691137,Eye Tracker,Participant0058,17.09.2021,Participant0058,Recording4,17.09.2021,17.09.2021,14:48:45.713,12:48:45.713,64514,Timeline2,Tobii I-VT (Fixation),1.145.28180,1080,1920,"10,00",672284403.0,,,906.0,427.0,907.0,418.0,904.0,435.0,"0,03051","0,02653","-0,99918","-0,08461","0,03762","-0,99570",,,Valid,Valid,"232,9","100,7","516,9","291,5","99,5","514,9","248,7","114,5","247,8","119,0","0,4564","0,3949","0,4577","0,3872","0,4550","0,4026",thumbnail_grossTrial,thumbnail_grossTrial.png,1245.0,1080.0,337.0,0.0,798.0,692.0,Fixation,925.0,8.0,893.0,419.0,"0,4463","0,3880",,
24035,4428137,1400443699424,Eye Tracker,Participant0058,17.09.2021,Participant0058,Recording4,17.09.2021,17.09.2021,14:48:45.713,12:48:45.713,64514,Timeline2,Tobii I-VT (Fixation),1.145.28180,1080,1920,"10,00",672292691.0,,,906.0,426.0,910.0,418.0,903.0,435.0,"0,03165","0,02638","-0,99915","-0,08513","0,03764","-0,99566","4,49","4,12",Valid,Valid,"232,9","100,7","516,9","291,6","99,5","514,9","249,3","114,4","247,5","119,0","0,4570","0,3947","0,4595","0,3869","0,4544","0,4025",thumbnail_grossTrial,thumbnail_grossTrial.png,1245.0,1080.0,337.0,0.0,798.0,692.0,Fixation,925.0,8.0,893.0,419.0,"0,4463","0,3880",,
24036,4436535,1400443707822,Eye Tracker,Participant0058,17.09.2021,Participant0058,Recording4,17.09.2021,17.09.2021,14:48:45.713,12:48:45.713,64514,Timeline2,Tobii I-VT (Fixation),1.145.28180,1080,1920,"10,00",672301089.0,,,902.0,422.0,905.0,413.0,899.0,431.0,"0,02904","0,02376","-0,99930","-0,08739","0,03566","-0,99554",,,Valid,Valid,"233,0","100,8","516,8","291,6","99,6","514,9","248,0","113,1","246,4","118,0","0,4534","0,3909","0,4558","0,3826","0,4511","0,3992",thumbnail_grossTrial,thumbnail_grossTrial.png,1245.0,1080.0,337.0,0.0,798.0,692.0,Fixation,925.0,8.0,893.0,419.0,"0,4463","0,3880",,
24037,4444893,1400443716180,Eye Tracker,Participant0058,17.09.2021,Participant0058,Recording4,17.09.2021,17.09.2021,14:48:45.713,12:48:45.713,64514,Timeline2,Tobii I-VT (Fixation),1.145.28180,1080,1920,"10,00",672309448.0,,,900.0,421.0,903.0,412.0,897.0,430.0,"0,02810","0,02297","-0,99934","-0,08857","0,03500","-0,99546",,,Valid,Valid,"232,9","100,8","516,7","291,6","99,5","514,9","247,5","112,7","245,8","117,6","0,4517","0,3896","0,4542","0,3812","0,4492","0,3980",thumbnail_grossTrial,thumbnail_grossTrial.png,1245.0,1080.0,337.0,0.0,798.0,692.0,Fixation,925.0,8.0,893.0,419.0,"0,4463","0,3880",,
24038,4453163,1400443724450,Eye Tracker,Participant0058,17.09.2021,Participant0058,Recording4,17.09.2021,17.09.2021,14:48:45.713,12:48:45.713,64514,Timeline2,Tobii I-VT (Fixation),1.145.28180,1080,1920,"10,00",672317717.0,,,902.0,421.0,901.0,411.0,902.0,431.0,"0,02722","0,02239","-0,99938","-0,08593","0,03553","-0,99567","4,54","4,65",Valid,Valid,"233,0","100,8","516,7","291,6","99,5","514,9","247,1","112,4","247,2","117,9","0,4532","0,3895","0,4530","0,3801","0,4533","0,3988",thumbnail_grossTrial,thumbnail_grossTrial.png,1245.0,1080.0,337.0,0.0,798.0,692.0,Fixation,925.0,8.0,893.0,419.0,"0,4463","0,3880",,
24039,4461487,1400443732774,Eye Tracker,Participant0058,17.09.2021,Participant0058,Recording4,17.09.2021,17.09.2021,14:48:45.713,12:48:45.713,64514,Timeline2,Tobii I-VT (Fixation),1.145.28180,1080,1920,"10,00",672326042.0,,,903.0,422.0,903.0,412.0,903.0,431.0,"0,02785","0,02297","-0,99935","-0,08560","0,03575","-0,99569",,,Valid,Valid,"233,0","100,8","516,6","291,7","99,5","514,9","247,4","112,7","247,4","118,0","0,4540","0,3903","0,4540","0,3814","0,4539","0,3992",thumbnail_grossTrial,thumbnail_grossTrial.png,1245.0,1080.0,337.0,0.0,798.0,692.0,Fixation,925.0,8.0,893.0,419.0,"0,4463","0,3880",,
24040,4469821,1400443741108,Eye Tracker,Participant0058,17.09.2021,Participant0058,Recording4,17.09.2021,17.09.2021,14:48:45.713,12:48:45.713,64514,Timeline2,Tobii I-VT (Fixation),1.145.28180,1080,1920,"10,00",672334376.0,,,904.0,420.0,906.0,408.0,902.0,431.0,"0,02974","0,02117","-0,99933","-0,08559","0,03551","-0,99570",,,Valid,Valid,"233,0","100,8","516,6","291,6","99,5","515,0","248,3","111,8","247,3","117,9","0,4553","0,3885","0,4567","0,3782","0,4538","0,3988",thumbnail_grossTrial,thumbnail_grossTrial.png,1245.0,1080.0,337.0,0.0,798.0,692.0,Fixation,925.0,8.0,893.0,419.0,"0,4463","0,3880",,
24041,4478120,1400443749407,Eye Tracker,Participant0058,17.09.2021,Participant0058,Recording4,17.09.2021,17.09.2021,14:48:45.713,12:48:45.713,64514,Timeline2,Tobii I-VT (Fixation),1.145.28180,1080,1920,"10,00",672342676.0,,,902.0,420.0,906.0,414.0,899.0,427.0,"0,02952","0,02402","-0,99928","-0,08738","0,03373","-0,99560","4,52","4,14",Valid,Valid,"233,0","100,8","516,6","291,6","99,4","515,0","248,2","113,2","246,4","116,9","0,4538","0,3892","0,4565","0,3830","0,4511","0,3954",thumbnail_grossTrial,thumbnail_grossTrial.png,1245.0,1080.0,337.0,0.0,798.0,692.0,Fixation,925.0,8.0,893.0,419.0,"0,4463","0,3880",,
24042,4486443,1400443757730,Eye Tracker,Participant0058,17.09.2021,Participant0058,Recording4,17.09.2021,17.09.2021,14:48:45.713,12:48:45.713,64514,Timeline2,Tobii I-VT (Fixation),1.145.28180,1080,1920,"10,00",672350999.0,,,902.0,421.0,905.0,413.0,899.0,430.0,"0,02911","0,02346","-0,99930","-0,08768","0,03509","-0,99553",,,Valid,Valid,"233,0","100,8","516,5","291,6","99,5","515,0","248,0","113,0","246,3","117,6","0,4533","0,3901","0,4559","0,3822","0,4507","0,3979",thumbnail_grossTrial,thumbnail_grossTrial.png,1245.0,1080.0,337.0,0.0,798.0,692.0,Fixation,925.0,8.0,893.0,419.0,"0,4463","0,3880",,
24043,4494772,1400443766059,Eye Tracker,Participant0058,17.09.2021,Participant0058,Recording4,17.09.2021,17.09.2021,14:48:45.713,12:48:45.713,64514,Timeline2,Tobii I-VT (Fixation),1.145.28180,1080,1920,"10,00",672359328.0,,,900.0,417.0,901.0,403.0,899.0,431.0,"0,02737","0,01853","-0,99945","-0,08716","0,03557","-0,99556",,,Valid,Valid,"232,9","100,8","516,6","291,6","99,4","515,1","247,1","110,4","246,5","117,8","0,4521","0,3861","0,4530","0,3736","0,4512","0,3987",thumbnail_grossTrial,thumbnail_grossTrial.png,1245.0,1080.0,337.0,0.0,798.0,692.0,Fixation,925.0,8.0,893.0,419.0,"0,4463","0,3880",,
24044,4503138,1400443774425,Eye Tracker,Participant0058,17.09.2021,Participant0058,Recording4,17.09.2021,17.09.2021,14:48:45.713,12:48:45.713,64514,Timeline2,Tobii I-VT (Fixation),1.145.28180,1080,1920,"10,00",672367694.0,,,896.0,416.0,894.0,401.0,898.0,432.0,"0,02333","0,01732","-0,99958","-0,08793","0,03631","-0,99546","4,25","4,16",Valid,Valid,"232,9","100,7","516,6","291,6","99,4","515,1","245,0","109,7","246,1","118,2","0,4485","0,3855","0,4469","0,3712","0,4501","0,3998",thumbnail_grossTrial,thumbnail_grossTrial.png,1245.0,1080.0,337.0,0.0,798.0,692.0,Fixation,925.0,8.0,893.0,419.0,"0,4463","0,3880",,
24045,4511466,1400443782753,Eye Tracker,Participant0058,17.09.2021,Participant0058,Recording4,17.09.2021,17.09.2021,14:48:45.713,12:48:45.713,64514,Timeline2,Tobii I-VT (Fixation),1.145.28180,1080,1920,"10,00",672376023.0,,,893.0,408.0,887.0,391.0,898.0,426.0,"0,01989","0,01197","-0,99973","-0,08767","0,03322","-0,99560",,,Valid,Valid,"233,0","100,8","516,6","291,6","99,4","515,1","243,2","107,0","246,2","116,6","0,4462","0,3782","0,4418","0,3619","0,4505","0,3944",thumbnail_grossTrial,thumbnail_grossTrial.png,1245.0,1080.0,337.0,0.0,798.0,692.0,Fixation,925.0,8.0,893.0,419.0,"0,4463","0,3880",,
24046,4519792,1400443791079,Eye Tracker,Participant0058,17.09.2021,Participant0058,Recording4,17.09.2021,17.09.2021,14:48:45.713,12:48:45.713,64514,Timeline2,Tobii I-VT (Fixation),1.145.28180,1080,1920,"10,00",672384349.0,,,893.0,416.0,886.0,408.0,900.0,424.0,"0,01939","0,02136","-0,99958","-0,08682","0,03237","-0,99570",,,Valid,Valid,"232,9","100,8","516,7","291,5","99,4","515,2","242,9","111,8","246,6","116,1","0,4463","0,3855","0,4409","0,3782","0,4517","0,3928",thumbnail_grossTrial,thumbnail_grossTrial.png,1245.0,1080.0,337.0,0.0,798.0,692.0,Fixation,925.0,8.0,893.0,419.0,"0,4463","0,3880",,
24047,4528113,1400443799400,Eye Tracker,Participant0058,17.09.2021,Participant0058,Recording4,17.09.2021,17.09.2021,14:48:45.713,12:48:45.713,64514,Timeline2,Tobii I-VT (Fixation),1.145.28180,1080,1920,"10,00",672392670.0,,,900.0,415.0,893.0,406.0,907.0,423.0,"0,02261","0,02027","-0,99954","-0,08325","0,03200","-0,99602","4,48","4,56",Valid,Valid,"232,9","100,7","516,8","291,6","99,3","515,2","244,6","111,2","248,5","115,9","0,4516","0,3840","0,4458","0,3761","0,4573","0,3920",thumbnail_grossTrial,thumbnail_grossTrial.png,1245.0,1080.0,337.0,0.0,798.0,692.0,Fixation,925.0,8.0,893.0,419.0,"0,4463","0,3880",,
24048,4536475,1400443807762,Eye Tracker,Participant0058,17.09.2021,Participant0058,Recording4,17.09.2021,17.09.2021,14:48:45.713,12:48:45.713,64514,Timeline2,Tobii I-VT (Fixation),1.145.28180,1080,1920,"10,00",672401032.0,,,905.0,419.0,902.0,414.0,908.0,423.0,"0,02764","0,02428","-0,99932","-0,08249","0,03182","-0,99608",,,Valid,Valid,"233,0","100,7","516,8","291,6","99,3","515,2","247,3","113,3","249,0","115,8","0,4561","0,3875","0,4537","0,3832","0,4586","0,3918",thumbnail_grossTrial,thumbnail_grossTrial.png,1245.0,1080.0,337.0,0.0,798.0,692.0,Fixation,925.0,8.0,893.0,419.0,"0,4463","0,3880",,
24049,4544803,1400443816090,Eye Tracker,Participant0058,17.09.2021,Participant0058,Recording4,17.09.2021,17.09.2021,14:48:45.713,12:48:45.713,64514,Timeline2,Tobii I-VT (Fixation),1.145.28180,1080,1920,"10,00",672409361.0,,,916.0,420.0,914.0,410.0,917.0,430.0,"0,03382","0,02240","-0,99918","-0,07789","0,03567","-0,99632",,,Valid,Valid,"233,1","100,7","516,9","291,7","99,3","515,3","250,6","112,3","251,4","117,8","0,4645","0,3892","0,4633","0,3799","0,4657","0,3985",thumbnail_grossTrial,thumbnail_grossTrial.png,1245.0,1080.0,337.0,0.0,798.0,692.0,Saccade,42.0,9.0,,,,,,
24050,4553108,1400443824395,Eye Tracker,Participant0058,17.09.2021,Participant0058,Recording4,17.09.2021,17.09.2021,14:48:45.713,12:48:45.713,64514,Timeline2,Tobii I-VT (Fixation),1.145.28180,1080,1920,"10,00",672417666.0,,,945.0,417.0,941.0,408.0,949.0,425.0,"0,04754","0,02147","-0,99864","-0,06181","0,03295","-0,99754","4,30","4,54",Valid,Valid,"233,3","100,6","517,0","291,9","99,3","515,3","257,9","111,8","260,0","116,3","0,4878","0,3859","0,4848","0,3781","0,4908","0,3936",thumbnail_grossTrial,thumbnail_grossTrial.png,1245.0,1080.0,337.0,0.0,798.0,692.0,Saccade,42.0,9.0,,,,,,
24051,4561460,1400443832747,Eye Tracker,Participant0058,17.09.2021,Participant0058,Recording4,17.09.2021,17.09.2021,14:48:45.713,12:48:45.713,64514,Timeline2,Tobii I-VT (Fixation),1.145.28180,1080,1920,"10,00",672426018.0,,,995.0,425.0,991.0,414.0,999.0,436.0,"0,07339","0,02441","-0,99700","-0,03536","0,03898","-0,99861",,,Valid,Valid,"233,5","100,6","517,2","292,1","99,3","515,4","271,6","113,2","273,8","119,4","0,5281","0,3936","0,5248","0,3831","0,5314","0,4041",thumbnail_grossTrial,thumbnail_grossTrial.png,1245.0,1080.0,337.0,0.0,798.0,692.0,Saccade,42.0,9.0,,,,,,
24052,4569776,1400443841063,Eye Tracker,Participant0058,17.09.2021,Participant0058,Recording4,17.09.2021,17.09.2021,14:48:45.713,12:48:45.713,64514,Timeline2,Tobii I-VT (Fixation),1.145.28180,1080,1920,"10,00",672434334.0,,,1043.0,432.0,1038.0,420.0,1048.0,445.0,"0,09780","0,02797","-0,99481","-0,00971","0,04341","-0,99901",,,Valid,Valid,"233,5","100,5","517,4","292,1","99,3","515,6","284,4","115,0","287,1","121,7","0,5664","0,4004","0,5624","0,3892","0,5703","0,4116",thumbnail_grossTrial,thumbnail_grossTrial.png,1245.0,1080.0,337.0,0.0,798.0,692.0,Saccade,42.0,9.0,,,,,,
24053,4578104,1400443849391,Eye Tracker,Participant0058,17.09.2021,Participant0058,Recording4,17.09.2021,17.09.2021,14:48:45.713,12:48:45.713,64514,Timeline2,Tobii I-VT (Fixation),1.145.28180,1080,1920,"10,00",672442663.0,,,1070.0,436.0,1065.0,423.0,1075.0,448.0,"0,11184","0,02931","-0,99329","0,00488","0,04540","-0,99896","4,32","4,53",Valid,Valid,"233,6","100,4","517,5","292,2","99,2","515,6","291,8","115,7","294,7","122,7","0,5884","0,4033","0,5841","0,3915","0,5926","0,4150",thumbnail_grossTrial,thumbnail_grossTrial.png,1245.0,1080.0,337.0,0.0,798.0,692.0,Saccade,42.0,9.0,,,,,,
24054,4586428,1400443857715,Eye Tracker,Participant0058,17.09.2021,Participant0058,Recording4,17.09.2021,17.09.2021,14:48:45.713,12:48:45.713,64514,Timeline2,Tobii I-VT (Fixation),1.145.28180,1080,1920,"10,00",672450987.0,,,1074.0,437.0,1070.0,425.0,1078.0,450.0,"0,11432","0,03013","-0,99299","0,00626","0,04636","-0,99891",,,Valid,Valid,"233,6","100,5","517,4","292,2","99,3","515,5","293,1","116,2","295,4","123,2","0,5913","0,4050","0,5880","0,3931","0,5946","0,4169",thumbnail_grossTrial,thumbnail_grossTrial.png,1245.0,1080.0,337.0,0.0,798.0,692.0,Fixation,325.0,9.0,1077.0,443.0,"0,5937","0,4106",,
24055,4594852,1400443866139,Eye Tracker,Participant0058,17.09.2021,Participant0058,Recording4,17.09.2021,17.09.2021,14:48:45.713,12:48:45.713,64514,Timeline2,Tobii I-VT (Fixation),1.145.28180,1080,1920,"10,00",672459411.0,,,1065.0,437.0,1060.0,425.0,1071.0,448.0,"0,10958","0,03058","-0,99351","0,00260","0,04512","-0,99898",,,Valid,Valid,"233,5","100,5","517,4","292,1","99,3","515,5","290,5","116,4","293,4","122,6","0,5846","0,4043","0,5804","0,3939","0,5888","0,4148",thumbnail_grossTrial,thumbnail_grossTrial.png,1245.0,1080.0,337.0,0.0,798.0,692.0,Fixation,325.0,9.0,1077.0,443.0,"0,5937","0,4106",,
24056,4603097,1400443874384,Eye Tracker,Participant0058,17.09.2021,Participant0058,Recording4,17.09.2021,17.09.2021,14:48:45.713,12:48:45.713,64514,Timeline2,Tobii I-VT (Fixation),1.145.28180,1080,1920,"10,00",672467656.0,,,1070.0,449.0,,,1070.0,449.0,,,,"0,00225","0,04563","-0,99896",,"4,59",Invalid,Valid,,,,"292,1","99,3","515,5",,,"293,3","122,8","0,5884","0,4155",,,"0,5884","0,4155",thumbnail_grossTrial,thumbnail_grossTrial.png,1245.0,1080.0,337.0,0.0,798.0,692.0,Fixation,325.0,9.0,1077.0,443.0,"0,5937","0,4106",,
24057,4611455,1400443882742,Eye Tracker,Participant0058,17.09.2021,Participant0058,Recording4,17.09.2021,17.09.2021,14:48:45.713,12:48:45.713,64514,Timeline2,Tobii I-VT (Fixation),1.145.28180,1080,1920,"10,00",672476014.0,,,1072.0,439.0,1065.0,431.0,1080.0,447.0,"0,11180","0,03333","-0,99317","0,00761","0,04468","-0,99897",,,Valid,Valid,"233,5","100,5","517,3","292,1","99,3","515,4","291,8","117,9","296,0","122,4","0,5902","0,4065","0,5839","0,3989","0,5964","0,4141",thumbnail_grossTrial,thumbnail_grossTrial.png,1245.0,1080.0,337.0,0.0,798.0,692.0,Fixation,325.0,9.0,1077.0,443.0,"0,5937","0,4106",,
24058,4619786,1400443891073,Eye Tracker,Participant0058,17.09.2021,Participant0058,Recording4,17.09.2021,17.09.2021,14:48:45.713,12:48:45.713,64514,Timeline2,Tobii I-VT (Fixation),1.145.28180,1080,1920,"10,00",672484345.0,,,1077.0,438.0,1069.0,430.0,1085.0,446.0,"0,11411","0,03301","-0,99292","0,01033","0,04401","-0,99898",,,Valid,Valid,"233,4","100,5","517,3","292,0","99,4","515,4","292,9","117,7","297,4","122,1","0,5938","0,4057","0,5873","0,3983","0,6004","0,4130",thumbnail_grossTrial,thumbnail_grossTrial.png,1245.0,1080.0,337.0,0.0,798.0,692.0,Fixation,325.0,9.0,1077.0,443.0,"0,5937","0,4106",,
24059,4628128,1400443899415,Eye Tracker,Participant0058,17.09.2021,Participant0058,Recording4,17.09.2021,17.09.2021,14:48:45.713,12:48:45.713,64514,Timeline2,Tobii I-VT (Fixation),1.145.28180,1080,1920,"10,00",672492687.0,,,1082.0,445.0,,,1082.0,445.0,,,,"0,00872","0,04361","-0,99901",,"4,06",Invalid,Valid,,,,"292,1","99,3","515,3",,,"296,6","121,8","0,5980","0,4122",,,"0,5980","0,4122",thumbnail_grossTrial,thumbnail_grossTrial.png,1245.0,1080.0,337.0,0.0,798.0,692.0,Fixation,325.0,9.0,1077.0,443.0,"0,5937","0,4106",,
24060,4636426,1400443907713,Eye Tracker,Participant0058,17.09.2021,Participant0058,Recording4,17.09.2021,17.09.2021,14:48:45.713,12:48:45.713,64514,Timeline2,Tobii I-VT (Fixation),1.145.28180,1080,1920,"10,00",672500984.0,,,1071.0,428.0,1065.0,414.0,1077.0,441.0,"0,11232","0,02449","-0,99337","0,00622","0,04142","-0,99912",,,Valid,Valid,"233,5","100,6","517,2","292,1","99,4","515,2","292,0","113,3","295,3","120,8","0,5895","0,3960","0,5847","0,3834","0,5943","0,4086",thumbnail_grossTrial,thumbnail_grossTrial.png,1245.0,1080.0,337.0,0.0,798.0,692.0,Fixation,325.0,9.0,1077.0,443.0,"0,5937","0,4106",,
24061,4644829,1400443916116,Eye Tracker,Participant0058,17.09.2021,Participant0058,Recording4,17.09.2021,17.09.2021,14:48:45.713,12:48:45.713,64514,Timeline2,Tobii I-VT (Fixation),1.145.28180,1080,1920,"10,00",672509387.0,,,1072.0,429.0,1069.0,415.0,1074.0,443.0,"0,11450","0,02511","-0,99311","0,00441","0,04249","-0,99909",,,Valid,Valid,"233,5","100,6","517,2","292,0","99,4","515,2","293,1","113,6","294,3","121,4","0,5897","0,3975","0,5879","0,3845","0,5915","0,4106",thumbnail_grossTrial,thumbnail_grossTrial.png,1245.0,1080.0,337.0,0.0,798.0,692.0,Fixation,325.0,9.0,1077.0,443.0,"0,5937","0,4106",,
24062,4653124,1400443924411,Eye Tracker,Participant0058,17.09.2021,Participant0058,Recording4,17.09.2021,17.09.2021,14:48:45.713,12:48:45.713,64514,Timeline2,Tobii I-VT (Fixation),1.145.28180,1080,1920,"10,00",672517682.0,,,1073.0,447.0,,,1073.0,447.0,,,,"0,00405","0,04432","-0,99901",,"3,99",Invalid,Valid,,,,"292,1","99,4","515,1",,,"294,2","122,3","0,5911","0,4137",,,"0,5911","0,4137",thumbnail_grossTrial,thumbnail_grossTrial.png,1245.0,1080.0,337.0,0.0,798.0,692.0,Fixation,325.0,9.0,1077.0,443.0,"0,5937","0,4106",,
24063,4661454,1400443932741,Eye Tracker,Participant0058,17.09.2021,Participant0058,Recording4,17.09.2021,17.09.2021,14:48:45.713,12:48:45.713,64514,Timeline2,Tobii I-VT (Fixation),1.145.28180,1080,1920,"10,00",672526012.0,,,1080.0,438.0,1083.0,423.0,1077.0,452.0,"0,12147","0,02934","-0,99216","0,00615","0,04668","-0,99889",,,Valid,Valid,"233,6","100,6","517,1","292,1","99,5","514,9","296,9","115,9","295,3","123,6","0,5966","0,4051","0,5989","0,3921","0,5943","0,4182",thumbnail_grossTrial,thumbnail_grossTrial.png,1245.0,1080.0,337.0,0.0,798.0,692.0,Fixation,325.0,9.0,1077.0,443.0,"0,5937","0,4106",,
24064,4669831,1400443941118,Eye Tracker,Participant0058,17.09.2021,Participant0058,Recording4,17.09.2021,17.09.2021,14:48:45.713,12:48:45.713,64514,Timeline2,Tobii I-VT (Fixation),1.145.28180,1080,1920,"10,00",672534388.0,,,1080.0,438.0,1080.0,421.0,1079.0,456.0,"0,12009","0,02804","-0,99237","0,00699","0,04890","-0,99878",,,Valid,Valid,"233,5","100,6","517,0","292,1","99,5","514,9","296,1","115,2","295,7","124,8","0,5960","0,4060","0,5967","0,3898","0,5954","0,4221",thumbnail_grossTrial,thumbnail_grossTrial.png,1245.0,1080.0,337.0,0.0,798.0,692.0,Fixation,325.0,9.0,1077.0,443.0,"0,5937","0,4106",,
24065,4678099,1400443949386,Eye Tracker,Participant0058,17.09.2021,Participant0058,Recording4,17.09.2021,17.09.2021,14:48:45.713,12:48:45.713,64514,Timeline2,Tobii I-VT (Fixation),1.145.28180,1080,1920,"10,00",672542656.0,,,1084.0,455.0,,,1084.0,455.0,,,,"0,00981","0,04865","-0,99877",,"4,29",Invalid,Valid,,,,"292,1","99,5","514,8",,,"297,2","124,6","0,5998","0,4216",,,"0,5998","0,4216",thumbnail_grossTrial,thumbnail_grossTrial.png,1245.0,1080.0,337.0,0.0,798.0,692.0,Fixation,325.0,9.0,1077.0,443.0,"0,5937","0,4106",,
24066,4686430,1400443957717,Eye Tracker,Participant0058,17.09.2021,Participant0058,Recording4,17.09.2021,17.09.2021,14:48:45.713,12:48:45.713,64514,Timeline2,Tobii I-VT (Fixation),1.145.28180,1080,1920,"10,00",672550987.0,,,1082.0,443.0,1082.0,422.0,1081.0,464.0,"0,12108","0,02848","-0,99223","0,00829","0,05288","-0,99857",,,Valid,Valid,"233,6","100,7","516,9","292,1","99,6","514,7","296,7","115,5","296,4","126,9","0,5979","0,4100","0,5983","0,3907","0,5975","0,4293",thumbnail_grossTrial,thumbnail_grossTrial.png,1245.0,1080.0,337.0,0.0,798.0,692.0,Fixation,325.0,9.0,1077.0,443.0,"0,5937","0,4106",,
24067,4694752,1400443966039,Eye Tracker,Participant0058,17.09.2021,Participant0058,Recording4,17.09.2021,17.09.2021,14:48:45.713,12:48:45.713,64514,Timeline2,Tobii I-VT (Fixation),1.145.28180,1080,1920,"10,00",672559309.0,,,1078.0,444.0,1075.0,429.0,1080.0,460.0,"0,11752","0,03207","-0,99255","0,00772","0,05091","-0,99867",,,Valid,Valid,"233,5","100,7","516,9","292,0","99,7","514,6","294,7","117,4","296,0","125,9","0,5945","0,4115","0,5926","0,3971","0,5964","0,4259",thumbnail_grossTrial,thumbnail_grossTrial.png,1245.0,1080.0,337.0,0.0,798.0,692.0,Fixation,325.0,9.0,1077.0,443.0,"0,5937","0,4106",,
24068,4703092,1400443974379,Eye Tracker,Participant0058,17.09.2021,Participant0058,Recording4,17.09.2021,17.09.2021,14:48:45.713,12:48:45.713,64514,Timeline2,Tobii I-VT (Fixation),1.145.28180,1080,1920,"10,00",672567648.0,,,1074.0,459.0,,,1074.0,459.0,,,,"0,00456","0,05021","-0,99873",,"3,93",Invalid,Valid,,,,"292,1","99,6","514,6",,,"294,4","125,5","0,5917","0,4246",,,"0,5917","0,4246",thumbnail_grossTrial,thumbnail_grossTrial.png,1245.0,1080.0,337.0,0.0,798.0,692.0,Fixation,325.0,9.0,1077.0,443.0,"0,5937","0,4106",,
24069,4711500,1400443982787,Eye Tracker,Participant0058,17.09.2021,Participant0058,Recording4,17.09.2021,17.09.2021,14:48:45.713,12:48:45.713,64514,Timeline2,Tobii I-VT (Fixation),1.145.28180,1080,1920,"10,00",672576056.0,,,1069.0,436.0,1070.0,426.0,1067.0,446.0,"0,11485","0,03039","-0,99292","0,00083","0,04319","-0,99907",,,Valid,Valid,"233,6","100,7","516,8","292,0","99,7","514,4","293,3","116,5","292,5","122,0","0,5873","0,4034","0,5886","0,3942","0,5860","0,4126",thumbnail_grossTrial,thumbnail_grossTrial.png,1245.0,1080.0,337.0,0.0,798.0,692.0,Fixation,325.0,9.0,1077.0,443.0,"0,5937","0,4106",,
24070,4719784,1400443991071,Eye Tracker,Participant0058,17.09.2021,Participant0058,Recording4,17.09.2021,17.09.2021,14:48:45.713,12:48:45.713,64514,Timeline2,Tobii I-VT (Fixation),1.145.28180,1080,1920,"10,00",672584340.0,,,1077.0,428.0,1082.0,414.0,1073.0,443.0,"0,12126","0,02408","-0,99233","0,00383","0,04164","-0,99913",,,Valid,Valid,"233,5","100,7","516,8","292,0","99,7","514,4","296,6","113,2","294,0","121,2","0,5943","0,3966","0,5982","0,3831","0,5904","0,4100",thumbnail_grossTrial,thumbnail_grossTrial.png,1245.0,1080.0,337.0,0.0,798.0,692.0,Fixation,325.0,9.0,1077.0,443.0,"0,5937","0,4106",,
24071,4728145,1400443999432,Eye Tracker,Participant0058,17.09.2021,Participant0058,Recording4,17.09.2021,17.09.2021,14:48:45.713,12:48:45.713,64514,Timeline2,Tobii I-VT (Fixation),1.145.28180,1080,1920,"10,00",672592701.0,,,1077.0,443.0,,,1077.0,443.0,,,,"0,00634","0,04190","-0,99910",,"4,27",Invalid,Valid,,,,"292,0","99,7","514,4",,,"295,3","121,3","0,5943","0,4104",,,"0,5943","0,4104",thumbnail_grossTrial,thumbnail_grossTrial.png,1245.0,1080.0,337.0,0.0,798.0,692.0,Fixation,325.0,9.0,1077.0,443.0,"0,5937","0,4106",,
24072,4736442,1400444007729,Eye Tracker,Participant0058,17.09.2021,Participant0058,Recording4,17.09.2021,17.09.2021,14:48:45.713,12:48:45.713,64514,Timeline2,Tobii I-VT (Fixation),1.145.28180,1080,1920,"10,00",672600997.0,,,1083.0,430.0,1083.0,412.0,1083.0,448.0,"0,12140","0,02318","-0,99233","0,00915","0,04414","-0,99898",,,Valid,Valid,"233,6","100,7","516,8","292,0","99,8","514,2","296,8","112,8","296,7","122,5","0,5986","0,3981","0,5986","0,3816","0,5985","0,4145",thumbnail_grossTrial,thumbnail_grossTrial.png,1245.0,1080.0,337.0,0.0,798.0,692.0,Fixation,325.0,9.0,1077.0,443.0,"0,5937","0,4106",,
24073,4744778,1400444016065,Eye Tracker,Participant0058,17.09.2021,Participant0058,Recording4,17.09.2021,17.09.2021,14:48:45.713,12:48:45.713,64514,Timeline2,Tobii I-VT (Fixation),1.145.28180,1080,1920,"10,00",672609333.0,,,1077.0,435.0,1075.0,420.0,1079.0,450.0,"0,11753","0,02722","-0,99270","0,00752","0,04524","-0,99895",,,Valid,Valid,"233,5","100,7","516,8","292,0","99,8","514,2","294,7","114,9","295,8","123,1","0,5942","0,4026","0,5925","0,3886","0,5959","0,4165",thumbnail_grossTrial,thumbnail_grossTrial.png,1245.0,1080.0,337.0,0.0,798.0,692.0,Fixation,325.0,9.0,1077.0,443.0,"0,5937","0,4106",,
24074,4753093,1400444024380,Eye Tracker,Participant0058,17.09.2021,Participant0058,Recording4,17.09.2021,17.09.2021,14:48:45.713,12:48:45.713,64514,Timeline2,Tobii I-VT (Fixation),1.145.28180,1080,1920,"10,00",672617648.0,,,1076.0,452.0,,,1076.0,452.0,,,,"0,00539","0,04653","-0,99890",,"3,85",Invalid,Valid,,,,"292,0","99,8","514,2",,,"294,8","123,7","0,5929","0,4186",,,"0,5929","0,4186",thumbnail_grossTrial,thumbnail_grossTrial.png,1245.0,1080.0,337.0,0.0,798.0,692.0,Fixation,325.0,9.0,1077.0,443.0,"0,5937","0,4106",,
24075,4761420,1400444032707,Eye Tracker,Participant0058,17.09.2021,Participant0058,Recording4,17.09.2021,17.09.2021,14:48:45.713,12:48:45.713,64514,Timeline2,Tobii I-VT (Fixation),1.145.28180,1080,1920,"10,00",672625975.0,,,1075.0,440.0,1079.0,427.0,1072.0,454.0,"0,11942","0,03080","-0,99237","0,00331","0,04757","-0,99886",,,Valid,Valid,"233,6","100,7","516,8","292,0","99,8","514,2","295,8","116,7","293,7","124,3","0,5927","0,4078","0,5957","0,3950","0,5897","0,4206",thumbnail_grossTrial,thumbnail_grossTrial.png,1245.0,1080.0,337.0,0.0,798.0,692.0,Fixation,325.0,9.0,1077.0,443.0,"0,5937","0,4106",,
24076,4769824,1400444041111,Eye Tracker,Participant0058,17.09.2021,Participant0058,Recording4,17.09.2021,17.09.2021,14:48:45.713,12:48:45.713,64514,Timeline2,Tobii I-VT (Fixation),1.145.28180,1080,1920,"10,00",672634379.0,,,1081.0,440.0,1085.0,430.0,1077.0,451.0,"0,12250","0,03273","-0,99193","0,00626","0,04574","-0,99893",,,Valid,Valid,"233,5","100,7","516,9","292,0","99,8","514,2","297,4","117,7","295,2","123,4","0,5972","0,4079","0,6003","0,3983","0,5941","0,4174",thumbnail_grossTrial,thumbnail_grossTrial.png,1245.0,1080.0,337.0,0.0,798.0,692.0,Fixation,325.0,9.0,1077.0,443.0,"0,5937","0,4106",,
24077,4778116,1400444049403,Eye Tracker,Participant0058,17.09.2021,Participant0058,Recording4,17.09.2021,17.09.2021,14:48:45.713,12:48:45.713,64514,Timeline2,Tobii I-VT (Fixation),1.145.28180,1080,1920,"10,00",672642670.0,,,1082.0,449.0,1078.0,449.0,1086.0,449.0,"0,11894","0,04282","-0,99198","0,01076","0,04509","-0,99892","3,99","4,19",Valid,Valid,"233,6","100,6","516,9","292,0","99,8","514,2","295,5","122,9","297,6","123,0","0,5980","0,4160","0,5950","0,4158","0,6010","0,4161",thumbnail_grossTrial,thumbnail_grossTrial.png,1245.0,1080.0,337.0,0.0,798.0,692.0,Fixation,325.0,9.0,1077.0,443.0,"0,5937","0,4106",,
24078,4786410,1400444057697,Eye Tracker,Participant0058,17.09.2021,Participant0058,Recording4,17.09.2021,17.09.2021,14:48:45.713,12:48:45.713,64514,Timeline2,Tobii I-VT (Fixation),1.145.28180,1080,1920,"10,00",672650964.0,,,1078.0,447.0,1072.0,442.0,1084.0,451.0,"0,11583","0,03885","-0,99251","0,00999","0,04610","-0,99889",,,Valid,Valid,"233,6","100,7","517,0","292,0","99,8","514,2","293,9","120,9","297,2","123,6","0,5950","0,4135","0,5902","0,4090","0,5998","0,4180",thumbnail_grossTrial,thumbnail_grossTrial.png,1245.0,1080.0,337.0,0.0,798.0,692.0,Fixation,325.0,9.0,1077.0,443.0,"0,5937","0,4106",,
24079,4794742,1400444066029,Eye Tracker,Participant0058,17.09.2021,Participant0058,Recording4,17.09.2021,17.09.2021,14:48:45.713,12:48:45.713,64514,Timeline2,Tobii I-VT (Fixation),1.145.28180,1080,1920,"10,00",672659296.0,,,1076.0,446.0,1071.0,441.0,1080.0,452.0,"0,11506","0,03830","-0,99262","0,00803","0,04644","-0,99889",,,Valid,Valid,"233,5","100,6","517,0","292,0","99,8","514,3","293,4","120,6","296,1","123,7","0,5928","0,4132","0,5889","0,4079","0,5967","0,4186",thumbnail_grossTrial,thumbnail_grossTrial.png,1245.0,1080.0,337.0,0.0,798.0,692.0,Fixation,325.0,9.0,1077.0,443.0,"0,5937","0,4106",,
24080,4802198,1400444073485,Mouse,Participant0058,17.09.2021,Participant0058,Recording4,17.09.2021,17.09.2021,14:48:45.713,12:48:45.713,64514,Timeline2,Tobii I-VT (Fixation),1.145.28180,1080,1920,"10,00",,,,,,,,,,,,,,,,,,,,,,,,,,,,,,,,,,,,thumbnail_grossTrial,thumbnail_grossTrial.png,1245.0,1080.0,337.0,0.0,798.0,692.0,Fixation,325.0,9.0,1077.0,443.0,"0,5937","0,4106",-453.0,989.0
24081,4803115,1400444074402,Eye Tracker,Participant0058,17.09.2021,Participant0058,Recording4,17.09.2021,17.09.2021,14:48:45.713,12:48:45.713,64514,Timeline2,Tobii I-VT (Fixation),1.145.28180,1080,1920,"10,00",672667669.0,,,1073.0,449.0,1071.0,442.0,1074.0,456.0,"0,11541","0,03907","-0,99255","0,00436","0,04887","-0,99880","3,99","4,36",Valid,Valid,"233,5","100,5","517,1","292,0","99,7","514,4","293,7","120,9","294,3","124,9","0,5904","0,4158","0,5895","0,4090","0,5913","0,4226",thumbnail_grossTrial,thumbnail_grossTrial.png,1245.0,1080.0,337.0,0.0,798.0,692.0,Fixation,325.0,9.0,1077.0,443.0,"0,5937","0,4106",,
24082,4811433,1400444082720,Eye Tracker,Participant0058,17.09.2021,Participant0058,Recording4,17.09.2021,17.09.2021,14:48:45.713,12:48:45.713,64514,Timeline2,Tobii I-VT (Fixation),1.145.28180,1080,1920,"10,00",672675986.0,,,1074.0,448.0,1073.0,441.0,1075.0,454.0,"0,11628","0,03847","-0,99247","0,00509","0,04771","-0,99885",,,Valid,Valid,"233,5","100,6","517,2","292,0","99,8","514,4","294,1","120,6","294,7","124,3","0,5917","0,4144","0,5909","0,4081","0,5924","0,4207",thumbnail_grossTrial,thumbnail_grossTrial.png,1245.0,1080.0,337.0,0.0,798.0,692.0,Fixation,325.0,9.0,1077.0,443.0,"0,5937","0,4106",,
24083,4817221,1400444088508,Mouse,Participant0058,17.09.2021,Participant0058,Recording4,17.09.2021,17.09.2021,14:48:45.713,12:48:45.713,64514,Timeline2,Tobii I-VT (Fixation),1.145.28180,1080,1920,"10,00",,,,,,,,,,,,,,,,,,,,,,,,,,,,,,,,,,,,thumbnail_grossTrial,thumbnail_grossTrial.png,1245.0,1080.0,337.0,0.0,798.0,692.0,Fixation,325.0,9.0,1077.0,443.0,"0,5937","0,4106",-450.0,978.0
24084,4819793,1400444091080,Eye Tracker,Participant0058,17.09.2021,Participant0058,Recording4,17.09.2021,17.09.2021,14:48:45.713,12:48:45.713,64514,Timeline2,Tobii I-VT (Fixation),1.145.28180,1080,1920,"10,00",672684346.0,,,1076.0,447.0,1075.0,438.0,1076.0,456.0,"0,11741","0,03713","-0,99239","0,00571","0,04886","-0,99879",,,Valid,Valid,"233,5","100,5","517,2","292,0","99,7","514,5","294,7","119,9","294,9","124,9","0,5928","0,4141","0,5925","0,4056","0,5932","0,4226",thumbnail_grossTrial,thumbnail_grossTrial.png,1245.0,1080.0,337.0,0.0,798.0,692.0,Fixation,325.0,9.0,1077.0,443.0,"0,5937","0,4106",,
24085,4828072,1400444099359,Eye Tracker,Participant0058,17.09.2021,Participant0058,Recording4,17.09.2021,17.09.2021,14:48:45.713,12:48:45.713,64514,Timeline2,Tobii I-VT (Fixation),1.145.28180,1080,1920,"10,00",672692625.0,,,1080.0,448.0,1079.0,441.0,1081.0,456.0,"0,11948","0,03865","-0,99208","0,00808","0,04855","-0,99879","4,28","4,12",Valid,Valid,"233,5","100,5","517,3","292,0","99,7","514,6","295,8","120,6","296,2","124,7","0,5964","0,4149","0,5958","0,4081","0,5969","0,4218",thumbnail_grossTrial,thumbnail_grossTrial.png,1245.0,1080.0,337.0,0.0,798.0,692.0,Fixation,325.0,9.0,1077.0,443.0,"0,5937","0,4106",,
24086,4833388,1400444104675,Mouse,Participant0058,17.09.2021,Participant0058,Recording4,17.09.2021,17.09.2021,14:48:45.713,12:48:45.713,64514,Timeline2,Tobii I-VT (Fixation),1.145.28180,1080,1920,"10,00",,,,,,,,,,,,,,,,,,,,,,,,,,,,,,,,,,,,thumbnail_grossTrial,thumbnail_grossTrial.png,1245.0,1080.0,337.0,0.0,798.0,692.0,Fixation,325.0,9.0,1077.0,443.0,"0,5937","0,4106",-446.0,966.0
24087,4836404,1400444107691,Eye Tracker,Participant0058,17.09.2021,Participant0058,Recording4,17.09.2021,17.09.2021,14:48:45.713,12:48:45.713,64514,Timeline2,Tobii I-VT (Fixation),1.145.28180,1080,1920,"10,00",672700957.0,,,1081.0,451.0,1081.0,447.0,1081.0,454.0,"0,12025","0,04192","-0,99186","0,00801","0,04784","-0,99882",,,Valid,Valid,"233,6","100,5","517,3","292,0","99,7","514,6","296,3","122,4","296,2","124,3","0,5970","0,4173","0,5972","0,4140","0,5969","0,4207",thumbnail_grossTrial,thumbnail_grossTrial.png,1245.0,1080.0,337.0,0.0,798.0,692.0,Fixation,325.0,9.0,1077.0,443.0,"0,5937","0,4106",,
24088,4844736,1400444116023,Eye Tracker,Participant0058,17.09.2021,Participant0058,Recording4,17.09.2021,17.09.2021,14:48:45.713,12:48:45.713,64514,Timeline2,Tobii I-VT (Fixation),1.145.28180,1080,1920,"10,00",672709288.0,,,1079.0,455.0,1077.0,458.0,1082.0,451.0,"0,11834","0,04767","-0,99183","0,00867","0,04615","-0,99890",,,Valid,Valid,"233,5","100,5","517,4","292,0","99,7","514,6","295,2","125,3","296,5","123,4","0,5959","0,4209","0,5941","0,4241","0,5977","0,4177",thumbnail_grossTrial,thumbnail_grossTrial.png,1245.0,1080.0,337.0,0.0,798.0,692.0,Fixation,325.0,9.0,1077.0,443.0,"0,5937","0,4106",,
24089,4849521,1400444120808,Mouse,Participant0058,17.09.2021,Participant0058,Recording4,17.09.2021,17.09.2021,14:48:45.713,12:48:45.713,64514,Timeline2,Tobii I-VT (Fixation),1.145.28180,1080,1920,"10,00",,,,,,,,,,,,,,,,,,,,,,,,,,,,,,,,,,,,thumbnail_grossTrial,thumbnail_grossTrial.png,1245.0,1080.0,337.0,0.0,798.0,692.0,Fixation,325.0,9.0,1077.0,443.0,"0,5937","0,4106",-445.0,950.0
24090,4853070,1400444124357,Eye Tracker,Participant0058,17.09.2021,Participant0058,Recording4,17.09.2021,17.09.2021,14:48:45.713,12:48:45.713,64514,Timeline2,Tobii I-VT (Fixation),1.145.28180,1080,1920,"10,00",672717622.0,,,1074.0,454.0,1070.0,456.0,1079.0,451.0,"0,11445","0,04686","-0,99232","0,00702","0,04650","-0,99889","3,93","4,26",Valid,Valid,"233,5","100,4","517,5","292,1","99,6","514,7","293,2","124,8","295,7","123,5","0,5918","0,4202","0,5882","0,4224","0,5954","0,4180",thumbnail_grossTrial,thumbnail_grossTrial.png,1245.0,1080.0,337.0,0.0,798.0,692.0,Fixation,325.0,9.0,1077.0,443.0,"0,5937","0,4106",,
24091,4861401,1400444132688,Eye Tracker,Participant0058,17.09.2021,Participant0058,Recording4,17.09.2021,17.09.2021,14:48:45.713,12:48:45.713,64514,Timeline2,Tobii I-VT (Fixation),1.145.28180,1080,1920,"10,00",672725953.0,,,1076.0,460.0,1075.0,463.0,1078.0,457.0,"0,11688","0,05008","-0,99188","0,00654","0,04957","-0,99875",,,Valid,Valid,"233,6","100,5","517,5","292,1","99,6","514,7","294,5","126,6","295,4","125,2","0,5934","0,4259","0,5921","0,4283","0,5947","0,4235",thumbnail_grossTrial,thumbnail_grossTrial.png,1245.0,1080.0,337.0,0.0,798.0,692.0,Fixation,325.0,9.0,1077.0,443.0,"0,5937","0,4106",,
24092,4865111,1400444136398,Mouse,Participant0058,17.09.2021,Participant0058,Recording4,17.09.2021,17.09.2021,14:48:45.713,12:48:45.713,64514,Timeline2,Tobii I-VT (Fixation),1.145.28180,1080,1920,"10,00",,,,,,,,,,,,,,,,,,,,,,,,,,,,,,,,,,,,thumbnail_grossTrial,thumbnail_grossTrial.png,1245.0,1080.0,337.0,0.0,798.0,692.0,Fixation,325.0,9.0,1077.0,443.0,"0,5937","0,4106",-444.0,940.0
24093,4869750,1400444141037,Eye Tracker,Participant0058,17.09.2021,Participant0058,Recording4,17.09.2021,17.09.2021,14:48:45.713,12:48:45.713,64514,Timeline2,Tobii I-VT (Fixation),1.145.28180,1080,1920,"10,00",672734302.0,,,1078.0,457.0,1077.0,459.0,1080.0,454.0,"0,11801","0,04827","-0,99184","0,00760","0,04798","-0,99882",,,Valid,Valid,"233,5","100,4","517,5","292,0","99,6","514,7","295,1","125,6","296,0","124,3","0,5949","0,4228","0,5937","0,4250","0,5962","0,4207",thumbnail_grossTrial,thumbnail_grossTrial.png,1245.0,1080.0,337.0,0.0,798.0,692.0,Fixation,325.0,9.0,1077.0,443.0,"0,5937","0,4106",,
24094,4878111,1400444149398,Eye Tracker,Participant0058,17.09.2021,Participant0058,Recording4,17.09.2021,17.09.2021,14:48:45.713,12:48:45.713,64514,Timeline2,Tobii I-VT (Fixation),1.145.28180,1080,1920,"10,00",672742662.0,,,1082.0,458.0,1080.0,460.0,1084.0,457.0,"0,11954","0,04879","-0,99163","0,00949","0,04953","-0,99873","3,89","4,04",Valid,Valid,"233,5","100,3","517,5","292,1","99,5","514,8","295,9","125,8","297,0","125,1","0,5977","0,4244","0,5962","0,4257","0,5992","0,4231",thumbnail_grossTrial,thumbnail_grossTrial.png,1245.0,1080.0,337.0,0.0,798.0,692.0,Fixation,325.0,9.0,1077.0,443.0,"0,5937","0,4106",,
24095,4881301,1400444152588,Mouse,Participant0058,17.09.2021,Participant0058,Recording4,17.09.2021,17.09.2021,14:48:45.713,12:48:45.713,64514,Timeline2,Tobii I-VT (Fixation),1.145.28180,1080,1920,"10,00",,,,,,,,,,,,,,,,,,,,,,,,,,,,,,,,,,,,thumbnail_grossTrial,thumbnail_grossTrial.png,1245.0,1080.0,337.0,0.0,798.0,692.0,Fixation,325.0,9.0,1077.0,443.0,"0,5937","0,4106",-444.0,934.0
24096,4886424,1400444157711,Eye Tracker,Participant0058,17.09.2021,Participant0058,Recording4,17.09.2021,17.09.2021,14:48:45.713,12:48:45.713,64514,Timeline2,Tobii I-VT (Fixation),1.145.28180,1080,1920,"10,00",672750975.0,,,1080.0,453.0,1075.0,451.0,1086.0,454.0,"0,11703","0,04419","-0,99214","0,01076","0,04798","-0,99879",,,Valid,Valid,"233,5","100,4","517,5","292,1","99,6","514,7","294,6","123,5","297,6","124,3","0,5967","0,4192","0,5922","0,4177","0,6011","0,4206",thumbnail_grossTrial,thumbnail_grossTrial.png,1245.0,1080.0,337.0,0.0,798.0,692.0,Fixation,325.0,9.0,1077.0,443.0,"0,5937","0,4106",,
24097,4894770,1400444166057,Eye Tracker,Participant0058,17.09.2021,Participant0058,Recording4,17.09.2021,17.09.2021,14:48:45.713,12:48:45.713,64514,Timeline2,Tobii I-VT (Fixation),1.145.28180,1080,1920,"10,00",672759321.0,,,1077.0,455.0,1070.0,452.0,1084.0,459.0,"0,11452","0,04454","-0,99242","0,00978","0,05051","-0,99868",,,Valid,Valid,"233,5","100,4","517,6","292,0","99,6","514,7","293,2","123,6","297,1","125,6","0,5938","0,4217","0,5882","0,4183","0,5995","0,4251",thumbnail_grossTrial,thumbnail_grossTrial.png,1245.0,1080.0,337.0,0.0,798.0,692.0,Fixation,325.0,9.0,1077.0,443.0,"0,5937","0,4106",,
24098,4903066,1400444174353,Eye Tracker,Participant0058,17.09.2021,Participant0058,Recording4,17.09.2021,17.09.2021,14:48:45.713,12:48:45.713,64514,Timeline2,Tobii I-VT (Fixation),1.145.28180,1080,1920,"10,00",672767617.0,,,1076.0,453.0,1076.0,448.0,1076.0,457.0,"0,11768","0,04258","-0,99214","0,00577","0,04980","-0,99874","4,22","3,71",Valid,Valid,"233,5","100,3","517,6","292,1","99,5","514,8","294,9","122,5","295,0","125,2","0,5934","0,4191","0,5932","0,4146","0,5935","0,4236",thumbnail_grossTrial,thumbnail_grossTrial.png,1245.0,1080.0,337.0,0.0,798.0,692.0,Fixation,325.0,9.0,1077.0,443.0,"0,5937","0,4106",,
24099,4911399,1400444182686,Eye Tracker,Participant0058,17.09.2021,Participant0058,Recording4,17.09.2021,17.09.2021,14:48:45.713,12:48:45.713,64514,Timeline2,Tobii I-VT (Fixation),1.145.28180,1080,1920,"10,00",672775950.0,,,1077.0,454.0,1075.0,450.0,1080.0,458.0,"0,11721","0,04363","-0,99215","0,00762","0,04993","-0,99872",,,Valid,Valid,"233,5","100,4","517,6","292,0","99,6","514,7","294,7","123,2","295,9","125,3","0,5943","0,4204","0,5924","0,4168","0,5961","0,4241",thumbnail_grossTrial,thumbnail_grossTrial.png,1245.0,1080.0,337.0,0.0,798.0,692.0,Saccade,50.0,10.0,,,,,,
24100,4919741,1400444191028,Eye Tracker,Participant0058,17.09.2021,Participant0058,Recording4,17.09.2021,17.09.2021,14:48:45.713,12:48:45.713,64514,Timeline2,Tobii I-VT (Fixation),1.145.28180,1080,1920,"10,00",672784291.0,,,1048.0,482.0,,,1048.0,482.0,,,,"-0,00870","0,06245","-0,99801",,,Invalid,Valid,,,,"291,7","99,7","514,8",,,"287,2","131,9","0,5707","0,4463",,,"0,5707","0,4463",thumbnail_grossTrial,thumbnail_grossTrial.png,1245.0,1080.0,337.0,0.0,798.0,692.0,Saccade,50.0,10.0,,,,,,
24101,4928098,1400444199385,Eye Tracker,Participant0058,17.09.2021,Participant0058,Recording4,17.09.2021,17.09.2021,14:48:45.713,12:48:45.713,64514,Timeline2,Tobii I-VT (Fixation),1.145.28180,1080,1920,"10,00",672792648.0,,,1043.0,460.0,1063.0,433.0,1022.0,486.0,"0,11189","0,03439","-0,99312","-0,02214","0,06449","-0,99767","4,23","3,73",Valid,Valid,"233,1","100,5","518,0","291,5","99,8","514,8","291,5","118,4","280,1","133,1","0,5664","0,4255","0,5831","0,4008","0,5496","0,4502",thumbnail_grossTrial,thumbnail_grossTrial.png,1245.0,1080.0,337.0,0.0,798.0,692.0,Saccade,50.0,10.0,,,,,,
24102,4936489,1400444207776,Eye Tracker,Participant0058,17.09.2021,Participant0058,Recording4,17.09.2021,17.09.2021,14:48:45.713,12:48:45.713,64514,Timeline2,Tobii I-VT (Fixation),1.145.28180,1080,1920,"10,00",672801039.0,,,916.0,562.0,978.0,523.0,853.0,600.0,"0,06761","0,08154","-0,99437","-0,10998","0,12323","-0,98627",,,Valid,Valid,"232,9","100,6","518,1","291,2","100,0","514,8","268,1","143,1","233,8","164,3","0,4645","0,5200","0,5147","0,4842","0,4142","0,5558",thumbnail_grossTrial,thumbnail_grossTrial.png,1245.0,1080.0,337.0,0.0,798.0,692.0,Saccade,50.0,10.0,,,,,,
24103,4944798,1400444216085,Eye Tracker,Participant0058,17.09.2021,Participant0058,Recording4,17.09.2021,17.09.2021,14:48:45.713,12:48:45.713,64514,Timeline2,Tobii I-VT (Fixation),1.145.28180,1080,1920,"10,00",672809348.0,,,857.0,604.0,870.0,603.0,845.0,605.0,"0,01095","0,12320","-0,99232","-0,11413","0,12533","-0,98553",,,Valid,Valid,"232,7","100,7","518,1","291,1","100,0","514,7","238,4","165,0","231,5","165,5","0,4175","0,5591","0,4277","0,5582","0,4074","0,5599",thumbnail_grossTrial,thumbnail_grossTrial.png,1245.0,1080.0,337.0,0.0,798.0,692.0,Saccade,50.0,10.0,,,,,,
24104,4953092,1400444224379,Eye Tracker,Participant0058,17.09.2021,Participant0058,Recording4,17.09.2021,17.09.2021,14:48:45.713,12:48:45.713,64514,Timeline2,Tobii I-VT (Fixation),1.145.28180,1080,1920,"10,00",672817641.0,,,821.0,611.0,,,821.0,611.0,,,,"-0,12630","0,12847","-0,98364",,"3,73",Invalid,Valid,,,,"291,1","100,0","514,8",,,"225,0","167,2","0,3884","0,5658",,,"0,3884","0,5658",thumbnail_grossTrial,thumbnail_grossTrial.png,1245.0,1080.0,337.0,0.0,798.0,692.0,Saccade,50.0,10.0,,,,,,
24105,4961394,1400444232681,Eye Tracker,Participant0058,17.09.2021,Participant0058,Recording4,17.09.2021,17.09.2021,14:48:45.713,12:48:45.713,64514,Timeline2,Tobii I-VT (Fixation),1.145.28180,1080,1920,"10,00",672825943.0,,,831.0,623.0,855.0,612.0,807.0,633.0,"0,00304","0,12807","-0,99176","-0,13318","0,13986","-0,98117",,,Valid,Valid,"232,8","100,7","518,1","291,2","100,0","514,9","234,3","167,6","221,3","173,4","0,3966","0,5768","0,4157","0,5670","0,3775","0,5865",thumbnail_grossTrial,thumbnail_grossTrial.png,1245.0,1080.0,337.0,0.0,798.0,692.0,Unclassified,8.0,62.0,,,,,,
24106,4969805,1400444241092,Eye Tracker,Participant0058,17.09.2021,Participant0058,Recording4,17.09.2021,17.09.2021,14:48:45.713,12:48:45.713,64514,Timeline2,Tobii I-VT (Fixation),1.145.28180,1080,1920,"10,00",672834354.0,,,830.0,621.0,852.0,606.0,808.0,637.0,"0,00182","0,12457","-0,99221","-0,13261","0,14195","-0,98095",,,Valid,Valid,"232,7","100,7","518,1","291,2","99,9","515,0","233,6","165,7","221,6","174,4","0,3960","0,5755","0,4137","0,5607","0,3783","0,5902",thumbnail_grossTrial,thumbnail_grossTrial.png,1245.0,1080.0,337.0,0.0,798.0,692.0,Saccade,17.0,11.0,,,,,,
24107,4978126,1400444249413,Eye Tracker,Participant0058,17.09.2021,Participant0058,Recording4,17.09.2021,17.09.2021,14:48:45.713,12:48:45.713,64514,Timeline2,Tobii I-VT (Fixation),1.145.28180,1080,1920,"10,00",672842675.0,,,806.0,635.0,802.0,630.0,809.0,641.0,"-0,02444","0,13694","-0,99028","-0,13247","0,14403","-0,98067","4,00","3,67",Valid,Valid,"232,7","100,6","518,2","291,2","99,8","515,2","219,9","172,3","221,6","175,5","0,3760","0,5883","0,3735","0,5829","0,3785","0,5938",thumbnail_grossTrial,thumbnail_grossTrial.png,1245.0,1080.0,337.0,0.0,798.0,692.0,Saccade,17.0,11.0,,,,,,
24108,4986479,1400444257766,Eye Tracker,Participant0058,17.09.2021,Participant0058,Recording4,17.09.2021,17.09.2021,14:48:45.713,12:48:45.713,64514,Timeline2,Tobii I-VT (Fixation),1.145.28180,1080,1920,"10,00",672851027.0,,,805.0,639.0,804.0,633.0,806.0,646.0,"-0,02395","0,13887","-0,99002","-0,13368","0,14612","-0,98019",,,Valid,Valid,"232,8","100,6","518,1","291,2","99,9","515,1","220,2","173,3","221,0","176,7","0,3754","0,5921","0,3744","0,5864","0,3765","0,5978",thumbnail_grossTrial,thumbnail_grossTrial.png,1245.0,1080.0,337.0,0.0,798.0,692.0,Fixation,358.0,10.0,800.0,645.0,"0,3712","0,5968",,
24109,4994757,1400444266044,Eye Tracker,Participant0058,17.09.2021,Participant0058,Recording4,17.09.2021,17.09.2021,14:48:45.713,12:48:45.713,64514,Timeline2,Tobii I-VT (Fixation),1.145.28180,1080,1920,"10,00",672859305.0,,,815.0,650.0,829.0,653.0,801.0,648.0,"-0,01055","0,14892","-0,98879","-0,13634","0,14743","-0,97963",,,Valid,Valid,"232,7","100,6","518,1","291,2","99,8","515,2","227,2","178,7","219,5","177,4","0,3835","0,6023","0,3947","0,6045","0,3723","0,6001",thumbnail_grossTrial,thumbnail_grossTrial.png,1245.0,1080.0,337.0,0.0,798.0,692.0,Fixation,358.0,10.0,800.0,645.0,"0,3712","0,5968",,
24110,5003086,1400444274373,Eye Tracker,Participant0058,17.09.2021,Participant0058,Recording4,17.09.2021,17.09.2021,14:48:45.713,12:48:45.713,64514,Timeline2,Tobii I-VT (Fixation),1.145.28180,1080,1920,"10,00",672867634.0,,,798.0,651.0,795.0,654.0,802.0,648.0,"-0,02850","0,14925","-0,98839","-0,13573","0,14765","-0,97968","3,82","3,67",Valid,Valid,"232,7","100,6","518,2","291,2","99,7","515,4","217,8","178,8","219,8","177,4","0,3702","0,6027","0,3671","0,6051","0,3732","0,6003",thumbnail_grossTrial,thumbnail_grossTrial.png,1245.0,1080.0,337.0,0.0,798.0,692.0,Fixation,358.0,10.0,800.0,645.0,"0,3712","0,5968",,
24111,5011418,1400444282705,Eye Tracker,Participant0058,17.09.2021,Participant0058,Recording4,17.09.2021,17.09.2021,14:48:45.713,12:48:45.713,64514,Timeline2,Tobii I-VT (Fixation),1.145.28180,1080,1920,"10,00",672875966.0,,,800.0,651.0,803.0,657.0,797.0,645.0,"-0,02406","0,15093","-0,98825","-0,13822","0,14617","-0,97956",,,Valid,Valid,"232,7","100,6","518,2","291,2","99,7","515,6","220,1","179,8","218,5","176,6","0,3716","0,6029","0,3740","0,6082","0,3693","0,5976",thumbnail_grossTrial,thumbnail_grossTrial.png,1245.0,1080.0,337.0,0.0,798.0,692.0,Fixation,358.0,10.0,800.0,645.0,"0,3712","0,5968",,
24112,5019750,1400444291037,Eye Tracker,Participant0058,17.09.2021,Participant0058,Recording4,17.09.2021,17.09.2021,14:48:45.713,12:48:45.713,64514,Timeline2,Tobii I-VT (Fixation),1.145.28180,1080,1920,"10,00",672884297.0,,,801.0,649.0,803.0,654.0,800.0,643.0,"-0,02394","0,14976","-0,98843","-0,13689","0,14528","-0,97988",,,Valid,Valid,"232,6","100,6","518,3","291,3","99,5","516,0","220,1","179,1","219,2","176,0","0,3726","0,6008","0,3740","0,6060","0,3713","0,5956",thumbnail_grossTrial,thumbnail_grossTrial.png,1245.0,1080.0,337.0,0.0,798.0,692.0,Fixation,358.0,10.0,800.0,645.0,"0,3712","0,5968",,
24113,5028054,1400444299341,Eye Tracker,Participant0058,17.09.2021,Participant0058,Recording4,17.09.2021,17.09.2021,14:48:45.713,12:48:45.713,64514,Timeline2,Tobii I-VT (Fixation),1.145.28180,1080,1920,"10,00",672892601.0,,,804.0,651.0,806.0,649.0,803.0,652.0,"-0,02258","0,14694","-0,98889","-0,13500","0,15003","-0,97942","3,86","4,14",Valid,Valid,"232,7","100,6","518,4","291,3","99,4","516,3","220,8","177,6","220,1","178,5","0,3751","0,6023","0,3761","0,6008","0,3741","0,6038",thumbnail_grossTrial,thumbnail_grossTrial.png,1245.0,1080.0,337.0,0.0,798.0,692.0,Fixation,358.0,10.0,800.0,645.0,"0,3712","0,5968",,
24114,5036411,1400444307698,Eye Tracker,Participant0058,17.09.2021,Participant0058,Recording4,17.09.2021,17.09.2021,14:48:45.713,12:48:45.713,64514,Timeline2,Tobii I-VT (Fixation),1.145.28180,1080,1920,"10,00",672900958.0,,,802.0,650.0,797.0,645.0,807.0,655.0,"-0,02700","0,14512","-0,98905","-0,13329","0,15161","-0,97941",,,Valid,Valid,"232,7","100,6","518,3","291,3","99,3","516,6","218,6","176,6","221,0","179,2","0,3731","0,6020","0,3695","0,5976","0,3768","0,6065",thumbnail_grossTrial,thumbnail_grossTrial.png,1245.0,1080.0,337.0,0.0,798.0,692.0,Fixation,358.0,10.0,800.0,645.0,"0,3712","0,5968",,
24115,5044719,1400444316006,Eye Tracker,Participant0058,17.09.2021,Participant0058,Recording4,17.09.2021,17.09.2021,14:48:45.713,12:48:45.713,64514,Timeline2,Tobii I-VT (Fixation),1.145.28180,1080,1920,"10,00",672909266.0,,,803.0,643.0,794.0,634.0,811.0,652.0,"-0,02841","0,13939","-0,98983","-0,13106","0,15024","-0,97992",,,Valid,Valid,"232,6","100,6","518,4","291,3","99,1","517,0","217,7","173,6","222,2","178,4","0,3736","0,5954","0,3671","0,5872","0,3802","0,6036",thumbnail_grossTrial,thumbnail_grossTrial.png,1245.0,1080.0,337.0,0.0,798.0,692.0,Fixation,358.0,10.0,800.0,645.0,"0,3712","0,5968",,
24116,5053051,1400444324338,Eye Tracker,Participant0058,17.09.2021,Participant0058,Recording4,17.09.2021,17.09.2021,14:48:45.713,12:48:45.713,64514,Timeline2,Tobii I-VT (Fixation),1.145.28180,1080,1920,"10,00",672917598.0,,,800.0,636.0,794.0,634.0,805.0,639.0,"-0,02864","0,13917","-0,98985","-0,13419","0,14361","-0,98049","3,88","3,64",Valid,Valid,"232,7","100,5","518,4","291,4","99,0","517,4","217,7","173,4","220,6","174,7","0,3712","0,5890","0,3669","0,5868","0,3755","0,5912",thumbnail_grossTrial,thumbnail_grossTrial.png,1245.0,1080.0,337.0,0.0,798.0,692.0,Fixation,358.0,10.0,800.0,645.0,"0,3712","0,5968",,
24117,5061386,1400444332673,Eye Tracker,Participant0058,17.09.2021,Participant0058,Recording4,17.09.2021,17.09.2021,14:48:45.713,12:48:45.713,64514,Timeline2,Tobii I-VT (Fixation),1.145.28180,1080,1920,"10,00",672925932.0,,,796.0,634.0,791.0,633.0,801.0,635.0,"-0,03041","0,13893","-0,98984","-0,13647","0,14211","-0,98040",,,Valid,Valid,"232,7","100,6","518,4","291,5","98,8","517,7","216,8","173,3","219,4","173,9","0,3681","0,5874","0,3643","0,5865","0,3720","0,5883",thumbnail_grossTrial,thumbnail_grossTrial.png,1245.0,1080.0,337.0,0.0,798.0,692.0,Fixation,358.0,10.0,800.0,645.0,"0,3712","0,5968",,
24118,5069747,1400444341034,Eye Tracker,Participant0058,17.09.2021,Participant0058,Recording4,17.09.2021,17.09.2021,14:48:45.713,12:48:45.713,64514,Timeline2,Tobii I-VT (Fixation),1.145.28180,1080,1920,"10,00",672934293.0,,,794.0,641.0,792.0,644.0,797.0,639.0,"-0,02974","0,14414","-0,98911","-0,13807","0,14413","-0,97988",,,Valid,Valid,"232,6","100,6","518,4","291,5","98,7","518,1","217,0","176,1","218,5","174,9","0,3671","0,5938","0,3650","0,5958","0,3692","0,5917",thumbnail_grossTrial,thumbnail_grossTrial.png,1245.0,1080.0,337.0,0.0,798.0,692.0,Fixation,358.0,10.0,800.0,645.0,"0,3712","0,5968",,
24119,5078084,1400444349371,Eye Tracker,Participant0058,17.09.2021,Participant0058,Recording4,17.09.2021,17.09.2021,14:48:45.713,12:48:45.713,64514,Timeline2,Tobii I-VT (Fixation),1.145.28180,1080,1920,"10,00",672942630.0,,,795.0,642.0,794.0,642.0,796.0,641.0,"-0,02855","0,14356","-0,98923","-0,13864","0,14519","-0,97964","3,94","3,66",Valid,Valid,"232,7","100,6","518,4","291,5","98,5","518,5","217,7","175,8","218,1","175,4","0,3676","0,5940","0,3670","0,5947","0,3682","0,5933",thumbnail_grossTrial,thumbnail_grossTrial.png,1245.0,1080.0,337.0,0.0,798.0,692.0,Fixation,358.0,10.0,800.0,645.0,"0,3712","0,5968",,
24120,5086382,1400444357669,Eye Tracker,Participant0058,17.09.2021,Participant0058,Recording4,17.09.2021,17.09.2021,14:48:45.713,12:48:45.713,64514,Timeline2,Tobii I-VT (Fixation),1.145.28180,1080,1920,"10,00",672950928.0,,,800.0,641.0,802.0,644.0,797.0,638.0,"-0,02441","0,14430","-0,98923","-0,13791","0,14373","-0,97996",,,Valid,Valid,"232,7","100,6","518,3","291,6","98,4","518,7","219,9","176,2","218,6","174,5","0,3715","0,5933","0,3734","0,5962","0,3695","0,5904",thumbnail_grossTrial,thumbnail_grossTrial.png,1245.0,1080.0,337.0,0.0,798.0,692.0,Fixation,358.0,10.0,800.0,645.0,"0,3712","0,5968",,
24121,5094743,1400444366030,Eye Tracker,Participant0058,17.09.2021,Participant0058,Recording4,17.09.2021,17.09.2021,14:48:45.713,12:48:45.713,64514,Timeline2,Tobii I-VT (Fixation),1.145.28180,1080,1920,"10,00",672959288.0,,,799.0,635.0,798.0,639.0,800.0,632.0,"-0,02636","0,14164","-0,98957","-0,13676","0,14101","-0,98052",,,Valid,Valid,"232,6","100,6","518,2","291,5","98,3","519,0","218,8","174,8","219,1","172,9","0,3707","0,5882","0,3702","0,5914","0,3712","0,5851",thumbnail_grossTrial,thumbnail_grossTrial.png,1245.0,1080.0,337.0,0.0,798.0,692.0,Fixation,358.0,10.0,800.0,645.0,"0,3712","0,5968",,
24122,5103077,1400444374364,Eye Tracker,Participant0058,17.09.2021,Participant0058,Recording4,17.09.2021,17.09.2021,14:48:45.713,12:48:45.713,64514,Timeline2,Tobii I-VT (Fixation),1.145.28180,1080,1920,"10,00",672967622.0,,,800.0,638.0,800.0,645.0,799.0,631.0,"-0,02538","0,14482","-0,98913","-0,13692","0,14060","-0,98055","3,94","3,66",Valid,Valid,"232,6","100,6","518,1","291,6","98,2","519,3","219,3","176,5","219,1","172,6","0,3714","0,5906","0,3718","0,5972","0,3710","0,5841",thumbnail_grossTrial,thumbnail_grossTrial.png,1245.0,1080.0,337.0,0.0,798.0,692.0,Fixation,358.0,10.0,800.0,645.0,"0,3712","0,5968",,
24123,5111407,1400444382694,Eye Tracker,Participant0058,17.09.2021,Participant0058,Recording4,17.09.2021,17.09.2021,14:48:45.713,12:48:45.713,64514,Timeline2,Tobii I-VT (Fixation),1.145.28180,1080,1920,"10,00",672975952.0,,,795.0,641.0,795.0,646.0,795.0,635.0,"-0,02810","0,14541","-0,98897","-0,13894","0,14273","-0,97996",,,Valid,Valid,"232,7","100,7","518,0","291,6","98,2","519,3","218,0","176,9","218,0","173,8","0,3677","0,5932","0,3677","0,5984","0,3678","0,5880",thumbnail_grossTrial,thumbnail_grossTrial.png,1245.0,1080.0,337.0,0.0,798.0,692.0,Fixation,358.0,10.0,800.0,645.0,"0,3712","0,5968",,
24124,5119712,1400444390999,Eye Tracker,Participant0058,17.09.2021,Participant0058,Recording4,17.09.2021,17.09.2021,14:48:45.713,12:48:45.713,64514,Timeline2,Tobii I-VT (Fixation),1.145.28180,1080,1920,"10,00",672984257.0,,,797.0,644.0,799.0,652.0,794.0,635.0,"-0,02623","0,14848","-0,98857","-0,13924","0,14283","-0,97990",,,Valid,Valid,"232,6","100,7","517,8","291,6","98,1","519,4","218,9","178,5","217,7","173,8","0,3687","0,5961","0,3704","0,6040","0,3671","0,5882",thumbnail_grossTrial,thumbnail_grossTrial.png,1245.0,1080.0,337.0,0.0,798.0,692.0,Fixation,358.0,10.0,800.0,645.0,"0,3712","0,5968",,
24125,5128073,1400444399360,Eye Tracker,Participant0058,17.09.2021,Participant0058,Recording4,17.09.2021,17.09.2021,14:48:45.713,12:48:45.713,64514,Timeline2,Tobii I-VT (Fixation),1.145.28180,1080,1920,"10,00",672992617.0,,,798.0,640.0,798.0,646.0,797.0,634.0,"-0,02642","0,14497","-0,98908","-0,13815","0,14211","-0,98016","3,70","3,65",Valid,Valid,"232,6","100,8","517,8","291,6","98,1","519,5","218,8","176,7","218,4","173,4","0,3696","0,5922","0,3702","0,5977","0,3689","0,5867",thumbnail_grossTrial,thumbnail_grossTrial.png,1245.0,1080.0,337.0,0.0,798.0,692.0,Fixation,358.0,10.0,800.0,645.0,"0,3712","0,5968",,
24126,5136414,1400444407701,Eye Tracker,Participant0058,17.09.2021,Participant0058,Recording4,17.09.2021,17.09.2021,14:48:45.713,12:48:45.713,64514,Timeline2,Tobii I-VT (Fixation),1.145.28180,1080,1920,"10,00",673000958.0,,,802.0,644.0,819.0,647.0,784.0,642.0,"-0,01581","0,14576","-0,98919","-0,14459","0,14604","-0,97866",,,Valid,Valid,"232,7","100,9","517,6","291,6","98,1","519,4","224,4","177,1","214,9","175,6","0,3727","0,5967","0,3867","0,5993","0,3588","0,5942",thumbnail_grossTrial,thumbnail_grossTrial.png,1245.0,1080.0,337.0,0.0,798.0,692.0,Fixation,358.0,10.0,800.0,645.0,"0,3712","0,5968",,
24127,5144743,1400444416030,Eye Tracker,Participant0058,17.09.2021,Participant0058,Recording4,17.09.2021,17.09.2021,14:48:45.713,12:48:45.713,64514,Timeline2,Tobii I-VT (Fixation),1.145.28180,1080,1920,"10,00",673009287.0,,,805.0,647.0,825.0,650.0,785.0,643.0,"-0,01266","0,14712","-0,98904","-0,14388","0,14692","-0,97863",,,Valid,Valid,"232,7","100,9","517,4","291,6","98,1","519,4","226,0","177,9","215,2","176,1","0,3756","0,5988","0,3914","0,6018","0,3597","0,5958",thumbnail_grossTrial,thumbnail_grossTrial.png,1245.0,1080.0,337.0,0.0,798.0,692.0,Fixation,358.0,10.0,800.0,645.0,"0,3712","0,5968",,
24128,5153128,1400444424415,Eye Tracker,Participant0058,17.09.2021,Participant0058,Recording4,17.09.2021,17.09.2021,14:48:45.713,12:48:45.713,64514,Timeline2,Tobii I-VT (Fixation),1.145.28180,1080,1920,"10,00",673017672.0,,,778.0,648.0,786.0,647.0,770.0,649.0,"-0,03308","0,14545","-0,98881","-0,15157","0,14949","-0,97708","3,73","3,67",Valid,Valid,"232,7","100,9","517,4","291,6","98,1","519,4","215,4","177,0","211,1","177,6","0,3539","0,5999","0,3602","0,5990","0,3475","0,6008",thumbnail_grossTrial,thumbnail_grossTrial.png,1245.0,1080.0,337.0,0.0,798.0,692.0,Fixation,358.0,10.0,800.0,645.0,"0,3712","0,5968",,
24129,5161405,1400444432692,Eye Tracker,Participant0058,17.09.2021,Participant0058,Recording4,17.09.2021,17.09.2021,14:48:45.713,12:48:45.713,64514,Timeline2,Tobii I-VT (Fixation),1.145.28180,1080,1920,"10,00",673025949.0,,,795.0,641.0,792.0,648.0,797.0,634.0,"-0,02981","0,14586","-0,98886","-0,13803","0,14241","-0,98014",,,Valid,Valid,"232,8","101,0","517,2","291,7","98,2","519,3","217,2","177,3","218,5","173,6","0,3674","0,5936","0,3654","0,5999","0,3695","0,5874",thumbnail_grossTrial,thumbnail_grossTrial.png,1245.0,1080.0,337.0,0.0,798.0,692.0,Fixation,358.0,10.0,800.0,645.0,"0,3712","0,5968",,
24130,5169710,1400444440997,Eye Tracker,Participant0058,17.09.2021,Participant0058,Recording4,17.09.2021,17.09.2021,14:48:45.713,12:48:45.713,64514,Timeline2,Tobii I-VT (Fixation),1.145.28180,1080,1920,"10,00",673034253.0,,,787.0,638.0,787.0,642.0,786.0,634.0,"-0,03247","0,14268","-0,98924","-0,14351","0,14224","-0,97938",,,Valid,Valid,"232,7","101,0","517,1","291,6","98,2","519,2","215,7","175,6","215,5","173,6","0,3609","0,5908","0,3612","0,5942","0,3606","0,5873",thumbnail_grossTrial,thumbnail_grossTrial.png,1245.0,1080.0,337.0,0.0,798.0,692.0,Fixation,358.0,10.0,800.0,645.0,"0,3712","0,5968",,
24131,5178126,1400444449413,Eye Tracker,Participant0058,17.09.2021,Participant0058,Recording4,17.09.2021,17.09.2021,14:48:45.713,12:48:45.713,64514,Timeline2,Tobii I-VT (Fixation),1.145.28180,1080,1920,"10,00",673042669.0,,,791.0,638.0,796.0,643.0,787.0,634.0,"-0,02798","0,14325","-0,98929","-0,14337","0,14208","-0,97942","3,95","3,63",Valid,Valid,"232,7","101,1","517,0","291,7","98,2","519,2","218,1","175,9","215,6","173,5","0,3646","0,5911","0,3682","0,5952","0,3610","0,5870",thumbnail_grossTrial,thumbnail_grossTrial.png,1245.0,1080.0,337.0,0.0,798.0,692.0,Fixation,358.0,10.0,800.0,645.0,"0,3712","0,5968",,
24132,5186414,1400444457701,Eye Tracker,Participant0058,17.09.2021,Participant0058,Recording4,17.09.2021,17.09.2021,14:48:45.713,12:48:45.713,64514,Timeline2,Tobii I-VT (Fixation),1.145.28180,1080,1920,"10,00",673050957.0,,,796.0,641.0,804.0,649.0,788.0,632.0,"-0,02377","0,14618","-0,98897","-0,14299","0,14123","-0,97960",,,Valid,Valid,"232,8","101,1","516,9","291,7","98,2","519,1","220,3","177,5","215,9","173,1","0,3682","0,5931","0,3747","0,6007","0,3617","0,5856",thumbnail_grossTrial,thumbnail_grossTrial.png,1245.0,1080.0,337.0,0.0,798.0,692.0,Fixation,358.0,10.0,800.0,645.0,"0,3712","0,5968",,
24133,5194805,1400444466092,Eye Tracker,Participant0058,17.09.2021,Participant0058,Recording4,17.09.2021,17.09.2021,14:48:45.713,12:48:45.713,64514,Timeline2,Tobii I-VT (Fixation),1.145.28180,1080,1920,"10,00",673059348.0,,,798.0,642.0,802.0,652.0,794.0,633.0,"-0,02450","0,14770","-0,98873","-0,13987","0,14168","-0,97998",,,Valid,Valid,"232,7","101,1","516,8","291,6","98,3","519,0","219,9","178,3","217,5","173,3","0,3699","0,5949","0,3734","0,6034","0,3664","0,5864",thumbnail_grossTrial,thumbnail_grossTrial.png,1245.0,1080.0,337.0,0.0,798.0,692.0,Fixation,358.0,10.0,800.0,645.0,"0,3712","0,5968",,
24134,5203080,1400444474367,Eye Tracker,Participant0058,17.09.2021,Participant0058,Recording4,17.09.2021,17.09.2021,14:48:45.713,12:48:45.713,64514,Timeline2,Tobii I-VT (Fixation),1.145.28180,1080,1920,"10,00",673067622.0,,,800.0,648.0,800.0,649.0,799.0,647.0,"-0,02573","0,14642","-0,98889","-0,13693","0,14879","-0,97934","3,83","4,03",Valid,Valid,"232,7","101,1","516,8","291,6","98,3","519,0","219,3","177,7","219,1","177,1","0,3712","0,6002","0,3716","0,6011","0,3709","0,5993",thumbnail_grossTrial,thumbnail_grossTrial.png,1245.0,1080.0,337.0,0.0,798.0,692.0,Fixation,358.0,10.0,800.0,645.0,"0,3712","0,5968",,
24135,5211404,1400444482691,Eye Tracker,Participant0058,17.09.2021,Participant0058,Recording4,17.09.2021,17.09.2021,14:48:45.713,12:48:45.713,64514,Timeline2,Tobii I-VT (Fixation),1.145.28180,1080,1920,"10,00",673075946.0,,,804.0,651.0,805.0,652.0,803.0,651.0,"-0,02332","0,14763","-0,98877","-0,13503","0,15052","-0,97934",,,Valid,Valid,"232,7","101,2","516,7","291,6","98,3","518,8","220,6","178,3","220,1","178,1","0,3746","0,6029","0,3753","0,6034","0,3739","0,6024",thumbnail_grossTrial,thumbnail_grossTrial.png,1245.0,1080.0,337.0,0.0,798.0,692.0,Fixation,358.0,10.0,800.0,645.0,"0,3712","0,5968",,
24136,5219733,1400444491020,Eye Tracker,Participant0058,17.09.2021,Participant0058,Recording4,17.09.2021,17.09.2021,14:48:45.713,12:48:45.713,64514,Timeline2,Tobii I-VT (Fixation),1.145.28180,1080,1920,"10,00",673084275.0,,,805.0,648.0,802.0,655.0,807.0,641.0,"-0,02455","0,14940","-0,98847","-0,13278","0,14573","-0,98037",,,Valid,Valid,"232,7","101,2","516,7","291,5","98,3","518,8","219,8","179,3","221,3","175,5","0,3754","0,6001","0,3733","0,6065","0,3775","0,5937",thumbnail_grossTrial,thumbnail_grossTrial.png,1245.0,1080.0,337.0,0.0,798.0,692.0,Fixation,358.0,10.0,800.0,645.0,"0,3712","0,5968",,
24137,5228068,1400444499355,Eye Tracker,Participant0058,17.09.2021,Participant0058,Recording4,17.09.2021,17.09.2021,14:48:45.713,12:48:45.713,64514,Timeline2,Tobii I-VT (Fixation),1.145.28180,1080,1920,"10,00",673092610.0,,,790.0,651.0,807.0,655.0,774.0,646.0,"-0,02211","0,14964","-0,98849","-0,14988","0,14795","-0,97757","3,91","3,66",Valid,Valid,"232,7","101,1","516,8","291,6","98,3","518,8","221,2","179,4","212,1","176,8","0,3638","0,6026","0,3771","0,6069","0,3504","0,5983",thumbnail_grossTrial,thumbnail_grossTrial.png,1245.0,1080.0,337.0,0.0,798.0,692.0,Fixation,358.0,10.0,800.0,645.0,"0,3712","0,5968",,
24138,5236400,1400444507687,Eye Tracker,Participant0058,17.09.2021,Participant0058,Recording4,17.09.2021,17.09.2021,14:48:45.713,12:48:45.713,64514,Timeline2,Tobii I-VT (Fixation),1.145.28180,1080,1920,"10,00",673100941.0,,,800.0,640.0,802.0,656.0,799.0,624.0,"-0,02481","0,15015","-0,98835","-0,13737","0,13719","-0,98097",,,Valid,Valid,"232,8","101,2","516,7","291,6","98,4","518,7","219,8","179,7","219,0","170,9","0,3719","0,5930","0,3731","0,6078","0,3708","0,5782",thumbnail_grossTrial,thumbnail_grossTrial.png,1245.0,1080.0,337.0,0.0,798.0,692.0,Fixation,358.0,10.0,800.0,645.0,"0,3712","0,5968",,
24139,5244703,1400444515990,Eye Tracker,Participant0058,17.09.2021,Participant0058,Recording4,17.09.2021,17.09.2021,14:48:45.713,12:48:45.713,64514,Timeline2,Tobii I-VT (Fixation),1.145.28180,1080,1920,"10,00",673109244.0,,,799.0,647.0,806.0,655.0,792.0,638.0,"-0,02265","0,14951","-0,98850","-0,14047","0,14417","-0,97953",,,Valid,Valid,"232,7","101,2","516,7","291,6","98,4","518,7","220,9","179,3","217,2","174,7","0,3709","0,5989","0,3763","0,6067","0,3655","0,5911",thumbnail_grossTrial,thumbnail_grossTrial.png,1245.0,1080.0,337.0,0.0,798.0,692.0,Fixation,358.0,10.0,800.0,645.0,"0,3712","0,5968",,
24140,5253078,1400444524365,Eye Tracker,Participant0058,17.09.2021,Participant0058,Recording4,17.09.2021,17.09.2021,14:48:45.713,12:48:45.713,64514,Timeline2,Tobii I-VT (Fixation),1.145.28180,1080,1920,"10,00",673117619.0,,,800.0,649.0,807.0,659.0,793.0,640.0,"-0,02236","0,15156","-0,98820","-0,14046","0,14476","-0,97945","3,92","3,63",Valid,Valid,"232,8","101,1","516,8","291,6","98,4","518,7","221,1","180,4","217,3","175,0","0,3712","0,6013","0,3768","0,6103","0,3657","0,5922",thumbnail_grossTrial,thumbnail_grossTrial.png,1245.0,1080.0,337.0,0.0,798.0,692.0,Fixation,358.0,10.0,800.0,645.0,"0,3712","0,5968",,
24141,5261410,1400444532697,Eye Tracker,Participant0058,17.09.2021,Participant0058,Recording4,17.09.2021,17.09.2021,14:48:45.713,12:48:45.713,64514,Timeline2,Tobii I-VT (Fixation),1.145.28180,1080,1920,"10,00",673125951.0,,,802.0,649.0,806.0,655.0,799.0,644.0,"-0,02303","0,14927","-0,98853","-0,13714","0,14697","-0,97959",,,Valid,Valid,"232,8","101,2","516,7","291,7","98,4","518,5","220,8","179,2","219,1","176,2","0,3735","0,6013","0,3760","0,6063","0,3710","0,5962",thumbnail_grossTrial,thumbnail_grossTrial.png,1245.0,1080.0,337.0,0.0,798.0,692.0,Fixation,358.0,10.0,800.0,645.0,"0,3712","0,5968",,
24142,5269716,1400444541003,Eye Tracker,Participant0058,17.09.2021,Participant0058,Recording4,17.09.2021,17.09.2021,14:48:45.713,12:48:45.713,64514,Timeline2,Tobii I-VT (Fixation),1.145.28180,1080,1920,"10,00",673134256.0,,,801.0,647.0,804.0,658.0,799.0,636.0,"-0,02369","0,15070","-0,98830","-0,13754","0,14289","-0,98014",,,Valid,Valid,"232,8","101,1","516,8","291,6","98,4","518,5","220,4","179,9","218,8","174,0","0,3726","0,5988","0,3748","0,6088","0,3703","0,5889",thumbnail_grossTrial,thumbnail_grossTrial.png,1245.0,1080.0,337.0,0.0,798.0,692.0,Fixation,358.0,10.0,800.0,645.0,"0,3712","0,5968",,
24143,5278062,1400444549349,Eye Tracker,Participant0058,17.09.2021,Participant0058,Recording4,17.09.2021,17.09.2021,14:48:45.713,12:48:45.713,64514,Timeline2,Tobii I-VT (Fixation),1.145.28180,1080,1920,"10,00",673142602.0,,,801.0,656.0,823.0,662.0,779.0,650.0,"-0,01382","0,15282","-0,98816","-0,14738","0,14974","-0,97768","3,84","3,61",Valid,Valid,"232,8","101,1","516,8","291,6","98,4","518,5","225,5","181,0","213,5","177,9","0,3723","0,6072","0,3899","0,6126","0,3546","0,6018",thumbnail_grossTrial,thumbnail_grossTrial.png,1245.0,1080.0,337.0,0.0,798.0,692.0,Fixation,358.0,10.0,800.0,645.0,"0,3712","0,5968",,
24144,5286394,1400444557681,Eye Tracker,Participant0058,17.09.2021,Participant0058,Recording4,17.09.2021,17.09.2021,14:48:45.713,12:48:45.713,64514,Timeline2,Tobii I-VT (Fixation),1.145.28180,1080,1920,"10,00",673150934.0,,,800.0,655.0,823.0,662.0,777.0,649.0,"-0,01387","0,15276","-0,98817","-0,14815","0,14940","-0,97762",,,Valid,Valid,"232,8","101,2","516,8","291,6","98,5","518,4","225,5","181,0","213,1","177,7","0,3717","0,6069","0,3899","0,6126","0,3534","0,6013",thumbnail_grossTrial,thumbnail_grossTrial.png,1245.0,1080.0,337.0,0.0,798.0,692.0,Fixation,358.0,10.0,800.0,645.0,"0,3712","0,5968",,
24145,5294703,1400444565990,Eye Tracker,Participant0058,17.09.2021,Participant0058,Recording4,17.09.2021,17.09.2021,14:48:45.713,12:48:45.713,64514,Timeline2,Tobii I-VT (Fixation),1.145.28180,1080,1920,"10,00",673159243.0,,,793.0,648.0,809.0,646.0,777.0,649.0,"-0,02114","0,14464","-0,98926","-0,14801","0,14933","-0,97765",,,Valid,Valid,"232,7","101,1","516,9","291,6","98,5","518,4","221,7","176,7","213,1","177,7","0,3660","0,5996","0,3786","0,5979","0,3534","0,6013",thumbnail_grossTrial,thumbnail_grossTrial.png,1245.0,1080.0,337.0,0.0,798.0,692.0,Fixation,358.0,10.0,800.0,645.0,"0,3712","0,5968",,
24146,5303143,1400444574430,Eye Tracker,Participant0058,17.09.2021,Participant0058,Recording4,17.09.2021,17.09.2021,14:48:45.713,12:48:45.713,64514,Timeline2,Tobii I-VT (Fixation),1.145.28180,1080,1920,"10,00",673167683.0,,,803.0,642.0,807.0,642.0,799.0,641.0,"-0,02229","0,14264","-0,98952","-0,13705","0,14539","-0,97984","3,86","3,62",Valid,Valid,"232,7","101,1","517,0","291,6","98,6","518,4","221,1","175,7","219,1","175,5","0,3739","0,5940","0,3769","0,5944","0,3710","0,5937",thumbnail_grossTrial,thumbnail_grossTrial.png,1245.0,1080.0,337.0,0.0,798.0,692.0,Fixation,358.0,10.0,800.0,645.0,"0,3712","0,5968",,
24147,5311402,1400444582689,Eye Tracker,Participant0058,17.09.2021,Participant0058,Recording4,17.09.2021,17.09.2021,14:48:45.713,12:48:45.713,64514,Timeline2,Tobii I-VT (Fixation),1.145.28180,1080,1920,"10,00",673175941.0,,,805.0,642.0,815.0,645.0,794.0,638.0,"-0,01770","0,14403","-0,98942","-0,13991","0,14379","-0,97967",,,Valid,Valid,"232,7","101,2","517,0","291,6","98,6","518,3","223,5","176,5","217,6","174,7","0,3752","0,5941","0,3839","0,5970","0,3665","0,5912",thumbnail_grossTrial,thumbnail_grossTrial.png,1245.0,1080.0,337.0,0.0,798.0,692.0,Fixation,358.0,10.0,800.0,645.0,"0,3712","0,5968",,
24148,5319696,1400444590983,Eye Tracker,Participant0058,17.09.2021,Participant0058,Recording4,17.09.2021,17.09.2021,14:48:45.713,12:48:45.713,64514,Timeline2,Tobii I-VT (Fixation),1.145.28180,1080,1920,"10,00",673184235.0,,,806.0,639.0,814.0,644.0,797.0,635.0,"-0,01832","0,14362","-0,98946","-0,13803","0,14186","-0,98022",,,Valid,Valid,"232,6","101,2","517,0","291,5","98,7","518,3","223,1","176,2","218,5","173,7","0,3760","0,5920","0,3827","0,5963","0,3693","0,5878",thumbnail_grossTrial,thumbnail_grossTrial.png,1245.0,1080.0,337.0,0.0,798.0,692.0,Fixation,358.0,10.0,800.0,645.0,"0,3712","0,5968",,
24149,5328042,1400444599329,Eye Tracker,Participant0058,17.09.2021,Participant0058,Recording4,17.09.2021,17.09.2021,14:48:45.713,12:48:45.713,64514,Timeline2,Tobii I-VT (Fixation),1.145.28180,1080,1920,"10,00",673192581.0,,,803.0,643.0,811.0,651.0,795.0,635.0,"-0,02000","0,14729","-0,98889","-0,13920","0,14203","-0,98003","3,73","3,60",Valid,Valid,"232,7","101,2","517,1","291,5","98,7","518,3","222,2","178,2","217,9","173,8","0,3738","0,5955","0,3802","0,6029","0,3675","0,5881",thumbnail_grossTrial,thumbnail_grossTrial.png,1245.0,1080.0,337.0,0.0,798.0,692.0,Fixation,358.0,10.0,800.0,645.0,"0,3712","0,5968",,
24150,5336374,1400444607661,Eye Tracker,Participant0058,17.09.2021,Participant0058,Recording4,17.09.2021,17.09.2021,14:48:45.713,12:48:45.713,64514,Timeline2,Tobii I-VT (Fixation),1.145.28180,1080,1920,"10,00",673200913.0,,,803.0,635.0,799.0,640.0,808.0,631.0,"-0,02643","0,14160","-0,98957","-0,13263","0,13999","-0,98123",,,Valid,Valid,"232,7","101,1","517,1","291,5","98,7","518,2","218,9","175,1","221,5","172,6","0,3743","0,5883","0,3705","0,5926","0,3780","0,5841",thumbnail_grossTrial,thumbnail_grossTrial.png,1245.0,1080.0,337.0,0.0,798.0,692.0,Fixation,358.0,10.0,800.0,645.0,"0,3712","0,5968",,
24151,5344723,1400444616010,Eye Tracker,Participant0058,17.09.2021,Participant0058,Recording4,17.09.2021,17.09.2021,14:48:45.713,12:48:45.713,64514,Timeline2,Tobii I-VT (Fixation),1.145.28180,1080,1920,"10,00",673209261.0,,,806.0,625.0,800.0,630.0,812.0,620.0,"-0,02583","0,13644","-0,99031","-0,13062","0,13463","-0,98225",,,Valid,Valid,"232,7","101,0","517,1","291,5","98,7","518,2","219,2","172,3","222,6","169,7","0,3763","0,5785","0,3713","0,5829","0,3813","0,5741",thumbnail_grossTrial,thumbnail_grossTrial.png,1245.0,1080.0,337.0,0.0,798.0,692.0,Saccade,33.0,12.0,,,,,,
24152,5353064,1400444624351,Eye Tracker,Participant0058,17.09.2021,Participant0058,Recording4,17.09.2021,17.09.2021,14:48:45.713,12:48:45.713,64514,Timeline2,Tobii I-VT (Fixation),1.145.28180,1080,1920,"10,00",673217602.0,,,836.0,593.0,846.0,586.0,825.0,599.0,"-0,00170","0,11434","-0,99344","-0,12409","0,12413","-0,98448","3,84","3,64",Valid,Valid,"232,8","101,0","517,2","291,5","98,6","518,1","231,9","160,5","226,2","163,9","0,4002","0,5488","0,4085","0,5430","0,3920","0,5546",thumbnail_grossTrial,thumbnail_grossTrial.png,1245.0,1080.0,337.0,0.0,798.0,692.0,Saccade,33.0,12.0,,,,,,
24153,5361459,1400444632746,Eye Tracker,Participant0058,17.09.2021,Participant0058,Recording4,17.09.2021,17.09.2021,14:48:45.713,12:48:45.713,64514,Timeline2,Tobii I-VT (Fixation),1.145.28180,1080,1920,"10,00",673225997.0,,,845.0,575.0,846.0,586.0,844.0,564.0,"-0,00181","0,11442","-0,99343","-0,11496","0,10653","-0,98764",,,Valid,Valid,"232,9","100,9","517,2","291,6","98,6","518,0","231,9","160,5","231,3","154,5","0,4077","0,5328","0,4086","0,5430","0,4068","0,5227",thumbnail_grossTrial,thumbnail_grossTrial.png,1245.0,1080.0,337.0,0.0,798.0,692.0,Saccade,33.0,12.0,,,,,,
24154,5369724,1400444641011,Eye Tracker,Participant0058,17.09.2021,Participant0058,Recording4,17.09.2021,17.09.2021,14:48:45.713,12:48:45.713,64514,Timeline2,Tobii I-VT (Fixation),1.145.28180,1080,1920,"10,00",673234262.0,,,853.0,550.0,854.0,550.0,852.0,550.0,"0,00251","0,09570","-0,99541","-0,11078","0,09889","-0,98891",,,Valid,Valid,"232,8","100,8","517,3","291,5","98,6","517,9","234,1","150,6","233,5","150,4","0,4142","0,5091","0,4151","0,5094","0,4133","0,5088",thumbnail_grossTrial,thumbnail_grossTrial.png,1245.0,1080.0,337.0,0.0,798.0,692.0,Saccade,33.0,12.0,,,,,,
24155,5378037,1400444649324,Eye Tracker,Participant0058,17.09.2021,Participant0058,Recording4,17.09.2021,17.09.2021,14:48:45.713,12:48:45.713,64514,Timeline2,Tobii I-VT (Fixation),1.145.28180,1080,1920,"10,00",673242574.0,,,863.0,542.0,868.0,540.0,859.0,543.0,"0,00946","0,09039","-0,99586","-0,10738","0,09571","-0,98960","3,94","3,63",Valid,Valid,"232,9","100,8","517,3","291,6","98,6","517,9","237,8","147,7","235,4","148,7","0,4223","0,5014","0,4258","0,4998","0,4188","0,5030",thumbnail_grossTrial,thumbnail_grossTrial.png,1245.0,1080.0,337.0,0.0,798.0,692.0,Fixation,175.0,11.0,861.0,546.0,"0,4201","0,5057",,
24156,5386359,1400444657646,Eye Tracker,Participant0058,17.09.2021,Participant0058,Recording4,17.09.2021,17.09.2021,14:48:45.713,12:48:45.713,64514,Timeline2,Tobii I-VT (Fixation),1.145.28180,1080,1920,"10,00",673250896.0,,,863.0,546.0,871.0,548.0,855.0,544.0,"0,01104","0,09460","-0,99545","-0,10953","0,09599","-0,98934",,,Valid,Valid,"232,9","100,8","517,2","291,6","98,6","517,8","238,6","149,9","234,3","148,8","0,4219","0,5054","0,4283","0,5073","0,4156","0,5035",thumbnail_grossTrial,thumbnail_grossTrial.png,1245.0,1080.0,337.0,0.0,798.0,692.0,Fixation,175.0,11.0,861.0,546.0,"0,4201","0,5057",,
24157,5394723,1400444666010,Eye Tracker,Participant0058,17.09.2021,Participant0058,Recording4,17.09.2021,17.09.2021,14:48:45.713,12:48:45.713,64514,Timeline2,Tobii I-VT (Fixation),1.145.28180,1080,1920,"10,00",673259260.0,,,860.0,549.0,872.0,552.0,849.0,547.0,"0,01162","0,09695","-0,99522","-0,11248","0,09746","-0,98886",,,Valid,Valid,"232,8","100,7","517,1","291,6","98,5","517,7","238,9","151,1","232,7","149,6","0,4199","0,5086","0,4290","0,5113","0,4108","0,5060",thumbnail_grossTrial,thumbnail_grossTrial.png,1245.0,1080.0,337.0,0.0,798.0,692.0,Fixation,175.0,11.0,861.0,546.0,"0,4201","0,5057",,
24158,5403065,1400444674352,Eye Tracker,Participant0058,17.09.2021,Participant0058,Recording4,17.09.2021,17.09.2021,14:48:45.713,12:48:45.713,64514,Timeline2,Tobii I-VT (Fixation),1.145.28180,1080,1920,"10,00",673267602.0,,,862.0,549.0,870.0,551.0,853.0,547.0,"0,01076","0,09621","-0,99530","-0,11053","0,09775","-0,98905","3,87","3,81",Valid,Valid,"232,9","100,7","517,1","291,6","98,5","517,7","238,5","150,7","233,8","149,7","0,4210","0,5081","0,4279","0,5097","0,4140","0,5064",thumbnail_grossTrial,thumbnail_grossTrial.png,1245.0,1080.0,337.0,0.0,798.0,692.0,Fixation,175.0,11.0,861.0,546.0,"0,4201","0,5057",,
24159,5411358,1400444682645,Eye Tracker,Participant0058,17.09.2021,Participant0058,Recording4,17.09.2021,17.09.2021,14:48:45.713,12:48:45.713,64514,Timeline2,Tobii I-VT (Fixation),1.145.28180,1080,1920,"10,00",673275894.0,,,862.0,546.0,871.0,548.0,854.0,544.0,"0,01106","0,09508","-0,99541","-0,11019","0,09623","-0,98924",,,Valid,Valid,"232,9","100,7","517,1","291,7","98,5","517,6","238,7","150,1","234,0","148,9","0,4216","0,5058","0,4285","0,5078","0,4148","0,5037",thumbnail_grossTrial,thumbnail_grossTrial.png,1245.0,1080.0,337.0,0.0,798.0,692.0,Fixation,175.0,11.0,861.0,546.0,"0,4201","0,5057",,
24160,5419715,1400444691002,Eye Tracker,Participant0058,17.09.2021,Participant0058,Recording4,17.09.2021,17.09.2021,14:48:45.713,12:48:45.713,64514,Timeline2,Tobii I-VT (Fixation),1.145.28180,1080,1920,"10,00",673284251.0,,,864.0,546.0,870.0,546.0,857.0,546.0,"0,01063","0,09412","-0,99550","-0,10831","0,09734","-0,98934",,,Valid,Valid,"232,9","100,6","517,1","291,6","98,5","517,5","238,4","149,5","235,0","149,4","0,4227","0,5058","0,4277","0,5059","0,4176","0,5056",thumbnail_grossTrial,thumbnail_grossTrial.png,1245.0,1080.0,337.0,0.0,798.0,692.0,Fixation,175.0,11.0,861.0,546.0,"0,4201","0,5057",,
24161,5428033,1400444699320,Eye Tracker,Participant0058,17.09.2021,Participant0058,Recording4,17.09.2021,17.09.2021,14:48:45.713,12:48:45.713,64514,Timeline2,Tobii I-VT (Fixation),1.145.28180,1080,1920,"10,00",673292569.0,,,862.0,548.0,871.0,551.0,853.0,545.0,"0,01113","0,09666","-0,99526","-0,11045","0,09703","-0,98913","3,92","3,63",Valid,Valid,"233,0","100,6","517,1","291,7","98,5","517,5","238,8","150,8","233,9","149,3","0,4216","0,5077","0,4286","0,5103","0,4145","0,5050",thumbnail_grossTrial,thumbnail_grossTrial.png,1245.0,1080.0,337.0,0.0,798.0,692.0,Fixation,175.0,11.0,861.0,546.0,"0,4201","0,5057",,
24162,5436354,1400444707641,Eye Tracker,Participant0058,17.09.2021,Participant0058,Recording4,17.09.2021,17.09.2021,14:48:45.713,12:48:45.713,64514,Timeline2,Tobii I-VT (Fixation),1.145.28180,1080,1920,"10,00",673300890.0,,,859.0,546.0,863.0,544.0,854.0,547.0,"0,00693","0,09296","-0,99565","-0,11017","0,09767","-0,98910",,,Valid,Valid,"233,0","100,7","517,0","291,7","98,6","517,4","236,6","148,9","234,1","149,6","0,4187","0,5051","0,4224","0,5039","0,4151","0,5063",thumbnail_grossTrial,thumbnail_grossTrial.png,1245.0,1080.0,337.0,0.0,798.0,692.0,Fixation,175.0,11.0,861.0,546.0,"0,4201","0,5057",,
24163,5444757,1400444716044,Eye Tracker,Participant0058,17.09.2021,Participant0058,Recording4,17.09.2021,17.09.2021,14:48:45.713,12:48:45.713,64514,Timeline2,Tobii I-VT (Fixation),1.145.28180,1080,1920,"10,00",673309293.0,,,856.0,544.0,860.0,547.0,851.0,541.0,"0,00534","0,09431","-0,99553","-0,11161","0,09462","-0,98924",,,Valid,Valid,"233,0","100,6","517,0","291,7","98,6","517,3","235,7","149,6","233,3","148,0","0,4163","0,5035","0,4198","0,5062","0,4128","0,5009",thumbnail_grossTrial,thumbnail_grossTrial.png,1245.0,1080.0,337.0,0.0,798.0,692.0,Fixation,175.0,11.0,861.0,546.0,"0,4201","0,5057",,
24164,5453030,1400444724317,Eye Tracker,Participant0058,17.09.2021,Participant0058,Recording4,17.09.2021,17.09.2021,14:48:45.713,12:48:45.713,64514,Timeline2,Tobii I-VT (Fixation),1.145.28180,1080,1920,"10,00",673317565.0,,,852.0,538.0,853.0,541.0,851.0,536.0,"0,00164","0,09126","-0,99583","-0,11189","0,09202","-0,98945","3,72","3,63",Valid,Valid,"233,0","100,6","517,1","291,7","98,6","517,3","233,9","148,0","233,2","146,7","0,4134","0,4985","0,4143","0,5007","0,4125","0,4962",thumbnail_grossTrial,thumbnail_grossTrial.png,1245.0,1080.0,337.0,0.0,798.0,692.0,Fixation,175.0,11.0,861.0,546.0,"0,4201","0,5057",,
24165,5461385,1400444732672,Eye Tracker,Participant0058,17.09.2021,Participant0058,Recording4,17.09.2021,17.09.2021,14:48:45.713,12:48:45.713,64514,Timeline2,Tobii I-VT (Fixation),1.145.28180,1080,1920,"10,00",673325920.0,,,855.0,540.0,860.0,547.0,849.0,533.0,"0,00536","0,09464","-0,99550","-0,11291","0,09041","-0,98948",,,Valid,Valid,"233,0","100,7","517,0","291,7","98,7","517,2","235,8","149,8","232,7","145,9","0,4155","0,5003","0,4200","0,5069","0,4110","0,4937",thumbnail_grossTrial,thumbnail_grossTrial.png,1245.0,1080.0,337.0,0.0,798.0,692.0,Fixation,175.0,11.0,861.0,546.0,"0,4201","0,5057",,
24166,5469684,1400444740971,Eye Tracker,Participant0058,17.09.2021,Participant0058,Recording4,17.09.2021,17.09.2021,14:48:45.713,12:48:45.713,64514,Timeline2,Tobii I-VT (Fixation),1.145.28180,1080,1920,"10,00",673334219.0,,,857.0,541.0,869.0,549.0,846.0,534.0,"0,01016","0,09529","-0,99540","-0,11463","0,09090","-0,98924",,,Valid,Valid,"232,9","100,7","517,0","291,7","98,7","517,2","238,2","150,2","231,7","146,2","0,4176","0,5014","0,4270","0,5081","0,4081","0,4947",thumbnail_grossTrial,thumbnail_grossTrial.png,1245.0,1080.0,337.0,0.0,798.0,692.0,Fixation,175.0,11.0,861.0,546.0,"0,4201","0,5057",,
24167,5478029,1400444749316,Eye Tracker,Participant0058,17.09.2021,Participant0058,Recording4,17.09.2021,17.09.2021,14:48:45.713,12:48:45.713,64514,Timeline2,Tobii I-VT (Fixation),1.145.28180,1080,1920,"10,00",673342564.0,,,845.0,534.0,,,845.0,534.0,,,,"-0,11467","0,09094","-0,98923",,"3,63",Invalid,Valid,,,,"291,7","98,7","517,2",,,"231,7","146,2","0,4080","0,4948",,,"0,4080","0,4948",thumbnail_grossTrial,thumbnail_grossTrial.png,1245.0,1080.0,337.0,0.0,798.0,692.0,Fixation,175.0,11.0,861.0,546.0,"0,4201","0,5057",,
24168,5486380,1400444757667,Eye Tracker,Participant0058,17.09.2021,Participant0058,Recording4,17.09.2021,17.09.2021,14:48:45.713,12:48:45.713,64514,Timeline2,Tobii I-VT (Fixation),1.145.28180,1080,1920,"10,00",673350914.0,,,853.0,546.0,855.0,554.0,850.0,539.0,"0,00284","0,09773","-0,99521","-0,11221","0,09332","-0,98929",,,Valid,Valid,"232,9","100,7","517,1","291,6","98,8","517,1","234,4","151,5","233,0","147,6","0,4139","0,5059","0,4159","0,5126","0,4118","0,4992",thumbnail_grossTrial,thumbnail_grossTrial.png,1245.0,1080.0,337.0,0.0,798.0,692.0,Fixation,175.0,11.0,861.0,546.0,"0,4201","0,5057",,
24169,5494776,1400444766063,Eye Tracker,Participant0058,17.09.2021,Participant0058,Recording4,17.09.2021,17.09.2021,14:48:45.713,12:48:45.713,64514,Timeline2,Tobii I-VT (Fixation),1.145.28180,1080,1920,"10,00",673359310.0,,,865.0,549.0,871.0,550.0,859.0,547.0,"0,01121","0,09600","-0,99532","-0,10730","0,09753","-0,98943",,,Valid,Valid,"232,8","100,7","517,1","291,5","98,8","517,1","238,7","150,6","235,5","149,7","0,4237","0,5081","0,4284","0,5095","0,4190","0,5067",thumbnail_grossTrial,thumbnail_grossTrial.png,1245.0,1080.0,337.0,0.0,798.0,692.0,Fixation,175.0,11.0,861.0,546.0,"0,4201","0,5057",,
24170,5503094,1400444774381,Eye Tracker,Participant0058,17.09.2021,Participant0058,Recording4,17.09.2021,17.09.2021,14:48:45.713,12:48:45.713,64514,Timeline2,Tobii I-VT (Fixation),1.145.28180,1080,1920,"10,00",673367628.0,,,868.0,554.0,877.0,556.0,860.0,551.0,"0,01428","0,09920","-0,99497","-0,10678","0,09942","-0,98930","3,93","3,66",Valid,Valid,"232,9","100,7","517,2","291,6","98,8","517,1","240,3","152,2","235,8","150,8","0,4265","0,5126","0,4331","0,5151","0,4199","0,5101",thumbnail_grossTrial,thumbnail_grossTrial.png,1245.0,1080.0,337.0,0.0,798.0,692.0,Fixation,175.0,11.0,861.0,546.0,"0,4201","0,5057",,
24171,5511346,1400444782633,Eye Tracker,Participant0058,17.09.2021,Participant0058,Recording4,17.09.2021,17.09.2021,14:48:45.713,12:48:45.713,64514,Timeline2,Tobii I-VT (Fixation),1.145.28180,1080,1920,"10,00",673375880.0,,,868.0,553.0,878.0,555.0,858.0,552.0,"0,01483","0,09828","-0,99505","-0,10800","0,09961","-0,98915",,,Valid,Valid,"232,9","100,7","517,2","291,6","98,9","517,0","240,6","151,8","235,1","150,9","0,4260","0,5121","0,4340","0,5136","0,4181","0,5107",thumbnail_grossTrial,thumbnail_grossTrial.png,1245.0,1080.0,337.0,0.0,798.0,692.0,Fixation,175.0,11.0,861.0,546.0,"0,4201","0,5057",,
24172,5519714,1400444791001,Eye Tracker,Participant0058,17.09.2021,Participant0058,Recording4,17.09.2021,17.09.2021,14:48:45.713,12:48:45.713,64514,Timeline2,Tobii I-VT (Fixation),1.145.28180,1080,1920,"10,00",673384247.0,,,868.0,547.0,875.0,553.0,861.0,540.0,"0,01332","0,09757","-0,99514","-0,10652","0,09349","-0,98991",,,Valid,Valid,"232,8","100,7","517,2","291,5","98,9","517,0","239,7","151,4","235,9","147,7","0,4259","0,5060","0,4315","0,5123","0,4203","0,4997",thumbnail_grossTrial,thumbnail_grossTrial.png,1245.0,1080.0,337.0,0.0,798.0,692.0,Fixation,175.0,11.0,861.0,546.0,"0,4201","0,5057",,
24173,5528027,1400444799314,Eye Tracker,Participant0058,17.09.2021,Participant0058,Recording4,17.09.2021,17.09.2021,14:48:45.713,12:48:45.713,64514,Timeline2,Tobii I-VT (Fixation),1.145.28180,1080,1920,"10,00",673392560.0,,,860.0,546.0,858.0,553.0,862.0,538.0,"0,00423","0,09767","-0,99521","-0,10573","0,09245","-0,99009","3,77","3,65",Valid,Valid,"232,9","100,7","517,3","291,6","98,9","517,0","235,1","151,5","236,4","147,2","0,4197","0,5052","0,4178","0,5124","0,4217","0,4979",thumbnail_grossTrial,thumbnail_grossTrial.png,1245.0,1080.0,337.0,0.0,798.0,692.0,Fixation,175.0,11.0,861.0,546.0,"0,4201","0,5057",,
24174,5536371,1400444807658,Eye Tracker,Participant0058,17.09.2021,Participant0058,Recording4,17.09.2021,17.09.2021,14:48:45.713,12:48:45.713,64514,Timeline2,Tobii I-VT (Fixation),1.145.28180,1080,1920,"10,00",673400904.0,,,865.0,546.0,866.0,552.0,864.0,540.0,"0,00854","0,09685","-0,99526","-0,10476","0,09332","-0,99011",,,Valid,Valid,"232,9","100,7","517,2","291,6","99,0","516,8","237,3","151,1","236,9","147,7","0,4239","0,5054","0,4245","0,5111","0,4233","0,4996",thumbnail_grossTrial,thumbnail_grossTrial.png,1245.0,1080.0,337.0,0.0,798.0,692.0,Fixation,175.0,11.0,861.0,546.0,"0,4201","0,5057",,
24175,5544760,1400444816047,Eye Tracker,Participant0058,17.09.2021,Participant0058,Recording4,17.09.2021,17.09.2021,14:48:45.713,12:48:45.713,64514,Timeline2,Tobii I-VT (Fixation),1.145.28180,1080,1920,"10,00",673409293.0,,,857.0,552.0,852.0,558.0,862.0,545.0,"0,00116","0,09999","-0,99499","-0,10605","0,09631","-0,98969",,,Valid,Valid,"232,9","100,7","517,3","291,6","99,0","516,8","233,5","152,7","236,2","149,3","0,4172","0,5108","0,4132","0,5166","0,4212","0,5050",thumbnail_grossTrial,thumbnail_grossTrial.png,1245.0,1080.0,337.0,0.0,798.0,692.0,Fixation,175.0,11.0,861.0,546.0,"0,4201","0,5057",,
24176,5553010,1400444824297,Eye Tracker,Participant0058,17.09.2021,Participant0058,Recording4,17.09.2021,17.09.2021,14:48:45.713,12:48:45.713,64514,Timeline2,Tobii I-VT (Fixation),1.145.28180,1080,1920,"10,00",673417542.0,,,841.0,550.0,845.0,557.0,836.0,543.0,"-0,00229","0,09956","-0,99503","-0,11937","0,09527","-0,98827","3,78","3,67",Valid,Valid,"232,9","100,6","517,3","291,6","98,9","516,8","231,7","152,4","229,2","148,7","0,4043","0,5094","0,4080","0,5156","0,4006","0,5032",thumbnail_grossTrial,thumbnail_grossTrial.png,1245.0,1080.0,337.0,0.0,798.0,692.0,Saccade,50.0,13.0,,,,,,
24177,5561372,1400444832659,Eye Tracker,Participant0058,17.09.2021,Participant0058,Recording4,17.09.2021,17.09.2021,14:48:45.713,12:48:45.713,64514,Timeline2,Tobii I-VT (Fixation),1.145.28180,1080,1920,"10,00",673425904.0,,,848.0,524.0,849.0,524.0,848.0,525.0,"-0,00058","0,08223","-0,99661","-0,11334","0,08561","-0,98986",,,Valid,Valid,"232,9","100,6","517,2","291,5","98,9","516,6","232,6","143,3","232,4","143,6","0,4102","0,4854","0,4105","0,4848","0,4099","0,4859",thumbnail_grossTrial,thumbnail_grossTrial.png,1245.0,1080.0,337.0,0.0,798.0,692.0,Saccade,50.0,13.0,,,,,,
24178,5569675,1400444840962,Eye Tracker,Participant0058,17.09.2021,Participant0058,Recording4,17.09.2021,17.09.2021,14:48:45.713,12:48:45.713,64514,Timeline2,Tobii I-VT (Fixation),1.145.28180,1080,1920,"10,00",673434207.0,,,820.0,487.0,817.0,492.0,823.0,481.0,"-0,01717","0,06592","-0,99768","-0,12607","0,06288","-0,99003",,,Valid,Valid,"232,7","100,5","517,2","291,3","98,9","516,6","223,8","134,7","225,5","131,7","0,3875","0,4507","0,3850","0,4558","0,3900","0,4456",thumbnail_grossTrial,thumbnail_grossTrial.png,1245.0,1080.0,337.0,0.0,798.0,692.0,Saccade,50.0,13.0,,,,,,
24179,5578049,1400444849336,Eye Tracker,Participant0058,17.09.2021,Participant0058,Recording4,17.09.2021,17.09.2021,14:48:45.713,12:48:45.713,64514,Timeline2,Tobii I-VT (Fixation),1.145.28180,1080,1920,"10,00",673442581.0,,,797.0,450.0,804.0,429.0,789.0,471.0,"-0,02372","0,03255","-0,99919","-0,14357","0,05734","-0,98798","3,88","3,94",Valid,Valid,"232,7","100,4","517,2","291,3","98,8","516,3","220,5","117,3","216,2","128,8","0,3689","0,4163","0,3751","0,3968","0,3627","0,4358",thumbnail_grossTrial,thumbnail_grossTrial.png,1245.0,1080.0,337.0,0.0,798.0,692.0,Saccade,50.0,13.0,,,,,,
24180,5586349,1400444857636,Eye Tracker,Participant0058,17.09.2021,Participant0058,Recording4,17.09.2021,17.09.2021,14:48:45.713,12:48:45.713,64514,Timeline2,Tobii I-VT (Fixation),1.145.28180,1080,1920,"10,00",673450881.0,,,799.0,420.0,804.0,428.0,794.0,412.0,"-0,02382","0,03247","-0,99919","-0,14099","0,02651","-0,98966",,,Valid,Valid,"232,8","100,5","517,1","291,3","98,9","516,2","220,5","117,3","217,7","112,7","0,3711","0,3891","0,3751","0,3967","0,3670","0,3814",thumbnail_grossTrial,thumbnail_grossTrial.png,1245.0,1080.0,337.0,0.0,798.0,692.0,Saccade,50.0,13.0,,,,,,
24181,5594677,1400444865964,Eye Tracker,Participant0058,17.09.2021,Participant0058,Recording4,17.09.2021,17.09.2021,14:48:45.713,12:48:45.713,64514,Timeline2,Tobii I-VT (Fixation),1.145.28180,1080,1920,"10,00",673459208.0,,,788.0,395.0,784.0,386.0,793.0,404.0,"-0,03433","0,00998","-0,99936","-0,14183","0,02217","-0,98964",,,Valid,Valid,"232,7","100,4","517,0","291,2","98,9","516,1","215,0","105,6","217,2","110,5","0,3622","0,3655","0,3589","0,3572","0,3655","0,3737",thumbnail_grossTrial,thumbnail_grossTrial.png,1245.0,1080.0,337.0,0.0,798.0,692.0,Saccade,50.0,13.0,,,,,,
24182,5603012,1400444874299,Eye Tracker,Participant0058,17.09.2021,Participant0058,Recording4,17.09.2021,17.09.2021,14:48:45.713,12:48:45.713,64514,Timeline2,Tobii I-VT (Fixation),1.145.28180,1080,1920,"10,00",673467543.0,,,776.0,398.0,780.0,377.0,772.0,418.0,"-0,03647","0,00519","-0,99932","-0,15240","0,02982","-0,98787","3,76","3,65",Valid,Valid,"232,7","100,4","516,9","291,2","98,9","515,8","213,9","103,1","211,6","114,5","0,3524","0,3682","0,3558","0,3489","0,3491","0,3875",thumbnail_grossTrial,thumbnail_grossTrial.png,1245.0,1080.0,337.0,0.0,798.0,692.0,Fixation,133.0,12.0,791.0,383.0,"0,3646","0,3549",,
24183,5611368,1400444882655,Eye Tracker,Participant0058,17.09.2021,Participant0058,Recording4,17.09.2021,17.09.2021,14:48:45.713,12:48:45.713,64514,Timeline2,Tobii I-VT (Fixation),1.145.28180,1080,1920,"10,00",673475899.0,,,791.0,379.0,788.0,379.0,794.0,379.0,"-0,03227","0,00611","-0,99946","-0,14111","0,00914","-0,98995",,,Valid,Valid,"232,8","100,5","516,8","291,2","99,0","515,8","216,1","103,7","217,7","103,8","0,3646","0,3510","0,3623","0,3508","0,3669","0,3511",thumbnail_grossTrial,thumbnail_grossTrial.png,1245.0,1080.0,337.0,0.0,798.0,692.0,Fixation,133.0,12.0,791.0,383.0,"0,3646","0,3549",,
24184,5619708,1400444890995,Eye Tracker,Participant0058,17.09.2021,Participant0058,Recording4,17.09.2021,17.09.2021,14:48:45.713,12:48:45.713,64514,Timeline2,Tobii I-VT (Fixation),1.145.28180,1080,1920,"10,00",673484239.0,,,785.0,383.0,783.0,383.0,788.0,383.0,"-0,03510","0,00854","-0,99935","-0,14437","0,01109","-0,98946",,,Valid,Valid,"232,7","100,5","516,8","291,2","99,0","515,8","214,5","104,9","215,9","104,8","0,3597","0,3547","0,3577","0,3549","0,3617","0,3545",thumbnail_grossTrial,thumbnail_grossTrial.png,1245.0,1080.0,337.0,0.0,798.0,692.0,Fixation,133.0,12.0,791.0,383.0,"0,3646","0,3549",,
24185,5628040,1400444899327,Eye Tracker,Participant0058,17.09.2021,Participant0058,Recording4,17.09.2021,17.09.2021,14:48:45.713,12:48:45.713,64514,Timeline2,Tobii I-VT (Fixation),1.145.28180,1080,1920,"10,00",673492570.0,,,786.0,384.0,781.0,386.0,791.0,382.0,"-0,03613","0,00985","-0,99930","-0,14293","0,01071","-0,98968","3,78","4,04",Valid,Valid,"232,7","100,4","516,7","291,2","98,9","515,9","214,0","105,5","216,7","104,5","0,3601","0,3552","0,3563","0,3570","0,3640","0,3534",thumbnail_grossTrial,thumbnail_grossTrial.png,1245.0,1080.0,337.0,0.0,798.0,692.0,Fixation,133.0,12.0,791.0,383.0,"0,3646","0,3549",,
24186,5636337,1400444907624,Eye Tracker,Participant0058,17.09.2021,Participant0058,Recording4,17.09.2021,17.09.2021,14:48:45.713,12:48:45.713,64514,Timeline2,Tobii I-VT (Fixation),1.145.28180,1080,1920,"10,00",673500867.0,,,791.0,390.0,789.0,396.0,792.0,383.0,"-0,03181","0,01525","-0,99938","-0,14246","0,01142","-0,98973",,,Valid,Valid,"232,8","100,5","516,6","291,2","98,9","515,8","216,4","108,4","217,0","104,9","0,3640","0,3608","0,3630","0,3667","0,3649","0,3548",thumbnail_grossTrial,thumbnail_grossTrial.png,1245.0,1080.0,337.0,0.0,798.0,692.0,Fixation,133.0,12.0,791.0,383.0,"0,3646","0,3549",,
24187,5644668,1400444915955,Eye Tracker,Participant0058,17.09.2021,Participant0058,Recording4,17.09.2021,17.09.2021,14:48:45.713,12:48:45.713,64514,Timeline2,Tobii I-VT (Fixation),1.145.28180,1080,1920,"10,00",673509198.0,,,790.0,398.0,790.0,411.0,791.0,384.0,"-0,03140","0,02315","-0,99924","-0,14300","0,01202","-0,98965",,,Valid,Valid,"232,7","100,5","516,6","291,2","98,9","515,9","216,5","112,5","216,7","105,2","0,3637","0,3682","0,3635","0,3805","0,3640","0,3558",thumbnail_grossTrial,thumbnail_grossTrial.png,1245.0,1080.0,337.0,0.0,798.0,692.0,Fixation,133.0,12.0,791.0,383.0,"0,3646","0,3549",,
24188,5653039,1400444924326,Eye Tracker,Participant0058,17.09.2021,Participant0058,Recording4,17.09.2021,17.09.2021,14:48:45.713,12:48:45.713,64514,Timeline2,Tobii I-VT (Fixation),1.145.28180,1080,1920,"10,00",673517569.0,,,792.0,394.0,796.0,405.0,788.0,383.0,"-0,02841","0,02023","-0,99939","-0,14457","0,01140","-0,98943","3,90","3,66",Valid,Valid,"232,8","100,5","516,5","291,3","98,8","515,9","218,1","110,9","215,9","104,8","0,3649","0,3649","0,3681","0,3753","0,3617","0,3544",thumbnail_grossTrial,thumbnail_grossTrial.png,1245.0,1080.0,337.0,0.0,798.0,692.0,Fixation,133.0,12.0,791.0,383.0,"0,3646","0,3549",,
24189,5661378,1400444932665,Eye Tracker,Participant0058,17.09.2021,Participant0058,Recording4,17.09.2021,17.09.2021,14:48:45.713,12:48:45.713,64514,Timeline2,Tobii I-VT (Fixation),1.145.28180,1080,1920,"10,00",673525907.0,,,798.0,390.0,801.0,407.0,796.0,373.0,"-0,02594","0,02073","-0,99945","-0,14034","0,00608","-0,99008",,,Valid,Valid,"232,8","100,6","516,4","291,3","98,9","515,8","219,4","111,3","218,2","102,0","0,3703","0,3609","0,3721","0,3765","0,3684","0,3452",thumbnail_grossTrial,thumbnail_grossTrial.png,1245.0,1080.0,337.0,0.0,798.0,692.0,Fixation,133.0,12.0,791.0,383.0,"0,3646","0,3549",,
24190,5669699,1400444940986,Eye Tracker,Participant0058,17.09.2021,Participant0058,Recording4,17.09.2021,17.09.2021,14:48:45.713,12:48:45.713,64514,Timeline2,Tobii I-VT (Fixation),1.145.28180,1080,1920,"10,00",673534228.0,,,800.0,382.0,801.0,405.0,799.0,359.0,"-0,02578","0,01997","-0,99947","-0,13884","-0,00102","-0,99031",,,Valid,Valid,"232,8","100,6","516,2","291,3","98,9","515,9","219,5","110,9","219,0","98,3","0,3714","0,3540","0,3721","0,3753","0,3706","0,3327",thumbnail_grossTrial,thumbnail_grossTrial.png,1245.0,1080.0,337.0,0.0,798.0,692.0,Fixation,133.0,12.0,791.0,383.0,"0,3646","0,3549",,
24191,5678009,1400444949296,Eye Tracker,Participant0058,17.09.2021,Participant0058,Recording4,17.09.2021,17.09.2021,14:48:45.713,12:48:45.713,64514,Timeline2,Tobii I-VT (Fixation),1.145.28180,1080,1920,"10,00",673542538.0,,,800.0,381.0,802.0,402.0,799.0,359.0,"-0,02542","0,01831","-0,99951","-0,13891","-0,00087","-0,99030","3,93","3,65",Valid,Valid,"232,8","100,6","516,2","291,3","98,8","515,9","219,7","110,1","218,9","98,3","0,3717","0,3526","0,3727","0,3725","0,3706","0,3327",thumbnail_grossTrial,thumbnail_grossTrial.png,1245.0,1080.0,337.0,0.0,798.0,692.0,Fixation,133.0,12.0,791.0,383.0,"0,3646","0,3549",,
24192,5686332,1400444957619,Eye Tracker,Participant0058,17.09.2021,Participant0058,Recording4,17.09.2021,17.09.2021,14:48:45.713,12:48:45.713,64514,Timeline2,Tobii I-VT (Fixation),1.145.28180,1080,1920,"10,00",673550861.0,,,784.0,391.0,789.0,394.0,780.0,387.0,"-0,03233","0,01395","-0,99938","-0,14872","0,01342","-0,98879",,,Valid,Valid,"232,8","100,7","515,9","291,3","98,9","515,9","216,1","108,0","213,7","105,9","0,3589","0,3617","0,3624","0,3652","0,3553","0,3582",thumbnail_grossTrial,thumbnail_grossTrial.png,1245.0,1080.0,337.0,0.0,798.0,692.0,Fixation,133.0,12.0,791.0,383.0,"0,3646","0,3549",,
24193,5694740,1400444966027,Eye Tracker,Participant0058,17.09.2021,Participant0058,Recording4,17.09.2021,17.09.2021,14:48:45.713,12:48:45.713,64514,Timeline2,Tobii I-VT (Fixation),1.145.28180,1080,1920,"10,00",673559268.0,,,787.0,371.0,784.0,373.0,790.0,369.0,"-0,03438","0,00242","-0,99941","-0,14326","0,00428","-0,98968",,,Valid,Valid,"232,7","100,8","515,8","291,3","98,9","515,9","215,0","102,1","216,6","101,1","0,3614","0,3436","0,3591","0,3453","0,3637","0,3420",thumbnail_grossTrial,thumbnail_grossTrial.png,1245.0,1080.0,337.0,0.0,798.0,692.0,Fixation,133.0,12.0,791.0,383.0,"0,3646","0,3549",,
24194,5703075,1400444974362,Eye Tracker,Participant0058,17.09.2021,Participant0058,Recording4,17.09.2021,17.09.2021,14:48:45.713,12:48:45.713,64514,Timeline2,Tobii I-VT (Fixation),1.145.28180,1080,1920,"10,00",673567603.0,,,788.0,374.0,784.0,379.0,792.0,370.0,"-0,03470","0,00565","-0,99938","-0,14255","0,00460","-0,98978","3,92","3,66",Valid,Valid,"232,8","100,8","515,7","291,3","98,8","515,9","214,9","103,7","217,0","101,2","0,3617","0,3467","0,3586","0,3510","0,3648","0,3423",thumbnail_grossTrial,thumbnail_grossTrial.png,1245.0,1080.0,337.0,0.0,798.0,692.0,Fixation,133.0,12.0,791.0,383.0,"0,3646","0,3549",,
24195,5711358,1400444982645,Eye Tracker,Participant0058,17.09.2021,Participant0058,Recording4,17.09.2021,17.09.2021,14:48:45.713,12:48:45.713,64514,Timeline2,Tobii I-VT (Fixation),1.145.28180,1080,1920,"10,00",673575886.0,,,791.0,377.0,792.0,382.0,791.0,372.0,"-0,03079","0,00668","-0,99950","-0,14302","0,00548","-0,98970",,,Valid,Valid,"232,8","101,0","515,5","291,3","98,9","515,9","216,9","104,4","216,7","101,7","0,3644","0,3487","0,3647","0,3533","0,3642","0,3442",thumbnail_grossTrial,thumbnail_grossTrial.png,1245.0,1080.0,337.0,0.0,798.0,692.0,Fixation,133.0,12.0,791.0,383.0,"0,3646","0,3549",,
24196,5719696,1400444990983,Eye Tracker,Participant0058,17.09.2021,Participant0058,Recording4,17.09.2021,17.09.2021,14:48:45.713,12:48:45.713,64514,Timeline2,Tobii I-VT (Fixation),1.145.28180,1080,1920,"10,00",673584224.0,,,794.0,373.0,798.0,372.0,790.0,375.0,"-0,02709","0,00140","-0,99963","-0,14350","0,00711","-0,98963",,,Valid,Valid,"232,7","101,0","515,4","291,2","98,9","516,0","218,8","101,7","216,4","102,6","0,3667","0,3456","0,3701","0,3442","0,3632","0,3470",thumbnail_grossTrial,thumbnail_grossTrial.png,1245.0,1080.0,337.0,0.0,798.0,692.0,Fixation,133.0,12.0,791.0,383.0,"0,3646","0,3549",,
24197,5728036,1400444999323,Eye Tracker,Participant0058,17.09.2021,Participant0058,Recording4,17.09.2021,17.09.2021,14:48:45.713,12:48:45.713,64514,Timeline2,Tobii I-VT (Fixation),1.145.28180,1080,1920,"10,00",673592564.0,,,797.0,376.0,799.0,374.0,796.0,379.0,"-0,02684","0,00237","-0,99964","-0,14029","0,00951","-0,99006","3,91","4,02",Valid,Valid,"232,8","101,0","515,3","291,3","98,8","516,0","218,9","102,2","218,2","103,7","0,3694","0,3485","0,3706","0,3459","0,3683","0,3510",thumbnail_grossTrial,thumbnail_grossTrial.png,1245.0,1080.0,337.0,0.0,798.0,692.0,Fixation,133.0,12.0,791.0,383.0,"0,3646","0,3549",,
24198,5736338,1400445007625,Eye Tracker,Participant0058,17.09.2021,Participant0058,Recording4,17.09.2021,17.09.2021,14:48:45.713,12:48:45.713,64514,Timeline2,Tobii I-VT (Fixation),1.145.28180,1080,1920,"10,00",673600865.0,,,800.0,380.0,803.0,377.0,796.0,383.0,"-0,02462","0,00392","-0,99969","-0,14013","0,01132","-0,99007",,,Valid,Valid,"232,8","101,2","515,1","291,3","98,9","516,0","220,1","103,2","218,3","104,8","0,3714","0,3518","0,3741","0,3491","0,3687","0,3545",thumbnail_grossTrial,thumbnail_grossTrial.png,1245.0,1080.0,337.0,0.0,798.0,692.0,Saccade,17.0,14.0,,,,,,
24199,5744678,1400445015965,Eye Tracker,Participant0058,17.09.2021,Participant0058,Recording4,17.09.2021,17.09.2021,14:48:45.713,12:48:45.713,64514,Timeline2,Tobii I-VT (Fixation),1.145.28180,1080,1920,"10,00",673609205.0,,,800.0,409.0,810.0,420.0,789.0,397.0,"-0,02068","0,02693","-0,99942","-0,14380","0,01894","-0,98943",,,Valid,Valid,"232,8","101,2","515,0","291,3","98,9","516,1","222,1","115,1","216,3","108,7","0,3713","0,3786","0,3799","0,3893","0,3628","0,3679",thumbnail_grossTrial,thumbnail_grossTrial.png,1245.0,1080.0,337.0,0.0,798.0,692.0,Saccade,17.0,14.0,,,,,,
24200,5753003,1400445024290,Eye Tracker,Participant0058,17.09.2021,Participant0058,Recording4,17.09.2021,17.09.2021,14:48:45.713,12:48:45.713,64514,Timeline2,Tobii I-VT (Fixation),1.145.28180,1080,1920,"10,00",673617530.0,,,799.0,409.0,808.0,419.0,790.0,399.0,"-0,02192","0,02629","-0,99941","-0,14353","0,02024","-0,98944","3,81","3,67",Valid,Valid,"232,8","101,2","515,0","291,3","98,7","516,1","221,5","114,7","216,4","109,3","0,3706","0,3789","0,3781","0,3882","0,3632","0,3697",thumbnail_grossTrial,thumbnail_grossTrial.png,1245.0,1080.0,337.0,0.0,798.0,692.0,Unclassified,17.0,63.0,,,,,,
24201,5761354,1400445032641,Eye Tracker,Participant0058,17.09.2021,Participant0058,Recording4,17.09.2021,17.09.2021,14:48:45.713,12:48:45.713,64514,Timeline2,Tobii I-VT (Fixation),1.145.28180,1080,1920,"10,00",673625881.0,,,800.0,413.0,808.0,419.0,792.0,407.0,"-0,02228","0,02595","-0,99942","-0,14241","0,02386","-0,98952",,,Valid,Valid,"232,9","101,3","514,9","291,4","98,9","516,1","221,4","114,7","217,1","111,3","0,3714","0,3823","0,3777","0,3880","0,3652","0,3766",thumbnail_grossTrial,thumbnail_grossTrial.png,1245.0,1080.0,337.0,0.0,798.0,692.0,Unclassified,17.0,63.0,,,,,,
24202,5769739,1400445041026,Eye Tracker,Participant0058,17.09.2021,Participant0058,Recording4,17.09.2021,17.09.2021,14:48:45.713,12:48:45.713,64514,Timeline2,Tobii I-VT (Fixation),1.145.28180,1080,1920,"10,00",673634265.0,,,797.0,385.0,796.0,378.0,797.0,391.0,"-0,02822","0,00438","-0,99959","-0,13985","0,01585","-0,99005",,,Valid,Valid,"232,8","101,3","514,8","291,3","98,8","516,1","218,2","103,5","218,4","107,1","0,3688","0,3564","0,3686","0,3503","0,3690","0,3624",thumbnail_grossTrial,thumbnail_grossTrial.png,1245.0,1080.0,337.0,0.0,798.0,692.0,Saccade,17.0,15.0,,,,,,
24203,5778003,1400445049290,Eye Tracker,Participant0058,17.09.2021,Participant0058,Recording4,17.09.2021,17.09.2021,14:48:45.713,12:48:45.713,64514,Timeline2,Tobii I-VT (Fixation),1.145.28180,1080,1920,"10,00",673642529.0,,,788.0,395.0,801.0,378.0,774.0,411.0,"-0,02564","0,00442","-0,99966","-0,15161","0,02652","-0,98808","4,02","4,01",Valid,Valid,"232,8","101,2","514,8","291,3","98,7","516,2","219,6","103,5","212,1","112,6","0,3616","0,3656","0,3725","0,3503","0,3506","0,3810",thumbnail_grossTrial,thumbnail_grossTrial.png,1245.0,1080.0,337.0,0.0,798.0,692.0,Saccade,17.0,15.0,,,,,,
24204,5786328,1400445057615,Eye Tracker,Participant0058,17.09.2021,Participant0058,Recording4,17.09.2021,17.09.2021,14:48:45.713,12:48:45.713,64514,Timeline2,Tobii I-VT (Fixation),1.145.28180,1080,1920,"10,00",673650854.0,,,798.0,373.0,796.0,379.0,800.0,367.0,"-0,02865","0,00453","-0,99958","-0,13859","0,00328","-0,99035",,,Valid,Valid,"232,8","101,3","514,7","291,4","98,8","516,1","218,1","103,7","219,1","100,5","0,3697","0,3454","0,3681","0,3507","0,3712","0,3401",thumbnail_grossTrial,thumbnail_grossTrial.png,1245.0,1080.0,337.0,0.0,798.0,692.0,Fixation,208.0,13.0,792.0,386.0,"0,3654","0,3577",,
24205,5794690,1400445065977,Eye Tracker,Participant0058,17.09.2021,Participant0058,Recording4,17.09.2021,17.09.2021,14:48:45.713,12:48:45.713,64514,Timeline2,Tobii I-VT (Fixation),1.145.28180,1080,1920,"10,00",673659216.0,,,793.0,376.0,790.0,380.0,796.0,371.0,"-0,03179","0,00505","-0,99948","-0,14006","0,00552","-0,99013",,,Valid,Valid,"232,8","101,3","514,7","291,3","98,8","516,2","216,4","103,9","218,3","101,7","0,3659","0,3477","0,3632","0,3515","0,3687","0,3440",thumbnail_grossTrial,thumbnail_grossTrial.png,1245.0,1080.0,337.0,0.0,798.0,692.0,Fixation,208.0,13.0,792.0,386.0,"0,3654","0,3577",,
24206,5803015,1400445074302,Eye Tracker,Participant0058,17.09.2021,Participant0058,Recording4,17.09.2021,17.09.2021,14:48:45.713,12:48:45.713,64514,Timeline2,Tobii I-VT (Fixation),1.145.28180,1080,1920,"10,00",673667540.0,,,791.0,373.0,789.0,374.0,794.0,372.0,"-0,03207","0,00193","-0,99948","-0,14150","0,00606","-0,98992","3,96","3,69",Valid,Valid,"232,8","101,2","514,7","291,3","98,7","516,1","216,3","102,2","217,5","101,9","0,3647","0,3453","0,3628","0,3459","0,3665","0,3447",thumbnail_grossTrial,thumbnail_grossTrial.png,1245.0,1080.0,337.0,0.0,798.0,692.0,Fixation,208.0,13.0,792.0,386.0,"0,3654","0,3577",,
24207,5811348,1400445082635,Eye Tracker,Participant0058,17.09.2021,Participant0058,Recording4,17.09.2021,17.09.2021,14:48:45.713,12:48:45.713,64514,Timeline2,Tobii I-VT (Fixation),1.145.28180,1080,1920,"10,00",673675873.0,,,792.0,385.0,794.0,386.0,789.0,383.0,"-0,02958","0,00830","-0,99953","-0,14399","0,01178","-0,98951",,,Valid,Valid,"232,8","101,3","514,6","291,3","98,8","516,0","217,6","105,6","216,3","104,9","0,3647","0,3561","0,3667","0,3572","0,3627","0,3551",thumbnail_grossTrial,thumbnail_grossTrial.png,1245.0,1080.0,337.0,0.0,798.0,692.0,Fixation,208.0,13.0,792.0,386.0,"0,3654","0,3577",,
24208,5819655,1400445090942,Eye Tracker,Participant0058,17.09.2021,Participant0058,Recording4,17.09.2021,17.09.2021,14:48:45.713,12:48:45.713,64514,Timeline2,Tobii I-VT (Fixation),1.145.28180,1080,1920,"10,00",673684180.0,,,789.0,390.0,793.0,387.0,786.0,392.0,"-0,03014","0,00914","-0,99950","-0,14554","0,01647","-0,98922",,,Valid,Valid,"232,8","101,3","514,6","291,3","98,8","516,0","217,2","106,0","215,4","107,4","0,3629","0,3609","0,3657","0,3585","0,3602","0,3633",thumbnail_grossTrial,thumbnail_grossTrial.png,1245.0,1080.0,337.0,0.0,798.0,692.0,Fixation,208.0,13.0,792.0,386.0,"0,3654","0,3577",,
24209,5828002,1400445099289,Eye Tracker,Participant0058,17.09.2021,Participant0058,Recording4,17.09.2021,17.09.2021,14:48:45.713,12:48:45.713,64514,Timeline2,Tobii I-VT (Fixation),1.145.28180,1080,1920,"10,00",673692527.0,,,788.0,388.0,792.0,383.0,785.0,393.0,"-0,03064","0,00701","-0,99951","-0,14602","0,01691","-0,98914","3,96","3,70",Valid,Valid,"232,8","101,2","514,7","291,3","98,7","515,9","217,0","104,8","215,2","107,6","0,3622","0,3593","0,3650","0,3547","0,3595","0,3640",thumbnail_grossTrial,thumbnail_grossTrial.png,1245.0,1080.0,337.0,0.0,798.0,692.0,Fixation,208.0,13.0,792.0,386.0,"0,3654","0,3577",,
24210,5836368,1400445107655,Eye Tracker,Participant0058,17.09.2021,Participant0058,Recording4,17.09.2021,17.09.2021,14:48:45.713,12:48:45.713,64514,Timeline2,Tobii I-VT (Fixation),1.145.28180,1080,1920,"10,00",673700892.0,,,787.0,381.0,793.0,382.0,782.0,380.0,"-0,03027","0,00628","-0,99952","-0,14785","0,00972","-0,98896",,,Valid,Valid,"232,9","101,3","514,6","291,4","98,9","515,8","217,3","104,5","214,3","103,9","0,3613","0,3526","0,3657","0,3536","0,3569","0,3516",thumbnail_grossTrial,thumbnail_grossTrial.png,1245.0,1080.0,337.0,0.0,798.0,692.0,Fixation,208.0,13.0,792.0,386.0,"0,3654","0,3577",,
24211,5844697,1400445115984,Eye Tracker,Participant0058,17.09.2021,Participant0058,Recording4,17.09.2021,17.09.2021,14:48:45.713,12:48:45.713,64514,Timeline2,Tobii I-VT (Fixation),1.145.28180,1080,1920,"10,00",673709221.0,,,787.0,379.0,789.0,388.0,784.0,371.0,"-0,03200","0,00964","-0,99944","-0,14639","0,00502","-0,98921",,,Valid,Valid,"232,8","101,2","514,6","291,3","98,9","515,8","216,3","106,2","215,0","101,5","0,3610","0,3513","0,3629","0,3593","0,3590","0,3434",thumbnail_grossTrial,thumbnail_grossTrial.png,1245.0,1080.0,337.0,0.0,798.0,692.0,Fixation,208.0,13.0,792.0,386.0,"0,3654","0,3577",,
24212,5853023,1400445124310,Eye Tracker,Participant0058,17.09.2021,Participant0058,Recording4,17.09.2021,17.09.2021,14:48:45.713,12:48:45.713,64514,Timeline2,Tobii I-VT (Fixation),1.145.28180,1080,1920,"10,00",673717547.0,,,791.0,383.0,791.0,391.0,790.0,376.0,"-0,03109","0,01123","-0,99945","-0,14338","0,00782","-0,98964","3,99","4,08",Valid,Valid,"232,8","101,2","514,6","291,3","98,8","515,7","216,8","107,0","216,6","102,9","0,3641","0,3550","0,3644","0,3619","0,3639","0,3482",thumbnail_grossTrial,thumbnail_grossTrial.png,1245.0,1080.0,337.0,0.0,798.0,692.0,Fixation,208.0,13.0,792.0,386.0,"0,3654","0,3577",,
24213,5861358,1400445132645,Eye Tracker,Participant0058,17.09.2021,Participant0058,Recording4,17.09.2021,17.09.2021,14:48:45.713,12:48:45.713,64514,Timeline2,Tobii I-VT (Fixation),1.145.28180,1080,1920,"10,00",673725882.0,,,790.0,385.0,786.0,388.0,795.0,382.0,"-0,03401","0,00933","-0,99938","-0,14116","0,01051","-0,98993",,,Valid,Valid,"232,9","101,2","514,6","291,4","98,9","515,6","215,4","106,1","217,9","104,4","0,3638","0,3560","0,3602","0,3588","0,3675","0,3533",thumbnail_grossTrial,thumbnail_grossTrial.png,1245.0,1080.0,337.0,0.0,798.0,692.0,Fixation,208.0,13.0,792.0,386.0,"0,3654","0,3577",,
24214,5869678,1400445140965,Eye Tracker,Participant0058,17.09.2021,Participant0058,Recording4,17.09.2021,17.09.2021,14:48:45.713,12:48:45.713,64514,Timeline2,Tobii I-VT (Fixation),1.145.28180,1080,1920,"10,00",673734202.0,,,793.0,383.0,789.0,387.0,798.0,380.0,"-0,03244","0,00917","-0,99943","-0,13947","0,00942","-0,99018",,,Valid,Valid,"232,8","101,2","514,6","291,3","99,0","515,5","216,1","106,0","218,7","103,9","0,3662","0,3550","0,3624","0,3585","0,3700","0,3515",thumbnail_grossTrial,thumbnail_grossTrial.png,1245.0,1080.0,337.0,0.0,798.0,692.0,Fixation,208.0,13.0,792.0,386.0,"0,3654","0,3577",,
24215,5877993,1400445149280,Eye Tracker,Participant0058,17.09.2021,Participant0058,Recording4,17.09.2021,17.09.2021,14:48:45.713,12:48:45.713,64514,Timeline2,Tobii I-VT (Fixation),1.145.28180,1080,1920,"10,00",673742516.0,,,791.0,384.0,787.0,389.0,794.0,378.0,"-0,03324","0,01032","-0,99939","-0,14169","0,00859","-0,98987","4,06","3,73",Valid,Valid,"232,8","101,2","514,6","291,4","98,9","515,4","215,7","106,5","217,6","103,4","0,3639","0,3551","0,3612","0,3604","0,3666","0,3499",thumbnail_grossTrial,thumbnail_grossTrial.png,1245.0,1080.0,337.0,0.0,798.0,692.0,Fixation,208.0,13.0,792.0,386.0,"0,3654","0,3577",,
24216,5886319,1400445157606,Eye Tracker,Participant0058,17.09.2021,Participant0058,Recording4,17.09.2021,17.09.2021,14:48:45.713,12:48:45.713,64514,Timeline2,Tobii I-VT (Fixation),1.145.28180,1080,1920,"10,00",673750842.0,,,796.0,387.0,792.0,392.0,800.0,382.0,"-0,03083","0,01171","-0,99946","-0,13877","0,01069","-0,99027",,,Valid,Valid,"232,9","101,3","514,5","291,4","99,1","515,3","217,0","107,3","219,2","104,6","0,3681","0,3585","0,3650","0,3631","0,3712","0,3540",thumbnail_grossTrial,thumbnail_grossTrial.png,1245.0,1080.0,337.0,0.0,798.0,692.0,Fixation,208.0,13.0,792.0,386.0,"0,3654","0,3577",,
24217,5894648,1400445165935,Eye Tracker,Participant0058,17.09.2021,Participant0058,Recording4,17.09.2021,17.09.2021,14:48:45.713,12:48:45.713,64514,Timeline2,Tobii I-VT (Fixation),1.145.28180,1080,1920,"10,00",673759171.0,,,794.0,390.0,794.0,386.0,794.0,394.0,"-0,02962","0,00851","-0,99952","-0,14158","0,01659","-0,98979",,,Valid,Valid,"232,8","101,3","514,5","291,3","99,1","515,3","217,6","105,7","217,6","107,7","0,3666","0,3610","0,3666","0,3575","0,3666","0,3644",thumbnail_grossTrial,thumbnail_grossTrial.png,1245.0,1080.0,337.0,0.0,798.0,692.0,Fixation,208.0,13.0,792.0,386.0,"0,3654","0,3577",,
24218,5902991,1400445174278,Eye Tracker,Participant0058,17.09.2021,Participant0058,Recording4,17.09.2021,17.09.2021,14:48:45.713,12:48:45.713,64514,Timeline2,Tobii I-VT (Fixation),1.145.28180,1080,1920,"10,00",673767514.0,,,793.0,392.0,788.0,387.0,797.0,397.0,"-0,03262","0,00925","-0,99942","-0,13989","0,01841","-0,99000","3,85","4,12",Valid,Valid,"232,8","101,3","514,5","291,3","99,0","515,2","216,0","106,0","218,5","108,6","0,3657","0,3631","0,3621","0,3587","0,3693","0,3675",thumbnail_grossTrial,thumbnail_grossTrial.png,1245.0,1080.0,337.0,0.0,798.0,692.0,Fixation,208.0,13.0,792.0,386.0,"0,3654","0,3577",,
24219,5911361,1400445182648,Eye Tracker,Participant0058,17.09.2021,Participant0058,Recording4,17.09.2021,17.09.2021,14:48:45.713,12:48:45.713,64514,Timeline2,Tobii I-VT (Fixation),1.145.28180,1080,1920,"10,00",673775883.0,,,790.0,396.0,788.0,390.0,792.0,401.0,"-0,03260","0,01068","-0,99941","-0,14265","0,02021","-0,98957",,,Valid,Valid,"232,9","101,3","514,4","291,3","99,1","515,1","216,1","106,8","217,1","109,7","0,3637","0,3663","0,3622","0,3615","0,3651","0,3710",thumbnail_grossTrial,thumbnail_grossTrial.png,1245.0,1080.0,337.0,0.0,798.0,692.0,Fixation,208.0,13.0,792.0,386.0,"0,3654","0,3577",,
24220,5919705,1400445190992,Eye Tracker,Participant0058,17.09.2021,Participant0058,Recording4,17.09.2021,17.09.2021,14:48:45.713,12:48:45.713,64514,Timeline2,Tobii I-VT (Fixation),1.145.28180,1080,1920,"10,00",673784227.0,,,790.0,393.0,784.0,394.0,795.0,392.0,"-0,03456","0,01277","-0,99932","-0,14096","0,01574","-0,98989",,,Valid,Valid,"232,8","101,3","514,4","291,3","99,2","515,1","215,0","107,9","217,9","107,3","0,3633","0,3642","0,3591","0,3651","0,3676","0,3632",thumbnail_grossTrial,thumbnail_grossTrial.png,1245.0,1080.0,337.0,0.0,798.0,692.0,Fixation,208.0,13.0,792.0,386.0,"0,3654","0,3577",,
24221,5927987,1400445199274,Eye Tracker,Participant0058,17.09.2021,Participant0058,Recording4,17.09.2021,17.09.2021,14:48:45.713,12:48:45.713,64514,Timeline2,Tobii I-VT (Fixation),1.145.28180,1080,1920,"10,00",673792509.0,,,791.0,392.0,788.0,394.0,794.0,390.0,"-0,03288","0,01250","-0,99938","-0,14165","0,01437","-0,98981","3,97","4,13",Valid,Valid,"232,8","101,4","514,4","291,3","99,1","515,1","215,9","107,8","217,6","106,6","0,3641","0,3627","0,3616","0,3647","0,3666","0,3607",thumbnail_grossTrial,thumbnail_grossTrial.png,1245.0,1080.0,337.0,0.0,798.0,692.0,Fixation,208.0,13.0,792.0,386.0,"0,3654","0,3577",,
24222,5936313,1400445207600,Eye Tracker,Participant0058,17.09.2021,Participant0058,Recording4,17.09.2021,17.09.2021,14:48:45.713,12:48:45.713,64514,Timeline2,Tobii I-VT (Fixation),1.145.28180,1080,1920,"10,00",673800835.0,,,792.0,391.0,787.0,391.0,796.0,390.0,"-0,03326","0,01111","-0,99939","-0,14058","0,01431","-0,98997",,,Valid,Valid,"232,9","101,4","514,3","291,3","99,2","515,0","215,7","107,1","218,2","106,7","0,3648","0,3617","0,3612","0,3625","0,3683","0,3609",thumbnail_grossTrial,thumbnail_grossTrial.png,1245.0,1080.0,337.0,0.0,798.0,692.0,Fixation,208.0,13.0,792.0,386.0,"0,3654","0,3577",,
24223,5944644,1400445215931,Eye Tracker,Participant0058,17.09.2021,Participant0058,Recording4,17.09.2021,17.09.2021,14:48:45.713,12:48:45.713,64514,Timeline2,Tobii I-VT (Fixation),1.145.28180,1080,1920,"10,00",673809165.0,,,792.0,391.0,789.0,393.0,795.0,388.0,"-0,03230","0,01208","-0,99941","-0,14091","0,01323","-0,98993",,,Valid,Valid,"232,8","101,4","514,3","291,2","99,2","515,0","216,2","107,6","217,9","106,1","0,3651","0,3616","0,3625","0,3642","0,3677","0,3591",thumbnail_grossTrial,thumbnail_grossTrial.png,1245.0,1080.0,337.0,0.0,798.0,692.0,Fixation,208.0,13.0,792.0,386.0,"0,3654","0,3577",,
24224,5952982,1400445224269,Eye Tracker,Participant0058,17.09.2021,Participant0058,Recording4,17.09.2021,17.09.2021,14:48:45.713,12:48:45.713,64514,Timeline2,Tobii I-VT (Fixation),1.145.28180,1080,1920,"10,00",673817503.0,,,793.0,393.0,787.0,396.0,799.0,389.0,"-0,03339","0,01381","-0,99935","-0,13911","0,01409","-0,99018","3,84","4,11",Valid,Valid,"232,8","101,4","514,3","291,3","99,2","515,0","215,6","108,5","218,9","106,5","0,3657","0,3638","0,3609","0,3671","0,3705","0,3604",thumbnail_grossTrial,thumbnail_grossTrial.png,1245.0,1080.0,337.0,0.0,798.0,692.0,Fixation,208.0,13.0,792.0,386.0,"0,3654","0,3577",,
24225,5961355,1400445232642,Eye Tracker,Participant0058,17.09.2021,Participant0058,Recording4,17.09.2021,17.09.2021,14:48:45.713,12:48:45.713,64514,Timeline2,Tobii I-VT (Fixation),1.145.28180,1080,1920,"10,00",673825876.0,,,795.0,393.0,786.0,399.0,803.0,387.0,"-0,03381","0,01479","-0,99932","-0,13679","0,01243","-0,99052",,,Valid,Valid,"232,9","101,5","514,2","291,3","99,3","514,9","215,5","109,1","220,2","105,8","0,3673","0,3635","0,3604","0,3691","0,3743","0,3579",thumbnail_grossTrial,thumbnail_grossTrial.png,1245.0,1080.0,337.0,0.0,798.0,692.0,Fixation,208.0,13.0,792.0,386.0,"0,3654","0,3577",,
24226,5969717,1400445241004,Eye Tracker,Participant0058,17.09.2021,Participant0058,Recording4,17.09.2021,17.09.2021,14:48:45.713,12:48:45.713,64514,Timeline2,Tobii I-VT (Fixation),1.145.28180,1080,1920,"10,00",673834238.0,,,800.0,386.0,794.0,384.0,806.0,388.0,"-0,02965","0,00702","-0,99954","-0,13558","0,01317","-0,99068",,,Valid,Valid,"232,8","101,5","514,2","291,2","99,3","514,9","217,5","105,1","220,8","106,2","0,3712","0,3574","0,3665","0,3555","0,3760","0,3593",thumbnail_grossTrial,thumbnail_grossTrial.png,1245.0,1080.0,337.0,0.0,798.0,692.0,Fixation,208.0,13.0,792.0,386.0,"0,3654","0,3577",,
24227,5978012,1400445249299,Eye Tracker,Participant0058,17.09.2021,Participant0058,Recording4,17.09.2021,17.09.2021,14:48:45.713,12:48:45.713,64514,Timeline2,Tobii I-VT (Fixation),1.145.28180,1080,1920,"10,00",673842532.0,,,801.0,388.0,796.0,384.0,806.0,392.0,"-0,02842","0,00707","-0,99957","-0,13528","0,01550","-0,99069","3,99","4,16",Valid,Valid,"232,8","101,4","514,2","291,2","99,3","514,8","218,2","105,1","220,9","107,3","0,3724","0,3593","0,3684","0,3555","0,3765","0,3632",thumbnail_grossTrial,thumbnail_grossTrial.png,1245.0,1080.0,337.0,0.0,798.0,692.0,Fixation,208.0,13.0,792.0,386.0,"0,3654","0,3577",,
24228,5986311,1400445257598,Eye Tracker,Participant0058,17.09.2021,Participant0058,Recording4,17.09.2021,17.09.2021,14:48:45.713,12:48:45.713,64514,Timeline2,Tobii I-VT (Fixation),1.145.28180,1080,1920,"10,00",673850831.0,,,800.0,386.0,793.0,378.0,807.0,393.0,"-0,03032","0,00369","-0,99953","-0,13489","0,01585","-0,99073",,,Valid,Valid,"232,9","101,5","514,2","291,3","99,4","514,7","217,3","103,4","221,2","107,6","0,3715","0,3570","0,3658","0,3499","0,3772","0,3642",thumbnail_grossTrial,thumbnail_grossTrial.png,1245.0,1080.0,337.0,0.0,798.0,692.0,Fixation,208.0,13.0,792.0,386.0,"0,3654","0,3577",,
24229,5994691,1400445265978,Eye Tracker,Participant0058,17.09.2021,Participant0058,Recording4,17.09.2021,17.09.2021,14:48:45.713,12:48:45.713,64514,Timeline2,Tobii I-VT (Fixation),1.145.28180,1080,1920,"10,00",673859211.0,,,803.0,396.0,794.0,390.0,813.0,402.0,"-0,02938","0,01025","-0,99952","-0,13211","0,02066","-0,99102",,,Valid,Valid,"232,9","101,4","514,2","291,3","99,4","514,7","217,7","106,7","222,7","110,1","0,3743","0,3668","0,3671","0,3611","0,3816","0,3725",thumbnail_grossTrial,thumbnail_grossTrial.png,1245.0,1080.0,337.0,0.0,798.0,692.0,Saccade,25.0,16.0,,,,,,
24230,6002978,1400445274265,Eye Tracker,Participant0058,17.09.2021,Participant0058,Recording4,17.09.2021,17.09.2021,14:48:45.713,12:48:45.713,64514,Timeline2,Tobii I-VT (Fixation),1.145.28180,1080,1920,"10,00",673867498.0,,,820.0,380.0,810.0,377.0,830.0,383.0,"-0,02099","0,00373","-0,99977","-0,12291","0,01049","-0,99236","3,98","4,02",Valid,Valid,"232,9","101,3","514,2","291,3","99,3","514,7","222,1","103,2","227,6","104,7","0,3879","0,3518","0,3798","0,3493","0,3960","0,3544",thumbnail_grossTrial,thumbnail_grossTrial.png,1245.0,1080.0,337.0,0.0,798.0,692.0,Saccade,25.0,16.0,,,,,,
24231,6011308,1400445282595,Eye Tracker,Participant0058,17.09.2021,Participant0058,Recording4,17.09.2021,17.09.2021,14:48:45.713,12:48:45.713,64514,Timeline2,Tobii I-VT (Fixation),1.145.28180,1080,1920,"10,00",673875828.0,,,840.0,374.0,834.0,373.0,847.0,375.0,"-0,00842","0,00106","-0,99996","-0,11455","0,00616","-0,99340",,,Valid,Valid,"232,9","101,4","514,2","291,4","99,3","514,6","228,6","102,0","232,1","102,5","0,4040","0,3460","0,3989","0,3450","0,4090","0,3469",thumbnail_grossTrial,thumbnail_grossTrial.png,1245.0,1080.0,337.0,0.0,798.0,692.0,Saccade,25.0,16.0,,,,,,
24232,6019651,1400445290938,Eye Tracker,Participant0058,17.09.2021,Participant0058,Recording4,17.09.2021,17.09.2021,14:48:45.713,12:48:45.713,64514,Timeline2,Tobii I-VT (Fixation),1.145.28180,1080,1920,"10,00",673884170.0,,,856.0,374.0,855.0,392.0,857.0,357.0,"0,00293","0,01122","-0,99993","-0,10915","-0,00268","-0,99402",,,Valid,Valid,"232,9","101,4","514,2","291,4","99,2","514,9","234,4","107,1","234,8","97,8","0,4165","0,3467","0,4158","0,3625","0,4172","0,3309",thumbnail_grossTrial,thumbnail_grossTrial.png,1245.0,1080.0,337.0,0.0,798.0,692.0,Unclassified,17.0,64.0,,,,,,
24233,6027994,1400445299281,Eye Tracker,Participant0058,17.09.2021,Participant0058,Recording4,17.09.2021,17.09.2021,14:48:45.713,12:48:45.713,64514,Timeline2,Tobii I-VT (Fixation),1.145.28180,1080,1920,"10,00",673892513.0,,,847.0,370.0,829.0,368.0,865.0,373.0,"-0,01102","-0,00123","-0,99994","-0,10511","0,00582","-0,99444","3,27","3,62",Valid,Valid,"232,9","101,3","514,3","291,4","99,0","515,1","227,2","100,6","237,0","102,0","0,4092","0,3428","0,3948","0,3405","0,4235","0,3451",thumbnail_grossTrial,thumbnail_grossTrial.png,1245.0,1080.0,337.0,0.0,798.0,692.0,Unclassified,17.0,64.0,,,,,,
24234,6036335,1400445307622,Eye Tracker,Participant0058,17.09.2021,Participant0058,Recording4,17.09.2021,17.09.2021,14:48:45.713,12:48:45.713,64514,Timeline2,Tobii I-VT (Fixation),1.145.28180,1080,1920,"10,00",673900854.0,,,,,,,,,,,,,,,,,Invalid,Invalid,,,,,,,,,,,,,,,,,thumbnail_grossTrial,thumbnail_grossTrial.png,1245.0,1080.0,337.0,0.0,798.0,692.0,EyesNotFound,67.0,62.0,,,,,,
24235,6044635,1400445315922,Eye Tracker,Participant0058,17.09.2021,Participant0058,Recording4,17.09.2021,17.09.2021,14:48:45.713,12:48:45.713,64514,Timeline2,Tobii I-VT (Fixation),1.145.28180,1080,1920,"10,00",673909154.0,,,,,,,,,,,,,,,,,Invalid,Invalid,,,,,,,,,,,,,,,,,thumbnail_grossTrial,thumbnail_grossTrial.png,1245.0,1080.0,337.0,0.0,798.0,692.0,EyesNotFound,67.0,62.0,,,,,,
24236,6052984,1400445324271,Eye Tracker,Participant0058,17.09.2021,Participant0058,Recording4,17.09.2021,17.09.2021,14:48:45.713,12:48:45.713,64514,Timeline2,Tobii I-VT (Fixation),1.145.28180,1080,1920,"10,00",673917502.0,,,,,,,,,,,,,,,,,Invalid,Invalid,,,,,,,,,,,,,,,,,thumbnail_grossTrial,thumbnail_grossTrial.png,1245.0,1080.0,337.0,0.0,798.0,692.0,EyesNotFound,67.0,62.0,,,,,,
24237,6061344,1400445332631,Eye Tracker,Participant0058,17.09.2021,Participant0058,Recording4,17.09.2021,17.09.2021,14:48:45.713,12:48:45.713,64514,Timeline2,Tobii I-VT (Fixation),1.145.28180,1080,1920,"10,00",673925862.0,,,,,,,,,,,,,,,,,Invalid,Invalid,,,,,,,,,,,,,,,,,thumbnail_grossTrial,thumbnail_grossTrial.png,1245.0,1080.0,337.0,0.0,798.0,692.0,EyesNotFound,67.0,62.0,,,,,,
24238,6069661,1400445340948,Eye Tracker,Participant0058,17.09.2021,Participant0058,Recording4,17.09.2021,17.09.2021,14:48:45.713,12:48:45.713,64514,Timeline2,Tobii I-VT (Fixation),1.145.28180,1080,1920,"10,00",673934179.0,,,,,,,,,,,,,,,,,Invalid,Invalid,,,,,,,,,,,,,,,,,thumbnail_grossTrial,thumbnail_grossTrial.png,1245.0,1080.0,337.0,0.0,798.0,692.0,EyesNotFound,67.0,62.0,,,,,,
24239,6078026,1400445349313,Eye Tracker,Participant0058,17.09.2021,Participant0058,Recording4,17.09.2021,17.09.2021,14:48:45.713,12:48:45.713,64514,Timeline2,Tobii I-VT (Fixation),1.145.28180,1080,1920,"10,00",673942544.0,,,,,,,,,,,,,,,,,Invalid,Invalid,,,,,,,,,,,,,,,,,thumbnail_grossTrial,thumbnail_grossTrial.png,1245.0,1080.0,337.0,0.0,798.0,692.0,EyesNotFound,67.0,62.0,,,,,,
24240,6086301,1400445357588,Eye Tracker,Participant0058,17.09.2021,Participant0058,Recording4,17.09.2021,17.09.2021,14:48:45.713,12:48:45.713,64514,Timeline2,Tobii I-VT (Fixation),1.145.28180,1080,1920,"10,00",673950818.0,,,,,,,,,,,,,,,,,Invalid,Invalid,,,,,,,,,,,,,,,,,thumbnail_grossTrial,thumbnail_grossTrial.png,1245.0,1080.0,337.0,0.0,798.0,692.0,EyesNotFound,67.0,62.0,,,,,,
24241,6094660,1400445365947,Eye Tracker,Participant0058,17.09.2021,Participant0058,Recording4,17.09.2021,17.09.2021,14:48:45.713,12:48:45.713,64514,Timeline2,Tobii I-VT (Fixation),1.145.28180,1080,1920,"10,00",673959177.0,,,,,,,,,,,,,,,,,Invalid,Invalid,,,,,,,,,,,,,,,,,thumbnail_grossTrial,thumbnail_grossTrial.png,1245.0,1080.0,337.0,0.0,798.0,692.0,EyesNotFound,67.0,62.0,,,,,,
24242,6103008,1400445374295,Eye Tracker,Participant0058,17.09.2021,Participant0058,Recording4,17.09.2021,17.09.2021,14:48:45.713,12:48:45.713,64514,Timeline2,Tobii I-VT (Fixation),1.145.28180,1080,1920,"10,00",673967525.0,,,867.0,541.0,,,867.0,541.0,,,,"-0,10385","0,09491","-0,99005",,"3,16",Invalid,Valid,,,,"291,6","98,7","515,2",,,"237,5","148,1","0,4250","0,5011",,,"0,4250","0,5011",thumbnail_grossTrial,thumbnail_grossTrial.png,1245.0,1080.0,337.0,0.0,798.0,692.0,Saccade,67.0,17.0,,,,,,
24243,6111341,1400445382628,Eye Tracker,Participant0058,17.09.2021,Participant0058,Recording4,17.09.2021,17.09.2021,14:48:45.713,12:48:45.713,64514,Timeline2,Tobii I-VT (Fixation),1.145.28180,1080,1920,"10,00",673975858.0,,,865.0,521.0,856.0,525.0,874.0,518.0,"0,00323","0,08229","-0,99660","-0,10030","0,08270","-0,99151",,,Valid,Valid,"233,0","101,1","514,2","291,5","98,8","515,1","234,6","143,6","239,4","141,7","0,4236","0,4827","0,4166","0,4858","0,4306","0,4796",thumbnail_grossTrial,thumbnail_grossTrial.png,1245.0,1080.0,337.0,0.0,798.0,692.0,Saccade,67.0,17.0,,,,,,
24244,6119662,1400445390949,Eye Tracker,Participant0058,17.09.2021,Participant0058,Recording4,17.09.2021,17.09.2021,14:48:45.713,12:48:45.713,64514,Timeline2,Tobii I-VT (Fixation),1.145.28180,1080,1920,"10,00",673984179.0,,,885.0,488.0,865.0,508.0,905.0,469.0,"0,00801","0,07339","-0,99727","-0,08366","0,05682","-0,99487",,,Valid,Valid,"232,9","101,1","514,2","291,5","98,8","515,2","237,0","138,9","248,1","128,2","0,4399","0,4520","0,4236","0,4701","0,4562","0,4338",thumbnail_grossTrial,thumbnail_grossTrial.png,1245.0,1080.0,337.0,0.0,798.0,692.0,Saccade,67.0,17.0,,,,,,
24245,6127964,1400445399251,Eye Tracker,Participant0058,17.09.2021,Participant0058,Recording4,17.09.2021,17.09.2021,14:48:45.713,12:48:45.713,64514,Timeline2,Tobii I-VT (Fixation),1.145.28180,1080,1920,"10,00",673992480.0,,,890.0,463.0,874.0,501.0,906.0,425.0,"0,01306","0,06971","-0,99748","-0,08353","0,03387","-0,99593","3,44","3,62",Valid,Valid,"232,9","101,1","514,3","291,5","98,7","515,2","239,7","137,0","248,3","116,2","0,4439","0,4284","0,4313","0,4636","0,4566","0,3933",thumbnail_grossTrial,thumbnail_grossTrial.png,1245.0,1080.0,337.0,0.0,798.0,692.0,Saccade,67.0,17.0,,,,,,
24246,6136375,1400445407662,Eye Tracker,Participant0058,17.09.2021,Participant0058,Recording4,17.09.2021,17.09.2021,14:48:45.713,12:48:45.713,64514,Timeline2,Tobii I-VT (Fixation),1.145.28180,1080,1920,"10,00",674000891.0,,,874.0,446.0,883.0,489.0,866.0,403.0,"0,01743","0,06347","-0,99783","-0,10445","0,02190","-0,99429",,,Valid,Valid,"233,0","101,1","514,2","291,5","98,8","515,1","241,9","133,8","237,4","110,2","0,4313","0,4128","0,4380","0,4528","0,4246","0,3727",thumbnail_grossTrial,thumbnail_grossTrial.png,1245.0,1080.0,337.0,0.0,798.0,692.0,Saccade,67.0,17.0,,,,,,
24247,6144654,1400445415941,Eye Tracker,Participant0058,17.09.2021,Participant0058,Recording4,17.09.2021,17.09.2021,14:48:45.713,12:48:45.713,64514,Timeline2,Tobii I-VT (Fixation),1.145.28180,1080,1920,"10,00",674009170.0,,,885.0,400.0,905.0,397.0,866.0,403.0,"0,02910","0,01481","-0,99947","-0,10435","0,02185","-0,99430",,,Valid,Valid,"232,9","101,1","514,2","291,5","98,8","515,2","247,9","108,8","237,4","110,2","0,4401","0,3704","0,4555","0,3680","0,4246","0,3727",thumbnail_grossTrial,thumbnail_grossTrial.png,1245.0,1080.0,337.0,0.0,798.0,692.0,Saccade,67.0,17.0,,,,,,
24248,6153006,1400445424293,Eye Tracker,Participant0058,17.09.2021,Participant0058,Recording4,17.09.2021,17.09.2021,14:48:45.713,12:48:45.713,64514,Timeline2,Tobii I-VT (Fixation),1.145.28180,1080,1920,"10,00",674017522.0,,,895.0,363.0,902.0,362.0,888.0,363.0,"0,02765","-0,00388","-0,99961","-0,09292","0,00111","-0,99567","3,82","3,74",Valid,Valid,"233,0","101,1","514,3","291,5","98,8","515,2","247,2","99,1","243,4","99,4","0,4479","0,3357","0,4534","0,3352","0,4424","0,3362",thumbnail_grossTrial,thumbnail_grossTrial.png,1245.0,1080.0,337.0,0.0,798.0,692.0,Saccade,67.0,17.0,,,,,,
24249,6161305,1400445432592,Eye Tracker,Participant0058,17.09.2021,Participant0058,Recording4,17.09.2021,17.09.2021,14:48:45.713,12:48:45.713,64514,Timeline2,Tobii I-VT (Fixation),1.145.28180,1080,1920,"10,00",674025820.0,,,893.0,349.0,898.0,349.0,887.0,349.0,"0,02553","-0,01116","-0,99961","-0,09342","-0,00635","-0,99561",,,Valid,Valid,"233,0","101,2","514,2","291,6","98,8","515,2","246,2","95,4","243,2","95,6","0,4461","0,3231","0,4504","0,3229","0,4418","0,3233",thumbnail_grossTrial,thumbnail_grossTrial.png,1245.0,1080.0,337.0,0.0,798.0,692.0,Saccade,67.0,17.0,,,,,,
24250,6169654,1400445440941,Eye Tracker,Participant0058,17.09.2021,Participant0058,Recording4,17.09.2021,17.09.2021,14:48:45.713,12:48:45.713,64514,Timeline2,Tobii I-VT (Fixation),1.145.28180,1080,1920,"10,00",674034169.0,,,888.0,333.0,891.0,322.0,886.0,343.0,"0,02146","-0,02522","-0,99945","-0,09434","-0,00932","-0,99550",,,Valid,Valid,"233,0","101,2","514,3","291,6","98,8","515,3","244,1","88,2","242,7","94,0","0,4423","0,3082","0,4443","0,2983","0,4403","0,3180",thumbnail_grossTrial,thumbnail_grossTrial.png,1245.0,1080.0,337.0,0.0,798.0,692.0,Fixation,358.0,14.0,888.0,330.0,"0,4418","0,3051",,
24251,6177969,1400445449256,Eye Tracker,Participant0058,17.09.2021,Participant0058,Recording4,17.09.2021,17.09.2021,14:48:45.713,12:48:45.713,64514,Timeline2,Tobii I-VT (Fixation),1.145.28180,1080,1920,"10,00",674042484.0,,,892.0,335.0,894.0,320.0,889.0,351.0,"0,02325","-0,02626","-0,99938","-0,09272","-0,00530","-0,99568","4,00","4,03",Valid,Valid,"233,1","101,1","514,4","291,6","98,7","515,3","245,1","87,6","243,6","96,0","0,4450","0,3105","0,4471","0,2963","0,4429","0,3248",thumbnail_grossTrial,thumbnail_grossTrial.png,1245.0,1080.0,337.0,0.0,798.0,692.0,Fixation,358.0,14.0,888.0,330.0,"0,4418","0,3051",,
24252,6186320,1400445457607,Eye Tracker,Participant0058,17.09.2021,Participant0058,Recording4,17.09.2021,17.09.2021,14:48:45.713,12:48:45.713,64514,Timeline2,Tobii I-VT (Fixation),1.145.28180,1080,1920,"10,00",674050835.0,,,895.0,335.0,900.0,321.0,890.0,349.0,"0,02646","-0,02601","-0,99931","-0,09249","-0,00627","-0,99569",,,Valid,Valid,"233,1","101,1","514,4","291,7","98,8","515,3","246,8","87,8","243,8","95,6","0,4478","0,3101","0,4521","0,2969","0,4435","0,3234",thumbnail_grossTrial,thumbnail_grossTrial.png,1245.0,1080.0,337.0,0.0,798.0,692.0,Fixation,358.0,14.0,888.0,330.0,"0,4418","0,3051",,
24253,6194623,1400445465910,Eye Tracker,Participant0058,17.09.2021,Participant0058,Recording4,17.09.2021,17.09.2021,14:48:45.713,12:48:45.713,64514,Timeline2,Tobii I-VT (Fixation),1.145.28180,1080,1920,"10,00",674059137.0,,,892.0,338.0,889.0,335.0,895.0,341.0,"0,02023","-0,01859","-0,99962","-0,08955","-0,01040","-0,99593",,,Valid,Valid,"233,1","101,1","514,5","291,6","98,8","515,4","243,5","91,5","245,3","93,4","0,4452","0,3129","0,4426","0,3097","0,4478","0,3162",thumbnail_grossTrial,thumbnail_grossTrial.png,1245.0,1080.0,337.0,0.0,798.0,692.0,Fixation,358.0,14.0,888.0,330.0,"0,4418","0,3051",,
24254,6202995,1400445474282,Eye Tracker,Participant0058,17.09.2021,Participant0058,Recording4,17.09.2021,17.09.2021,14:48:45.713,12:48:45.713,64514,Timeline2,Tobii I-VT (Fixation),1.145.28180,1080,1920,"10,00",674067509.0,,,892.0,338.0,889.0,335.0,894.0,340.0,"0,02055","-0,01816","-0,99962","-0,08991","-0,01082","-0,99589","3,96","3,89",Valid,Valid,"233,1","101,0","514,7","291,7","98,7","515,4","243,7","91,7","245,1","93,1","0,4452","0,3126","0,4431","0,3101","0,4473","0,3151",thumbnail_grossTrial,thumbnail_grossTrial.png,1245.0,1080.0,337.0,0.0,798.0,692.0,Fixation,358.0,14.0,888.0,330.0,"0,4418","0,3051",,
24255,6211290,1400445482577,Eye Tracker,Participant0058,17.09.2021,Participant0058,Recording4,17.09.2021,17.09.2021,14:48:45.713,12:48:45.713,64514,Timeline2,Tobii I-VT (Fixation),1.145.28180,1080,1920,"10,00",674075804.0,,,888.0,334.0,890.0,337.0,886.0,330.0,"0,02095","-0,01717","-0,99963","-0,09458","-0,01626","-0,99538",,,Valid,Valid,"233,1","101,0","514,7","291,7","98,8","515,4","243,9","92,2","242,7","90,4","0,4420","0,3089","0,4438","0,3120","0,4402","0,3059",thumbnail_grossTrial,thumbnail_grossTrial.png,1245.0,1080.0,337.0,0.0,798.0,692.0,Fixation,358.0,14.0,888.0,330.0,"0,4418","0,3051",,
24256,6219620,1400445490907,Eye Tracker,Participant0058,17.09.2021,Participant0058,Recording4,17.09.2021,17.09.2021,14:48:45.713,12:48:45.713,64514,Timeline2,Tobii I-VT (Fixation),1.145.28180,1080,1920,"10,00",674084134.0,,,892.0,328.0,900.0,327.0,885.0,329.0,"0,02666","-0,02208","-0,99940","-0,09489","-0,01729","-0,99534",,,Valid,Valid,"233,0","101,0","514,9","291,6","98,9","515,4","246,8","89,6","242,4","89,9","0,4458","0,3037","0,4521","0,3032","0,4394","0,3042",thumbnail_grossTrial,thumbnail_grossTrial.png,1245.0,1080.0,337.0,0.0,798.0,692.0,Fixation,358.0,14.0,888.0,330.0,"0,4418","0,3051",,
24257,6227993,1400445499280,Eye Tracker,Participant0058,17.09.2021,Participant0058,Recording4,17.09.2021,17.09.2021,14:48:45.713,12:48:45.713,64514,Timeline2,Tobii I-VT (Fixation),1.145.28180,1080,1920,"10,00",674092506.0,,,893.0,328.0,903.0,328.0,884.0,328.0,"0,02814","-0,02134","-0,99938","-0,09533","-0,01746","-0,99529","3,96","3,70",Valid,Valid,"233,0","100,9","515,1","291,6","98,8","515,4","247,5","89,9","242,2","89,7","0,4465","0,3038","0,4543","0,3041","0,4387","0,3036",thumbnail_grossTrial,thumbnail_grossTrial.png,1245.0,1080.0,337.0,0.0,798.0,692.0,Fixation,358.0,14.0,888.0,330.0,"0,4418","0,3051",,
24258,6236288,1400445507575,Eye Tracker,Participant0058,17.09.2021,Participant0058,Recording4,17.09.2021,17.09.2021,14:48:45.713,12:48:45.713,64514,Timeline2,Tobii I-VT (Fixation),1.145.28180,1080,1920,"10,00",674100801.0,,,893.0,326.0,898.0,319.0,887.0,333.0,"0,02568","-0,02618","-0,99933","-0,09345","-0,01501","-0,99551",,,Valid,Valid,"233,0","100,9","515,2","291,5","98,9","515,4","246,2","87,4","243,2","91,1","0,4460","0,3020","0,4505","0,2957","0,4416","0,3083",thumbnail_grossTrial,thumbnail_grossTrial.png,1245.0,1080.0,337.0,0.0,798.0,692.0,Fixation,358.0,14.0,888.0,330.0,"0,4418","0,3051",,
24259,6244651,1400445515938,Eye Tracker,Participant0058,17.09.2021,Participant0058,Recording4,17.09.2021,17.09.2021,14:48:45.713,12:48:45.713,64514,Timeline2,Tobii I-VT (Fixation),1.145.28180,1080,1920,"10,00",674109164.0,,,890.0,330.0,892.0,327.0,889.0,332.0,"0,02236","-0,02185","-0,99951","-0,09226","-0,01549","-0,99561",,,Valid,Valid,"232,9","100,8","515,4","291,4","98,9","515,4","244,4","89,6","243,7","90,9","0,4442","0,3053","0,4452","0,3031","0,4431","0,3076",thumbnail_grossTrial,thumbnail_grossTrial.png,1245.0,1080.0,337.0,0.0,798.0,692.0,Fixation,358.0,14.0,888.0,330.0,"0,4418","0,3051",,
24260,6252983,1400445524270,Eye Tracker,Participant0058,17.09.2021,Participant0058,Recording4,17.09.2021,17.09.2021,14:48:45.713,12:48:45.713,64514,Timeline2,Tobii I-VT (Fixation),1.145.28180,1080,1920,"10,00",674117496.0,,,890.0,326.0,893.0,321.0,886.0,332.0,"0,02302","-0,02506","-0,99942","-0,09381","-0,01547","-0,99547","4,02","3,66",Valid,Valid,"232,9","100,7","515,6","291,4","98,9","515,4","244,7","87,8","242,9","90,8","0,4435","0,3022","0,4462","0,2971","0,4407","0,3074",thumbnail_grossTrial,thumbnail_grossTrial.png,1245.0,1080.0,337.0,0.0,798.0,692.0,Fixation,358.0,14.0,888.0,330.0,"0,4418","0,3051",,
24261,6261363,1400445532650,Eye Tracker,Participant0058,17.09.2021,Participant0058,Recording4,17.09.2021,17.09.2021,14:48:45.713,12:48:45.713,64514,Timeline2,Tobii I-VT (Fixation),1.145.28180,1080,1920,"10,00",674125876.0,,,889.0,327.0,893.0,325.0,884.0,330.0,"0,02314","-0,02310","-0,99947","-0,09492","-0,01668","-0,99535",,,Valid,Valid,"232,9","100,7","515,6","291,5","99,0","515,3","244,9","88,8","242,3","90,3","0,4428","0,3031","0,4465","0,3005","0,4391","0,3057",thumbnail_grossTrial,thumbnail_grossTrial.png,1245.0,1080.0,337.0,0.0,798.0,692.0,Fixation,358.0,14.0,888.0,330.0,"0,4418","0,3051",,
24262,6269689,1400445540976,Eye Tracker,Participant0058,17.09.2021,Participant0058,Recording4,17.09.2021,17.09.2021,14:48:45.713,12:48:45.713,64514,Timeline2,Tobii I-VT (Fixation),1.145.28180,1080,1920,"10,00",674134201.0,,,891.0,327.0,897.0,322.0,886.0,332.0,"0,02517","-0,02451","-0,99938","-0,09408","-0,01590","-0,99544",,,Valid,Valid,"232,9","100,7","515,8","291,4","99,0","515,3","245,9","88,0","242,7","90,8","0,4449","0,3025","0,4495","0,2979","0,4403","0,3070",thumbnail_grossTrial,thumbnail_grossTrial.png,1245.0,1080.0,337.0,0.0,798.0,692.0,Fixation,358.0,14.0,888.0,330.0,"0,4418","0,3051",,
24263,6277953,1400445549240,Eye Tracker,Participant0058,17.09.2021,Participant0058,Recording4,17.09.2021,17.09.2021,14:48:45.713,12:48:45.713,64514,Timeline2,Tobii I-VT (Fixation),1.145.28180,1080,1920,"10,00",674142465.0,,,885.0,330.0,885.0,329.0,886.0,330.0,"0,01849","-0,02044","-0,99962","-0,09415","-0,01650","-0,99542","3,77","3,66",Valid,Valid,"232,9","100,6","515,9","291,5","98,9","515,3","242,5","90,0","242,8","90,3","0,4400","0,3051","0,4395","0,3046","0,4404","0,3057",thumbnail_grossTrial,thumbnail_grossTrial.png,1245.0,1080.0,337.0,0.0,798.0,692.0,Fixation,358.0,14.0,888.0,330.0,"0,4418","0,3051",,
24264,6286282,1400445557569,Eye Tracker,Participant0058,17.09.2021,Participant0058,Recording4,17.09.2021,17.09.2021,14:48:45.713,12:48:45.713,64514,Timeline2,Tobii I-VT (Fixation),1.145.28180,1080,1920,"10,00",674150794.0,,,886.0,330.0,886.0,332.0,885.0,328.0,"0,01928","-0,01885","-0,99964","-0,09461","-0,01781","-0,99536",,,Valid,Valid,"233,0","100,6","515,9","291,6","99,0","515,2","243,0","90,9","242,6","89,8","0,4404","0,3056","0,4410","0,3075","0,4399","0,3037",thumbnail_grossTrial,thumbnail_grossTrial.png,1245.0,1080.0,337.0,0.0,798.0,692.0,Fixation,358.0,14.0,888.0,330.0,"0,4418","0,3051",,
24265,6294646,1400445565933,Eye Tracker,Participant0058,17.09.2021,Participant0058,Recording4,17.09.2021,17.09.2021,14:48:45.713,12:48:45.713,64514,Timeline2,Tobii I-VT (Fixation),1.145.28180,1080,1920,"10,00",674159158.0,,,883.0,334.0,882.0,336.0,883.0,331.0,"0,01717","-0,01697","-0,99971","-0,09580","-0,01598","-0,99527",,,Valid,Valid,"233,0","100,6","515,9","291,6","99,0","515,2","241,8","91,8","242,0","90,7","0,4379","0,3088","0,4377","0,3107","0,4381","0,3069",thumbnail_grossTrial,thumbnail_grossTrial.png,1245.0,1080.0,337.0,0.0,798.0,692.0,Fixation,358.0,14.0,888.0,330.0,"0,4418","0,3051",,
24266,6302971,1400445574258,Eye Tracker,Participant0058,17.09.2021,Participant0058,Recording4,17.09.2021,17.09.2021,14:48:45.713,12:48:45.713,64514,Timeline2,Tobii I-VT (Fixation),1.145.28180,1080,1920,"10,00",674167482.0,,,890.0,334.0,891.0,339.0,889.0,328.0,"0,02173","-0,01495","-0,99965","-0,09261","-0,01750","-0,99555","3,90","3,84",Valid,Valid,"233,0","100,5","515,9","291,6","98,9","515,2","244,3","92,8","243,7","89,9","0,4439","0,3090","0,4448","0,3140","0,4431","0,3041",thumbnail_grossTrial,thumbnail_grossTrial.png,1245.0,1080.0,337.0,0.0,798.0,692.0,Fixation,358.0,14.0,888.0,330.0,"0,4418","0,3051",,
24267,6311325,1400445582612,Eye Tracker,Participant0058,17.09.2021,Participant0058,Recording4,17.09.2021,17.09.2021,14:48:45.713,12:48:45.713,64514,Timeline2,Tobii I-VT (Fixation),1.145.28180,1080,1920,"10,00",674175836.0,,,891.0,333.0,892.0,339.0,889.0,326.0,"0,02210","-0,01527","-0,99964","-0,09266","-0,01866","-0,99552",,,Valid,Valid,"233,1","100,6","515,8","291,7","99,0","515,2","244,5","92,7","243,7","89,3","0,4444","0,3079","0,4455","0,3136","0,4432","0,3022",thumbnail_grossTrial,thumbnail_grossTrial.png,1245.0,1080.0,337.0,0.0,798.0,692.0,Fixation,358.0,14.0,888.0,330.0,"0,4418","0,3051",,
24268,6319613,1400445590900,Eye Tracker,Participant0058,17.09.2021,Participant0058,Recording4,17.09.2021,17.09.2021,14:48:45.713,12:48:45.713,64514,Timeline2,Tobii I-VT (Fixation),1.145.28180,1080,1920,"10,00",674184124.0,,,893.0,329.0,892.0,341.0,894.0,317.0,"0,02229","-0,01384","-0,99966","-0,08995","-0,02346","-0,99567",,,Valid,Valid,"233,0","100,6","515,8","291,6","98,9","515,2","244,6","93,4","245,1","86,8","0,4464","0,3049","0,4456","0,3160","0,4472","0,2937",thumbnail_grossTrial,thumbnail_grossTrial.png,1245.0,1080.0,337.0,0.0,798.0,692.0,Fixation,358.0,14.0,888.0,330.0,"0,4418","0,3051",,
24269,6327980,1400445599267,Eye Tracker,Participant0058,17.09.2021,Participant0058,Recording4,17.09.2021,17.09.2021,14:48:45.713,12:48:45.713,64514,Timeline2,Tobii I-VT (Fixation),1.145.28180,1080,1920,"10,00",674192491.0,,,893.0,330.0,898.0,338.0,888.0,322.0,"0,02526","-0,01544","-0,99956","-0,09335","-0,02087","-0,99541","3,97","3,63",Valid,Valid,"233,0","100,5","515,8","291,6","98,8","515,2","246,1","92,5","243,3","88,0","0,4461","0,3054","0,4501","0,3130","0,4420","0,2978",thumbnail_grossTrial,thumbnail_grossTrial.png,1245.0,1080.0,337.0,0.0,798.0,692.0,Fixation,358.0,14.0,888.0,330.0,"0,4418","0,3051",,
24270,6336308,1400445607595,Eye Tracker,Participant0058,17.09.2021,Participant0058,Recording4,17.09.2021,17.09.2021,14:48:45.713,12:48:45.713,64514,Timeline2,Tobii I-VT (Fixation),1.145.28180,1080,1920,"10,00",674200818.0,,,886.0,331.0,889.0,330.0,884.0,331.0,"0,02050","-0,01960","-0,99960","-0,09536","-0,01597","-0,99532",,,Valid,Valid,"233,1","100,5","515,8","291,6","98,9","515,2","243,6","90,4","242,2","90,6","0,4409","0,3063","0,4430","0,3060","0,4389","0,3066",thumbnail_grossTrial,thumbnail_grossTrial.png,1245.0,1080.0,337.0,0.0,798.0,692.0,Fixation,358.0,14.0,888.0,330.0,"0,4418","0,3051",,
24271,6344641,1400445615928,Eye Tracker,Participant0058,17.09.2021,Participant0058,Recording4,17.09.2021,17.09.2021,14:48:45.713,12:48:45.713,64514,Timeline2,Tobii I-VT (Fixation),1.145.28180,1080,1920,"10,00",674209151.0,,,876.0,324.0,879.0,317.0,872.0,331.0,"0,01530","-0,02652","-0,99953","-0,10121","-0,01590","-0,99474",,,Valid,Valid,"232,9","100,5","515,7","291,5","98,9","515,3","240,8","86,9","239,1","90,6","0,4322","0,3003","0,4348","0,2939","0,4296","0,3067",thumbnail_grossTrial,thumbnail_grossTrial.png,1245.0,1080.0,337.0,0.0,798.0,692.0,Fixation,358.0,14.0,888.0,330.0,"0,4418","0,3051",,
24272,6352946,1400445624233,Eye Tracker,Participant0058,17.09.2021,Participant0058,Recording4,17.09.2021,17.09.2021,14:48:45.713,12:48:45.713,64514,Timeline2,Tobii I-VT (Fixation),1.145.28180,1080,1920,"10,00",674217456.0,,,876.0,319.0,874.0,313.0,878.0,325.0,"0,01262","-0,02868","-0,99951","-0,09804","-0,01891","-0,99500","3,76","3,63",Valid,Valid,"232,9","100,5","515,7","291,5","98,8","515,3","239,4","85,7","240,7","89,0","0,4325","0,2955","0,4307","0,2899","0,4344","0,3011",thumbnail_grossTrial,thumbnail_grossTrial.png,1245.0,1080.0,337.0,0.0,798.0,692.0,Fixation,358.0,14.0,888.0,330.0,"0,4418","0,3051",,
24273,6361276,1400445632563,Eye Tracker,Participant0058,17.09.2021,Participant0058,Recording4,17.09.2021,17.09.2021,14:48:45.713,12:48:45.713,64514,Timeline2,Tobii I-VT (Fixation),1.145.28180,1080,1920,"10,00",674225786.0,,,882.0,328.0,884.0,330.0,879.0,325.0,"0,01804","-0,01968","-0,99964","-0,09754","-0,01915","-0,99505",,,Valid,Valid,"232,9","100,6","515,7","291,5","98,9","515,3","242,2","90,4","241,0","89,0","0,4370","0,3035","0,4388","0,3060","0,4351","0,3010",thumbnail_grossTrial,thumbnail_grossTrial.png,1245.0,1080.0,337.0,0.0,798.0,692.0,Fixation,358.0,14.0,888.0,330.0,"0,4418","0,3051",,
24274,6369609,1400445640896,Eye Tracker,Participant0058,17.09.2021,Participant0058,Recording4,17.09.2021,17.09.2021,14:48:45.713,12:48:45.713,64514,Timeline2,Tobii I-VT (Fixation),1.145.28180,1080,1920,"10,00",674234118.0,,,880.0,331.0,883.0,335.0,877.0,326.0,"0,01753","-0,01745","-0,99969","-0,09853","-0,01853","-0,99496",,,Valid,Valid,"232,8","100,6","515,7","291,4","98,9","515,3","241,9","91,6","240,4","89,3","0,4356","0,3061","0,4378","0,3099","0,4334","0,3022",thumbnail_grossTrial,thumbnail_grossTrial.png,1245.0,1080.0,337.0,0.0,798.0,692.0,Fixation,358.0,14.0,888.0,330.0,"0,4418","0,3051",,
24275,6377957,1400445649244,Eye Tracker,Participant0058,17.09.2021,Participant0058,Recording4,17.09.2021,17.09.2021,14:48:45.713,12:48:45.713,64514,Timeline2,Tobii I-VT (Fixation),1.145.28180,1080,1920,"10,00",674242466.0,,,884.0,327.0,889.0,332.0,879.0,322.0,"0,02090","-0,01863","-0,99961","-0,09772","-0,02057","-0,99500","3,88","3,63",Valid,Valid,"232,9","100,6","515,7","291,4","98,9","515,3","243,6","91,0","240,8","88,2","0,4388","0,3031","0,4430","0,3077","0,4347","0,2984",thumbnail_grossTrial,thumbnail_grossTrial.png,1245.0,1080.0,337.0,0.0,798.0,692.0,Fixation,358.0,14.0,888.0,330.0,"0,4418","0,3051",,
24276,6386315,1400445657602,Eye Tracker,Participant0058,17.09.2021,Participant0058,Recording4,17.09.2021,17.09.2021,14:48:45.713,12:48:45.713,64514,Timeline2,Tobii I-VT (Fixation),1.145.28180,1080,1920,"10,00",674250824.0,,,883.0,330.0,890.0,335.0,877.0,326.0,"0,02120","-0,01772","-0,99962","-0,09867","-0,01902","-0,99494",,,Valid,Valid,"232,9","100,7","515,6","291,5","99,0","515,3","243,9","91,6","240,4","89,1","0,4385","0,3057","0,4436","0,3098","0,4334","0,3015",thumbnail_grossTrial,thumbnail_grossTrial.png,1245.0,1080.0,337.0,0.0,798.0,692.0,Fixation,358.0,14.0,888.0,330.0,"0,4418","0,3051",,
24277,6394637,1400445665924,Eye Tracker,Participant0058,17.09.2021,Participant0058,Recording4,17.09.2021,17.09.2021,14:48:45.713,12:48:45.713,64514,Timeline2,Tobii I-VT (Fixation),1.145.28180,1080,1920,"10,00",674259146.0,,,884.0,330.0,889.0,332.0,879.0,328.0,"0,02090","-0,01891","-0,99960","-0,09772","-0,01791","-0,99505",,,Valid,Valid,"232,9","100,7","515,6","291,5","99,0","515,3","243,7","91,0","240,8","89,7","0,4389","0,3057","0,4431","0,3079","0,4348","0,3036",thumbnail_grossTrial,thumbnail_grossTrial.png,1245.0,1080.0,337.0,0.0,798.0,692.0,Fixation,358.0,14.0,888.0,330.0,"0,4418","0,3051",,
24278,6402964,1400445674251,Eye Tracker,Participant0058,17.09.2021,Participant0058,Recording4,17.09.2021,17.09.2021,14:48:45.713,12:48:45.713,64514,Timeline2,Tobii I-VT (Fixation),1.145.28180,1080,1920,"10,00",674267473.0,,,890.0,333.0,893.0,336.0,886.0,329.0,"0,02293","-0,01683","-0,99960","-0,09399","-0,01733","-0,99542","3,95","3,84",Valid,Valid,"233,0","100,7","515,7","291,5","99,0","515,4","244,8","92,0","242,9","90,0","0,4435","0,3079","0,4464","0,3113","0,4407","0,3045",thumbnail_grossTrial,thumbnail_grossTrial.png,1245.0,1080.0,337.0,0.0,798.0,692.0,Fixation,358.0,14.0,888.0,330.0,"0,4418","0,3051",,
24279,6411301,1400445682588,Eye Tracker,Participant0058,17.09.2021,Participant0058,Recording4,17.09.2021,17.09.2021,14:48:45.713,12:48:45.713,64514,Timeline2,Tobii I-VT (Fixation),1.145.28180,1080,1920,"10,00",674275809.0,,,888.0,330.0,887.0,330.0,888.0,331.0,"0,01960","-0,02052","-0,99960","-0,09324","-0,01664","-0,99550",,,Valid,Valid,"233,1","100,8","515,6","291,6","99,1","515,3","243,2","90,3","243,3","90,5","0,4418","0,3058","0,4416","0,3054","0,4421","0,3062",thumbnail_grossTrial,thumbnail_grossTrial.png,1245.0,1080.0,337.0,0.0,798.0,692.0,Fixation,358.0,14.0,888.0,330.0,"0,4418","0,3051",,
24280,6419604,1400445690891,Eye Tracker,Participant0058,17.09.2021,Participant0058,Recording4,17.09.2021,17.09.2021,14:48:45.713,12:48:45.713,64514,Timeline2,Tobii I-VT (Fixation),1.145.28180,1080,1920,"10,00",674284112.0,,,889.0,324.0,894.0,320.0,883.0,329.0,"0,02310","-0,02591","-0,99940","-0,09562","-0,01745","-0,99526",,,Valid,Valid,"233,0","100,9","515,7","291,6","99,1","515,4","245,0","87,5","242,1","90,1","0,4426","0,3005","0,4468","0,2961","0,4384","0,3049",thumbnail_grossTrial,thumbnail_grossTrial.png,1245.0,1080.0,337.0,0.0,798.0,692.0,Fixation,358.0,14.0,888.0,330.0,"0,4418","0,3051",,
24281,6427976,1400445699263,Eye Tracker,Participant0058,17.09.2021,Participant0058,Recording4,17.09.2021,17.09.2021,14:48:45.713,12:48:45.713,64514,Timeline2,Tobii I-VT (Fixation),1.145.28180,1080,1920,"10,00",674292484.0,,,883.0,322.0,886.0,314.0,880.0,329.0,"0,01899","-0,02892","-0,99940","-0,09731","-0,01735","-0,99510","3,76","3,63",Valid,Valid,"233,1","100,9","515,7","291,6","99,1","515,4","242,9","85,9","241,2","90,1","0,4384","0,2978","0,4408","0,2908","0,4359","0,3049",thumbnail_grossTrial,thumbnail_grossTrial.png,1245.0,1080.0,337.0,0.0,798.0,692.0,Fixation,358.0,14.0,888.0,330.0,"0,4418","0,3051",,
24282,6436301,1400445707588,Eye Tracker,Participant0058,17.09.2021,Participant0058,Recording4,17.09.2021,17.09.2021,14:48:45.713,12:48:45.713,64514,Timeline2,Tobii I-VT (Fixation),1.145.28180,1080,1920,"10,00",674300809.0,,,881.0,319.0,881.0,312.0,880.0,327.0,"0,01622","-0,03011","-0,99941","-0,09747","-0,01883","-0,99506",,,Valid,Valid,"233,1","100,9","515,6","291,7","99,2","515,3","241,5","85,4","241,2","89,5","0,4363","0,2958","0,4367","0,2890","0,4358","0,3027",thumbnail_grossTrial,thumbnail_grossTrial.png,1245.0,1080.0,337.0,0.0,798.0,692.0,Fixation,358.0,14.0,888.0,330.0,"0,4418","0,3051",,
24283,6444629,1400445715916,Eye Tracker,Participant0058,17.09.2021,Participant0058,Recording4,17.09.2021,17.09.2021,14:48:45.713,12:48:45.713,64514,Timeline2,Tobii I-VT (Fixation),1.145.28180,1080,1920,"10,00",674309136.0,,,878.0,324.0,873.0,323.0,882.0,325.0,"0,01214","-0,02446","-0,99963","-0,09635","-0,01993","-0,99515",,,Valid,Valid,"233,1","101,0","515,6","291,6","99,2","515,3","239,3","88,3","241,7","88,9","0,4338","0,2999","0,4303","0,2989","0,4373","0,3009",thumbnail_grossTrial,thumbnail_grossTrial.png,1245.0,1080.0,337.0,0.0,798.0,692.0,Fixation,358.0,14.0,888.0,330.0,"0,4418","0,3051",,
24284,6452964,1400445724251,Eye Tracker,Participant0058,17.09.2021,Participant0058,Recording4,17.09.2021,17.09.2021,14:48:45.713,12:48:45.713,64514,Timeline2,Tobii I-VT (Fixation),1.145.28180,1080,1920,"10,00",674317471.0,,,882.0,322.0,880.0,328.0,885.0,316.0,"0,01556","-0,02151","-0,99965","-0,09458","-0,02464","-0,99521","3,91","3,90",Valid,Valid,"233,0","100,9","515,7","291,6","99,2","515,3","241,1","89,8","242,6","86,4","0,4377","0,2981","0,4355","0,3037","0,4400","0,2924",thumbnail_grossTrial,thumbnail_grossTrial.png,1245.0,1080.0,337.0,0.0,798.0,692.0,Fixation,358.0,14.0,888.0,330.0,"0,4418","0,3051",,
24285,6461275,1400445732562,Eye Tracker,Participant0058,17.09.2021,Participant0058,Recording4,17.09.2021,17.09.2021,14:48:45.713,12:48:45.713,64514,Timeline2,Tobii I-VT (Fixation),1.145.28180,1080,1920,"10,00",674325782.0,,,886.0,327.0,892.0,339.0,881.0,315.0,"0,02233","-0,01605","-0,99962","-0,09695","-0,02500","-0,99498",,,Valid,Valid,"233,0","100,9","515,6","291,6","99,2","515,3","244,6","92,6","241,4","86,3","0,4410","0,3027","0,4457","0,3135","0,4363","0,2919",thumbnail_grossTrial,thumbnail_grossTrial.png,1245.0,1080.0,337.0,0.0,798.0,692.0,Fixation,358.0,14.0,888.0,330.0,"0,4418","0,3051",,
24286,6469684,1400445740971,Eye Tracker,Participant0058,17.09.2021,Participant0058,Recording4,17.09.2021,17.09.2021,14:48:45.713,12:48:45.713,64514,Timeline2,Tobii I-VT (Fixation),1.145.28180,1080,1920,"10,00",674334191.0,,,889.0,330.0,897.0,339.0,882.0,320.0,"0,02480","-0,01569","-0,99957","-0,09614","-0,02214","-0,99512",,,Valid,Valid,"232,9","100,9","515,6","291,5","99,2","515,3","245,7","92,8","241,7","87,7","0,4432","0,3053","0,4491","0,3139","0,4373","0,2968",thumbnail_grossTrial,thumbnail_grossTrial.png,1245.0,1080.0,337.0,0.0,798.0,692.0,Fixation,358.0,14.0,888.0,330.0,"0,4418","0,3051",,
24287,6477960,1400445749247,Eye Tracker,Participant0058,17.09.2021,Participant0058,Recording4,17.09.2021,17.09.2021,14:48:45.713,12:48:45.713,64514,Timeline2,Tobii I-VT (Fixation),1.145.28180,1080,1920,"10,00",674342466.0,,,888.0,333.0,896.0,337.0,880.0,329.0,"0,02475","-0,01635","-0,99956","-0,09689","-0,01747","-0,99514","3,88","3,60",Valid,Valid,"232,9","100,8","515,6","291,5","99,0","515,3","245,7","92,3","241,3","90,0","0,4426","0,3084","0,4490","0,3123","0,4361","0,3044",thumbnail_grossTrial,thumbnail_grossTrial.png,1245.0,1080.0,337.0,0.0,798.0,692.0,Fixation,358.0,14.0,888.0,330.0,"0,4418","0,3051",,
24288,6486308,1400445757595,Eye Tracker,Participant0058,17.09.2021,Participant0058,Recording4,17.09.2021,17.09.2021,14:48:45.713,12:48:45.713,64514,Timeline2,Tobii I-VT (Fixation),1.145.28180,1080,1920,"10,00",674350814.0,,,893.0,334.0,899.0,337.0,887.0,331.0,"0,02607","-0,01644","-0,99952","-0,09326","-0,01636","-0,99551",,,Valid,Valid,"232,9","100,8","515,5","291,5","99,1","515,2","246,4","92,3","243,2","90,6","0,4464","0,3094","0,4510","0,3123","0,4417","0,3065",thumbnail_grossTrial,thumbnail_grossTrial.png,1245.0,1080.0,337.0,0.0,798.0,692.0,Fixation,358.0,14.0,888.0,330.0,"0,4418","0,3051",,
24289,6494680,1400445765967,Eye Tracker,Participant0058,17.09.2021,Participant0058,Recording4,17.09.2021,17.09.2021,14:48:45.713,12:48:45.713,64514,Timeline2,Tobii I-VT (Fixation),1.145.28180,1080,1920,"10,00",674359186.0,,,893.0,330.0,899.0,331.0,887.0,329.0,"0,02637","-0,01983","-0,99946","-0,09329","-0,01757","-0,99548",,,Valid,Valid,"232,9","100,7","515,5","291,4","99,0","515,2","246,5","90,5","243,1","89,9","0,4464","0,3052","0,4513","0,3062","0,4415","0,3043",thumbnail_grossTrial,thumbnail_grossTrial.png,1245.0,1080.0,337.0,0.0,798.0,692.0,Fixation,358.0,14.0,888.0,330.0,"0,4418","0,3051",,
24290,6503015,1400445774302,Eye Tracker,Participant0058,17.09.2021,Participant0058,Recording4,17.09.2021,17.09.2021,14:48:45.713,12:48:45.713,64514,Timeline2,Tobii I-VT (Fixation),1.145.28180,1080,1920,"10,00",674367521.0,,,890.0,329.0,893.0,333.0,888.0,324.0,"0,02284","-0,01839","-0,99957","-0,09302","-0,01960","-0,99547","3,73","3,91",Valid,Valid,"232,9","100,6","515,5","291,4","98,9","515,2","244,7","91,1","243,3","88,8","0,4440","0,3043","0,4460","0,3083","0,4420","0,3003",thumbnail_grossTrial,thumbnail_grossTrial.png,1245.0,1080.0,337.0,0.0,798.0,692.0,Fixation,358.0,14.0,888.0,330.0,"0,4418","0,3051",,
24291,6511285,1400445782572,Eye Tracker,Participant0058,17.09.2021,Participant0058,Recording4,17.09.2021,17.09.2021,14:48:45.713,12:48:45.713,64514,Timeline2,Tobii I-VT (Fixation),1.145.28180,1080,1920,"10,00",674375790.0,,,888.0,332.0,890.0,333.0,886.0,330.0,"0,02122","-0,01839","-0,99961","-0,09426","-0,01676","-0,99541",,,Valid,Valid,"233,0","100,7","515,5","291,5","99,0","515,1","243,9","91,2","242,7","90,3","0,4420","0,3070","0,4438","0,3085","0,4402","0,3055",thumbnail_grossTrial,thumbnail_grossTrial.png,1245.0,1080.0,337.0,0.0,798.0,692.0,Fixation,358.0,14.0,888.0,330.0,"0,4418","0,3051",,
24292,6519609,1400445790896,Eye Tracker,Participant0058,17.09.2021,Participant0058,Recording4,17.09.2021,17.09.2021,14:48:45.713,12:48:45.713,64514,Timeline2,Tobii I-VT (Fixation),1.145.28180,1080,1920,"10,00",674384114.0,,,885.0,334.0,896.0,333.0,875.0,334.0,"0,02462","-0,01836","-0,99953","-0,09993","-0,01451","-0,99489",,,Valid,Valid,"232,9","100,6","515,5","291,4","98,9","515,1","245,6","91,2","239,7","91,4","0,4401","0,3089","0,4487","0,3084","0,4314","0,3093",thumbnail_grossTrial,thumbnail_grossTrial.png,1245.0,1080.0,337.0,0.0,798.0,692.0,Fixation,358.0,14.0,888.0,330.0,"0,4418","0,3051",,
24293,6528008,1400445799295,Eye Tracker,Participant0058,17.09.2021,Participant0058,Recording4,17.09.2021,17.09.2021,14:48:45.713,12:48:45.713,64514,Timeline2,Tobii I-VT (Fixation),1.145.28180,1080,1920,"10,00",674392513.0,,,863.0,330.0,,,863.0,330.0,,,,"-0,10588","-0,01627","-0,99425",,"3,59",Invalid,Valid,,,,"291,4","98,8","515,2",,,"236,5","90,4","0,4221","0,3059",,,"0,4221","0,3059",thumbnail_grossTrial,thumbnail_grossTrial.png,1245.0,1080.0,337.0,0.0,798.0,692.0,Saccade,25.0,18.0,,,,,,
24294,6536332,1400445807619,Eye Tracker,Participant0058,17.09.2021,Participant0058,Recording4,17.09.2021,17.09.2021,14:48:45.713,12:48:45.713,64514,Timeline2,Tobii I-VT (Fixation),1.145.28180,1080,1920,"10,00",674400837.0,,,860.0,318.0,874.0,317.0,845.0,319.0,"0,01300","-0,02710","-0,99955","-0,11494","-0,02255","-0,99312",,,Valid,Valid,"232,8","100,6","515,5","291,3","98,9","515,1","239,6","86,6","231,7","87,2","0,4195","0,2940","0,4310","0,2931","0,4079","0,2950",thumbnail_grossTrial,thumbnail_grossTrial.png,1245.0,1080.0,337.0,0.0,798.0,692.0,Saccade,25.0,18.0,,,,,,
24295,6544623,1400445815910,Eye Tracker,Participant0058,17.09.2021,Participant0058,Recording4,17.09.2021,17.09.2021,14:48:45.713,12:48:45.713,64514,Timeline2,Tobii I-VT (Fixation),1.145.28180,1080,1920,"10,00",674409128.0,,,795.0,292.0,781.0,277.0,809.0,307.0,"-0,03597","-0,04801","-0,99820","-0,13349","-0,02885","-0,99063",,,Valid,Valid,"232,7","100,6","515,5","291,2","98,9","515,1","214,2","75,8","221,8","83,9","0,3677","0,2701","0,3566","0,2564","0,3789","0,2838",thumbnail_grossTrial,thumbnail_grossTrial.png,1245.0,1080.0,337.0,0.0,798.0,692.0,Saccade,25.0,18.0,,,,,,
24296,6552968,1400445824255,Eye Tracker,Participant0058,17.09.2021,Participant0058,Recording4,17.09.2021,17.09.2021,14:48:45.713,12:48:45.713,64514,Timeline2,Tobii I-VT (Fixation),1.145.28180,1080,1920,"10,00",674417472.0,,,792.0,294.0,794.0,298.0,790.0,290.0,"-0,02927","-0,03655","-0,99890","-0,14314","-0,03762","-0,98899","3,83","3,74",Valid,Valid,"232,7","100,5","515,6","291,2","98,9","515,1","217,6","81,7","216,6","79,3","0,3653","0,2723","0,3668","0,2764","0,3639","0,2682",thumbnail_grossTrial,thumbnail_grossTrial.png,1245.0,1080.0,337.0,0.0,798.0,692.0,Fixation,500.0,15.0,793.0,302.0,"0,3658","0,2799",,
24297,6561355,1400445832642,Eye Tracker,Participant0058,17.09.2021,Participant0058,Recording4,17.09.2021,17.09.2021,14:48:45.713,12:48:45.713,64514,Timeline2,Tobii I-VT (Fixation),1.145.28180,1080,1920,"10,00",674425859.0,,,793.0,297.0,792.0,302.0,793.0,292.0,"-0,03027","-0,03501","-0,99893","-0,14201","-0,03679","-0,98918",,,Valid,Valid,"232,8","100,6","515,6","291,2","99,0","515,1","217,2","82,6","217,3","79,8","0,3656","0,2747","0,3654","0,2794","0,3657","0,2701",thumbnail_grossTrial,thumbnail_grossTrial.png,1245.0,1080.0,337.0,0.0,798.0,692.0,Fixation,500.0,15.0,793.0,302.0,"0,3658","0,2799",,
24298,6569639,1400445840926,Eye Tracker,Participant0058,17.09.2021,Participant0058,Recording4,17.09.2021,17.09.2021,14:48:45.713,12:48:45.713,64514,Timeline2,Tobii I-VT (Fixation),1.145.28180,1080,1920,"10,00",674434143.0,,,793.0,303.0,798.0,299.0,787.0,308.0,"-0,02731","-0,03654","-0,99896","-0,14463","-0,02837","-0,98908",,,Valid,Valid,"232,7","100,6","515,6","291,1","99,0","515,1","218,6","81,8","215,8","84,2","0,3655","0,2808","0,3696","0,2766","0,3615","0,2850",thumbnail_grossTrial,thumbnail_grossTrial.png,1245.0,1080.0,337.0,0.0,798.0,692.0,Fixation,500.0,15.0,793.0,302.0,"0,3658","0,2799",,
24299,6577939,1400445849226,Eye Tracker,Participant0058,17.09.2021,Participant0058,Recording4,17.09.2021,17.09.2021,14:48:45.713,12:48:45.713,64514,Timeline2,Tobii I-VT (Fixation),1.145.28180,1080,1920,"10,00",674442443.0,,,792.0,308.0,798.0,302.0,786.0,313.0,"-0,02724","-0,03452","-0,99903","-0,14569","-0,02571","-0,98900","3,80","3,56",Valid,Valid,"232,7","100,6","515,7","291,2","99,0","515,2","218,6","82,8","215,3","85,6","0,3648","0,2848","0,3698","0,2801","0,3599","0,2896",thumbnail_grossTrial,thumbnail_grossTrial.png,1245.0,1080.0,337.0,0.0,798.0,692.0,Fixation,500.0,15.0,793.0,302.0,"0,3658","0,2799",,
24300,6586271,1400445857558,Eye Tracker,Participant0058,17.09.2021,Participant0058,Recording4,17.09.2021,17.09.2021,14:48:45.713,12:48:45.713,64514,Timeline2,Tobii I-VT (Fixation),1.145.28180,1080,1920,"10,00",674450774.0,,,791.0,310.0,800.0,301.0,783.0,318.0,"-0,02619","-0,03544","-0,99903","-0,14722","-0,02329","-0,98883",,,Valid,Valid,"232,8","100,7","515,6","291,2","99,1","515,1","219,2","82,4","214,5","87,0","0,3646","0,2866","0,3715","0,2790","0,3576","0,2943",thumbnail_grossTrial,thumbnail_grossTrial.png,1245.0,1080.0,337.0,0.0,798.0,692.0,Fixation,500.0,15.0,793.0,302.0,"0,3658","0,2799",,
24301,6594594,1400445865881,Eye Tracker,Participant0058,17.09.2021,Participant0058,Recording4,17.09.2021,17.09.2021,14:48:45.713,12:48:45.713,64514,Timeline2,Tobii I-VT (Fixation),1.145.28180,1080,1920,"10,00",674459097.0,,,793.0,304.0,797.0,303.0,788.0,305.0,"-0,02746","-0,03471","-0,99902","-0,14440","-0,03004","-0,98906",,,Valid,Valid,"232,7","100,8","515,6","291,1","99,1","515,1","218,5","82,9","215,9","83,5","0,3656","0,2814","0,3694","0,2803","0,3618","0,2825",thumbnail_grossTrial,thumbnail_grossTrial.png,1245.0,1080.0,337.0,0.0,798.0,692.0,Fixation,500.0,15.0,793.0,302.0,"0,3658","0,2799",,
24302,6602956,1400445874243,Eye Tracker,Participant0058,17.09.2021,Participant0058,Recording4,17.09.2021,17.09.2021,14:48:45.713,12:48:45.713,64514,Timeline2,Tobii I-VT (Fixation),1.145.28180,1080,1920,"10,00",674467459.0,,,792.0,298.0,794.0,294.0,790.0,303.0,"-0,02906","-0,03947","-0,99880","-0,14314","-0,03137","-0,98920","3,80","3,70",Valid,Valid,"232,7","100,8","515,6","291,2","99,1","515,1","217,7","80,4","216,6","82,8","0,3654","0,2760","0,3670","0,2720","0,3639","0,2801",thumbnail_grossTrial,thumbnail_grossTrial.png,1245.0,1080.0,337.0,0.0,798.0,692.0,Fixation,500.0,15.0,793.0,302.0,"0,3658","0,2799",,
24303,6611253,1400445882540,Eye Tracker,Participant0058,17.09.2021,Participant0058,Recording4,17.09.2021,17.09.2021,14:48:45.713,12:48:45.713,64514,Timeline2,Tobii I-VT (Fixation),1.145.28180,1080,1920,"10,00",674475756.0,,,793.0,297.0,793.0,294.0,793.0,300.0,"-0,03015","-0,03961","-0,99876","-0,14204","-0,03302","-0,98931",,,Valid,Valid,"232,8","100,9","515,5","291,2","99,2","515,0","217,2","80,5","217,3","82,1","0,3656","0,2749","0,3656","0,2722","0,3657","0,2776",thumbnail_grossTrial,thumbnail_grossTrial.png,1245.0,1080.0,337.0,0.0,798.0,692.0,Fixation,500.0,15.0,793.0,302.0,"0,3658","0,2799",,
24304,6619633,1400445890920,Eye Tracker,Participant0058,17.09.2021,Participant0058,Recording4,17.09.2021,17.09.2021,14:48:45.713,12:48:45.713,64514,Timeline2,Tobii I-VT (Fixation),1.145.28180,1080,1920,"10,00",674484135.0,,,795.0,292.0,798.0,284.0,792.0,301.0,"-0,02725","-0,04507","-0,99861","-0,14244","-0,03251","-0,98927",,,Valid,Valid,"232,7","100,9","515,4","291,2","99,3","515,0","218,7","77,7","217,0","82,3","0,3674","0,2707","0,3698","0,2628","0,3650","0,2786",thumbnail_grossTrial,thumbnail_grossTrial.png,1245.0,1080.0,337.0,0.0,798.0,692.0,Fixation,500.0,15.0,793.0,302.0,"0,3658","0,2799",,
24305,6627933,1400445899220,Eye Tracker,Participant0058,17.09.2021,Participant0058,Recording4,17.09.2021,17.09.2021,14:48:45.713,12:48:45.713,64514,Timeline2,Tobii I-VT (Fixation),1.145.28180,1080,1920,"10,00",674492435.0,,,795.0,293.0,798.0,285.0,792.0,301.0,"-0,02739","-0,04460","-0,99863","-0,14261","-0,03231","-0,98925","3,78","3,77",Valid,Valid,"232,8","101,0","515,3","291,2","99,2","515,0","218,6","77,9","217,0","82,4","0,3673","0,2713","0,3697","0,2637","0,3648","0,2789",thumbnail_grossTrial,thumbnail_grossTrial.png,1245.0,1080.0,337.0,0.0,798.0,692.0,Fixation,500.0,15.0,793.0,302.0,"0,3658","0,2799",,
24306,6636264,1400445907551,Eye Tracker,Participant0058,17.09.2021,Participant0058,Recording4,17.09.2021,17.09.2021,14:48:45.713,12:48:45.713,64514,Timeline2,Tobii I-VT (Fixation),1.145.28180,1080,1920,"10,00",674500766.0,,,793.0,295.0,798.0,288.0,788.0,302.0,"-0,02744","-0,04313","-0,99869","-0,14435","-0,03225","-0,98900",,,Valid,Valid,"232,8","101,1","515,2","291,3","99,3","514,9","218,7","78,8","216,1","82,6","0,3661","0,2730","0,3698","0,2667","0,3623","0,2793",thumbnail_grossTrial,thumbnail_grossTrial.png,1245.0,1080.0,337.0,0.0,798.0,692.0,Fixation,500.0,15.0,793.0,302.0,"0,3658","0,2799",,
24307,6644619,1400445915906,Eye Tracker,Participant0058,17.09.2021,Participant0058,Recording4,17.09.2021,17.09.2021,14:48:45.713,12:48:45.713,64514,Timeline2,Tobii I-VT (Fixation),1.145.28180,1080,1920,"10,00",674509121.0,,,793.0,297.0,797.0,293.0,788.0,302.0,"-0,02761","-0,04086","-0,99878","-0,14432","-0,03206","-0,98901",,,Valid,Valid,"232,8","101,1","515,0","291,2","99,4","514,9","218,5","80,1","216,1","82,7","0,3658","0,2753","0,3694","0,2709","0,3622","0,2797",thumbnail_grossTrial,thumbnail_grossTrial.png,1245.0,1080.0,337.0,0.0,798.0,692.0,Fixation,500.0,15.0,793.0,302.0,"0,3658","0,2799",,
24308,6652931,1400445924218,Eye Tracker,Participant0058,17.09.2021,Participant0058,Recording4,17.09.2021,17.09.2021,14:48:45.713,12:48:45.713,64514,Timeline2,Tobii I-VT (Fixation),1.145.28180,1080,1920,"10,00",674517432.0,,,795.0,301.0,800.0,300.0,789.0,302.0,"-0,02609","-0,03700","-0,99897","-0,14395","-0,03207","-0,98907","3,81","3,77",Valid,Valid,"232,8","101,1","514,9","291,2","99,3","514,8","219,3","82,1","216,3","82,6","0,3673","0,2786","0,3718","0,2776","0,3628","0,2796",thumbnail_grossTrial,thumbnail_grossTrial.png,1245.0,1080.0,337.0,0.0,798.0,692.0,Fixation,500.0,15.0,793.0,302.0,"0,3658","0,2799",,
24309,6661253,1400445932540,Eye Tracker,Participant0058,17.09.2021,Participant0058,Recording4,17.09.2021,17.09.2021,14:48:45.713,12:48:45.713,64514,Timeline2,Tobii I-VT (Fixation),1.145.28180,1080,1920,"10,00",674525754.0,,,795.0,298.0,800.0,297.0,791.0,299.0,"-0,02635","-0,03898","-0,99889","-0,14322","-0,03374","-0,98912",,,Valid,Valid,"232,8","101,3","514,7","291,2","99,4","514,7","219,3","81,2","216,7","81,9","0,3678","0,2758","0,3715","0,2746","0,3640","0,2770",thumbnail_grossTrial,thumbnail_grossTrial.png,1245.0,1080.0,337.0,0.0,798.0,692.0,Fixation,500.0,15.0,793.0,302.0,"0,3658","0,2799",,
24310,6669673,1400445940960,Eye Tracker,Participant0058,17.09.2021,Participant0058,Recording4,17.09.2021,17.09.2021,14:48:45.713,12:48:45.713,64514,Timeline2,Tobii I-VT (Fixation),1.145.28180,1080,1920,"10,00",674534174.0,,,797.0,298.0,802.0,295.0,791.0,302.0,"-0,02503","-0,03996","-0,99889","-0,14303","-0,03228","-0,98919",,,Valid,Valid,"232,8","101,3","514,6","291,2","99,4","514,7","219,9","80,7","216,7","82,6","0,3687","0,2762","0,3733","0,2730","0,3642","0,2795",thumbnail_grossTrial,thumbnail_grossTrial.png,1245.0,1080.0,337.0,0.0,798.0,692.0,Fixation,500.0,15.0,793.0,302.0,"0,3658","0,2799",,
24311,6677996,1400445949283,Eye Tracker,Participant0058,17.09.2021,Participant0058,Recording4,17.09.2021,17.09.2021,14:48:45.713,12:48:45.713,64514,Timeline2,Tobii I-VT (Fixation),1.145.28180,1080,1920,"10,00",674542497.0,,,793.0,298.0,800.0,296.0,786.0,301.0,"-0,02621","-0,03951","-0,99888","-0,14570","-0,03241","-0,98880","3,74","3,71",Valid,Valid,"232,8","101,2","514,5","291,2","99,3","514,7","219,3","80,9","215,3","82,5","0,3658","0,2764","0,3716","0,2737","0,3601","0,2791",thumbnail_grossTrial,thumbnail_grossTrial.png,1245.0,1080.0,337.0,0.0,798.0,692.0,Fixation,500.0,15.0,793.0,302.0,"0,3658","0,2799",,
24312,6686277,1400445957564,Eye Tracker,Participant0058,17.09.2021,Participant0058,Recording4,17.09.2021,17.09.2021,14:48:45.713,12:48:45.713,64514,Timeline2,Tobii I-VT (Fixation),1.145.28180,1080,1920,"10,00",674550778.0,,,790.0,302.0,797.0,300.0,783.0,303.0,"-0,02802","-0,03721","-0,99891","-0,14703","-0,03149","-0,98863",,,Valid,Valid,"232,8","101,3","514,3","291,2","99,4","514,6","218,4","82,2","214,7","83,0","0,3635","0,2794","0,3690","0,2780","0,3581","0,2809",thumbnail_grossTrial,thumbnail_grossTrial.png,1245.0,1080.0,337.0,0.0,798.0,692.0,Fixation,500.0,15.0,793.0,302.0,"0,3658","0,2799",,
24313,6694614,1400445965901,Eye Tracker,Participant0058,17.09.2021,Participant0058,Recording4,17.09.2021,17.09.2021,14:48:45.713,12:48:45.713,64514,Timeline2,Tobii I-VT (Fixation),1.145.28180,1080,1920,"10,00",674559114.0,,,790.0,301.0,800.0,301.0,781.0,300.0,"-0,02647","-0,03652","-0,99898","-0,14816","-0,03314","-0,98841",,,Valid,Valid,"232,8","101,3","514,2","291,1","99,4","514,5","219,1","82,5","214,0","82,1","0,3637","0,2785","0,3712","0,2791","0,3562","0,2778",thumbnail_grossTrial,thumbnail_grossTrial.png,1245.0,1080.0,337.0,0.0,798.0,692.0,Fixation,500.0,15.0,793.0,302.0,"0,3658","0,2799",,
24314,6702930,1400445974217,Eye Tracker,Participant0058,17.09.2021,Participant0058,Recording4,17.09.2021,17.09.2021,14:48:45.713,12:48:45.713,64514,Timeline2,Tobii I-VT (Fixation),1.145.28180,1080,1920,"10,00",674567430.0,,,795.0,302.0,803.0,301.0,787.0,303.0,"-0,02469","-0,03656","-0,99903","-0,14486","-0,03153","-0,98895","3,74","3,73",Valid,Valid,"232,8","101,2","514,2","291,2","99,3","514,5","220,1","82,4","215,8","82,9","0,3677","0,2795","0,3739","0,2787","0,3614","0,2804",thumbnail_grossTrial,thumbnail_grossTrial.png,1245.0,1080.0,337.0,0.0,798.0,692.0,Fixation,500.0,15.0,793.0,302.0,"0,3658","0,2799",,
24315,6711257,1400445982544,Eye Tracker,Participant0058,17.09.2021,Participant0058,Recording4,17.09.2021,17.09.2021,14:48:45.713,12:48:45.713,64514,Timeline2,Tobii I-VT (Fixation),1.145.28180,1080,1920,"10,00",674575757.0,,,797.0,302.0,804.0,295.0,790.0,308.0,"-0,02445","-0,03988","-0,99891","-0,14345","-0,02868","-0,98924",,,Valid,Valid,"232,8","101,3","514,1","291,2","99,3","514,5","220,3","80,8","216,6","84,4","0,3691","0,2794","0,3745","0,2732","0,3638","0,2855",thumbnail_grossTrial,thumbnail_grossTrial.png,1245.0,1080.0,337.0,0.0,798.0,692.0,Fixation,500.0,15.0,793.0,302.0,"0,3658","0,2799",,
24316,6719581,1400445990868,Eye Tracker,Participant0058,17.09.2021,Participant0058,Recording4,17.09.2021,17.09.2021,14:48:45.713,12:48:45.713,64514,Timeline2,Tobii I-VT (Fixation),1.145.28180,1080,1920,"10,00",674584081.0,,,793.0,299.0,795.0,292.0,791.0,307.0,"-0,02910","-0,04164","-0,99871","-0,14318","-0,02907","-0,98927",,,Valid,Valid,"232,8","101,2","514,0","291,2","99,2","514,5","217,8","79,8","216,7","84,1","0,3657","0,2773","0,3673","0,2700","0,3641","0,2846",thumbnail_grossTrial,thumbnail_grossTrial.png,1245.0,1080.0,337.0,0.0,798.0,692.0,Fixation,500.0,15.0,793.0,302.0,"0,3658","0,2799",,
24317,6727923,1400445999210,Eye Tracker,Participant0058,17.09.2021,Participant0058,Recording4,17.09.2021,17.09.2021,14:48:45.713,12:48:45.713,64514,Timeline2,Tobii I-VT (Fixation),1.145.28180,1080,1920,"10,00",674592422.0,,,793.0,297.0,796.0,291.0,790.0,304.0,"-0,02856","-0,04190","-0,99871","-0,14364","-0,03087","-0,98915","3,77","3,71",Valid,Valid,"232,8","101,1","514,0","291,2","99,1","514,5","218,1","79,6","216,5","83,1","0,3658","0,2751","0,3682","0,2692","0,3635","0,2810",thumbnail_grossTrial,thumbnail_grossTrial.png,1245.0,1080.0,337.0,0.0,798.0,692.0,Fixation,500.0,15.0,793.0,302.0,"0,3658","0,2799",,
24318,6736244,1400446007531,Eye Tracker,Participant0058,17.09.2021,Participant0058,Recording4,17.09.2021,17.09.2021,14:48:45.713,12:48:45.713,64514,Timeline2,Tobii I-VT (Fixation),1.145.28180,1080,1920,"10,00",674600743.0,,,794.0,305.0,800.0,303.0,789.0,306.0,"-0,02653","-0,03525","-0,99903","-0,14442","-0,02989","-0,98906",,,Valid,Valid,"232,9","101,2","513,9","291,3","99,2","514,4","219,2","83,1","216,1","83,6","0,3669","0,2820","0,3715","0,2810","0,3624","0,2829",thumbnail_grossTrial,thumbnail_grossTrial.png,1245.0,1080.0,337.0,0.0,798.0,692.0,Fixation,500.0,15.0,793.0,302.0,"0,3658","0,2799",,
24319,6744642,1400446015929,Eye Tracker,Participant0058,17.09.2021,Participant0058,Recording4,17.09.2021,17.09.2021,14:48:45.713,12:48:45.713,64514,Timeline2,Tobii I-VT (Fixation),1.145.28180,1080,1920,"10,00",674609141.0,,,794.0,304.0,796.0,304.0,791.0,304.0,"-0,02836","-0,03478","-0,99899","-0,14288","-0,03079","-0,98926",,,Valid,Valid,"232,8","101,1","513,9","291,2","99,1","514,5","218,2","83,2","216,9","83,1","0,3666","0,2814","0,3685","0,2816","0,3646","0,2811",thumbnail_grossTrial,thumbnail_grossTrial.png,1245.0,1080.0,337.0,0.0,798.0,692.0,Fixation,500.0,15.0,793.0,302.0,"0,3658","0,2799",,
24320,6752983,1400446024270,Eye Tracker,Participant0058,17.09.2021,Participant0058,Recording4,17.09.2021,17.09.2021,14:48:45.713,12:48:45.713,64514,Timeline2,Tobii I-VT (Fixation),1.145.28180,1080,1920,"10,00",674617482.0,,,794.0,305.0,795.0,301.0,793.0,308.0,"-0,02925","-0,03614","-0,99892","-0,14230","-0,02837","-0,98942","3,75","3,64",Valid,Valid,"232,8","101,1","513,9","291,2","99,0","514,5","217,8","82,5","217,2","84,3","0,3663","0,2821","0,3671","0,2790","0,3655","0,2851",thumbnail_grossTrial,thumbnail_grossTrial.png,1245.0,1080.0,337.0,0.0,798.0,692.0,Fixation,500.0,15.0,793.0,302.0,"0,3658","0,2799",,
24321,6761346,1400446032633,Eye Tracker,Participant0058,17.09.2021,Participant0058,Recording4,17.09.2021,17.09.2021,14:48:45.713,12:48:45.713,64514,Timeline2,Tobii I-VT (Fixation),1.145.28180,1080,1920,"10,00",674625844.0,,,792.0,304.0,794.0,298.0,789.0,309.0,"-0,02940","-0,03785","-0,99885","-0,14417","-0,02791","-0,98916",,,Valid,Valid,"232,8","101,2","513,9","291,2","99,1","514,5","217,7","81,7","216,2","84,6","0,3648","0,2813","0,3670","0,2764","0,3626","0,2862",thumbnail_grossTrial,thumbnail_grossTrial.png,1245.0,1080.0,337.0,0.0,798.0,692.0,Fixation,500.0,15.0,793.0,302.0,"0,3658","0,2799",,
24322,6769595,1400446040882,Eye Tracker,Participant0058,17.09.2021,Participant0058,Recording4,17.09.2021,17.09.2021,14:48:45.713,12:48:45.713,64514,Timeline2,Tobii I-VT (Fixation),1.145.28180,1080,1920,"10,00",674634093.0,,,790.0,307.0,791.0,306.0,790.0,309.0,"-0,03118","-0,03408","-0,99893","-0,14330","-0,02773","-0,98929",,,Valid,Valid,"232,7","101,1","513,9","291,1","99,1","514,6","216,7","83,6","216,6","84,6","0,3638","0,2846","0,3640","0,2829","0,3637","0,2864",thumbnail_grossTrial,thumbnail_grossTrial.png,1245.0,1080.0,337.0,0.0,798.0,692.0,Fixation,500.0,15.0,793.0,302.0,"0,3658","0,2799",,
24323,6777940,1400446049227,Eye Tracker,Participant0058,17.09.2021,Participant0058,Recording4,17.09.2021,17.09.2021,14:48:45.713,12:48:45.713,64514,Timeline2,Tobii I-VT (Fixation),1.145.28180,1080,1920,"10,00",674642438.0,,,790.0,305.0,792.0,304.0,788.0,306.0,"-0,03052","-0,03465","-0,99893","-0,14438","-0,02945","-0,98908","3,75","3,70",Valid,Valid,"232,7","101,1","514,0","291,1","99,0","514,6","217,0","83,3","216,0","83,7","0,3635","0,2825","0,3649","0,2818","0,3620","0,2832",thumbnail_grossTrial,thumbnail_grossTrial.png,1245.0,1080.0,337.0,0.0,798.0,692.0,Fixation,500.0,15.0,793.0,302.0,"0,3658","0,2799",,
24324,6786268,1400446057555,Eye Tracker,Participant0058,17.09.2021,Participant0058,Recording4,17.09.2021,17.09.2021,14:48:45.713,12:48:45.713,64514,Timeline2,Tobii I-VT (Fixation),1.145.28180,1080,1920,"10,00",674650766.0,,,790.0,307.0,793.0,305.0,787.0,309.0,"-0,03005","-0,03473","-0,99894","-0,14489","-0,02791","-0,98905",,,Valid,Valid,"232,7","101,2","513,9","291,1","99,1","514,6","217,3","83,4","215,7","84,6","0,3635","0,2842","0,3657","0,2821","0,3612","0,2863",thumbnail_grossTrial,thumbnail_grossTrial.png,1245.0,1080.0,337.0,0.0,798.0,692.0,Fixation,500.0,15.0,793.0,302.0,"0,3658","0,2799",,
24325,6794572,1400446065859,Eye Tracker,Participant0058,17.09.2021,Participant0058,Recording4,17.09.2021,17.09.2021,14:48:45.713,12:48:45.713,64514,Timeline2,Tobii I-VT (Fixation),1.145.28180,1080,1920,"10,00",674659069.0,,,791.0,305.0,795.0,299.0,788.0,311.0,"-0,02897","-0,03799","-0,99886","-0,14407","-0,02715","-0,98920",,,Valid,Valid,"232,7","101,3","514,0","291,1","99,2","514,7","217,8","81,7","216,1","85,0","0,3647","0,2821","0,3671","0,2765","0,3623","0,2877",thumbnail_grossTrial,thumbnail_grossTrial.png,1245.0,1080.0,337.0,0.0,798.0,692.0,Fixation,500.0,15.0,793.0,302.0,"0,3658","0,2799",,
24326,6802949,1400446074236,Eye Tracker,Participant0058,17.09.2021,Participant0058,Recording4,17.09.2021,17.09.2021,14:48:45.713,12:48:45.713,64514,Timeline2,Tobii I-VT (Fixation),1.145.28180,1080,1920,"10,00",674667446.0,,,795.0,305.0,794.0,305.0,796.0,305.0,"-0,02915","-0,03446","-0,99898","-0,14000","-0,03023","-0,98969","3,76","3,73",Valid,Valid,"232,7","101,3","514,0","291,1","99,2","514,8","217,7","83,5","218,3","83,4","0,3678","0,2825","0,3669","0,2826","0,3686","0,2823",thumbnail_grossTrial,thumbnail_grossTrial.png,1245.0,1080.0,337.0,0.0,798.0,692.0,Fixation,500.0,15.0,793.0,302.0,"0,3658","0,2799",,
24327,6811277,1400446082564,Eye Tracker,Participant0058,17.09.2021,Participant0058,Recording4,17.09.2021,17.09.2021,14:48:45.713,12:48:45.713,64514,Timeline2,Tobii I-VT (Fixation),1.145.28180,1080,1920,"10,00",674675774.0,,,793.0,302.0,790.0,303.0,795.0,301.0,"-0,03150","-0,03589","-0,99886","-0,14072","-0,03260","-0,98951",,,Valid,Valid,"232,8","101,4","514,0","291,2","99,3","514,8","216,5","82,9","217,9","82,3","0,3656","0,2796","0,3636","0,2806","0,3677","0,2785",thumbnail_grossTrial,thumbnail_grossTrial.png,1245.0,1080.0,337.0,0.0,798.0,692.0,Fixation,500.0,15.0,793.0,302.0,"0,3658","0,2799",,
24328,6819603,1400446090890,Eye Tracker,Participant0058,17.09.2021,Participant0058,Recording4,17.09.2021,17.09.2021,14:48:45.713,12:48:45.713,64514,Timeline2,Tobii I-VT (Fixation),1.145.28180,1080,1920,"10,00",674684100.0,,,789.0,302.0,791.0,301.0,786.0,304.0,"-0,03088","-0,03720","-0,99883","-0,14535","-0,03090","-0,98890",,,Valid,Valid,"232,7","101,4","514,0","291,2","99,3","514,9","216,8","82,3","215,5","83,2","0,3624","0,2799","0,3644","0,2784","0,3604","0,2815",thumbnail_grossTrial,thumbnail_grossTrial.png,1245.0,1080.0,337.0,0.0,798.0,692.0,Fixation,500.0,15.0,793.0,302.0,"0,3658","0,2799",,
24329,6827906,1400446099193,Eye Tracker,Participant0058,17.09.2021,Participant0058,Recording4,17.09.2021,17.09.2021,14:48:45.713,12:48:45.713,64514,Timeline2,Tobii I-VT (Fixation),1.145.28180,1080,1920,"10,00",674692403.0,,,789.0,302.0,791.0,299.0,788.0,306.0,"-0,03129","-0,03804","-0,99879","-0,14437","-0,02990","-0,98907","3,75","3,66",Valid,Valid,"232,8","101,4","514,1","291,2","99,3","515,0","216,7","81,8","216,1","83,7","0,3631","0,2800","0,3640","0,2768","0,3622","0,2832",thumbnail_grossTrial,thumbnail_grossTrial.png,1245.0,1080.0,337.0,0.0,798.0,692.0,Fixation,500.0,15.0,793.0,302.0,"0,3658","0,2799",,
24330,6836271,1400446107558,Eye Tracker,Participant0058,17.09.2021,Participant0058,Recording4,17.09.2021,17.09.2021,14:48:45.713,12:48:45.713,64514,Timeline2,Tobii I-VT (Fixation),1.145.28180,1080,1920,"10,00",674700767.0,,,788.0,305.0,789.0,301.0,787.0,309.0,"-0,03212","-0,03707","-0,99880","-0,14540","-0,02824","-0,98897",,,Valid,Valid,"232,9","101,5","514,1","291,3","99,4","514,9","216,4","82,4","215,6","84,7","0,3619","0,2827","0,3630","0,2789","0,3608","0,2865",thumbnail_grossTrial,thumbnail_grossTrial.png,1245.0,1080.0,337.0,0.0,798.0,692.0,Fixation,500.0,15.0,793.0,302.0,"0,3658","0,2799",,
24331,6844568,1400446115855,Eye Tracker,Participant0058,17.09.2021,Participant0058,Recording4,17.09.2021,17.09.2021,14:48:45.713,12:48:45.713,64514,Timeline2,Tobii I-VT (Fixation),1.145.28180,1080,1920,"10,00",674709064.0,,,790.0,301.0,791.0,299.0,789.0,303.0,"-0,03117","-0,03841","-0,99878","-0,14402","-0,03174","-0,98907",,,Valid,Valid,"232,9","101,5","514,1","291,3","99,4","515,0","216,8","81,7","216,3","82,8","0,3636","0,2784","0,3644","0,2765","0,3629","0,2803",thumbnail_grossTrial,thumbnail_grossTrial.png,1245.0,1080.0,337.0,0.0,798.0,692.0,Fixation,500.0,15.0,793.0,302.0,"0,3658","0,2799",,
24332,6852937,1400446124224,Eye Tracker,Participant0058,17.09.2021,Participant0058,Recording4,17.09.2021,17.09.2021,14:48:45.713,12:48:45.713,64514,Timeline2,Tobii I-VT (Fixation),1.145.28180,1080,1920,"10,00",674717433.0,,,791.0,302.0,792.0,298.0,789.0,305.0,"-0,03061","-0,03843","-0,99879","-0,14411","-0,03020","-0,98910","3,80","3,74",Valid,Valid,"232,9","101,4","514,2","291,3","99,3","515,0","217,1","81,7","216,3","83,6","0,3641","0,2795","0,3653","0,2763","0,3628","0,2828",thumbnail_grossTrial,thumbnail_grossTrial.png,1245.0,1080.0,337.0,0.0,798.0,692.0,Fixation,500.0,15.0,793.0,302.0,"0,3658","0,2799",,
24333,6861232,1400446132519,Eye Tracker,Participant0058,17.09.2021,Participant0058,Recording4,17.09.2021,17.09.2021,14:48:45.713,12:48:45.713,64514,Timeline2,Tobii I-VT (Fixation),1.145.28180,1080,1920,"10,00",674725728.0,,,794.0,301.0,798.0,298.0,790.0,303.0,"-0,02776","-0,03877","-0,99886","-0,14363","-0,03143","-0,98913",,,Valid,Valid,"232,9","101,5","514,2","291,4","99,4","515,0","218,7","81,6","216,6","83,0","0,3668","0,2784","0,3698","0,2760","0,3637","0,2809",thumbnail_grossTrial,thumbnail_grossTrial.png,1245.0,1080.0,337.0,0.0,798.0,692.0,Fixation,500.0,15.0,793.0,302.0,"0,3658","0,2799",,
24334,6869595,1400446140882,Eye Tracker,Participant0058,17.09.2021,Participant0058,Recording4,17.09.2021,17.09.2021,14:48:45.713,12:48:45.713,64514,Timeline2,Tobii I-VT (Fixation),1.145.28180,1080,1920,"10,00",674734090.0,,,794.0,303.0,801.0,299.0,787.0,308.0,"-0,02591","-0,03827","-0,99893","-0,14522","-0,02898","-0,98897",,,Valid,Valid,"232,9","101,5","514,2","291,3","99,3","515,0","219,5","81,8","215,7","84,3","0,3667","0,2809","0,3723","0,2767","0,3610","0,2851",thumbnail_grossTrial,thumbnail_grossTrial.png,1245.0,1080.0,337.0,0.0,798.0,692.0,Fixation,500.0,15.0,793.0,302.0,"0,3658","0,2799",,
24335,6877941,1400446149228,Eye Tracker,Participant0058,17.09.2021,Participant0058,Recording4,17.09.2021,17.09.2021,14:48:45.713,12:48:45.713,64514,Timeline2,Tobii I-VT (Fixation),1.145.28180,1080,1920,"10,00",674742436.0,,,796.0,301.0,804.0,299.0,787.0,304.0,"-0,02439","-0,03825","-0,99897","-0,14494","-0,03067","-0,98896","3,76","3,73",Valid,Valid,"232,8","101,4","514,2","291,3","99,3","515,0","220,3","81,7","215,8","83,3","0,3680","0,2791","0,3746","0,2765","0,3614","0,2818",thumbnail_grossTrial,thumbnail_grossTrial.png,1245.0,1080.0,337.0,0.0,798.0,692.0,Fixation,500.0,15.0,793.0,302.0,"0,3658","0,2799",,
24336,6886245,1400446157532,Eye Tracker,Participant0058,17.09.2021,Participant0058,Recording4,17.09.2021,17.09.2021,14:48:45.713,12:48:45.713,64514,Timeline2,Tobii I-VT (Fixation),1.145.28180,1080,1920,"10,00",674750740.0,,,795.0,303.0,800.0,302.0,789.0,304.0,"-0,02623","-0,03664","-0,99898","-0,14408","-0,03111","-0,98908",,,Valid,Valid,"232,9","101,4","514,2","291,3","99,3","515,0","219,4","82,6","216,3","83,1","0,3673","0,2803","0,3718","0,2794","0,3628","0,2812",thumbnail_grossTrial,thumbnail_grossTrial.png,1245.0,1080.0,337.0,0.0,798.0,692.0,Fixation,500.0,15.0,793.0,302.0,"0,3658","0,2799",,
24337,6894585,1400446165872,Eye Tracker,Participant0058,17.09.2021,Participant0058,Recording4,17.09.2021,17.09.2021,14:48:45.713,12:48:45.713,64514,Timeline2,Tobii I-VT (Fixation),1.145.28180,1080,1920,"10,00",674759080.0,,,796.0,305.0,799.0,304.0,794.0,306.0,"-0,02693","-0,03512","-0,99902","-0,14160","-0,02959","-0,98948",,,Valid,Valid,"232,8","101,4","514,2","291,2","99,3","515,0","218,9","83,3","217,5","83,9","0,3684","0,2827","0,3705","0,2818","0,3664","0,2837",thumbnail_grossTrial,thumbnail_grossTrial.png,1245.0,1080.0,337.0,0.0,798.0,692.0,Fixation,500.0,15.0,793.0,302.0,"0,3658","0,2799",,
24338,6902900,1400446174187,Eye Tracker,Participant0058,17.09.2021,Participant0058,Recording4,17.09.2021,17.09.2021,14:48:45.713,12:48:45.713,64514,Timeline2,Tobii I-VT (Fixation),1.145.28180,1080,1920,"10,00",674767394.0,,,795.0,307.0,797.0,305.0,793.0,309.0,"-0,02788","-0,03450","-0,99902","-0,14167","-0,02804","-0,98952","3,79","3,75",Valid,Valid,"232,7","101,3","514,2","291,2","99,2","515,0","218,4","83,5","217,5","84,6","0,3676","0,2843","0,3690","0,2825","0,3663","0,2861",thumbnail_grossTrial,thumbnail_grossTrial.png,1245.0,1080.0,337.0,0.0,798.0,692.0,Fixation,500.0,15.0,793.0,302.0,"0,3658","0,2799",,
24339,6911229,1400446182516,Eye Tracker,Participant0058,17.09.2021,Participant0058,Recording4,17.09.2021,17.09.2021,14:48:45.713,12:48:45.713,64514,Timeline2,Tobii I-VT (Fixation),1.145.28180,1080,1920,"10,00",674775723.0,,,796.0,309.0,796.0,302.0,795.0,316.0,"-0,02849","-0,03622","-0,99894","-0,14080","-0,02460","-0,98973",,,Valid,Valid,"232,8","101,3","514,2","291,2","99,2","514,9","218,1","82,7","218,0","86,4","0,3680","0,2860","0,3682","0,2797","0,3677","0,2924",thumbnail_grossTrial,thumbnail_grossTrial.png,1245.0,1080.0,337.0,0.0,798.0,692.0,Fixation,500.0,15.0,793.0,302.0,"0,3658","0,2799",,
24340,6919559,1400446190846,Eye Tracker,Participant0058,17.09.2021,Participant0058,Recording4,17.09.2021,17.09.2021,14:48:45.713,12:48:45.713,64514,Timeline2,Tobii I-VT (Fixation),1.145.28180,1080,1920,"10,00",674784053.0,,,796.0,307.0,796.0,299.0,795.0,315.0,"-0,02813","-0,03759","-0,99890","-0,14083","-0,02487","-0,98972",,,Valid,Valid,"232,7","101,2","514,2","291,2","99,2","514,9","218,2","81,9","217,9","86,2","0,3680","0,2844","0,3685","0,2771","0,3675","0,2917",thumbnail_grossTrial,thumbnail_grossTrial.png,1245.0,1080.0,337.0,0.0,798.0,692.0,Fixation,500.0,15.0,793.0,302.0,"0,3658","0,2799",,
24341,6927908,1400446199195,Eye Tracker,Participant0058,17.09.2021,Participant0058,Recording4,17.09.2021,17.09.2021,14:48:45.713,12:48:45.713,64514,Timeline2,Tobii I-VT (Fixation),1.145.28180,1080,1920,"10,00",674792402.0,,,789.0,304.0,787.0,297.0,791.0,310.0,"-0,03300","-0,03856","-0,99871","-0,14315","-0,02727","-0,98933","3,64","3,53",Valid,Valid,"232,7","101,2","514,2","291,2","99,1","514,9","215,8","81,3","216,7","84,9","0,3626","0,2811","0,3613","0,2751","0,3640","0,2872",thumbnail_grossTrial,thumbnail_grossTrial.png,1245.0,1080.0,337.0,0.0,798.0,692.0,Fixation,500.0,15.0,793.0,302.0,"0,3658","0,2799",,
24342,6936238,1400446207525,Eye Tracker,Participant0058,17.09.2021,Participant0058,Recording4,17.09.2021,17.09.2021,14:48:45.713,12:48:45.713,64514,Timeline2,Tobii I-VT (Fixation),1.145.28180,1080,1920,"10,00",674800732.0,,,792.0,300.0,787.0,297.0,797.0,303.0,"-0,03341","-0,03892","-0,99868","-0,13989","-0,03095","-0,98968",,,Valid,Valid,"232,8","101,2","514,1","291,2","99,1","514,8","215,6","81,2","218,5","83,0","0,3651","0,2778","0,3609","0,2747","0,3692","0,2809",thumbnail_grossTrial,thumbnail_grossTrial.png,1245.0,1080.0,337.0,0.0,798.0,692.0,Fixation,500.0,15.0,793.0,302.0,"0,3658","0,2799",,
24343,6944560,1400446215847,Eye Tracker,Participant0058,17.09.2021,Participant0058,Recording4,17.09.2021,17.09.2021,14:48:45.713,12:48:45.713,64514,Timeline2,Tobii I-VT (Fixation),1.145.28180,1080,1920,"10,00",674809053.0,,,787.0,301.0,781.0,303.0,793.0,299.0,"-0,03624","-0,03530","-0,99872","-0,14200","-0,03342","-0,98930",,,Valid,Valid,"232,8","101,2","514,1","291,2","99,1","514,9","214,1","83,0","217,3","81,7","0,3612","0,2786","0,3565","0,2808","0,3659","0,2764",thumbnail_grossTrial,thumbnail_grossTrial.png,1245.0,1080.0,337.0,0.0,798.0,692.0,Fixation,500.0,15.0,793.0,302.0,"0,3658","0,2799",,
24344,6952964,1400446224251,Eye Tracker,Participant0058,17.09.2021,Participant0058,Recording4,17.09.2021,17.09.2021,14:48:45.713,12:48:45.713,64514,Timeline2,Tobii I-VT (Fixation),1.145.28180,1080,1920,"10,00",674817457.0,,,791.0,303.0,789.0,307.0,793.0,300.0,"-0,03239","-0,03347","-0,99891","-0,14206","-0,03235","-0,98933","3,81","3,52",Valid,Valid,"232,8","101,1","514,1","291,3","99,0","514,9","216,1","83,9","217,3","82,2","0,3641","0,2810","0,3624","0,2838","0,3659","0,2781",thumbnail_grossTrial,thumbnail_grossTrial.png,1245.0,1080.0,337.0,0.0,798.0,692.0,Fixation,500.0,15.0,793.0,302.0,"0,3658","0,2799",,
24345,6961299,1400446232586,Eye Tracker,Participant0058,17.09.2021,Participant0058,Recording4,17.09.2021,17.09.2021,14:48:45.713,12:48:45.713,64514,Timeline2,Tobii I-VT (Fixation),1.145.28180,1080,1920,"10,00",674825792.0,,,789.0,300.0,793.0,301.0,786.0,300.0,"-0,03043","-0,03644","-0,99887","-0,14578","-0,03297","-0,98877",,,Valid,Valid,"232,9","101,2","514,0","291,3","99,1","514,8","217,2","82,5","215,4","82,0","0,3629","0,2782","0,3655","0,2790","0,3602","0,2773",thumbnail_grossTrial,thumbnail_grossTrial.png,1245.0,1080.0,337.0,0.0,798.0,692.0,Fixation,500.0,15.0,793.0,302.0,"0,3658","0,2799",,
24346,6969584,1400446240871,Eye Tracker,Participant0058,17.09.2021,Participant0058,Recording4,17.09.2021,17.09.2021,14:48:45.713,12:48:45.713,64514,Timeline2,Tobii I-VT (Fixation),1.145.28180,1080,1920,"10,00",674834077.0,,,789.0,300.0,790.0,300.0,788.0,300.0,"-0,03170","-0,03708","-0,99881","-0,14441","-0,03292","-0,98897",,,Valid,Valid,"232,8","101,2","514,0","291,2","99,1","514,8","216,5","82,1","216,1","82,0","0,3628","0,2776","0,3634","0,2779","0,3622","0,2774",thumbnail_grossTrial,thumbnail_grossTrial.png,1245.0,1080.0,337.0,0.0,798.0,692.0,Fixation,500.0,15.0,793.0,302.0,"0,3658","0,2799",,
24347,6977892,1400446249179,Eye Tracker,Participant0058,17.09.2021,Participant0058,Recording4,17.09.2021,17.09.2021,14:48:45.713,12:48:45.713,64514,Timeline2,Tobii I-VT (Fixation),1.145.28180,1080,1920,"10,00",674842384.0,,,790.0,298.0,788.0,293.0,792.0,302.0,"-0,03286","-0,04084","-0,99862","-0,14273","-0,03145","-0,98926","3,83","3,76",Valid,Valid,"232,8","101,2","514,0","291,2","99,1","514,8","215,9","80,2","217,0","82,7","0,3633","0,2755","0,3617","0,2713","0,3648","0,2798",thumbnail_grossTrial,thumbnail_grossTrial.png,1245.0,1080.0,337.0,0.0,798.0,692.0,Fixation,500.0,15.0,793.0,302.0,"0,3658","0,2799",,
24348,6986247,1400446257534,Eye Tracker,Participant0058,17.09.2021,Participant0058,Recording4,17.09.2021,17.09.2021,14:48:45.713,12:48:45.713,64514,Timeline2,Tobii I-VT (Fixation),1.145.28180,1080,1920,"10,00",674850739.0,,,789.0,303.0,788.0,300.0,791.0,305.0,"-0,03305","-0,03709","-0,99877","-0,14327","-0,03018","-0,98922",,,Valid,Valid,"232,8","101,3","514,0","291,3","99,2","514,8","215,8","82,2","216,7","83,5","0,3628","0,2803","0,3615","0,2782","0,3641","0,2825",thumbnail_grossTrial,thumbnail_grossTrial.png,1245.0,1080.0,337.0,0.0,798.0,692.0,Fixation,500.0,15.0,793.0,302.0,"0,3658","0,2799",,
24349,6994553,1400446265840,Eye Tracker,Participant0058,17.09.2021,Participant0058,Recording4,17.09.2021,17.09.2021,14:48:45.713,12:48:45.713,64514,Timeline2,Tobii I-VT (Fixation),1.145.28180,1080,1920,"10,00",674859045.0,,,794.0,300.0,794.0,294.0,793.0,306.0,"-0,02929","-0,04076","-0,99874","-0,14193","-0,02950","-0,98944",,,Valid,Valid,"232,8","101,3","513,9","291,2","99,2","514,8","217,7","80,3","217,3","83,9","0,3664","0,2778","0,3669","0,2718","0,3659","0,2837",thumbnail_grossTrial,thumbnail_grossTrial.png,1245.0,1080.0,337.0,0.0,798.0,692.0,Fixation,500.0,15.0,793.0,302.0,"0,3658","0,2799",,
24350,7002889,1400446274176,Eye Tracker,Participant0058,17.09.2021,Participant0058,Recording4,17.09.2021,17.09.2021,14:48:45.713,12:48:45.713,64514,Timeline2,Tobii I-VT (Fixation),1.145.28180,1080,1920,"10,00",674867381.0,,,798.0,299.0,799.0,295.0,796.0,304.0,"-0,02663","-0,04000","-0,99884","-0,14015","-0,03090","-0,98965","3,83","3,77",Valid,Valid,"232,8","101,3","514,0","291,2","99,2","514,8","219,1","80,7","218,3","83,1","0,3698","0,2772","0,3710","0,2731","0,3687","0,2812",thumbnail_grossTrial,thumbnail_grossTrial.png,1245.0,1080.0,337.0,0.0,798.0,692.0,Fixation,500.0,15.0,793.0,302.0,"0,3658","0,2799",,
24351,7011219,1400446282506,Eye Tracker,Participant0058,17.09.2021,Participant0058,Recording4,17.09.2021,17.09.2021,14:48:45.713,12:48:45.713,64514,Timeline2,Tobii I-VT (Fixation),1.145.28180,1080,1920,"10,00",674875710.0,,,802.0,303.0,801.0,296.0,804.0,309.0,"-0,02563","-0,03971","-0,99888","-0,13650","-0,02823","-0,99024",,,Valid,Valid,"232,8","101,4","513,9","291,2","99,3","514,8","219,6","81,0","220,2","84,6","0,3735","0,2802","0,3726","0,2741","0,3744","0,2864",thumbnail_grossTrial,thumbnail_grossTrial.png,1245.0,1080.0,337.0,0.0,798.0,692.0,Fixation,500.0,15.0,793.0,302.0,"0,3658","0,2799",,
24352,7019551,1400446290838,Eye Tracker,Participant0058,17.09.2021,Participant0058,Recording4,17.09.2021,17.09.2021,14:48:45.713,12:48:45.713,64514,Timeline2,Tobii I-VT (Fixation),1.145.28180,1080,1920,"10,00",674884042.0,,,800.0,307.0,798.0,303.0,801.0,312.0,"-0,02720","-0,03594","-0,99898","-0,13760","-0,02700","-0,99012",,,Valid,Valid,"232,7","101,5","513,9","291,2","99,3","514,9","218,7","83,0","219,6","85,3","0,3713","0,2846","0,3700","0,2807","0,3726","0,2885",thumbnail_grossTrial,thumbnail_grossTrial.png,1245.0,1080.0,337.0,0.0,798.0,692.0,Fixation,500.0,15.0,793.0,302.0,"0,3658","0,2799",,
24353,7027888,1400446299175,Eye Tracker,Participant0058,17.09.2021,Participant0058,Recording4,17.09.2021,17.09.2021,14:48:45.713,12:48:45.713,64514,Timeline2,Tobii I-VT (Fixation),1.145.28180,1080,1920,"10,00",674892379.0,,,797.0,313.0,796.0,310.0,798.0,316.0,"-0,02838","-0,03229","-0,99908","-0,13952","-0,02453","-0,98992","3,80","3,76",Valid,Valid,"232,8","101,4","513,9","291,2","99,3","514,9","218,2","84,8","218,6","86,5","0,3690","0,2898","0,3683","0,2870","0,3697","0,2927",thumbnail_grossTrial,thumbnail_grossTrial.png,1245.0,1080.0,337.0,0.0,798.0,692.0,Fixation,500.0,15.0,793.0,302.0,"0,3658","0,2799",,
24354,7036246,1400446307533,Eye Tracker,Participant0058,17.09.2021,Participant0058,Recording4,17.09.2021,17.09.2021,14:48:45.713,12:48:45.713,64514,Timeline2,Tobii I-VT (Fixation),1.145.28180,1080,1920,"10,00",674900737.0,,,795.0,315.0,798.0,319.0,793.0,310.0,"-0,02734","-0,02768","-0,99924","-0,14225","-0,02774","-0,98944",,,Valid,Valid,"232,8","101,5","513,9","291,2","99,4","514,9","218,8","87,3","217,2","84,9","0,3678","0,2914","0,3701","0,2954","0,3656","0,2873",thumbnail_grossTrial,thumbnail_grossTrial.png,1245.0,1080.0,337.0,0.0,798.0,692.0,Fixation,500.0,15.0,793.0,302.0,"0,3658","0,2799",,
24355,7044574,1400446315861,Eye Tracker,Participant0058,17.09.2021,Participant0058,Recording4,17.09.2021,17.09.2021,14:48:45.713,12:48:45.713,64514,Timeline2,Tobii I-VT (Fixation),1.145.28180,1080,1920,"10,00",674909064.0,,,794.0,316.0,795.0,329.0,792.0,304.0,"-0,02874","-0,02253","-0,99933","-0,14265","-0,03103","-0,98929",,,Valid,Valid,"232,8","101,5","513,9","291,2","99,3","514,9","218,0","90,0","217,0","83,2","0,3663","0,2929","0,3678","0,3044","0,3648","0,2815",thumbnail_grossTrial,thumbnail_grossTrial.png,1245.0,1080.0,337.0,0.0,798.0,692.0,Fixation,500.0,15.0,793.0,302.0,"0,3658","0,2799",,
24356,7052884,1400446324171,Eye Tracker,Participant0058,17.09.2021,Participant0058,Recording4,17.09.2021,17.09.2021,14:48:45.713,12:48:45.713,64514,Timeline2,Tobii I-VT (Fixation),1.145.28180,1080,1920,"10,00",674917374.0,,,789.0,314.0,788.0,326.0,791.0,301.0,"-0,03274","-0,02385","-0,99918","-0,14336","-0,03246","-0,98914","3,65","3,76",Valid,Valid,"232,9","101,5","513,9","291,3","99,3","514,9","216,0","89,2","216,7","82,4","0,3630","0,2904","0,3621","0,3019","0,3639","0,2788",thumbnail_grossTrial,thumbnail_grossTrial.png,1245.0,1080.0,337.0,0.0,798.0,692.0,Saccade,50.0,19.0,,,,,,
24357,7061214,1400446332501,Eye Tracker,Participant0058,17.09.2021,Participant0058,Recording4,17.09.2021,17.09.2021,14:48:45.713,12:48:45.713,64514,Timeline2,Tobii I-VT (Fixation),1.145.28180,1080,1920,"10,00",674925704.0,,,813.0,302.0,,,813.0,302.0,,,,"-0,13232","-0,03197","-0,99069",,,Invalid,Valid,,,,"291,5","99,4","514,9",,,"222,7","82,8","0,3816","0,2801",,,"0,3816","0,2801",thumbnail_grossTrial,thumbnail_grossTrial.png,1245.0,1080.0,337.0,0.0,798.0,692.0,Saccade,50.0,19.0,,,,,,
24358,7069545,1400446340832,Eye Tracker,Participant0058,17.09.2021,Participant0058,Recording4,17.09.2021,17.09.2021,14:48:45.713,12:48:45.713,64514,Timeline2,Tobii I-VT (Fixation),1.145.28180,1080,1920,"10,00",674934035.0,,,835.0,319.0,820.0,321.0,850.0,318.0,"-0,01675","-0,02654","-0,99951","-0,11338","-0,02412","-0,99326",,,Valid,Valid,"233,3","101,6","513,9","291,6","99,4","514,9","224,7","87,9","232,8","86,9","0,3993","0,2958","0,3873","0,2976","0,4113","0,2941",thumbnail_grossTrial,thumbnail_grossTrial.png,1245.0,1080.0,337.0,0.0,798.0,692.0,Saccade,50.0,19.0,,,,,,
24359,7077881,1400446349168,Eye Tracker,Participant0058,17.09.2021,Participant0058,Recording4,17.09.2021,17.09.2021,14:48:45.713,12:48:45.713,64514,Timeline2,Tobii I-VT (Fixation),1.145.28180,1080,1920,"10,00",674942371.0,,,916.0,315.0,895.0,318.0,937.0,312.0,"0,02304","-0,02848","-0,99933","-0,06759","-0,02701","-0,99735","3,71","3,76",Valid,Valid,"233,5","101,5","513,9","291,8","99,3","514,9","245,3","86,9","256,9","85,4","0,4649","0,2915","0,4479","0,2940","0,4819","0,2889",thumbnail_grossTrial,thumbnail_grossTrial.png,1245.0,1080.0,337.0,0.0,798.0,692.0,Saccade,50.0,19.0,,,,,,
24360,7086243,1400446357530,Eye Tracker,Participant0058,17.09.2021,Participant0058,Recording4,17.09.2021,17.09.2021,14:48:45.713,12:48:45.713,64514,Timeline2,Tobii I-VT (Fixation),1.145.28180,1080,1920,"10,00",674950732.0,,,1006.0,316.0,,,1006.0,316.0,,,,"-0,03127","-0,02495","-0,99920",,,Invalid,Valid,,,,"291,9","99,4","514,8",,,"275,8","86,6","0,5372","0,2929",,,"0,5372","0,2929",thumbnail_grossTrial,thumbnail_grossTrial.png,1245.0,1080.0,337.0,0.0,798.0,692.0,Saccade,50.0,19.0,,,,,,
24361,7094574,1400446365861,Eye Tracker,Participant0058,17.09.2021,Participant0058,Recording4,17.09.2021,17.09.2021,14:48:45.713,12:48:45.713,64514,Timeline2,Tobii I-VT (Fixation),1.145.28180,1080,1920,"10,00",674959063.0,,,1030.0,335.0,1035.0,342.0,1025.0,328.0,"0,09683","-0,01561","-0,99518","-0,02106","-0,01865","-0,99960",,,Valid,Valid,"233,5","101,5","513,8","291,9","99,4","514,8","283,5","93,5","281,0","89,8","0,5562","0,3101","0,5598","0,3163","0,5525","0,3039",thumbnail_grossTrial,thumbnail_grossTrial.png,1245.0,1080.0,337.0,0.0,798.0,692.0,Saccade,50.0,19.0,,,,,,
24362,7102888,1400446374175,Eye Tracker,Participant0058,17.09.2021,Participant0058,Recording4,17.09.2021,17.09.2021,14:48:45.713,12:48:45.713,64514,Timeline2,Tobii I-VT (Fixation),1.145.28180,1080,1920,"10,00",674967377.0,,,1039.0,339.0,1045.0,350.0,1032.0,327.0,"0,10230","-0,01083","-0,99469","-0,01740","-0,01898","-0,99967","3,72","3,89",Valid,Valid,"233,6","101,4","513,8","291,9","99,3","514,8","286,4","95,8","282,9","89,5","0,5632","0,3136","0,5682","0,3243","0,5581","0,3029",thumbnail_grossTrial,thumbnail_grossTrial.png,1245.0,1080.0,337.0,0.0,798.0,692.0,Fixation,208.0,16.0,1041.0,331.0,"0,5649","0,3062",,
24363,7111238,1400446382525,Eye Tracker,Participant0058,17.09.2021,Participant0058,Recording4,17.09.2021,17.09.2021,14:48:45.713,12:48:45.713,64514,Timeline2,Tobii I-VT (Fixation),1.145.28180,1080,1920,"10,00",674975727.0,,,1035.0,330.0,,,1035.0,330.0,,,,"-0,01589","-0,01753","-0,99972",,,Invalid,Valid,,,,"291,9","99,4","514,7",,,"283,7","90,3","0,5604","0,3056",,,"0,5604","0,3056",thumbnail_grossTrial,thumbnail_grossTrial.png,1245.0,1080.0,337.0,0.0,798.0,692.0,Fixation,208.0,16.0,1041.0,331.0,"0,5649","0,3062",,
24364,7119571,1400446390858,Eye Tracker,Participant0058,17.09.2021,Participant0058,Recording4,17.09.2021,17.09.2021,14:48:45.713,12:48:45.713,64514,Timeline2,Tobii I-VT (Fixation),1.145.28180,1080,1920,"10,00",674984059.0,,,1048.0,341.0,1059.0,351.0,1038.0,330.0,"0,10948","-0,01051","-0,99393","-0,01425","-0,01750","-0,99975",,,Valid,Valid,"233,5","101,5","513,7","291,9","99,4","514,8","290,1","96,1","284,5","90,4","0,5709","0,3154","0,5791","0,3250","0,5627","0,3057",thumbnail_grossTrial,thumbnail_grossTrial.png,1245.0,1080.0,337.0,0.0,798.0,692.0,Fixation,208.0,16.0,1041.0,331.0,"0,5649","0,3062",,
24365,7127878,1400446399165,Eye Tracker,Participant0058,17.09.2021,Participant0058,Recording4,17.09.2021,17.09.2021,14:48:45.713,12:48:45.713,64514,Timeline2,Tobii I-VT (Fixation),1.145.28180,1080,1920,"10,00",674992366.0,,,1048.0,336.0,1057.0,341.0,1040.0,331.0,"0,10838","-0,01575","-0,99399","-0,01328","-0,01683","-0,99977","3,73","3,74",Valid,Valid,"233,6","101,4","513,8","291,9","99,3","514,7","289,6","93,3","285,1","90,6","0,5710","0,3111","0,5776","0,3157","0,5644","0,3065",thumbnail_grossTrial,thumbnail_grossTrial.png,1245.0,1080.0,337.0,0.0,798.0,692.0,Fixation,208.0,16.0,1041.0,331.0,"0,5649","0,3062",,
24366,7136208,1400446407495,Eye Tracker,Participant0058,17.09.2021,Participant0058,Recording4,17.09.2021,17.09.2021,14:48:45.713,12:48:45.713,64514,Timeline2,Tobii I-VT (Fixation),1.145.28180,1080,1920,"10,00",675000696.0,,,1039.0,326.0,1039.0,324.0,1040.0,328.0,"0,09884","-0,02464","-0,99480","-0,01341","-0,01862","-0,99974",,,Valid,Valid,"233,6","101,5","513,7","292,0","99,3","514,6","284,6","88,7","285,1","89,8","0,5637","0,3020","0,5631","0,3003","0,5643","0,3037",thumbnail_grossTrial,thumbnail_grossTrial.png,1245.0,1080.0,337.0,0.0,798.0,692.0,Fixation,208.0,16.0,1041.0,331.0,"0,5649","0,3062",,
24367,7144540,1400446415827,Eye Tracker,Participant0058,17.09.2021,Participant0058,Recording4,17.09.2021,17.09.2021,14:48:45.713,12:48:45.713,64514,Timeline2,Tobii I-VT (Fixation),1.145.28180,1080,1920,"10,00",675009028.0,,,1041.0,328.0,1047.0,323.0,1034.0,333.0,"0,10347","-0,02510","-0,99432","-0,01653","-0,01600","-0,99974",,,Valid,Valid,"233,6","101,5","513,7","291,9","99,3","514,6","287,0","88,5","283,4","91,1","0,5648","0,3039","0,5701","0,2995","0,5595","0,3083",thumbnail_grossTrial,thumbnail_grossTrial.png,1245.0,1080.0,337.0,0.0,798.0,692.0,Fixation,208.0,16.0,1041.0,331.0,"0,5649","0,3062",,
24368,7152907,1400446424194,Eye Tracker,Participant0058,17.09.2021,Participant0058,Recording4,17.09.2021,17.09.2021,14:48:45.713,12:48:45.713,64514,Timeline2,Tobii I-VT (Fixation),1.145.28180,1080,1920,"10,00",675017394.0,,,1043.0,336.0,1052.0,335.0,1034.0,338.0,"0,10597","-0,01859","-0,99420","-0,01646","-0,01341","-0,99977","3,70","3,76",Valid,Valid,"233,6","101,3","513,7","292,0","99,3","514,6","288,4","91,7","283,5","92,4","0,5669","0,3115","0,5740","0,3104","0,5598","0,3125",thumbnail_grossTrial,thumbnail_grossTrial.png,1245.0,1080.0,337.0,0.0,798.0,692.0,Fixation,208.0,16.0,1041.0,331.0,"0,5649","0,3062",,
24369,7161313,1400446432600,Eye Tracker,Participant0058,17.09.2021,Participant0058,Recording4,17.09.2021,17.09.2021,14:48:45.713,12:48:45.713,64514,Timeline2,Tobii I-VT (Fixation),1.145.28180,1080,1920,"10,00",675025800.0,,,1043.0,338.0,1050.0,334.0,1036.0,343.0,"0,10480","-0,01954","-0,99430","-0,01565","-0,01076","-0,99982",,,Valid,Valid,"233,6","101,5","513,6","292,0","99,4","514,5","287,8","91,4","283,9","93,8","0,5666","0,3133","0,5723","0,3092","0,5610","0,3175",thumbnail_grossTrial,thumbnail_grossTrial.png,1245.0,1080.0,337.0,0.0,798.0,692.0,Fixation,208.0,16.0,1041.0,331.0,"0,5649","0,3062",,
24370,7169538,1400446440825,Eye Tracker,Participant0058,17.09.2021,Participant0058,Recording4,17.09.2021,17.09.2021,14:48:45.713,12:48:45.713,64514,Timeline2,Tobii I-VT (Fixation),1.145.28180,1080,1920,"10,00",675034025.0,,,1040.0,335.0,1043.0,335.0,1038.0,335.0,"0,10096","-0,01902","-0,99471","-0,01474","-0,01500","-0,99978",,,Valid,Valid,"233,6","101,5","513,7","291,9","99,4","514,5","285,7","91,7","284,4","91,7","0,5643","0,3102","0,5663","0,3102","0,5622","0,3102",thumbnail_grossTrial,thumbnail_grossTrial.png,1245.0,1080.0,337.0,0.0,798.0,692.0,Fixation,208.0,16.0,1041.0,331.0,"0,5649","0,3062",,
24371,7177919,1400446449206,Eye Tracker,Participant0058,17.09.2021,Participant0058,Recording4,17.09.2021,17.09.2021,14:48:45.713,12:48:45.713,64514,Timeline2,Tobii I-VT (Fixation),1.145.28180,1080,1920,"10,00",675042406.0,,,1035.0,328.0,,,1035.0,328.0,,,,"-0,01605","-0,01871","-0,99970",,"3,56",Invalid,Valid,,,,"292,0","99,4","514,5",,,"283,7","89,7","0,5603","0,3036",,,"0,5603","0,3036",thumbnail_grossTrial,thumbnail_grossTrial.png,1245.0,1080.0,337.0,0.0,798.0,692.0,Fixation,208.0,16.0,1041.0,331.0,"0,5649","0,3062",,
24372,7186241,1400446457528,Eye Tracker,Participant0058,17.09.2021,Participant0058,Recording4,17.09.2021,17.09.2021,14:48:45.713,12:48:45.713,64514,Timeline2,Tobii I-VT (Fixation),1.145.28180,1080,1920,"10,00",675050727.0,,,1042.0,330.0,1047.0,336.0,1037.0,323.0,"0,10315","-0,01842","-0,99450","-0,01519","-0,02139","-0,99966",,,Valid,Valid,"233,6","101,5","513,7","292,0","99,5","514,4","286,9","92,0","284,1","88,5","0,5657","0,3053","0,5697","0,3113","0,5616","0,2993",thumbnail_grossTrial,thumbnail_grossTrial.png,1245.0,1080.0,337.0,0.0,798.0,692.0,Fixation,208.0,16.0,1041.0,331.0,"0,5649","0,3062",,
24373,7194538,1400446465825,Eye Tracker,Participant0058,17.09.2021,Participant0058,Recording4,17.09.2021,17.09.2021,14:48:45.713,12:48:45.713,64514,Timeline2,Tobii I-VT (Fixation),1.145.28180,1080,1920,"10,00",675059024.0,,,1045.0,328.0,1048.0,331.0,1042.0,325.0,"0,10403","-0,02110","-0,99435","-0,01252","-0,02077","-0,99971",,,Valid,Valid,"233,5","101,5","513,8","291,9","99,5","514,4","287,3","90,6","285,4","88,8","0,5682","0,3036","0,5709","0,3066","0,5654","0,3006",thumbnail_grossTrial,thumbnail_grossTrial.png,1245.0,1080.0,337.0,0.0,798.0,692.0,Fixation,208.0,16.0,1041.0,331.0,"0,5649","0,3062",,
24374,7202873,1400446474160,Eye Tracker,Participant0058,17.09.2021,Participant0058,Recording4,17.09.2021,17.09.2021,14:48:45.713,12:48:45.713,64514,Timeline2,Tobii I-VT (Fixation),1.145.28180,1080,1920,"10,00",675067359.0,,,1044.0,324.0,1048.0,323.0,1040.0,325.0,"0,10391","-0,02519","-0,99427","-0,01348","-0,02028","-0,99970","3,73","3,55",Valid,Valid,"233,6","101,5","513,8","291,9","99,5","514,3","287,3","88,4","285,0","89,1","0,5674","0,3003","0,5707","0,2993","0,5641","0,3014",thumbnail_grossTrial,thumbnail_grossTrial.png,1245.0,1080.0,337.0,0.0,798.0,692.0,Fixation,208.0,16.0,1041.0,331.0,"0,5649","0,3062",,
24375,7211244,1400446482531,Eye Tracker,Participant0058,17.09.2021,Participant0058,Recording4,17.09.2021,17.09.2021,14:48:45.713,12:48:45.713,64514,Timeline2,Tobii I-VT (Fixation),1.145.28180,1080,1920,"10,00",675075730.0,,,1042.0,332.0,1046.0,332.0,1037.0,332.0,"0,10278","-0,02078","-0,99449","-0,01480","-0,01706","-0,99975",,,Valid,Valid,"233,6","101,6","513,8","291,9","99,6","514,2","286,7","90,8","284,3","90,8","0,5655","0,3073","0,5690","0,3073","0,5621","0,3074",thumbnail_grossTrial,thumbnail_grossTrial.png,1245.0,1080.0,337.0,0.0,798.0,692.0,Fixation,208.0,16.0,1041.0,331.0,"0,5649","0,3062",,
24376,7219613,1400446490900,Eye Tracker,Participant0058,17.09.2021,Participant0058,Recording4,17.09.2021,17.09.2021,14:48:45.713,12:48:45.713,64514,Timeline2,Tobii I-VT (Fixation),1.145.28180,1080,1920,"10,00",675084099.0,,,1040.0,335.0,1044.0,336.0,1036.0,333.0,"0,10199","-0,01882","-0,99461","-0,01553","-0,01639","-0,99975",,,Valid,Valid,"233,5","101,6","513,9","291,8","99,7","514,2","286,2","91,8","283,8","91,3","0,5642","0,3098","0,5676","0,3107","0,5608","0,3088",thumbnail_grossTrial,thumbnail_grossTrial.png,1245.0,1080.0,337.0,0.0,798.0,692.0,Fixation,208.0,16.0,1041.0,331.0,"0,5649","0,3062",,
24377,7227869,1400446499156,Eye Tracker,Participant0058,17.09.2021,Participant0058,Recording4,17.09.2021,17.09.2021,14:48:45.713,12:48:45.713,64514,Timeline2,Tobii I-VT (Fixation),1.145.28180,1080,1920,"10,00",675092354.0,,,1040.0,340.0,,,1040.0,340.0,,,,"-0,01321","-0,01301","-0,99983",,"3,77",Invalid,Valid,,,,"291,9","99,6","514,2",,,"285,1","92,9","0,5644","0,3145",,,"0,5644","0,3145",thumbnail_grossTrial,thumbnail_grossTrial.png,1245.0,1080.0,337.0,0.0,798.0,692.0,Fixation,208.0,16.0,1041.0,331.0,"0,5649","0,3062",,
24378,7236232,1400446507519,Eye Tracker,Participant0058,17.09.2021,Participant0058,Recording4,17.09.2021,17.09.2021,14:48:45.713,12:48:45.713,64514,Timeline2,Tobii I-VT (Fixation),1.145.28180,1080,1920,"10,00",675100717.0,,,1041.0,336.0,1041.0,330.0,1042.0,342.0,"0,10008","-0,02161","-0,99474","-0,01251","-0,01222","-0,99985",,,Valid,Valid,"233,5","101,5","514,0","291,9","99,8","514,1","285,3","90,4","285,5","93,5","0,5652","0,3110","0,5649","0,3057","0,5655","0,3163",thumbnail_grossTrial,thumbnail_grossTrial.png,1245.0,1080.0,337.0,0.0,798.0,692.0,Fixation,208.0,16.0,1041.0,331.0,"0,5649","0,3062",,
24379,7244568,1400446515855,Eye Tracker,Participant0058,17.09.2021,Participant0058,Recording4,17.09.2021,17.09.2021,14:48:45.713,12:48:45.713,64514,Timeline2,Tobii I-VT (Fixation),1.145.28180,1080,1920,"10,00",675109053.0,,,1042.0,330.0,1044.0,324.0,1041.0,336.0,"0,10166","-0,02466","-0,99451","-0,01266","-0,01551","-0,99980",,,Valid,Valid,"233,5","101,5","514,2","291,8","99,8","514,1","286,1","88,7","285,3","91,8","0,5662","0,3055","0,5673","0,3002","0,5651","0,3107",thumbnail_grossTrial,thumbnail_grossTrial.png,1245.0,1080.0,337.0,0.0,798.0,692.0,Fixation,208.0,16.0,1041.0,331.0,"0,5649","0,3062",,
24380,7252894,1400446524181,Eye Tracker,Participant0058,17.09.2021,Participant0058,Recording4,17.09.2021,17.09.2021,14:48:45.713,12:48:45.713,64514,Timeline2,Tobii I-VT (Fixation),1.145.28180,1080,1920,"10,00",675117379.0,,,1039.0,334.0,,,1039.0,334.0,,,,"-0,01363","-0,01593","-0,99978",,"3,81",Invalid,Valid,,,,"291,9","99,7","514,0",,,"284,9","91,5","0,5638","0,3096",,,"0,5638","0,3096",thumbnail_grossTrial,thumbnail_grossTrial.png,1245.0,1080.0,337.0,0.0,798.0,692.0,Fixation,208.0,16.0,1041.0,331.0,"0,5649","0,3062",,
24381,7261306,1400446532593,Eye Tracker,Participant0058,17.09.2021,Participant0058,Recording4,17.09.2021,17.09.2021,14:48:45.713,12:48:45.713,64514,Timeline2,Tobii I-VT (Fixation),1.145.28180,1080,1920,"10,00",675125790.0,,,1024.0,311.0,1009.0,291.0,1039.0,331.0,"0,08304","-0,04201","-0,99566","-0,01386","-0,01799","-0,99974",,,Valid,Valid,"233,6","101,4","514,4","291,9","99,8","513,9","276,5","79,7","284,8","90,5","0,5513","0,2879","0,5391","0,2695","0,5635","0,3064",thumbnail_grossTrial,thumbnail_grossTrial.png,1245.0,1080.0,337.0,0.0,798.0,692.0,Fixation,208.0,16.0,1041.0,331.0,"0,5649","0,3062",,
24382,7269639,1400446540926,Eye Tracker,Participant0058,17.09.2021,Participant0058,Recording4,17.09.2021,17.09.2021,14:48:45.713,12:48:45.713,64514,Timeline2,Tobii I-VT (Fixation),1.145.28180,1080,1920,"10,00",675134123.0,,,1037.0,308.0,1025.0,290.0,1049.0,326.0,"0,09149","-0,04242","-0,99490","-0,00863","-0,02036","-0,99976",,,Valid,Valid,"233,5","101,3","514,5","291,9","99,8","513,9","280,8","79,3","287,4","89,3","0,5616","0,2853","0,5519","0,2684","0,5712","0,3022",thumbnail_grossTrial,thumbnail_grossTrial.png,1245.0,1080.0,337.0,0.0,798.0,692.0,Fixation,208.0,16.0,1041.0,331.0,"0,5649","0,3062",,
24383,7277898,1400446549185,Eye Tracker,Participant0058,17.09.2021,Participant0058,Recording4,17.09.2021,17.09.2021,14:48:45.713,12:48:45.713,64514,Timeline2,Tobii I-VT (Fixation),1.145.28180,1080,1920,"10,00",675142382.0,,,1038.0,332.0,1034.0,323.0,1043.0,342.0,"0,09623","-0,02442","-0,99506","-0,01192","-0,01210","-0,99986","3,74","3,56",Valid,Valid,"233,5","101,1","514,7","291,9","99,7","513,9","283,3","88,5","285,8","93,5","0,5628","0,3078","0,5592","0,2994","0,5664","0,3162",thumbnail_grossTrial,thumbnail_grossTrial.png,1245.0,1080.0,337.0,0.0,798.0,692.0,Fixation,208.0,16.0,1041.0,331.0,"0,5649","0,3062",,
24384,7286223,1400446557510,Eye Tracker,Participant0058,17.09.2021,Participant0058,Recording4,17.09.2021,17.09.2021,14:48:45.713,12:48:45.713,64514,Timeline2,Tobii I-VT (Fixation),1.145.28180,1080,1920,"10,00",675150707.0,,,1035.0,334.0,1040.0,329.0,1030.0,340.0,"0,09940","-0,02157","-0,99481","-0,01860","-0,01321","-0,99974",,,Valid,Valid,"233,5","101,1","514,8","291,9","99,8","513,8","285,0","89,9","282,3","93,0","0,5602","0,3094","0,5640","0,3043","0,5563","0,3146",thumbnail_grossTrial,thumbnail_grossTrial.png,1245.0,1080.0,337.0,0.0,798.0,692.0,Fixation,208.0,16.0,1041.0,331.0,"0,5649","0,3062",,
24385,7294622,1400446565909,Eye Tracker,Participant0058,17.09.2021,Participant0058,Recording4,17.09.2021,17.09.2021,14:48:45.713,12:48:45.713,64514,Timeline2,Tobii I-VT (Fixation),1.145.28180,1080,1920,"10,00",675159105.0,,,1042.0,328.0,1048.0,324.0,1036.0,332.0,"0,10366","-0,02401","-0,99432","-0,01558","-0,01750","-0,99973",,,Valid,Valid,"233,5","101,0","514,9","291,8","99,8","513,8","287,2","88,6","283,8","90,8","0,5656","0,3034","0,5704","0,2997","0,5607","0,3071",thumbnail_grossTrial,thumbnail_grossTrial.png,1245.0,1080.0,337.0,0.0,798.0,692.0,Fixation,208.0,16.0,1041.0,331.0,"0,5649","0,3062",,
24386,7302901,1400446574188,Eye Tracker,Participant0058,17.09.2021,Participant0058,Recording4,17.09.2021,17.09.2021,14:48:45.713,12:48:45.713,64514,Timeline2,Tobii I-VT (Fixation),1.145.28180,1080,1920,"10,00",675167384.0,,,1041.0,327.0,1047.0,326.0,1035.0,328.0,"0,10307","-0,02247","-0,99442","-0,01607","-0,01906","-0,99969","3,75","3,58",Valid,Valid,"233,5","100,9","515,1","291,9","99,6","513,8","286,9","89,2","283,6","89,9","0,5648","0,3030","0,5696","0,3019","0,5600","0,3040",thumbnail_grossTrial,thumbnail_grossTrial.png,1245.0,1080.0,337.0,0.0,798.0,692.0,Fixation,208.0,16.0,1041.0,331.0,"0,5649","0,3062",,
24387,7311228,1400446582515,Eye Tracker,Participant0058,17.09.2021,Participant0058,Recording4,17.09.2021,17.09.2021,14:48:45.713,12:48:45.713,64514,Timeline2,Tobii I-VT (Fixation),1.145.28180,1080,1920,"10,00",675175711.0,,,1041.0,332.0,1045.0,329.0,1038.0,336.0,"0,10199","-0,02081","-0,99457","-0,01456","-0,01539","-0,99978",,,Valid,Valid,"233,5","100,9","515,2","291,9","99,8","513,7","286,4","90,1","284,4","91,9","0,5653","0,3078","0,5682","0,3049","0,5624","0,3108",thumbnail_grossTrial,thumbnail_grossTrial.png,1245.0,1080.0,337.0,0.0,798.0,692.0,Saccade,42.0,20.0,,,,,,
24388,7319554,1400446590841,Eye Tracker,Participant0058,17.09.2021,Participant0058,Recording4,17.09.2021,17.09.2021,14:48:45.713,12:48:45.713,64514,Timeline2,Tobii I-VT (Fixation),1.145.28180,1080,1920,"10,00",675184037.0,,,1047.0,358.0,1057.0,351.0,1037.0,364.0,"0,10828","-0,00921","-0,99408","-0,01477","-0,00026","-0,99989",,,Valid,Valid,"233,6","100,9","515,4","291,9","99,8","513,7","289,7","96,1","284,3","99,7","0,5701","0,3313","0,5781","0,3252","0,5621","0,3374",thumbnail_grossTrial,thumbnail_grossTrial.png,1245.0,1080.0,337.0,0.0,798.0,692.0,Saccade,42.0,20.0,,,,,,
24389,7327896,1400446599183,Eye Tracker,Participant0058,17.09.2021,Participant0058,Recording4,17.09.2021,17.09.2021,14:48:45.713,12:48:45.713,64514,Timeline2,Tobii I-VT (Fixation),1.145.28180,1080,1920,"10,00",675192378.0,,,1084.0,374.0,1098.0,363.0,1070.0,386.0,"0,12893","-0,00268","-0,99165","0,00237","0,01108","-0,99994","3,76","3,58",Valid,Valid,"233,8","100,7","516,0","292,1","99,9","513,5","300,8","99,3","293,3","105,6","0,5995","0,3467","0,6106","0,3361","0,5884","0,3574",thumbnail_grossTrial,thumbnail_grossTrial.png,1245.0,1080.0,337.0,0.0,798.0,692.0,Saccade,42.0,20.0,,,,,,
24390,7336222,1400446607509,Eye Tracker,Participant0058,17.09.2021,Participant0058,Recording4,17.09.2021,17.09.2021,14:48:45.713,12:48:45.713,64514,Timeline2,Tobii I-VT (Fixation),1.145.28180,1080,1920,"10,00",675200704.0,,,1131.0,438.0,1138.0,447.0,1124.0,428.0,"0,14945","0,04148","-0,98790","0,03090","0,03298","-0,99898",,,Valid,Valid,"233,9","100,7","516,1","292,1","100,1","513,4","312,0","122,4","308,0","117,1","0,6373","0,4051","0,6431","0,4141","0,6315","0,3961",thumbnail_grossTrial,thumbnail_grossTrial.png,1245.0,1080.0,337.0,0.0,798.0,692.0,Saccade,42.0,20.0,,,,,,
24391,7344551,1400446615838,Eye Tracker,Participant0058,17.09.2021,Participant0058,Recording4,17.09.2021,17.09.2021,14:48:45.713,12:48:45.713,64514,Timeline2,Tobii I-VT (Fixation),1.145.28180,1080,1920,"10,00",675209033.0,,,1151.0,456.0,1157.0,451.0,1145.0,461.0,"0,15915","0,04361","-0,98629","0,04229","0,05040","-0,99783",,,Valid,Valid,"233,8","100,7","516,2","292,1","100,1","513,4","317,1","123,5","313,9","126,1","0,6534","0,4223","0,6582","0,4180","0,6487","0,4266",thumbnail_grossTrial,thumbnail_grossTrial.png,1245.0,1080.0,337.0,0.0,798.0,692.0,Saccade,42.0,20.0,,,,,,
24392,7352895,1400446624182,Eye Tracker,Participant0058,17.09.2021,Participant0058,Recording4,17.09.2021,17.09.2021,14:48:45.713,12:48:45.713,64514,Timeline2,Tobii I-VT (Fixation),1.145.28180,1080,1920,"10,00",675217377.0,,,1160.0,460.0,1159.0,460.0,1162.0,461.0,"0,16006","0,04814","-0,98593","0,05083","0,05069","-0,99742","3,75","3,84",Valid,Valid,"233,9","100,7","516,3","292,2","100,1","513,4","317,7","125,9","318,4","126,1","0,6609","0,4264","0,6599","0,4259","0,6619","0,4268",thumbnail_grossTrial,thumbnail_grossTrial.png,1245.0,1080.0,337.0,0.0,798.0,692.0,Fixation,358.0,17.0,1153.0,479.0,"0,6548","0,4433",,
24393,7361259,1400446632546,Eye Tracker,Participant0058,17.09.2021,Participant0058,Recording4,17.09.2021,17.09.2021,14:48:45.713,12:48:45.713,64514,Timeline2,Tobii I-VT (Fixation),1.145.28180,1080,1920,"10,00",675225741.0,,,1159.0,469.0,1162.0,480.0,1156.0,457.0,"0,16158","0,05867","-0,98511","0,04787","0,04844","-0,99768",,,Valid,Valid,"233,9","100,7","516,2","292,2","100,2","513,4","318,6","131,5","316,8","125,1","0,6599","0,4340","0,6625","0,4448","0,6574","0,4232",thumbnail_grossTrial,thumbnail_grossTrial.png,1245.0,1080.0,337.0,0.0,798.0,692.0,Fixation,358.0,17.0,1153.0,479.0,"0,6548","0,4433",,
24394,7369549,1400446640836,Eye Tracker,Participant0058,17.09.2021,Participant0058,Recording4,17.09.2021,17.09.2021,14:48:45.713,12:48:45.713,64514,Timeline2,Tobii I-VT (Fixation),1.145.28180,1080,1920,"10,00",675234030.0,,,1153.0,468.0,1158.0,479.0,1148.0,458.0,"0,15967","0,05777","-0,98548","0,04385","0,04879","-0,99785",,,Valid,Valid,"233,8","100,7","516,3","292,1","100,2","513,4","317,5","131,0","314,7","125,3","0,6552","0,4335","0,6593","0,4431","0,6512","0,4238",thumbnail_grossTrial,thumbnail_grossTrial.png,1245.0,1080.0,337.0,0.0,798.0,692.0,Fixation,358.0,17.0,1153.0,479.0,"0,6548","0,4433",,
24395,7377856,1400446649143,Eye Tracker,Participant0058,17.09.2021,Participant0058,Recording4,17.09.2021,17.09.2021,14:48:45.713,12:48:45.713,64514,Timeline2,Tobii I-VT (Fixation),1.145.28180,1080,1920,"10,00",675242337.0,,,1145.0,481.0,1144.0,498.0,1145.0,464.0,"0,15192","0,06807","-0,98605","0,04220","0,05207","-0,99775","3,75","3,89",Valid,Valid,"233,9","100,7","516,4","292,2","100,1","513,4","313,4","136,3","313,9","126,9","0,6482","0,4453","0,6475","0,4612","0,6489","0,4294",thumbnail_grossTrial,thumbnail_grossTrial.png,1245.0,1080.0,337.0,0.0,798.0,692.0,Fixation,358.0,17.0,1153.0,479.0,"0,6548","0,4433",,
24396,7386187,1400446657474,Eye Tracker,Participant0058,17.09.2021,Participant0058,Recording4,17.09.2021,17.09.2021,14:48:45.713,12:48:45.713,64514,Timeline2,Tobii I-VT (Fixation),1.145.28180,1080,1920,"10,00",675250668.0,,,1154.0,488.0,1162.0,496.0,1145.0,479.0,"0,16139","0,06696","-0,98462","0,04201","0,05973","-0,99733",,,Valid,Valid,"233,9","100,8","516,3","292,2","100,2","513,3","318,5","135,9","313,8","131,0","0,6555","0,4514","0,6624","0,4597","0,6486","0,4431",thumbnail_grossTrial,thumbnail_grossTrial.png,1245.0,1080.0,337.0,0.0,798.0,692.0,Fixation,358.0,17.0,1153.0,479.0,"0,6548","0,4433",,
24397,7394557,1400446665844,Eye Tracker,Participant0058,17.09.2021,Participant0058,Recording4,17.09.2021,17.09.2021,14:48:45.713,12:48:45.713,64514,Timeline2,Tobii I-VT (Fixation),1.145.28180,1080,1920,"10,00",675259038.0,,,1152.0,486.0,1162.0,494.0,1143.0,478.0,"0,16121","0,06561","-0,98474","0,04123","0,05950","-0,99738",,,Valid,Valid,"233,8","100,8","516,4","292,1","100,3","513,4","318,3","135,2","313,3","130,9","0,6545","0,4501","0,6618","0,4573","0,6472","0,4428",thumbnail_grossTrial,thumbnail_grossTrial.png,1245.0,1080.0,337.0,0.0,798.0,692.0,Fixation,358.0,17.0,1153.0,479.0,"0,6548","0,4433",,
24398,7402855,1400446674142,Eye Tracker,Participant0058,17.09.2021,Participant0058,Recording4,17.09.2021,17.09.2021,14:48:45.713,12:48:45.713,64514,Timeline2,Tobii I-VT (Fixation),1.145.28180,1080,1920,"10,00",675267335.0,,,1155.0,485.0,1163.0,496.0,1147.0,474.0,"0,16160","0,06681","-0,98459","0,04302","0,05728","-0,99743","3,73","3,89",Valid,Valid,"233,9","100,7","516,4","292,2","100,2","513,4","318,6","135,7","314,3","129,7","0,6563","0,4490","0,6626","0,4593","0,6500","0,4388",thumbnail_grossTrial,thumbnail_grossTrial.png,1245.0,1080.0,337.0,0.0,798.0,692.0,Fixation,358.0,17.0,1153.0,479.0,"0,6548","0,4433",,
24399,7411292,1400446682579,Eye Tracker,Participant0058,17.09.2021,Participant0058,Recording4,17.09.2021,17.09.2021,14:48:45.713,12:48:45.713,64514,Timeline2,Tobii I-VT (Fixation),1.145.28180,1080,1920,"10,00",675275772.0,,,1154.0,469.0,1160.0,474.0,1147.0,464.0,"0,16053","0,05523","-0,98549","0,04337","0,05192","-0,99771",,,Valid,Valid,"233,8","100,8","516,4","292,2","100,3","513,3","318,0","129,7","314,5","127,0","0,6556","0,4344","0,6607","0,4390","0,6505","0,4298",thumbnail_grossTrial,thumbnail_grossTrial.png,1245.0,1080.0,337.0,0.0,798.0,692.0,Fixation,358.0,17.0,1153.0,479.0,"0,6548","0,4433",,
24400,7419517,1400446690804,Eye Tracker,Participant0058,17.09.2021,Participant0058,Recording4,17.09.2021,17.09.2021,14:48:45.713,12:48:45.713,64514,Timeline2,Tobii I-VT (Fixation),1.145.28180,1080,1920,"10,00",675283997.0,,,1156.0,472.0,1159.0,479.0,1154.0,464.0,"0,15998","0,05783","-0,98542","0,04707","0,05194","-0,99754",,,Valid,Valid,"233,8","100,8","516,4","292,0","100,4","513,3","317,6","131,1","316,3","127,1","0,6577","0,4368","0,6596","0,4437","0,6557","0,4300",thumbnail_grossTrial,thumbnail_grossTrial.png,1245.0,1080.0,337.0,0.0,798.0,692.0,Fixation,358.0,17.0,1153.0,479.0,"0,6548","0,4433",,
24401,7427850,1400446699137,Eye Tracker,Participant0058,17.09.2021,Participant0058,Recording4,17.09.2021,17.09.2021,14:48:45.713,12:48:45.713,64514,Timeline2,Tobii I-VT (Fixation),1.145.28180,1080,1920,"10,00",675292330.0,,,1151.0,475.0,1157.0,480.0,1144.0,470.0,"0,15912","0,05831","-0,98554","0,04162","0,05485","-0,99763","3,74","3,56",Valid,Valid,"233,8","100,8","516,4","292,1","100,3","513,2","317,2","131,3","313,5","128,6","0,6531","0,4396","0,6584","0,4443","0,6478","0,4349",thumbnail_grossTrial,thumbnail_grossTrial.png,1245.0,1080.0,337.0,0.0,798.0,692.0,Fixation,358.0,17.0,1153.0,479.0,"0,6548","0,4433",,
24402,7436185,1400446707472,Eye Tracker,Participant0058,17.09.2021,Participant0058,Recording4,17.09.2021,17.09.2021,14:48:45.713,12:48:45.713,64514,Timeline2,Tobii I-VT (Fixation),1.145.28180,1080,1920,"10,00",675300664.0,,,1153.0,478.0,1158.0,481.0,1149.0,475.0,"0,15969","0,05862","-0,98543","0,04409","0,05725","-0,99739",,,Valid,Valid,"233,8","100,9","516,3","292,1","100,5","513,1","317,5","131,6","314,8","129,9","0,6553","0,4424","0,6593","0,4453","0,6514","0,4395",thumbnail_grossTrial,thumbnail_grossTrial.png,1245.0,1080.0,337.0,0.0,798.0,692.0,Fixation,358.0,17.0,1153.0,479.0,"0,6548","0,4433",,
24403,7444516,1400446715803,Eye Tracker,Participant0058,17.09.2021,Participant0058,Recording4,17.09.2021,17.09.2021,14:48:45.713,12:48:45.713,64514,Timeline2,Tobii I-VT (Fixation),1.145.28180,1080,1920,"10,00",675308995.0,,,1155.0,479.0,1160.0,481.0,1150.0,477.0,"0,16047","0,05860","-0,98530","0,04510","0,05818","-0,99729",,,Valid,Valid,"233,7","100,9","516,3","292,0","100,5","513,0","317,8","131,6","315,2","130,5","0,6565","0,4433","0,6603","0,4453","0,6527","0,4414",thumbnail_grossTrial,thumbnail_grossTrial.png,1245.0,1080.0,337.0,0.0,798.0,692.0,Fixation,358.0,17.0,1153.0,479.0,"0,6548","0,4433",,
24404,7452888,1400446724175,Eye Tracker,Participant0058,17.09.2021,Participant0058,Recording4,17.09.2021,17.09.2021,14:48:45.713,12:48:45.713,64514,Timeline2,Tobii I-VT (Fixation),1.145.28180,1080,1920,"10,00",675317367.0,,,1159.0,476.0,1163.0,473.0,1156.0,478.0,"0,16215","0,05466","-0,98525","0,04782","0,05896","-0,99711","3,75","3,87",Valid,Valid,"233,8","100,9","516,3","292,1","100,5","512,9","318,8","129,5","316,7","130,8","0,6601","0,4404","0,6631","0,4382","0,6571","0,4425",thumbnail_grossTrial,thumbnail_grossTrial.png,1245.0,1080.0,337.0,0.0,798.0,692.0,Fixation,358.0,17.0,1153.0,479.0,"0,6548","0,4433",,
24405,7461221,1400446732508,Eye Tracker,Participant0058,17.09.2021,Participant0058,Recording4,17.09.2021,17.09.2021,14:48:45.713,12:48:45.713,64514,Timeline2,Tobii I-VT (Fixation),1.145.28180,1080,1920,"10,00",675325700.0,,,1155.0,470.0,1155.0,464.0,1156.0,475.0,"0,15791","0,04981","-0,98620","0,04819","0,05719","-0,99720",,,Valid,Valid,"233,8","100,9","516,1","292,1","100,6","512,7","316,5","127,0","316,9","130,0","0,6569","0,4348","0,6563","0,4297","0,6575","0,4399",thumbnail_grossTrial,thumbnail_grossTrial.png,1245.0,1080.0,337.0,0.0,798.0,692.0,Fixation,358.0,17.0,1153.0,479.0,"0,6548","0,4433",,
24406,7469600,1400446740887,Eye Tracker,Participant0058,17.09.2021,Participant0058,Recording4,17.09.2021,17.09.2021,14:48:45.713,12:48:45.713,64514,Timeline2,Tobii I-VT (Fixation),1.145.28180,1080,1920,"10,00",675334078.0,,,1152.0,472.0,1153.0,466.0,1152.0,477.0,"0,15701","0,05097","-0,98628","0,04601","0,05814","-0,99725",,,Valid,Valid,"233,8","100,9","516,1","292,0","100,6","512,6","315,9","127,6","315,7","130,5","0,6544","0,4367","0,6547","0,4318","0,6540","0,4415",thumbnail_grossTrial,thumbnail_grossTrial.png,1245.0,1080.0,337.0,0.0,798.0,692.0,Fixation,358.0,17.0,1153.0,479.0,"0,6548","0,4433",,
24407,7477847,1400446749134,Eye Tracker,Participant0058,17.09.2021,Participant0058,Recording4,17.09.2021,17.09.2021,14:48:45.713,12:48:45.713,64514,Timeline2,Tobii I-VT (Fixation),1.145.28180,1080,1920,"10,00",675342325.0,,,1152.0,474.0,1153.0,477.0,1150.0,471.0,"0,15712","0,05667","-0,98595","0,04480","0,05478","-0,99749","3,74","3,59",Valid,Valid,"233,9","100,9","516,0","292,1","100,6","512,5","316,1","130,5","315,1","128,8","0,6538","0,4387","0,6552","0,4416","0,6524","0,4357",thumbnail_grossTrial,thumbnail_grossTrial.png,1245.0,1080.0,337.0,0.0,798.0,692.0,Fixation,358.0,17.0,1153.0,479.0,"0,6548","0,4433",,
24408,7486202,1400446757489,Eye Tracker,Participant0058,17.09.2021,Participant0058,Recording4,17.09.2021,17.09.2021,14:48:45.713,12:48:45.713,64514,Timeline2,Tobii I-VT (Fixation),1.145.28180,1080,1920,"10,00",675350680.0,,,1149.0,490.0,1153.0,515.0,1145.0,465.0,"0,15664","0,07616","-0,98471","0,04252","0,05144","-0,99777",,,Valid,Valid,"233,8","101,0","515,9","292,1","100,7","512,3","315,9","140,9","313,9","127,1","0,6518","0,4534","0,6547","0,4766","0,6488","0,4302",thumbnail_grossTrial,thumbnail_grossTrial.png,1245.0,1080.0,337.0,0.0,798.0,692.0,Fixation,358.0,17.0,1153.0,479.0,"0,6548","0,4433",,
24409,7494544,1400446765831,Eye Tracker,Participant0058,17.09.2021,Participant0058,Recording4,17.09.2021,17.09.2021,14:48:45.713,12:48:45.713,64514,Timeline2,Tobii I-VT (Fixation),1.145.28180,1080,1920,"10,00",675359022.0,,,1147.0,489.0,1152.0,515.0,1141.0,464.0,"0,15662","0,07621","-0,98471","0,04055","0,05087","-0,99788",,,Valid,Valid,"233,8","101,0","515,8","292,0","100,8","512,1","315,8","140,9","312,8","126,9","0,6501","0,4530","0,6545","0,4767","0,6457","0,4293",thumbnail_grossTrial,thumbnail_grossTrial.png,1245.0,1080.0,337.0,0.0,798.0,692.0,Fixation,358.0,17.0,1153.0,479.0,"0,6548","0,4433",,
24410,7502922,1400446774209,Eye Tracker,Participant0058,17.09.2021,Participant0058,Recording4,17.09.2021,17.09.2021,14:48:45.713,12:48:45.713,64514,Timeline2,Tobii I-VT (Fixation),1.145.28180,1080,1920,"10,00",675367400.0,,,1152.0,479.0,1164.0,491.0,1140.0,468.0,"0,16254","0,06365","-0,98465","0,03959","0,05333","-0,99779","3,77","3,54",Valid,Valid,"233,9","100,9","515,8","292,1","100,7","512,0","319,0","134,3","312,4","128,1","0,6541","0,4438","0,6637","0,4543","0,6445","0,4334",thumbnail_grossTrial,thumbnail_grossTrial.png,1245.0,1080.0,337.0,0.0,798.0,692.0,Fixation,358.0,17.0,1153.0,479.0,"0,6548","0,4433",,
24411,7511190,1400446782477,Eye Tracker,Participant0058,17.09.2021,Participant0058,Recording4,17.09.2021,17.09.2021,14:48:45.713,12:48:45.713,64514,Timeline2,Tobii I-VT (Fixation),1.145.28180,1080,1920,"10,00",675375667.0,,,1151.0,478.0,1159.0,480.0,1142.0,476.0,"0,15993","0,05809","-0,98542","0,04103","0,05712","-0,99752",,,Valid,Valid,"233,9","101,0","515,7","292,1","100,9","511,8","317,6","131,4","313,1","130,2","0,6530","0,4425","0,6595","0,4446","0,6465","0,4404",thumbnail_grossTrial,thumbnail_grossTrial.png,1245.0,1080.0,337.0,0.0,798.0,692.0,Fixation,358.0,17.0,1153.0,479.0,"0,6548","0,4433",,
24412,7519507,1400446790794,Eye Tracker,Participant0058,17.09.2021,Participant0058,Recording4,17.09.2021,17.09.2021,14:48:45.713,12:48:45.713,64514,Timeline2,Tobii I-VT (Fixation),1.145.28180,1080,1920,"10,00",675383984.0,,,1153.0,478.0,1161.0,480.0,1144.0,477.0,"0,16127","0,05795","-0,98521","0,04210","0,05765","-0,99745",,,Valid,Valid,"233,8","101,0","515,6","292,0","100,9","511,7","318,2","131,3","313,6","130,5","0,6547","0,4429","0,6614","0,4443","0,6479","0,4414",thumbnail_grossTrial,thumbnail_grossTrial.png,1245.0,1080.0,337.0,0.0,798.0,692.0,Fixation,358.0,17.0,1153.0,479.0,"0,6548","0,4433",,
24413,7527843,1400446799130,Eye Tracker,Participant0058,17.09.2021,Participant0058,Recording4,17.09.2021,17.09.2021,14:48:45.713,12:48:45.713,64514,Timeline2,Tobii I-VT (Fixation),1.145.28180,1080,1920,"10,00",675392320.0,,,1157.0,480.0,1164.0,484.0,1151.0,476.0,"0,16255","0,06022","-0,98486","0,04555","0,05703","-0,99733","3,78","3,58",Valid,Valid,"233,9","100,9","515,6","292,1","100,9","511,6","319,0","132,5","315,4","130,1","0,6585","0,4442","0,6636","0,4482","0,6533","0,4403",thumbnail_grossTrial,thumbnail_grossTrial.png,1245.0,1080.0,337.0,0.0,798.0,692.0,Fixation,358.0,17.0,1153.0,479.0,"0,6548","0,4433",,
24414,7536181,1400446807468,Eye Tracker,Participant0058,17.09.2021,Participant0058,Recording4,17.09.2021,17.09.2021,14:48:45.713,12:48:45.713,64514,Timeline2,Tobii I-VT (Fixation),1.145.28180,1080,1920,"10,00",675400658.0,,,1155.0,482.0,1164.0,486.0,1147.0,478.0,"0,16286","0,06081","-0,98477","0,04328","0,05837","-0,99736",,,Valid,Valid,"233,9","101,1","515,5","292,0","101,0","511,4","319,1","132,9","314,2","130,9","0,6569","0,4463","0,6641","0,4496","0,6497","0,4429",thumbnail_grossTrial,thumbnail_grossTrial.png,1245.0,1080.0,337.0,0.0,798.0,692.0,Fixation,358.0,17.0,1153.0,479.0,"0,6548","0,4433",,
24415,7544515,1400446815802,Eye Tracker,Participant0058,17.09.2021,Participant0058,Recording4,17.09.2021,17.09.2021,14:48:45.713,12:48:45.713,64514,Timeline2,Tobii I-VT (Fixation),1.145.28180,1080,1920,"10,00",675408991.0,,,1148.0,482.0,1158.0,489.0,1139.0,476.0,"0,15965","0,06265","-0,98518","0,03929","0,05689","-0,99761",,,Valid,Valid,"233,8","101,1","515,5","292,0","101,0","511,4","317,3","133,8","312,1","130,2","0,6512","0,4466","0,6589","0,4528","0,6436","0,4404",thumbnail_grossTrial,thumbnail_grossTrial.png,1245.0,1080.0,337.0,0.0,798.0,692.0,Fixation,358.0,17.0,1153.0,479.0,"0,6548","0,4433",,
24416,7552881,1400446824168,Eye Tracker,Participant0058,17.09.2021,Participant0058,Recording4,17.09.2021,17.09.2021,14:48:45.713,12:48:45.713,64514,Timeline2,Tobii I-VT (Fixation),1.145.28180,1080,1920,"10,00",675417357.0,,,1159.0,477.0,1169.0,481.0,1149.0,474.0,"0,16523","0,05825","-0,98453","0,04468","0,05601","-0,99743","3,79","3,86",Valid,Valid,"233,8","101,0","515,5","292,0","101,0","511,4","320,4","131,5","315,0","129,7","0,6598","0,4419","0,6677","0,4450","0,6519","0,4387",thumbnail_grossTrial,thumbnail_grossTrial.png,1245.0,1080.0,337.0,0.0,798.0,692.0,Fixation,358.0,17.0,1153.0,479.0,"0,6548","0,4433",,
24417,7561171,1400446832458,Eye Tracker,Participant0058,17.09.2021,Participant0058,Recording4,17.09.2021,17.09.2021,14:48:45.713,12:48:45.713,64514,Timeline2,Tobii I-VT (Fixation),1.145.28180,1080,1920,"10,00",675425647.0,,,1160.0,482.0,1171.0,487.0,1150.0,476.0,"0,16599","0,06155","-0,98420","0,04531","0,05709","-0,99734",,,Valid,Valid,"233,9","101,1","515,5","292,0","101,0","511,3","320,8","133,3","315,3","130,3","0,6609","0,4460","0,6690","0,4511","0,6528","0,4409",thumbnail_grossTrial,thumbnail_grossTrial.png,1245.0,1080.0,337.0,0.0,798.0,692.0,Fixation,358.0,17.0,1153.0,479.0,"0,6548","0,4433",,
24418,7569532,1400446840819,Eye Tracker,Participant0058,17.09.2021,Participant0058,Recording4,17.09.2021,17.09.2021,14:48:45.713,12:48:45.713,64514,Timeline2,Tobii I-VT (Fixation),1.145.28180,1080,1920,"10,00",675434008.0,,,1155.0,487.0,1154.0,496.0,1157.0,478.0,"0,15779","0,06651","-0,98523","0,04875","0,05781","-0,99714",,,Valid,Valid,"233,8","101,1","515,5","292,0","101,0","511,3","316,4","135,9","317,0","130,7","0,6569","0,4509","0,6560","0,4597","0,6578","0,4421",thumbnail_grossTrial,thumbnail_grossTrial.png,1245.0,1080.0,337.0,0.0,798.0,692.0,Fixation,358.0,17.0,1153.0,479.0,"0,6548","0,4433",,
24419,7577869,1400446849156,Eye Tracker,Participant0058,17.09.2021,Participant0058,Recording4,17.09.2021,17.09.2021,14:48:45.713,12:48:45.713,64514,Timeline2,Tobii I-VT (Fixation),1.145.28180,1080,1920,"10,00",675442344.0,,,1148.0,494.0,1145.0,508.0,1151.0,479.0,"0,15263","0,07293","-0,98559","0,04588","0,05883","-0,99721","3,79","3,59",Valid,Valid,"233,9","101,0","515,5","292,1","101,0","511,4","313,7","139,1","315,6","131,1","0,6510","0,4572","0,6482","0,4708","0,6537","0,4437",thumbnail_grossTrial,thumbnail_grossTrial.png,1245.0,1080.0,337.0,0.0,798.0,692.0,Fixation,358.0,17.0,1153.0,479.0,"0,6548","0,4433",,
24420,7586209,1400446857496,Eye Tracker,Participant0058,17.09.2021,Participant0058,Recording4,17.09.2021,17.09.2021,14:48:45.713,12:48:45.713,64514,Timeline2,Tobii I-VT (Fixation),1.145.28180,1080,1920,"10,00",675450684.0,,,1161.0,475.0,1171.0,476.0,1152.0,475.0,"0,16625","0,05580","-0,98450","0,04620","0,05626","-0,99735",,,Valid,Valid,"233,9","101,1","515,5","292,0","101,0","511,4","320,9","130,3","315,7","129,9","0,6617","0,4402","0,6693","0,4409","0,6541","0,4394",thumbnail_grossTrial,thumbnail_grossTrial.png,1245.0,1080.0,337.0,0.0,798.0,692.0,Fixation,358.0,17.0,1153.0,479.0,"0,6548","0,4433",,
24421,7594540,1400446865827,Eye Tracker,Participant0058,17.09.2021,Participant0058,Recording4,17.09.2021,17.09.2021,14:48:45.713,12:48:45.713,64514,Timeline2,Tobii I-VT (Fixation),1.145.28180,1080,1920,"10,00",675459015.0,,,1152.0,479.0,1156.0,486.0,1148.0,472.0,"0,15895","0,06080","-0,98541","0,04409","0,05499","-0,99751",,,Valid,Valid,"233,8","101,1","515,6","292,0","101,0","511,5","317,0","132,9","314,6","129,2","0,6543","0,4434","0,6577","0,4496","0,6508","0,4372",thumbnail_grossTrial,thumbnail_grossTrial.png,1245.0,1080.0,337.0,0.0,798.0,692.0,Fixation,358.0,17.0,1153.0,479.0,"0,6548","0,4433",,
24422,7602840,1400446874127,Eye Tracker,Participant0058,17.09.2021,Participant0058,Recording4,17.09.2021,17.09.2021,14:48:45.713,12:48:45.713,64514,Timeline2,Tobii I-VT (Fixation),1.145.28180,1080,1920,"10,00",675467315.0,,,1153.0,478.0,1158.0,486.0,1149.0,471.0,"0,15966","0,06093","-0,98529","0,04447","0,05430","-0,99753","3,80","3,76",Valid,Valid,"233,8","101,0","515,6","292,1","100,9","511,5","317,4","132,9","314,9","128,8","0,6553","0,4426","0,6591","0,4496","0,6516","0,4357",thumbnail_grossTrial,thumbnail_grossTrial.png,1245.0,1080.0,337.0,0.0,798.0,692.0,Fixation,358.0,17.0,1153.0,479.0,"0,6548","0,4433",,
24423,7611169,1400446882456,Eye Tracker,Participant0058,17.09.2021,Participant0058,Recording4,17.09.2021,17.09.2021,14:48:45.713,12:48:45.713,64514,Timeline2,Tobii I-VT (Fixation),1.145.28180,1080,1920,"10,00",675475643.0,,,1145.0,490.0,1146.0,510.0,1145.0,470.0,"0,15324","0,07361","-0,98544","0,04231","0,05379","-0,99766",,,Valid,Valid,"233,9","101,1","515,6","292,0","101,0","511,6","314,0","139,6","313,7","128,6","0,6488","0,4536","0,6492","0,4722","0,6483","0,4350",thumbnail_grossTrial,thumbnail_grossTrial.png,1245.0,1080.0,337.0,0.0,798.0,692.0,Fixation,358.0,17.0,1153.0,479.0,"0,6548","0,4433",,
24424,7619499,1400446890786,Eye Tracker,Participant0058,17.09.2021,Participant0058,Recording4,17.09.2021,17.09.2021,14:48:45.713,12:48:45.713,64514,Timeline2,Tobii I-VT (Fixation),1.145.28180,1080,1920,"10,00",675483973.0,,,1145.0,488.0,1145.0,510.0,1145.0,467.0,"0,15297","0,07372","-0,98548","0,04235","0,05225","-0,99774",,,Valid,Valid,"233,8","101,0","515,7","292,0","101,0","511,6","313,8","139,6","313,7","127,8","0,6484","0,4523","0,6486","0,4723","0,6482","0,4323",thumbnail_grossTrial,thumbnail_grossTrial.png,1245.0,1080.0,337.0,0.0,798.0,692.0,Fixation,358.0,17.0,1153.0,479.0,"0,6548","0,4433",,
24425,7627864,1400446899151,Eye Tracker,Participant0058,17.09.2021,Participant0058,Recording4,17.09.2021,17.09.2021,14:48:45.713,12:48:45.713,64514,Timeline2,Tobii I-VT (Fixation),1.145.28180,1080,1920,"10,00",675492338.0,,,1141.0,493.0,1141.0,515.0,1142.0,471.0,"0,15054","0,07663","-0,98563","0,04064","0,05455","-0,99768","3,80","3,60",Valid,Valid,"233,8","100,9","515,7","292,1","100,9","511,7","312,6","141,0","312,9","128,9","0,6455","0,4566","0,6450","0,4772","0,6459","0,4360",thumbnail_grossTrial,thumbnail_grossTrial.png,1245.0,1080.0,337.0,0.0,798.0,692.0,Fixation,358.0,17.0,1153.0,479.0,"0,6548","0,4433",,
24426,7636260,1400446907547,Eye Tracker,Participant0058,17.09.2021,Participant0058,Recording4,17.09.2021,17.09.2021,14:48:45.713,12:48:45.713,64514,Timeline2,Tobii I-VT (Fixation),1.145.28180,1080,1920,"10,00",675500734.0,,,1151.0,475.0,1157.0,474.0,1145.0,476.0,"0,15910","0,05492","-0,98573","0,04226","0,05739","-0,99746",,,Valid,Valid,"233,8","101,0","515,7","292,0","101,0","511,6","317,1","129,8","313,7","130,4","0,6532","0,4401","0,6582","0,4390","0,6483","0,4412",thumbnail_grossTrial,thumbnail_grossTrial.png,1245.0,1080.0,337.0,0.0,798.0,692.0,Fixation,358.0,17.0,1153.0,479.0,"0,6548","0,4433",,
24427,7644587,1400446915874,Eye Tracker,Participant0058,17.09.2021,Participant0058,Recording4,17.09.2021,17.09.2021,14:48:45.713,12:48:45.713,64514,Timeline2,Tobii I-VT (Fixation),1.145.28180,1080,1920,"10,00",675509061.0,,,1151.0,477.0,1155.0,478.0,1147.0,476.0,"0,15797","0,05697","-0,98580","0,04368","0,05735","-0,99740",,,Valid,Valid,"233,8","101,0","515,8","292,0","101,0","511,7","316,4","130,8","314,4","130,4","0,6533","0,4419","0,6562","0,4426","0,6503","0,4411",thumbnail_grossTrial,thumbnail_grossTrial.png,1245.0,1080.0,337.0,0.0,798.0,692.0,Fixation,358.0,17.0,1153.0,479.0,"0,6548","0,4433",,
24428,7652834,1400446924121,Eye Tracker,Participant0058,17.09.2021,Participant0058,Recording4,17.09.2021,17.09.2021,14:48:45.713,12:48:45.713,64514,Timeline2,Tobii I-VT (Fixation),1.145.28180,1080,1920,"10,00",675517307.0,,,1151.0,473.0,1155.0,473.0,1148.0,473.0,"0,15794","0,05454","-0,98594","0,04409","0,05578","-0,99747","3,78","3,57",Valid,Valid,"233,9","100,9","515,8","292,1","100,9","511,6","316,5","129,5","314,7","129,5","0,6537","0,4381","0,6564","0,4380","0,6511","0,4383",thumbnail_grossTrial,thumbnail_grossTrial.png,1245.0,1080.0,337.0,0.0,798.0,692.0,Fixation,358.0,17.0,1153.0,479.0,"0,6548","0,4433",,
24429,7661264,1400446932551,Eye Tracker,Participant0058,17.09.2021,Participant0058,Recording4,17.09.2021,17.09.2021,14:48:45.713,12:48:45.713,64514,Timeline2,Tobii I-VT (Fixation),1.145.28180,1080,1920,"10,00",675525737.0,,,1154.0,476.0,1159.0,483.0,1149.0,469.0,"0,16021","0,05978","-0,98527","0,04432","0,05360","-0,99758",,,Valid,Valid,"233,9","101,0","515,7","292,0","101,0","511,5","317,7","132,3","314,8","128,5","0,6557","0,4412","0,6600","0,4477","0,6514","0,4347",thumbnail_grossTrial,thumbnail_grossTrial.png,1245.0,1080.0,337.0,0.0,798.0,692.0,Fixation,358.0,17.0,1153.0,479.0,"0,6548","0,4433",,
24430,7669496,1400446940783,Eye Tracker,Participant0058,17.09.2021,Participant0058,Recording4,17.09.2021,17.09.2021,14:48:45.713,12:48:45.713,64514,Timeline2,Tobii I-VT (Fixation),1.145.28180,1080,1920,"10,00",675533969.0,,,1153.0,475.0,1157.0,478.0,1149.0,472.0,"0,15921","0,05711","-0,98559","0,04444","0,05488","-0,99750",,,Valid,Valid,"233,8","101,0","515,7","292,0","101,0","511,5","317,1","130,9","314,8","129,2","0,6548","0,4399","0,6582","0,4429","0,6514","0,4370",thumbnail_grossTrial,thumbnail_grossTrial.png,1245.0,1080.0,337.0,0.0,798.0,692.0,Fixation,358.0,17.0,1153.0,479.0,"0,6548","0,4433",,
24431,7677896,1400446949183,Eye Tracker,Participant0058,17.09.2021,Participant0058,Recording4,17.09.2021,17.09.2021,14:48:45.713,12:48:45.713,64514,Timeline2,Tobii I-VT (Fixation),1.145.28180,1080,1920,"10,00",675542369.0,,,1153.0,477.0,1157.0,481.0,1149.0,474.0,"0,15929","0,05837","-0,98550","0,04453","0,05617","-0,99743","3,78","3,60",Valid,Valid,"233,9","101,0","515,7","292,1","101,0","511,5","317,2","131,5","314,9","129,8","0,6551","0,4420","0,6585","0,4449","0,6517","0,4391",thumbnail_grossTrial,thumbnail_grossTrial.png,1245.0,1080.0,337.0,0.0,798.0,692.0,Fixation,358.0,17.0,1153.0,479.0,"0,6548","0,4433",,
24432,7686162,1400446957449,Eye Tracker,Participant0058,17.09.2021,Participant0058,Recording4,17.09.2021,17.09.2021,14:48:45.713,12:48:45.713,64514,Timeline2,Tobii I-VT (Fixation),1.145.28180,1080,1920,"10,00",675550634.0,,,1151.0,478.0,1158.0,481.0,1144.0,475.0,"0,15984","0,05836","-0,98542","0,04220","0,05667","-0,99750",,,Valid,Valid,"233,9","101,1","515,7","292,0","101,1","511,4","317,5","131,6","313,7","130,1","0,6537","0,4427","0,6593","0,4452","0,6481","0,4402",thumbnail_grossTrial,thumbnail_grossTrial.png,1245.0,1080.0,337.0,0.0,798.0,692.0,Fixation,358.0,17.0,1153.0,479.0,"0,6548","0,4433",,
24433,7694494,1400446965781,Eye Tracker,Participant0058,17.09.2021,Participant0058,Recording4,17.09.2021,17.09.2021,14:48:45.713,12:48:45.713,64514,Timeline2,Tobii I-VT (Fixation),1.145.28180,1080,1920,"10,00",675558966.0,,,1154.0,476.0,1162.0,484.0,1146.0,469.0,"0,16159","0,05993","-0,98504","0,04302","0,05300","-0,99767",,,Valid,Valid,"233,8","101,1","515,7","292,0","101,1","511,3","318,4","132,4","314,0","128,3","0,6556","0,4410","0,6619","0,4481","0,6492","0,4339",thumbnail_grossTrial,thumbnail_grossTrial.png,1245.0,1080.0,337.0,0.0,798.0,692.0,Fixation,358.0,17.0,1153.0,479.0,"0,6548","0,4433",,
24434,7702828,1400446974115,Eye Tracker,Participant0058,17.09.2021,Participant0058,Recording4,17.09.2021,17.09.2021,14:48:45.713,12:48:45.713,64514,Timeline2,Tobii I-VT (Fixation),1.145.28180,1080,1920,"10,00",675567300.0,,,1144.0,471.0,,,1144.0,471.0,,,,"0,04205","0,05413","-0,99765",,"3,57",Invalid,Valid,,,,"292,0","101,1","511,3",,,"313,5","128,8","0,6478","0,4358",,,"0,6478","0,4358",thumbnail_grossTrial,thumbnail_grossTrial.png,1245.0,1080.0,337.0,0.0,798.0,692.0,Fixation,358.0,17.0,1153.0,479.0,"0,6548","0,4433",,
24435,7711239,1400446982526,Eye Tracker,Participant0058,17.09.2021,Participant0058,Recording4,17.09.2021,17.09.2021,14:48:45.713,12:48:45.713,64514,Timeline2,Tobii I-VT (Fixation),1.145.28180,1080,1920,"10,00",675575711.0,,,1142.0,484.0,1147.0,487.0,1137.0,482.0,"0,15406","0,06158","-0,98614","0,03859","0,05966","-0,99747",,,Valid,Valid,"233,7","101,2","515,6","291,8","101,2","511,3","314,2","133,4","311,5","131,8","0,6458","0,4486","0,6498","0,4513","0,6419","0,4459",thumbnail_grossTrial,thumbnail_grossTrial.png,1245.0,1080.0,337.0,0.0,798.0,692.0,Saccade,42.0,21.0,,,,,,
24436,7719529,1400446990816,Eye Tracker,Participant0058,17.09.2021,Participant0058,Recording4,17.09.2021,17.09.2021,14:48:45.713,12:48:45.713,64514,Timeline2,Tobii I-VT (Fixation),1.145.28180,1080,1920,"10,00",675584000.0,,,1085.0,519.0,1094.0,520.0,1077.0,519.0,"0,12710","0,07866","-0,98877","0,00740","0,07921","-0,99683",,,Valid,Valid,"233,4","101,2","515,7","291,5","101,3","511,3","299,7","142,3","295,3","141,9","0,6007","0,4808","0,6073","0,4813","0,5942","0,4802",thumbnail_grossTrial,thumbnail_grossTrial.png,1245.0,1080.0,337.0,0.0,798.0,692.0,Saccade,42.0,21.0,,,,,,
24437,7727826,1400446999113,Eye Tracker,Participant0058,17.09.2021,Participant0058,Recording4,17.09.2021,17.09.2021,14:48:45.713,12:48:45.713,64514,Timeline2,Tobii I-VT (Fixation),1.145.28180,1080,1920,"10,00",675592297.0,,,1003.0,566.0,,,1003.0,566.0,,,,"-0,03174","0,10433","-0,99404",,"3,61",Invalid,Valid,,,,"291,3","101,3","511,5",,,"275,0","155,0","0,5348","0,5243",,,"0,5348","0,5243",thumbnail_grossTrial,thumbnail_grossTrial.png,1245.0,1080.0,337.0,0.0,798.0,692.0,Saccade,42.0,21.0,,,,,,
24438,7736191,1400447007478,Eye Tracker,Participant0058,17.09.2021,Participant0058,Recording4,17.09.2021,17.09.2021,14:48:45.713,12:48:45.713,64514,Timeline2,Tobii I-VT (Fixation),1.145.28180,1080,1920,"10,00",675600662.0,,,944.0,615.0,984.0,603.0,903.0,627.0,"0,07026","0,12226","-0,99001","-0,08460","0,13569","-0,98713",,,Valid,Valid,"233,2","101,4","515,8","291,3","101,3","511,6","269,8","165,1","247,4","171,6","0,4868","0,5696","0,5196","0,5585","0,4540","0,5807",thumbnail_grossTrial,thumbnail_grossTrial.png,1245.0,1080.0,337.0,0.0,798.0,692.0,Saccade,42.0,21.0,,,,,,
24439,7744556,1400447015843,Eye Tracker,Participant0058,17.09.2021,Participant0058,Recording4,17.09.2021,17.09.2021,14:48:45.713,12:48:45.713,64514,Timeline2,Tobii I-VT (Fixation),1.145.28180,1080,1920,"10,00",675609027.0,,,933.0,627.0,939.0,630.0,927.0,625.0,"0,04627","0,13616","-0,98961","-0,07165","0,13456","-0,98831",,,Valid,Valid,"233,2","101,3","515,9","291,3","101,3","511,6","257,3","172,3","254,2","171,0","0,4784","0,5808","0,4829","0,5830","0,4739","0,5785",thumbnail_grossTrial,thumbnail_grossTrial.png,1245.0,1080.0,337.0,0.0,798.0,692.0,Saccade,42.0,21.0,,,,,,
24440,7752853,1400447024140,Eye Tracker,Participant0058,17.09.2021,Participant0058,Recording4,17.09.2021,17.09.2021,14:48:45.713,12:48:45.713,64514,Timeline2,Tobii I-VT (Fixation),1.145.28180,1080,1920,"10,00",675617324.0,,,935.0,636.0,941.0,646.0,929.0,626.0,"0,04714","0,14462","-0,98836","-0,07066","0,13512","-0,98831","3,79","3,58",Valid,Valid,"233,2","101,3","515,9","291,3","101,3","511,6","257,8","176,8","254,7","171,3","0,4799","0,5888","0,4844","0,5981","0,4755","0,5794",thumbnail_grossTrial,thumbnail_grossTrial.png,1245.0,1080.0,337.0,0.0,798.0,692.0,Fixation,383.0,18.0,928.0,640.0,"0,4746","0,5924",,
24441,7761155,1400447032442,Eye Tracker,Participant0058,17.09.2021,Participant0058,Recording4,17.09.2021,17.09.2021,14:48:45.713,12:48:45.713,64514,Timeline2,Tobii I-VT (Fixation),1.145.28180,1080,1920,"10,00",675625625.0,,,937.0,640.0,940.0,653.0,934.0,628.0,"0,04676","0,14807","-0,98787","-0,06803","0,13627","-0,98833",,,Valid,Valid,"233,2","101,3","515,9","291,3","101,3","511,6","257,6","178,6","256,1","171,9","0,4817","0,5929","0,4839","0,6044","0,4794","0,5815",thumbnail_grossTrial,thumbnail_grossTrial.png,1245.0,1080.0,337.0,0.0,798.0,692.0,Fixation,383.0,18.0,928.0,640.0,"0,4746","0,5924",,
24442,7769522,1400447040809,Eye Tracker,Participant0058,17.09.2021,Participant0058,Recording4,17.09.2021,17.09.2021,14:48:45.713,12:48:45.713,64514,Timeline2,Tobii I-VT (Fixation),1.145.28180,1080,1920,"10,00",675633992.0,,,930.0,642.0,933.0,656.0,928.0,628.0,"0,04314","0,14994","-0,98775","-0,07167","0,13620","-0,98809",,,Valid,Valid,"233,2","101,3","515,9","291,3","101,3","511,6","255,7","179,6","254,2","171,8","0,4761","0,5946","0,4782","0,6078","0,4739","0,5814",thumbnail_grossTrial,thumbnail_grossTrial.png,1245.0,1080.0,337.0,0.0,798.0,692.0,Fixation,383.0,18.0,928.0,640.0,"0,4746","0,5924",,
24443,7777823,1400447049110,Eye Tracker,Participant0058,17.09.2021,Participant0058,Recording4,17.09.2021,17.09.2021,14:48:45.713,12:48:45.713,64514,Timeline2,Tobii I-VT (Fixation),1.145.28180,1080,1920,"10,00",675642293.0,,,935.0,639.0,939.0,651.0,931.0,628.0,"0,04644","0,14703","-0,98804","-0,06965","0,13623","-0,98823","3,98","4,11",Valid,Valid,"233,2","101,2","516,0","291,3","101,3","511,7","257,4","178,0","255,3","171,8","0,4802","0,5918","0,4833","0,6024","0,4770","0,5812",thumbnail_grossTrial,thumbnail_grossTrial.png,1245.0,1080.0,337.0,0.0,798.0,692.0,Fixation,383.0,18.0,928.0,640.0,"0,4746","0,5924",,
24444,7786154,1400447057441,Eye Tracker,Participant0058,17.09.2021,Participant0058,Recording4,17.09.2021,17.09.2021,14:48:45.713,12:48:45.713,64514,Timeline2,Tobii I-VT (Fixation),1.145.28180,1080,1920,"10,00",675650624.0,,,937.0,639.0,935.0,648.0,939.0,631.0,"0,04429","0,14561","-0,98835","-0,06580","0,13802","-0,98824",,,Valid,Valid,"233,2","101,3","516,0","291,3","101,2","511,8","256,3","177,3","257,3","172,7","0,4815","0,5920","0,4801","0,5998","0,4829","0,5843",thumbnail_grossTrial,thumbnail_grossTrial.png,1245.0,1080.0,337.0,0.0,798.0,692.0,Fixation,383.0,18.0,928.0,640.0,"0,4746","0,5924",,
24445,7794565,1400447065852,Eye Tracker,Participant0058,17.09.2021,Participant0058,Recording4,17.09.2021,17.09.2021,14:48:45.713,12:48:45.713,64514,Timeline2,Tobii I-VT (Fixation),1.145.28180,1080,1920,"10,00",675659034.0,,,937.0,639.0,939.0,647.0,936.0,632.0,"0,04616","0,14503","-0,98835","-0,06730","0,13881","-0,98803",,,Valid,Valid,"233,1","101,2","516,1","291,4","101,1","512,0","257,2","177,0","256,5","173,1","0,4817","0,5921","0,4828","0,5987","0,4806","0,5855",thumbnail_grossTrial,thumbnail_grossTrial.png,1245.0,1080.0,337.0,0.0,798.0,692.0,Fixation,383.0,18.0,928.0,640.0,"0,4746","0,5924",,
24446,7802848,1400447074135,Eye Tracker,Participant0058,17.09.2021,Participant0058,Recording4,17.09.2021,17.09.2021,14:48:45.713,12:48:45.713,64514,Timeline2,Tobii I-VT (Fixation),1.145.28180,1080,1920,"10,00",675667317.0,,,933.0,644.0,936.0,652.0,929.0,636.0,"0,04472","0,14790","-0,98799","-0,07083","0,14104","-0,98747","3,96","3,59",Valid,Valid,"233,1","101,1","516,2","291,4","101,0","512,3","256,5","178,4","254,6","174,2","0,4779","0,5965","0,4807","0,6037","0,4752","0,5893",thumbnail_grossTrial,thumbnail_grossTrial.png,1245.0,1080.0,337.0,0.0,798.0,692.0,Fixation,383.0,18.0,928.0,640.0,"0,4746","0,5924",,
24447,7811192,1400447082479,Eye Tracker,Participant0058,17.09.2021,Participant0058,Recording4,17.09.2021,17.09.2021,14:48:45.713,12:48:45.713,64514,Timeline2,Tobii I-VT (Fixation),1.145.28180,1080,1920,"10,00",675675661.0,,,930.0,644.0,937.0,653.0,924.0,635.0,"0,04500","0,14854","-0,98788","-0,07343","0,14016","-0,98740",,,Valid,Valid,"233,2","101,1","516,3","291,4","100,9","512,6","256,7","178,8","253,3","173,6","0,4762","0,5962","0,4812","0,6048","0,4713","0,5875",thumbnail_grossTrial,thumbnail_grossTrial.png,1245.0,1080.0,337.0,0.0,798.0,692.0,Fixation,383.0,18.0,928.0,640.0,"0,4746","0,5924",,
24448,7819530,1400447090817,Eye Tracker,Participant0058,17.09.2021,Participant0058,Recording4,17.09.2021,17.09.2021,14:48:45.713,12:48:45.713,64514,Timeline2,Tobii I-VT (Fixation),1.145.28180,1080,1920,"10,00",675683999.0,,,930.0,645.0,936.0,652.0,924.0,638.0,"0,04474","0,14786","-0,98800","-0,07362","0,14225","-0,98709",,,Valid,Valid,"233,1","101,1","516,4","291,5","100,7","513,1","256,5","178,4","253,2","174,6","0,4758","0,5972","0,4806","0,6035","0,4709","0,5909",thumbnail_grossTrial,thumbnail_grossTrial.png,1245.0,1080.0,337.0,0.0,798.0,692.0,Fixation,383.0,18.0,928.0,640.0,"0,4746","0,5924",,
24449,7827822,1400447099109,Eye Tracker,Participant0058,17.09.2021,Participant0058,Recording4,17.09.2021,17.09.2021,14:48:45.713,12:48:45.713,64514,Timeline2,Tobii I-VT (Fixation),1.145.28180,1080,1920,"10,00",675692290.0,,,926.0,645.0,929.0,652.0,924.0,637.0,"0,04118","0,14818","-0,98810","-0,07369","0,14188","-0,98714","3,75","3,58",Valid,Valid,"233,1","101,0","516,7","291,5","100,5","513,6","254,6","178,4","253,2","174,3","0,4731","0,5968","0,4752","0,6038","0,4709","0,5898",thumbnail_grossTrial,thumbnail_grossTrial.png,1245.0,1080.0,337.0,0.0,798.0,692.0,Fixation,383.0,18.0,928.0,640.0,"0,4746","0,5924",,
24450,7836153,1400447107440,Eye Tracker,Participant0058,17.09.2021,Participant0058,Recording4,17.09.2021,17.09.2021,14:48:45.713,12:48:45.713,64514,Timeline2,Tobii I-VT (Fixation),1.145.28180,1080,1920,"10,00",675700621.0,,,926.0,645.0,926.0,648.0,925.0,642.0,"0,03939","0,14624","-0,98846","-0,07292","0,14440","-0,98683",,,Valid,Valid,"233,1","100,9","516,8","291,6","100,4","514,0","253,7","177,4","253,6","175,6","0,4723","0,5971","0,4726","0,6002","0,4721","0,5940",thumbnail_grossTrial,thumbnail_grossTrial.png,1245.0,1080.0,337.0,0.0,798.0,692.0,Fixation,383.0,18.0,928.0,640.0,"0,4746","0,5924",,
24451,7844482,1400447115769,Eye Tracker,Participant0058,17.09.2021,Participant0058,Recording4,17.09.2021,17.09.2021,14:48:45.713,12:48:45.713,64514,Timeline2,Tobii I-VT (Fixation),1.145.28180,1080,1920,"10,00",675708950.0,,,928.0,640.0,929.0,644.0,927.0,637.0,"0,04135","0,14391","-0,98873","-0,07207","0,14231","-0,98719",,,Valid,Valid,"233,1","100,9","517,1","291,6","100,2","514,5","254,7","176,1","254,0","174,3","0,4744","0,5929","0,4754","0,5959","0,4734","0,5898",thumbnail_grossTrial,thumbnail_grossTrial.png,1245.0,1080.0,337.0,0.0,798.0,692.0,Fixation,383.0,18.0,928.0,640.0,"0,4746","0,5924",,
24452,7852899,1400447124186,Eye Tracker,Participant0058,17.09.2021,Participant0058,Recording4,17.09.2021,17.09.2021,14:48:45.713,12:48:45.713,64514,Timeline2,Tobii I-VT (Fixation),1.145.28180,1080,1920,"10,00",675717367.0,,,930.0,641.0,930.0,643.0,931.0,639.0,"0,04158","0,14368","-0,98875","-0,07013","0,14347","-0,98717","3,77","3,97",Valid,Valid,"233,1","100,7","517,4","291,7","99,9","515,1","254,9","175,9","255,1","174,8","0,4761","0,5933","0,4758","0,5952","0,4764","0,5914",thumbnail_grossTrial,thumbnail_grossTrial.png,1245.0,1080.0,337.0,0.0,798.0,692.0,Fixation,383.0,18.0,928.0,640.0,"0,4746","0,5924",,
24453,7861153,1400447132440,Eye Tracker,Participant0058,17.09.2021,Participant0058,Recording4,17.09.2021,17.09.2021,14:48:45.713,12:48:45.713,64514,Timeline2,Tobii I-VT (Fixation),1.145.28180,1080,1920,"10,00",675725620.0,,,929.0,640.0,933.0,646.0,925.0,634.0,"0,04326","0,14551","-0,98841","-0,07321","0,14101","-0,98730",,,Valid,Valid,"233,1","100,7","517,5","291,7","99,8","515,5","255,8","176,9","253,5","173,4","0,4751","0,5926","0,4785","0,5984","0,4718","0,5867",thumbnail_grossTrial,thumbnail_grossTrial.png,1245.0,1080.0,337.0,0.0,798.0,692.0,Fixation,383.0,18.0,928.0,640.0,"0,4746","0,5924",,
24454,7869562,1400447140849,Eye Tracker,Participant0058,17.09.2021,Participant0058,Recording4,17.09.2021,17.09.2021,14:48:45.713,12:48:45.713,64514,Timeline2,Tobii I-VT (Fixation),1.145.28180,1080,1920,"10,00",675734029.0,,,929.0,636.0,929.0,652.0,928.0,620.0,"0,04099","0,14851","-0,98806","-0,07132","0,13406","-0,98840",,,Valid,Valid,"233,0","100,6","517,8","291,7","99,6","516,0","254,5","178,4","254,5","169,6","0,4748","0,5887","0,4748","0,6037","0,4747","0,5737",thumbnail_grossTrial,thumbnail_grossTrial.png,1245.0,1080.0,337.0,0.0,798.0,692.0,Fixation,383.0,18.0,928.0,640.0,"0,4746","0,5924",,
24455,7877842,1400447149129,Eye Tracker,Participant0058,17.09.2021,Participant0058,Recording4,17.09.2021,17.09.2021,14:48:45.713,12:48:45.713,64514,Timeline2,Tobii I-VT (Fixation),1.145.28180,1080,1920,"10,00",675742309.0,,,930.0,633.0,935.0,647.0,926.0,618.0,"0,04413","0,14608","-0,98829","-0,07257","0,13357","-0,98838","3,99","3,60",Valid,Valid,"233,0","100,5","518,0","291,8","99,4","516,4","256,2","177,0","253,8","169,2","0,4763","0,5857","0,4797","0,5990","0,4729","0,5724",thumbnail_grossTrial,thumbnail_grossTrial.png,1245.0,1080.0,337.0,0.0,798.0,692.0,Fixation,383.0,18.0,928.0,640.0,"0,4746","0,5924",,
24456,7886179,1400447157466,Eye Tracker,Participant0058,17.09.2021,Participant0058,Recording4,17.09.2021,17.09.2021,14:48:45.713,12:48:45.713,64514,Timeline2,Tobii I-VT (Fixation),1.145.28180,1080,1920,"10,00",675750646.0,,,930.0,632.0,936.0,647.0,925.0,617.0,"0,04474","0,14599","-0,98827","-0,07342","0,13319","-0,98837",,,Valid,Valid,"233,1","100,4","518,1","291,8","99,3","516,7","256,5","177,0","253,4","168,9","0,4762","0,5851","0,4807","0,5988","0,4716","0,5715",thumbnail_grossTrial,thumbnail_grossTrial.png,1245.0,1080.0,337.0,0.0,798.0,692.0,Fixation,383.0,18.0,928.0,640.0,"0,4746","0,5924",,
24457,7894520,1400447165807,Eye Tracker,Participant0058,17.09.2021,Participant0058,Recording4,17.09.2021,17.09.2021,14:48:45.713,12:48:45.713,64514,Timeline2,Tobii I-VT (Fixation),1.145.28180,1080,1920,"10,00",675758987.0,,,932.0,637.0,938.0,648.0,925.0,626.0,"0,04573","0,14682","-0,98811","-0,07284","0,13793","-0,98776",,,Valid,Valid,"233,0","100,4","518,3","291,8","99,2","516,9","257,0","177,4","253,6","171,4","0,4771","0,5900","0,4820","0,6002","0,4723","0,5797",thumbnail_grossTrial,thumbnail_grossTrial.png,1245.0,1080.0,337.0,0.0,798.0,692.0,Fixation,383.0,18.0,928.0,640.0,"0,4746","0,5924",,
24458,7902814,1400447174101,Eye Tracker,Participant0058,17.09.2021,Participant0058,Recording4,17.09.2021,17.09.2021,14:48:45.713,12:48:45.713,64514,Timeline2,Tobii I-VT (Fixation),1.145.28180,1080,1920,"10,00",675767280.0,,,916.0,641.0,932.0,654.0,901.0,629.0,"0,04256","0,14973","-0,98781","-0,08571","0,13935","-0,98653","3,78","3,59",Valid,Valid,"233,0","100,3","518,4","291,8","99,0","517,2","255,3","178,9","246,9","172,1","0,4648","0,5937","0,4772","0,6051","0,4524","0,5823",thumbnail_grossTrial,thumbnail_grossTrial.png,1245.0,1080.0,337.0,0.0,798.0,692.0,Fixation,383.0,18.0,928.0,640.0,"0,4746","0,5924",,
24459,7911160,1400447182447,Eye Tracker,Participant0058,17.09.2021,Participant0058,Recording4,17.09.2021,17.09.2021,14:48:45.713,12:48:45.713,64514,Timeline2,Tobii I-VT (Fixation),1.145.28180,1080,1920,"10,00",675775626.0,,,917.0,644.0,927.0,656.0,907.0,632.0,"0,04013","0,15083","-0,98774","-0,08229","0,14121","-0,98655",,,Valid,Valid,"233,0","100,3","518,4","291,8","99,0","517,2","254,1","179,4","248,7","173,0","0,4657","0,5963","0,4736","0,6071","0,4578","0,5855",thumbnail_grossTrial,thumbnail_grossTrial.png,1245.0,1080.0,337.0,0.0,798.0,692.0,Fixation,383.0,18.0,928.0,640.0,"0,4746","0,5924",,
24460,7919474,1400447190761,Eye Tracker,Participant0058,17.09.2021,Participant0058,Recording4,17.09.2021,17.09.2021,14:48:45.713,12:48:45.713,64514,Timeline2,Tobii I-VT (Fixation),1.145.28180,1080,1920,"10,00",675783940.0,,,917.0,642.0,926.0,653.0,907.0,632.0,"0,03982","0,14965","-0,98794","-0,08225","0,14090","-0,98660",,,Valid,Valid,"233,0","100,2","518,5","291,8","98,9","517,4","253,9","178,8","248,7","172,8","0,4653","0,5948","0,4729","0,6049","0,4577","0,5848",thumbnail_grossTrial,thumbnail_grossTrial.png,1245.0,1080.0,337.0,0.0,798.0,692.0,Fixation,383.0,18.0,928.0,640.0,"0,4746","0,5924",,
24461,7927810,1400447199097,Eye Tracker,Participant0058,17.09.2021,Participant0058,Recording4,17.09.2021,17.09.2021,14:48:45.713,12:48:45.713,64514,Timeline2,Tobii I-VT (Fixation),1.145.28180,1080,1920,"10,00",675792276.0,,,938.0,641.0,946.0,653.0,930.0,629.0,"0,05023","0,14936","-0,98751","-0,07068","0,13991","-0,98764","3,91","3,60",Valid,Valid,"233,0","100,2","518,6","291,9","98,9","517,5","259,4","178,6","254,8","172,2","0,4824","0,5935","0,4890","0,6043","0,4757","0,5826",thumbnail_grossTrial,thumbnail_grossTrial.png,1245.0,1080.0,337.0,0.0,798.0,692.0,Fixation,383.0,18.0,928.0,640.0,"0,4746","0,5924",,
24462,7936182,1400447207469,Eye Tracker,Participant0058,17.09.2021,Participant0058,Recording4,17.09.2021,17.09.2021,14:48:45.713,12:48:45.713,64514,Timeline2,Tobii I-VT (Fixation),1.145.28180,1080,1920,"10,00",675800647.0,,,937.0,644.0,948.0,655.0,926.0,633.0,"0,05096","0,15072","-0,98726","-0,07244","0,14174","-0,98725",,,Valid,Valid,"233,1","100,2","518,6","291,9","98,9","517,4","259,8","179,4","253,9","173,2","0,4817","0,5964","0,4904","0,6068","0,4731","0,5860",thumbnail_grossTrial,thumbnail_grossTrial.png,1245.0,1080.0,337.0,0.0,798.0,692.0,Fixation,383.0,18.0,928.0,640.0,"0,4746","0,5924",,
24463,7944515,1400447215802,Eye Tracker,Participant0058,17.09.2021,Participant0058,Recording4,17.09.2021,17.09.2021,14:48:45.713,12:48:45.713,64514,Timeline2,Tobii I-VT (Fixation),1.145.28180,1080,1920,"10,00",675808980.0,,,928.0,641.0,932.0,653.0,924.0,629.0,"0,04284","0,14950","-0,98783","-0,07363","0,13982","-0,98744",,,Valid,Valid,"233,0","100,2","518,6","291,8","98,9","517,5","255,5","178,7","253,3","172,2","0,4744","0,5935","0,4776","0,6045","0,4711","0,5825",thumbnail_grossTrial,thumbnail_grossTrial.png,1245.0,1080.0,337.0,0.0,798.0,692.0,Fixation,383.0,18.0,928.0,640.0,"0,4746","0,5924",,
24464,7952820,1400447224107,Eye Tracker,Participant0058,17.09.2021,Participant0058,Recording4,17.09.2021,17.09.2021,14:48:45.713,12:48:45.713,64514,Timeline2,Tobii I-VT (Fixation),1.145.28180,1080,1920,"10,00",675817285.0,,,932.0,638.0,935.0,649.0,929.0,628.0,"0,04404","0,14737","-0,98810","-0,07138","0,13909","-0,98770","3,94","3,59",Valid,Valid,"233,0","100,1","518,6","291,9","98,9","517,5","256,1","177,5","254,5","171,7","0,4772","0,5908","0,4796","0,6005","0,4748","0,5810",thumbnail_grossTrial,thumbnail_grossTrial.png,1245.0,1080.0,337.0,0.0,798.0,692.0,Fixation,383.0,18.0,928.0,640.0,"0,4746","0,5924",,
24465,7961181,1400447232468,Eye Tracker,Participant0058,17.09.2021,Participant0058,Recording4,17.09.2021,17.09.2021,14:48:45.713,12:48:45.713,64514,Timeline2,Tobii I-VT (Fixation),1.145.28180,1080,1920,"10,00",675825646.0,,,930.0,637.0,937.0,647.0,923.0,628.0,"0,04518","0,14649","-0,98818","-0,07425","0,13917","-0,98748",,,Valid,Valid,"233,1","100,2","518,6","291,9","98,9","517,5","256,8","177,1","253,0","171,8","0,4759","0,5902","0,4814","0,5991","0,4704","0,5813",thumbnail_grossTrial,thumbnail_grossTrial.png,1245.0,1080.0,337.0,0.0,798.0,692.0,Fixation,383.0,18.0,928.0,640.0,"0,4746","0,5924",,
24466,7969501,1400447240788,Eye Tracker,Participant0058,17.09.2021,Participant0058,Recording4,17.09.2021,17.09.2021,14:48:45.713,12:48:45.713,64514,Timeline2,Tobii I-VT (Fixation),1.145.28180,1080,1920,"10,00",675833965.0,,,927.0,637.0,935.0,643.0,920.0,631.0,"0,04458","0,14440","-0,98851","-0,07599","0,14055","-0,98715",,,Valid,Valid,"233,0","100,2","518,6","291,9","98,9","517,5","256,4","176,0","252,0","172,6","0,4739","0,5896","0,4802","0,5953","0,4675","0,5839",thumbnail_grossTrial,thumbnail_grossTrial.png,1245.0,1080.0,337.0,0.0,798.0,692.0,Fixation,383.0,18.0,928.0,640.0,"0,4746","0,5924",,
24467,7977855,1400447249142,Eye Tracker,Participant0058,17.09.2021,Participant0058,Recording4,17.09.2021,17.09.2021,14:48:45.713,12:48:45.713,64514,Timeline2,Tobii I-VT (Fixation),1.145.28180,1080,1920,"10,00",675842319.0,,,928.0,637.0,937.0,643.0,918.0,630.0,"0,04531","0,14439","-0,98848","-0,07670","0,14048","-0,98711","4,00","3,59",Valid,Valid,"233,0","100,2","518,7","291,9","98,9","517,6","256,8","175,9","251,7","172,5","0,4740","0,5895","0,4815","0,5952","0,4665","0,5837",thumbnail_grossTrial,thumbnail_grossTrial.png,1245.0,1080.0,337.0,0.0,798.0,692.0,Fixation,383.0,18.0,928.0,640.0,"0,4746","0,5924",,
24468,7986177,1400447257464,Eye Tracker,Participant0058,17.09.2021,Participant0058,Recording4,17.09.2021,17.09.2021,14:48:45.713,12:48:45.713,64514,Timeline2,Tobii I-VT (Fixation),1.145.28180,1080,1920,"10,00",675850641.0,,,919.0,639.0,931.0,638.0,906.0,639.0,"0,04237","0,14208","-0,98895","-0,08282","0,14490","-0,98597",,,Valid,Valid,"233,1","100,2","518,6","291,9","98,9","517,5","255,3","174,7","248,4","175,0","0,4670","0,5915","0,4770","0,5911","0,4570","0,5919",thumbnail_grossTrial,thumbnail_grossTrial.png,1245.0,1080.0,337.0,0.0,798.0,692.0,Fixation,383.0,18.0,928.0,640.0,"0,4746","0,5924",,
24469,7994504,1400447265791,Eye Tracker,Participant0058,17.09.2021,Participant0058,Recording4,17.09.2021,17.09.2021,14:48:45.713,12:48:45.713,64514,Timeline2,Tobii I-VT (Fixation),1.145.28180,1080,1920,"10,00",675858968.0,,,926.0,637.0,935.0,641.0,918.0,634.0,"0,04448","0,14341","-0,98866","-0,07690","0,14222","-0,98684",,,Valid,Valid,"233,0","100,2","518,6","291,9","98,9","517,6","256,3","175,4","251,5","173,5","0,4731","0,5902","0,4801","0,5935","0,4660","0,5869",thumbnail_grossTrial,thumbnail_grossTrial.png,1245.0,1080.0,337.0,0.0,798.0,692.0,Fixation,383.0,18.0,928.0,640.0,"0,4746","0,5924",,
24470,8002833,1400447274120,Eye Tracker,Participant0058,17.09.2021,Participant0058,Recording4,17.09.2021,17.09.2021,14:48:45.713,12:48:45.713,64514,Timeline2,Tobii I-VT (Fixation),1.145.28180,1080,1920,"10,00",675867296.0,,,921.0,641.0,936.0,644.0,907.0,638.0,"0,04492","0,14497","-0,98842","-0,08271","0,14405","-0,98611","4,05","3,60",Valid,Valid,"233,0","100,2","518,6","291,9","98,8","517,6","256,6","176,2","248,5","174,5","0,4690","0,5933","0,4808","0,5963","0,4571","0,5903",thumbnail_grossTrial,thumbnail_grossTrial.png,1245.0,1080.0,337.0,0.0,798.0,692.0,Fixation,383.0,18.0,928.0,640.0,"0,4746","0,5924",,
24471,8011178,1400447282465,Eye Tracker,Participant0058,17.09.2021,Participant0058,Recording4,17.09.2021,17.09.2021,14:48:45.713,12:48:45.713,64514,Timeline2,Tobii I-VT (Fixation),1.145.28180,1080,1920,"10,00",675875641.0,,,927.0,637.0,941.0,648.0,914.0,626.0,"0,04743","0,14699","-0,98800","-0,07907","0,13829","-0,98723",,,Valid,Valid,"233,0","100,2","518,5","291,9","98,9","517,6","257,9","177,4","250,4","171,4","0,4739","0,5900","0,4848","0,6001","0,4629","0,5798",thumbnail_grossTrial,thumbnail_grossTrial.png,1245.0,1080.0,337.0,0.0,798.0,692.0,Fixation,383.0,18.0,928.0,640.0,"0,4746","0,5924",,
24472,8019530,1400447290817,Eye Tracker,Participant0058,17.09.2021,Participant0058,Recording4,17.09.2021,17.09.2021,14:48:45.713,12:48:45.713,64514,Timeline2,Tobii I-VT (Fixation),1.145.28180,1080,1920,"10,00",675883993.0,,,928.0,638.0,937.0,651.0,919.0,625.0,"0,04560","0,14827","-0,98790","-0,07651","0,13774","-0,98751",,,Valid,Valid,"233,0","100,2","518,5","291,9","98,8","517,6","256,9","178,1","251,7","171,0","0,4743","0,5906","0,4818","0,6025","0,4667","0,5787",thumbnail_grossTrial,thumbnail_grossTrial.png,1245.0,1080.0,337.0,0.0,798.0,692.0,Fixation,383.0,18.0,928.0,640.0,"0,4746","0,5924",,
24473,8027804,1400447299091,Eye Tracker,Participant0058,17.09.2021,Participant0058,Recording4,17.09.2021,17.09.2021,14:48:45.713,12:48:45.713,64514,Timeline2,Tobii I-VT (Fixation),1.145.28180,1080,1920,"10,00",675892267.0,,,924.0,640.0,931.0,652.0,917.0,628.0,"0,04223","0,14888","-0,98795","-0,07712","0,13955","-0,98721","3,78","3,60",Valid,Valid,"233,0","100,2","518,5","291,9","98,8","517,7","255,2","178,3","251,5","172,0","0,4713","0,5926","0,4767","0,6034","0,4659","0,5818",thumbnail_grossTrial,thumbnail_grossTrial.png,1245.0,1080.0,337.0,0.0,798.0,692.0,Fixation,383.0,18.0,928.0,640.0,"0,4746","0,5924",,
24474,8036140,1400447307427,Eye Tracker,Participant0058,17.09.2021,Participant0058,Recording4,17.09.2021,17.09.2021,14:48:45.713,12:48:45.713,64514,Timeline2,Tobii I-VT (Fixation),1.145.28180,1080,1920,"10,00",675900603.0,,,925.0,640.0,932.0,648.0,919.0,631.0,"0,04258","0,14714","-0,98820","-0,07657","0,14106","-0,98703",,,Valid,Valid,"233,1","100,3","518,3","291,9","98,8","517,7","255,4","177,5","251,8","172,8","0,4721","0,5925","0,4774","0,6004","0,4668","0,5846",thumbnail_grossTrial,thumbnail_grossTrial.png,1245.0,1080.0,337.0,0.0,798.0,692.0,Fixation,383.0,18.0,928.0,640.0,"0,4746","0,5924",,
24475,8044511,1400447315798,Eye Tracker,Participant0058,17.09.2021,Participant0058,Recording4,17.09.2021,17.09.2021,14:48:45.713,12:48:45.713,64514,Timeline2,Tobii I-VT (Fixation),1.145.28180,1080,1920,"10,00",675908973.0,,,927.0,640.0,933.0,649.0,921.0,632.0,"0,04319","0,14754","-0,98811","-0,07516","0,14124","-0,98712",,,Valid,Valid,"233,0","100,3","518,2","291,9","98,8","517,7","255,6","177,7","252,5","172,8","0,4735","0,5930","0,4781","0,6012","0,4688","0,5848",thumbnail_grossTrial,thumbnail_grossTrial.png,1245.0,1080.0,337.0,0.0,798.0,692.0,Fixation,383.0,18.0,928.0,640.0,"0,4746","0,5924",,
24476,8052859,1400447324146,Eye Tracker,Participant0058,17.09.2021,Participant0058,Recording4,17.09.2021,17.09.2021,14:48:45.713,12:48:45.713,64514,Timeline2,Tobii I-VT (Fixation),1.145.28180,1080,1920,"10,00",675917321.0,,,927.0,642.0,932.0,651.0,923.0,632.0,"0,04245","0,14839","-0,98802","-0,07446","0,14155","-0,98713","3,79","3,62",Valid,Valid,"233,0","100,3","518,2","291,9","98,7","517,8","255,3","178,1","252,9","173,0","0,4736","0,5940","0,4771","0,6027","0,4700","0,5853",thumbnail_grossTrial,thumbnail_grossTrial.png,1245.0,1080.0,337.0,0.0,798.0,692.0,Fixation,383.0,18.0,928.0,640.0,"0,4746","0,5924",,
24477,8061168,1400447332455,Eye Tracker,Participant0058,17.09.2021,Participant0058,Recording4,17.09.2021,17.09.2021,14:48:45.713,12:48:45.713,64514,Timeline2,Tobii I-VT (Fixation),1.145.28180,1080,1920,"10,00",675925630.0,,,922.0,644.0,923.0,652.0,921.0,637.0,"0,03789","0,14900","-0,98811","-0,07525","0,14386","-0,98673",,,Valid,Valid,"233,1","100,4","518,1","291,9","98,8","517,8","252,9","178,5","252,5","174,2","0,4695","0,5967","0,4702","0,6040","0,4688","0,5895",thumbnail_grossTrial,thumbnail_grossTrial.png,1245.0,1080.0,337.0,0.0,798.0,692.0,Fixation,383.0,18.0,928.0,640.0,"0,4746","0,5924",,
24478,8069496,1400447340783,Eye Tracker,Participant0058,17.09.2021,Participant0058,Recording4,17.09.2021,17.09.2021,14:48:45.713,12:48:45.713,64514,Timeline2,Tobii I-VT (Fixation),1.145.28180,1080,1920,"10,00",675933958.0,,,920.0,641.0,925.0,645.0,915.0,638.0,"0,03908","0,14497","-0,98866","-0,07844","0,14455","-0,98638",,,Valid,Valid,"233,0","100,4","518,0","291,9","98,7","517,8","253,5","176,4","250,7","174,6","0,4677","0,5938","0,4718","0,5968","0,4637","0,5908",thumbnail_grossTrial,thumbnail_grossTrial.png,1245.0,1080.0,337.0,0.0,798.0,692.0,Fixation,383.0,18.0,928.0,640.0,"0,4746","0,5924",,
24479,8077829,1400447349116,Eye Tracker,Participant0058,17.09.2021,Participant0058,Recording4,17.09.2021,17.09.2021,14:48:45.713,12:48:45.713,64514,Timeline2,Tobii I-VT (Fixation),1.145.28180,1080,1920,"10,00",675942290.0,,,923.0,640.0,926.0,643.0,919.0,638.0,"0,03951","0,14412","-0,98877","-0,07607","0,14451","-0,98657","3,78","4,07",Valid,Valid,"233,0","100,4","518,0","291,9","98,7","517,9","253,7","175,9","252,0","174,6","0,4700","0,5929","0,4725","0,5952","0,4674","0,5907",thumbnail_grossTrial,thumbnail_grossTrial.png,1245.0,1080.0,337.0,0.0,798.0,692.0,Fixation,383.0,18.0,928.0,640.0,"0,4746","0,5924",,
24480,8086164,1400447357451,Eye Tracker,Participant0058,17.09.2021,Participant0058,Recording4,17.09.2021,17.09.2021,14:48:45.713,12:48:45.713,64514,Timeline2,Tobii I-VT (Fixation),1.145.28180,1080,1920,"10,00",675950625.0,,,925.0,640.0,934.0,647.0,917.0,633.0,"0,04365","0,14610","-0,98831","-0,07754","0,14195","-0,98683",,,Valid,Valid,"233,1","100,5","517,9","291,9","98,8","517,8","255,9","177,0","251,2","173,3","0,4721","0,5926","0,4790","0,5990","0,4652","0,5862",thumbnail_grossTrial,thumbnail_grossTrial.png,1245.0,1080.0,337.0,0.0,798.0,692.0,Fixation,383.0,18.0,928.0,640.0,"0,4746","0,5924",,
24481,8094496,1400447365783,Eye Tracker,Participant0058,17.09.2021,Participant0058,Recording4,17.09.2021,17.09.2021,14:48:45.713,12:48:45.713,64514,Timeline2,Tobii I-VT (Fixation),1.145.28180,1080,1920,"10,00",675958957.0,,,925.0,643.0,932.0,652.0,918.0,634.0,"0,04256","0,14859","-0,98798","-0,07655","0,14215","-0,98688",,,Valid,Valid,"233,0","100,5","517,9","291,9","98,8","517,8","255,3","178,4","251,7","173,4","0,4719","0,5951","0,4771","0,6036","0,4666","0,5866",thumbnail_grossTrial,thumbnail_grossTrial.png,1245.0,1080.0,337.0,0.0,798.0,692.0,Fixation,383.0,18.0,928.0,640.0,"0,4746","0,5924",,
24482,8102796,1400447374083,Eye Tracker,Participant0058,17.09.2021,Participant0058,Recording4,17.09.2021,17.09.2021,14:48:45.713,12:48:45.713,64514,Timeline2,Tobii I-VT (Fixation),1.145.28180,1080,1920,"10,00",675967257.0,,,927.0,641.0,938.0,650.0,917.0,633.0,"0,04603","0,14746","-0,98800","-0,07748","0,14181","-0,98686","4,04","3,62",Valid,Valid,"233,0","100,5","517,9","291,9","98,8","517,9","257,1","177,8","251,2","173,2","0,4739","0,5938","0,4825","0,6016","0,4653","0,5860",thumbnail_grossTrial,thumbnail_grossTrial.png,1245.0,1080.0,337.0,0.0,798.0,692.0,Fixation,383.0,18.0,928.0,640.0,"0,4746","0,5924",,
24483,8111136,1400447382423,Eye Tracker,Participant0058,17.09.2021,Participant0058,Recording4,17.09.2021,17.09.2021,14:48:45.713,12:48:45.713,64514,Timeline2,Tobii I-VT (Fixation),1.145.28180,1080,1920,"10,00",675975596.0,,,928.0,639.0,936.0,646.0,919.0,632.0,"0,04497","0,14556","-0,98833","-0,07609","0,14110","-0,98707",,,Valid,Valid,"233,0","100,6","517,8","291,9","98,8","517,8","256,6","176,8","252,0","172,9","0,4742","0,5916","0,4810","0,5983","0,4675","0,5848",thumbnail_grossTrial,thumbnail_grossTrial.png,1245.0,1080.0,337.0,0.0,798.0,692.0,Fixation,383.0,18.0,928.0,640.0,"0,4746","0,5924",,
24484,8119489,1400447390776,Eye Tracker,Participant0058,17.09.2021,Participant0058,Recording4,17.09.2021,17.09.2021,14:48:45.713,12:48:45.713,64514,Timeline2,Tobii I-VT (Fixation),1.145.28180,1080,1920,"10,00",675983949.0,,,930.0,637.0,934.0,648.0,926.0,627.0,"0,04364","0,14666","-0,98822","-0,07285","0,13853","-0,98768",,,Valid,Valid,"233,0","100,6","517,9","291,9","98,9","517,8","255,9","177,4","253,7","171,5","0,4756","0,5903","0,4788","0,6004","0,4723","0,5802",thumbnail_grossTrial,thumbnail_grossTrial.png,1245.0,1080.0,337.0,0.0,798.0,692.0,Fixation,383.0,18.0,928.0,640.0,"0,4746","0,5924",,
24485,8127794,1400447399081,Eye Tracker,Participant0058,17.09.2021,Participant0058,Recording4,17.09.2021,17.09.2021,14:48:45.713,12:48:45.713,64514,Timeline2,Tobii I-VT (Fixation),1.145.28180,1080,1920,"10,00",675992254.0,,,931.0,641.0,931.0,653.0,932.0,628.0,"0,04234","0,14925","-0,98789","-0,06984","0,13950","-0,98776","3,96","4,04",Valid,Valid,"233,0","100,5","517,9","291,9","98,8","517,8","255,2","178,8","255,3","172,0","0,4770","0,5933","0,4769","0,6049","0,4771","0,5818",thumbnail_grossTrial,thumbnail_grossTrial.png,1245.0,1080.0,337.0,0.0,798.0,692.0,Fixation,383.0,18.0,928.0,640.0,"0,4746","0,5924",,
24486,8136134,1400447407421,Eye Tracker,Participant0058,17.09.2021,Participant0058,Recording4,17.09.2021,17.09.2021,14:48:45.713,12:48:45.713,64514,Timeline2,Tobii I-VT (Fixation),1.145.28180,1080,1920,"10,00",676000594.0,,,940.0,638.0,940.0,647.0,939.0,629.0,"0,04684","0,14576","-0,98821","-0,06606","0,13973","-0,98798",,,Valid,Valid,"233,1","100,5","517,9","292,0","98,8","517,7","257,7","176,9","257,4","172,1","0,4837","0,5904","0,4841","0,5986","0,4832","0,5821",thumbnail_grossTrial,thumbnail_grossTrial.png,1245.0,1080.0,337.0,0.0,798.0,692.0,Saccade,50.0,22.0,,,,,,
24487,8144486,1400447415773,Eye Tracker,Participant0058,17.09.2021,Participant0058,Recording4,17.09.2021,17.09.2021,14:48:45.713,12:48:45.713,64514,Timeline2,Tobii I-VT (Fixation),1.145.28180,1080,1920,"10,00",676008945.0,,,950.0,629.0,955.0,633.0,946.0,625.0,"0,05434","0,13877","-0,98883","-0,06281","0,13813","-0,98842",,,Valid,Valid,"233,2","100,4","517,8","292,0","98,8","517,7","261,7","173,1","259,1","171,1","0,4921","0,5823","0,4958","0,5857","0,4884","0,5790",thumbnail_grossTrial,thumbnail_grossTrial.png,1245.0,1080.0,337.0,0.0,798.0,692.0,Saccade,50.0,22.0,,,,,,
24488,8152825,1400447424112,Eye Tracker,Participant0058,17.09.2021,Participant0058,Recording4,17.09.2021,17.09.2021,14:48:45.713,12:48:45.713,64514,Timeline2,Tobii I-VT (Fixation),1.145.28180,1080,1920,"10,00",676017284.0,,,1031.0,579.0,1030.0,588.0,1031.0,571.0,"0,09344","0,11550","-0,98890","-0,01826","0,11056","-0,99370","3,99","3,64",Valid,Valid,"233,4","100,4","517,9","292,2","98,7","517,6","282,3","160,8","282,7","156,3","0,5568","0,5365","0,5564","0,5442","0,5573","0,5287",thumbnail_grossTrial,thumbnail_grossTrial.png,1245.0,1080.0,337.0,0.0,798.0,692.0,Saccade,50.0,22.0,,,,,,
24489,8161131,1400447432418,Eye Tracker,Participant0058,17.09.2021,Participant0058,Recording4,17.09.2021,17.09.2021,14:48:45.713,12:48:45.713,64514,Timeline2,Tobii I-VT (Fixation),1.145.28180,1080,1920,"10,00",676025590.0,,,1031.0,579.0,1030.0,588.0,1031.0,571.0,"0,09315","0,11559","-0,98892","-0,01846","0,11054","-0,99370",,,Valid,Valid,"233,6","100,3","517,8","292,3","98,7","517,4","282,3","160,8","282,7","156,3","0,5568","0,5365","0,5564","0,5442","0,5573","0,5287",thumbnail_grossTrial,thumbnail_grossTrial.png,1245.0,1080.0,337.0,0.0,798.0,692.0,Saccade,50.0,22.0,,,,,,
24490,8169455,1400447440742,Eye Tracker,Participant0058,17.09.2021,Participant0058,Recording4,17.09.2021,17.09.2021,14:48:45.713,12:48:45.713,64514,Timeline2,Tobii I-VT (Fixation),1.145.28180,1080,1920,"10,00",676033914.0,,,1064.0,530.0,1063.0,539.0,1065.0,521.0,"0,11028","0,09034","-0,98979","-0,00089","0,08461","-0,99641",,,Valid,Valid,"233,6","100,2","517,8","292,3","98,7","517,4","291,3","147,5","291,8","142,6","0,5834","0,4908","0,5826","0,4991","0,5841","0,4826",thumbnail_grossTrial,thumbnail_grossTrial.png,1245.0,1080.0,337.0,0.0,798.0,692.0,Saccade,50.0,22.0,,,,,,
24491,8177868,1400447449155,Eye Tracker,Participant0058,17.09.2021,Participant0058,Recording4,17.09.2021,17.09.2021,14:48:45.713,12:48:45.713,64514,Timeline2,Tobii I-VT (Fixation),1.145.28180,1080,1920,"10,00",676042327.0,,,1083.0,508.0,,,1083.0,508.0,,,,"0,00870","0,07794","-0,99692",,"3,63",Invalid,Valid,,,,"292,4","98,6","517,4",,,"296,9","139,0","0,5989","0,4704",,,"0,5989","0,4704",thumbnail_grossTrial,thumbnail_grossTrial.png,1245.0,1080.0,337.0,0.0,798.0,692.0,Saccade,50.0,22.0,,,,,,
24492,8186131,1400447457418,Eye Tracker,Participant0058,17.09.2021,Participant0058,Recording4,17.09.2021,17.09.2021,14:48:45.713,12:48:45.713,64514,Timeline2,Tobii I-VT (Fixation),1.145.28180,1080,1920,"10,00",676050589.0,,,1091.0,515.0,1083.0,527.0,1099.0,503.0,"0,12043","0,08409","-0,98915","0,01707","0,07521","-0,99702",,,Valid,Valid,"233,7","100,2","517,8","292,4","98,6","517,3","296,8","144,2","301,2","137,7","0,6051","0,4768","0,5986","0,4879","0,6116","0,4657",thumbnail_grossTrial,thumbnail_grossTrial.png,1245.0,1080.0,337.0,0.0,798.0,692.0,Fixation,183.0,19.0,1100.0,495.0,"0,6127","0,4579",,
24493,8194453,1400447465740,Eye Tracker,Participant0058,17.09.2021,Participant0058,Recording4,17.09.2021,17.09.2021,14:48:45.713,12:48:45.713,64514,Timeline2,Tobii I-VT (Fixation),1.145.28180,1080,1920,"10,00",676058911.0,,,1089.0,511.0,1080.0,518.0,1099.0,505.0,"0,11926","0,07959","-0,98967","0,01700","0,07614","-0,99695",,,Valid,Valid,"233,6","100,1","517,9","292,3","98,6","517,4","296,0","141,8","301,1","138,1","0,6039","0,4735","0,5964","0,4796","0,6113","0,4673",thumbnail_grossTrial,thumbnail_grossTrial.png,1245.0,1080.0,337.0,0.0,798.0,692.0,Fixation,183.0,19.0,1100.0,495.0,"0,6127","0,4579",,
24494,8202811,1400447474098,Eye Tracker,Participant0058,17.09.2021,Participant0058,Recording4,17.09.2021,17.09.2021,14:48:45.713,12:48:45.713,64514,Timeline2,Tobii I-VT (Fixation),1.145.28180,1080,1920,"10,00",676067269.0,,,1101.0,501.0,,,1101.0,501.0,,,,"0,01812","0,07450","-0,99706",,"3,62",Invalid,Valid,,,,"292,3","98,5","517,3",,,"301,7","137,2","0,6132","0,4642",,,"0,6132","0,4642",thumbnail_grossTrial,thumbnail_grossTrial.png,1245.0,1080.0,337.0,0.0,798.0,692.0,Fixation,183.0,19.0,1100.0,495.0,"0,6127","0,4579",,
24495,8211123,1400447482410,Eye Tracker,Participant0058,17.09.2021,Participant0058,Recording4,17.09.2021,17.09.2021,14:48:45.713,12:48:45.713,64514,Timeline2,Tobii I-VT (Fixation),1.145.28180,1080,1920,"10,00",676075581.0,,,1106.0,502.0,1112.0,500.0,1100.0,503.0,"0,13562","0,06995","-0,98829","0,01746","0,07554","-0,99699",,,Valid,Valid,"233,7","100,1","517,9","292,3","98,6","517,3","304,7","136,7","301,4","137,8","0,6171","0,4644","0,6219","0,4626","0,6122","0,4662",thumbnail_grossTrial,thumbnail_grossTrial.png,1245.0,1080.0,337.0,0.0,798.0,692.0,Fixation,183.0,19.0,1100.0,495.0,"0,6127","0,4579",,
24496,8219451,1400447490738,Eye Tracker,Participant0058,17.09.2021,Participant0058,Recording4,17.09.2021,17.09.2021,14:48:45.713,12:48:45.713,64514,Timeline2,Tobii I-VT (Fixation),1.145.28180,1080,1920,"10,00",676083908.0,,,1105.0,509.0,1110.0,518.0,1100.0,499.0,"0,13467","0,07971","-0,98768","0,01758","0,07331","-0,99715",,,Valid,Valid,"233,6","100,0","518,0","292,3","98,6","517,3","304,2","141,8","301,4","136,6","0,6162","0,4711","0,6203","0,4799","0,6121","0,4623",thumbnail_grossTrial,thumbnail_grossTrial.png,1245.0,1080.0,337.0,0.0,798.0,692.0,Fixation,183.0,19.0,1100.0,495.0,"0,6127","0,4579",,
24497,8227785,1400447499072,Eye Tracker,Participant0058,17.09.2021,Participant0058,Recording4,17.09.2021,17.09.2021,14:48:45.713,12:48:45.713,64514,Timeline2,Tobii I-VT (Fixation),1.145.28180,1080,1920,"10,00",676092242.0,,,1101.0,496.0,,,1101.0,496.0,,,,"0,01801","0,07181","-0,99726",,"3,58",Invalid,Valid,,,,"292,3","98,6","517,2",,,"301,7","135,8","0,6129","0,4595",,,"0,6129","0,4595",thumbnail_grossTrial,thumbnail_grossTrial.png,1245.0,1080.0,337.0,0.0,798.0,692.0,Fixation,183.0,19.0,1100.0,495.0,"0,6127","0,4579",,
24498,8236125,1400447507412,Eye Tracker,Participant0058,17.09.2021,Participant0058,Recording4,17.09.2021,17.09.2021,14:48:45.713,12:48:45.713,64514,Timeline2,Tobii I-VT (Fixation),1.145.28180,1080,1920,"10,00",676100582.0,,,1105.0,490.0,1107.0,491.0,1104.0,489.0,"0,13307","0,06569","-0,98893","0,01984","0,06759","-0,99752",,,Valid,Valid,"233,6","100,1","517,9","292,3","98,7","517,1","303,3","134,5","302,6","133,7","0,6168","0,4537","0,6178","0,4550","0,6157","0,4524",thumbnail_grossTrial,thumbnail_grossTrial.png,1245.0,1080.0,337.0,0.0,798.0,692.0,Fixation,183.0,19.0,1100.0,495.0,"0,6127","0,4579",,
24499,8244480,1400447515767,Eye Tracker,Participant0058,17.09.2021,Participant0058,Recording4,17.09.2021,17.09.2021,14:48:45.713,12:48:45.713,64514,Timeline2,Tobii I-VT (Fixation),1.145.28180,1080,1920,"10,00",676108937.0,,,1105.0,489.0,1111.0,489.0,1100.0,488.0,"0,13547","0,06433","-0,98869","0,01754","0,06733","-0,99758",,,Valid,Valid,"233,6","100,1","517,9","292,3","98,8","517,0","304,5","133,8","301,4","133,6","0,6167","0,4525","0,6213","0,4527","0,6120","0,4522",thumbnail_grossTrial,thumbnail_grossTrial.png,1245.0,1080.0,337.0,0.0,798.0,692.0,Fixation,183.0,19.0,1100.0,495.0,"0,6127","0,4579",,
24500,8252789,1400447524076,Eye Tracker,Participant0058,17.09.2021,Participant0058,Recording4,17.09.2021,17.09.2021,14:48:45.713,12:48:45.713,64514,Timeline2,Tobii I-VT (Fixation),1.145.28180,1080,1920,"10,00",676117245.0,,,1104.0,488.0,,,1104.0,488.0,,,,"0,01963","0,06743","-0,99753",,"3,87",Invalid,Valid,,,,"292,3","98,7","516,9",,,"302,5","133,7","0,6154","0,4523",,,"0,6154","0,4523",thumbnail_grossTrial,thumbnail_grossTrial.png,1245.0,1080.0,337.0,0.0,798.0,692.0,Fixation,183.0,19.0,1100.0,495.0,"0,6127","0,4579",,
24501,8261118,1400447532405,Eye Tracker,Participant0058,17.09.2021,Participant0058,Recording4,17.09.2021,17.09.2021,14:48:45.713,12:48:45.713,64514,Timeline2,Tobii I-VT (Fixation),1.145.28180,1080,1920,"10,00",676125574.0,,,1097.0,504.0,1108.0,490.0,1087.0,518.0,"0,13362","0,06465","-0,98892","0,01086","0,08245","-0,99654",,,Valid,Valid,"233,7","100,2","517,7","292,3","98,9","516,7","303,6","134,1","298,0","141,6","0,6104","0,4664","0,6187","0,4536","0,6021","0,4792",thumbnail_grossTrial,thumbnail_grossTrial.png,1245.0,1080.0,337.0,0.0,798.0,692.0,Fixation,183.0,19.0,1100.0,495.0,"0,6127","0,4579",,
24502,8269464,1400447540751,Eye Tracker,Participant0058,17.09.2021,Participant0058,Recording4,17.09.2021,17.09.2021,14:48:45.713,12:48:45.713,64514,Timeline2,Tobii I-VT (Fixation),1.145.28180,1080,1920,"10,00",676133920.0,,,1098.0,498.0,1108.0,478.0,1087.0,518.0,"0,13410","0,05839","-0,98925","0,01099","0,08230","-0,99655",,,Valid,Valid,"233,6","100,3","517,6","292,3","99,0","516,6","303,8","130,8","298,0","141,6","0,6106","0,4609","0,6191","0,4427","0,6021","0,4792",thumbnail_grossTrial,thumbnail_grossTrial.png,1245.0,1080.0,337.0,0.0,798.0,692.0,Fixation,183.0,19.0,1100.0,495.0,"0,6127","0,4579",,
24503,8277811,1400447549098,Eye Tracker,Participant0058,17.09.2021,Participant0058,Recording4,17.09.2021,17.09.2021,14:48:45.713,12:48:45.713,64514,Timeline2,Tobii I-VT (Fixation),1.145.28180,1080,1920,"10,00",676142267.0,,,1079.0,522.0,,,1079.0,522.0,,,,"0,00675","0,08477","-0,99638",,"3,58",Invalid,Valid,,,,"292,3","99,0","516,5",,,"295,8","142,9","0,5959","0,4836",,,"0,5959","0,4836",thumbnail_grossTrial,thumbnail_grossTrial.png,1245.0,1080.0,337.0,0.0,798.0,692.0,Fixation,183.0,19.0,1100.0,495.0,"0,6127","0,4579",,
24504,8286121,1400447557408,Eye Tracker,Participant0058,17.09.2021,Participant0058,Recording4,17.09.2021,17.09.2021,14:48:45.713,12:48:45.713,64514,Timeline2,Tobii I-VT (Fixation),1.145.28180,1080,1920,"10,00",676150576.0,,,1099.0,480.0,1101.0,467.0,1097.0,493.0,"0,13047","0,05233","-0,99007","0,01629","0,06942","-0,99745",,,Valid,Valid,"233,7","100,4","517,4","292,3","99,1","516,3","301,9","127,8","300,8","135,0","0,6119","0,4446","0,6136","0,4322","0,6103","0,4569",thumbnail_grossTrial,thumbnail_grossTrial.png,1245.0,1080.0,337.0,0.0,798.0,692.0,Fixation,183.0,19.0,1100.0,495.0,"0,6127","0,4579",,
24505,8294445,1400447565732,Eye Tracker,Participant0058,17.09.2021,Participant0058,Recording4,17.09.2021,17.09.2021,14:48:45.713,12:48:45.713,64514,Timeline2,Tobii I-VT (Fixation),1.145.28180,1080,1920,"10,00",676158900.0,,,1098.0,479.0,1098.0,471.0,1099.0,487.0,"0,12887","0,05449","-0,99016","0,01723","0,06560","-0,99770",,,Valid,Valid,"233,6","100,5","517,3","292,2","99,2","516,2","300,9","128,9","301,2","133,1","0,6112","0,4433","0,6108","0,4362","0,6115","0,4505",thumbnail_grossTrial,thumbnail_grossTrial.png,1245.0,1080.0,337.0,0.0,798.0,692.0,Fixation,183.0,19.0,1100.0,495.0,"0,6127","0,4579",,
24506,8302821,1400447574108,Eye Tracker,Participant0058,17.09.2021,Participant0058,Recording4,17.09.2021,17.09.2021,14:48:45.713,12:48:45.713,64514,Timeline2,Tobii I-VT (Fixation),1.145.28180,1080,1920,"10,00",676167276.0,,,1101.0,486.0,,,1101.0,486.0,,,,"0,01827","0,06556","-0,99768",,"3,60",Invalid,Valid,,,,"292,3","99,2","516,1",,,"301,7","133,1","0,6132","0,4504",,,"0,6132","0,4504",thumbnail_grossTrial,thumbnail_grossTrial.png,1245.0,1080.0,337.0,0.0,798.0,692.0,Fixation,183.0,19.0,1100.0,495.0,"0,6127","0,4579",,
24507,8311114,1400447582401,Eye Tracker,Participant0058,17.09.2021,Participant0058,Recording4,17.09.2021,17.09.2021,14:48:45.713,12:48:45.713,64514,Timeline2,Tobii I-VT (Fixation),1.145.28180,1080,1920,"10,00",676175569.0,,,1101.0,487.0,1099.0,474.0,1103.0,501.0,"0,12954","0,05579","-0,99000","0,01935","0,07282","-0,99716",,,Valid,Valid,"233,7","100,6","517,0","292,3","99,3","515,9","301,3","129,7","302,3","137,0","0,6134","0,4512","0,6120","0,4389","0,6148","0,4635",thumbnail_grossTrial,thumbnail_grossTrial.png,1245.0,1080.0,337.0,0.0,798.0,692.0,Fixation,183.0,19.0,1100.0,495.0,"0,6127","0,4579",,
24508,8319471,1400447590758,Eye Tracker,Participant0058,17.09.2021,Participant0058,Recording4,17.09.2021,17.09.2021,14:48:45.713,12:48:45.713,64514,Timeline2,Tobii I-VT (Fixation),1.145.28180,1080,1920,"10,00",676183926.0,,,1099.0,494.0,1101.0,481.0,1097.0,508.0,"0,13033","0,05925","-0,98970","0,01641","0,07653","-0,99693",,,Valid,Valid,"233,6","100,6","516,9","292,2","99,4","515,8","301,7","131,6","300,7","139,0","0,6115","0,4577","0,6130","0,4451","0,6101","0,4702",thumbnail_grossTrial,thumbnail_grossTrial.png,1245.0,1080.0,337.0,0.0,798.0,692.0,Fixation,183.0,19.0,1100.0,495.0,"0,6127","0,4579",,
24509,8327847,1400447599134,Eye Tracker,Participant0058,17.09.2021,Participant0058,Recording4,17.09.2021,17.09.2021,14:48:45.713,12:48:45.713,64514,Timeline2,Tobii I-VT (Fixation),1.145.28180,1080,1920,"10,00",676192301.0,,,1097.0,511.0,,,1097.0,511.0,,,,"0,01629","0,07830","-0,99680",,"3,57",Invalid,Valid,,,,"292,2","99,3","515,7",,,"300,7","139,9","0,6100","0,4732",,,"0,6100","0,4732",thumbnail_grossTrial,thumbnail_grossTrial.png,1245.0,1080.0,337.0,0.0,798.0,692.0,Fixation,183.0,19.0,1100.0,495.0,"0,6127","0,4579",,
24510,8336115,1400447607402,Eye Tracker,Participant0058,17.09.2021,Participant0058,Recording4,17.09.2021,17.09.2021,14:48:45.713,12:48:45.713,64514,Timeline2,Tobii I-VT (Fixation),1.145.28180,1080,1920,"10,00",676200569.0,,,1104.0,488.0,1110.0,477.0,1097.0,499.0,"0,13518","0,05730","-0,98916","0,01651","0,07204","-0,99726",,,Valid,Valid,"233,7","100,7","516,6","292,2","99,4","515,6","304,3","130,6","300,8","136,7","0,6154","0,4522","0,6206","0,4420","0,6103","0,4624",thumbnail_grossTrial,thumbnail_grossTrial.png,1245.0,1080.0,337.0,0.0,798.0,692.0,Fixation,183.0,19.0,1100.0,495.0,"0,6127","0,4579",,
24511,8344469,1400447615756,Eye Tracker,Participant0058,17.09.2021,Participant0058,Recording4,17.09.2021,17.09.2021,14:48:45.713,12:48:45.713,64514,Timeline2,Tobii I-VT (Fixation),1.145.28180,1080,1920,"10,00",676208923.0,,,1104.0,482.0,1103.0,471.0,1104.0,493.0,"0,13189","0,05408","-0,98979","0,02019","0,06874","-0,99743",,,Valid,Valid,"233,6","100,8","516,5","292,2","99,5","515,5","302,4","129,0","302,6","135,0","0,6154","0,4466","0,6152","0,4364","0,6157","0,4567",thumbnail_grossTrial,thumbnail_grossTrial.png,1245.0,1080.0,337.0,0.0,798.0,692.0,Fixation,183.0,19.0,1100.0,495.0,"0,6127","0,4579",,
24512,8352807,1400447624094,Eye Tracker,Participant0058,17.09.2021,Participant0058,Recording4,17.09.2021,17.09.2021,14:48:45.713,12:48:45.713,64514,Timeline2,Tobii I-VT (Fixation),1.145.28180,1080,1920,"10,00",676217261.0,,,1108.0,495.0,,,1108.0,495.0,,,,"0,02208","0,06979","-0,99732",,"3,71",Invalid,Valid,,,,"292,2","99,4","515,5",,,"303,6","135,5","0,6187","0,4584",,,"0,6187","0,4584",thumbnail_grossTrial,thumbnail_grossTrial.png,1245.0,1080.0,337.0,0.0,798.0,692.0,Fixation,183.0,19.0,1100.0,495.0,"0,6127","0,4579",,
24513,8361142,1400447632429,Eye Tracker,Participant0058,17.09.2021,Participant0058,Recording4,17.09.2021,17.09.2021,14:48:45.713,12:48:45.713,64514,Timeline2,Tobii I-VT (Fixation),1.145.28180,1080,1920,"10,00",676225595.0,,,1095.0,496.0,1102.0,474.0,1088.0,519.0,"0,13127","0,05521","-0,98981","0,01138","0,08201","-0,99657",,,Valid,Valid,"233,7","100,9","516,2","292,2","99,5","515,3","302,1","129,6","298,1","141,9","0,6084","0,4594","0,6144","0,4386","0,6025","0,4801",thumbnail_grossTrial,thumbnail_grossTrial.png,1245.0,1080.0,337.0,0.0,798.0,692.0,Fixation,183.0,19.0,1100.0,495.0,"0,6127","0,4579",,
24514,8369479,1400447640766,Eye Tracker,Participant0058,17.09.2021,Participant0058,Recording4,17.09.2021,17.09.2021,14:48:45.713,12:48:45.713,64514,Timeline2,Tobii I-VT (Fixation),1.145.28180,1080,1920,"10,00",676233932.0,,,1095.0,496.0,1102.0,474.0,1088.0,519.0,"0,13122","0,05537","-0,98981","0,01149","0,08196","-0,99657",,,Valid,Valid,"233,6","100,9","516,1","292,2","99,5","515,3","302,0","129,7","298,1","141,9","0,6083","0,4595","0,6141","0,4390","0,6025","0,4801",thumbnail_grossTrial,thumbnail_grossTrial.png,1245.0,1080.0,337.0,0.0,798.0,692.0,Saccade,17.0,23.0,,,,,,
24515,8377776,1400447649063,Eye Tracker,Participant0058,17.09.2021,Participant0058,Recording4,17.09.2021,17.09.2021,14:48:45.713,12:48:45.713,64514,Timeline2,Tobii I-VT (Fixation),1.145.28180,1080,1920,"10,00",676242229.0,,,1115.0,505.0,,,1115.0,505.0,,,,"0,02566","0,07483","-0,99687",,"3,71",Invalid,Valid,,,,"292,2","99,5","515,2",,,"305,5","138,2","0,6241","0,4674",,,"0,6241","0,4674",thumbnail_grossTrial,thumbnail_grossTrial.png,1245.0,1080.0,337.0,0.0,798.0,692.0,Saccade,17.0,23.0,,,,,,
24516,8386111,1400447657398,Eye Tracker,Participant0058,17.09.2021,Participant0058,Recording4,17.09.2021,17.09.2021,14:48:45.713,12:48:45.713,64514,Timeline2,Tobii I-VT (Fixation),1.145.28180,1080,1920,"10,00",676250564.0,,,1113.0,505.0,1126.0,488.0,1100.0,523.0,"0,14342","0,06254","-0,98768","0,01811","0,08418","-0,99629",,,Valid,Valid,"233,7","100,9","515,9","292,2","99,5","515,1","308,6","133,6","301,6","143,1","0,6230","0,4680","0,6333","0,4520","0,6127","0,4841",thumbnail_grossTrial,thumbnail_grossTrial.png,1245.0,1080.0,337.0,0.0,798.0,692.0,Unclassified,25.0,65.0,,,,,,
24517,8394436,1400447665723,Eye Tracker,Participant0058,17.09.2021,Participant0058,Recording4,17.09.2021,17.09.2021,14:48:45.713,12:48:45.713,64514,Timeline2,Tobii I-VT (Fixation),1.145.28180,1080,1920,"10,00",676258888.0,,,1110.0,513.0,1119.0,503.0,1100.0,523.0,"0,14009","0,07015","-0,98765","0,01822","0,08413","-0,99629",,,Valid,Valid,"233,6","100,9","515,9","292,2","99,6","515,1","306,8","137,6","301,6","143,1","0,6204","0,4747","0,6281","0,4654","0,6127","0,4841",thumbnail_grossTrial,thumbnail_grossTrial.png,1245.0,1080.0,337.0,0.0,798.0,692.0,Unclassified,25.0,65.0,,,,,,
24518,8402773,1400447674060,Eye Tracker,Participant0058,17.09.2021,Participant0058,Recording4,17.09.2021,17.09.2021,14:48:45.713,12:48:45.713,64514,Timeline2,Tobii I-VT (Fixation),1.145.28180,1080,1920,"10,00",676267225.0,,,1095.0,524.0,,,1095.0,524.0,,,,"0,01550","0,08491","-0,99627",,"3,71",Invalid,Valid,,,,"292,2","99,5","515,0",,,"300,2","143,4","0,6087","0,4852",,,"0,6087","0,4852",thumbnail_grossTrial,thumbnail_grossTrial.png,1245.0,1080.0,337.0,0.0,798.0,692.0,Unclassified,25.0,65.0,,,,,,
24519,8411111,1400447682398,Eye Tracker,Participant0058,17.09.2021,Participant0058,Recording4,17.09.2021,17.09.2021,14:48:45.713,12:48:45.713,64514,Timeline2,Tobii I-VT (Fixation),1.145.28180,1080,1920,"10,00",676275563.0,,,1117.0,504.0,1120.0,502.0,1113.0,507.0,"0,14010","0,06968","-0,98768","0,02502","0,07564","-0,99682",,,Valid,Valid,"233,7","100,9","515,8","292,2","99,6","514,9","306,9","137,3","305,1","138,7","0,6257","0,4669","0,6282","0,4646","0,6231","0,4692",thumbnail_grossTrial,thumbnail_grossTrial.png,1245.0,1080.0,337.0,0.0,798.0,692.0,Saccade,8.0,24.0,,,,,,
24520,8419449,1400447690736,Eye Tracker,Participant0058,17.09.2021,Participant0058,Recording4,17.09.2021,17.09.2021,14:48:45.713,12:48:45.713,64514,Timeline2,Tobii I-VT (Fixation),1.145.28180,1080,1920,"10,00",676283901.0,,,1118.0,496.0,1125.0,482.0,1112.0,511.0,"0,14310","0,05930","-0,98793","0,02437","0,07767","-0,99668",,,Valid,Valid,"233,6","100,9","515,8","292,1","99,6","514,9","308,3","131,9","304,7","139,8","0,6272","0,4596","0,6325","0,4463","0,6219","0,4729",thumbnail_grossTrial,thumbnail_grossTrial.png,1245.0,1080.0,337.0,0.0,798.0,692.0,Unclassified,17.0,66.0,,,,,,
24521,8427795,1400447699082,Eye Tracker,Participant0058,17.09.2021,Participant0058,Recording4,17.09.2021,17.09.2021,14:48:45.713,12:48:45.713,64514,Timeline2,Tobii I-VT (Fixation),1.145.28180,1080,1920,"10,00",676292246.0,,,1113.0,505.0,,,1113.0,505.0,,,,"0,02469","0,07454","-0,99691",,"3,51",Invalid,Valid,,,,"292,2","99,6","514,9",,,"304,9","138,1","0,6224","0,4673",,,"0,6224","0,4673",thumbnail_grossTrial,thumbnail_grossTrial.png,1245.0,1080.0,337.0,0.0,798.0,692.0,Unclassified,17.0,66.0,,,,,,
24522,8436138,1400447707425,Eye Tracker,Participant0058,17.09.2021,Participant0058,Recording4,17.09.2021,17.09.2021,14:48:45.713,12:48:45.713,64514,Timeline2,Tobii I-VT (Fixation),1.145.28180,1080,1920,"10,00",676300589.0,,,1117.0,492.0,1121.0,480.0,1114.0,504.0,"0,14093","0,05802","-0,98832","0,02542","0,07434","-0,99691",,,Valid,Valid,"233,7","101,0","515,7","292,2","99,7","514,7","307,2","131,2","305,3","138,0","0,6264","0,4555","0,6293","0,4440","0,6236","0,4670",thumbnail_grossTrial,thumbnail_grossTrial.png,1245.0,1080.0,337.0,0.0,798.0,692.0,Saccade,42.0,25.0,,,,,,
24523,8444470,1400447715757,Eye Tracker,Participant0058,17.09.2021,Participant0058,Recording4,17.09.2021,17.09.2021,14:48:45.713,12:48:45.713,64514,Timeline2,Tobii I-VT (Fixation),1.145.28180,1080,1920,"10,00",676308921.0,,,1105.0,481.0,1105.0,473.0,1104.0,488.0,"0,13313","0,05493","-0,98957","0,02041","0,06561","-0,99764",,,Valid,Valid,"233,6","100,9","515,7","292,0","99,6","514,7","303,0","129,5","302,6","133,5","0,6162","0,4449","0,6167","0,4383","0,6156","0,4516",thumbnail_grossTrial,thumbnail_grossTrial.png,1245.0,1080.0,337.0,0.0,798.0,692.0,Saccade,42.0,25.0,,,,,,
24524,8452767,1400447724054,Eye Tracker,Participant0058,17.09.2021,Participant0058,Recording4,17.09.2021,17.09.2021,14:48:45.713,12:48:45.713,64514,Timeline2,Tobii I-VT (Fixation),1.145.28180,1080,1920,"10,00",676317218.0,,,1085.0,479.0,1080.0,485.0,1090.0,474.0,"0,12017","0,06126","-0,99086","0,01308","0,05845","-0,99820","3,92","3,76",Valid,Valid,"233,6","100,8","515,7","292,0","99,5","514,7","296,1","132,7","298,8","129,7","0,6006","0,4439","0,5967","0,4490","0,6045","0,4387",thumbnail_grossTrial,thumbnail_grossTrial.png,1245.0,1080.0,337.0,0.0,798.0,692.0,Saccade,42.0,25.0,,,,,,
24525,8461138,1400447732425,Eye Tracker,Participant0058,17.09.2021,Participant0058,Recording4,17.09.2021,17.09.2021,14:48:45.713,12:48:45.713,64514,Timeline2,Tobii I-VT (Fixation),1.145.28180,1080,1920,"10,00",676325589.0,,,1081.0,458.0,1085.0,462.0,1077.0,455.0,"0,12254","0,04910","-0,99125","0,00646","0,04846","-0,99880",,,Valid,Valid,"233,6","100,9","515,6","292,0","99,6","514,6","297,3","126,4","295,3","124,5","0,5973","0,4245","0,6002","0,4277","0,5943","0,4214",thumbnail_grossTrial,thumbnail_grossTrial.png,1245.0,1080.0,337.0,0.0,798.0,692.0,Saccade,42.0,25.0,,,,,,
24526,8469466,1400447740753,Eye Tracker,Participant0058,17.09.2021,Participant0058,Recording4,17.09.2021,17.09.2021,14:48:45.713,12:48:45.713,64514,Timeline2,Tobii I-VT (Fixation),1.145.28180,1080,1920,"10,00",676333916.0,,,1059.0,437.0,1058.0,440.0,1059.0,434.0,"0,10900","0,03732","-0,99334","-0,00322","0,03699","-0,99931",,,Valid,Valid,"233,5","100,9","515,4","291,9","99,7","514,3","290,1","120,3","290,2","118,7","0,5792","0,4044","0,5790","0,4070","0,5794","0,4017",thumbnail_grossTrial,thumbnail_grossTrial.png,1245.0,1080.0,337.0,0.0,798.0,692.0,Saccade,42.0,25.0,,,,,,
24527,8477857,1400447749144,Eye Tracker,Participant0058,17.09.2021,Participant0058,Recording4,17.09.2021,17.09.2021,14:48:45.713,12:48:45.713,64514,Timeline2,Tobii I-VT (Fixation),1.145.28180,1080,1920,"10,00",676342307.0,,,1053.0,418.0,,,1053.0,418.0,,,,"-0,00628","0,02849","-0,99957",,"3,69",Invalid,Valid,,,,"291,9","99,7","514,1",,,"288,6","114,4","0,5748","0,3869",,,"0,5748","0,3869",thumbnail_grossTrial,thumbnail_grossTrial.png,1245.0,1080.0,337.0,0.0,798.0,692.0,Unclassified,25.0,67.0,,,,,,
24528,8486123,1400447757410,Eye Tracker,Participant0058,17.09.2021,Participant0058,Recording4,17.09.2021,17.09.2021,14:48:45.713,12:48:45.713,64514,Timeline2,Tobii I-VT (Fixation),1.145.28180,1080,1920,"10,00",676350573.0,,,1045.0,431.0,1054.0,422.0,1036.0,440.0,"0,10660","0,02772","-0,99392","-0,01552","0,04020","-0,99907",,,Valid,Valid,"233,6","101,0","515,3","291,9","99,8","513,9","288,9","115,4","283,9","120,5","0,5682","0,3991","0,5755","0,3904","0,5609","0,4078",thumbnail_grossTrial,thumbnail_grossTrial.png,1245.0,1080.0,337.0,0.0,798.0,692.0,Unclassified,25.0,67.0,,,,,,
24529,8494483,1400447765770,Eye Tracker,Participant0058,17.09.2021,Participant0058,Recording4,17.09.2021,17.09.2021,14:48:45.713,12:48:45.713,64514,Timeline2,Tobii I-VT (Fixation),1.145.28180,1080,1920,"10,00",676358933.0,,,1046.0,432.0,1055.0,424.0,1036.0,440.0,"0,10741","0,02897","-0,99379","-0,01544","0,04015","-0,99907",,,Valid,Valid,"233,5","101,0","515,3","291,8","99,9","514,0","289,2","116,0","283,9","120,5","0,5687","0,4002","0,5765","0,3926","0,5609","0,4078",thumbnail_grossTrial,thumbnail_grossTrial.png,1245.0,1080.0,337.0,0.0,798.0,692.0,Unclassified,25.0,67.0,,,,,,
24530,8502864,1400447774151,Eye Tracker,Participant0058,17.09.2021,Participant0058,Recording4,17.09.2021,17.09.2021,14:48:45.713,12:48:45.713,64514,Timeline2,Tobii I-VT (Fixation),1.145.28180,1080,1920,"10,00",676367313.0,,,1040.0,428.0,1049.0,414.0,1031.0,442.0,"0,10429","0,02406","-0,99426","-0,01825","0,04120","-0,99898","3,70","3,75",Valid,Valid,"233,6","100,9","515,3","291,9","99,8","514,0","287,6","113,4","282,5","121,0","0,5643","0,3965","0,5718","0,3836","0,5568","0,4094",thumbnail_grossTrial,thumbnail_grossTrial.png,1245.0,1080.0,337.0,0.0,798.0,692.0,Saccade,17.0,26.0,,,,,,
24531,8511105,1400447782392,Eye Tracker,Participant0058,17.09.2021,Participant0058,Recording4,17.09.2021,17.09.2021,14:48:45.713,12:48:45.713,64514,Timeline2,Tobii I-VT (Fixation),1.145.28180,1080,1920,"10,00",676375554.0,,,1045.0,403.0,1051.0,402.0,1038.0,404.0,"0,10512","0,01737","-0,99431","-0,01423","0,02048","-0,99969",,,Valid,Valid,"233,6","101,0","515,3","291,9","99,9","513,9","288,0","110,0","284,6","110,4","0,5680","0,3729","0,5731","0,3723","0,5628","0,3736",thumbnail_grossTrial,thumbnail_grossTrial.png,1245.0,1080.0,337.0,0.0,798.0,692.0,Saccade,17.0,26.0,,,,,,
24532,8519434,1400447790721,Eye Tracker,Participant0058,17.09.2021,Participant0058,Recording4,17.09.2021,17.09.2021,14:48:45.713,12:48:45.713,64514,Timeline2,Tobii I-VT (Fixation),1.145.28180,1080,1920,"10,00",676383883.0,,,1050.0,395.0,1063.0,387.0,1038.0,404.0,"0,11144","0,00951","-0,99373","-0,01424","0,02068","-0,99968",,,Valid,Valid,"233,5","101,0","515,5","291,8","99,9","513,9","291,3","105,9","284,5","110,5","0,5726","0,3662","0,5826","0,3583","0,5627","0,3740",thumbnail_grossTrial,thumbnail_grossTrial.png,1245.0,1080.0,337.0,0.0,798.0,692.0,Fixation,258.0,20.0,1050.0,413.0,"0,5719","0,3823",,
24533,8527798,1400447799085,Eye Tracker,Participant0058,17.09.2021,Participant0058,Recording4,17.09.2021,17.09.2021,14:48:45.713,12:48:45.713,64514,Timeline2,Tobii I-VT (Fixation),1.145.28180,1080,1920,"10,00",676392247.0,,,1049.0,401.0,1060.0,395.0,1038.0,407.0,"0,10967","0,01371","-0,99387","-0,01455","0,02263","-0,99964","3,74","3,77",Valid,Valid,"233,5","100,9","515,6","291,8","99,8","513,9","290,4","108,0","284,4","111,5","0,5711","0,3712","0,5800","0,3653","0,5623","0,3772",thumbnail_grossTrial,thumbnail_grossTrial.png,1245.0,1080.0,337.0,0.0,798.0,692.0,Fixation,258.0,20.0,1050.0,413.0,"0,5719","0,3823",,
24534,8536119,1400447807406,Eye Tracker,Participant0058,17.09.2021,Participant0058,Recording4,17.09.2021,17.09.2021,14:48:45.713,12:48:45.713,64514,Timeline2,Tobii I-VT (Fixation),1.145.28180,1080,1920,"10,00",676400567.0,,,1054.0,415.0,1063.0,405.0,1045.0,424.0,"0,11163","0,01936","-0,99356","-0,01071","0,03118","-0,99946",,,Valid,Valid,"233,5","100,9","515,6","291,9","99,9","513,8","291,5","110,9","286,4","115,9","0,5756","0,3838","0,5831","0,3754","0,5681","0,3923",thumbnail_grossTrial,thumbnail_grossTrial.png,1245.0,1080.0,337.0,0.0,798.0,692.0,Fixation,258.0,20.0,1050.0,413.0,"0,5719","0,3823",,
24535,8544421,1400447815708,Eye Tracker,Participant0058,17.09.2021,Participant0058,Recording4,17.09.2021,17.09.2021,14:48:45.713,12:48:45.713,64514,Timeline2,Tobii I-VT (Fixation),1.145.28180,1080,1920,"10,00",676408869.0,,,1059.0,408.0,1062.0,405.0,1057.0,410.0,"0,11091","0,01921","-0,99365","-0,00435","0,02409","-0,99970",,,Valid,Valid,"233,5","100,9","515,7","291,8","99,9","513,9","291,0","110,8","289,6","112,3","0,5797","0,3775","0,5818","0,3750","0,5775","0,3800",thumbnail_grossTrial,thumbnail_grossTrial.png,1245.0,1080.0,337.0,0.0,798.0,692.0,Fixation,258.0,20.0,1050.0,413.0,"0,5719","0,3823",,
24536,8552800,1400447824087,Eye Tracker,Participant0058,17.09.2021,Participant0058,Recording4,17.09.2021,17.09.2021,14:48:45.713,12:48:45.713,64514,Timeline2,Tobii I-VT (Fixation),1.145.28180,1080,1920,"10,00",676417248.0,,,1059.0,402.0,1065.0,394.0,1053.0,410.0,"0,11231","0,01367","-0,99358","-0,00628","0,02387","-0,99970","3,73","3,56",Valid,Valid,"233,5","100,8","515,8","291,9","99,8","513,9","291,8","107,9","288,6","112,1","0,5794","0,3721","0,5840","0,3650","0,5748","0,3792",thumbnail_grossTrial,thumbnail_grossTrial.png,1245.0,1080.0,337.0,0.0,798.0,692.0,Fixation,258.0,20.0,1050.0,413.0,"0,5719","0,3823",,
24537,8561088,1400447832375,Eye Tracker,Participant0058,17.09.2021,Participant0058,Recording4,17.09.2021,17.09.2021,14:48:45.713,12:48:45.713,64514,Timeline2,Tobii I-VT (Fixation),1.145.28180,1080,1920,"10,00",676425536.0,,,1043.0,409.0,1058.0,378.0,1027.0,440.0,"0,10885","0,00511","-0,99405","-0,02029","0,03973","-0,99900",,,Valid,Valid,"233,5","100,8","515,8","291,9","99,9","513,9","290,0","103,4","281,4","120,3","0,5663","0,3785","0,5788","0,3500","0,5537","0,4071",thumbnail_grossTrial,thumbnail_grossTrial.png,1245.0,1080.0,337.0,0.0,798.0,692.0,Fixation,258.0,20.0,1050.0,413.0,"0,5719","0,3823",,
24538,8569452,1400447840739,Eye Tracker,Participant0058,17.09.2021,Participant0058,Recording4,17.09.2021,17.09.2021,14:48:45.713,12:48:45.713,64514,Timeline2,Tobii I-VT (Fixation),1.145.28180,1080,1920,"10,00",676433899.0,,,1038.0,415.0,1049.0,391.0,1027.0,440.0,"0,10398","0,01184","-0,99451","-0,02024","0,03991","-0,99900",,,Valid,Valid,"233,5","100,8","515,9","291,8","99,9","513,9","287,4","106,9","281,4","120,4","0,5625","0,3845","0,5712","0,3617","0,5537","0,4074",thumbnail_grossTrial,thumbnail_grossTrial.png,1245.0,1080.0,337.0,0.0,798.0,692.0,Fixation,258.0,20.0,1050.0,413.0,"0,5719","0,3823",,
24539,8577757,1400447849044,Eye Tracker,Participant0058,17.09.2021,Participant0058,Recording4,17.09.2021,17.09.2021,14:48:45.713,12:48:45.713,64514,Timeline2,Tobii I-VT (Fixation),1.145.28180,1080,1920,"10,00",676442204.0,,,1032.0,440.0,,,1032.0,440.0,,,,"-0,01740","0,03997","-0,99905",,"3,78",Invalid,Valid,,,,"291,9","99,8","513,9",,,"283,0","120,3","0,5582","0,4071",,,"0,5582","0,4071",thumbnail_grossTrial,thumbnail_grossTrial.png,1245.0,1080.0,337.0,0.0,798.0,692.0,Fixation,258.0,20.0,1050.0,413.0,"0,5719","0,3823",,
24540,8586125,1400447857412,Eye Tracker,Participant0058,17.09.2021,Participant0058,Recording4,17.09.2021,17.09.2021,14:48:45.713,12:48:45.713,64514,Timeline2,Tobii I-VT (Fixation),1.145.28180,1080,1920,"10,00",676450572.0,,,1058.0,409.0,1058.0,414.0,1057.0,404.0,"0,10885","0,02415","-0,99376","-0,00452","0,02083","-0,99977",,,Valid,Valid,"233,6","100,7","515,9","291,9","99,8","513,9","290,1","113,2","289,6","110,6","0,5783","0,3786","0,5790","0,3832","0,5776","0,3740",thumbnail_grossTrial,thumbnail_grossTrial.png,1245.0,1080.0,337.0,0.0,798.0,692.0,Fixation,258.0,20.0,1050.0,413.0,"0,5719","0,3823",,
24541,8594448,1400447865735,Eye Tracker,Participant0058,17.09.2021,Participant0058,Recording4,17.09.2021,17.09.2021,14:48:45.713,12:48:45.713,64514,Timeline2,Tobii I-VT (Fixation),1.145.28180,1080,1920,"10,00",676458895.0,,,1052.0,417.0,1059.0,414.0,1044.0,419.0,"0,10951","0,02441","-0,99369","-0,01116","0,02881","-0,99952",,,Valid,Valid,"233,5","100,7","516,0","291,9","99,8","513,9","290,4","113,4","286,2","114,6","0,5737","0,3857","0,5799","0,3836","0,5675","0,3879",thumbnail_grossTrial,thumbnail_grossTrial.png,1245.0,1080.0,337.0,0.0,798.0,692.0,Fixation,258.0,20.0,1050.0,413.0,"0,5719","0,3823",,
24542,8602783,1400447874070,Eye Tracker,Participant0058,17.09.2021,Participant0058,Recording4,17.09.2021,17.09.2021,14:48:45.713,12:48:45.713,64514,Timeline2,Tobii I-VT (Fixation),1.145.28180,1080,1920,"10,00",676467230.0,,,1051.0,423.0,1060.0,429.0,1042.0,417.0,"0,10991","0,03234","-0,99342","-0,01213","0,02770","-0,99954","3,72","3,77",Valid,Valid,"233,5","100,6","516,0","291,9","99,7","513,9","290,6","117,3","285,7","114,0","0,5734","0,3914","0,5806","0,3970","0,5662","0,3857",thumbnail_grossTrial,thumbnail_grossTrial.png,1245.0,1080.0,337.0,0.0,798.0,692.0,Fixation,258.0,20.0,1050.0,413.0,"0,5719","0,3823",,
24543,8611097,1400447882384,Eye Tracker,Participant0058,17.09.2021,Participant0058,Recording4,17.09.2021,17.09.2021,14:48:45.713,12:48:45.713,64514,Timeline2,Tobii I-VT (Fixation),1.145.28180,1080,1920,"10,00",676475543.0,,,1042.0,409.0,1053.0,418.0,1031.0,400.0,"0,10608","0,02626","-0,99401","-0,01800","0,01892","-0,99966",,,Valid,Valid,"233,6","100,6","516,0","292,0","99,8","513,9","288,6","114,3","282,7","109,5","0,5661","0,3786","0,5748","0,3866","0,5574","0,3706",thumbnail_grossTrial,thumbnail_grossTrial.png,1245.0,1080.0,337.0,0.0,798.0,692.0,Fixation,258.0,20.0,1050.0,413.0,"0,5719","0,3823",,
24544,8619429,1400447890716,Eye Tracker,Participant0058,17.09.2021,Participant0058,Recording4,17.09.2021,17.09.2021,14:48:45.713,12:48:45.713,64514,Timeline2,Tobii I-VT (Fixation),1.145.28180,1080,1920,"10,00",676483875.0,,,1048.0,403.0,1053.0,415.0,1043.0,390.0,"0,10590","0,02512","-0,99406","-0,01198","0,01375","-0,99983",,,Valid,Valid,"233,5","100,6","516,1","291,9","99,8","513,9","288,5","113,7","285,7","106,9","0,5703","0,3731","0,5743","0,3846","0,5663","0,3615",thumbnail_grossTrial,thumbnail_grossTrial.png,1245.0,1080.0,337.0,0.0,798.0,692.0,Fixation,258.0,20.0,1050.0,413.0,"0,5719","0,3823",,
24545,8627778,1400447899065,Eye Tracker,Participant0058,17.09.2021,Participant0058,Recording4,17.09.2021,17.09.2021,14:48:45.713,12:48:45.713,64514,Timeline2,Tobii I-VT (Fixation),1.145.28180,1080,1920,"10,00",676492224.0,,,1051.0,403.0,1054.0,416.0,1048.0,391.0,"0,10633","0,02551","-0,99400","-0,00903","0,01399","-0,99986","3,74","3,83",Valid,Valid,"233,5","100,5","516,1","291,9","99,7","513,9","288,7","113,7","287,3","106,9","0,5730","0,3733","0,5751","0,3848","0,5709","0,3618",thumbnail_grossTrial,thumbnail_grossTrial.png,1245.0,1080.0,337.0,0.0,798.0,692.0,Fixation,258.0,20.0,1050.0,413.0,"0,5719","0,3823",,
24546,8636082,1400447907369,Eye Tracker,Participant0058,17.09.2021,Participant0058,Recording4,17.09.2021,17.09.2021,14:48:45.713,12:48:45.713,64514,Timeline2,Tobii I-VT (Fixation),1.145.28180,1080,1920,"10,00",676500528.0,,,1058.0,415.0,1057.0,422.0,1060.0,409.0,"0,10792","0,02847","-0,99375","-0,00296","0,02351","-0,99972",,,Valid,Valid,"233,5","100,6","516,1","291,9","99,8","513,9","289,6","115,4","290,4","111,9","0,5788","0,3845","0,5776","0,3904","0,5800","0,3786",thumbnail_grossTrial,thumbnail_grossTrial.png,1245.0,1080.0,337.0,0.0,798.0,692.0,Fixation,258.0,20.0,1050.0,413.0,"0,5719","0,3823",,
24547,8644482,1400447915769,Eye Tracker,Participant0058,17.09.2021,Participant0058,Recording4,17.09.2021,17.09.2021,14:48:45.713,12:48:45.713,64514,Timeline2,Tobii I-VT (Fixation),1.145.28180,1080,1920,"10,00",676508927.0,,,1053.0,419.0,1060.0,417.0,1046.0,422.0,"0,10992","0,02624","-0,99359","-0,01006","0,03024","-0,99949",,,Valid,Valid,"233,5","100,6","516,2","291,9","99,8","513,9","290,6","114,2","286,7","115,4","0,5748","0,3884","0,5805","0,3864","0,5691","0,3904",thumbnail_grossTrial,thumbnail_grossTrial.png,1245.0,1080.0,337.0,0.0,798.0,692.0,Fixation,258.0,20.0,1050.0,413.0,"0,5719","0,3823",,
24548,8652782,1400447924069,Eye Tracker,Participant0058,17.09.2021,Participant0058,Recording4,17.09.2021,17.09.2021,14:48:45.713,12:48:45.713,64514,Timeline2,Tobii I-VT (Fixation),1.145.28180,1080,1920,"10,00",676517227.0,,,1051.0,417.0,1065.0,415.0,1037.0,419.0,"0,11218","0,02493","-0,99338","-0,01507","0,02912","-0,99946","4,02","3,57",Valid,Valid,"233,5","100,5","516,2","291,9","99,8","513,9","291,8","113,5","284,2","114,7","0,5729","0,3861","0,5840","0,3839","0,5617","0,3882",thumbnail_grossTrial,thumbnail_grossTrial.png,1245.0,1080.0,337.0,0.0,798.0,692.0,Fixation,258.0,20.0,1050.0,413.0,"0,5719","0,3823",,
24549,8661120,1400447932407,Eye Tracker,Participant0058,17.09.2021,Participant0058,Recording4,17.09.2021,17.09.2021,14:48:45.713,12:48:45.713,64514,Timeline2,Tobii I-VT (Fixation),1.145.28180,1080,1920,"10,00",676525565.0,,,1045.0,408.0,1058.0,410.0,1032.0,407.0,"0,10887","0,02232","-0,99381","-0,01754","0,02222","-0,99960",,,Valid,Valid,"233,5","100,6","516,1","291,9","99,8","513,8","290,1","112,2","282,9","111,3","0,5685","0,3780","0,5789","0,3796","0,5580","0,3765",thumbnail_grossTrial,thumbnail_grossTrial.png,1245.0,1080.0,337.0,0.0,798.0,692.0,Fixation,258.0,20.0,1050.0,413.0,"0,5719","0,3823",,
24550,8669449,1400447940736,Eye Tracker,Participant0058,17.09.2021,Participant0058,Recording4,17.09.2021,17.09.2021,14:48:45.713,12:48:45.713,64514,Timeline2,Tobii I-VT (Fixation),1.145.28180,1080,1920,"10,00",676533894.0,,,1041.0,408.0,1052.0,413.0,1030.0,403.0,"0,10587","0,02410","-0,99409","-0,01866","0,02048","-0,99962",,,Valid,Valid,"233,5","100,6","516,1","291,9","99,9","513,9","288,4","113,1","282,3","110,4","0,5651","0,3782","0,5742","0,3828","0,5561","0,3735",thumbnail_grossTrial,thumbnail_grossTrial.png,1245.0,1080.0,337.0,0.0,798.0,692.0,Fixation,258.0,20.0,1050.0,413.0,"0,5719","0,3823",,
24551,8677749,1400447949036,Eye Tracker,Participant0058,17.09.2021,Participant0058,Recording4,17.09.2021,17.09.2021,14:48:45.713,12:48:45.713,64514,Timeline2,Tobii I-VT (Fixation),1.145.28180,1080,1920,"10,00",676542193.0,,,1045.0,406.0,1051.0,410.0,1040.0,402.0,"0,10487","0,02236","-0,99423","-0,01339","0,02013","-0,99971","3,76","3,85",Valid,Valid,"233,5","100,6","516,1","291,9","99,8","513,9","287,9","112,2","285,0","110,1","0,5685","0,3761","0,5727","0,3796","0,5642","0,3726",thumbnail_grossTrial,thumbnail_grossTrial.png,1245.0,1080.0,337.0,0.0,798.0,692.0,Fixation,258.0,20.0,1050.0,413.0,"0,5719","0,3823",,
24552,8686088,1400447957375,Eye Tracker,Participant0058,17.09.2021,Participant0058,Recording4,17.09.2021,17.09.2021,14:48:45.713,12:48:45.713,64514,Timeline2,Tobii I-VT (Fixation),1.145.28180,1080,1920,"10,00",676550532.0,,,1050.0,416.0,1058.0,415.0,1041.0,416.0,"0,10887","0,02502","-0,99374","-0,01269","0,02719","-0,99955",,,Valid,Valid,"233,5","100,7","516,0","291,9","99,9","513,8","290,0","113,7","285,4","113,8","0,5721","0,3849","0,5789","0,3847","0,5653","0,3852",thumbnail_grossTrial,thumbnail_grossTrial.png,1245.0,1080.0,337.0,0.0,798.0,692.0,Fixation,258.0,20.0,1050.0,413.0,"0,5719","0,3823",,
24553,8694443,1400447965730,Eye Tracker,Participant0058,17.09.2021,Participant0058,Recording4,17.09.2021,17.09.2021,14:48:45.713,12:48:45.713,64514,Timeline2,Tobii I-VT (Fixation),1.145.28180,1080,1920,"10,00",676558887.0,,,1052.0,415.0,1058.0,415.0,1045.0,415.0,"0,10891","0,02480","-0,99374","-0,01050","0,02683","-0,99959",,,Valid,Valid,"233,5","100,7","515,9","291,9","99,9","513,9","290,0","113,6","286,5","113,7","0,5736","0,3845","0,5788","0,3844","0,5684","0,3846",thumbnail_grossTrial,thumbnail_grossTrial.png,1245.0,1080.0,337.0,0.0,798.0,692.0,Fixation,258.0,20.0,1050.0,413.0,"0,5719","0,3823",,
24554,8702744,1400447974031,Eye Tracker,Participant0058,17.09.2021,Participant0058,Recording4,17.09.2021,17.09.2021,14:48:45.713,12:48:45.713,64514,Timeline2,Tobii I-VT (Fixation),1.145.28180,1080,1920,"10,00",676567188.0,,,1043.0,421.0,,,1043.0,421.0,,,,"-0,01166","0,03022","-0,99948",,"3,75",Invalid,Valid,,,,"291,9","99,8","513,9",,,"285,9","115,3","0,5668","0,3903",,,"0,5668","0,3903",thumbnail_grossTrial,thumbnail_grossTrial.png,1245.0,1080.0,337.0,0.0,798.0,692.0,Fixation,258.0,20.0,1050.0,413.0,"0,5719","0,3823",,
24555,8711153,1400447982440,Eye Tracker,Participant0058,17.09.2021,Participant0058,Recording4,17.09.2021,17.09.2021,14:48:45.713,12:48:45.713,64514,Timeline2,Tobii I-VT (Fixation),1.145.28180,1080,1920,"10,00",676575597.0,,,1047.0,417.0,1052.0,415.0,1042.0,419.0,"0,10561","0,02461","-0,99410","-0,01246","0,02878","-0,99951",,,Valid,Valid,"233,5","100,8","515,8","291,9","99,9","513,8","288,3","113,6","285,5","114,7","0,5698","0,3861","0,5739","0,3842","0,5657","0,3880",thumbnail_grossTrial,thumbnail_grossTrial.png,1245.0,1080.0,337.0,0.0,798.0,692.0,Fixation,258.0,20.0,1050.0,413.0,"0,5719","0,3823",,
24556,8719446,1400447990733,Eye Tracker,Participant0058,17.09.2021,Participant0058,Recording4,17.09.2021,17.09.2021,14:48:45.713,12:48:45.713,64514,Timeline2,Tobii I-VT (Fixation),1.145.28180,1080,1920,"10,00",676583889.0,,,1055.0,408.0,1068.0,398.0,1042.0,417.0,"0,11398","0,01559","-0,99336","-0,01245","0,02784","-0,99954",,,Valid,Valid,"233,5","100,8","515,7","291,9","99,9","513,9","292,6","108,9","285,5","114,2","0,5760","0,3775","0,5865","0,3685","0,5655","0,3865",thumbnail_grossTrial,thumbnail_grossTrial.png,1245.0,1080.0,337.0,0.0,798.0,692.0,Fixation,258.0,20.0,1050.0,413.0,"0,5719","0,3823",,
24557,8727741,1400447999028,Eye Tracker,Participant0058,17.09.2021,Participant0058,Recording4,17.09.2021,17.09.2021,14:48:45.713,12:48:45.713,64514,Timeline2,Tobii I-VT (Fixation),1.145.28180,1080,1920,"10,00",676592184.0,,,1054.0,405.0,1068.0,394.0,1040.0,416.0,"0,11378","0,01375","-0,99341","-0,01353","0,02752","-0,99953","3,78","3,75",Valid,Valid,"233,5","100,8","515,7","291,9","99,8","513,9","292,6","107,9","285,0","114,0","0,5752","0,3754","0,5864","0,3652","0,5641","0,3856",thumbnail_grossTrial,thumbnail_grossTrial.png,1245.0,1080.0,337.0,0.0,798.0,692.0,Fixation,258.0,20.0,1050.0,413.0,"0,5719","0,3823",,
24558,8736184,1400448007471,Eye Tracker,Participant0058,17.09.2021,Participant0058,Recording4,17.09.2021,17.09.2021,14:48:45.713,12:48:45.713,64514,Timeline2,Tobii I-VT (Fixation),1.145.28180,1080,1920,"10,00",676600627.0,,,1062.0,416.0,1075.0,397.0,1048.0,435.0,"0,11763","0,01484","-0,99295","-0,00892","0,03735","-0,99926",,,Valid,Valid,"233,5","100,9","515,6","291,9","99,9","513,9","294,6","108,6","287,3","119,1","0,5817","0,3852","0,5923","0,3674","0,5710","0,4030",thumbnail_grossTrial,thumbnail_grossTrial.png,1245.0,1080.0,337.0,0.0,798.0,692.0,Fixation,258.0,20.0,1050.0,413.0,"0,5719","0,3823",,
24559,8744432,1400448015719,Eye Tracker,Participant0058,17.09.2021,Participant0058,Recording4,17.09.2021,17.09.2021,14:48:45.713,12:48:45.713,64514,Timeline2,Tobii I-VT (Fixation),1.145.28180,1080,1920,"10,00",676608875.0,,,1052.0,425.0,1057.0,416.0,1047.0,434.0,"0,10820","0,02497","-0,99382","-0,00956","0,03681","-0,99928",,,Valid,Valid,"233,5","100,9","515,6","291,9","99,9","513,9","289,6","113,9","287,0","118,8","0,5738","0,3937","0,5776","0,3852","0,5699","0,4021",thumbnail_grossTrial,thumbnail_grossTrial.png,1245.0,1080.0,337.0,0.0,798.0,692.0,Fixation,258.0,20.0,1050.0,413.0,"0,5719","0,3823",,
24560,8752741,1400448024028,Eye Tracker,Participant0058,17.09.2021,Participant0058,Recording4,17.09.2021,17.09.2021,14:48:45.713,12:48:45.713,64514,Timeline2,Tobii I-VT (Fixation),1.145.28180,1080,1920,"10,00",676617183.0,,,1045.0,440.0,1056.0,424.0,1035.0,456.0,"0,10777","0,02910","-0,99375","-0,01612","0,04837","-0,99870","3,79","3,76",Valid,Valid,"233,5","100,9","515,6","291,9","99,8","513,9","289,4","116,0","283,6","124,7","0,5686","0,4071","0,5771","0,3923","0,5601","0,4220",thumbnail_grossTrial,thumbnail_grossTrial.png,1245.0,1080.0,337.0,0.0,798.0,692.0,Fixation,258.0,20.0,1050.0,413.0,"0,5719","0,3823",,
24561,8761116,1400448032403,Eye Tracker,Participant0058,17.09.2021,Participant0058,Recording4,17.09.2021,17.09.2021,14:48:45.713,12:48:45.713,64514,Timeline2,Tobii I-VT (Fixation),1.145.28180,1080,1920,"10,00",676625558.0,,,1048.0,428.0,1056.0,434.0,1041.0,421.0,"0,10766","0,03446","-0,99359","-0,01279","0,02984","-0,99947",,,Valid,Valid,"233,5","100,9","515,6","291,9","99,9","513,9","289,4","118,8","285,3","115,2","0,5711","0,3959","0,5770","0,4020","0,5651","0,3899",thumbnail_grossTrial,thumbnail_grossTrial.png,1245.0,1080.0,337.0,0.0,798.0,692.0,Fixation,258.0,20.0,1050.0,413.0,"0,5719","0,3823",,
24562,8769447,1400448040734,Eye Tracker,Participant0058,17.09.2021,Participant0058,Recording4,17.09.2021,17.09.2021,14:48:45.713,12:48:45.713,64514,Timeline2,Tobii I-VT (Fixation),1.145.28180,1080,1920,"10,00",676633889.0,,,1053.0,418.0,1054.0,431.0,1052.0,406.0,"0,10688","0,03263","-0,99374","-0,00668","0,02202","-0,99974",,,Valid,Valid,"233,5","100,9","515,6","291,8","99,9","513,9","288,9","117,8","288,4","111,2","0,5748","0,3874","0,5756","0,3986","0,5741","0,3762",thumbnail_grossTrial,thumbnail_grossTrial.png,1245.0,1080.0,337.0,0.0,798.0,692.0,Fixation,258.0,20.0,1050.0,413.0,"0,5719","0,3823",,
24563,8777838,1400448049125,Eye Tracker,Participant0058,17.09.2021,Participant0058,Recording4,17.09.2021,17.09.2021,14:48:45.713,12:48:45.713,64514,Timeline2,Tobii I-VT (Fixation),1.145.28180,1080,1920,"10,00",676642280.0,,,1044.0,413.0,1055.0,416.0,1032.0,410.0,"0,10741","0,02503","-0,99390","-0,01734","0,02406","-0,99956","4,12","3,87",Valid,Valid,"233,5","100,8","515,6","291,9","99,7","513,9","289,2","113,7","283,0","112,1","0,5673","0,3821","0,5764","0,3848","0,5582","0,3793",thumbnail_grossTrial,thumbnail_grossTrial.png,1245.0,1080.0,337.0,0.0,798.0,692.0,Saccade,25.0,27.0,,,,,,
24564,8786070,1400448057357,Eye Tracker,Participant0058,17.09.2021,Participant0058,Recording4,17.09.2021,17.09.2021,14:48:45.713,12:48:45.713,64514,Timeline2,Tobii I-VT (Fixation),1.145.28180,1080,1920,"10,00",676650511.0,,,1059.0,393.0,1066.0,409.0,1053.0,377.0,"0,11278","0,02154","-0,99339","-0,00617","0,00640","-0,99996",,,Valid,Valid,"233,5","100,8","515,6","291,9","99,8","513,8","292,0","112,0","288,7","103,1","0,5799","0,3638","0,5848","0,3788","0,5750","0,3487",thumbnail_grossTrial,thumbnail_grossTrial.png,1245.0,1080.0,337.0,0.0,798.0,692.0,Saccade,25.0,27.0,,,,,,
24565,8794430,1400448065717,Eye Tracker,Participant0058,17.09.2021,Participant0058,Recording4,17.09.2021,17.09.2021,14:48:45.713,12:48:45.713,64514,Timeline2,Tobii I-VT (Fixation),1.145.28180,1080,1920,"10,00",676658871.0,,,1048.0,364.0,1052.0,361.0,1044.0,368.0,"0,10585","-0,00354","-0,99438","-0,01113","0,00161","-0,99994",,,Valid,Valid,"233,5","100,7","515,7","291,8","99,8","513,9","288,3","98,9","286,1","100,6","0,5706","0,3375","0,5739","0,3346","0,5673","0,3404",thumbnail_grossTrial,thumbnail_grossTrial.png,1245.0,1080.0,337.0,0.0,798.0,692.0,Saccade,25.0,27.0,,,,,,
24566,8802761,1400448074048,Eye Tracker,Participant0058,17.09.2021,Participant0058,Recording4,17.09.2021,17.09.2021,14:48:45.713,12:48:45.713,64514,Timeline2,Tobii I-VT (Fixation),1.145.28180,1080,1920,"10,00",676667202.0,,,1042.0,355.0,,,1042.0,355.0,,,,"-0,01202","-0,00487","-0,99992",,"3,88",Invalid,Valid,,,,"291,8","99,7","513,9",,,"285,7","97,2","0,5661","0,3288",,,"0,5661","0,3288",thumbnail_grossTrial,thumbnail_grossTrial.png,1245.0,1080.0,337.0,0.0,798.0,692.0,Fixation,83.0,21.0,1043.0,353.0,"0,5664","0,3271",,
24567,8811089,1400448082376,Eye Tracker,Participant0058,17.09.2021,Participant0058,Recording4,17.09.2021,17.09.2021,14:48:45.713,12:48:45.713,64514,Timeline2,Tobii I-VT (Fixation),1.145.28180,1080,1920,"10,00",676675530.0,,,1047.0,351.0,1050.0,351.0,1043.0,350.0,"0,10482","-0,00872","-0,99445","-0,01181","-0,00785","-0,99990",,,Valid,Valid,"233,5","100,7","515,7","291,9","99,8","513,8","287,9","96,2","285,8","95,7","0,5696","0,3247","0,5726","0,3254","0,5665","0,3239",thumbnail_grossTrial,thumbnail_grossTrial.png,1245.0,1080.0,337.0,0.0,798.0,692.0,Fixation,83.0,21.0,1043.0,353.0,"0,5664","0,3271",,
24568,8819469,1400448090756,Eye Tracker,Participant0058,17.09.2021,Participant0058,Recording4,17.09.2021,17.09.2021,14:48:45.713,12:48:45.713,64514,Timeline2,Tobii I-VT (Fixation),1.145.28180,1080,1920,"10,00",676683909.0,,,1044.0,355.0,1050.0,358.0,1038.0,352.0,"0,10456","-0,00505","-0,99451","-0,01413","-0,00660","-0,99988",,,Valid,Valid,"233,5","100,7","515,8","291,8","99,8","513,8","287,7","98,0","284,6","96,4","0,5675","0,3290","0,5721","0,3317","0,5629","0,3262",thumbnail_grossTrial,thumbnail_grossTrial.png,1245.0,1080.0,337.0,0.0,798.0,692.0,Fixation,83.0,21.0,1043.0,353.0,"0,5664","0,3271",,
24569,8827735,1400448099022,Eye Tracker,Participant0058,17.09.2021,Participant0058,Recording4,17.09.2021,17.09.2021,14:48:45.713,12:48:45.713,64514,Timeline2,Tobii I-VT (Fixation),1.145.28180,1080,1920,"10,00",676692175.0,,,1038.0,350.0,1045.0,345.0,1031.0,355.0,"0,10188","-0,01164","-0,99473","-0,01798","-0,00480","-0,99983","3,83","3,62",Valid,Valid,"233,5","100,5","515,9","291,9","99,7","513,8","286,4","94,5","282,6","97,3","0,5627","0,3244","0,5681","0,3198","0,5572","0,3290",thumbnail_grossTrial,thumbnail_grossTrial.png,1245.0,1080.0,337.0,0.0,798.0,692.0,Fixation,83.0,21.0,1043.0,353.0,"0,5664","0,3271",,
24570,8836077,1400448107364,Eye Tracker,Participant0058,17.09.2021,Participant0058,Recording4,17.09.2021,17.09.2021,14:48:45.713,12:48:45.713,64514,Timeline2,Tobii I-VT (Fixation),1.145.28180,1080,1920,"10,00",676700517.0,,,1038.0,351.0,1043.0,351.0,1033.0,352.0,"0,10110","-0,00865","-0,99484","-0,01695","-0,00704","-0,99983",,,Valid,Valid,"233,6","100,6","515,9","291,9","99,8","513,7","286,0","96,1","283,2","96,2","0,5629","0,3254","0,5670","0,3252","0,5588","0,3255",thumbnail_grossTrial,thumbnail_grossTrial.png,1245.0,1080.0,337.0,0.0,798.0,692.0,Fixation,83.0,21.0,1043.0,353.0,"0,5664","0,3271",,
24571,8844445,1400448115732,Eye Tracker,Participant0058,17.09.2021,Participant0058,Recording4,17.09.2021,17.09.2021,14:48:45.713,12:48:45.713,64514,Timeline2,Tobii I-VT (Fixation),1.145.28180,1080,1920,"10,00",676708885.0,,,1040.0,348.0,1041.0,347.0,1039.0,349.0,"0,10017","-0,01111","-0,99491","-0,01372","-0,00820","-0,99987",,,Valid,Valid,"233,5","100,6","515,9","291,9","99,9","513,7","285,4","94,8","284,8","95,6","0,5645","0,3222","0,5654","0,3208","0,5636","0,3236",thumbnail_grossTrial,thumbnail_grossTrial.png,1245.0,1080.0,337.0,0.0,798.0,692.0,Fixation,83.0,21.0,1043.0,353.0,"0,5664","0,3271",,
24572,8852777,1400448124064,Eye Tracker,Participant0058,17.09.2021,Participant0058,Recording4,17.09.2021,17.09.2021,14:48:45.713,12:48:45.713,64514,Timeline2,Tobii I-VT (Fixation),1.145.28180,1080,1920,"10,00",676717217.0,,,1046.0,351.0,,,1046.0,351.0,,,,"-0,01022","-0,00737","-0,99992",,"3,78",Invalid,Valid,,,,"291,9","99,8","513,6",,,"286,6","96,0","0,5689","0,3248",,,"0,5689","0,3248",thumbnail_grossTrial,thumbnail_grossTrial.png,1245.0,1080.0,337.0,0.0,798.0,692.0,Fixation,83.0,21.0,1043.0,353.0,"0,5664","0,3271",,
24573,8861159,1400448132446,Eye Tracker,Participant0058,17.09.2021,Participant0058,Recording4,17.09.2021,17.09.2021,14:48:45.713,12:48:45.713,64514,Timeline2,Tobii I-VT (Fixation),1.145.28180,1080,1920,"10,00",676725598.0,,,1045.0,353.0,1044.0,350.0,1046.0,355.0,"0,10154","-0,00938","-0,99479","-0,01014","-0,00511","-0,99994",,,Valid,Valid,"233,5","100,6","516,0","291,9","99,9","513,5","286,2","95,7","286,7","97,3","0,5683","0,3264","0,5676","0,3238","0,5690","0,3291",thumbnail_grossTrial,thumbnail_grossTrial.png,1245.0,1080.0,337.0,0.0,798.0,692.0,Fixation,83.0,21.0,1043.0,353.0,"0,5664","0,3271",,
24574,8869423,1400448140710,Eye Tracker,Participant0058,17.09.2021,Participant0058,Recording4,17.09.2021,17.09.2021,14:48:45.713,12:48:45.713,64514,Timeline2,Tobii I-VT (Fixation),1.145.28180,1080,1920,"10,00",676733862.0,,,1042.0,358.0,1043.0,355.0,1042.0,361.0,"0,10088","-0,00645","-0,99488","-0,01207","-0,00221","-0,99992",,,Valid,Valid,"233,4","100,5","516,1","291,8","99,9","513,5","285,8","97,2","285,6","98,8","0,5662","0,3316","0,5664","0,3289","0,5659","0,3342",thumbnail_grossTrial,thumbnail_grossTrial.png,1245.0,1080.0,337.0,0.0,798.0,692.0,Fixation,83.0,21.0,1043.0,353.0,"0,5664","0,3271",,
24575,8877729,1400448149016,Eye Tracker,Participant0058,17.09.2021,Participant0058,Recording4,17.09.2021,17.09.2021,14:48:45.713,12:48:45.713,64514,Timeline2,Tobii I-VT (Fixation),1.145.28180,1080,1920,"10,00",676742168.0,,,1042.0,359.0,,,1042.0,359.0,,,,"-0,01227","-0,00308","-0,99992",,"3,78",Invalid,Valid,,,,"291,8","99,8","513,4",,,"285,5","98,3","0,5657","0,3324",,,"0,5657","0,3324",thumbnail_grossTrial,thumbnail_grossTrial.png,1245.0,1080.0,337.0,0.0,798.0,692.0,Fixation,83.0,21.0,1043.0,353.0,"0,5664","0,3271",,
24576,8886095,1400448157382,Eye Tracker,Participant0058,17.09.2021,Participant0058,Recording4,17.09.2021,17.09.2021,14:48:45.713,12:48:45.713,64514,Timeline2,Tobii I-VT (Fixation),1.145.28180,1080,1920,"10,00",676750534.0,,,1042.0,359.0,1045.0,353.0,1040.0,364.0,"0,10188","-0,00755","-0,99477","-0,01324","-0,00065","-0,99991",,,Valid,Valid,"233,4","100,5","516,1","291,8","99,9","513,4","286,3","96,6","285,1","99,6","0,5661","0,3320","0,5679","0,3269","0,5643","0,3370",thumbnail_grossTrial,thumbnail_grossTrial.png,1245.0,1080.0,337.0,0.0,798.0,692.0,Saccade,25.0,28.0,,,,,,
24577,8894392,1400448165679,Eye Tracker,Participant0058,17.09.2021,Participant0058,Recording4,17.09.2021,17.09.2021,14:48:45.713,12:48:45.713,64514,Timeline2,Tobii I-VT (Fixation),1.145.28180,1080,1920,"10,00",676758830.0,,,1058.0,367.0,1072.0,370.0,1045.0,365.0,"0,11618","0,00112","-0,99323","-0,01040","0,00032","-0,99995",,,Valid,Valid,"233,3","100,5","516,1","291,8","99,7","513,9","293,7","101,1","286,5","99,9","0,5791","0,3401","0,5896","0,3422","0,5685","0,3380",thumbnail_grossTrial,thumbnail_grossTrial.png,1245.0,1080.0,337.0,0.0,798.0,692.0,Saccade,25.0,28.0,,,,,,
24578,8902726,1400448174013,Eye Tracker,Participant0058,17.09.2021,Participant0058,Recording4,17.09.2021,17.09.2021,14:48:45.713,12:48:45.713,64514,Timeline2,Tobii I-VT (Fixation),1.145.28180,1080,1920,"10,00",676767164.0,,,1058.0,382.0,1072.0,370.0,1044.0,394.0,"0,11617","0,00135","-0,99323","-0,01103","0,01627","-0,99981","3,22","3,43",Valid,Valid,"233,3","100,4","516,1","291,9","99,5","514,1","293,7","101,1","286,2","107,9","0,5787","0,3536","0,5896","0,3422","0,5677","0,3650",thumbnail_grossTrial,thumbnail_grossTrial.png,1245.0,1080.0,337.0,0.0,798.0,692.0,Saccade,25.0,28.0,,,,,,
24579,8911071,1400448182358,Eye Tracker,Participant0058,17.09.2021,Participant0058,Recording4,17.09.2021,17.09.2021,14:48:45.713,12:48:45.713,64514,Timeline2,Tobii I-VT (Fixation),1.145.28180,1080,1920,"10,00",676775509.0,,,,,,,,,,,,,,,,,Invalid,Invalid,,,,,,,,,,,,,,,,,thumbnail_grossTrial,thumbnail_grossTrial.png,1245.0,1080.0,337.0,0.0,798.0,692.0,EyesNotFound,100.0,63.0,,,,,,
24580,8919403,1400448190690,Eye Tracker,Participant0058,17.09.2021,Participant0058,Recording4,17.09.2021,17.09.2021,14:48:45.713,12:48:45.713,64514,Timeline2,Tobii I-VT (Fixation),1.145.28180,1080,1920,"10,00",676783841.0,,,,,,,,,,,,,,,,,Invalid,Invalid,,,,,,,,,,,,,,,,,thumbnail_grossTrial,thumbnail_grossTrial.png,1245.0,1080.0,337.0,0.0,798.0,692.0,EyesNotFound,100.0,63.0,,,,,,
24581,8927728,1400448199015,Eye Tracker,Participant0058,17.09.2021,Participant0058,Recording4,17.09.2021,17.09.2021,14:48:45.713,12:48:45.713,64514,Timeline2,Tobii I-VT (Fixation),1.145.28180,1080,1920,"10,00",676792165.0,,,,,,,,,,,,,,,,,Invalid,Invalid,,,,,,,,,,,,,,,,,thumbnail_grossTrial,thumbnail_grossTrial.png,1245.0,1080.0,337.0,0.0,798.0,692.0,EyesNotFound,100.0,63.0,,,,,,
24582,8936086,1400448207373,Eye Tracker,Participant0058,17.09.2021,Participant0058,Recording4,17.09.2021,17.09.2021,14:48:45.713,12:48:45.713,64514,Timeline2,Tobii I-VT (Fixation),1.145.28180,1080,1920,"10,00",676800523.0,,,,,,,,,,,,,,,,,Invalid,Invalid,,,,,,,,,,,,,,,,,thumbnail_grossTrial,thumbnail_grossTrial.png,1245.0,1080.0,337.0,0.0,798.0,692.0,EyesNotFound,100.0,63.0,,,,,,
24583,8944425,1400448215712,Eye Tracker,Participant0058,17.09.2021,Participant0058,Recording4,17.09.2021,17.09.2021,14:48:45.713,12:48:45.713,64514,Timeline2,Tobii I-VT (Fixation),1.145.28180,1080,1920,"10,00",676808862.0,,,,,,,,,,,,,,,,,Invalid,Invalid,,,,,,,,,,,,,,,,,thumbnail_grossTrial,thumbnail_grossTrial.png,1245.0,1080.0,337.0,0.0,798.0,692.0,EyesNotFound,100.0,63.0,,,,,,
24584,8952750,1400448224037,Eye Tracker,Participant0058,17.09.2021,Participant0058,Recording4,17.09.2021,17.09.2021,14:48:45.713,12:48:45.713,64514,Timeline2,Tobii I-VT (Fixation),1.145.28180,1080,1920,"10,00",676817187.0,,,,,,,,,,,,,,,,,Invalid,Invalid,,,,,,,,,,,,,,,,,thumbnail_grossTrial,thumbnail_grossTrial.png,1245.0,1080.0,337.0,0.0,798.0,692.0,EyesNotFound,100.0,63.0,,,,,,
24585,8961126,1400448232413,Eye Tracker,Participant0058,17.09.2021,Participant0058,Recording4,17.09.2021,17.09.2021,14:48:45.713,12:48:45.713,64514,Timeline2,Tobii I-VT (Fixation),1.145.28180,1080,1920,"10,00",676825562.0,,,,,,,,,,,,,,,,,Invalid,Invalid,,,,,,,,,,,,,,,,,thumbnail_grossTrial,thumbnail_grossTrial.png,1245.0,1080.0,337.0,0.0,798.0,692.0,EyesNotFound,100.0,63.0,,,,,,
24586,8969418,1400448240705,Eye Tracker,Participant0058,17.09.2021,Participant0058,Recording4,17.09.2021,17.09.2021,14:48:45.713,12:48:45.713,64514,Timeline2,Tobii I-VT (Fixation),1.145.28180,1080,1920,"10,00",676833854.0,,,,,,,,,,,,,,,,,Invalid,Invalid,,,,,,,,,,,,,,,,,thumbnail_grossTrial,thumbnail_grossTrial.png,1245.0,1080.0,337.0,0.0,798.0,692.0,EyesNotFound,100.0,63.0,,,,,,
24587,8977721,1400448249008,Eye Tracker,Participant0058,17.09.2021,Participant0058,Recording4,17.09.2021,17.09.2021,14:48:45.713,12:48:45.713,64514,Timeline2,Tobii I-VT (Fixation),1.145.28180,1080,1920,"10,00",676842157.0,,,,,,,,,,,,,,,,,Invalid,Invalid,,,,,,,,,,,,,,,,,thumbnail_grossTrial,thumbnail_grossTrial.png,1245.0,1080.0,337.0,0.0,798.0,692.0,EyesNotFound,100.0,63.0,,,,,,
24588,8986050,1400448257337,Eye Tracker,Participant0058,17.09.2021,Participant0058,Recording4,17.09.2021,17.09.2021,14:48:45.713,12:48:45.713,64514,Timeline2,Tobii I-VT (Fixation),1.145.28180,1080,1920,"10,00",676850486.0,,,,,,,,,,,,,,,,,Invalid,Invalid,,,,,,,,,,,,,,,,,thumbnail_grossTrial,thumbnail_grossTrial.png,1245.0,1080.0,337.0,0.0,798.0,692.0,EyesNotFound,100.0,63.0,,,,,,
24589,8994406,1400448265693,Eye Tracker,Participant0058,17.09.2021,Participant0058,Recording4,17.09.2021,17.09.2021,14:48:45.713,12:48:45.713,64514,Timeline2,Tobii I-VT (Fixation),1.145.28180,1080,1920,"10,00",676858842.0,,,,,,,,,,,,,,,,,Invalid,Invalid,,,,,,,,,,,,,,,,,thumbnail_grossTrial,thumbnail_grossTrial.png,1245.0,1080.0,337.0,0.0,798.0,692.0,EyesNotFound,100.0,63.0,,,,,,
24590,9002747,1400448274034,Eye Tracker,Participant0058,17.09.2021,Participant0058,Recording4,17.09.2021,17.09.2021,14:48:45.713,12:48:45.713,64514,Timeline2,Tobii I-VT (Fixation),1.145.28180,1080,1920,"10,00",676867182.0,,,,,,,,,,,,,,,,,Invalid,Invalid,,,,,,,,,,,,,,,,,thumbnail_grossTrial,thumbnail_grossTrial.png,1245.0,1080.0,337.0,0.0,798.0,692.0,EyesNotFound,100.0,63.0,,,,,,
24591,9011047,1400448282334,Eye Tracker,Participant0058,17.09.2021,Participant0058,Recording4,17.09.2021,17.09.2021,14:48:45.713,12:48:45.713,64514,Timeline2,Tobii I-VT (Fixation),1.145.28180,1080,1920,"10,00",676875482.0,,,994.0,395.0,,,994.0,395.0,,,,"-0,03780","0,01701","-0,99914",,,Invalid,Valid,,,,"291,9","99,2","514,1",,,"272,4","108,0","0,5272","0,3654",,,"0,5272","0,3654",thumbnail_grossTrial,thumbnail_grossTrial.png,1245.0,1080.0,337.0,0.0,798.0,692.0,Unclassified,25.0,68.0,,,,,,
24592,9019380,1400448290667,Eye Tracker,Participant0058,17.09.2021,Participant0058,Recording4,17.09.2021,17.09.2021,14:48:45.713,12:48:45.713,64514,Timeline2,Tobii I-VT (Fixation),1.145.28180,1080,1920,"10,00",676883815.0,,,1047.0,412.0,,,1047.0,412.0,,,,"-0,00921","0,02598","-0,99962",,,Invalid,Valid,,,,"291,8","99,3","514,2",,,"287,0","112,6","0,5701","0,3811",,,"0,5701","0,3811",thumbnail_grossTrial,thumbnail_grossTrial.png,1245.0,1080.0,337.0,0.0,798.0,692.0,Unclassified,25.0,68.0,,,,,,
24593,9027760,1400448299047,Eye Tracker,Participant0058,17.09.2021,Participant0058,Recording4,17.09.2021,17.09.2021,14:48:45.713,12:48:45.713,64514,Timeline2,Tobii I-VT (Fixation),1.145.28180,1080,1920,"10,00",676892195.0,,,1002.0,400.0,,,1002.0,400.0,,,,"-0,03373","0,02004","-0,99923",,"3,48",Invalid,Valid,,,,"291,8","99,2","514,2",,,"274,5","109,5","0,5333","0,3706",,,"0,5333","0,3706",thumbnail_grossTrial,thumbnail_grossTrial.png,1245.0,1080.0,337.0,0.0,798.0,692.0,Unclassified,25.0,68.0,,,,,,
24594,9036059,1400448307346,Eye Tracker,Participant0058,17.09.2021,Participant0058,Recording4,17.09.2021,17.09.2021,14:48:45.713,12:48:45.713,64514,Timeline2,Tobii I-VT (Fixation),1.145.28180,1080,1920,"10,00",676900493.0,,,1011.0,389.0,976.0,379.0,1047.0,400.0,"0,06615","0,00643","-0,99779","-0,00978","0,01968","-0,99976",,,Valid,Valid,"233,3","100,3","516,0","291,9","99,3","514,2","267,5","103,6","286,8","109,5","0,5412","0,3604","0,5129","0,3506","0,5695","0,3703",thumbnail_grossTrial,thumbnail_grossTrial.png,1245.0,1080.0,337.0,0.0,798.0,692.0,Saccade,33.0,29.0,,,,,,
24595,9044394,1400448315681,Eye Tracker,Participant0058,17.09.2021,Participant0058,Recording4,17.09.2021,17.09.2021,14:48:45.713,12:48:45.713,64514,Timeline2,Tobii I-VT (Fixation),1.145.28180,1080,1920,"10,00",676908828.0,,,1037.0,347.0,1048.0,333.0,1026.0,360.0,"0,10407","-0,01772","-0,99441","-0,02084","-0,00144","-0,99978",,,Valid,Valid,"233,2","100,3","516,1","291,8","99,3","514,2","287,2","91,1","281,1","98,6","0,5617","0,3210","0,5707","0,3084","0,5527","0,3336",thumbnail_grossTrial,thumbnail_grossTrial.png,1245.0,1080.0,337.0,0.0,798.0,692.0,Saccade,33.0,29.0,,,,,,
24596,9052728,1400448324015,Eye Tracker,Participant0058,17.09.2021,Participant0058,Recording4,17.09.2021,17.09.2021,14:48:45.713,12:48:45.713,64514,Timeline2,Tobii I-VT (Fixation),1.145.28180,1080,1920,"10,00",676917162.0,,,1023.0,352.0,1042.0,340.0,1003.0,365.0,"0,10081","-0,01370","-0,99481","-0,03279","0,00103","-0,99946","3,84","3,65",Valid,Valid,"233,3","100,2","516,1","291,9","99,3","514,2","285,6","93,1","275,0","99,8","0,5503","0,3263","0,5658","0,3150","0,5348","0,3377",thumbnail_grossTrial,thumbnail_grossTrial.png,1245.0,1080.0,337.0,0.0,798.0,692.0,Saccade,33.0,29.0,,,,,,
24597,9061068,1400448332355,Eye Tracker,Participant0058,17.09.2021,Participant0058,Recording4,17.09.2021,17.09.2021,14:48:45.713,12:48:45.713,64514,Timeline2,Tobii I-VT (Fixation),1.145.28180,1080,1920,"10,00",676925502.0,,,1035.0,325.0,1048.0,319.0,1022.0,332.0,"0,10382","-0,02522","-0,99428","-0,02309","-0,01658","-0,99960",,,Valid,Valid,"233,3","100,3","516,0","291,9","99,4","514,1","287,2","87,2","280,0","90,9","0,5601","0,3013","0,5707","0,2951","0,5495","0,3074",thumbnail_grossTrial,thumbnail_grossTrial.png,1245.0,1080.0,337.0,0.0,798.0,692.0,Saccade,33.0,29.0,,,,,,
24598,9069377,1400448340664,Eye Tracker,Participant0058,17.09.2021,Participant0058,Recording4,17.09.2021,17.09.2021,14:48:45.713,12:48:45.713,64514,Timeline2,Tobii I-VT (Fixation),1.145.28180,1080,1920,"10,00",676933810.0,,,1029.0,317.0,1037.0,306.0,1021.0,329.0,"0,09841","-0,03214","-0,99463","-0,02355","-0,01833","-0,99955",,,Valid,Valid,"233,3","100,4","516,0","291,8","99,4","514,1","284,3","83,7","279,7","90,0","0,5554","0,2938","0,5622","0,2831","0,5487","0,3045",thumbnail_grossTrial,thumbnail_grossTrial.png,1245.0,1080.0,337.0,0.0,798.0,692.0,Fixation,333.0,22.0,1037.0,305.0,"0,5618","0,2825",,
24599,9077713,1400448349000,Eye Tracker,Participant0058,17.09.2021,Participant0058,Recording4,17.09.2021,17.09.2021,14:48:45.713,12:48:45.713,64514,Timeline2,Tobii I-VT (Fixation),1.145.28180,1080,1920,"10,00",676942146.0,,,1034.0,308.0,1041.0,290.0,1027.0,325.0,"0,10013","-0,04005","-0,99417","-0,01999","-0,02008","-0,99960","3,85","3,90",Valid,Valid,"233,3","100,3","516,0","291,9","99,3","514,1","285,3","79,5","281,6","89,0","0,5596","0,2850","0,5650","0,2689","0,5542","0,3011",thumbnail_grossTrial,thumbnail_grossTrial.png,1245.0,1080.0,337.0,0.0,798.0,692.0,Fixation,333.0,22.0,1037.0,305.0,"0,5618","0,2825",,
24600,9086057,1400448357344,Eye Tracker,Participant0058,17.09.2021,Participant0058,Recording4,17.09.2021,17.09.2021,14:48:45.713,12:48:45.713,64514,Timeline2,Tobii I-VT (Fixation),1.145.28180,1080,1920,"10,00",676950490.0,,,1029.0,317.0,1042.0,292.0,1015.0,342.0,"0,10054","-0,03970","-0,99414","-0,02655","-0,01136","-0,99958",,,Valid,Valid,"233,4","100,4","515,8","291,9","99,4","514,0","285,5","79,8","278,2","93,6","0,5550","0,2933","0,5657","0,2699","0,5443","0,3166",thumbnail_grossTrial,thumbnail_grossTrial.png,1245.0,1080.0,337.0,0.0,798.0,692.0,Fixation,333.0,22.0,1037.0,305.0,"0,5618","0,2825",,
24601,9094402,1400448365689,Eye Tracker,Participant0058,17.09.2021,Participant0058,Recording4,17.09.2021,17.09.2021,14:48:45.713,12:48:45.713,64514,Timeline2,Tobii I-VT (Fixation),1.145.28180,1080,1920,"10,00",676958835.0,,,1028.0,317.0,1040.0,292.0,1015.0,342.0,"0,09980","-0,03944","-0,99423","-0,02631","-0,01122","-0,99959",,,Valid,Valid,"233,3","100,4","515,8","291,8","99,4","514,1","285,1","80,0","278,3","93,7","0,5545","0,2938","0,5644","0,2706","0,5445","0,3170",thumbnail_grossTrial,thumbnail_grossTrial.png,1245.0,1080.0,337.0,0.0,798.0,692.0,Fixation,333.0,22.0,1037.0,305.0,"0,5618","0,2825",,
24602,9102747,1400448374034,Eye Tracker,Participant0058,17.09.2021,Participant0058,Recording4,17.09.2021,17.09.2021,14:48:45.713,12:48:45.713,64514,Timeline2,Tobii I-VT (Fixation),1.145.28180,1080,1920,"10,00",676967179.0,,,1035.0,311.0,1043.0,293.0,1028.0,329.0,"0,10123","-0,03895","-0,99410","-0,01983","-0,01842","-0,99963","4,07","3,86",Valid,Valid,"233,3","100,4","515,7","291,9","99,4","514,1","285,9","80,2","281,7","89,9","0,5605","0,2877","0,5667","0,2712","0,5544","0,3042",thumbnail_grossTrial,thumbnail_grossTrial.png,1245.0,1080.0,337.0,0.0,798.0,692.0,Fixation,333.0,22.0,1037.0,305.0,"0,5618","0,2825",,
24603,9111051,1400448382338,Eye Tracker,Participant0058,17.09.2021,Participant0058,Recording4,17.09.2021,17.09.2021,14:48:45.713,12:48:45.713,64514,Timeline2,Tobii I-VT (Fixation),1.145.28180,1080,1920,"10,00",676975483.0,,,1032.0,307.0,1041.0,287.0,1023.0,328.0,"0,10001","-0,04224","-0,99409","-0,02214","-0,01888","-0,99958",,,Valid,Valid,"233,4","100,5","515,6","291,9","99,4","514,0","285,3","78,6","280,5","89,7","0,5579","0,2847","0,5649","0,2659","0,5509","0,3036",thumbnail_grossTrial,thumbnail_grossTrial.png,1245.0,1080.0,337.0,0.0,798.0,692.0,Fixation,333.0,22.0,1037.0,305.0,"0,5618","0,2825",,
24604,9119376,1400448390663,Eye Tracker,Participant0058,17.09.2021,Participant0058,Recording4,17.09.2021,17.09.2021,14:48:45.713,12:48:45.713,64514,Timeline2,Tobii I-VT (Fixation),1.145.28180,1080,1920,"10,00",676983808.0,,,1038.0,301.0,1049.0,277.0,1027.0,325.0,"0,10437","-0,04759","-0,99340","-0,02022","-0,02039","-0,99959",,,Valid,Valid,"233,3","100,6","515,5","291,8","99,5","514,0","287,5","75,9","281,4","89,0","0,5625","0,2789","0,5714","0,2567","0,5537","0,3011",thumbnail_grossTrial,thumbnail_grossTrial.png,1245.0,1080.0,337.0,0.0,798.0,692.0,Fixation,333.0,22.0,1037.0,305.0,"0,5618","0,2825",,
24605,9127735,1400448399022,Eye Tracker,Participant0058,17.09.2021,Participant0058,Recording4,17.09.2021,17.09.2021,14:48:45.713,12:48:45.713,64514,Timeline2,Tobii I-VT (Fixation),1.145.28180,1080,1920,"10,00",676992167.0,,,1030.0,320.0,1047.0,300.0,1014.0,341.0,"0,10351","-0,03538","-0,99400","-0,02734","-0,01207","-0,99955","3,85","3,88",Valid,Valid,"233,3","100,5","515,5","291,9","99,4","514,0","287,0","82,1","277,8","93,2","0,5565","0,2966","0,5701","0,2779","0,5430","0,3153",thumbnail_grossTrial,thumbnail_grossTrial.png,1245.0,1080.0,337.0,0.0,798.0,692.0,Fixation,333.0,22.0,1037.0,305.0,"0,5618","0,2825",,
24606,9136082,1400448407369,Eye Tracker,Participant0058,17.09.2021,Participant0058,Recording4,17.09.2021,17.09.2021,14:48:45.713,12:48:45.713,64514,Timeline2,Tobii I-VT (Fixation),1.145.28180,1080,1920,"10,00",677000514.0,,,1032.0,308.0,1045.0,295.0,1020.0,321.0,"0,10234","-0,03847","-0,99401","-0,02410","-0,02256","-0,99946",,,Valid,Valid,"233,4","100,6","515,3","291,9","99,5","514,0","286,4","80,6","279,5","87,9","0,5582","0,2851","0,5683","0,2729","0,5480","0,2973",thumbnail_grossTrial,thumbnail_grossTrial.png,1245.0,1080.0,337.0,0.0,798.0,692.0,Fixation,333.0,22.0,1037.0,305.0,"0,5618","0,2825",,
24607,9144375,1400448415662,Eye Tracker,Participant0058,17.09.2021,Participant0058,Recording4,17.09.2021,17.09.2021,14:48:45.713,12:48:45.713,64514,Timeline2,Tobii I-VT (Fixation),1.145.28180,1080,1920,"10,00",677008806.0,,,1036.0,309.0,1049.0,301.0,1023.0,317.0,"0,10447","-0,03521","-0,99390","-0,02242","-0,02500","-0,99944",,,Valid,Valid,"233,3","100,7","515,3","291,8","99,5","514,0","287,5","82,4","280,3","86,6","0,5609","0,2860","0,5714","0,2788","0,5504","0,2932",thumbnail_grossTrial,thumbnail_grossTrial.png,1245.0,1080.0,337.0,0.0,798.0,692.0,Fixation,333.0,22.0,1037.0,305.0,"0,5618","0,2825",,
24608,9152746,1400448424033,Eye Tracker,Participant0058,17.09.2021,Participant0058,Recording4,17.09.2021,17.09.2021,14:48:45.713,12:48:45.713,64514,Timeline2,Tobii I-VT (Fixation),1.145.28180,1080,1920,"10,00",677017177.0,,,1031.0,311.0,1047.0,302.0,1014.0,320.0,"0,10349","-0,03447","-0,99403","-0,02703","-0,02291","-0,99937","3,83","3,63",Valid,Valid,"233,4","100,6","515,2","291,9","99,4","514,0","287,0","82,7","278,0","87,6","0,5568","0,2882","0,5700","0,2799","0,5435","0,2965",thumbnail_grossTrial,thumbnail_grossTrial.png,1245.0,1080.0,337.0,0.0,798.0,692.0,Fixation,333.0,22.0,1037.0,305.0,"0,5618","0,2825",,
24609,9161046,1400448432333,Eye Tracker,Participant0058,17.09.2021,Participant0058,Recording4,17.09.2021,17.09.2021,14:48:45.713,12:48:45.713,64514,Timeline2,Tobii I-VT (Fixation),1.145.28180,1080,1920,"10,00",677025477.0,,,1036.0,310.0,1048.0,303.0,1024.0,317.0,"0,10385","-0,03424","-0,99400","-0,02195","-0,02460","-0,99946",,,Valid,Valid,"233,4","100,7","515,1","291,9","99,5","514,0","287,2","83,0","280,6","86,8","0,5609","0,2873","0,5706","0,2807","0,5512","0,2938",thumbnail_grossTrial,thumbnail_grossTrial.png,1245.0,1080.0,337.0,0.0,798.0,692.0,Fixation,333.0,22.0,1037.0,305.0,"0,5618","0,2825",,
24610,9169370,1400448440657,Eye Tracker,Participant0058,17.09.2021,Participant0058,Recording4,17.09.2021,17.09.2021,14:48:45.713,12:48:45.713,64514,Timeline2,Tobii I-VT (Fixation),1.145.28180,1080,1920,"10,00",677033801.0,,,1031.0,311.0,1037.0,306.0,1025.0,317.0,"0,09838","-0,03289","-0,99460","-0,02134","-0,02497","-0,99946",,,Valid,Valid,"233,3","100,8","515,1","291,8","99,5","514,1","284,3","83,7","280,9","86,7","0,5571","0,2883","0,5621","0,2833","0,5520","0,2933",thumbnail_grossTrial,thumbnail_grossTrial.png,1245.0,1080.0,337.0,0.0,798.0,692.0,Fixation,333.0,22.0,1037.0,305.0,"0,5618","0,2825",,
24611,9177704,1400448448991,Eye Tracker,Participant0058,17.09.2021,Participant0058,Recording4,17.09.2021,17.09.2021,14:48:45.713,12:48:45.713,64514,Timeline2,Tobii I-VT (Fixation),1.145.28180,1080,1920,"10,00",677042134.0,,,1033.0,300.0,1043.0,278.0,1022.0,322.0,"0,10092","-0,04735","-0,99377","-0,02267","-0,02198","-0,99950","3,90","3,63",Valid,Valid,"233,4","100,7","515,2","291,9","99,5","514,1","285,7","76,2","280,2","88,1","0,5582","0,2780","0,5663","0,2577","0,5502","0,2982",thumbnail_grossTrial,thumbnail_grossTrial.png,1245.0,1080.0,337.0,0.0,798.0,692.0,Fixation,333.0,22.0,1037.0,305.0,"0,5618","0,2825",,
24612,9186053,1400448457340,Eye Tracker,Participant0058,17.09.2021,Participant0058,Recording4,17.09.2021,17.09.2021,14:48:45.713,12:48:45.713,64514,Timeline2,Tobii I-VT (Fixation),1.145.28180,1080,1920,"10,00",677050483.0,,,1020.0,316.0,1040.0,281.0,1001.0,352.0,"0,09958","-0,04597","-0,99397","-0,03428","-0,00635","-0,99939",,,Valid,Valid,"233,4","100,8","515,1","291,9","99,5","514,1","285,0","77,0","274,3","96,3","0,5485","0,2930","0,5642","0,2604","0,5328","0,3257",thumbnail_grossTrial,thumbnail_grossTrial.png,1245.0,1080.0,337.0,0.0,798.0,692.0,Fixation,333.0,22.0,1037.0,305.0,"0,5618","0,2825",,
24613,9194447,1400448465734,Eye Tracker,Participant0058,17.09.2021,Participant0058,Recording4,17.09.2021,17.09.2021,14:48:45.713,12:48:45.713,64514,Timeline2,Tobii I-VT (Fixation),1.145.28180,1080,1920,"10,00",677058877.0,,,1023.0,314.0,1045.0,276.0,1001.0,352.0,"0,10223","-0,04858","-0,99357","-0,03419","-0,00644","-0,99939",,,Valid,Valid,"233,4","100,8","515,2","291,9","99,6","514,1","286,4","75,6","274,3","96,3","0,5505","0,2908","0,5682","0,2559","0,5328","0,3257",thumbnail_grossTrial,thumbnail_grossTrial.png,1245.0,1080.0,337.0,0.0,798.0,692.0,Fixation,333.0,22.0,1037.0,305.0,"0,5618","0,2825",,
24614,9202743,1400448474030,Eye Tracker,Participant0058,17.09.2021,Participant0058,Recording4,17.09.2021,17.09.2021,14:48:45.713,12:48:45.713,64514,Timeline2,Tobii I-VT (Fixation),1.145.28180,1080,1920,"10,00",677067173.0,,,1043.0,293.0,1043.0,293.0,,,"0,10137","-0,03946","-0,99407",,,,"3,84",,Valid,Invalid,"233,4","100,7","515,2",,,,"285,9","80,3",,,"0,5669","0,2716","0,5669","0,2716",,,thumbnail_grossTrial,thumbnail_grossTrial.png,1245.0,1080.0,337.0,0.0,798.0,692.0,Fixation,333.0,22.0,1037.0,305.0,"0,5618","0,2825",,
24615,9211044,1400448482331,Eye Tracker,Participant0058,17.09.2021,Participant0058,Recording4,17.09.2021,17.09.2021,14:48:45.713,12:48:45.713,64514,Timeline2,Tobii I-VT (Fixation),1.145.28180,1080,1920,"10,00",677075473.0,,,1033.0,311.0,1044.0,294.0,1021.0,328.0,"0,10188","-0,03925","-0,99402","-0,02340","-0,01907","-0,99954",,,Valid,Valid,"233,4","100,8","515,2","291,9","99,5","514,1","286,2","80,4","279,9","89,7","0,5585","0,2879","0,5678","0,2722","0,5492","0,3036",thumbnail_grossTrial,thumbnail_grossTrial.png,1245.0,1080.0,337.0,0.0,798.0,692.0,Fixation,333.0,22.0,1037.0,305.0,"0,5618","0,2825",,
24616,9219374,1400448490661,Eye Tracker,Participant0058,17.09.2021,Participant0058,Recording4,17.09.2021,17.09.2021,14:48:45.713,12:48:45.713,64514,Timeline2,Tobii I-VT (Fixation),1.145.28180,1080,1920,"10,00",677083803.0,,,1034.0,310.0,1045.0,295.0,1022.0,326.0,"0,10245","-0,03868","-0,99399","-0,02281","-0,02020","-0,99954",,,Valid,Valid,"233,4","100,8","515,3","291,9","99,6","514,2","286,5","80,7","280,2","89,2","0,5592","0,2875","0,5685","0,2732","0,5500","0,3017",thumbnail_grossTrial,thumbnail_grossTrial.png,1245.0,1080.0,337.0,0.0,798.0,692.0,Fixation,333.0,22.0,1037.0,305.0,"0,5618","0,2825",,
24617,9227785,1400448499072,Eye Tracker,Participant0058,17.09.2021,Participant0058,Recording4,17.09.2021,17.09.2021,14:48:45.713,12:48:45.713,64514,Timeline2,Tobii I-VT (Fixation),1.145.28180,1080,1920,"10,00",677092214.0,,,1043.0,300.0,1043.0,300.0,,,"0,10113","-0,03572","-0,99423",,,,"3,84",,Valid,Invalid,"233,4","100,7","515,3",,,,"285,8","82,1",,,"0,5666","0,2779","0,5666","0,2779",,,thumbnail_grossTrial,thumbnail_grossTrial.png,1245.0,1080.0,337.0,0.0,798.0,692.0,Fixation,333.0,22.0,1037.0,305.0,"0,5618","0,2825",,
24618,9236031,1400448507318,Eye Tracker,Participant0058,17.09.2021,Participant0058,Recording4,17.09.2021,17.09.2021,14:48:45.713,12:48:45.713,64514,Timeline2,Tobii I-VT (Fixation),1.145.28180,1080,1920,"10,00",677100460.0,,,1035.0,303.0,1045.0,299.0,1026.0,306.0,"0,10203","-0,03625","-0,99412","-0,02080","-0,03070","-0,99931",,,Valid,Valid,"233,4","100,7","515,3","291,9","99,5","514,2","286,3","81,9","281,2","83,7","0,5606","0,2802","0,5680","0,2772","0,5531","0,2832",thumbnail_grossTrial,thumbnail_grossTrial.png,1245.0,1080.0,337.0,0.0,798.0,692.0,Fixation,333.0,22.0,1037.0,305.0,"0,5618","0,2825",,
24619,9244363,1400448515650,Eye Tracker,Participant0058,17.09.2021,Participant0058,Recording4,17.09.2021,17.09.2021,14:48:45.713,12:48:45.713,64514,Timeline2,Tobii I-VT (Fixation),1.145.28180,1080,1920,"10,00",677108791.0,,,1028.0,311.0,1040.0,308.0,1016.0,315.0,"0,09969","-0,03162","-0,99452","-0,02600","-0,02610","-0,99932",,,Valid,Valid,"233,4","100,7","515,4","291,9","99,5","514,3","285,0","84,3","278,5","86,1","0,5546","0,2884","0,5642","0,2854","0,5451","0,2913",thumbnail_grossTrial,thumbnail_grossTrial.png,1245.0,1080.0,337.0,0.0,798.0,692.0,Fixation,333.0,22.0,1037.0,305.0,"0,5618","0,2825",,
24620,9252729,1400448524016,Eye Tracker,Participant0058,17.09.2021,Participant0058,Recording4,17.09.2021,17.09.2021,14:48:45.713,12:48:45.713,64514,Timeline2,Tobii I-VT (Fixation),1.145.28180,1080,1920,"10,00",677117157.0,,,1040.0,299.0,1040.0,299.0,,,"0,09970","-0,03619","-0,99436",,,,"3,87",,Valid,Invalid,"233,4","100,6","515,4",,,,"285,1","81,9",,,"0,5643","0,2770","0,5643","0,2770",,,thumbnail_grossTrial,thumbnail_grossTrial.png,1245.0,1080.0,337.0,0.0,798.0,692.0,Fixation,333.0,22.0,1037.0,305.0,"0,5618","0,2825",,
24621,9261026,1400448532313,Eye Tracker,Participant0058,17.09.2021,Participant0058,Recording4,17.09.2021,17.09.2021,14:48:45.713,12:48:45.713,64514,Timeline2,Tobii I-VT (Fixation),1.145.28180,1080,1920,"10,00",677125454.0,,,1039.0,295.0,1036.0,294.0,1041.0,297.0,"0,09769","-0,03904","-0,99445","-0,01286","-0,03551","-0,99929",,,Valid,Valid,"233,4","100,7","515,4","291,9","99,5","514,2","284,0","80,4","285,3","81,2","0,5632","0,2734","0,5613","0,2721","0,5650","0,2747",thumbnail_grossTrial,thumbnail_grossTrial.png,1245.0,1080.0,337.0,0.0,798.0,692.0,Fixation,333.0,22.0,1037.0,305.0,"0,5618","0,2825",,
24622,9269359,1400448540646,Eye Tracker,Participant0058,17.09.2021,Participant0058,Recording4,17.09.2021,17.09.2021,14:48:45.713,12:48:45.713,64514,Timeline2,Tobii I-VT (Fixation),1.145.28180,1080,1920,"10,00",677133787.0,,,1033.0,292.0,1032.0,280.0,1033.0,304.0,"0,09568","-0,04625","-0,99434","-0,01702","-0,03155","-0,99936",,,Valid,Valid,"233,3","100,7","515,4","291,9","99,5","514,3","282,9","76,7","283,1","83,2","0,5584","0,2706","0,5581","0,2595","0,5586","0,2817",thumbnail_grossTrial,thumbnail_grossTrial.png,1245.0,1080.0,337.0,0.0,798.0,692.0,Fixation,333.0,22.0,1037.0,305.0,"0,5618","0,2825",,
24623,9277695,1400448548982,Eye Tracker,Participant0058,17.09.2021,Participant0058,Recording4,17.09.2021,17.09.2021,14:48:45.713,12:48:45.713,64514,Timeline2,Tobii I-VT (Fixation),1.145.28180,1080,1920,"10,00",677142123.0,,,1009.0,346.0,,,1009.0,346.0,,,,"-0,02982","-0,00924","-0,99951",,"3,95",Invalid,Valid,,,,"291,9","99,4","514,3",,,"276,6","94,6","0,5394","0,3201",,,"0,5394","0,3201",thumbnail_grossTrial,thumbnail_grossTrial.png,1245.0,1080.0,337.0,0.0,798.0,692.0,Fixation,333.0,22.0,1037.0,305.0,"0,5618","0,2825",,
24624,9286053,1400448557340,Eye Tracker,Participant0058,17.09.2021,Participant0058,Recording4,17.09.2021,17.09.2021,14:48:45.713,12:48:45.713,64514,Timeline2,Tobii I-VT (Fixation),1.145.28180,1080,1920,"10,00",677150480.0,,,1035.0,294.0,1038.0,276.0,1031.0,313.0,"0,09857","-0,04862","-0,99394","-0,01800","-0,02655","-0,99949",,,Valid,Valid,"233,4","100,6","515,4","291,9","99,4","514,3","284,5","75,4","282,7","85,7","0,5600","0,2726","0,5627","0,2551","0,5573","0,2901",thumbnail_grossTrial,thumbnail_grossTrial.png,1245.0,1080.0,337.0,0.0,798.0,692.0,Fixation,333.0,22.0,1037.0,305.0,"0,5618","0,2825",,
24625,9294357,1400448565644,Eye Tracker,Participant0058,17.09.2021,Participant0058,Recording4,17.09.2021,17.09.2021,14:48:45.713,12:48:45.713,64514,Timeline2,Tobii I-VT (Fixation),1.145.28180,1080,1920,"10,00",677158784.0,,,1041.0,295.0,1051.0,277.0,1031.0,313.0,"0,10543","-0,04777","-0,99328","-0,01818","-0,02703","-0,99947",,,Valid,Valid,"233,3","100,6","515,5","291,9","99,5","514,3","288,1","75,8","282,5","85,5","0,5650","0,2730","0,5731","0,2566","0,5568","0,2894",thumbnail_grossTrial,thumbnail_grossTrial.png,1245.0,1080.0,337.0,0.0,798.0,692.0,Fixation,333.0,22.0,1037.0,305.0,"0,5618","0,2825",,
24626,9302735,1400448574022,Eye Tracker,Participant0058,17.09.2021,Participant0058,Recording4,17.09.2021,17.09.2021,14:48:45.713,12:48:45.713,64514,Timeline2,Tobii I-VT (Fixation),1.145.28180,1080,1920,"10,00",677167162.0,,,1043.0,297.0,1058.0,283.0,1028.0,310.0,"0,10918","-0,04444","-0,99303","-0,01992","-0,02797","-0,99941","4,14","3,69",Valid,Valid,"233,4","100,5","515,5","291,9","99,3","514,3","290,0","77,4","281,7","84,9","0,5666","0,2747","0,5789","0,2620","0,5543","0,2874",thumbnail_grossTrial,thumbnail_grossTrial.png,1245.0,1080.0,337.0,0.0,798.0,692.0,Fixation,333.0,22.0,1037.0,305.0,"0,5618","0,2825",,
24627,9311101,1400448582388,Eye Tracker,Participant0058,17.09.2021,Participant0058,Recording4,17.09.2021,17.09.2021,14:48:45.713,12:48:45.713,64514,Timeline2,Tobii I-VT (Fixation),1.145.28180,1080,1920,"10,00",677175528.0,,,1045.0,302.0,1061.0,299.0,1028.0,304.0,"0,11068","-0,03605","-0,99320","-0,01957","-0,03135","-0,99932",,,Valid,Valid,"233,4","100,6","515,4","291,9","99,4","514,2","290,8","81,9","281,8","83,3","0,5681","0,2794","0,5813","0,2770","0,5549","0,2817",thumbnail_grossTrial,thumbnail_grossTrial.png,1245.0,1080.0,337.0,0.0,798.0,692.0,Fixation,333.0,22.0,1037.0,305.0,"0,5618","0,2825",,
24628,9319386,1400448590673,Eye Tracker,Participant0058,17.09.2021,Participant0058,Recording4,17.09.2021,17.09.2021,14:48:45.713,12:48:45.713,64514,Timeline2,Tobii I-VT (Fixation),1.145.28180,1080,1920,"10,00",677183812.0,,,1038.0,303.0,1050.0,300.0,1027.0,306.0,"0,10476","-0,03545","-0,99387","-0,02034","-0,03043","-0,99933",,,Valid,Valid,"233,3","100,6","515,5","291,9","99,5","514,3","287,7","82,2","281,4","83,8","0,5628","0,2809","0,5720","0,2782","0,5536","0,2835",thumbnail_grossTrial,thumbnail_grossTrial.png,1245.0,1080.0,337.0,0.0,798.0,692.0,Fixation,333.0,22.0,1037.0,305.0,"0,5618","0,2825",,
24629,9327691,1400448598978,Eye Tracker,Participant0058,17.09.2021,Participant0058,Recording4,17.09.2021,17.09.2021,14:48:45.713,12:48:45.713,64514,Timeline2,Tobii I-VT (Fixation),1.145.28180,1080,1920,"10,00",677192117.0,,,1042.0,300.0,1049.0,300.0,1035.0,300.0,"0,10420","-0,03545","-0,99392","-0,01598","-0,03331","-0,99932","4,15","4,00",Valid,Valid,"233,4","100,5","515,5","291,9","99,3","514,2","287,4","82,1","283,7","82,2","0,5657","0,2780","0,5712","0,2778","0,5603","0,2781",thumbnail_grossTrial,thumbnail_grossTrial.png,1245.0,1080.0,337.0,0.0,798.0,692.0,Fixation,333.0,22.0,1037.0,305.0,"0,5618","0,2825",,
24630,9336052,1400448607339,Eye Tracker,Participant0058,17.09.2021,Participant0058,Recording4,17.09.2021,17.09.2021,14:48:45.713,12:48:45.713,64514,Timeline2,Tobii I-VT (Fixation),1.145.28180,1080,1920,"10,00",677200478.0,,,1045.0,305.0,1052.0,304.0,1037.0,306.0,"0,10601","-0,03367","-0,99380","-0,01483","-0,03077","-0,99942",,,Valid,Valid,"233,4","100,6","515,4","291,9","99,4","514,2","288,4","83,1","284,3","83,6","0,5681","0,2821","0,5741","0,2813","0,5620","0,2829",thumbnail_grossTrial,thumbnail_grossTrial.png,1245.0,1080.0,337.0,0.0,798.0,692.0,Fixation,333.0,22.0,1037.0,305.0,"0,5618","0,2825",,
24631,9344353,1400448615640,Eye Tracker,Participant0058,17.09.2021,Participant0058,Recording4,17.09.2021,17.09.2021,14:48:45.713,12:48:45.713,64514,Timeline2,Tobii I-VT (Fixation),1.145.28180,1080,1920,"10,00",677208779.0,,,1052.0,303.0,1058.0,301.0,1046.0,304.0,"0,10900","-0,03545","-0,99341","-0,01031","-0,03148","-0,99945",,,Valid,Valid,"233,4","100,6","515,5","291,9","99,5","514,2","289,9","82,2","286,6","83,3","0,5736","0,2801","0,5786","0,2783","0,5687","0,2819",thumbnail_grossTrial,thumbnail_grossTrial.png,1245.0,1080.0,337.0,0.0,798.0,692.0,Fixation,333.0,22.0,1037.0,305.0,"0,5618","0,2825",,
24632,9352706,1400448623993,Eye Tracker,Participant0058,17.09.2021,Participant0058,Recording4,17.09.2021,17.09.2021,14:48:45.713,12:48:45.713,64514,Timeline2,Tobii I-VT (Fixation),1.145.28180,1080,1920,"10,00",677217131.0,,,1052.0,306.0,1053.0,309.0,1051.0,304.0,"0,10652","-0,03080","-0,99383","-0,00728","-0,03182","-0,99947","3,91","4,15",Valid,Valid,"233,4","100,5","515,5","291,9","99,4","514,1","288,6","84,5","288,2","83,1","0,5741","0,2835","0,5748","0,2859","0,5734","0,2810",thumbnail_grossTrial,thumbnail_grossTrial.png,1245.0,1080.0,337.0,0.0,798.0,692.0,Fixation,333.0,22.0,1037.0,305.0,"0,5618","0,2825",,
24633,9361034,1400448632321,Eye Tracker,Participant0058,17.09.2021,Participant0058,Recording4,17.09.2021,17.09.2021,14:48:45.713,12:48:45.713,64514,Timeline2,Tobii I-VT (Fixation),1.145.28180,1080,1920,"10,00",677225459.0,,,1049.0,297.0,1046.0,291.0,1052.0,304.0,"0,10276","-0,04073","-0,99387","-0,00690","-0,03189","-0,99947",,,Valid,Valid,"233,5","100,6","515,4","291,9","99,6","514,1","286,7","79,5","288,4","83,1","0,5717","0,2752","0,5693","0,2691","0,5741","0,2813",thumbnail_grossTrial,thumbnail_grossTrial.png,1245.0,1080.0,337.0,0.0,798.0,692.0,Fixation,333.0,22.0,1037.0,305.0,"0,5618","0,2825",,
24634,9369362,1400448640649,Eye Tracker,Participant0058,17.09.2021,Participant0058,Recording4,17.09.2021,17.09.2021,14:48:45.713,12:48:45.713,64514,Timeline2,Tobii I-VT (Fixation),1.145.28180,1080,1920,"10,00",677233787.0,,,1049.0,298.0,1045.0,293.0,1053.0,303.0,"0,10211","-0,03935","-0,99399","-0,00651","-0,03256","-0,99945",,,Valid,Valid,"233,4","100,7","515,5","291,9","99,6","514,1","286,4","80,3","288,5","82,9","0,5713","0,2761","0,5681","0,2716","0,5745","0,2805",thumbnail_grossTrial,thumbnail_grossTrial.png,1245.0,1080.0,337.0,0.0,798.0,692.0,Fixation,333.0,22.0,1037.0,305.0,"0,5618","0,2825",,
24635,9377721,1400448649008,Eye Tracker,Participant0058,17.09.2021,Participant0058,Recording4,17.09.2021,17.09.2021,14:48:45.713,12:48:45.713,64514,Timeline2,Tobii I-VT (Fixation),1.145.28180,1080,1920,"10,00",677242146.0,,,1046.0,287.0,1046.0,287.0,,,"0,10273","-0,04241","-0,99380",,,,"4,16",,Valid,Invalid,"233,5","100,6","515,5",,,,"286,7","78,6",,,"0,5692","0,2660","0,5692","0,2660",,,thumbnail_grossTrial,thumbnail_grossTrial.png,1245.0,1080.0,337.0,0.0,798.0,692.0,Fixation,333.0,22.0,1037.0,305.0,"0,5618","0,2825",,
24636,9386047,1400448657334,Eye Tracker,Participant0058,17.09.2021,Participant0058,Recording4,17.09.2021,17.09.2021,14:48:45.713,12:48:45.713,64514,Timeline2,Tobii I-VT (Fixation),1.145.28180,1080,1920,"10,00",677250471.0,,,1051.0,295.0,1049.0,293.0,1053.0,298.0,"0,10433","-0,03968","-0,99375","-0,00660","-0,03544","-0,99935",,,Valid,Valid,"233,5","100,7","515,4","292,0","99,7","513,9","287,6","80,1","288,6","81,4","0,5732","0,2733","0,5718","0,2711","0,5746","0,2755",thumbnail_grossTrial,thumbnail_grossTrial.png,1245.0,1080.0,337.0,0.0,798.0,692.0,Fixation,333.0,22.0,1037.0,305.0,"0,5618","0,2825",,
24637,9394349,1400448665636,Eye Tracker,Participant0058,17.09.2021,Participant0058,Recording4,17.09.2021,17.09.2021,14:48:45.713,12:48:45.713,64514,Timeline2,Tobii I-VT (Fixation),1.145.28180,1080,1920,"10,00",677258773.0,,,1042.0,299.0,1043.0,298.0,1042.0,301.0,"0,10101","-0,03712","-0,99419","-0,01226","-0,03375","-0,99936",,,Valid,Valid,"233,4","100,8","515,4","291,9","99,7","513,9","285,8","81,5","285,6","82,4","0,5662","0,2773","0,5665","0,2759","0,5659","0,2788",thumbnail_grossTrial,thumbnail_grossTrial.png,1245.0,1080.0,337.0,0.0,798.0,692.0,Fixation,333.0,22.0,1037.0,305.0,"0,5618","0,2825",,
24638,9402720,1400448674007,Eye Tracker,Participant0058,17.09.2021,Participant0058,Recording4,17.09.2021,17.09.2021,14:48:45.713,12:48:45.713,64514,Timeline2,Tobii I-VT (Fixation),1.145.28180,1080,1920,"10,00",677267144.0,,,1047.0,301.0,1047.0,301.0,,,"0,10330","-0,03548","-0,99402",,,,"4,14",,Valid,Invalid,"233,5","100,7","515,4",,,,"287,0","82,3",,,"0,5701","0,2784","0,5701","0,2784",,,thumbnail_grossTrial,thumbnail_grossTrial.png,1245.0,1080.0,337.0,0.0,798.0,692.0,Saccade,17.0,30.0,,,,,,
24639,9411044,1400448682331,Eye Tracker,Participant0058,17.09.2021,Participant0058,Recording4,17.09.2021,17.09.2021,14:48:45.713,12:48:45.713,64514,Timeline2,Tobii I-VT (Fixation),1.145.28180,1080,1920,"10,00",677275468.0,,,1049.0,282.0,1044.0,298.0,1054.0,266.0,"0,10153","-0,03723","-0,99414","-0,00585","-0,05255","-0,99860",,,Valid,Valid,"233,5","100,8","515,3","292,0","99,8","513,8","286,1","81,5","288,9","72,7","0,5716","0,2609","0,5674","0,2757","0,5757","0,2460",thumbnail_grossTrial,thumbnail_grossTrial.png,1245.0,1080.0,337.0,0.0,798.0,692.0,Saccade,17.0,30.0,,,,,,
24640,9419436,1400448690723,Eye Tracker,Participant0058,17.09.2021,Participant0058,Recording4,17.09.2021,17.09.2021,14:48:45.713,12:48:45.713,64514,Timeline2,Tobii I-VT (Fixation),1.145.28180,1080,1920,"10,00",677283860.0,,,1051.0,282.0,1048.0,292.0,1054.0,271.0,"0,10357","-0,04030","-0,99381","-0,00604","-0,04992","-0,99873",,,Valid,Valid,"233,4","100,9","515,3","291,9","99,8","513,8","287,1","80,0","288,8","74,1","0,5728","0,2607","0,5704","0,2705","0,5752","0,2508",thumbnail_grossTrial,thumbnail_grossTrial.png,1245.0,1080.0,337.0,0.0,798.0,692.0,Unclassified,42.0,69.0,,,,,,
24641,9427772,1400448699059,Eye Tracker,Participant0058,17.09.2021,Participant0058,Recording4,17.09.2021,17.09.2021,14:48:45.713,12:48:45.713,64514,Timeline2,Tobii I-VT (Fixation),1.145.28180,1080,1920,"10,00",677292195.0,,,1041.0,295.0,1041.0,295.0,,,"0,10001","-0,03862","-0,99424",,,,"3,93",,Valid,Invalid,"233,5","100,8","515,2",,,,"285,3","80,8",,,"0,5650","0,2732","0,5650","0,2732",,,thumbnail_grossTrial,thumbnail_grossTrial.png,1245.0,1080.0,337.0,0.0,798.0,692.0,Unclassified,42.0,69.0,,,,,,
24642,9436014,1400448707301,Eye Tracker,Participant0058,17.09.2021,Participant0058,Recording4,17.09.2021,17.09.2021,14:48:45.713,12:48:45.713,64514,Timeline2,Tobii I-VT (Fixation),1.145.28180,1080,1920,"10,00",677300437.0,,,1051.0,285.0,1045.0,303.0,1057.0,268.0,"0,10193","-0,03491","-0,99418","-0,00446","-0,05155","-0,99866",,,Valid,Valid,"233,5","100,9","515,1","291,9","99,8","513,7","286,3","82,8","289,6","73,3","0,5728","0,2641","0,5680","0,2801","0,5777","0,2480",thumbnail_grossTrial,thumbnail_grossTrial.png,1245.0,1080.0,337.0,0.0,798.0,692.0,Unclassified,42.0,69.0,,,,,,
24643,9444356,1400448715643,Eye Tracker,Participant0058,17.09.2021,Participant0058,Recording4,17.09.2021,17.09.2021,14:48:45.713,12:48:45.713,64514,Timeline2,Tobii I-VT (Fixation),1.145.28180,1080,1920,"10,00",677308779.0,,,1055.0,283.0,1044.0,305.0,1065.0,262.0,"0,10182","-0,03367","-0,99423","0,00007","-0,05492","-0,99849",,,Valid,Valid,"233,4","100,9","515,1","291,9","99,9","513,7","286,2","83,5","291,9","71,6","0,5759","0,2624","0,5676","0,2825","0,5843","0,2422",thumbnail_grossTrial,thumbnail_grossTrial.png,1245.0,1080.0,337.0,0.0,798.0,692.0,Unclassified,42.0,69.0,,,,,,
24644,9452717,1400448724004,Eye Tracker,Participant0058,17.09.2021,Participant0058,Recording4,17.09.2021,17.09.2021,14:48:45.713,12:48:45.713,64514,Timeline2,Tobii I-VT (Fixation),1.145.28180,1080,1920,"10,00",677317140.0,,,1043.0,307.0,1043.0,307.0,,,"0,10136","-0,03258","-0,99432",,,,"3,94",,Valid,Invalid,"233,5","100,8","515,0",,,,"286,0","83,9",,,"0,5670","0,2840","0,5670","0,2840",,,thumbnail_grossTrial,thumbnail_grossTrial.png,1245.0,1080.0,337.0,0.0,798.0,692.0,Unclassified,42.0,69.0,,,,,,
24645,9461055,1400448732342,Eye Tracker,Participant0058,17.09.2021,Participant0058,Recording4,17.09.2021,17.09.2021,14:48:45.713,12:48:45.713,64514,Timeline2,Tobii I-VT (Fixation),1.145.28180,1080,1920,"10,00",677325477.0,,,1055.0,290.0,1044.0,310.0,1067.0,271.0,"0,10150","-0,03125","-0,99435","0,00075","-0,04987","-0,99876",,,Valid,Valid,"233,5","100,9","515,0","291,9","99,8","513,6","286,1","84,7","292,3","74,2","0,5764","0,2688","0,5673","0,2867","0,5855","0,2509",thumbnail_grossTrial,thumbnail_grossTrial.png,1245.0,1080.0,337.0,0.0,798.0,692.0,Saccade,58.0,31.0,,,,,,
24646,9469353,1400448740640,Eye Tracker,Participant0058,17.09.2021,Participant0058,Recording4,17.09.2021,17.09.2021,14:48:45.713,12:48:45.713,64514,Timeline2,Tobii I-VT (Fixation),1.145.28180,1080,1920,"10,00",677333775.0,,,1040.0,326.0,1044.0,334.0,1036.0,319.0,"0,10136","-0,01859","-0,99468","-0,01550","-0,02478","-0,99957",,,Valid,Valid,"233,6","101,0","515,0","292,0","99,9","513,6","286,1","91,4","284,0","87,2","0,5642","0,3021","0,5672","0,3092","0,5612","0,2949",thumbnail_grossTrial,thumbnail_grossTrial.png,1245.0,1080.0,337.0,0.0,798.0,692.0,Saccade,58.0,31.0,,,,,,
24647,9477710,1400448748997,Eye Tracker,Participant0058,17.09.2021,Participant0058,Recording4,17.09.2021,17.09.2021,14:48:45.713,12:48:45.713,64514,Timeline2,Tobii I-VT (Fixation),1.145.28180,1080,1920,"10,00",677342132.0,,,1065.0,344.0,,,1065.0,344.0,,,,"-0,00061","-0,01094","-0,99994",,"3,95",Invalid,Valid,,,,"292,2","99,9","513,6",,,"291,8","94,2","0,5842","0,3189",,,"0,5842","0,3189",thumbnail_grossTrial,thumbnail_grossTrial.png,1245.0,1080.0,337.0,0.0,798.0,692.0,Saccade,58.0,31.0,,,,,,
24648,9486086,1400448757373,Eye Tracker,Participant0058,17.09.2021,Participant0058,Recording4,17.09.2021,17.09.2021,14:48:45.713,12:48:45.713,64514,Timeline2,Tobii I-VT (Fixation),1.145.28180,1080,1920,"10,00",677350508.0,,,1106.0,371.0,1086.0,355.0,1126.0,387.0,"0,12281","-0,00762","-0,99240","0,03187","0,01120","-0,99943",,,Valid,Valid,"234,1","101,1","514,9","292,3","100,1","513,6","297,8","97,2","308,7","105,8","0,6176","0,3434","0,6016","0,3288","0,6336","0,3580",thumbnail_grossTrial,thumbnail_grossTrial.png,1245.0,1080.0,337.0,0.0,798.0,692.0,Saccade,58.0,31.0,,,,,,
24649,9494424,1400448765711,Eye Tracker,Participant0058,17.09.2021,Participant0058,Recording4,17.09.2021,17.09.2021,14:48:45.713,12:48:45.713,64514,Timeline2,Tobii I-VT (Fixation),1.145.28180,1080,1920,"10,00",677358845.0,,,1162.0,408.0,1138.0,392.0,1186.0,425.0,"0,14926","0,01151","-0,98873","0,06339","0,03128","-0,99750",,,Valid,Valid,"234,2","101,2","514,8","292,4","100,2","513,5","311,9","107,2","325,0","116,3","0,6621","0,3782","0,6429","0,3628","0,6814","0,3936",thumbnail_grossTrial,thumbnail_grossTrial.png,1245.0,1080.0,337.0,0.0,798.0,692.0,Saccade,58.0,31.0,,,,,,
24650,9502756,1400448774043,Eye Tracker,Participant0058,17.09.2021,Participant0058,Recording4,17.09.2021,17.09.2021,14:48:45.713,12:48:45.713,64514,Timeline2,Tobii I-VT (Fixation),1.145.28180,1080,1920,"10,00",677367177.0,,,1240.0,451.0,,,1240.0,451.0,,,,"0,09143","0,04485","-0,99480",,"3,73",Invalid,Valid,,,,"292,6","100,2","513,4",,,"339,8","123,4","0,7246","0,4175",,,"0,7246","0,4175",thumbnail_grossTrial,thumbnail_grossTrial.png,1245.0,1080.0,337.0,0.0,798.0,692.0,Saccade,58.0,31.0,,,,,,
24651,9511091,1400448782378,Eye Tracker,Participant0058,17.09.2021,Participant0058,Recording4,17.09.2021,17.09.2021,14:48:45.713,12:48:45.713,64514,Timeline2,Tobii I-VT (Fixation),1.145.28180,1080,1920,"10,00",677375512.0,,,1274.0,453.0,1278.0,454.0,1271.0,452.0,"0,21952","0,04316","-0,97465","0,10783","0,04542","-0,99313",,,Valid,Valid,"234,4","101,3","514,7","292,6","100,3","513,2","350,3","124,1","348,3","123,8","0,7525","0,4194","0,7554","0,4200","0,7496","0,4189",thumbnail_grossTrial,thumbnail_grossTrial.png,1245.0,1080.0,337.0,0.0,798.0,692.0,Saccade,58.0,31.0,,,,,,
24652,9519415,1400448790702,Eye Tracker,Participant0058,17.09.2021,Participant0058,Recording4,17.09.2021,17.09.2021,14:48:45.713,12:48:45.713,64514,Timeline2,Tobii I-VT (Fixation),1.145.28180,1080,1920,"10,00",677383836.0,,,1280.0,460.0,1282.0,464.0,1278.0,456.0,"0,22139","0,04854","-0,97398","0,11184","0,04731","-0,99260",,,Valid,Valid,"234,2","101,3","514,8","292,5","100,4","513,2","351,3","127,0","350,3","124,8","0,7569","0,4260","0,7582","0,4297","0,7555","0,4224",thumbnail_grossTrial,thumbnail_grossTrial.png,1245.0,1080.0,337.0,0.0,798.0,692.0,Unclassified,33.0,70.0,,,,,,
24653,9527778,1400448799065,Eye Tracker,Participant0058,17.09.2021,Participant0058,Recording4,17.09.2021,17.09.2021,14:48:45.713,12:48:45.713,64514,Timeline2,Tobii I-VT (Fixation),1.145.28180,1080,1920,"10,00",677392198.0,,,1269.0,449.0,,,1269.0,449.0,,,,"0,10670","0,04378","-0,99333",,"3,94",Invalid,Valid,,,,"292,6","100,3","513,2",,,"347,7","122,9","0,7479","0,4159",,,"0,7479","0,4159",thumbnail_grossTrial,thumbnail_grossTrial.png,1245.0,1080.0,337.0,0.0,798.0,692.0,Unclassified,33.0,70.0,,,,,,
24654,9536005,1400448807292,Eye Tracker,Participant0058,17.09.2021,Participant0058,Recording4,17.09.2021,17.09.2021,14:48:45.713,12:48:45.713,64514,Timeline2,Tobii I-VT (Fixation),1.145.28180,1080,1920,"10,00",677400425.0,,,1290.0,449.0,1287.0,457.0,1294.0,441.0,"0,22407","0,04463","-0,97355","0,11982","0,03928","-0,99202",,,Valid,Valid,"234,3","101,3","514,7","292,6","100,4","513,1","352,8","124,9","354,5","120,7","0,7653","0,4155","0,7627","0,4227","0,7678","0,4083",thumbnail_grossTrial,thumbnail_grossTrial.png,1245.0,1080.0,337.0,0.0,798.0,692.0,Unclassified,33.0,70.0,,,,,,
24655,9544362,1400448815649,Eye Tracker,Participant0058,17.09.2021,Participant0058,Recording4,17.09.2021,17.09.2021,14:48:45.713,12:48:45.713,64514,Timeline2,Tobii I-VT (Fixation),1.145.28180,1080,1920,"10,00",677408782.0,,,1294.0,450.0,1294.0,453.0,1294.0,446.0,"0,22747","0,04299","-0,97284","0,12043","0,04189","-0,99184",,,Valid,Valid,"234,2","101,3","514,7","292,5","100,4","513,1","354,6","124,1","354,8","122,1","0,7682","0,4165","0,7680","0,4198","0,7685","0,4131",thumbnail_grossTrial,thumbnail_grossTrial.png,1245.0,1080.0,337.0,0.0,798.0,692.0,Unclassified,33.0,70.0,,,,,,
24656,9552714,1400448824001,Eye Tracker,Participant0058,17.09.2021,Participant0058,Recording4,17.09.2021,17.09.2021,14:48:45.713,12:48:45.713,64514,Timeline2,Tobii I-VT (Fixation),1.145.28180,1080,1920,"10,00",677417134.0,,,1281.0,462.0,,,1281.0,462.0,,,,"0,11326","0,05051","-0,99228",,"3,73",Invalid,Valid,,,,"292,6","100,4","513,0",,,"351,1","126,5","0,7579","0,4279",,,"0,7579","0,4279",thumbnail_grossTrial,thumbnail_grossTrial.png,1245.0,1080.0,337.0,0.0,798.0,692.0,Saccade,17.0,32.0,,,,,,
24657,9561038,1400448832325,Eye Tracker,Participant0058,17.09.2021,Participant0058,Recording4,17.09.2021,17.09.2021,14:48:45.713,12:48:45.713,64514,Timeline2,Tobii I-VT (Fixation),1.145.28180,1080,1920,"10,00",677425458.0,,,1275.0,433.0,1281.0,403.0,1268.0,462.0,"0,22129","0,01710","-0,97506","0,10667","0,05025","-0,99302",,,Valid,Valid,"234,3","101,4","514,7","292,5","100,5","512,8","351,1","110,4","347,6","126,4","0,7526","0,4006","0,7577","0,3735","0,7476","0,4278",thumbnail_grossTrial,thumbnail_grossTrial.png,1245.0,1080.0,337.0,0.0,798.0,692.0,Saccade,17.0,32.0,,,,,,
24658,9569394,1400448840681,Eye Tracker,Participant0058,17.09.2021,Participant0058,Recording4,17.09.2021,17.09.2021,14:48:45.713,12:48:45.713,64514,Timeline2,Tobii I-VT (Fixation),1.145.28180,1080,1920,"10,00",677433813.0,,,1276.0,433.0,1282.0,407.0,1270.0,459.0,"0,22175","0,01875","-0,97492","0,10773","0,04831","-0,99301",,,Valid,Valid,"234,2","101,4","514,6","292,4","100,6","512,8","351,2","111,3","348,1","125,5","0,7535","0,4006","0,7582","0,3766","0,7489","0,4247",thumbnail_grossTrial,thumbnail_grossTrial.png,1245.0,1080.0,337.0,0.0,798.0,692.0,Unclassified,8.0,71.0,,,,,,
24659,9577697,1400448848984,Eye Tracker,Participant0058,17.09.2021,Participant0058,Recording4,17.09.2021,17.09.2021,14:48:45.713,12:48:45.713,64514,Timeline2,Tobii I-VT (Fixation),1.145.28180,1080,1920,"10,00",677442116.0,,,1270.0,455.0,,,1270.0,455.0,,,,"0,10775","0,04656","-0,99309",,"3,74",Invalid,Valid,,,,"292,5","100,5","512,6",,,"348,2","124,6","0,7492","0,4214",,,"0,7492","0,4214",thumbnail_grossTrial,thumbnail_grossTrial.png,1245.0,1080.0,337.0,0.0,798.0,692.0,Saccade,17.0,33.0,,,,,,
24660,9586000,1400448857287,Eye Tracker,Participant0058,17.09.2021,Participant0058,Recording4,17.09.2021,17.09.2021,14:48:45.713,12:48:45.713,64514,Timeline2,Tobii I-VT (Fixation),1.145.28180,1080,1920,"10,00",677450419.0,,,1285.0,460.0,1299.0,456.0,1271.0,464.0,"0,22985","0,04407","-0,97223","0,10812","0,05076","-0,99284",,,Valid,Valid,"234,3","101,5","514,4","292,5","100,7","512,4","355,9","124,8","348,3","126,9","0,7607","0,4258","0,7718","0,4223","0,7495","0,4293",thumbnail_grossTrial,thumbnail_grossTrial.png,1245.0,1080.0,337.0,0.0,798.0,692.0,Saccade,17.0,33.0,,,,,,
24661,9594376,1400448865663,Eye Tracker,Participant0058,17.09.2021,Participant0058,Recording4,17.09.2021,17.09.2021,14:48:45.713,12:48:45.713,64514,Timeline2,Tobii I-VT (Fixation),1.145.28180,1080,1920,"10,00",677458795.0,,,1282.0,462.0,1294.0,459.0,1271.0,464.0,"0,22762","0,04566","-0,97268","0,10818","0,05081","-0,99283",,,Valid,Valid,"234,2","101,6","514,2","292,4","100,8","512,3","354,5","125,7","348,2","127,0","0,7586","0,4275","0,7679","0,4253","0,7493","0,4296",thumbnail_grossTrial,thumbnail_grossTrial.png,1245.0,1080.0,337.0,0.0,798.0,692.0,Fixation,300.0,23.0,1293.0,469.0,"0,7674","0,4341",,
24662,9602696,1400448873983,Eye Tracker,Participant0058,17.09.2021,Participant0058,Recording4,17.09.2021,17.09.2021,14:48:45.713,12:48:45.713,64514,Timeline2,Tobii I-VT (Fixation),1.145.28180,1080,1920,"10,00",677467114.0,,,1274.0,464.0,,,1274.0,464.0,,,,"0,10998","0,05077","-0,99264",,"3,73",Invalid,Valid,,,,"292,5","100,8","512,1",,,"349,2","127,0","0,7523","0,4296",,,"0,7523","0,4296",thumbnail_grossTrial,thumbnail_grossTrial.png,1245.0,1080.0,337.0,0.0,798.0,692.0,Fixation,300.0,23.0,1293.0,469.0,"0,7674","0,4341",,
24663,9611000,1400448882287,Eye Tracker,Participant0058,17.09.2021,Participant0058,Recording4,17.09.2021,17.09.2021,14:48:45.713,12:48:45.713,64514,Timeline2,Tobii I-VT (Fixation),1.145.28180,1080,1920,"10,00",677475418.0,,,1281.0,468.0,1287.0,475.0,1275.0,461.0,"0,22407","0,05367","-0,97310","0,11079","0,04920","-0,99263",,,Valid,Valid,"234,3","101,7","514,0","292,5","100,9","511,8","352,6","130,0","349,6","126,3","0,7578","0,4336","0,7623","0,4399","0,7533","0,4273",thumbnail_grossTrial,thumbnail_grossTrial.png,1245.0,1080.0,337.0,0.0,798.0,692.0,Fixation,300.0,23.0,1293.0,469.0,"0,7674","0,4341",,
24664,9619341,1400448890628,Eye Tracker,Participant0058,17.09.2021,Participant0058,Recording4,17.09.2021,17.09.2021,14:48:45.713,12:48:45.713,64514,Timeline2,Tobii I-VT (Fixation),1.145.28180,1080,1920,"10,00",677483759.0,,,1281.0,470.0,1288.0,474.0,1273.0,466.0,"0,22485","0,05307","-0,97295","0,10989","0,05143","-0,99261",,,Valid,Valid,"234,2","101,7","513,8","292,4","101,0","511,6","353,0","129,8","349,0","127,5","0,7574","0,4353","0,7633","0,4390","0,7516","0,4315",thumbnail_grossTrial,thumbnail_grossTrial.png,1245.0,1080.0,337.0,0.0,798.0,692.0,Fixation,300.0,23.0,1293.0,469.0,"0,7674","0,4341",,
24665,9627666,1400448898953,Eye Tracker,Participant0058,17.09.2021,Participant0058,Recording4,17.09.2021,17.09.2021,14:48:45.713,12:48:45.713,64514,Timeline2,Tobii I-VT (Fixation),1.145.28180,1080,1920,"10,00",677492084.0,,,1285.0,456.0,,,1285.0,456.0,,,,"0,11590","0,04619","-0,99219",,"3,94",Invalid,Valid,,,,"292,4","101,1","511,4",,,"352,2","124,9","0,7609","0,4225",,,"0,7609","0,4225",thumbnail_grossTrial,thumbnail_grossTrial.png,1245.0,1080.0,337.0,0.0,798.0,692.0,Fixation,300.0,23.0,1293.0,469.0,"0,7674","0,4341",,
24666,9635997,1400448907284,Eye Tracker,Participant0058,17.09.2021,Participant0058,Recording4,17.09.2021,17.09.2021,14:48:45.713,12:48:45.713,64514,Timeline2,Tobii I-VT (Fixation),1.145.28180,1080,1920,"10,00",677500414.0,,,1282.0,472.0,1290.0,482.0,1274.0,462.0,"0,22596","0,05719","-0,97246","0,11007","0,04908","-0,99271",,,Valid,Valid,"234,3","101,8","513,5","292,4","101,2","511,2","353,6","132,0","349,1","126,5","0,7585","0,4373","0,7652","0,4468","0,7518","0,4279",thumbnail_grossTrial,thumbnail_grossTrial.png,1245.0,1080.0,337.0,0.0,798.0,692.0,Fixation,300.0,23.0,1293.0,469.0,"0,7674","0,4341",,
24667,9644337,1400448915624,Eye Tracker,Participant0058,17.09.2021,Participant0058,Recording4,17.09.2021,17.09.2021,14:48:45.713,12:48:45.713,64514,Timeline2,Tobii I-VT (Fixation),1.145.28180,1080,1920,"10,00",677508754.0,,,1279.0,477.0,1284.0,493.0,1273.0,462.0,"0,22291","0,06243","-0,97284","0,11012","0,04887","-0,99272",,,Valid,Valid,"234,2","101,9","513,4","292,3","101,3","511,0","351,9","134,9","349,0","126,5","0,7558","0,4421","0,7600","0,4563","0,7516","0,4279",thumbnail_grossTrial,thumbnail_grossTrial.png,1245.0,1080.0,337.0,0.0,798.0,692.0,Fixation,300.0,23.0,1293.0,469.0,"0,7674","0,4341",,
24668,9652769,1400448924056,Eye Tracker,Participant0058,17.09.2021,Participant0058,Recording4,17.09.2021,17.09.2021,14:48:45.713,12:48:45.713,64514,Timeline2,Tobii I-VT (Fixation),1.145.28180,1080,1920,"10,00",677517186.0,,,1277.0,467.0,,,1277.0,467.0,,,,"0,11191","0,05144","-0,99239",,"3,72",Invalid,Valid,,,,"292,4","101,3","510,9",,,"350,0","127,8","0,7545","0,4323",,,"0,7545","0,4323",thumbnail_grossTrial,thumbnail_grossTrial.png,1245.0,1080.0,337.0,0.0,798.0,692.0,Fixation,300.0,23.0,1293.0,469.0,"0,7674","0,4341",,
24669,9661056,1400448932343,Eye Tracker,Participant0058,17.09.2021,Participant0058,Recording4,17.09.2021,17.09.2021,14:48:45.713,12:48:45.713,64514,Timeline2,Tobii I-VT (Fixation),1.145.28180,1080,1920,"10,00",677525473.0,,,1283.0,471.0,1293.0,472.0,1274.0,469.0,"0,22741","0,05165","-0,97243","0,11029","0,05257","-0,99251",,,Valid,Valid,"234,3","102,0","513,1","292,3","101,4","510,7","354,3","129,3","349,1","128,5","0,7595","0,4360","0,7671","0,4374","0,7519","0,4347",thumbnail_grossTrial,thumbnail_grossTrial.png,1245.0,1080.0,337.0,0.0,798.0,692.0,Fixation,300.0,23.0,1293.0,469.0,"0,7674","0,4341",,
24670,9669339,1400448940626,Eye Tracker,Participant0058,17.09.2021,Participant0058,Recording4,17.09.2021,17.09.2021,14:48:45.713,12:48:45.713,64514,Timeline2,Tobii I-VT (Fixation),1.145.28180,1080,1920,"10,00",677533756.0,,,1287.0,465.0,1299.0,463.0,1275.0,467.0,"0,23092","0,04672","-0,97185","0,11099","0,05094","-0,99252",,,Valid,Valid,"234,2","102,1","513,0","292,3","101,5","510,6","356,1","126,8","349,3","127,7","0,7626","0,4305","0,7725","0,4289","0,7527","0,4321",thumbnail_grossTrial,thumbnail_grossTrial.png,1245.0,1080.0,337.0,0.0,798.0,692.0,Fixation,300.0,23.0,1293.0,469.0,"0,7674","0,4341",,
24671,9677688,1400448948975,Eye Tracker,Participant0058,17.09.2021,Participant0058,Recording4,17.09.2021,17.09.2021,14:48:45.713,12:48:45.713,64514,Timeline2,Tobii I-VT (Fixation),1.145.28180,1080,1920,"10,00",677542104.0,,,1270.0,471.0,,,1270.0,471.0,,,,"0,10825","0,05353","-0,99268",,"3,89",Invalid,Valid,,,,"292,4","101,5","510,4",,,"348,0","129,0","0,7488","0,4365",,,"0,7488","0,4365",thumbnail_grossTrial,thumbnail_grossTrial.png,1245.0,1080.0,337.0,0.0,798.0,692.0,Fixation,300.0,23.0,1293.0,469.0,"0,7674","0,4341",,
24672,9686017,1400448957304,Eye Tracker,Participant0058,17.09.2021,Participant0058,Recording4,17.09.2021,17.09.2021,14:48:45.713,12:48:45.713,64514,Timeline2,Tobii I-VT (Fixation),1.145.28180,1080,1920,"10,00",677550433.0,,,1291.0,461.0,1294.0,466.0,1288.0,457.0,"0,22826","0,04789","-0,97242","0,11809","0,04550","-0,99196",,,Valid,Valid,"234,3","102,2","512,7","292,3","101,6","510,2","354,7","127,5","353,1","125,0","0,7659","0,4271","0,7683","0,4312","0,7636","0,4230",thumbnail_grossTrial,thumbnail_grossTrial.png,1245.0,1080.0,337.0,0.0,798.0,692.0,Fixation,300.0,23.0,1293.0,469.0,"0,7674","0,4341",,
24673,9694368,1400448965655,Eye Tracker,Participant0058,17.09.2021,Participant0058,Recording4,17.09.2021,17.09.2021,14:48:45.713,12:48:45.713,64514,Timeline2,Tobii I-VT (Fixation),1.145.28180,1080,1920,"10,00",677558784.0,,,1300.0,462.0,1313.0,459.0,1286.0,465.0,"0,23798","0,04419","-0,97027","0,11728","0,04974","-0,99185",,,Valid,Valid,"234,3","102,3","512,6","292,3","101,7","510,2","360,0","125,6","352,6","127,3","0,7730","0,4278","0,7838","0,4251","0,7621","0,4305",thumbnail_grossTrial,thumbnail_grossTrial.png,1245.0,1080.0,337.0,0.0,798.0,692.0,Fixation,300.0,23.0,1293.0,469.0,"0,7674","0,4341",,
24674,9702661,1400448973948,Eye Tracker,Participant0058,17.09.2021,Participant0058,Recording4,17.09.2021,17.09.2021,14:48:45.713,12:48:45.713,64514,Timeline2,Tobii I-VT (Fixation),1.145.28180,1080,1920,"10,00",677567077.0,,,1287.0,466.0,,,1287.0,466.0,,,,"0,11731","0,05010","-0,99183",,"3,91",Invalid,Valid,,,,"292,4","101,6","510,1",,,"352,7","127,4","0,7624","0,4311",,,"0,7624","0,4311",thumbnail_grossTrial,thumbnail_grossTrial.png,1245.0,1080.0,337.0,0.0,798.0,692.0,Fixation,300.0,23.0,1293.0,469.0,"0,7674","0,4341",,
24675,9710992,1400448982279,Eye Tracker,Participant0058,17.09.2021,Participant0058,Recording4,17.09.2021,17.09.2021,14:48:45.713,12:48:45.713,64514,Timeline2,Tobii I-VT (Fixation),1.145.28180,1080,1920,"10,00",677575407.0,,,1300.0,467.0,1311.0,450.0,1290.0,485.0,"0,23663","0,03949","-0,97080","0,11894","0,05999","-0,99109",,,Valid,Valid,"234,4","102,4","512,3","292,3","101,7","509,9","359,2","123,2","353,5","132,6","0,7732","0,4328","0,7816","0,4169","0,7648","0,4486",thumbnail_grossTrial,thumbnail_grossTrial.png,1245.0,1080.0,337.0,0.0,798.0,692.0,Fixation,300.0,23.0,1293.0,469.0,"0,7674","0,4341",,
24676,9719408,1400448990695,Eye Tracker,Participant0058,17.09.2021,Participant0058,Recording4,17.09.2021,17.09.2021,14:48:45.713,12:48:45.713,64514,Timeline2,Tobii I-VT (Fixation),1.145.28180,1080,1920,"10,00",677583822.0,,,1302.0,465.0,1313.0,445.0,1291.0,485.0,"0,23789","0,03646","-0,97061","0,11960","0,06024","-0,99099",,,Valid,Valid,"234,3","102,4","512,1","292,2","101,8","509,8","359,8","121,7","353,8","132,8","0,7744","0,4305","0,7833","0,4117","0,7656","0,4493",thumbnail_grossTrial,thumbnail_grossTrial.png,1245.0,1080.0,337.0,0.0,798.0,692.0,Fixation,300.0,23.0,1293.0,469.0,"0,7674","0,4341",,
24677,9727697,1400448998984,Eye Tracker,Participant0058,17.09.2021,Participant0058,Recording4,17.09.2021,17.09.2021,14:48:45.713,12:48:45.713,64514,Timeline2,Tobii I-VT (Fixation),1.145.28180,1080,1920,"10,00",677592111.0,,,1255.0,517.0,,,1255.0,517.0,,,,"0,10040","0,07750","-0,99192",,"3,76",Invalid,Valid,,,,"292,3","101,8","509,7",,,"343,9","141,6","0,7367","0,4790",,,"0,7367","0,4790",thumbnail_grossTrial,thumbnail_grossTrial.png,1245.0,1080.0,337.0,0.0,798.0,692.0,Fixation,300.0,23.0,1293.0,469.0,"0,7674","0,4341",,
24678,9736016,1400449007303,Eye Tracker,Participant0058,17.09.2021,Participant0058,Recording4,17.09.2021,17.09.2021,14:48:45.713,12:48:45.713,64514,Timeline2,Tobii I-VT (Fixation),1.145.28180,1080,1920,"10,00",677600430.0,,,1302.0,473.0,1323.0,457.0,1281.0,489.0,"0,24267","0,04295","-0,96916","0,11427","0,06226","-0,99150",,,Valid,Valid,"234,3","102,5","511,9","292,3","101,8","509,5","362,5","125,2","351,0","133,8","0,7744","0,4382","0,7912","0,4235","0,7575","0,4528",thumbnail_grossTrial,thumbnail_grossTrial.png,1245.0,1080.0,337.0,0.0,798.0,692.0,Fixation,300.0,23.0,1293.0,469.0,"0,7674","0,4341",,
24679,9744333,1400449015620,Eye Tracker,Participant0058,17.09.2021,Participant0058,Recording4,17.09.2021,17.09.2021,14:48:45.713,12:48:45.713,64514,Timeline2,Tobii I-VT (Fixation),1.145.28180,1080,1920,"10,00",677608746.0,,,1300.0,473.0,1314.0,463.0,1287.0,484.0,"0,23837","0,04594","-0,97009","0,11777","0,05923","-0,99127",,,Valid,Valid,"234,3","102,5","511,8","292,2","101,9","509,4","360,0","126,8","352,7","132,3","0,7733","0,4383","0,7840","0,4289","0,7626","0,4477",thumbnail_grossTrial,thumbnail_grossTrial.png,1245.0,1080.0,337.0,0.0,798.0,692.0,Fixation,300.0,23.0,1293.0,469.0,"0,7674","0,4341",,
24680,9752706,1400449023993,Eye Tracker,Participant0058,17.09.2021,Participant0058,Recording4,17.09.2021,17.09.2021,14:48:45.713,12:48:45.713,64514,Timeline2,Tobii I-VT (Fixation),1.145.28180,1080,1920,"10,00",677617119.0,,,1297.0,466.0,,,1297.0,466.0,,,,"0,12276","0,04984","-0,99118",,"4,01",Invalid,Valid,,,,"292,3","101,8","509,3",,,"355,4","127,5","0,7702","0,4312",,,"0,7702","0,4312",thumbnail_grossTrial,thumbnail_grossTrial.png,1245.0,1080.0,337.0,0.0,798.0,692.0,Fixation,300.0,23.0,1293.0,469.0,"0,7674","0,4341",,
24681,9761003,1400449032290,Eye Tracker,Participant0058,17.09.2021,Participant0058,Recording4,17.09.2021,17.09.2021,14:48:45.713,12:48:45.713,64514,Timeline2,Tobii I-VT (Fixation),1.145.28180,1080,1920,"10,00",677625416.0,,,1305.0,463.0,1311.0,459.0,1299.0,468.0,"0,23709","0,04372","-0,97050","0,12399","0,05065","-0,99099",,,Valid,Valid,"234,3","102,6","511,6","292,2","101,9","509,2","359,3","125,6","355,9","128,0","0,7769","0,4290","0,7818","0,4250","0,7719","0,4329",thumbnail_grossTrial,thumbnail_grossTrial.png,1245.0,1080.0,337.0,0.0,798.0,692.0,Fixation,300.0,23.0,1293.0,469.0,"0,7674","0,4341",,
24682,9769329,1400449040616,Eye Tracker,Participant0058,17.09.2021,Participant0058,Recording4,17.09.2021,17.09.2021,14:48:45.713,12:48:45.713,64514,Timeline2,Tobii I-VT (Fixation),1.145.28180,1080,1920,"10,00",677633741.0,,,1300.0,470.0,1310.0,467.0,1291.0,473.0,"0,23660","0,04790","-0,97043","0,12001","0,05372","-0,99132",,,Valid,Valid,"234,3","102,6","511,6","292,1","102,0","509,1","359,0","127,8","353,8","129,6","0,7733","0,4355","0,7809","0,4325","0,7656","0,4384",thumbnail_grossTrial,thumbnail_grossTrial.png,1245.0,1080.0,337.0,0.0,798.0,692.0,Fixation,300.0,23.0,1293.0,469.0,"0,7674","0,4341",,
24683,9777689,1400449048976,Eye Tracker,Participant0058,17.09.2021,Participant0058,Recording4,17.09.2021,17.09.2021,14:48:45.713,12:48:45.713,64514,Timeline2,Tobii I-VT (Fixation),1.145.28180,1080,1920,"10,00",677642100.0,,,1288.0,478.0,,,1288.0,478.0,,,,"0,11834","0,05591","-0,99140",,"3,64",Invalid,Valid,,,,"292,2","102,0","509,1",,,"353,0","130,7","0,7632","0,4421",,,"0,7632","0,4421",thumbnail_grossTrial,thumbnail_grossTrial.png,1245.0,1080.0,337.0,0.0,798.0,692.0,Fixation,300.0,23.0,1293.0,469.0,"0,7674","0,4341",,
24684,9785985,1400449057272,Eye Tracker,Participant0058,17.09.2021,Participant0058,Recording4,17.09.2021,17.09.2021,14:48:45.713,12:48:45.713,64514,Timeline2,Tobii I-VT (Fixation),1.145.28180,1080,1920,"10,00",677650396.0,,,1297.0,471.0,1309.0,464.0,1284.0,477.0,"0,23627","0,04644","-0,97058","0,11663","0,05570","-0,99161",,,Valid,Valid,"234,3","102,6","511,5","292,2","102,0","508,9","358,8","127,1","352,0","130,6","0,7705","0,4360","0,7804","0,4301","0,7605","0,4420",thumbnail_grossTrial,thumbnail_grossTrial.png,1245.0,1080.0,337.0,0.0,798.0,692.0,Fixation,300.0,23.0,1293.0,469.0,"0,7674","0,4341",,
24685,9794332,1400449065619,Eye Tracker,Participant0058,17.09.2021,Participant0058,Recording4,17.09.2021,17.09.2021,14:48:45.713,12:48:45.713,64514,Timeline2,Tobii I-VT (Fixation),1.145.28180,1080,1920,"10,00",677658743.0,,,1296.0,470.0,1313.0,462.0,1279.0,478.0,"0,23817","0,04533","-0,97017","0,11387","0,05600","-0,99192",,,Valid,Valid,"234,2","102,7","511,5","292,1","102,1","508,9","359,8","126,6","350,5","130,9","0,7697","0,4355","0,7833","0,4282","0,7562","0,4427",thumbnail_grossTrial,thumbnail_grossTrial.png,1245.0,1080.0,337.0,0.0,798.0,692.0,Fixation,300.0,23.0,1293.0,469.0,"0,7674","0,4341",,
24686,9802653,1400449073940,Eye Tracker,Participant0058,17.09.2021,Participant0058,Recording4,17.09.2021,17.09.2021,14:48:45.713,12:48:45.713,64514,Timeline2,Tobii I-VT (Fixation),1.145.28180,1080,1920,"10,00",677667064.0,,,1253.0,495.0,,,1253.0,495.0,,,,"0,10012","0,06534","-0,99283",,"3,70",Invalid,Valid,,,,"292,2","102,1","508,9",,,"343,5","135,6","0,7356","0,4587",,,"0,7356","0,4587",thumbnail_grossTrial,thumbnail_grossTrial.png,1245.0,1080.0,337.0,0.0,798.0,692.0,Fixation,300.0,23.0,1293.0,469.0,"0,7674","0,4341",,
24687,9811012,1400449082299,Eye Tracker,Participant0058,17.09.2021,Participant0058,Recording4,17.09.2021,17.09.2021,14:48:45.713,12:48:45.713,64514,Timeline2,Tobii I-VT (Fixation),1.145.28180,1080,1920,"10,00",677675422.0,,,1293.0,468.0,1311.0,455.0,1276.0,482.0,"0,23695","0,04127","-0,97065","0,11210","0,05773","-0,99202",,,Valid,Valid,"234,3","102,7","511,5","292,2","102,2","508,8","359,2","124,4","349,7","131,8","0,7675","0,4334","0,7815","0,4210","0,7536","0,4459",thumbnail_grossTrial,thumbnail_grossTrial.png,1245.0,1080.0,337.0,0.0,798.0,692.0,Fixation,300.0,23.0,1293.0,469.0,"0,7674","0,4341",,
24688,9819332,1400449090619,Eye Tracker,Participant0058,17.09.2021,Participant0058,Recording4,17.09.2021,17.09.2021,14:48:45.713,12:48:45.713,64514,Timeline2,Tobii I-VT (Fixation),1.145.28180,1080,1920,"10,00",677683741.0,,,1293.0,469.0,1306.0,459.0,1280.0,479.0,"0,23456","0,04366","-0,97112","0,11466","0,05612","-0,99182",,,Valid,Valid,"234,3","102,7","511,6","292,1","102,2","508,9","357,8","125,7","350,9","131,0","0,7674","0,4342","0,7775","0,4252","0,7573","0,4432",thumbnail_grossTrial,thumbnail_grossTrial.png,1245.0,1080.0,337.0,0.0,798.0,692.0,Fixation,300.0,23.0,1293.0,469.0,"0,7674","0,4341",,
24689,9827653,1400449098940,Eye Tracker,Participant0058,17.09.2021,Participant0058,Recording4,17.09.2021,17.09.2021,14:48:45.713,12:48:45.713,64514,Timeline2,Tobii I-VT (Fixation),1.145.28180,1080,1920,"10,00",677692062.0,,,1293.0,467.0,,,1293.0,467.0,,,,"0,12117","0,04998","-0,99137",,"3,90",Invalid,Valid,,,,"292,2","102,2","509,0",,,"354,4","127,8","0,7674","0,4325",,,"0,7674","0,4325",thumbnail_grossTrial,thumbnail_grossTrial.png,1245.0,1080.0,337.0,0.0,798.0,692.0,Fixation,300.0,23.0,1293.0,469.0,"0,7674","0,4341",,
24690,9835984,1400449107271,Eye Tracker,Participant0058,17.09.2021,Participant0058,Recording4,17.09.2021,17.09.2021,14:48:45.713,12:48:45.713,64514,Timeline2,Tobii I-VT (Fixation),1.145.28180,1080,1920,"10,00",677700393.0,,,1301.0,470.0,1311.0,472.0,1291.0,468.0,"0,23681","0,05048","-0,97024","0,11985","0,05030","-0,99152",,,Valid,Valid,"234,3","102,7","511,8","292,2","102,2","509,0","359,2","129,3","353,7","128,0","0,7735","0,4352","0,7816","0,4374","0,7654","0,4330",thumbnail_grossTrial,thumbnail_grossTrial.png,1245.0,1080.0,337.0,0.0,798.0,692.0,Fixation,300.0,23.0,1293.0,469.0,"0,7674","0,4341",,
24691,9844350,1400449115637,Eye Tracker,Participant0058,17.09.2021,Participant0058,Recording4,17.09.2021,17.09.2021,14:48:45.713,12:48:45.713,64514,Timeline2,Tobii I-VT (Fixation),1.145.28180,1080,1920,"10,00",677708759.0,,,1302.0,464.0,1306.0,465.0,1299.0,463.0,"0,23462","0,04673","-0,97096","0,12406","0,04791","-0,99112",,,Valid,Valid,"234,2","102,6","511,9","292,2","102,2","509,1","357,9","127,3","355,9","126,8","0,7748","0,4298","0,7778","0,4306","0,7718","0,4290",thumbnail_grossTrial,thumbnail_grossTrial.png,1245.0,1080.0,337.0,0.0,798.0,692.0,Fixation,300.0,23.0,1293.0,469.0,"0,7674","0,4341",,
24692,9852652,1400449123939,Eye Tracker,Participant0058,17.09.2021,Participant0058,Recording4,17.09.2021,17.09.2021,14:48:45.713,12:48:45.713,64514,Timeline2,Tobii I-VT (Fixation),1.145.28180,1080,1920,"10,00",677717059.0,,,1296.0,467.0,,,1296.0,467.0,,,,"0,12243","0,05001","-0,99122",,"3,91",Invalid,Valid,,,,"292,2","102,1","509,2",,,"355,1","127,8","0,7695","0,4323",,,"0,7695","0,4323",thumbnail_grossTrial,thumbnail_grossTrial.png,1245.0,1080.0,337.0,0.0,798.0,692.0,Fixation,300.0,23.0,1293.0,469.0,"0,7674","0,4341",,
24693,9861070,1400449132357,Eye Tracker,Participant0058,17.09.2021,Participant0058,Recording4,17.09.2021,17.09.2021,14:48:45.713,12:48:45.713,64514,Timeline2,Tobii I-VT (Fixation),1.145.28180,1080,1920,"10,00",677725477.0,,,1301.0,470.0,1306.0,471.0,1296.0,470.0,"0,23424","0,04968","-0,97091","0,12250","0,05154","-0,99113",,,Valid,Valid,"234,3","102,6","512,1","292,2","102,1","509,2","357,8","128,8","355,2","128,6","0,7736","0,4354","0,7775","0,4357","0,7697","0,4350",thumbnail_grossTrial,thumbnail_grossTrial.png,1245.0,1080.0,337.0,0.0,798.0,692.0,Fixation,300.0,23.0,1293.0,469.0,"0,7674","0,4341",,
24694,9869356,1400449140643,Eye Tracker,Participant0058,17.09.2021,Participant0058,Recording4,17.09.2021,17.09.2021,14:48:45.713,12:48:45.713,64514,Timeline2,Tobii I-VT (Fixation),1.145.28180,1080,1920,"10,00",677733763.0,,,1300.0,475.0,1308.0,478.0,1293.0,473.0,"0,23544","0,05363","-0,97041","0,12086","0,05314","-0,99125",,,Valid,Valid,"234,2","102,5","512,1","292,2","102,1","509,3","358,5","130,8","354,3","129,4","0,7733","0,4402","0,7795","0,4427","0,7671","0,4378",thumbnail_grossTrial,thumbnail_grossTrial.png,1245.0,1080.0,337.0,0.0,798.0,692.0,Fixation,300.0,23.0,1293.0,469.0,"0,7674","0,4341",,
24695,9877657,1400449148944,Eye Tracker,Participant0058,17.09.2021,Participant0058,Recording4,17.09.2021,17.09.2021,14:48:45.713,12:48:45.713,64514,Timeline2,Tobii I-VT (Fixation),1.145.28180,1080,1920,"10,00",677742064.0,,,1290.0,474.0,,,1290.0,474.0,,,,"0,11905","0,05397","-0,99142",,"3,87",Invalid,Valid,,,,"292,3","102,0","509,4",,,"353,4","129,7","0,7647","0,4388",,,"0,7647","0,4388",thumbnail_grossTrial,thumbnail_grossTrial.png,1245.0,1080.0,337.0,0.0,798.0,692.0,Fixation,300.0,23.0,1293.0,469.0,"0,7674","0,4341",,
24696,9886018,1400449157305,Eye Tracker,Participant0058,17.09.2021,Participant0058,Recording4,17.09.2021,17.09.2021,14:48:45.713,12:48:45.713,64514,Timeline2,Tobii I-VT (Fixation),1.145.28180,1080,1920,"10,00",677750424.0,,,1299.0,474.0,1308.0,471.0,1290.0,478.0,"0,23531","0,05007","-0,97063","0,11905","0,05601","-0,99131",,,Valid,Valid,"234,3","102,5","512,2","292,3","102,0","509,4","358,5","128,9","353,4","130,8","0,7720","0,4393","0,7794","0,4361","0,7646","0,4424",thumbnail_grossTrial,thumbnail_grossTrial.png,1245.0,1080.0,337.0,0.0,798.0,692.0,Fixation,300.0,23.0,1293.0,469.0,"0,7674","0,4341",,
24697,9894354,1400449165641,Eye Tracker,Participant0058,17.09.2021,Participant0058,Recording4,17.09.2021,17.09.2021,14:48:45.713,12:48:45.713,64514,Timeline2,Tobii I-VT (Fixation),1.145.28180,1080,1920,"10,00",677758759.0,,,1301.0,464.0,1310.0,458.0,1293.0,470.0,"0,23643","0,04339","-0,97068","0,12080","0,05196","-0,99132",,,Valid,Valid,"234,2","102,4","512,3","292,2","102,0","509,5","359,0","125,3","354,3","128,7","0,7741","0,4297","0,7810","0,4240","0,7671","0,4353",thumbnail_grossTrial,thumbnail_grossTrial.png,1245.0,1080.0,337.0,0.0,798.0,692.0,Saccade,50.0,34.0,,,,,,
24698,9902662,1400449173949,Eye Tracker,Participant0058,17.09.2021,Participant0058,Recording4,17.09.2021,17.09.2021,14:48:45.713,12:48:45.713,64514,Timeline2,Tobii I-VT (Fixation),1.145.28180,1080,1920,"10,00",677767067.0,,,1272.0,487.0,1293.0,477.0,1250.0,498.0,"0,22806","0,05379","-0,97216","0,09816","0,06694","-0,99292","3,89","3,72",Valid,Valid,"234,3","102,3","512,2","292,2","101,8","509,5","354,4","130,6","342,6","136,2","0,7502","0,4513","0,7675","0,4419","0,7329","0,4607",thumbnail_grossTrial,thumbnail_grossTrial.png,1245.0,1080.0,337.0,0.0,798.0,692.0,Saccade,50.0,34.0,,,,,,
24699,9911003,1400449182290,Eye Tracker,Participant0058,17.09.2021,Participant0058,Recording4,17.09.2021,17.09.2021,14:48:45.713,12:48:45.713,64514,Timeline2,Tobii I-VT (Fixation),1.145.28180,1080,1920,"10,00",677775408.0,,,1275.0,467.0,1283.0,474.0,1267.0,461.0,"0,22311","0,05189","-0,97341","0,10758","0,04754","-0,99306",,,Valid,Valid,"234,2","102,3","512,1","292,1","101,8","509,3","351,5","129,6","347,3","126,2","0,7528","0,4328","0,7591","0,4386","0,7466","0,4270",thumbnail_grossTrial,thumbnail_grossTrial.png,1245.0,1080.0,337.0,0.0,798.0,692.0,Saccade,50.0,34.0,,,,,,
24700,9919322,1400449190609,Eye Tracker,Participant0058,17.09.2021,Participant0058,Recording4,17.09.2021,17.09.2021,14:48:45.713,12:48:45.713,64514,Timeline2,Tobii I-VT (Fixation),1.145.28180,1080,1920,"10,00",677783726.0,,,1236.0,457.0,1236.0,458.0,1235.0,456.0,"0,20001","0,04403","-0,97880","0,09101","0,04514","-0,99483",,,Valid,Valid,"234,1","102,3","512,1","292,0","101,8","509,3","338,7","125,3","338,6","124,9","0,7214","0,4234","0,7215","0,4241","0,7212","0,4227",thumbnail_grossTrial,thumbnail_grossTrial.png,1245.0,1080.0,337.0,0.0,798.0,692.0,Saccade,50.0,34.0,,,,,,
24701,9927646,1400449198933,Eye Tracker,Participant0058,17.09.2021,Participant0058,Recording4,17.09.2021,17.09.2021,14:48:45.713,12:48:45.713,64514,Timeline2,Tobii I-VT (Fixation),1.145.28180,1080,1920,"10,00",677792050.0,,,1213.0,448.0,1200.0,457.0,1227.0,438.0,"0,18174","0,04415","-0,98235","0,08643","0,03566","-0,99562","3,92","3,88",Valid,Valid,"234,1","102,2","512,1","292,1","101,7","509,3","328,9","125,2","336,3","119,9","0,7035","0,4147","0,6927","0,4236","0,7144","0,4058",thumbnail_grossTrial,thumbnail_grossTrial.png,1245.0,1080.0,337.0,0.0,798.0,692.0,Saccade,50.0,34.0,,,,,,
24702,9935975,1400449207262,Eye Tracker,Participant0058,17.09.2021,Participant0058,Recording4,17.09.2021,17.09.2021,14:48:45.713,12:48:45.713,64514,Timeline2,Tobii I-VT (Fixation),1.145.28180,1080,1920,"10,00",677800379.0,,,1225.0,424.0,1223.0,426.0,1227.0,423.0,"0,19369","0,02760","-0,98067","0,08637","0,02720","-0,99589",,,Valid,Valid,"234,1","102,2","512,0","292,0","101,7","509,2","335,3","116,6","336,2","115,7","0,7127","0,3930","0,7114","0,3946","0,7140","0,3913",thumbnail_grossTrial,thumbnail_grossTrial.png,1245.0,1080.0,337.0,0.0,798.0,692.0,Saccade,50.0,34.0,,,,,,
24703,9944307,1400449215594,Eye Tracker,Participant0058,17.09.2021,Participant0058,Recording4,17.09.2021,17.09.2021,14:48:45.713,12:48:45.713,64514,Timeline2,Tobii I-VT (Fixation),1.145.28180,1080,1920,"10,00",677808710.0,,,1226.0,423.0,1229.0,425.0,1223.0,422.0,"0,19668","0,02688","-0,98010","0,08461","0,02662","-0,99606",,,Valid,Valid,"234,1","102,2","512,1","292,0","101,8","509,2","336,8","116,3","335,2","115,4","0,7136","0,3919","0,7160","0,3934","0,7113","0,3904",thumbnail_grossTrial,thumbnail_grossTrial.png,1245.0,1080.0,337.0,0.0,798.0,692.0,Unclassified,8.0,72.0,,,,,,
24704,9952643,1400449223930,Eye Tracker,Participant0058,17.09.2021,Participant0058,Recording4,17.09.2021,17.09.2021,14:48:45.713,12:48:45.713,64514,Timeline2,Tobii I-VT (Fixation),1.145.28180,1080,1920,"10,00",677817046.0,,,1226.0,423.0,1228.0,424.0,1223.0,423.0,"0,19616","0,02681","-0,98020","0,08435","0,02730","-0,99606","3,92","3,86",Valid,Valid,"234,1","102,0","512,3","292,0","101,7","509,2","336,6","116,0","335,1","115,6","0,7132","0,3919","0,7154","0,3926","0,7111","0,3912",thumbnail_grossTrial,thumbnail_grossTrial.png,1245.0,1080.0,337.0,0.0,798.0,692.0,Saccade,17.0,35.0,,,,,,
24705,9960976,1400449232263,Eye Tracker,Participant0058,17.09.2021,Participant0058,Recording4,17.09.2021,17.09.2021,14:48:45.713,12:48:45.713,64514,Timeline2,Tobii I-VT (Fixation),1.145.28180,1080,1920,"10,00",677825378.0,,,1219.0,447.0,1229.0,451.0,1208.0,443.0,"0,19665","0,04072","-0,97963","0,07662","0,03815","-0,99633",,,Valid,Valid,"234,1","102,0","512,5","292,0","101,7","509,2","337,0","123,3","331,2","121,2","0,7079","0,4138","0,7164","0,4173","0,6994","0,4102",thumbnail_grossTrial,thumbnail_grossTrial.png,1245.0,1080.0,337.0,0.0,798.0,692.0,Saccade,17.0,35.0,,,,,,
24706,9969357,1400449240644,Eye Tracker,Participant0058,17.09.2021,Participant0058,Recording4,17.09.2021,17.09.2021,14:48:45.713,12:48:45.713,64514,Timeline2,Tobii I-VT (Fixation),1.145.28180,1080,1920,"10,00",677833759.0,,,1209.0,458.0,1210.0,473.0,1208.0,443.0,"0,18694","0,05243","-0,98097","0,07667","0,03805","-0,99633",,,Valid,Valid,"234,0","102,0","512,7","292,0","101,8","509,3","331,7","129,4","331,2","121,2","0,7002","0,4240","0,7010","0,4378","0,6994","0,4101",thumbnail_grossTrial,thumbnail_grossTrial.png,1245.0,1080.0,337.0,0.0,798.0,692.0,Unclassified,8.0,73.0,,,,,,
24707,9977642,1400449248929,Eye Tracker,Participant0058,17.09.2021,Participant0058,Recording4,17.09.2021,17.09.2021,14:48:45.713,12:48:45.713,64514,Timeline2,Tobii I-VT (Fixation),1.145.28180,1080,1920,"10,00",677842044.0,,,1209.0,464.0,1210.0,485.0,1207.0,442.0,"0,18634","0,05936","-0,98069","0,07603","0,03758","-0,99640","3,92","3,88",Valid,Valid,"234,1","101,8","512,8","292,0","101,6","509,3","331,5","132,8","330,9","120,8","0,6995","0,4292","0,7004","0,4495","0,6986","0,4089",thumbnail_grossTrial,thumbnail_grossTrial.png,1245.0,1080.0,337.0,0.0,798.0,692.0,Saccade,17.0,36.0,,,,,,
24708,9986006,1400449257293,Eye Tracker,Participant0058,17.09.2021,Participant0058,Recording4,17.09.2021,17.09.2021,14:48:45.713,12:48:45.713,64514,Timeline2,Tobii I-VT (Fixation),1.145.28180,1080,1920,"10,00",677850407.0,,,1217.0,438.0,1229.0,438.0,1204.0,439.0,"0,19627","0,03450","-0,97994","0,07430","0,03587","-0,99659",,,Valid,Valid,"234,1","101,9","513,0","292,0","101,7","509,4","336,8","120,0","330,0","120,0","0,7060","0,4060","0,7160","0,4059","0,6960","0,4061",thumbnail_grossTrial,thumbnail_grossTrial.png,1245.0,1080.0,337.0,0.0,798.0,692.0,Saccade,17.0,36.0,,,,,,
24709,9994346,1400449265633,Eye Tracker,Participant0058,17.09.2021,Participant0058,Recording4,17.09.2021,17.09.2021,14:48:45.713,12:48:45.713,64514,Timeline2,Tobii I-VT (Fixation),1.145.28180,1080,1920,"10,00",677858746.0,,,1216.0,440.0,1227.0,441.0,1204.0,439.0,"0,19533","0,03578","-0,98009","0,07433","0,03587","-0,99659",,,Valid,Valid,"234,0","101,9","513,1","292,0","101,7","509,6","336,3","120,6","330,0","120,0","0,7052","0,4071","0,7144","0,4080","0,6960","0,4061",thumbnail_grossTrial,thumbnail_grossTrial.png,1245.0,1080.0,337.0,0.0,798.0,692.0,Fixation,192.0,24.0,1220.0,429.0,"0,7090","0,3975",,
24710,10002672,1400449273959,Eye Tracker,Participant0058,17.09.2021,Participant0058,Recording4,17.09.2021,17.09.2021,14:48:45.713,12:48:45.713,64514,Timeline2,Tobii I-VT (Fixation),1.145.28180,1080,1920,"10,00",677867072.0,,,1223.0,430.0,1229.0,425.0,1217.0,436.0,"0,19636","0,02751","-0,98015","0,08108","0,03491","-0,99610","3,92","3,73",Valid,Valid,"234,1","101,8","513,3","292,1","101,5","509,7","336,9","116,2","333,6","119,4","0,7114","0,3986","0,7163","0,3931","0,7066","0,4040",thumbnail_grossTrial,thumbnail_grossTrial.png,1245.0,1080.0,337.0,0.0,798.0,692.0,Fixation,192.0,24.0,1220.0,429.0,"0,7090","0,3975",,
24711,10010970,1400449282257,Eye Tracker,Participant0058,17.09.2021,Participant0058,Recording4,17.09.2021,17.09.2021,14:48:45.713,12:48:45.713,64514,Timeline2,Tobii I-VT (Fixation),1.145.28180,1080,1920,"10,00",677875370.0,,,1221.0,419.0,1229.0,422.0,1213.0,416.0,"0,19600","0,02614","-0,98026","0,07869","0,02384","-0,99661",,,Valid,Valid,"234,1","101,8","513,4","292,1","101,6","509,8","336,8","115,5","332,4","113,8","0,7093","0,3878","0,7158","0,3907","0,7029","0,3849",thumbnail_grossTrial,thumbnail_grossTrial.png,1245.0,1080.0,337.0,0.0,798.0,692.0,Fixation,192.0,24.0,1220.0,429.0,"0,7090","0,3975",,
24712,10019317,1400449290604,Eye Tracker,Participant0058,17.09.2021,Participant0058,Recording4,17.09.2021,17.09.2021,14:48:45.713,12:48:45.713,64514,Timeline2,Tobii I-VT (Fixation),1.145.28180,1080,1920,"10,00",677883717.0,,,1219.0,417.0,1230.0,422.0,1208.0,411.0,"0,19661","0,02623","-0,98013","0,07601","0,02158","-0,99687",,,Valid,Valid,"234,1","101,8","513,4","292,1","101,6","510,0","337,1","115,6","331,0","112,6","0,7077","0,3860","0,7166","0,3910","0,6988","0,3810",thumbnail_grossTrial,thumbnail_grossTrial.png,1245.0,1080.0,337.0,0.0,798.0,692.0,Fixation,192.0,24.0,1220.0,429.0,"0,7090","0,3975",,
24713,10027681,1400449298968,Eye Tracker,Participant0058,17.09.2021,Participant0058,Recording4,17.09.2021,17.09.2021,14:48:45.713,12:48:45.713,64514,Timeline2,Tobii I-VT (Fixation),1.145.28180,1080,1920,"10,00",677892079.0,,,1221.0,421.0,1230.0,436.0,1212.0,407.0,"0,19676","0,03345","-0,97988","0,07830","0,01966","-0,99674","3,88","3,83",Valid,Valid,"234,1","101,7","513,5","292,2","101,4","510,2","337,2","119,2","332,3","111,5","0,7099","0,3902","0,7171","0,4033","0,7026","0,3772",thumbnail_grossTrial,thumbnail_grossTrial.png,1245.0,1080.0,337.0,0.0,798.0,692.0,Fixation,192.0,24.0,1220.0,429.0,"0,7090","0,3975",,
24714,10035983,1400449307270,Eye Tracker,Participant0058,17.09.2021,Participant0058,Recording4,17.09.2021,17.09.2021,14:48:45.713,12:48:45.713,64514,Timeline2,Tobii I-VT (Fixation),1.145.28180,1080,1920,"10,00",677900381.0,,,1218.0,425.0,1220.0,429.0,1217.0,422.0,"0,19140","0,02959","-0,98107","0,08080","0,02732","-0,99636",,,Valid,Valid,"234,1","101,8","513,5","292,2","101,4","510,3","334,3","117,3","333,5","115,4","0,7074","0,3937","0,7085","0,3969","0,7063","0,3905",thumbnail_grossTrial,thumbnail_grossTrial.png,1245.0,1080.0,337.0,0.0,798.0,692.0,Fixation,192.0,24.0,1220.0,429.0,"0,7090","0,3975",,
24715,10044330,1400449315617,Eye Tracker,Participant0058,17.09.2021,Participant0058,Recording4,17.09.2021,17.09.2021,14:48:45.713,12:48:45.713,64514,Timeline2,Tobii I-VT (Fixation),1.145.28180,1080,1920,"10,00",677908728.0,,,1223.0,427.0,1220.0,432.0,1225.0,422.0,"0,19148","0,03137","-0,98100","0,08526","0,02745","-0,99598",,,Valid,Valid,"234,1","101,8","513,5","292,1","101,4","510,4","334,3","118,2","335,8","115,5","0,7108","0,3955","0,7085","0,4001","0,7130","0,3908",thumbnail_grossTrial,thumbnail_grossTrial.png,1245.0,1080.0,337.0,0.0,798.0,692.0,Fixation,192.0,24.0,1220.0,429.0,"0,7090","0,3975",,
24716,10052669,1400449323956,Eye Tracker,Participant0058,17.09.2021,Participant0058,Recording4,17.09.2021,17.09.2021,14:48:45.713,12:48:45.713,64514,Timeline2,Tobii I-VT (Fixation),1.145.28180,1080,1920,"10,00",677917067.0,,,1210.0,430.0,1217.0,430.0,1204.0,430.0,"0,18979","0,03082","-0,98134","0,07370","0,03214","-0,99676","3,90","3,91",Valid,Valid,"234,1","101,7","513,6","292,2","101,3","510,5","333,4","117,8","329,9","117,8","0,7009","0,3985","0,7060","0,3985","0,6958","0,3984",thumbnail_grossTrial,thumbnail_grossTrial.png,1245.0,1080.0,337.0,0.0,798.0,692.0,Fixation,192.0,24.0,1220.0,429.0,"0,7090","0,3975",,
24717,10060967,1400449332254,Eye Tracker,Participant0058,17.09.2021,Participant0058,Recording4,17.09.2021,17.09.2021,14:48:45.713,12:48:45.713,64514,Timeline2,Tobii I-VT (Fixation),1.145.28180,1080,1920,"10,00",677925364.0,,,1230.0,427.0,1228.0,435.0,1231.0,418.0,"0,19573","0,03304","-0,98010","0,08812","0,02548","-0,99578",,,Valid,Valid,"234,1","101,8","513,6","292,2","101,3","510,5","336,7","119,1","337,4","114,4","0,7165","0,3950","0,7155","0,4029","0,7175","0,3870",thumbnail_grossTrial,thumbnail_grossTrial.png,1245.0,1080.0,337.0,0.0,798.0,692.0,Fixation,192.0,24.0,1220.0,429.0,"0,7090","0,3975",,
24718,10069317,1400449340604,Eye Tracker,Participant0058,17.09.2021,Participant0058,Recording4,17.09.2021,17.09.2021,14:48:45.713,12:48:45.713,64514,Timeline2,Tobii I-VT (Fixation),1.145.28180,1080,1920,"10,00",677933713.0,,,1217.0,430.0,1228.0,432.0,1206.0,429.0,"0,19587","0,03131","-0,98013","0,07501","0,03130","-0,99669",,,Valid,Valid,"234,0","101,8","513,7","292,1","101,3","510,6","336,7","118,2","330,5","117,4","0,7065","0,3985","0,7155","0,3998","0,6976","0,3971",thumbnail_grossTrial,thumbnail_grossTrial.png,1245.0,1080.0,337.0,0.0,798.0,692.0,Fixation,192.0,24.0,1220.0,429.0,"0,7090","0,3975",,
24719,10077665,1400449348952,Eye Tracker,Participant0058,17.09.2021,Participant0058,Recording4,17.09.2021,17.09.2021,14:48:45.713,12:48:45.713,64514,Timeline2,Tobii I-VT (Fixation),1.145.28180,1080,1920,"10,00",677942061.0,,,1219.0,430.0,1230.0,430.0,1208.0,431.0,"0,19662","0,03064","-0,98000","0,07612","0,03239","-0,99657","3,94","3,85",Valid,Valid,"234,1","101,6","513,7","292,2","101,2","510,7","337,1","117,7","331,2","117,8","0,7082","0,3984","0,7169","0,3983","0,6994","0,3986",thumbnail_grossTrial,thumbnail_grossTrial.png,1245.0,1080.0,337.0,0.0,798.0,692.0,Fixation,192.0,24.0,1220.0,429.0,"0,7090","0,3975",,
24720,10085994,1400449357281,Eye Tracker,Participant0058,17.09.2021,Participant0058,Recording4,17.09.2021,17.09.2021,14:48:45.713,12:48:45.713,64514,Timeline2,Tobii I-VT (Fixation),1.145.28180,1080,1920,"10,00",677950390.0,,,1220.0,439.0,1229.0,439.0,1211.0,438.0,"0,19588","0,03506","-0,98000","0,07772","0,03639","-0,99631",,,Valid,Valid,"234,1","101,7","513,6","292,2","101,3","510,6","336,7","120,1","332,0","119,9","0,7087","0,4060","0,7156","0,4063","0,7018","0,4058",thumbnail_grossTrial,thumbnail_grossTrial.png,1245.0,1080.0,337.0,0.0,798.0,692.0,Fixation,192.0,24.0,1220.0,429.0,"0,7090","0,3975",,
24721,10094308,1400449365595,Eye Tracker,Participant0058,17.09.2021,Participant0058,Recording4,17.09.2021,17.09.2021,14:48:45.713,12:48:45.713,64514,Timeline2,Tobii I-VT (Fixation),1.145.28180,1080,1920,"10,00",677958704.0,,,1221.0,438.0,1230.0,438.0,1211.0,438.0,"0,19670","0,03489","-0,97984","0,07784","0,03639","-0,99630",,,Valid,Valid,"234,0","101,7","513,7","292,1","101,3","510,6","337,1","120,0","332,0","119,9","0,7093","0,4059","0,7168","0,4060","0,7018","0,4058",thumbnail_grossTrial,thumbnail_grossTrial.png,1245.0,1080.0,337.0,0.0,798.0,692.0,Fixation,192.0,24.0,1220.0,429.0,"0,7090","0,3975",,
24722,10102636,1400449373923,Eye Tracker,Participant0058,17.09.2021,Participant0058,Recording4,17.09.2021,17.09.2021,14:48:45.713,12:48:45.713,64514,Timeline2,Tobii I-VT (Fixation),1.145.28180,1080,1920,"10,00",677967031.0,,,1216.0,440.0,1221.0,446.0,1211.0,433.0,"0,19221","0,03920","-0,98057","0,07747","0,03365","-0,99643","3,87","3,91",Valid,Valid,"234,0","101,6","513,7","292,2","101,2","510,6","334,7","122,1","331,9","118,4","0,7056","0,4070","0,7098","0,4132","0,7014","0,4007",thumbnail_grossTrial,thumbnail_grossTrial.png,1245.0,1080.0,337.0,0.0,798.0,692.0,Fixation,192.0,24.0,1220.0,429.0,"0,7090","0,3975",,
24723,10110964,1400449382251,Eye Tracker,Participant0058,17.09.2021,Participant0058,Recording4,17.09.2021,17.09.2021,14:48:45.713,12:48:45.713,64514,Timeline2,Tobii I-VT (Fixation),1.145.28180,1080,1920,"10,00",677975359.0,,,1212.0,436.0,1218.0,447.0,1205.0,425.0,"0,19057","0,03968","-0,98087","0,07441","0,02924","-0,99680",,,Valid,Valid,"234,0","101,6","513,7","292,1","101,3","510,5","333,8","122,4","330,3","116,2","0,7020","0,4037","0,7072","0,4142","0,6967","0,3933",thumbnail_grossTrial,thumbnail_grossTrial.png,1245.0,1080.0,337.0,0.0,798.0,692.0,Fixation,192.0,24.0,1220.0,429.0,"0,7090","0,3975",,
24724,10119335,1400449390622,Eye Tracker,Participant0058,17.09.2021,Participant0058,Recording4,17.09.2021,17.09.2021,14:48:45.713,12:48:45.713,64514,Timeline2,Tobii I-VT (Fixation),1.145.28180,1080,1920,"10,00",677983729.0,,,1211.0,436.0,1217.0,447.0,1204.0,424.0,"0,19026","0,03964","-0,98093","0,07389","0,02874","-0,99685",,,Valid,Valid,"234,0","101,6","513,7","292,1","101,3","510,6","333,6","122,4","329,9","116,0","0,7012","0,4033","0,7066","0,4141","0,6958","0,3925",thumbnail_grossTrial,thumbnail_grossTrial.png,1245.0,1080.0,337.0,0.0,798.0,692.0,Fixation,192.0,24.0,1220.0,429.0,"0,7090","0,3975",,
24725,10127659,1400449398946,Eye Tracker,Participant0058,17.09.2021,Participant0058,Recording4,17.09.2021,17.09.2021,14:48:45.713,12:48:45.713,64514,Timeline2,Tobii I-VT (Fixation),1.145.28180,1080,1920,"10,00",677992053.0,,,1213.0,437.0,1209.0,449.0,1217.0,426.0,"0,18614","0,04088","-0,98167","0,08054","0,02982","-0,99630","3,87","3,68",Valid,Valid,"234,1","101,5","513,8","292,2","101,2","510,6","331,5","122,9","333,4","116,5","0,7032","0,4050","0,7003","0,4159","0,7061","0,3941",thumbnail_grossTrial,thumbnail_grossTrial.png,1245.0,1080.0,337.0,0.0,798.0,692.0,Fixation,192.0,24.0,1220.0,429.0,"0,7090","0,3975",,
24726,10135991,1400449407278,Eye Tracker,Participant0058,17.09.2021,Participant0058,Recording4,17.09.2021,17.09.2021,14:48:45.713,12:48:45.713,64514,Timeline2,Tobii I-VT (Fixation),1.145.28180,1080,1920,"10,00",678000384.0,,,1225.0,423.0,1234.0,422.0,1216.0,424.0,"0,19849","0,02644","-0,97975","0,08031","0,02908","-0,99635",,,Valid,Valid,"234,0","101,6","513,8","292,1","101,3","510,5","338,1","115,4","333,3","116,2","0,7127","0,3918","0,7198","0,3905","0,7056","0,3930",thumbnail_grossTrial,thumbnail_grossTrial.png,1245.0,1080.0,337.0,0.0,798.0,692.0,Fixation,192.0,24.0,1220.0,429.0,"0,7090","0,3975",,
24727,10144305,1400449415592,Eye Tracker,Participant0058,17.09.2021,Participant0058,Recording4,17.09.2021,17.09.2021,14:48:45.713,12:48:45.713,64514,Timeline2,Tobii I-VT (Fixation),1.145.28180,1080,1920,"10,00",678008698.0,,,1224.0,423.0,1233.0,423.0,1215.0,424.0,"0,19825","0,02697","-0,97978","0,07985","0,02881","-0,99639",,,Valid,Valid,"234,0","101,6","513,9","292,1","101,3","510,5","338,0","115,7","333,0","116,1","0,7120","0,3921","0,7193","0,3915","0,7048","0,3927",thumbnail_grossTrial,thumbnail_grossTrial.png,1245.0,1080.0,337.0,0.0,798.0,692.0,Fixation,192.0,24.0,1220.0,429.0,"0,7090","0,3975",,
24728,10152633,1400449423920,Eye Tracker,Participant0058,17.09.2021,Participant0058,Recording4,17.09.2021,17.09.2021,14:48:45.713,12:48:45.713,64514,Timeline2,Tobii I-VT (Fixation),1.145.28180,1080,1920,"10,00",678017025.0,,,1231.0,418.0,1245.0,415.0,1217.0,421.0,"0,20411","0,02303","-0,97868","0,08054","0,02737","-0,99638","4,22","3,67",Valid,Valid,"234,0","101,5","513,9","292,2","101,2","510,5","341,2","113,6","333,4","115,2","0,7175","0,3871","0,7288","0,3844","0,7061","0,3899",thumbnail_grossTrial,thumbnail_grossTrial.png,1245.0,1080.0,337.0,0.0,798.0,692.0,Fixation,192.0,24.0,1220.0,429.0,"0,7090","0,3975",,
24729,10161008,1400449432295,Eye Tracker,Participant0058,17.09.2021,Participant0058,Recording4,17.09.2021,17.09.2021,14:48:45.713,12:48:45.713,64514,Timeline2,Tobii I-VT (Fixation),1.145.28180,1080,1920,"10,00",678025400.0,,,1231.0,423.0,1248.0,422.0,1214.0,425.0,"0,20555","0,02636","-0,97829","0,07920","0,02911","-0,99643",,,Valid,Valid,"234,1","101,6","513,9","292,2","101,3","510,5","342,0","115,4","332,7","116,2","0,7176","0,3918","0,7313","0,3905","0,7040","0,3932",thumbnail_grossTrial,thumbnail_grossTrial.png,1245.0,1080.0,337.0,0.0,798.0,692.0,Fixation,192.0,24.0,1220.0,429.0,"0,7090","0,3975",,
24730,10169305,1400449440592,Eye Tracker,Participant0058,17.09.2021,Participant0058,Recording4,17.09.2021,17.09.2021,14:48:45.713,12:48:45.713,64514,Timeline2,Tobii I-VT (Fixation),1.145.28180,1080,1920,"10,00",678033696.0,,,1227.0,428.0,1241.0,426.0,1213.0,430.0,"0,20231","0,02850","-0,97891","0,07856","0,03180","-0,99640",,,Valid,Valid,"234,0","101,6","514,0","292,1","101,3","510,5","340,2","116,5","332,4","117,6","0,7144","0,3961","0,7259","0,3943","0,7029","0,3979",thumbnail_grossTrial,thumbnail_grossTrial.png,1245.0,1080.0,337.0,0.0,798.0,692.0,Fixation,192.0,24.0,1220.0,429.0,"0,7090","0,3975",,
24731,10177659,1400449448946,Eye Tracker,Participant0058,17.09.2021,Participant0058,Recording4,17.09.2021,17.09.2021,14:48:45.713,12:48:45.713,64514,Timeline2,Tobii I-VT (Fixation),1.145.28180,1080,1920,"10,00",678042050.0,,,1222.0,432.0,1230.0,433.0,1214.0,431.0,"0,19642","0,03267","-0,97998","0,07893","0,03232","-0,99636","3,86","3,68",Valid,Valid,"234,1","101,5","514,0","292,2","101,3","510,6","337,1","118,6","332,6","117,8","0,7103","0,4000","0,7168","0,4013","0,7037","0,3986",thumbnail_grossTrial,thumbnail_grossTrial.png,1245.0,1080.0,337.0,0.0,798.0,692.0,Fixation,192.0,24.0,1220.0,429.0,"0,7090","0,3975",,
24732,10186028,1400449457315,Eye Tracker,Participant0058,17.09.2021,Participant0058,Recording4,17.09.2021,17.09.2021,14:48:45.713,12:48:45.713,64514,Timeline2,Tobii I-VT (Fixation),1.145.28180,1080,1920,"10,00",678050419.0,,,1222.0,437.0,1223.0,434.0,1222.0,439.0,"0,19291","0,03300","-0,98066","0,08324","0,03678","-0,99585",,,Valid,Valid,"234,1","101,6","514,0","292,2","101,3","510,5","335,2","118,9","334,9","120,2","0,7107","0,4044","0,7112","0,4021","0,7102","0,4066",thumbnail_grossTrial,thumbnail_grossTrial.png,1245.0,1080.0,337.0,0.0,798.0,692.0,Saccade,17.0,37.0,,,,,,
24733,10194302,1400449465589,Eye Tracker,Participant0058,17.09.2021,Participant0058,Recording4,17.09.2021,17.09.2021,14:48:45.713,12:48:45.713,64514,Timeline2,Tobii I-VT (Fixation),1.145.28180,1080,1920,"10,00",678058693.0,,,1201.0,452.0,1203.0,451.0,1200.0,452.0,"0,18259","0,04172","-0,98230","0,07172","0,04384","-0,99646",,,Valid,Valid,"234,0","101,6","514,1","292,2","101,4","510,6","329,6","123,4","328,9","123,8","0,6938","0,4182","0,6948","0,4175","0,6927","0,4190",thumbnail_grossTrial,thumbnail_grossTrial.png,1245.0,1080.0,337.0,0.0,798.0,692.0,Saccade,17.0,37.0,,,,,,
24734,10202631,1400449473918,Eye Tracker,Participant0058,17.09.2021,Participant0058,Recording4,17.09.2021,17.09.2021,14:48:45.713,12:48:45.713,64514,Timeline2,Tobii I-VT (Fixation),1.145.28180,1080,1920,"10,00",678067020.0,,,1207.0,447.0,1204.0,450.0,1210.0,443.0,"0,18291","0,04147","-0,98225","0,07701","0,03910","-0,99626","3,84","3,82",Valid,Valid,"234,1","101,5","514,1","292,2","101,3","510,6","329,9","123,2","331,7","121,3","0,6982","0,4136","0,6955","0,4167","0,7009","0,4105",thumbnail_grossTrial,thumbnail_grossTrial.png,1245.0,1080.0,337.0,0.0,798.0,692.0,Fixation,75.0,25.0,1214.0,438.0,"0,7041","0,4053",,
24735,10210960,1400449482247,Eye Tracker,Participant0058,17.09.2021,Participant0058,Recording4,17.09.2021,17.09.2021,14:48:45.713,12:48:45.713,64514,Timeline2,Tobii I-VT (Fixation),1.145.28180,1080,1920,"10,00",678075349.0,,,1206.0,443.0,1211.0,453.0,1201.0,433.0,"0,18669","0,04307","-0,98148","0,07195","0,03325","-0,99685",,,Valid,Valid,"234,1","101,5","514,1","292,2","101,3","510,5","331,9","124,1","329,1","118,4","0,6974","0,4102","0,7015","0,4199","0,6932","0,4005",thumbnail_grossTrial,thumbnail_grossTrial.png,1245.0,1080.0,337.0,0.0,798.0,692.0,Fixation,75.0,25.0,1214.0,438.0,"0,7041","0,4053",,
24736,10219302,1400449490589,Eye Tracker,Participant0058,17.09.2021,Participant0058,Recording4,17.09.2021,17.09.2021,14:48:45.713,12:48:45.713,64514,Timeline2,Tobii I-VT (Fixation),1.145.28180,1080,1920,"10,00",678083691.0,,,1215.0,438.0,1211.0,453.0,1218.0,423.0,"0,18684","0,04307","-0,98145","0,08147","0,02797","-0,99628",,,Valid,Valid,"234,1","101,5","514,1","292,2","101,4","510,6","331,9","124,1","333,9","115,7","0,7045","0,4057","0,7016","0,4199","0,7074","0,3915",thumbnail_grossTrial,thumbnail_grossTrial.png,1245.0,1080.0,337.0,0.0,798.0,692.0,Fixation,75.0,25.0,1214.0,438.0,"0,7041","0,4053",,
24737,10227624,1400449498911,Eye Tracker,Participant0058,17.09.2021,Participant0058,Recording4,17.09.2021,17.09.2021,14:48:45.713,12:48:45.713,64514,Timeline2,Tobii I-VT (Fixation),1.145.28180,1080,1920,"10,00",678092013.0,,,1214.0,439.0,1210.0,455.0,1218.0,423.0,"0,18601","0,04424","-0,98155","0,08098","0,02816","-0,99632","3,84","3,66",Valid,Valid,"234,1","101,4","514,2","292,2","101,3","510,6","331,6","124,6","333,7","115,7","0,7037","0,4066","0,7005","0,4216","0,7068","0,3916",thumbnail_grossTrial,thumbnail_grossTrial.png,1245.0,1080.0,337.0,0.0,798.0,692.0,Fixation,75.0,25.0,1214.0,438.0,"0,7041","0,4053",,
24738,10235997,1400449507284,Eye Tracker,Participant0058,17.09.2021,Participant0058,Recording4,17.09.2021,17.09.2021,14:48:45.713,12:48:45.713,64514,Timeline2,Tobii I-VT (Fixation),1.145.28180,1080,1920,"10,00",678100386.0,,,1214.0,439.0,1213.0,457.0,1215.0,421.0,"0,18788","0,04508","-0,98116","0,07938","0,02714","-0,99648",,,Valid,Valid,"234,1","101,5","514,1","292,2","101,3","510,5","332,5","125,1","332,9","115,2","0,7039","0,4066","0,7034","0,4233","0,7044","0,3899",thumbnail_grossTrial,thumbnail_grossTrial.png,1245.0,1080.0,337.0,0.0,798.0,692.0,Fixation,75.0,25.0,1214.0,438.0,"0,7041","0,4053",,
24739,10244288,1400449515575,Eye Tracker,Participant0058,17.09.2021,Participant0058,Recording4,17.09.2021,17.09.2021,14:48:45.713,12:48:45.713,64514,Timeline2,Tobii I-VT (Fixation),1.145.28180,1080,1920,"10,00",678108676.0,,,1218.0,439.0,1213.0,457.0,1223.0,421.0,"0,18800","0,04512","-0,98113","0,08395","0,02691","-0,99611",,,Valid,Valid,"234,0","101,5","514,2","292,1","101,4","510,5","332,5","125,1","335,2","115,2","0,7073","0,4065","0,7034","0,4233","0,7111","0,3896",thumbnail_grossTrial,thumbnail_grossTrial.png,1245.0,1080.0,337.0,0.0,798.0,692.0,Fixation,75.0,25.0,1214.0,438.0,"0,7041","0,4053",,
24740,10252691,1400449523978,Eye Tracker,Participant0058,17.09.2021,Participant0058,Recording4,17.09.2021,17.09.2021,14:48:45.713,12:48:45.713,64514,Timeline2,Tobii I-VT (Fixation),1.145.28180,1080,1920,"10,00",678117078.0,,,1220.0,434.0,1218.0,447.0,1223.0,422.0,"0,19008","0,03993","-0,98096","0,08403","0,02754","-0,99608","3,87","3,79",Valid,Valid,"234,1","101,4","514,3","292,2","101,3","510,5","333,7","122,3","335,3","115,4","0,7091","0,4021","0,7068","0,4139","0,7114","0,3903",thumbnail_grossTrial,thumbnail_grossTrial.png,1245.0,1080.0,337.0,0.0,798.0,692.0,Fixation,75.0,25.0,1214.0,438.0,"0,7041","0,4053",,
24741,10261051,1400449532338,Eye Tracker,Participant0058,17.09.2021,Participant0058,Recording4,17.09.2021,17.09.2021,14:48:45.713,12:48:45.713,64514,Timeline2,Tobii I-VT (Fixation),1.145.28180,1080,1920,"10,00",678125438.0,,,1234.0,419.0,1243.0,402.0,1226.0,435.0,"0,20290","0,01647","-0,97906","0,08532","0,03475","-0,99575",,,Valid,Valid,"234,1","101,4","514,3","292,2","101,3","510,5","340,6","110,0","335,9","119,1","0,7202","0,3877","0,7271","0,3723","0,7133","0,4031",thumbnail_grossTrial,thumbnail_grossTrial.png,1245.0,1080.0,337.0,0.0,798.0,692.0,Fixation,75.0,25.0,1214.0,438.0,"0,7041","0,4053",,
24742,10269302,1400449540589,Eye Tracker,Participant0058,17.09.2021,Participant0058,Recording4,17.09.2021,17.09.2021,14:48:45.713,12:48:45.713,64514,Timeline2,Tobii I-VT (Fixation),1.145.28180,1080,1920,"10,00",678133689.0,,,1215.0,430.0,1229.0,411.0,1200.0,448.0,"0,19613","0,02109","-0,98035","0,07181","0,04167","-0,99655",,,Valid,Valid,"234,0","101,4","514,3","292,1","101,3","510,5","336,9","112,4","328,9","122,7","0,7044","0,3978","0,7161","0,3804","0,6927","0,4151",thumbnail_grossTrial,thumbnail_grossTrial.png,1245.0,1080.0,337.0,0.0,798.0,692.0,Fixation,75.0,25.0,1214.0,438.0,"0,7041","0,4053",,
24743,10277631,1400449548918,Eye Tracker,Participant0058,17.09.2021,Participant0058,Recording4,17.09.2021,17.09.2021,14:48:45.713,12:48:45.713,64514,Timeline2,Tobii I-VT (Fixation),1.145.28180,1080,1920,"10,00",678142017.0,,,1202.0,453.0,,,1202.0,453.0,,,,"0,07299","0,04438","-0,99634",,"3,79",Invalid,Valid,,,,"292,2","101,2","510,5",,,"329,6","124,0","0,6947","0,4195",,,"0,6947","0,4195",thumbnail_grossTrial,thumbnail_grossTrial.png,1245.0,1080.0,337.0,0.0,798.0,692.0,Saccade,17.0,38.0,,,,,,
24744,10285956,1400449557243,Eye Tracker,Participant0058,17.09.2021,Participant0058,Recording4,17.09.2021,17.09.2021,14:48:45.713,12:48:45.713,64514,Timeline2,Tobii I-VT (Fixation),1.145.28180,1080,1920,"10,00",678150341.0,,,1235.0,413.0,1228.0,410.0,1242.0,416.0,"0,19554","0,02053","-0,98048","0,09408","0,02444","-0,99526",,,Valid,Valid,"234,0","101,3","514,4","292,1","101,3","510,5","336,6","112,1","340,4","113,8","0,7209","0,3822","0,7153","0,3792","0,7264","0,3851",thumbnail_grossTrial,thumbnail_grossTrial.png,1245.0,1080.0,337.0,0.0,798.0,692.0,Saccade,17.0,38.0,,,,,,
24745,10294317,1400449565604,Eye Tracker,Participant0058,17.09.2021,Participant0058,Recording4,17.09.2021,17.09.2021,14:48:45.713,12:48:45.713,64514,Timeline2,Tobii I-VT (Fixation),1.145.28180,1080,1920,"10,00",678158702.0,,,1229.0,418.0,1232.0,409.0,1225.0,426.0,"0,19754","0,02040","-0,98008","0,08517","0,02967","-0,99593",,,Valid,Valid,"234,0","101,3","514,5","292,1","101,3","510,5","337,7","112,0","335,7","116,5","0,7156","0,3866","0,7184","0,3790","0,7128","0,3943",thumbnail_grossTrial,thumbnail_grossTrial.png,1245.0,1080.0,337.0,0.0,798.0,692.0,Unclassified,8.0,74.0,,,,,,
24746,10302685,1400449573972,Eye Tracker,Participant0058,17.09.2021,Participant0058,Recording4,17.09.2021,17.09.2021,14:48:45.713,12:48:45.713,64514,Timeline2,Tobii I-VT (Fixation),1.145.28180,1080,1920,"10,00",678167070.0,,,1228.0,421.0,1231.0,418.0,1224.0,425.0,"0,19699","0,02489","-0,98009","0,08473","0,02944","-0,99597","3,83","3,78",Valid,Valid,"234,1","101,2","514,6","292,2","101,3","510,5","337,5","114,3","335,6","116,4","0,7151","0,3901","0,7179","0,3866","0,7124","0,3937",thumbnail_grossTrial,thumbnail_grossTrial.png,1245.0,1080.0,337.0,0.0,798.0,692.0,Saccade,25.0,39.0,,,,,,
24747,10310988,1400449582275,Eye Tracker,Participant0058,17.09.2021,Participant0058,Recording4,17.09.2021,17.09.2021,14:48:45.713,12:48:45.713,64514,Timeline2,Tobii I-VT (Fixation),1.145.28180,1080,1920,"10,00",678175372.0,,,1221.0,439.0,1234.0,427.0,1207.0,451.0,"0,19834","0,02951","-0,97969","0,07554","0,04309","-0,99621",,,Valid,Valid,"234,1","101,3","514,6","292,2","101,4","510,5","338,3","116,8","330,9","123,5","0,7094","0,4064","0,7202","0,3952","0,6985","0,4177",thumbnail_grossTrial,thumbnail_grossTrial.png,1245.0,1080.0,337.0,0.0,798.0,692.0,Saccade,25.0,39.0,,,,,,
24748,10319296,1400449590583,Eye Tracker,Participant0058,17.09.2021,Participant0058,Recording4,17.09.2021,17.09.2021,14:48:45.713,12:48:45.713,64514,Timeline2,Tobii I-VT (Fixation),1.145.28180,1080,1920,"10,00",678183680.0,,,1227.0,450.0,1232.0,449.0,1223.0,451.0,"0,19708","0,04088","-0,97953","0,08377","0,04294","-0,99556",,,Valid,Valid,"234,0","101,3","514,7","292,1","101,4","510,5","337,6","122,8","335,1","123,4","0,7145","0,4165","0,7182","0,4154","0,7109","0,4177",thumbnail_grossTrial,thumbnail_grossTrial.png,1245.0,1080.0,337.0,0.0,798.0,692.0,Saccade,25.0,39.0,,,,,,
24749,10327653,1400449598940,Eye Tracker,Participant0058,17.09.2021,Participant0058,Recording4,17.09.2021,17.09.2021,14:48:45.713,12:48:45.713,64514,Timeline2,Tobii I-VT (Fixation),1.145.28180,1080,1920,"10,00",678192036.0,,,1228.0,460.0,1233.0,457.0,1224.0,462.0,"0,19744","0,04530","-0,97927","0,08434","0,04897","-0,99523","3,83","3,82",Valid,Valid,"234,1","101,2","514,8","292,2","101,4","510,6","337,9","125,0","335,5","126,5","0,7156","0,4255","0,7191","0,4230","0,7120","0,4280",thumbnail_grossTrial,thumbnail_grossTrial.png,1245.0,1080.0,337.0,0.0,798.0,692.0,Fixation,625.0,26.0,1231.0,473.0,"0,7175","0,4384",,
24750,10335953,1400449607240,Eye Tracker,Participant0058,17.09.2021,Participant0058,Recording4,17.09.2021,17.09.2021,14:48:45.713,12:48:45.713,64514,Timeline2,Tobii I-VT (Fixation),1.145.28180,1080,1920,"10,00",678200336.0,,,1224.0,456.0,1224.0,453.0,1224.0,458.0,"0,19304","0,04341","-0,98023","0,08456","0,04678","-0,99532",,,Valid,Valid,"234,1","101,3","514,9","292,2","101,4","510,5","335,5","124,1","335,6","125,4","0,7122","0,4221","0,7121","0,4198","0,7123","0,4244",thumbnail_grossTrial,thumbnail_grossTrial.png,1245.0,1080.0,337.0,0.0,798.0,692.0,Fixation,625.0,26.0,1231.0,473.0,"0,7175","0,4384",,
24751,10344283,1400449615570,Eye Tracker,Participant0058,17.09.2021,Participant0058,Recording4,17.09.2021,17.09.2021,14:48:45.713,12:48:45.713,64514,Timeline2,Tobii I-VT (Fixation),1.145.28180,1080,1920,"10,00",678208665.0,,,1225.0,455.0,1224.0,452.0,1225.0,458.0,"0,19326","0,04275","-0,98022","0,08479","0,04675","-0,99530",,,Valid,Valid,"234,0","101,2","514,9","292,2","101,5","510,5","335,6","123,7","335,7","125,4","0,7124","0,4215","0,7123","0,4185","0,7125","0,4244",thumbnail_grossTrial,thumbnail_grossTrial.png,1245.0,1080.0,337.0,0.0,798.0,692.0,Fixation,625.0,26.0,1231.0,473.0,"0,7175","0,4384",,
24752,10352617,1400449623904,Eye Tracker,Participant0058,17.09.2021,Participant0058,Recording4,17.09.2021,17.09.2021,14:48:45.713,12:48:45.713,64514,Timeline2,Tobii I-VT (Fixation),1.145.28180,1080,1920,"10,00",678216999.0,,,1222.0,460.0,1222.0,459.0,1223.0,461.0,"0,19179","0,04675","-0,98032","0,08354","0,04822","-0,99534","3,89","3,62",Valid,Valid,"234,1","101,2","515,0","292,2","101,4","510,5","334,9","125,7","335,1","126,1","0,7105","0,4261","0,7102","0,4254","0,7108","0,4268",thumbnail_grossTrial,thumbnail_grossTrial.png,1245.0,1080.0,337.0,0.0,798.0,692.0,Fixation,625.0,26.0,1231.0,473.0,"0,7175","0,4384",,
24753,10360949,1400449632236,Eye Tracker,Participant0058,17.09.2021,Participant0058,Recording4,17.09.2021,17.09.2021,14:48:45.713,12:48:45.713,64514,Timeline2,Tobii I-VT (Fixation),1.145.28180,1080,1920,"10,00",678225331.0,,,1229.0,466.0,1234.0,473.0,1224.0,460.0,"0,19776","0,05344","-0,97879","0,08431","0,04755","-0,99530",,,Valid,Valid,"234,1","101,3","515,0","292,2","101,5","510,5","338,2","129,4","335,5","125,8","0,7159","0,4318","0,7199","0,4377","0,7120","0,4258",thumbnail_grossTrial,thumbnail_grossTrial.png,1245.0,1080.0,337.0,0.0,798.0,692.0,Fixation,625.0,26.0,1231.0,473.0,"0,7175","0,4384",,
24754,10369295,1400449640582,Eye Tracker,Participant0058,17.09.2021,Participant0058,Recording4,17.09.2021,17.09.2021,14:48:45.713,12:48:45.713,64514,Timeline2,Tobii I-VT (Fixation),1.145.28180,1080,1920,"10,00",678233677.0,,,1229.0,465.0,1236.0,469.0,1222.0,461.0,"0,19907","0,05140","-0,97864","0,08361","0,04804","-0,99534",,,Valid,Valid,"234,0","101,2","515,0","292,2","101,5","510,5","338,8","128,3","335,0","126,1","0,7162","0,4304","0,7217","0,4341","0,7108","0,4267",thumbnail_grossTrial,thumbnail_grossTrial.png,1245.0,1080.0,337.0,0.0,798.0,692.0,Fixation,625.0,26.0,1231.0,473.0,"0,7175","0,4384",,
24755,10377646,1400449648933,Eye Tracker,Participant0058,17.09.2021,Participant0058,Recording4,17.09.2021,17.09.2021,14:48:45.713,12:48:45.713,64514,Timeline2,Tobii I-VT (Fixation),1.145.28180,1080,1920,"10,00",678242027.0,,,1234.0,456.0,1238.0,460.0,1231.0,453.0,"0,19999","0,04693","-0,97867","0,08800","0,04374","-0,99516","3,82","3,79",Valid,Valid,"234,1","101,2","515,0","292,2","101,4","510,5","339,3","125,9","337,3","123,8","0,7204","0,4225","0,7233","0,4259","0,7174","0,4190",thumbnail_grossTrial,thumbnail_grossTrial.png,1245.0,1080.0,337.0,0.0,798.0,692.0,Fixation,625.0,26.0,1231.0,473.0,"0,7175","0,4384",,
24756,10385950,1400449657237,Eye Tracker,Participant0058,17.09.2021,Participant0058,Recording4,17.09.2021,17.09.2021,14:48:45.713,12:48:45.713,64514,Timeline2,Tobii I-VT (Fixation),1.145.28180,1080,1920,"10,00",678250330.0,,,1231.0,458.0,1238.0,457.0,1224.0,459.0,"0,20018","0,04536","-0,97871","0,08428","0,04711","-0,99533",,,Valid,Valid,"234,1","101,3","514,9","292,2","101,5","510,5","339,4","125,1","335,4","125,6","0,7177","0,4242","0,7235","0,4234","0,7118","0,4250",thumbnail_grossTrial,thumbnail_grossTrial.png,1245.0,1080.0,337.0,0.0,798.0,692.0,Fixation,625.0,26.0,1231.0,473.0,"0,7175","0,4384",,
24757,10394288,1400449665575,Eye Tracker,Participant0058,17.09.2021,Participant0058,Recording4,17.09.2021,17.09.2021,14:48:45.713,12:48:45.713,64514,Timeline2,Tobii I-VT (Fixation),1.145.28180,1080,1920,"10,00",678258668.0,,,1228.0,461.0,1233.0,462.0,1224.0,459.0,"0,19762","0,04799","-0,97910","0,08441","0,04713","-0,99532",,,Valid,Valid,"234,0","101,3","514,8","292,1","101,4","510,5","337,9","126,5","335,4","125,6","0,7155","0,4265","0,7192","0,4281","0,7118","0,4250",thumbnail_grossTrial,thumbnail_grossTrial.png,1245.0,1080.0,337.0,0.0,798.0,692.0,Fixation,625.0,26.0,1231.0,473.0,"0,7175","0,4384",,
24758,10402614,1400449673901,Eye Tracker,Participant0058,17.09.2021,Participant0058,Recording4,17.09.2021,17.09.2021,14:48:45.713,12:48:45.713,64514,Timeline2,Tobii I-VT (Fixation),1.145.28180,1080,1920,"10,00",678266994.0,,,1225.0,464.0,1233.0,469.0,1217.0,459.0,"0,19767","0,05158","-0,97891","0,08042","0,04727","-0,99564","3,87","3,80",Valid,Valid,"234,1","101,2","514,8","292,2","101,4","510,6","338,0","128,4","333,5","125,6","0,7128","0,4296","0,7195","0,4343","0,7061","0,4250",thumbnail_grossTrial,thumbnail_grossTrial.png,1245.0,1080.0,337.0,0.0,798.0,692.0,Fixation,625.0,26.0,1231.0,473.0,"0,7175","0,4384",,
24759,10411033,1400449682320,Eye Tracker,Participant0058,17.09.2021,Participant0058,Recording4,17.09.2021,17.09.2021,14:48:45.713,12:48:45.713,64514,Timeline2,Tobii I-VT (Fixation),1.145.28180,1080,1920,"10,00",678275412.0,,,1216.0,481.0,1221.0,501.0,1211.0,460.0,"0,19128","0,06809","-0,97917","0,07759","0,04795","-0,99583",,,Valid,Valid,"234,1","101,3","514,7","292,2","101,4","510,6","334,6","137,1","332,0","126,0","0,7056","0,4451","0,7095","0,4640","0,7017","0,4262",thumbnail_grossTrial,thumbnail_grossTrial.png,1245.0,1080.0,337.0,0.0,798.0,692.0,Fixation,625.0,26.0,1231.0,473.0,"0,7175","0,4384",,
24760,10419364,1400449690651,Eye Tracker,Participant0058,17.09.2021,Participant0058,Recording4,17.09.2021,17.09.2021,14:48:45.713,12:48:45.713,64514,Timeline2,Tobii I-VT (Fixation),1.145.28180,1080,1920,"10,00",678283742.0,,,1216.0,481.0,1221.0,501.0,1211.0,460.0,"0,19148","0,06809","-0,97913","0,07772","0,04794","-0,99582",,,Valid,Valid,"234,0","101,4","514,6","292,1","101,4","510,7","334,7","137,1","332,0","126,0","0,7057","0,4451","0,7096","0,4640","0,7018","0,4262",thumbnail_grossTrial,thumbnail_grossTrial.png,1245.0,1080.0,337.0,0.0,798.0,692.0,Fixation,625.0,26.0,1231.0,473.0,"0,7175","0,4384",,
24761,10427613,1400449698900,Eye Tracker,Participant0058,17.09.2021,Participant0058,Recording4,17.09.2021,17.09.2021,14:48:45.713,12:48:45.713,64514,Timeline2,Tobii I-VT (Fixation),1.145.28180,1080,1920,"10,00",678291991.0,,,1216.0,483.0,1222.0,502.0,1210.0,463.0,"0,19181","0,06880","-0,97902","0,07664","0,04957","-0,99583","3,80","3,89",Valid,Valid,"234,1","101,2","514,5","292,2","101,3","510,7","334,9","137,4","331,5","126,7","0,7054","0,4468","0,7103","0,4649","0,7004","0,4287",thumbnail_grossTrial,thumbnail_grossTrial.png,1245.0,1080.0,337.0,0.0,798.0,692.0,Fixation,625.0,26.0,1231.0,473.0,"0,7175","0,4384",,
24762,10435945,1400449707232,Eye Tracker,Participant0058,17.09.2021,Participant0058,Recording4,17.09.2021,17.09.2021,14:48:45.713,12:48:45.713,64514,Timeline2,Tobii I-VT (Fixation),1.145.28180,1080,1920,"10,00",678300323.0,,,1224.0,471.0,1236.0,477.0,1212.0,466.0,"0,19910","0,05543","-0,97841","0,07786","0,05088","-0,99566",,,Valid,Valid,"234,1","101,4","514,4","292,2","101,3","510,7","338,8","130,6","332,1","127,4","0,7119","0,4364","0,7216","0,4417","0,7022","0,4311",thumbnail_grossTrial,thumbnail_grossTrial.png,1245.0,1080.0,337.0,0.0,798.0,692.0,Fixation,625.0,26.0,1231.0,473.0,"0,7175","0,4384",,
24763,10444281,1400449715568,Eye Tracker,Participant0058,17.09.2021,Participant0058,Recording4,17.09.2021,17.09.2021,14:48:45.713,12:48:45.713,64514,Timeline2,Tobii I-VT (Fixation),1.145.28180,1080,1920,"10,00",678308659.0,,,1224.0,472.0,1236.0,479.0,1212.0,466.0,"0,19918","0,05655","-0,97833","0,07793","0,05087","-0,99566",,,Valid,Valid,"234,0","101,4","514,3","292,1","101,3","510,7","338,7","131,2","332,1","127,4","0,7119","0,4375","0,7216","0,4438","0,7022","0,4311",thumbnail_grossTrial,thumbnail_grossTrial.png,1245.0,1080.0,337.0,0.0,798.0,692.0,Fixation,625.0,26.0,1231.0,473.0,"0,7175","0,4384",,
24764,10452611,1400449723898,Eye Tracker,Participant0058,17.09.2021,Participant0058,Recording4,17.09.2021,17.09.2021,14:48:45.713,12:48:45.713,64514,Timeline2,Tobii I-VT (Fixation),1.145.28180,1080,1920,"10,00",678316988.0,,,1223.0,472.0,1235.0,475.0,1211.0,470.0,"0,19850","0,05426","-0,97860","0,07739","0,05328","-0,99558","3,81","3,77",Valid,Valid,"234,1","101,4","514,3","292,2","101,2","510,8","338,4","129,9","331,9","128,6","0,7111","0,4373","0,7206","0,4395","0,7016","0,4351",thumbnail_grossTrial,thumbnail_grossTrial.png,1245.0,1080.0,337.0,0.0,798.0,692.0,Fixation,625.0,26.0,1231.0,473.0,"0,7175","0,4384",,
24765,10460951,1400449732238,Eye Tracker,Participant0058,17.09.2021,Participant0058,Recording4,17.09.2021,17.09.2021,14:48:45.713,12:48:45.713,64514,Timeline2,Tobii I-VT (Fixation),1.145.28180,1080,1920,"10,00",678325327.0,,,1216.0,464.0,1223.0,453.0,1209.0,474.0,"0,19276","0,04294","-0,98031","0,07645","0,05556","-0,99552",,,Valid,Valid,"234,1","101,5","514,2","292,2","101,3","510,7","335,2","124,0","331,4","129,8","0,7056","0,4294","0,7112","0,4196","0,7001","0,4392",thumbnail_grossTrial,thumbnail_grossTrial.png,1245.0,1080.0,337.0,0.0,798.0,692.0,Fixation,625.0,26.0,1231.0,473.0,"0,7175","0,4384",,
24766,10469339,1400449740626,Eye Tracker,Participant0058,17.09.2021,Participant0058,Recording4,17.09.2021,17.09.2021,14:48:45.713,12:48:45.713,64514,Timeline2,Tobii I-VT (Fixation),1.145.28180,1080,1920,"10,00",678333715.0,,,1217.0,462.0,1226.0,450.0,1209.0,475.0,"0,19420","0,04105","-0,98010","0,07643","0,05564","-0,99552",,,Valid,Valid,"234,0","101,5","514,2","292,1","101,3","510,8","335,9","123,0","331,3","129,9","0,7066","0,4279","0,7133","0,4163","0,6999","0,4395",thumbnail_grossTrial,thumbnail_grossTrial.png,1245.0,1080.0,337.0,0.0,798.0,692.0,Fixation,625.0,26.0,1231.0,473.0,"0,7175","0,4384",,
24767,10477717,1400449749004,Eye Tracker,Participant0058,17.09.2021,Participant0058,Recording4,17.09.2021,17.09.2021,14:48:45.713,12:48:45.713,64514,Timeline2,Tobii I-VT (Fixation),1.145.28180,1080,1920,"10,00",678342093.0,,,1224.0,459.0,1226.0,456.0,1223.0,461.0,"0,19411","0,04456","-0,97997","0,08350","0,04876","-0,99531","3,80","3,79",Valid,Valid,"234,1","101,4","514,2","292,2","101,3","510,8","336,0","124,8","335,1","126,3","0,7121","0,4248","0,7134","0,4222","0,7108","0,4273",thumbnail_grossTrial,thumbnail_grossTrial.png,1245.0,1080.0,337.0,0.0,798.0,692.0,Fixation,625.0,26.0,1231.0,473.0,"0,7175","0,4384",,
24768,10485971,1400449757258,Eye Tracker,Participant0058,17.09.2021,Participant0058,Recording4,17.09.2021,17.09.2021,14:48:45.713,12:48:45.713,64514,Timeline2,Tobii I-VT (Fixation),1.145.28180,1080,1920,"10,00",678350347.0,,,1228.0,460.0,1237.0,473.0,1220.0,448.0,"0,19959","0,05286","-0,97845","0,08215","0,04125","-0,99577",,,Valid,Valid,"234,1","101,6","514,2","292,2","101,3","510,7","339,0","129,3","334,3","122,5","0,7154","0,4260","0,7223","0,4376","0,7086","0,4144",thumbnail_grossTrial,thumbnail_grossTrial.png,1245.0,1080.0,337.0,0.0,798.0,692.0,Fixation,625.0,26.0,1231.0,473.0,"0,7175","0,4384",,
24769,10494314,1400449765601,Eye Tracker,Participant0058,17.09.2021,Participant0058,Recording4,17.09.2021,17.09.2021,14:48:45.713,12:48:45.713,64514,Timeline2,Tobii I-VT (Fixation),1.145.28180,1080,1920,"10,00",678358689.0,,,1230.0,460.0,1238.0,472.0,1222.0,447.0,"0,20043","0,05260","-0,97830","0,08328","0,04088","-0,99569",,,Valid,Valid,"234,0","101,6","514,2","292,1","101,4","510,8","339,4","129,2","334,9","122,3","0,7168","0,4255","0,7235","0,4371","0,7102","0,4139",thumbnail_grossTrial,thumbnail_grossTrial.png,1245.0,1080.0,337.0,0.0,798.0,692.0,Fixation,625.0,26.0,1231.0,473.0,"0,7175","0,4384",,
24770,10502641,1400449773928,Eye Tracker,Participant0058,17.09.2021,Participant0058,Recording4,17.09.2021,17.09.2021,14:48:45.713,12:48:45.713,64514,Timeline2,Tobii I-VT (Fixation),1.145.28180,1080,1920,"10,00",678367015.0,,,1233.0,460.0,1239.0,466.0,1226.0,453.0,"0,20066","0,04972","-0,97840","0,08556","0,04433","-0,99535","3,81","3,78",Valid,Valid,"234,1","101,5","514,3","292,2","101,3","510,8","339,6","127,6","336,1","124,0","0,7190","0,4258","0,7240","0,4318","0,7139","0,4197",thumbnail_grossTrial,thumbnail_grossTrial.png,1245.0,1080.0,337.0,0.0,798.0,692.0,Fixation,625.0,26.0,1231.0,473.0,"0,7175","0,4384",,
24771,10510982,1400449782269,Eye Tracker,Participant0058,17.09.2021,Participant0058,Recording4,17.09.2021,17.09.2021,14:48:45.713,12:48:45.713,64514,Timeline2,Tobii I-VT (Fixation),1.145.28180,1080,1920,"10,00",678375356.0,,,1233.0,458.0,1235.0,466.0,1231.0,450.0,"0,19863","0,04953","-0,97882","0,08801","0,04228","-0,99522",,,Valid,Valid,"234,1","101,6","514,3","292,2","101,4","510,8","338,5","127,6","337,4","123,1","0,7192","0,4240","0,7208","0,4317","0,7176","0,4164",thumbnail_grossTrial,thumbnail_grossTrial.png,1245.0,1080.0,337.0,0.0,798.0,692.0,Fixation,625.0,26.0,1231.0,473.0,"0,7175","0,4384",,
24772,10519380,1400449790667,Eye Tracker,Participant0058,17.09.2021,Participant0058,Recording4,17.09.2021,17.09.2021,14:48:45.713,12:48:45.713,64514,Timeline2,Tobii I-VT (Fixation),1.145.28180,1080,1920,"10,00",678383754.0,,,1241.0,455.0,1239.0,464.0,1242.0,446.0,"0,20090","0,04835","-0,97842","0,09389","0,04044","-0,99476",,,Valid,Valid,"234,1","101,6","514,3","292,2","101,4","510,9","339,7","127,0","340,4","122,1","0,7253","0,4214","0,7243","0,4296","0,7264","0,4133",thumbnail_grossTrial,thumbnail_grossTrial.png,1245.0,1080.0,337.0,0.0,798.0,692.0,Fixation,625.0,26.0,1231.0,473.0,"0,7175","0,4384",,
24773,10527607,1400449798894,Eye Tracker,Participant0058,17.09.2021,Participant0058,Recording4,17.09.2021,17.09.2021,14:48:45.713,12:48:45.713,64514,Timeline2,Tobii I-VT (Fixation),1.145.28180,1080,1920,"10,00",678391980.0,,,1241.0,458.0,1238.0,471.0,1244.0,444.0,"0,19977","0,05243","-0,97844","0,09473","0,03942","-0,99472","3,80","3,77",Valid,Valid,"234,2","101,4","514,4","292,2","101,3","510,9","339,2","129,0","340,9","121,5","0,7254","0,4239","0,7229","0,4365","0,7279","0,4112",thumbnail_grossTrial,thumbnail_grossTrial.png,1245.0,1080.0,337.0,0.0,798.0,692.0,Fixation,625.0,26.0,1231.0,473.0,"0,7175","0,4384",,
24774,10536034,1400449807321,Eye Tracker,Participant0058,17.09.2021,Participant0058,Recording4,17.09.2021,17.09.2021,14:48:45.713,12:48:45.713,64514,Timeline2,Tobii I-VT (Fixation),1.145.28180,1080,1920,"10,00",678400407.0,,,1229.0,479.0,1216.0,506.0,1241.0,451.0,"0,18875","0,07016","-0,97952","0,09346","0,04323","-0,99468",,,Valid,Valid,"234,1","101,6","514,4","292,2","101,4","510,9","333,3","138,4","340,2","123,6","0,7157","0,4432","0,7055","0,4683","0,7259","0,4180",thumbnail_grossTrial,thumbnail_grossTrial.png,1245.0,1080.0,337.0,0.0,798.0,692.0,Fixation,625.0,26.0,1231.0,473.0,"0,7175","0,4384",,
24775,10544282,1400449815569,Eye Tracker,Participant0058,17.09.2021,Participant0058,Recording4,17.09.2021,17.09.2021,14:48:45.713,12:48:45.713,64514,Timeline2,Tobii I-VT (Fixation),1.145.28180,1080,1920,"10,00",678408654.0,,,1229.0,481.0,1216.0,506.0,1243.0,456.0,"0,18886","0,07020","-0,97949","0,09422","0,04576","-0,99450",,,Valid,Valid,"234,1","101,5","514,4","292,2","101,4","511,0","333,3","138,4","340,6","124,9","0,7163","0,4454","0,7055","0,4683","0,7270","0,4225",thumbnail_grossTrial,thumbnail_grossTrial.png,1245.0,1080.0,337.0,0.0,798.0,692.0,Fixation,625.0,26.0,1231.0,473.0,"0,7175","0,4384",,
24776,10552605,1400449823892,Eye Tracker,Participant0058,17.09.2021,Participant0058,Recording4,17.09.2021,17.09.2021,14:48:45.713,12:48:45.713,64514,Timeline2,Tobii I-VT (Fixation),1.145.28180,1080,1920,"10,00",678416977.0,,,1226.0,479.0,1234.0,498.0,1217.0,460.0,"0,19785","0,06626","-0,97799","0,08068","0,04782","-0,99559","3,83","3,77",Valid,Valid,"234,2","101,4","514,5","292,3","101,3","511,0","338,2","136,3","333,7","125,9","0,7134","0,4434","0,7201","0,4610","0,7067","0,4258",thumbnail_grossTrial,thumbnail_grossTrial.png,1245.0,1080.0,337.0,0.0,798.0,692.0,Fixation,625.0,26.0,1231.0,473.0,"0,7175","0,4384",,
24777,10561014,1400449832301,Eye Tracker,Participant0058,17.09.2021,Participant0058,Recording4,17.09.2021,17.09.2021,14:48:45.713,12:48:45.713,64514,Timeline2,Tobii I-VT (Fixation),1.145.28180,1080,1920,"10,00",678425385.0,,,1238.0,478.0,1230.0,495.0,1247.0,462.0,"0,19593","0,06452","-0,97849","0,09622","0,04867","-0,99417",,,Valid,Valid,"234,1","101,5","514,5","292,2","101,3","511,0","337,2","135,4","341,7","126,3","0,7236","0,4428","0,7170","0,4582","0,7302","0,4274",thumbnail_grossTrial,thumbnail_grossTrial.png,1245.0,1080.0,337.0,0.0,798.0,692.0,Fixation,625.0,26.0,1231.0,473.0,"0,7175","0,4384",,
24778,10569377,1400449840664,Eye Tracker,Participant0058,17.09.2021,Participant0058,Recording4,17.09.2021,17.09.2021,14:48:45.713,12:48:45.713,64514,Timeline2,Tobii I-VT (Fixation),1.145.28180,1080,1920,"10,00",678433748.0,,,1238.0,478.0,1237.0,495.0,1239.0,461.0,"0,19955","0,06483","-0,97774","0,09247","0,04829","-0,99454",,,Valid,Valid,"234,1","101,5","514,5","292,2","101,3","511,0","339,1","135,6","339,7","126,1","0,7235","0,4427","0,7225","0,4587","0,7244","0,4267",thumbnail_grossTrial,thumbnail_grossTrial.png,1245.0,1080.0,337.0,0.0,798.0,692.0,Fixation,625.0,26.0,1231.0,473.0,"0,7175","0,4384",,
24779,10577619,1400449848906,Eye Tracker,Participant0058,17.09.2021,Participant0058,Recording4,17.09.2021,17.09.2021,14:48:45.713,12:48:45.713,64514,Timeline2,Tobii I-VT (Fixation),1.145.28180,1080,1920,"10,00",678441990.0,,,1235.0,482.0,1239.0,493.0,1232.0,470.0,"0,20033","0,06373","-0,97765","0,08835","0,05357","-0,99465","3,80","3,61",Valid,Valid,"234,1","101,3","514,5","292,3","101,2","511,0","339,6","134,9","337,6","128,7","0,7212","0,4460","0,7240","0,4563","0,7184","0,4356",thumbnail_grossTrial,thumbnail_grossTrial.png,1245.0,1080.0,337.0,0.0,798.0,692.0,Fixation,625.0,26.0,1231.0,473.0,"0,7175","0,4384",,
24780,10586029,1400449857316,Eye Tracker,Participant0058,17.09.2021,Participant0058,Recording4,17.09.2021,17.09.2021,14:48:45.713,12:48:45.713,64514,Timeline2,Tobii I-VT (Fixation),1.145.28180,1080,1920,"10,00",678450399.0,,,1234.0,473.0,1240.0,480.0,1228.0,466.0,"0,20119","0,05660","-0,97792","0,08647","0,05102","-0,99495",,,Valid,Valid,"234,1","101,5","514,4","292,2","101,3","511,0","340,0","131,2","336,6","127,5","0,7203","0,4376","0,7251","0,4440","0,7154","0,4312",thumbnail_grossTrial,thumbnail_grossTrial.png,1245.0,1080.0,337.0,0.0,798.0,692.0,Fixation,625.0,26.0,1231.0,473.0,"0,7175","0,4384",,
24781,10594313,1400449865600,Eye Tracker,Participant0058,17.09.2021,Participant0058,Recording4,17.09.2021,17.09.2021,14:48:45.713,12:48:45.713,64514,Timeline2,Tobii I-VT (Fixation),1.145.28180,1080,1920,"10,00",678458682.0,,,1228.0,476.0,1234.0,477.0,1223.0,475.0,"0,19803","0,05544","-0,97863","0,08353","0,05609","-0,99493",,,Valid,Valid,"234,0","101,5","514,4","292,1","101,2","511,0","338,1","130,6","335,1","130,0","0,7153","0,4409","0,7198","0,4419","0,7108","0,4400",thumbnail_grossTrial,thumbnail_grossTrial.png,1245.0,1080.0,337.0,0.0,798.0,692.0,Fixation,625.0,26.0,1231.0,473.0,"0,7175","0,4384",,
24782,10602642,1400449873929,Eye Tracker,Participant0058,17.09.2021,Participant0058,Recording4,17.09.2021,17.09.2021,14:48:45.713,12:48:45.713,64514,Timeline2,Tobii I-VT (Fixation),1.145.28180,1080,1920,"10,00",678467011.0,,,1233.0,472.0,1236.0,477.0,1230.0,468.0,"0,19930","0,05532","-0,97838","0,08739","0,05256","-0,99479","3,78","3,81",Valid,Valid,"234,1","101,4","514,3","292,2","101,2","511,1","338,9","130,4","337,1","128,2","0,7194","0,4375","0,7220","0,4413","0,7168","0,4336",thumbnail_grossTrial,thumbnail_grossTrial.png,1245.0,1080.0,337.0,0.0,798.0,692.0,Fixation,625.0,26.0,1231.0,473.0,"0,7175","0,4384",,
24783,10611026,1400449882313,Eye Tracker,Participant0058,17.09.2021,Participant0058,Recording4,17.09.2021,17.09.2021,14:48:45.713,12:48:45.713,64514,Timeline2,Tobii I-VT (Fixation),1.145.28180,1080,1920,"10,00",678475395.0,,,1235.0,478.0,1238.0,489.0,1231.0,466.0,"0,20025","0,06159","-0,97781","0,08804","0,05120","-0,99480",,,Valid,Valid,"234,1","101,5","514,2","292,2","101,2","511,0","339,4","133,9","337,4","127,5","0,7206","0,4422","0,7235","0,4531","0,7177","0,4314",thumbnail_grossTrial,thumbnail_grossTrial.png,1245.0,1080.0,337.0,0.0,798.0,692.0,Fixation,625.0,26.0,1231.0,473.0,"0,7175","0,4384",,
24784,10619304,1400449890591,Eye Tracker,Participant0058,17.09.2021,Participant0058,Recording4,17.09.2021,17.09.2021,14:48:45.713,12:48:45.713,64514,Timeline2,Tobii I-VT (Fixation),1.145.28180,1080,1920,"10,00",678483673.0,,,1235.0,475.0,1240.0,489.0,1231.0,461.0,"0,20131","0,06120","-0,97761","0,08779","0,04881","-0,99494",,,Valid,Valid,"234,0","101,5","514,1","292,1","101,2","511,1","339,9","133,7","337,2","126,3","0,7211","0,4398","0,7250","0,4524","0,7172","0,4272",thumbnail_grossTrial,thumbnail_grossTrial.png,1245.0,1080.0,337.0,0.0,798.0,692.0,Fixation,625.0,26.0,1231.0,473.0,"0,7175","0,4384",,
24785,10627644,1400449898931,Eye Tracker,Participant0058,17.09.2021,Participant0058,Recording4,17.09.2021,17.09.2021,14:48:45.713,12:48:45.713,64514,Timeline2,Tobii I-VT (Fixation),1.145.28180,1080,1920,"10,00",678492012.0,,,1236.0,478.0,1240.0,492.0,1231.0,464.0,"0,20108","0,06333","-0,97753","0,08807","0,05025","-0,99485","3,80","3,76",Valid,Valid,"234,1","101,5","514,0","292,2","101,1","511,1","339,8","134,8","337,5","126,9","0,7213","0,4427","0,7248","0,4560","0,7179","0,4294",thumbnail_grossTrial,thumbnail_grossTrial.png,1245.0,1080.0,337.0,0.0,798.0,692.0,Fixation,625.0,26.0,1231.0,473.0,"0,7175","0,4384",,
24786,10635933,1400449907220,Eye Tracker,Participant0058,17.09.2021,Participant0058,Recording4,17.09.2021,17.09.2021,14:48:45.713,12:48:45.713,64514,Timeline2,Tobii I-VT (Fixation),1.145.28180,1080,1920,"10,00",678500300.0,,,1235.0,476.0,1239.0,487.0,1232.0,465.0,"0,20066","0,06025","-0,97781","0,08840","0,05077","-0,99479",,,Valid,Valid,"234,1","101,7","513,9","292,2","101,2","511,1","339,6","133,3","337,6","127,2","0,7212","0,4408","0,7240","0,4511","0,7183","0,4305",thumbnail_grossTrial,thumbnail_grossTrial.png,1245.0,1080.0,337.0,0.0,798.0,692.0,Fixation,625.0,26.0,1231.0,473.0,"0,7175","0,4384",,
24787,10644279,1400449915566,Eye Tracker,Participant0058,17.09.2021,Participant0058,Recording4,17.09.2021,17.09.2021,14:48:45.713,12:48:45.713,64514,Timeline2,Tobii I-VT (Fixation),1.145.28180,1080,1920,"10,00",678508646.0,,,1234.0,479.0,1237.0,487.0,1231.0,471.0,"0,20001","0,05999","-0,97796","0,08806","0,05388","-0,99466",,,Valid,Valid,"234,1","101,7","513,8","292,2","101,2","511,2","339,1","133,2","337,4","128,9","0,7202","0,4434","0,7227","0,4507","0,7177","0,4360",thumbnail_grossTrial,thumbnail_grossTrial.png,1245.0,1080.0,337.0,0.0,798.0,692.0,Fixation,625.0,26.0,1231.0,473.0,"0,7175","0,4384",,
24788,10652640,1400449923927,Eye Tracker,Participant0058,17.09.2021,Participant0058,Recording4,17.09.2021,17.09.2021,14:48:45.713,12:48:45.713,64514,Timeline2,Tobii I-VT (Fixation),1.145.28180,1080,1920,"10,00",678517007.0,,,1233.0,479.0,1236.0,484.0,1230.0,474.0,"0,19923","0,05888","-0,97818","0,08700","0,05568","-0,99465","3,79","3,76",Valid,Valid,"234,1","101,6","513,6","292,3","101,1","511,2","338,8","132,6","337,0","129,7","0,7190","0,4437","0,7216","0,4485","0,7164","0,4389",thumbnail_grossTrial,thumbnail_grossTrial.png,1245.0,1080.0,337.0,0.0,798.0,692.0,Fixation,625.0,26.0,1231.0,473.0,"0,7175","0,4384",,
24789,10660969,1400449932256,Eye Tracker,Participant0058,17.09.2021,Participant0058,Recording4,17.09.2021,17.09.2021,14:48:45.713,12:48:45.713,64514,Timeline2,Tobii I-VT (Fixation),1.145.28180,1080,1920,"10,00",678525336.0,,,1231.0,484.0,1234.0,488.0,1228.0,480.0,"0,19801","0,06043","-0,97834","0,08631","0,05861","-0,99454",,,Valid,Valid,"234,2","101,8","513,5","292,2","101,1","511,2","338,1","133,5","336,6","131,3","0,7175","0,4480","0,7197","0,4518","0,7154","0,4442",thumbnail_grossTrial,thumbnail_grossTrial.png,1245.0,1080.0,337.0,0.0,798.0,692.0,Fixation,625.0,26.0,1231.0,473.0,"0,7175","0,4384",,
24790,10669302,1400449940589,Eye Tracker,Participant0058,17.09.2021,Participant0058,Recording4,17.09.2021,17.09.2021,14:48:45.713,12:48:45.713,64514,Timeline2,Tobii I-VT (Fixation),1.145.28180,1080,1920,"10,00",678533668.0,,,1234.0,482.0,1241.0,489.0,1227.0,475.0,"0,20194","0,06066","-0,97752","0,08570","0,05632","-0,99473",,,Valid,Valid,"234,1","101,9","513,4","292,2","101,2","511,3","340,2","133,7","336,3","130,1","0,7200","0,4463","0,7258","0,4524","0,7143","0,4402",thumbnail_grossTrial,thumbnail_grossTrial.png,1245.0,1080.0,337.0,0.0,798.0,692.0,Fixation,625.0,26.0,1231.0,473.0,"0,7175","0,4384",,
24791,10677627,1400449948914,Eye Tracker,Participant0058,17.09.2021,Participant0058,Recording4,17.09.2021,17.09.2021,14:48:45.713,12:48:45.713,64514,Timeline2,Tobii I-VT (Fixation),1.145.28180,1080,1920,"10,00",678541992.0,,,1236.0,478.0,1242.0,489.0,1229.0,467.0,"0,20232","0,06093","-0,97742","0,08668","0,05216","-0,99487","3,75","3,84",Valid,Valid,"234,2","101,8","513,4","292,3","101,1","511,4","340,5","133,8","336,8","127,9","0,7213","0,4427","0,7266","0,4526","0,7160","0,4328",thumbnail_grossTrial,thumbnail_grossTrial.png,1245.0,1080.0,337.0,0.0,798.0,692.0,Fixation,625.0,26.0,1231.0,473.0,"0,7175","0,4384",,
24792,10685997,1400449957284,Eye Tracker,Participant0058,17.09.2021,Participant0058,Recording4,17.09.2021,17.09.2021,14:48:45.713,12:48:45.713,64514,Timeline2,Tobii I-VT (Fixation),1.145.28180,1080,1920,"10,00",678550362.0,,,1238.0,478.0,1245.0,486.0,1232.0,469.0,"0,20369","0,05928","-0,97724","0,08821","0,05307","-0,99469",,,Valid,Valid,"234,2","102,0","513,3","292,3","101,2","511,3","341,2","133,1","337,6","128,4","0,7235","0,4424","0,7287","0,4503","0,7183","0,4346",thumbnail_grossTrial,thumbnail_grossTrial.png,1245.0,1080.0,337.0,0.0,798.0,692.0,Fixation,625.0,26.0,1231.0,473.0,"0,7175","0,4384",,
24793,10694278,1400449965565,Eye Tracker,Participant0058,17.09.2021,Participant0058,Recording4,17.09.2021,17.09.2021,14:48:45.713,12:48:45.713,64514,Timeline2,Tobii I-VT (Fixation),1.145.28180,1080,1920,"10,00",678558643.0,,,1238.0,476.0,1240.0,485.0,1235.0,468.0,"0,20166","0,05850","-0,97771","0,09024","0,05222","-0,99455",,,Valid,Valid,"234,1","102,0","513,2","292,2","101,2","511,4","340,0","132,7","338,6","128,0","0,7232","0,4410","0,7252","0,4489","0,7212","0,4331",thumbnail_grossTrial,thumbnail_grossTrial.png,1245.0,1080.0,337.0,0.0,798.0,692.0,Fixation,625.0,26.0,1231.0,473.0,"0,7175","0,4384",,
24794,10702627,1400449973914,Eye Tracker,Participant0058,17.09.2021,Participant0058,Recording4,17.09.2021,17.09.2021,14:48:45.713,12:48:45.713,64514,Timeline2,Tobii I-VT (Fixation),1.145.28180,1080,1920,"10,00",678566991.0,,,1236.0,478.0,1240.0,487.0,1233.0,470.0,"0,20113","0,05965","-0,97775","0,08897","0,05353","-0,99460","3,75","3,80",Valid,Valid,"234,2","101,9","513,2","292,3","101,1","511,4","339,7","133,2","338,0","128,6","0,7220","0,4429","0,7245","0,4506","0,7195","0,4352",thumbnail_grossTrial,thumbnail_grossTrial.png,1245.0,1080.0,337.0,0.0,798.0,692.0,Fixation,625.0,26.0,1231.0,473.0,"0,7175","0,4384",,
24795,10710930,1400449982217,Eye Tracker,Participant0058,17.09.2021,Participant0058,Recording4,17.09.2021,17.09.2021,14:48:45.713,12:48:45.713,64514,Timeline2,Tobii I-VT (Fixation),1.145.28180,1080,1920,"10,00",678575293.0,,,1234.0,476.0,1240.0,494.0,1228.0,457.0,"0,20134","0,06321","-0,97748","0,08619","0,04656","-0,99519",,,Valid,Valid,"234,2","102,1","513,1","292,2","101,2","511,4","339,9","135,2","336,5","125,1","0,7200","0,4404","0,7249","0,4576","0,7151","0,4232",thumbnail_grossTrial,thumbnail_grossTrial.png,1245.0,1080.0,337.0,0.0,798.0,692.0,Fixation,625.0,26.0,1231.0,473.0,"0,7175","0,4384",,
24796,10719272,1400449990559,Eye Tracker,Participant0058,17.09.2021,Participant0058,Recording4,17.09.2021,17.09.2021,14:48:45.713,12:48:45.713,64514,Timeline2,Tobii I-VT (Fixation),1.145.28180,1080,1920,"10,00",678583635.0,,,1240.0,475.0,1245.0,498.0,1235.0,452.0,"0,20385","0,06511","-0,97684","0,08995","0,04358","-0,99499",,,Valid,Valid,"234,1","102,1","513,1","292,2","101,2","511,4","341,2","136,3","338,4","123,6","0,7247","0,4396","0,7287","0,4610","0,7206","0,4181",thumbnail_grossTrial,thumbnail_grossTrial.png,1245.0,1080.0,337.0,0.0,798.0,692.0,Fixation,625.0,26.0,1231.0,473.0,"0,7175","0,4384",,
24797,10727626,1400449998913,Eye Tracker,Participant0058,17.09.2021,Participant0058,Recording4,17.09.2021,17.09.2021,14:48:45.713,12:48:45.713,64514,Timeline2,Tobii I-VT (Fixation),1.145.28180,1080,1920,"10,00",678591989.0,,,1226.0,476.0,1221.0,497.0,1232.0,454.0,"0,19169","0,06495","-0,97930","0,08822","0,04517","-0,99508","3,77","3,75",Valid,Valid,"234,1","102,1","513,1","292,3","101,1","511,4","334,6","136,1","337,6","124,3","0,7138","0,4405","0,7094","0,4604","0,7182","0,4206",thumbnail_grossTrial,thumbnail_grossTrial.png,1245.0,1080.0,337.0,0.0,798.0,692.0,Fixation,625.0,26.0,1231.0,473.0,"0,7175","0,4384",,
24798,10735941,1400450007228,Eye Tracker,Participant0058,17.09.2021,Participant0058,Recording4,17.09.2021,17.09.2021,14:48:45.713,12:48:45.713,64514,Timeline2,Tobii I-VT (Fixation),1.145.28180,1080,1920,"10,00",678600303.0,,,1237.0,466.0,1241.0,473.0,1233.0,459.0,"0,20182","0,05189","-0,97805","0,08886","0,04748","-0,99491",,,Valid,Valid,"234,1","102,1","513,0","292,2","101,1","511,4","340,0","129,3","337,9","125,5","0,7222","0,4312","0,7253","0,4376","0,7191","0,4248",thumbnail_grossTrial,thumbnail_grossTrial.png,1245.0,1080.0,337.0,0.0,798.0,692.0,Fixation,625.0,26.0,1231.0,473.0,"0,7175","0,4384",,
24799,10744344,1400450015631,Eye Tracker,Participant0058,17.09.2021,Participant0058,Recording4,17.09.2021,17.09.2021,14:48:45.713,12:48:45.713,64514,Timeline2,Tobii I-VT (Fixation),1.145.28180,1080,1920,"10,00",678608706.0,,,1231.0,473.0,1233.0,479.0,1228.0,466.0,"0,19831","0,05537","-0,97857","0,08632","0,05135","-0,99494",,,Valid,Valid,"234,1","102,1","512,9","292,2","101,1","511,5","338,0","131,1","336,5","127,5","0,7173","0,4376","0,7195","0,4437","0,7151","0,4315",thumbnail_grossTrial,thumbnail_grossTrial.png,1245.0,1080.0,337.0,0.0,798.0,692.0,Fixation,625.0,26.0,1231.0,473.0,"0,7175","0,4384",,
24800,10752644,1400450023931,Eye Tracker,Participant0058,17.09.2021,Participant0058,Recording4,17.09.2021,17.09.2021,14:48:45.713,12:48:45.713,64514,Timeline2,Tobii I-VT (Fixation),1.145.28180,1080,1920,"10,00",678617005.0,,,1232.0,471.0,1234.0,475.0,1229.0,467.0,"0,19861","0,05330","-0,97863","0,08680","0,05201","-0,99487","3,75","3,74",Valid,Valid,"234,1","102,1","512,9","292,2","101,0","511,5","338,2","130,0","336,9","127,8","0,7181","0,4361","0,7201","0,4399","0,7161","0,4324",thumbnail_grossTrial,thumbnail_grossTrial.png,1245.0,1080.0,337.0,0.0,798.0,692.0,Fixation,625.0,26.0,1231.0,473.0,"0,7175","0,4384",,
24801,10760953,1400450032240,Eye Tracker,Participant0058,17.09.2021,Participant0058,Recording4,17.09.2021,17.09.2021,14:48:45.713,12:48:45.713,64514,Timeline2,Tobii I-VT (Fixation),1.145.28180,1080,1920,"10,00",678625314.0,,,1223.0,483.0,1238.0,487.0,1208.0,480.0,"0,20068","0,05933","-0,97786","0,07578","0,05891","-0,99538",,,Valid,Valid,"234,1","102,1","512,9","292,2","101,1","511,5","339,4","133,2","331,1","131,4","0,7114","0,4476","0,7235","0,4508","0,6993","0,4445",thumbnail_grossTrial,thumbnail_grossTrial.png,1245.0,1080.0,337.0,0.0,798.0,692.0,Fixation,625.0,26.0,1231.0,473.0,"0,7175","0,4384",,
24802,10769271,1400450040558,Eye Tracker,Participant0058,17.09.2021,Participant0058,Recording4,17.09.2021,17.09.2021,14:48:45.713,12:48:45.713,64514,Timeline2,Tobii I-VT (Fixation),1.145.28180,1080,1920,"10,00",678633632.0,,,1213.0,484.0,1218.0,488.0,1208.0,480.0,"0,19065","0,05993","-0,97983","0,07592","0,05890","-0,99537",,,Valid,Valid,"234,1","102,1","512,8","292,2","101,1","511,5","333,9","133,5","331,2","131,4","0,7034","0,4480","0,7073","0,4516","0,6994","0,4445",thumbnail_grossTrial,thumbnail_grossTrial.png,1245.0,1080.0,337.0,0.0,798.0,692.0,Fixation,625.0,26.0,1231.0,473.0,"0,7175","0,4384",,
24803,10777601,1400450048888,Eye Tracker,Participant0058,17.09.2021,Participant0058,Recording4,17.09.2021,17.09.2021,14:48:45.713,12:48:45.713,64514,Timeline2,Tobii I-VT (Fixation),1.145.28180,1080,1920,"10,00",678641961.0,,,1235.0,479.0,1240.0,488.0,1229.0,470.0,"0,20155","0,05984","-0,97765","0,08693","0,05376","-0,99476","3,77","3,73",Valid,Valid,"234,1","102,0","512,9","292,2","101,0","511,5","339,9","133,4","336,9","128,7","0,7206","0,4434","0,7249","0,4514","0,7163","0,4353",thumbnail_grossTrial,thumbnail_grossTrial.png,1245.0,1080.0,337.0,0.0,798.0,692.0,Fixation,625.0,26.0,1231.0,473.0,"0,7175","0,4384",,
24804,10785960,1400450057247,Eye Tracker,Participant0058,17.09.2021,Participant0058,Recording4,17.09.2021,17.09.2021,14:48:45.713,12:48:45.713,64514,Timeline2,Tobii I-VT (Fixation),1.145.28180,1080,1920,"10,00",678650320.0,,,1225.0,485.0,1221.0,509.0,1230.0,462.0,"0,19161","0,07086","-0,97891","0,08702","0,04932","-0,99499",,,Valid,Valid,"234,2","102,1","512,8","292,2","101,1","511,5","334,5","139,2","337,0","126,4","0,7128","0,4494","0,7093","0,4711","0,7164","0,4277",thumbnail_grossTrial,thumbnail_grossTrial.png,1245.0,1080.0,337.0,0.0,798.0,692.0,Fixation,625.0,26.0,1231.0,473.0,"0,7175","0,4384",,
24805,10794254,1400450065541,Eye Tracker,Participant0058,17.09.2021,Participant0058,Recording4,17.09.2021,17.09.2021,14:48:45.713,12:48:45.713,64514,Timeline2,Tobii I-VT (Fixation),1.145.28180,1080,1920,"10,00",678658614.0,,,1225.0,484.0,1221.0,509.0,1230.0,459.0,"0,19171","0,07094","-0,97888","0,08749","0,04777","-0,99502",,,Valid,Valid,"234,1","102,1","512,9","292,2","101,1","511,6","334,6","139,3","337,2","125,6","0,7132","0,4481","0,7093","0,4711","0,7170","0,4251",thumbnail_grossTrial,thumbnail_grossTrial.png,1245.0,1080.0,337.0,0.0,798.0,692.0,Fixation,625.0,26.0,1231.0,473.0,"0,7175","0,4384",,
24806,10802618,1400450073905,Eye Tracker,Participant0058,17.09.2021,Participant0058,Recording4,17.09.2021,17.09.2021,14:48:45.713,12:48:45.713,64514,Timeline2,Tobii I-VT (Fixation),1.145.28180,1080,1920,"10,00",678666977.0,,,1236.0,482.0,1250.0,496.0,1221.0,468.0,"0,20651","0,06414","-0,97634","0,08247","0,05288","-0,99519","4,04","3,58",Valid,Valid,"234,2","101,9","512,9","292,3","101,0","511,6","342,7","135,6","334,7","128,2","0,7214","0,4463","0,7331","0,4589","0,7097","0,4337",thumbnail_grossTrial,thumbnail_grossTrial.png,1245.0,1080.0,337.0,0.0,798.0,692.0,Fixation,625.0,26.0,1231.0,473.0,"0,7175","0,4384",,
24807,10810921,1400450082208,Eye Tracker,Participant0058,17.09.2021,Participant0058,Recording4,17.09.2021,17.09.2021,14:48:45.713,12:48:45.713,64514,Timeline2,Tobii I-VT (Fixation),1.145.28180,1080,1920,"10,00",678675279.0,,,1225.0,494.0,1250.0,496.0,1200.0,491.0,"0,20614","0,06415","-0,97642","0,07125","0,06485","-0,99535",,,Valid,Valid,"234,2","102,0","513,0","292,3","101,1","511,5","342,5","135,7","328,9","134,4","0,7126","0,4570","0,7325","0,4593","0,6927","0,4547",thumbnail_grossTrial,thumbnail_grossTrial.png,1245.0,1080.0,337.0,0.0,798.0,692.0,Fixation,625.0,26.0,1231.0,473.0,"0,7175","0,4384",,
24808,10819298,1400450090585,Eye Tracker,Participant0058,17.09.2021,Participant0058,Recording4,17.09.2021,17.09.2021,14:48:45.713,12:48:45.713,64514,Timeline2,Tobii I-VT (Fixation),1.145.28180,1080,1920,"10,00",678683656.0,,,1224.0,494.0,1247.0,496.0,1200.0,491.0,"0,20503","0,06430","-0,97664","0,07131","0,06496","-0,99534",,,Valid,Valid,"234,1","102,0","513,1","292,2","101,0","511,6","341,8","135,8","328,9","134,4","0,7116","0,4572","0,7306","0,4595","0,6926","0,4548",thumbnail_grossTrial,thumbnail_grossTrial.png,1245.0,1080.0,337.0,0.0,798.0,692.0,Fixation,625.0,26.0,1231.0,473.0,"0,7175","0,4384",,
24809,10827594,1400450098881,Eye Tracker,Participant0058,17.09.2021,Participant0058,Recording4,17.09.2021,17.09.2021,14:48:45.713,12:48:45.713,64514,Timeline2,Tobii I-VT (Fixation),1.145.28180,1080,1920,"10,00",678691952.0,,,1221.0,492.0,1242.0,496.0,1200.0,489.0,"0,20204","0,06427","-0,97727","0,07100","0,06362","-0,99545","3,72","3,59",Valid,Valid,"234,2","101,9","513,2","292,3","101,0","511,6","340,3","135,6","328,8","133,7","0,7093","0,4556","0,7261","0,4588","0,6924","0,4524",thumbnail_grossTrial,thumbnail_grossTrial.png,1245.0,1080.0,337.0,0.0,798.0,692.0,Fixation,625.0,26.0,1231.0,473.0,"0,7175","0,4384",,
24810,10835923,1400450107210,Eye Tracker,Participant0058,17.09.2021,Participant0058,Recording4,17.09.2021,17.09.2021,14:48:45.713,12:48:45.713,64514,Timeline2,Tobii I-VT (Fixation),1.145.28180,1080,1920,"10,00",678700280.0,,,1236.0,480.0,1243.0,481.0,1230.0,478.0,"0,20265","0,05658","-0,97761","0,08707","0,05804","-0,99451",,,Valid,Valid,"234,2","102,0","513,2","292,3","101,0","511,6","340,6","131,7","337,1","130,9","0,7218","0,4442","0,7269","0,4456","0,7167","0,4429",thumbnail_grossTrial,thumbnail_grossTrial.png,1245.0,1080.0,337.0,0.0,798.0,692.0,Fixation,625.0,26.0,1231.0,473.0,"0,7175","0,4384",,
24811,10844263,1400450115550,Eye Tracker,Participant0058,17.09.2021,Participant0058,Recording4,17.09.2021,17.09.2021,14:48:45.713,12:48:45.713,64514,Timeline2,Tobii I-VT (Fixation),1.145.28180,1080,1920,"10,00",678708619.0,,,1234.0,474.0,1244.0,478.0,1225.0,471.0,"0,20333","0,05493","-0,97757","0,08465","0,05386","-0,99495",,,Valid,Valid,"234,1","101,9","513,3","292,2","101,1","511,6","340,9","130,8","335,7","128,8","0,7203","0,4391","0,7278","0,4425","0,7128","0,4357",thumbnail_grossTrial,thumbnail_grossTrial.png,1245.0,1080.0,337.0,0.0,798.0,692.0,Fixation,625.0,26.0,1231.0,473.0,"0,7175","0,4384",,
24812,10852587,1400450123874,Eye Tracker,Participant0058,17.09.2021,Participant0058,Recording4,17.09.2021,17.09.2021,14:48:45.713,12:48:45.713,64514,Timeline2,Tobii I-VT (Fixation),1.145.28180,1080,1920,"10,00",678716943.0,,,1227.0,479.0,1242.0,481.0,1212.0,477.0,"0,20214","0,05677","-0,97771","0,07746","0,05729","-0,99535","3,75","3,83",Valid,Valid,"234,2","101,8","513,5","292,3","101,0","511,6","340,3","131,6","332,1","130,5","0,7141","0,4434","0,7262","0,4453","0,7021","0,4415",thumbnail_grossTrial,thumbnail_grossTrial.png,1245.0,1080.0,337.0,0.0,798.0,692.0,Fixation,625.0,26.0,1231.0,473.0,"0,7175","0,4384",,
24813,10860994,1400450132281,Eye Tracker,Participant0058,17.09.2021,Participant0058,Recording4,17.09.2021,17.09.2021,14:48:45.713,12:48:45.713,64514,Timeline2,Tobii I-VT (Fixation),1.145.28180,1080,1920,"10,00",678725350.0,,,1234.0,469.0,1239.0,477.0,1229.0,461.0,"0,20078","0,05442","-0,97812","0,08698","0,04850","-0,99503",,,Valid,Valid,"234,1","101,9","513,5","292,2","101,1","511,5","339,6","130,5","337,0","126,0","0,7202","0,4339","0,7240","0,4414","0,7164","0,4264",thumbnail_grossTrial,thumbnail_grossTrial.png,1245.0,1080.0,337.0,0.0,798.0,692.0,Fixation,625.0,26.0,1231.0,473.0,"0,7175","0,4384",,
24814,10869292,1400450140579,Eye Tracker,Participant0058,17.09.2021,Participant0058,Recording4,17.09.2021,17.09.2021,14:48:45.713,12:48:45.713,64514,Timeline2,Tobii I-VT (Fixation),1.145.28180,1080,1920,"10,00",678733648.0,,,1235.0,470.0,1241.0,475.0,1229.0,465.0,"0,20210","0,05380","-0,97789","0,08710","0,05079","-0,99490",,,Valid,Valid,"234,1","101,9","513,6","292,2","101,1","511,6","340,2","130,1","337,0","127,2","0,7211","0,4354","0,7259","0,4402","0,7164","0,4305",thumbnail_grossTrial,thumbnail_grossTrial.png,1245.0,1080.0,337.0,0.0,798.0,692.0,Fixation,625.0,26.0,1231.0,473.0,"0,7175","0,4384",,
24815,10877599,1400450148886,Eye Tracker,Participant0058,17.09.2021,Participant0058,Recording4,17.09.2021,17.09.2021,14:48:45.713,12:48:45.713,64514,Timeline2,Tobii I-VT (Fixation),1.145.28180,1080,1920,"10,00",678741954.0,,,1235.0,467.0,1242.0,468.0,1227.0,466.0,"0,20251","0,05014","-0,97800","0,08581","0,05164","-0,99497","3,75","3,73",Valid,Valid,"234,1","101,8","513,7","292,2","101,1","511,5","340,5","128,1","336,4","127,6","0,7207","0,4326","0,7267","0,4334","0,7146","0,4317",thumbnail_grossTrial,thumbnail_grossTrial.png,1245.0,1080.0,337.0,0.0,798.0,692.0,Fixation,625.0,26.0,1231.0,473.0,"0,7175","0,4384",,
24816,10885919,1400450157206,Eye Tracker,Participant0058,17.09.2021,Participant0058,Recording4,17.09.2021,17.09.2021,14:48:45.713,12:48:45.713,64514,Timeline2,Tobii I-VT (Fixation),1.145.28180,1080,1920,"10,00",678750273.0,,,1238.0,479.0,1243.0,477.0,1234.0,481.0,"0,20264","0,05461","-0,97773","0,08921","0,05924","-0,99425",,,Valid,Valid,"234,1","101,8","513,7","292,2","101,1","511,5","340,6","130,5","338,1","131,6","0,7234","0,4434","0,7270","0,4415","0,7197","0,4452",thumbnail_grossTrial,thumbnail_grossTrial.png,1245.0,1080.0,337.0,0.0,798.0,692.0,Fixation,625.0,26.0,1231.0,473.0,"0,7175","0,4384",,
24817,10894262,1400450165549,Eye Tracker,Participant0058,17.09.2021,Participant0058,Recording4,17.09.2021,17.09.2021,14:48:45.713,12:48:45.713,64514,Timeline2,Tobii I-VT (Fixation),1.145.28180,1080,1920,"10,00",678758616.0,,,1236.0,484.0,1237.0,484.0,1236.0,483.0,"0,19968","0,05823","-0,97813","0,09043","0,06063","-0,99406",,,Valid,Valid,"234,1","101,8","513,7","292,2","101,1","511,5","338,9","132,4","338,7","132,3","0,7218","0,4478","0,7221","0,4479","0,7214","0,4476",thumbnail_grossTrial,thumbnail_grossTrial.png,1245.0,1080.0,337.0,0.0,798.0,692.0,Fixation,625.0,26.0,1231.0,473.0,"0,7175","0,4384",,
24818,10902583,1400450173870,Eye Tracker,Participant0058,17.09.2021,Participant0058,Recording4,17.09.2021,17.09.2021,14:48:45.713,12:48:45.713,64514,Timeline2,Tobii I-VT (Fixation),1.145.28180,1080,1920,"10,00",678766937.0,,,1238.0,481.0,1235.0,482.0,1241.0,480.0,"0,19879","0,05775","-0,97834","0,09285","0,05876","-0,99394","3,76","3,71",Valid,Valid,"234,1","101,7","513,7","292,2","101,1","511,4","338,5","132,0","340,0","131,3","0,7231","0,4455","0,7209","0,4467","0,7253","0,4442",thumbnail_grossTrial,thumbnail_grossTrial.png,1245.0,1080.0,337.0,0.0,798.0,692.0,Fixation,625.0,26.0,1231.0,473.0,"0,7175","0,4384",,
24819,10910916,1400450182203,Eye Tracker,Participant0058,17.09.2021,Participant0058,Recording4,17.09.2021,17.09.2021,14:48:45.713,12:48:45.713,64514,Timeline2,Tobii I-VT (Fixation),1.145.28180,1080,1920,"10,00",678775270.0,,,1237.0,480.0,1236.0,482.0,1239.0,477.0,"0,19924","0,05753","-0,97826","0,09199","0,05739","-0,99410",,,Valid,Valid,"234,1","101,8","513,6","292,2","101,1","511,3","338,7","132,0","339,5","130,6","0,7227","0,4443","0,7215","0,4466","0,7239","0,4420",thumbnail_grossTrial,thumbnail_grossTrial.png,1245.0,1080.0,337.0,0.0,798.0,692.0,Fixation,625.0,26.0,1231.0,473.0,"0,7175","0,4384",,
24820,10919258,1400450190545,Eye Tracker,Participant0058,17.09.2021,Participant0058,Recording4,17.09.2021,17.09.2021,14:48:45.713,12:48:45.713,64514,Timeline2,Tobii I-VT (Fixation),1.145.28180,1080,1920,"10,00",678783611.0,,,1245.0,477.0,1242.0,482.0,1248.0,473.0,"0,20228","0,05713","-0,97766","0,09696","0,05502","-0,99377",,,Valid,Valid,"234,1","101,8","513,6","292,2","101,1","511,4","340,3","131,8","342,1","129,4","0,7288","0,4419","0,7262","0,4459","0,7313","0,4379",thumbnail_grossTrial,thumbnail_grossTrial.png,1245.0,1080.0,337.0,0.0,798.0,692.0,Fixation,625.0,26.0,1231.0,473.0,"0,7175","0,4384",,
24821,10927612,1400450198899,Eye Tracker,Participant0058,17.09.2021,Participant0058,Recording4,17.09.2021,17.09.2021,14:48:45.713,12:48:45.713,64514,Timeline2,Tobii I-VT (Fixation),1.145.28180,1080,1920,"10,00",678791964.0,,,1249.0,474.0,1254.0,474.0,1245.0,474.0,"0,20814","0,05349","-0,97664","0,09500","0,05579","-0,99391","4,08","3,71",Valid,Valid,"234,1","101,7","513,5","292,2","101,0","511,3","343,6","129,8","341,1","129,7","0,7322","0,4391","0,7358","0,4393","0,7286","0,4390",thumbnail_grossTrial,thumbnail_grossTrial.png,1245.0,1080.0,337.0,0.0,798.0,692.0,Fixation,625.0,26.0,1231.0,473.0,"0,7175","0,4384",,
24822,10935943,1400450207230,Eye Tracker,Participant0058,17.09.2021,Participant0058,Recording4,17.09.2021,17.09.2021,14:48:45.713,12:48:45.713,64514,Timeline2,Tobii I-VT (Fixation),1.145.28180,1080,1920,"10,00",678800295.0,,,1232.0,469.0,1251.0,467.0,1212.0,471.0,"0,20686","0,04957","-0,97711","0,07791","0,05420","-0,99549",,,Valid,Valid,"234,1","101,8","513,4","292,2","101,1","511,3","342,8","127,9","332,2","128,9","0,7181","0,4344","0,7336","0,4326","0,7025","0,4362",thumbnail_grossTrial,thumbnail_grossTrial.png,1245.0,1080.0,337.0,0.0,798.0,692.0,Fixation,625.0,26.0,1231.0,473.0,"0,7175","0,4384",,
24823,10944257,1400450215544,Eye Tracker,Participant0058,17.09.2021,Participant0058,Recording4,17.09.2021,17.09.2021,14:48:45.713,12:48:45.713,64514,Timeline2,Tobii I-VT (Fixation),1.145.28180,1080,1920,"10,00",678808609.0,,,1237.0,466.0,1249.0,465.0,1225.0,466.0,"0,20610","0,04828","-0,97734","0,08489","0,05160","-0,99505",,,Valid,Valid,"234,1","101,8","513,4","292,2","101,1","511,3","342,4","127,2","335,8","127,6","0,7226","0,4311","0,7322","0,4303","0,7129","0,4318",thumbnail_grossTrial,thumbnail_grossTrial.png,1245.0,1080.0,337.0,0.0,798.0,692.0,Fixation,625.0,26.0,1231.0,473.0,"0,7175","0,4384",,
24824,10952581,1400450223868,Eye Tracker,Participant0058,17.09.2021,Participant0058,Recording4,17.09.2021,17.09.2021,14:48:45.713,12:48:45.713,64514,Timeline2,Tobii I-VT (Fixation),1.145.28180,1080,1920,"10,00",678816932.0,,,1230.0,471.0,1239.0,470.0,1222.0,472.0,"0,20086","0,05142","-0,97827","0,08295","0,05473","-0,99505","3,72","3,57",Valid,Valid,"234,2","101,8","513,4","292,2","101,1","511,3","339,6","128,7","334,9","129,2","0,7171","0,4363","0,7240","0,4356","0,7102","0,4371",thumbnail_grossTrial,thumbnail_grossTrial.png,1245.0,1080.0,337.0,0.0,798.0,692.0,Saccade,17.0,40.0,,,,,,
24825,10960942,1400450232229,Eye Tracker,Participant0058,17.09.2021,Participant0058,Recording4,17.09.2021,17.09.2021,14:48:45.713,12:48:45.713,64514,Timeline2,Tobii I-VT (Fixation),1.145.28180,1080,1920,"10,00",678825293.0,,,1215.0,495.0,1223.0,501.0,1207.0,489.0,"0,19275","0,06722","-0,97894","0,07505","0,06367","-0,99515",,,Valid,Valid,"234,1","101,9","513,3","292,2","101,1","511,2","335,2","137,1","330,8","133,8","0,7048","0,4584","0,7113","0,4639","0,6982","0,4528",thumbnail_grossTrial,thumbnail_grossTrial.png,1245.0,1080.0,337.0,0.0,798.0,692.0,Saccade,17.0,40.0,,,,,,
24826,10969256,1400450240543,Eye Tracker,Participant0058,17.09.2021,Participant0058,Recording4,17.09.2021,17.09.2021,14:48:45.713,12:48:45.713,64514,Timeline2,Tobii I-VT (Fixation),1.145.28180,1080,1920,"10,00",678833606.0,,,1215.0,495.0,1223.0,501.0,1207.0,489.0,"0,19283","0,06720","-0,97893","0,07515","0,06361","-0,99514",,,Valid,Valid,"234,1","101,9","513,3","292,2","101,1","511,3","335,2","137,1","330,8","133,8","0,7047","0,4583","0,7112","0,4639","0,6983","0,4528",thumbnail_grossTrial,thumbnail_grossTrial.png,1245.0,1080.0,337.0,0.0,798.0,692.0,Unclassified,8.0,75.0,,,,,,
24827,10977615,1400450248902,Eye Tracker,Participant0058,17.09.2021,Participant0058,Recording4,17.09.2021,17.09.2021,14:48:45.713,12:48:45.713,64514,Timeline2,Tobii I-VT (Fixation),1.145.28180,1080,1920,"10,00",678841965.0,,,1217.0,494.0,1222.0,506.0,1213.0,481.0,"0,19194","0,07009","-0,97890","0,07799","0,05930","-0,99519","3,76","3,71",Valid,Valid,"234,1","101,8","513,4","292,2","101,1","511,3","334,8","138,6","332,3","131,6","0,7064","0,4570","0,7100","0,4688","0,7027","0,4451",thumbnail_grossTrial,thumbnail_grossTrial.png,1245.0,1080.0,337.0,0.0,798.0,692.0,Saccade,17.0,41.0,,,,,,
24828,10985942,1400450257229,Eye Tracker,Participant0058,17.09.2021,Participant0058,Recording4,17.09.2021,17.09.2021,14:48:45.713,12:48:45.713,64514,Timeline2,Tobii I-VT (Fixation),1.145.28180,1080,1920,"10,00",678850291.0,,,1226.0,479.0,1241.0,474.0,1212.0,484.0,"0,20173","0,05309","-0,97800","0,07788","0,06074","-0,99511",,,Valid,Valid,"234,1","101,9","513,3","292,2","101,2","511,2","340,0","129,8","332,2","132,4","0,7139","0,4435","0,7253","0,4391","0,7025","0,4479",thumbnail_grossTrial,thumbnail_grossTrial.png,1245.0,1080.0,337.0,0.0,798.0,692.0,Saccade,17.0,41.0,,,,,,
24829,10994254,1400450265541,Eye Tracker,Participant0058,17.09.2021,Participant0058,Recording4,17.09.2021,17.09.2021,14:48:45.713,12:48:45.713,64514,Timeline2,Tobii I-VT (Fixation),1.145.28180,1080,1920,"10,00",678858603.0,,,1239.0,474.0,1240.0,475.0,1238.0,473.0,"0,20158","0,05345","-0,97801","0,09140","0,05471","-0,99431",,,Valid,Valid,"234,1","101,9","513,4","292,2","101,2","511,3","339,9","130,0","339,2","129,3","0,7239","0,4387","0,7250","0,4397","0,7228","0,4376",thumbnail_grossTrial,thumbnail_grossTrial.png,1245.0,1080.0,337.0,0.0,798.0,692.0,Fixation,358.0,27.0,1229.0,483.0,"0,7163","0,4472",,
24830,11002592,1400450273879,Eye Tracker,Participant0058,17.09.2021,Participant0058,Recording4,17.09.2021,17.09.2021,14:48:45.713,12:48:45.713,64514,Timeline2,Tobii I-VT (Fixation),1.145.28180,1080,1920,"10,00",678866940.0,,,1238.0,469.0,1238.0,468.0,1237.0,470.0,"0,20031","0,05008","-0,97845","0,09116","0,05365","-0,99439","3,75","3,73",Valid,Valid,"234,2","101,9","513,5","292,3","101,1","511,3","339,3","128,1","339,1","128,7","0,7229","0,4346","0,7231","0,4336","0,7227","0,4356",thumbnail_grossTrial,thumbnail_grossTrial.png,1245.0,1080.0,337.0,0.0,798.0,692.0,Fixation,358.0,27.0,1229.0,483.0,"0,7163","0,4472",,
24831,11010943,1400450282230,Eye Tracker,Participant0058,17.09.2021,Participant0058,Recording4,17.09.2021,17.09.2021,14:48:45.713,12:48:45.713,64514,Timeline2,Tobii I-VT (Fixation),1.145.28180,1080,1920,"10,00",678875291.0,,,1239.0,474.0,1241.0,477.0,1238.0,471.0,"0,20179","0,05450","-0,97791","0,09142","0,05365","-0,99437",,,Valid,Valid,"234,2","101,9","513,5","292,2","101,2","511,2","340,1","130,5","339,2","128,8","0,7243","0,4387","0,7256","0,4417","0,7230","0,4358",thumbnail_grossTrial,thumbnail_grossTrial.png,1245.0,1080.0,337.0,0.0,798.0,692.0,Fixation,358.0,27.0,1229.0,483.0,"0,7163","0,4472",,
24832,11019261,1400450290548,Eye Tracker,Participant0058,17.09.2021,Participant0058,Recording4,17.09.2021,17.09.2021,14:48:45.713,12:48:45.713,64514,Timeline2,Tobii I-VT (Fixation),1.145.28180,1080,1920,"10,00",678883608.0,,,1235.0,474.0,1237.0,475.0,1232.0,472.0,"0,20004","0,05375","-0,97831","0,08852","0,05435","-0,99459",,,Valid,Valid,"234,1","101,9","513,5","292,2","101,3","511,3","339,1","130,1","337,7","129,2","0,7205","0,4387","0,7226","0,4402","0,7185","0,4371",thumbnail_grossTrial,thumbnail_grossTrial.png,1245.0,1080.0,337.0,0.0,798.0,692.0,Fixation,358.0,27.0,1229.0,483.0,"0,7163","0,4472",,
24833,11027603,1400450298890,Eye Tracker,Participant0058,17.09.2021,Participant0058,Recording4,17.09.2021,17.09.2021,14:48:45.713,12:48:45.713,64514,Timeline2,Tobii I-VT (Fixation),1.145.28180,1080,1920,"10,00",678891950.0,,,1237.0,478.0,1240.0,480.0,1234.0,475.0,"0,20113","0,05615","-0,97795","0,08952","0,05619","-0,99440","3,75","3,73",Valid,Valid,"234,2","101,8","513,6","292,3","101,2","511,3","339,8","131,3","338,3","130,1","0,7225","0,4422","0,7246","0,4443","0,7203","0,4401",thumbnail_grossTrial,thumbnail_grossTrial.png,1245.0,1080.0,337.0,0.0,798.0,692.0,Fixation,358.0,27.0,1229.0,483.0,"0,7163","0,4472",,
24834,11035908,1400450307195,Eye Tracker,Participant0058,17.09.2021,Participant0058,Recording4,17.09.2021,17.09.2021,14:48:45.713,12:48:45.713,64514,Timeline2,Tobii I-VT (Fixation),1.145.28180,1080,1920,"10,00",678900255.0,,,1232.0,476.0,1233.0,484.0,1232.0,468.0,"0,19769","0,05823","-0,97853","0,08813","0,05218","-0,99474",,,Valid,Valid,"234,2","101,9","513,6","292,2","101,2","511,2","337,9","132,5","337,5","128,0","0,7186","0,4407","0,7192","0,4481","0,7181","0,4332",thumbnail_grossTrial,thumbnail_grossTrial.png,1245.0,1080.0,337.0,0.0,798.0,692.0,Fixation,358.0,27.0,1229.0,483.0,"0,7163","0,4472",,
24835,11044282,1400450315569,Eye Tracker,Participant0058,17.09.2021,Participant0058,Recording4,17.09.2021,17.09.2021,14:48:45.713,12:48:45.713,64514,Timeline2,Tobii I-VT (Fixation),1.145.28180,1080,1920,"10,00",678908628.0,,,1234.0,477.0,1236.0,482.0,1232.0,471.0,"0,19943","0,05735","-0,97823","0,08847","0,05373","-0,99463",,,Valid,Valid,"234,1","101,9","513,6","292,2","101,2","511,3","338,8","132,0","337,7","128,8","0,7201","0,4412","0,7218","0,4465","0,7185","0,4359",thumbnail_grossTrial,thumbnail_grossTrial.png,1245.0,1080.0,337.0,0.0,798.0,692.0,Fixation,358.0,27.0,1229.0,483.0,"0,7163","0,4472",,
24836,11052572,1400450323859,Eye Tracker,Participant0058,17.09.2021,Participant0058,Recording4,17.09.2021,17.09.2021,14:48:45.713,12:48:45.713,64514,Timeline2,Tobii I-VT (Fixation),1.145.28180,1080,1920,"10,00",678916918.0,,,1231.0,478.0,1238.0,477.0,1224.0,479.0,"0,20019","0,05478","-0,97822","0,08400","0,05821","-0,99476","3,72","3,60",Valid,Valid,"234,2","101,8","513,7","292,3","101,1","511,3","339,3","130,5","335,4","131,1","0,7175","0,4425","0,7231","0,4417","0,7119","0,4434",thumbnail_grossTrial,thumbnail_grossTrial.png,1245.0,1080.0,337.0,0.0,798.0,692.0,Fixation,358.0,27.0,1229.0,483.0,"0,7163","0,4472",,
24837,11060906,1400450332193,Eye Tracker,Participant0058,17.09.2021,Participant0058,Recording4,17.09.2021,17.09.2021,14:48:45.713,12:48:45.713,64514,Timeline2,Tobii I-VT (Fixation),1.145.28180,1080,1920,"10,00",678925251.0,,,1233.0,475.0,1240.0,464.0,1225.0,486.0,"0,20141","0,04781","-0,97834","0,08471","0,06172","-0,99449",,,Valid,Valid,"234,2","101,8","513,6","292,2","101,2","511,2","339,9","126,9","335,8","132,9","0,7190","0,4395","0,7250","0,4294","0,7129","0,4497",thumbnail_grossTrial,thumbnail_grossTrial.png,1245.0,1080.0,337.0,0.0,798.0,692.0,Fixation,358.0,27.0,1229.0,483.0,"0,7163","0,4472",,
24838,11069274,1400450340561,Eye Tracker,Participant0058,17.09.2021,Participant0058,Recording4,17.09.2021,17.09.2021,14:48:45.713,12:48:45.713,64514,Timeline2,Tobii I-VT (Fixation),1.145.28180,1080,1920,"10,00",678933619.0,,,1220.0,484.0,1238.0,469.0,1201.0,499.0,"0,20042","0,05047","-0,97841","0,07198","0,06901","-0,99502",,,Valid,Valid,"234,1","101,8","513,6","292,2","101,2","511,2","339,3","128,3","329,2","136,6","0,7084","0,4481","0,7232","0,4340","0,6935","0,4623",thumbnail_grossTrial,thumbnail_grossTrial.png,1245.0,1080.0,337.0,0.0,798.0,692.0,Fixation,358.0,27.0,1229.0,483.0,"0,7163","0,4472",,
24839,11077574,1400450348861,Eye Tracker,Participant0058,17.09.2021,Participant0058,Recording4,17.09.2021,17.09.2021,14:48:45.713,12:48:45.713,64514,Timeline2,Tobii I-VT (Fixation),1.145.28180,1080,1920,"10,00",678941919.0,,,1228.0,482.0,1237.0,475.0,1219.0,488.0,"0,19961","0,05417","-0,97838","0,08113","0,06310","-0,99470","3,74","3,76",Valid,Valid,"234,1","101,7","513,7","292,3","101,1","511,3","338,9","130,1","334,0","133,5","0,7149","0,4460","0,7222","0,4403","0,7076","0,4518",thumbnail_grossTrial,thumbnail_grossTrial.png,1245.0,1080.0,337.0,0.0,798.0,692.0,Fixation,358.0,27.0,1229.0,483.0,"0,7163","0,4472",,
24840,11085906,1400450357193,Eye Tracker,Participant0058,17.09.2021,Participant0058,Recording4,17.09.2021,17.09.2021,14:48:45.713,12:48:45.713,64514,Timeline2,Tobii I-VT (Fixation),1.145.28180,1080,1920,"10,00",678950250.0,,,1233.0,493.0,1225.0,511.0,1241.0,475.0,"0,19346","0,07233","-0,97844","0,09299","0,05629","-0,99407",,,Valid,Valid,"234,1","101,8","513,6","292,2","101,1","511,2","335,7","139,7","340,1","130,1","0,7190","0,4565","0,7127","0,4727","0,7254","0,4402",thumbnail_grossTrial,thumbnail_grossTrial.png,1245.0,1080.0,337.0,0.0,798.0,692.0,Fixation,358.0,27.0,1229.0,483.0,"0,7163","0,4472",,
24841,11094279,1400450365566,Eye Tracker,Participant0058,17.09.2021,Participant0058,Recording4,17.09.2021,17.09.2021,14:48:45.713,12:48:45.713,64514,Timeline2,Tobii I-VT (Fixation),1.145.28180,1080,1920,"10,00",678958623.0,,,1226.0,494.0,1225.0,511.0,1227.0,476.0,"0,19355","0,07239","-0,97842","0,08609","0,05690","-0,99466",,,Valid,Valid,"234,1","101,7","513,6","292,2","101,2","511,2","335,7","139,7","336,4","130,4","0,7137","0,4570","0,7126","0,4728","0,7148","0,4412",thumbnail_grossTrial,thumbnail_grossTrial.png,1245.0,1080.0,337.0,0.0,798.0,692.0,Fixation,358.0,27.0,1229.0,483.0,"0,7163","0,4472",,
24842,11102575,1400450373862,Eye Tracker,Participant0058,17.09.2021,Participant0058,Recording4,17.09.2021,17.09.2021,14:48:45.713,12:48:45.713,64514,Timeline2,Tobii I-VT (Fixation),1.145.28180,1080,1920,"10,00",678966918.0,,,1224.0,497.0,1224.0,519.0,1224.0,475.0,"0,19318","0,07672","-0,97816","0,08398","0,05646","-0,99487","3,75","3,74",Valid,Valid,"234,1","101,6","513,6","292,2","101,1","511,3","335,6","141,9","335,4","130,1","0,7120","0,4602","0,7123","0,4802","0,7118","0,4401",thumbnail_grossTrial,thumbnail_grossTrial.png,1245.0,1080.0,337.0,0.0,798.0,692.0,Fixation,358.0,27.0,1229.0,483.0,"0,7163","0,4472",,
24843,11110906,1400450382193,Eye Tracker,Participant0058,17.09.2021,Participant0058,Recording4,17.09.2021,17.09.2021,14:48:45.713,12:48:45.713,64514,Timeline2,Tobii I-VT (Fixation),1.145.28180,1080,1920,"10,00",678975249.0,,,1229.0,484.0,1245.0,488.0,1214.0,480.0,"0,20375","0,06046","-0,97715","0,07872","0,05887","-0,99516",,,Valid,Valid,"234,1","101,8","513,6","292,2","101,1","511,2","341,2","133,5","332,6","131,4","0,7163","0,4481","0,7288","0,4518","0,7037","0,4445",thumbnail_grossTrial,thumbnail_grossTrial.png,1245.0,1080.0,337.0,0.0,798.0,692.0,Fixation,358.0,27.0,1229.0,483.0,"0,7163","0,4472",,
24844,11119243,1400450390530,Eye Tracker,Participant0058,17.09.2021,Participant0058,Recording4,17.09.2021,17.09.2021,14:48:45.713,12:48:45.713,64514,Timeline2,Tobii I-VT (Fixation),1.145.28180,1080,1920,"10,00",678983586.0,,,1230.0,482.0,1246.0,484.0,1214.0,480.0,"0,20444","0,05858","-0,97712","0,07880","0,05872","-0,99516",,,Valid,Valid,"234,0","101,8","513,6","292,1","101,1","511,3","341,5","132,6","332,6","131,3","0,7167","0,4464","0,7297","0,4485","0,7037","0,4443",thumbnail_grossTrial,thumbnail_grossTrial.png,1245.0,1080.0,337.0,0.0,798.0,692.0,Fixation,358.0,27.0,1229.0,483.0,"0,7163","0,4472",,
24845,11127568,1400450398855,Eye Tracker,Participant0058,17.09.2021,Participant0058,Recording4,17.09.2021,17.09.2021,14:48:45.713,12:48:45.713,64514,Timeline2,Tobii I-VT (Fixation),1.145.28180,1080,1920,"10,00",678991910.0,,,1237.0,484.0,1243.0,486.0,1231.0,482.0,"0,20302","0,05978","-0,97735","0,08760","0,05976","-0,99436","3,83","3,76",Valid,Valid,"234,1","101,7","513,6","292,2","101,1","511,3","340,8","133,1","337,3","131,8","0,7225","0,4481","0,7276","0,4504","0,7173","0,4459",thumbnail_grossTrial,thumbnail_grossTrial.png,1245.0,1080.0,337.0,0.0,798.0,692.0,Fixation,358.0,27.0,1229.0,483.0,"0,7163","0,4472",,
24846,11135901,1400450407188,Eye Tracker,Participant0058,17.09.2021,Participant0058,Recording4,17.09.2021,17.09.2021,14:48:45.713,12:48:45.713,64514,Timeline2,Tobii I-VT (Fixation),1.145.28180,1080,1920,"10,00",679000242.0,,,1228.0,497.0,1245.0,489.0,1211.0,505.0,"0,20371","0,06118","-0,97712","0,07715","0,07232","-0,99439",,,Valid,Valid,"234,1","101,8","513,5","292,2","101,1","511,2","341,2","134,0","331,9","138,3","0,7151","0,4606","0,7287","0,4532","0,7015","0,4680",thumbnail_grossTrial,thumbnail_grossTrial.png,1245.0,1080.0,337.0,0.0,798.0,692.0,Fixation,358.0,27.0,1229.0,483.0,"0,7163","0,4472",,
24847,11144267,1400450415554,Eye Tracker,Participant0058,17.09.2021,Participant0058,Recording4,17.09.2021,17.09.2021,14:48:45.713,12:48:45.713,64514,Timeline2,Tobii I-VT (Fixation),1.145.28180,1080,1920,"10,00",679008608.0,,,1223.0,500.0,1235.0,495.0,1211.0,505.0,"0,19900","0,06424","-0,97789","0,07721","0,07227","-0,99439",,,Valid,Valid,"234,1","101,8","513,5","292,2","101,2","511,3","338,6","135,6","331,9","138,3","0,7113","0,4633","0,7211","0,4586","0,7015","0,4680",thumbnail_grossTrial,thumbnail_grossTrial.png,1245.0,1080.0,337.0,0.0,798.0,692.0,Fixation,358.0,27.0,1229.0,483.0,"0,7163","0,4472",,
24848,11152607,1400450423894,Eye Tracker,Participant0058,17.09.2021,Participant0058,Recording4,17.09.2021,17.09.2021,14:48:45.713,12:48:45.713,64514,Timeline2,Tobii I-VT (Fixation),1.145.28180,1080,1920,"10,00",679016948.0,,,1234.0,487.0,1235.0,495.0,1232.0,478.0,"0,19862","0,06437","-0,97796","0,08852","0,05803","-0,99438","3,77","3,78",Valid,Valid,"234,2","101,7","513,5","292,3","101,1","511,3","338,4","135,5","337,8","130,9","0,7198","0,4508","0,7207","0,4585","0,7188","0,4430",thumbnail_grossTrial,thumbnail_grossTrial.png,1245.0,1080.0,337.0,0.0,798.0,692.0,Fixation,358.0,27.0,1229.0,483.0,"0,7163","0,4472",,
24849,11160932,1400450432219,Eye Tracker,Participant0058,17.09.2021,Participant0058,Recording4,17.09.2021,17.09.2021,14:48:45.713,12:48:45.713,64514,Timeline2,Tobii I-VT (Fixation),1.145.28180,1080,1920,"10,00",679025272.0,,,1232.0,487.0,1234.0,502.0,1229.0,473.0,"0,19815","0,06746","-0,97785","0,08687","0,05482","-0,99471",,,Valid,Valid,"234,2","101,9","513,5","292,3","101,2","511,3","338,2","137,3","336,9","129,3","0,7181","0,4511","0,7200","0,4645","0,7162","0,4376",thumbnail_grossTrial,thumbnail_grossTrial.png,1245.0,1080.0,337.0,0.0,798.0,692.0,Fixation,358.0,27.0,1229.0,483.0,"0,7163","0,4472",,
24850,11169244,1400450440531,Eye Tracker,Participant0058,17.09.2021,Participant0058,Recording4,17.09.2021,17.09.2021,14:48:45.713,12:48:45.713,64514,Timeline2,Tobii I-VT (Fixation),1.145.28180,1080,1920,"10,00",679033584.0,,,1231.0,489.0,1234.0,503.0,1228.0,476.0,"0,19838","0,06816","-0,97775","0,08638","0,05642","-0,99466",,,Valid,Valid,"234,1","101,9","513,5","292,2","101,2","511,4","338,3","137,7","336,6","130,2","0,7179","0,4531","0,7203","0,4658","0,7155","0,4404",thumbnail_grossTrial,thumbnail_grossTrial.png,1245.0,1080.0,337.0,0.0,798.0,692.0,Fixation,358.0,27.0,1229.0,483.0,"0,7163","0,4472",,
24851,11177620,1400450448907,Eye Tracker,Participant0058,17.09.2021,Participant0058,Recording4,17.09.2021,17.09.2021,14:48:45.713,12:48:45.713,64514,Timeline2,Tobii I-VT (Fixation),1.145.28180,1080,1920,"10,00",679041959.0,,,1209.0,503.0,1214.0,517.0,1204.0,489.0,"0,18771","0,07583","-0,97929","0,07319","0,06368","-0,99528","3,76","3,63",Valid,Valid,"234,2","101,8","513,4","292,3","101,1","511,4","332,6","141,5","329,9","133,8","0,6997","0,4659","0,7036","0,4789","0,6957","0,4529",thumbnail_grossTrial,thumbnail_grossTrial.png,1245.0,1080.0,337.0,0.0,798.0,692.0,Fixation,358.0,27.0,1229.0,483.0,"0,7163","0,4472",,
24852,11185930,1400450457217,Eye Tracker,Participant0058,17.09.2021,Participant0058,Recording4,17.09.2021,17.09.2021,14:48:45.713,12:48:45.713,64514,Timeline2,Tobii I-VT (Fixation),1.145.28180,1080,1920,"10,00",679050269.0,,,1228.0,479.0,1232.0,489.0,1225.0,469.0,"0,19702","0,06060","-0,97853","0,08466","0,05317","-0,99499",,,Valid,Valid,"234,2","101,9","513,4","292,3","101,1","511,4","337,6","133,7","335,8","128,5","0,7156","0,4435","0,7181","0,4524","0,7130","0,4347",thumbnail_grossTrial,thumbnail_grossTrial.png,1245.0,1080.0,337.0,0.0,798.0,692.0,Fixation,358.0,27.0,1229.0,483.0,"0,7163","0,4472",,
24853,11194235,1400450465522,Eye Tracker,Participant0058,17.09.2021,Participant0058,Recording4,17.09.2021,17.09.2021,14:48:45.713,12:48:45.713,64514,Timeline2,Tobii I-VT (Fixation),1.145.28180,1080,1920,"10,00",679058574.0,,,1234.0,477.0,1244.0,484.0,1224.0,471.0,"0,20311","0,05807","-0,97743","0,08397","0,05382","-0,99501",,,Valid,Valid,"234,1","101,9","513,4","292,2","101,1","511,5","340,8","132,4","335,4","128,8","0,7197","0,4419","0,7276","0,4481","0,7118","0,4358",thumbnail_grossTrial,thumbnail_grossTrial.png,1245.0,1080.0,337.0,0.0,798.0,692.0,Fixation,358.0,27.0,1229.0,483.0,"0,7163","0,4472",,
24854,11202565,1400450473852,Eye Tracker,Participant0058,17.09.2021,Participant0058,Recording4,17.09.2021,17.09.2021,14:48:45.713,12:48:45.713,64514,Timeline2,Tobii I-VT (Fixation),1.145.28180,1080,1920,"10,00",679066903.0,,,1225.0,472.0,,,1225.0,472.0,,,,"0,08438","0,05470","-0,99493",,"3,64",Invalid,Valid,,,,"292,3","101,1","511,5",,,"335,7","129,2","0,7126","0,4371",,,"0,7126","0,4371",thumbnail_grossTrial,thumbnail_grossTrial.png,1245.0,1080.0,337.0,0.0,798.0,692.0,Fixation,358.0,27.0,1229.0,483.0,"0,7163","0,4472",,
24855,11210928,1400450482215,Eye Tracker,Participant0058,17.09.2021,Participant0058,Recording4,17.09.2021,17.09.2021,14:48:45.713,12:48:45.713,64514,Timeline2,Tobii I-VT (Fixation),1.145.28180,1080,1920,"10,00",679075266.0,,,1225.0,492.0,1242.0,489.0,1208.0,495.0,"0,20227","0,06045","-0,97746","0,07521","0,06664","-0,99494",,,Valid,Valid,"234,2","101,9","513,3","292,3","101,1","511,5","340,4","133,7","330,9","135,3","0,7126","0,4551","0,7264","0,4523","0,6987","0,4579",thumbnail_grossTrial,thumbnail_grossTrial.png,1245.0,1080.0,337.0,0.0,798.0,692.0,Fixation,358.0,27.0,1229.0,483.0,"0,7163","0,4472",,
24856,11219243,1400450490530,Eye Tracker,Participant0058,17.09.2021,Participant0058,Recording4,17.09.2021,17.09.2021,14:48:45.713,12:48:45.713,64514,Timeline2,Tobii I-VT (Fixation),1.145.28180,1080,1920,"10,00",679083580.0,,,1222.0,493.0,1236.0,491.0,1207.0,494.0,"0,19962","0,06182","-0,97792","0,07532","0,06656","-0,99494",,,Valid,Valid,"234,1","101,9","513,3","292,2","101,1","511,6","338,9","134,4","330,9","135,3","0,7103","0,4562","0,7219","0,4547","0,6987","0,4578",thumbnail_grossTrial,thumbnail_grossTrial.png,1245.0,1080.0,337.0,0.0,798.0,692.0,Fixation,358.0,27.0,1229.0,483.0,"0,7163","0,4472",,
24857,11227566,1400450498853,Eye Tracker,Participant0058,17.09.2021,Participant0058,Recording4,17.09.2021,17.09.2021,14:48:45.713,12:48:45.713,64514,Timeline2,Tobii I-VT (Fixation),1.145.28180,1080,1920,"10,00",679091903.0,,,1237.0,482.0,1237.0,488.0,1237.0,477.0,"0,19998","0,06029","-0,97794","0,09089","0,05718","-0,99422","3,81","3,82",Valid,Valid,"234,1","101,9","513,3","292,3","101,0","511,7","339,1","133,5","339,1","130,4","0,7226","0,4465","0,7226","0,4518","0,7225","0,4413",thumbnail_grossTrial,thumbnail_grossTrial.png,1245.0,1080.0,337.0,0.0,798.0,692.0,Fixation,358.0,27.0,1229.0,483.0,"0,7163","0,4472",,
24858,11235898,1400450507185,Eye Tracker,Participant0058,17.09.2021,Participant0058,Recording4,17.09.2021,17.09.2021,14:48:45.713,12:48:45.713,64514,Timeline2,Tobii I-VT (Fixation),1.145.28180,1080,1920,"10,00",679100234.0,,,1224.0,483.0,1237.0,484.0,1212.0,482.0,"0,19994","0,05829","-0,97807","0,07750","0,06010","-0,99518",,,Valid,Valid,"234,1","102,0","513,2","292,2","101,0","511,7","339,0","132,5","332,1","131,9","0,7123","0,4474","0,7224","0,4485","0,7021","0,4463",thumbnail_grossTrial,thumbnail_grossTrial.png,1245.0,1080.0,337.0,0.0,798.0,692.0,Fixation,358.0,27.0,1229.0,483.0,"0,7163","0,4472",,
24859,11244239,1400450515526,Eye Tracker,Participant0058,17.09.2021,Participant0058,Recording4,17.09.2021,17.09.2021,14:48:45.713,12:48:45.713,64514,Timeline2,Tobii I-VT (Fixation),1.145.28180,1080,1920,"10,00",679108575.0,,,1223.0,481.0,1234.0,480.0,1212.0,482.0,"0,19847","0,05616","-0,97850","0,07760","0,06004","-0,99518",,,Valid,Valid,"234,0","102,0","513,2","292,2","101,0","511,8","338,1","131,4","332,1","131,9","0,7110","0,4454","0,7198","0,4446","0,7021","0,4463",thumbnail_grossTrial,thumbnail_grossTrial.png,1245.0,1080.0,337.0,0.0,798.0,692.0,Fixation,358.0,27.0,1229.0,483.0,"0,7163","0,4472",,
24860,11252561,1400450523848,Eye Tracker,Participant0058,17.09.2021,Participant0058,Recording4,17.09.2021,17.09.2021,14:48:45.713,12:48:45.713,64514,Timeline2,Tobii I-VT (Fixation),1.145.28180,1080,1920,"10,00",679116897.0,,,1236.0,477.0,1235.0,480.0,1236.0,475.0,"0,19885","0,05600","-0,97843","0,09056","0,05661","-0,99428","3,80","3,80",Valid,Valid,"234,1","101,9","513,3","292,3","100,9","511,8","338,4","131,3","338,9","130,1","0,7213","0,4421","0,7207","0,4441","0,7220","0,4401",thumbnail_grossTrial,thumbnail_grossTrial.png,1245.0,1080.0,337.0,0.0,798.0,692.0,Fixation,358.0,27.0,1229.0,483.0,"0,7163","0,4472",,
24861,11260905,1400450532192,Eye Tracker,Participant0058,17.09.2021,Participant0058,Recording4,17.09.2021,17.09.2021,14:48:45.713,12:48:45.713,64514,Timeline2,Tobii I-VT (Fixation),1.145.28180,1080,1920,"10,00",679125240.0,,,1238.0,475.0,1239.0,479.0,1237.0,471.0,"0,20084","0,05561","-0,97804","0,09081","0,05451","-0,99438",,,Valid,Valid,"234,1","102,0","513,2","292,2","101,0","511,8","339,5","131,2","339,0","129,0","0,7231","0,4401","0,7238","0,4437","0,7223","0,4365",thumbnail_grossTrial,thumbnail_grossTrial.png,1245.0,1080.0,337.0,0.0,798.0,692.0,Fixation,358.0,27.0,1229.0,483.0,"0,7163","0,4472",,
24862,11269236,1400450540523,Eye Tracker,Participant0058,17.09.2021,Participant0058,Recording4,17.09.2021,17.09.2021,14:48:45.713,12:48:45.713,64514,Timeline2,Tobii I-VT (Fixation),1.145.28180,1080,1920,"10,00",679133570.0,,,1242.0,473.0,1242.0,476.0,1241.0,469.0,"0,20274","0,05415","-0,97773","0,09318","0,05301","-0,99424",,,Valid,Valid,"234,1","102,0","513,2","292,2","101,0","511,9","340,5","130,4","340,2","128,2","0,7262","0,4375","0,7267","0,4412","0,7258","0,4339",thumbnail_grossTrial,thumbnail_grossTrial.png,1245.0,1080.0,337.0,0.0,798.0,692.0,Fixation,358.0,27.0,1229.0,483.0,"0,7163","0,4472",,
24863,11277599,1400450548886,Eye Tracker,Participant0058,17.09.2021,Participant0058,Recording4,17.09.2021,17.09.2021,14:48:45.713,12:48:45.713,64514,Timeline2,Tobii I-VT (Fixation),1.145.28180,1080,1920,"10,00",679141933.0,,,1229.0,476.0,,,1229.0,476.0,,,,"0,08645","0,05706","-0,99462",,"3,68",Invalid,Valid,,,,"292,3","100,9","511,9",,,"336,8","130,3","0,7160","0,4407",,,"0,7160","0,4407",thumbnail_grossTrial,thumbnail_grossTrial.png,1245.0,1080.0,337.0,0.0,798.0,692.0,Fixation,358.0,27.0,1229.0,483.0,"0,7163","0,4472",,
24864,11285922,1400450557209,Eye Tracker,Participant0058,17.09.2021,Participant0058,Recording4,17.09.2021,17.09.2021,14:48:45.713,12:48:45.713,64514,Timeline2,Tobii I-VT (Fixation),1.145.28180,1080,1920,"10,00",679150256.0,,,1221.0,488.0,1215.0,505.0,1227.0,472.0,"0,18866","0,06908","-0,97961","0,08523","0,05486","-0,99485",,,Valid,Valid,"234,2","102,0","513,1","292,3","100,9","511,9","333,0","138,2","336,2","129,2","0,7094","0,4522","0,7047","0,4674","0,7140","0,4370",thumbnail_grossTrial,thumbnail_grossTrial.png,1245.0,1080.0,337.0,0.0,798.0,692.0,Fixation,358.0,27.0,1229.0,483.0,"0,7163","0,4472",,
24865,11294315,1400450565602,Eye Tracker,Participant0058,17.09.2021,Participant0058,Recording4,17.09.2021,17.09.2021,14:48:45.713,12:48:45.713,64514,Timeline2,Tobii I-VT (Fixation),1.145.28180,1080,1920,"10,00",679158648.0,,,1221.0,489.0,1215.0,505.0,1227.0,473.0,"0,18875","0,06907","-0,97959","0,08535","0,05535","-0,99481",,,Valid,Valid,"234,1","102,0","513,1","292,3","100,9","511,9","333,0","138,2","336,2","129,4","0,7094","0,4526","0,7047","0,4674","0,7141","0,4378",thumbnail_grossTrial,thumbnail_grossTrial.png,1245.0,1080.0,337.0,0.0,798.0,692.0,Fixation,358.0,27.0,1229.0,483.0,"0,7163","0,4472",,
24866,11302594,1400450573881,Eye Tracker,Participant0058,17.09.2021,Participant0058,Recording4,17.09.2021,17.09.2021,14:48:45.713,12:48:45.713,64514,Timeline2,Tobii I-VT (Fixation),1.145.28180,1080,1920,"10,00",679166927.0,,,1232.0,472.0,,,1232.0,472.0,,,,"0,08791","0,05498","-0,99461",,"3,71",Invalid,Valid,,,,"292,4","100,9","511,9",,,"337,6","129,2","0,7183","0,4370",,,"0,7183","0,4370",thumbnail_grossTrial,thumbnail_grossTrial.png,1245.0,1080.0,337.0,0.0,798.0,692.0,Fixation,358.0,27.0,1229.0,483.0,"0,7163","0,4472",,
24867,11310925,1400450582212,Eye Tracker,Participant0058,17.09.2021,Participant0058,Recording4,17.09.2021,17.09.2021,14:48:45.713,12:48:45.713,64514,Timeline2,Tobii I-VT (Fixation),1.145.28180,1080,1920,"10,00",679175257.0,,,1219.0,489.0,1205.0,507.0,1234.0,470.0,"0,18342","0,07022","-0,98052","0,08902","0,05389","-0,99457",,,Valid,Valid,"234,2","102,0","513,1","292,3","100,9","511,9","330,2","138,7","338,2","128,7","0,7081","0,4524","0,6964","0,4694","0,7199","0,4353",thumbnail_grossTrial,thumbnail_grossTrial.png,1245.0,1080.0,337.0,0.0,798.0,692.0,Fixation,358.0,27.0,1229.0,483.0,"0,7163","0,4472",,
24868,11319272,1400450590559,Eye Tracker,Participant0058,17.09.2021,Participant0058,Recording4,17.09.2021,17.09.2021,14:48:45.713,12:48:45.713,64514,Timeline2,Tobii I-VT (Fixation),1.145.28180,1080,1920,"10,00",679183604.0,,,1217.0,488.0,1205.0,507.0,1230.0,469.0,"0,18351","0,07023","-0,98051","0,08694","0,05306","-0,99480",,,Valid,Valid,"234,1","102,0","513,1","292,3","100,9","511,9","330,2","138,7","337,0","128,2","0,7065","0,4517","0,6964","0,4694","0,7165","0,4339",thumbnail_grossTrial,thumbnail_grossTrial.png,1245.0,1080.0,337.0,0.0,798.0,692.0,Fixation,358.0,27.0,1229.0,483.0,"0,7163","0,4472",,
24869,11327609,1400450598896,Eye Tracker,Participant0058,17.09.2021,Participant0058,Recording4,17.09.2021,17.09.2021,14:48:45.713,12:48:45.713,64514,Timeline2,Tobii I-VT (Fixation),1.145.28180,1080,1920,"10,00",679191940.0,,,1236.0,459.0,,,1236.0,459.0,,,,"0,09007","0,04822","-0,99477",,"3,89",Invalid,Valid,,,,"292,3","100,9","511,9",,,"338,7","125,7","0,7213","0,4253",,,"0,7213","0,4253",thumbnail_grossTrial,thumbnail_grossTrial.png,1245.0,1080.0,337.0,0.0,798.0,692.0,Fixation,358.0,27.0,1229.0,483.0,"0,7163","0,4472",,
24870,11335892,1400450607179,Eye Tracker,Participant0058,17.09.2021,Participant0058,Recording4,17.09.2021,17.09.2021,14:48:45.713,12:48:45.713,64514,Timeline2,Tobii I-VT (Fixation),1.145.28180,1080,1920,"10,00",679200223.0,,,1243.0,478.0,1250.0,484.0,1237.0,472.0,"0,20633","0,05821","-0,97675","0,09058","0,05503","-0,99437",,,Valid,Valid,"234,2","102,0","513,1","292,3","100,9","511,8","342,5","132,6","338,9","129,3","0,7274","0,4429","0,7327","0,4485","0,7222","0,4373",thumbnail_grossTrial,thumbnail_grossTrial.png,1245.0,1080.0,337.0,0.0,798.0,692.0,Fixation,358.0,27.0,1229.0,483.0,"0,7163","0,4472",,
24871,11344251,1400450615538,Eye Tracker,Participant0058,17.09.2021,Participant0058,Recording4,17.09.2021,17.09.2021,14:48:45.713,12:48:45.713,64514,Timeline2,Tobii I-VT (Fixation),1.145.28180,1080,1920,"10,00",679208581.0,,,1230.0,478.0,1216.0,484.0,1245.0,472.0,"0,18923","0,05815","-0,98021","0,09523","0,05472","-0,99395",,,Valid,Valid,"234,1","102,0","513,1","292,2","101,0","511,9","333,2","132,5","341,3","129,1","0,7171","0,4425","0,7052","0,4482","0,7290","0,4369",thumbnail_grossTrial,thumbnail_grossTrial.png,1245.0,1080.0,337.0,0.0,798.0,692.0,Fixation,358.0,27.0,1229.0,483.0,"0,7163","0,4472",,
24872,11352638,1400450623925,Eye Tracker,Participant0058,17.09.2021,Participant0058,Recording4,17.09.2021,17.09.2021,14:48:45.713,12:48:45.713,64514,Timeline2,Tobii I-VT (Fixation),1.145.28180,1080,1920,"10,00",679216968.0,,,1195.0,501.0,,,1195.0,501.0,,,,"0,06882","0,07038","-0,99514",,"3,99",Invalid,Valid,,,,"292,2","101,0","512,0",,,"327,6","137,2","0,6888","0,4642",,,"0,6888","0,4642",thumbnail_grossTrial,thumbnail_grossTrial.png,1245.0,1080.0,337.0,0.0,798.0,692.0,Saccade,50.0,42.0,,,,,,
24873,11360887,1400450632174,Eye Tracker,Participant0058,17.09.2021,Participant0058,Recording4,17.09.2021,17.09.2021,14:48:45.713,12:48:45.713,64514,Timeline2,Tobii I-VT (Fixation),1.145.28180,1080,1920,"10,00",679225217.0,,,1230.0,488.0,1246.0,478.0,1215.0,497.0,"0,20455","0,05469","-0,97733","0,07954","0,06791","-0,99452",,,Valid,Valid,"233,9","102,1","513,5","291,9","101,2","512,0","341,4","130,9","332,9","136,1","0,7169","0,4517","0,7293","0,4428","0,7044","0,4606",thumbnail_grossTrial,thumbnail_grossTrial.png,1245.0,1080.0,337.0,0.0,798.0,692.0,Saccade,50.0,42.0,,,,,,
24874,11369257,1400450640544,Eye Tracker,Participant0058,17.09.2021,Participant0058,Recording4,17.09.2021,17.09.2021,14:48:45.713,12:48:45.713,64514,Timeline2,Tobii I-VT (Fixation),1.145.28180,1080,1920,"10,00",679233587.0,,,1129.0,587.0,1119.0,611.0,1138.0,563.0,"0,13958","0,12420","-0,98239","0,03933","0,10230","-0,99398",,,Valid,Valid,"233,8","102,1","513,8","291,8","101,3","511,9","306,8","167,1","312,0","154,0","0,6356","0,5432","0,6279","0,5653","0,6433","0,5211",thumbnail_grossTrial,thumbnail_grossTrial.png,1245.0,1080.0,337.0,0.0,798.0,692.0,Saccade,50.0,42.0,,,,,,
24875,11377567,1400450648854,Eye Tracker,Participant0058,17.09.2021,Participant0058,Recording4,17.09.2021,17.09.2021,14:48:45.713,12:48:45.713,64514,Timeline2,Tobii I-VT (Fixation),1.145.28180,1080,1920,"10,00",679241896.0,,,1094.0,638.0,,,1094.0,638.0,,,,"0,01552","0,14146","-0,98982",,"4,17",Invalid,Valid,,,,"291,8","101,3","512,2",,,"299,8","174,5","0,6076","0,5904",,,"0,6076","0,5904",thumbnail_grossTrial,thumbnail_grossTrial.png,1245.0,1080.0,337.0,0.0,798.0,692.0,Saccade,50.0,42.0,,,,,,
24876,11385898,1400450657185,Eye Tracker,Participant0058,17.09.2021,Participant0058,Recording4,17.09.2021,17.09.2021,14:48:45.713,12:48:45.713,64514,Timeline2,Tobii I-VT (Fixation),1.145.28180,1080,1920,"10,00",679250226.0,,,1088.0,683.0,1093.0,671.0,1084.0,695.0,"0,12546","0,15507","-0,97990","0,01002","0,17118","-0,98519",,,Valid,Valid,"233,7","102,1","514,3","291,8","101,3","512,4","299,6","183,5","297,0","190,3","0,6031","0,6324","0,6069","0,6209","0,5993","0,6438",thumbnail_grossTrial,thumbnail_grossTrial.png,1245.0,1080.0,337.0,0.0,798.0,692.0,Saccade,50.0,42.0,,,,,,
24877,11394321,1400450665608,Eye Tracker,Participant0058,17.09.2021,Participant0058,Recording4,17.09.2021,17.09.2021,14:48:45.713,12:48:45.713,64514,Timeline2,Tobii I-VT (Fixation),1.145.28180,1080,1920,"10,00",679258649.0,,,1086.0,702.0,1088.0,708.0,1084.0,695.0,"0,12254","0,17395","-0,97710","0,01001","0,17109","-0,98521",,,Valid,Valid,"233,7","102,1","514,3","291,8","101,3","512,5","298,2","193,7","297,0","190,3","0,6010","0,6496","0,6029","0,6554","0,5992","0,6438",thumbnail_grossTrial,thumbnail_grossTrial.png,1245.0,1080.0,337.0,0.0,798.0,692.0,Saccade,50.0,42.0,,,,,,
24878,11402563,1400450673850,Eye Tracker,Participant0058,17.09.2021,Participant0058,Recording4,17.09.2021,17.09.2021,14:48:45.713,12:48:45.713,64514,Timeline2,Tobii I-VT (Fixation),1.145.28180,1080,1920,"10,00",679266891.0,,,1094.0,713.0,1091.0,716.0,1097.0,709.0,"0,12396","0,17824","-0,97615","0,01700","0,17795","-0,98389","3,91","4,06",Valid,Valid,"233,7","102,1","514,3","291,8","101,2","512,6","299,0","196,1","300,7","193,9","0,6077","0,6598","0,6053","0,6633","0,6101","0,6562",thumbnail_grossTrial,thumbnail_grossTrial.png,1245.0,1080.0,337.0,0.0,798.0,692.0,Fixation,408.0,28.0,1089.0,716.0,"0,6036","0,6629",,
24879,11410955,1400450682242,Eye Tracker,Participant0058,17.09.2021,Participant0058,Recording4,17.09.2021,17.09.2021,14:48:45.713,12:48:45.713,64514,Timeline2,Tobii I-VT (Fixation),1.145.28180,1080,1920,"10,00",679275282.0,,,1091.0,714.0,1089.0,717.0,1093.0,711.0,"0,12275","0,17863","-0,97623","0,01478","0,17925","-0,98369",,,Valid,Valid,"233,8","102,2","514,3","291,8","101,2","512,5","298,4","196,3","299,5","194,6","0,6051","0,6613","0,6034","0,6641","0,6067","0,6585",thumbnail_grossTrial,thumbnail_grossTrial.png,1245.0,1080.0,337.0,0.0,798.0,692.0,Fixation,408.0,28.0,1089.0,716.0,"0,6036","0,6629",,
24880,11419247,1400450690534,Eye Tracker,Participant0058,17.09.2021,Participant0058,Recording4,17.09.2021,17.09.2021,14:48:45.713,12:48:45.713,64514,Timeline2,Tobii I-VT (Fixation),1.145.28180,1080,1920,"10,00",679283574.0,,,1093.0,713.0,1088.0,714.0,1099.0,713.0,"0,12224","0,17682","-0,97662","0,01782","0,18020","-0,98347",,,Valid,Valid,"233,7","102,2","514,3","291,8","101,2","512,6","298,1","195,3","301,1","195,2","0,6069","0,6605","0,6025","0,6607","0,6113","0,6603",thumbnail_grossTrial,thumbnail_grossTrial.png,1245.0,1080.0,337.0,0.0,798.0,692.0,Fixation,408.0,28.0,1089.0,716.0,"0,6036","0,6629",,
24881,11427591,1400450698878,Eye Tracker,Participant0058,17.09.2021,Participant0058,Recording4,17.09.2021,17.09.2021,14:48:45.713,12:48:45.713,64514,Timeline2,Tobii I-VT (Fixation),1.145.28180,1080,1920,"10,00",679291917.0,,,1093.0,716.0,1088.0,713.0,1097.0,718.0,"0,12243","0,17677","-0,97661","0,01713","0,18287","-0,98299","4,19","4,09",Valid,Valid,"233,7","102,1","514,4","291,9","101,2","512,7","298,2","195,2","300,8","196,5","0,6066","0,6627","0,6028","0,6605","0,6104","0,6650",thumbnail_grossTrial,thumbnail_grossTrial.png,1245.0,1080.0,337.0,0.0,798.0,692.0,Fixation,408.0,28.0,1089.0,716.0,"0,6036","0,6629",,
24882,11435884,1400450707171,Eye Tracker,Participant0058,17.09.2021,Participant0058,Recording4,17.09.2021,17.09.2021,14:48:45.713,12:48:45.713,64514,Timeline2,Tobii I-VT (Fixation),1.145.28180,1080,1920,"10,00",679300210.0,,,1090.0,717.0,1091.0,717.0,1089.0,717.0,"0,12383","0,17871","-0,97608","0,01289","0,18250","-0,98312",,,Valid,Valid,"233,7","102,1","514,5","291,9","101,1","512,8","299,0","196,3","298,6","196,3","0,6046","0,6641","0,6052","0,6640","0,6040","0,6642",thumbnail_grossTrial,thumbnail_grossTrial.png,1245.0,1080.0,337.0,0.0,798.0,692.0,Fixation,408.0,28.0,1089.0,716.0,"0,6036","0,6629",,
24883,11444246,1400450715533,Eye Tracker,Participant0058,17.09.2021,Participant0058,Recording4,17.09.2021,17.09.2021,14:48:45.713,12:48:45.713,64514,Timeline2,Tobii I-VT (Fixation),1.145.28180,1080,1920,"10,00",679308572.0,,,1090.0,721.0,1090.0,722.0,1090.0,721.0,"0,12341","0,18101","-0,97571","0,01316","0,18439","-0,98276",,,Valid,Valid,"233,7","102,0","514,7","291,9","101,0","513,0","298,8","197,5","298,7","197,3","0,6044","0,6678","0,6045","0,6681","0,6044","0,6675",thumbnail_grossTrial,thumbnail_grossTrial.png,1245.0,1080.0,337.0,0.0,798.0,692.0,Fixation,408.0,28.0,1089.0,716.0,"0,6036","0,6629",,
24884,11452590,1400450723877,Eye Tracker,Participant0058,17.09.2021,Participant0058,Recording4,17.09.2021,17.09.2021,14:48:45.713,12:48:45.713,64514,Timeline2,Tobii I-VT (Fixation),1.145.28180,1080,1920,"10,00",679316915.0,,,1093.0,715.0,1095.0,714.0,1090.0,717.0,"0,12590","0,17724","-0,97608","0,01313","0,18239","-0,98314","4,23","4,10",Valid,Valid,"233,7","101,9","514,9","291,9","100,9","513,3","300,1","195,4","298,8","196,1","0,6065","0,6623","0,6084","0,6611","0,6045","0,6636",thumbnail_grossTrial,thumbnail_grossTrial.png,1245.0,1080.0,337.0,0.0,798.0,692.0,Fixation,408.0,28.0,1089.0,716.0,"0,6036","0,6629",,
24885,11460961,1400450732248,Eye Tracker,Participant0058,17.09.2021,Participant0058,Recording4,17.09.2021,17.09.2021,14:48:45.713,12:48:45.713,64514,Timeline2,Tobii I-VT (Fixation),1.145.28180,1080,1920,"10,00",679325285.0,,,1096.0,715.0,1104.0,716.0,1088.0,714.0,"0,13021","0,17805","-0,97537","0,01171","0,18090","-0,98343",,,Valid,Valid,"233,7","101,8","515,0","292,0","100,8","513,5","302,5","195,8","298,1","195,3","0,6088","0,6616","0,6153","0,6626","0,6024","0,6607",thumbnail_grossTrial,thumbnail_grossTrial.png,1245.0,1080.0,337.0,0.0,798.0,692.0,Fixation,408.0,28.0,1089.0,716.0,"0,6036","0,6629",,
24886,11469231,1400450740518,Eye Tracker,Participant0058,17.09.2021,Participant0058,Recording4,17.09.2021,17.09.2021,14:48:45.713,12:48:45.713,64514,Timeline2,Tobii I-VT (Fixation),1.145.28180,1080,1920,"10,00",679333555.0,,,1096.0,711.0,1103.0,712.0,1089.0,709.0,"0,13000","0,17650","-0,97568","0,01263","0,17887","-0,98379",,,Valid,Valid,"233,7","101,7","515,3","292,0","100,7","513,8","302,3","194,9","298,6","194,1","0,6094","0,6581","0,6149","0,6595","0,6039","0,6567",thumbnail_grossTrial,thumbnail_grossTrial.png,1245.0,1080.0,337.0,0.0,798.0,692.0,Fixation,408.0,28.0,1089.0,716.0,"0,6036","0,6629",,
24887,11477592,1400450748879,Eye Tracker,Participant0058,17.09.2021,Participant0058,Recording4,17.09.2021,17.09.2021,14:48:45.713,12:48:45.713,64514,Timeline2,Tobii I-VT (Fixation),1.145.28180,1080,1920,"10,00",679341916.0,,,1090.0,716.0,1096.0,721.0,1083.0,712.0,"0,12641","0,18091","-0,97534","0,00917","0,18040","-0,98355","3,93","3,78",Valid,Valid,"233,7","101,6","515,6","292,0","100,5","514,2","300,5","197,2","296,8","194,8","0,6042","0,6632","0,6095","0,6672","0,5988","0,6592",thumbnail_grossTrial,thumbnail_grossTrial.png,1245.0,1080.0,337.0,0.0,798.0,692.0,Fixation,408.0,28.0,1089.0,716.0,"0,6036","0,6629",,
24888,11485923,1400450757210,Eye Tracker,Participant0058,17.09.2021,Participant0058,Recording4,17.09.2021,17.09.2021,14:48:45.713,12:48:45.713,64514,Timeline2,Tobii I-VT (Fixation),1.145.28180,1080,1920,"10,00",679350246.0,,,1086.0,715.0,1091.0,722.0,1081.0,709.0,"0,12344","0,18175","-0,97557","0,00826","0,17892","-0,98383",,,Valid,Valid,"233,7","101,5","515,8","292,1","100,4","514,4","298,9","197,5","296,4","193,9","0,6012","0,6623","0,6049","0,6684","0,5975","0,6562",thumbnail_grossTrial,thumbnail_grossTrial.png,1245.0,1080.0,337.0,0.0,798.0,692.0,Fixation,408.0,28.0,1089.0,716.0,"0,6036","0,6629",,
24889,11494214,1400450765501,Eye Tracker,Participant0058,17.09.2021,Participant0058,Recording4,17.09.2021,17.09.2021,14:48:45.713,12:48:45.713,64514,Timeline2,Tobii I-VT (Fixation),1.145.28180,1080,1920,"10,00",679358537.0,,,1088.0,716.0,1090.0,723.0,1086.0,709.0,"0,12300","0,18265","-0,97545","0,01073","0,17941","-0,98372",,,Valid,Valid,"233,6","101,3","516,1","292,0","100,2","514,7","298,7","198,0","297,7","194,1","0,6028","0,6633","0,6043","0,6698","0,6012","0,6568",thumbnail_grossTrial,thumbnail_grossTrial.png,1245.0,1080.0,337.0,0.0,798.0,692.0,Fixation,408.0,28.0,1089.0,716.0,"0,6036","0,6629",,
24890,11502578,1400450773865,Eye Tracker,Participant0058,17.09.2021,Participant0058,Recording4,17.09.2021,17.09.2021,14:48:45.713,12:48:45.713,64514,Timeline2,Tobii I-VT (Fixation),1.145.28180,1080,1920,"10,00",679366900.0,,,1087.0,720.0,1087.0,730.0,1086.0,711.0,"0,12156","0,18592","-0,97502","0,01039","0,18034","-0,98355","3,96","3,83",Valid,Valid,"233,6","101,2","516,4","292,1","100,1","515,0","298,0","199,7","297,6","194,5","0,6016","0,6668","0,6023","0,6755","0,6010","0,6581",thumbnail_grossTrial,thumbnail_grossTrial.png,1245.0,1080.0,337.0,0.0,798.0,692.0,Fixation,408.0,28.0,1089.0,716.0,"0,6036","0,6629",,
24891,11510907,1400450782194,Eye Tracker,Participant0058,17.09.2021,Participant0058,Recording4,17.09.2021,17.09.2021,14:48:45.713,12:48:45.713,64514,Timeline2,Tobii I-VT (Fixation),1.145.28180,1080,1920,"10,00",679375229.0,,,1087.0,721.0,1086.0,727.0,1087.0,716.0,"0,12087","0,18468","-0,97534","0,01097","0,18296","-0,98306",,,Valid,Valid,"233,7","101,1","516,6","292,2","100,0","515,2","297,7","198,9","297,9","195,9","0,6016","0,6678","0,6013","0,6730","0,6019","0,6627",thumbnail_grossTrial,thumbnail_grossTrial.png,1245.0,1080.0,337.0,0.0,798.0,692.0,Fixation,408.0,28.0,1089.0,716.0,"0,6036","0,6629",,
24892,11519256,1400450790543,Eye Tracker,Participant0058,17.09.2021,Participant0058,Recording4,17.09.2021,17.09.2021,14:48:45.713,12:48:45.713,64514,Timeline2,Tobii I-VT (Fixation),1.145.28180,1080,1920,"10,00",679383577.0,,,1085.0,720.0,1088.0,724.0,1082.0,717.0,"0,12185","0,18357","-0,97543","0,00832","0,18350","-0,98299",,,Valid,Valid,"233,6","101,0","516,8","292,1","99,9","515,5","298,1","198,2","296,5","196,1","0,6002","0,6671","0,6027","0,6707","0,5978","0,6635",thumbnail_grossTrial,thumbnail_grossTrial.png,1245.0,1080.0,337.0,0.0,798.0,692.0,Fixation,408.0,28.0,1089.0,716.0,"0,6036","0,6629",,
24893,11527587,1400450798874,Eye Tracker,Participant0058,17.09.2021,Participant0058,Recording4,17.09.2021,17.09.2021,14:48:45.713,12:48:45.713,64514,Timeline2,Tobii I-VT (Fixation),1.145.28180,1080,1920,"10,00",679391908.0,,,1085.0,718.0,1089.0,719.0,1081.0,717.0,"0,12249","0,18110","-0,97581","0,00764","0,18374","-0,98295","3,96","3,85",Valid,Valid,"233,6","100,9","517,1","292,2","99,8","515,8","298,5","196,8","296,2","196,2","0,6003","0,6649","0,6037","0,6660","0,5970","0,6637",thumbnail_grossTrial,thumbnail_grossTrial.png,1245.0,1080.0,337.0,0.0,798.0,692.0,Fixation,408.0,28.0,1089.0,716.0,"0,6036","0,6629",,
24894,11535880,1400450807167,Eye Tracker,Participant0058,17.09.2021,Participant0058,Recording4,17.09.2021,17.09.2021,14:48:45.713,12:48:45.713,64514,Timeline2,Tobii I-VT (Fixation),1.145.28180,1080,1920,"10,00",679400201.0,,,1086.0,720.0,1090.0,719.0,1082.0,721.0,"0,12307","0,18128","-0,97570","0,00849","0,18594","-0,98252",,,Valid,Valid,"233,6","100,8","517,2","292,2","99,7","515,9","298,9","196,9","296,7","197,3","0,6015","0,6669","0,6047","0,6662","0,5983","0,6677",thumbnail_grossTrial,thumbnail_grossTrial.png,1245.0,1080.0,337.0,0.0,798.0,692.0,Fixation,408.0,28.0,1089.0,716.0,"0,6036","0,6629",,
24895,11544229,1400450815516,Eye Tracker,Participant0058,17.09.2021,Participant0058,Recording4,17.09.2021,17.09.2021,14:48:45.713,12:48:45.713,64514,Timeline2,Tobii I-VT (Fixation),1.145.28180,1080,1920,"10,00",679408549.0,,,1078.0,719.0,1090.0,718.0,1067.0,721.0,"0,12307","0,18041","-0,97586","0,00025","0,18589","-0,98257",,,Valid,Valid,"233,5","100,7","517,4","292,2","99,7","516,1","298,8","196,4","292,3","197,3","0,5951","0,6660","0,6046","0,6645","0,5856","0,6675",thumbnail_grossTrial,thumbnail_grossTrial.png,1245.0,1080.0,337.0,0.0,798.0,692.0,Fixation,408.0,28.0,1089.0,716.0,"0,6036","0,6629",,
24896,11552567,1400450823854,Eye Tracker,Participant0058,17.09.2021,Participant0058,Recording4,17.09.2021,17.09.2021,14:48:45.713,12:48:45.713,64514,Timeline2,Tobii I-VT (Fixation),1.145.28180,1080,1920,"10,00",679416887.0,,,1084.0,716.0,1091.0,717.0,1076.0,715.0,"0,12361","0,17996","-0,97588","0,00513","0,18309","-0,98308","3,98","4,23",Valid,Valid,"233,6","100,6","517,7","292,2","99,6","516,2","299,1","196,1","294,9","195,7","0,5994","0,6629","0,6056","0,6635","0,5932","0,6623",thumbnail_grossTrial,thumbnail_grossTrial.png,1245.0,1080.0,337.0,0.0,798.0,692.0,Fixation,408.0,28.0,1089.0,716.0,"0,6036","0,6629",,
24897,11560905,1400450832192,Eye Tracker,Participant0058,17.09.2021,Participant0058,Recording4,17.09.2021,17.09.2021,14:48:45.713,12:48:45.713,64514,Timeline2,Tobii I-VT (Fixation),1.145.28180,1080,1920,"10,00",679425224.0,,,1077.0,712.0,1083.0,717.0,1071.0,708.0,"0,11921","0,18039","-0,97634","0,00237","0,17921","-0,98381",,,Valid,Valid,"233,6","100,6","517,8","292,3","99,6","516,2","296,8","196,3","293,5","193,6","0,5939","0,6596","0,5988","0,6640","0,5890","0,6551",thumbnail_grossTrial,thumbnail_grossTrial.png,1245.0,1080.0,337.0,0.0,798.0,692.0,Fixation,408.0,28.0,1089.0,716.0,"0,6036","0,6629",,
24898,11569253,1400450840540,Eye Tracker,Participant0058,17.09.2021,Participant0058,Recording4,17.09.2021,17.09.2021,14:48:45.713,12:48:45.713,64514,Timeline2,Tobii I-VT (Fixation),1.145.28180,1080,1920,"10,00",679433572.0,,,1087.0,713.0,1086.0,716.0,1088.0,709.0,"0,12058","0,18003","-0,97624","0,01139","0,17979","-0,98364",,,Valid,Valid,"233,5","100,6","517,9","292,2","99,6","516,3","297,5","196,1","298,2","194,0","0,6018","0,6598","0,6008","0,6634","0,6028","0,6562",thumbnail_grossTrial,thumbnail_grossTrial.png,1245.0,1080.0,337.0,0.0,798.0,692.0,Fixation,408.0,28.0,1089.0,716.0,"0,6036","0,6629",,
24899,11577556,1400450848843,Eye Tracker,Participant0058,17.09.2021,Participant0058,Recording4,17.09.2021,17.09.2021,14:48:45.713,12:48:45.713,64514,Timeline2,Tobii I-VT (Fixation),1.145.28180,1080,1920,"10,00",679441875.0,,,1098.0,713.0,1103.0,714.0,1092.0,712.0,"0,12924","0,17872","-0,97537","0,01351","0,18136","-0,98332","4,21","4,24",Valid,Valid,"233,6","100,5","518,0","292,3","99,5","516,4","302,2","195,4","299,4","194,8","0,6104","0,6601","0,6146","0,6612","0,6062","0,6591",thumbnail_grossTrial,thumbnail_grossTrial.png,1245.0,1080.0,337.0,0.0,798.0,692.0,Fixation,408.0,28.0,1089.0,716.0,"0,6036","0,6629",,
24900,11585877,1400450857164,Eye Tracker,Participant0058,17.09.2021,Participant0058,Recording4,17.09.2021,17.09.2021,14:48:45.713,12:48:45.713,64514,Timeline2,Tobii I-VT (Fixation),1.145.28180,1080,1920,"10,00",679450195.0,,,1096.0,715.0,1102.0,716.0,1089.0,715.0,"0,12894","0,17983","-0,97521","0,01199","0,18274","-0,98309",,,Valid,Valid,"233,6","100,5","518,1","292,3","99,6","516,4","302,1","196,0","298,6","195,6","0,6091","0,6625","0,6143","0,6633","0,6039","0,6616",thumbnail_grossTrial,thumbnail_grossTrial.png,1245.0,1080.0,337.0,0.0,798.0,692.0,Fixation,408.0,28.0,1089.0,716.0,"0,6036","0,6629",,
24901,11594234,1400450865521,Eye Tracker,Participant0058,17.09.2021,Participant0058,Recording4,17.09.2021,17.09.2021,14:48:45.713,12:48:45.713,64514,Timeline2,Tobii I-VT (Fixation),1.145.28180,1080,1920,"10,00",679458551.0,,,1084.0,717.0,1085.0,722.0,1083.0,712.0,"0,12002","0,18269","-0,97582","0,00853","0,18158","-0,98334",,,Valid,Valid,"233,5","100,5","518,1","292,2","99,6","516,5","297,3","197,5","296,7","194,9","0,5993","0,6639","0,6001","0,6682","0,5985","0,6595",thumbnail_grossTrial,thumbnail_grossTrial.png,1245.0,1080.0,337.0,0.0,798.0,692.0,Fixation,408.0,28.0,1089.0,716.0,"0,6036","0,6629",,
24902,11602582,1400450873869,Eye Tracker,Participant0058,17.09.2021,Participant0058,Recording4,17.09.2021,17.09.2021,14:48:45.713,12:48:45.713,64514,Timeline2,Tobii I-VT (Fixation),1.145.28180,1080,1920,"10,00",679466899.0,,,1086.0,717.0,1087.0,722.0,1085.0,712.0,"0,12132","0,18273","-0,97565","0,00950","0,18168","-0,98331","4,24","3,86",Valid,Valid,"233,6","100,5","518,2","292,3","99,5","516,5","298,0","197,5","297,3","195,0","0,6012","0,6640","0,6023","0,6683","0,6001","0,6597",thumbnail_grossTrial,thumbnail_grossTrial.png,1245.0,1080.0,337.0,0.0,798.0,692.0,Fixation,408.0,28.0,1089.0,716.0,"0,6036","0,6629",,
24903,11610876,1400450882163,Eye Tracker,Participant0058,17.09.2021,Participant0058,Recording4,17.09.2021,17.09.2021,14:48:45.713,12:48:45.713,64514,Timeline2,Tobii I-VT (Fixation),1.145.28180,1080,1920,"10,00",679475193.0,,,1092.0,720.0,1092.0,723.0,1091.0,716.0,"0,12373","0,18347","-0,97521","0,01305","0,18366","-0,98290",,,Valid,Valid,"233,6","100,5","518,2","292,3","99,6","516,5","299,3","198,0","299,1","196,1","0,6059","0,6666","0,6062","0,6698","0,6056","0,6633",thumbnail_grossTrial,thumbnail_grossTrial.png,1245.0,1080.0,337.0,0.0,798.0,692.0,Fixation,408.0,28.0,1089.0,716.0,"0,6036","0,6629",,
24904,11619217,1400450890504,Eye Tracker,Participant0058,17.09.2021,Participant0058,Recording4,17.09.2021,17.09.2021,14:48:45.713,12:48:45.713,64514,Timeline2,Tobii I-VT (Fixation),1.145.28180,1080,1920,"10,00",679483534.0,,,1095.0,721.0,1095.0,723.0,1095.0,719.0,"0,12531","0,18344","-0,97501","0,01495","0,18477","-0,98267",,,Valid,Valid,"233,5","100,5","518,2","292,2","99,6","516,5","300,1","198,0","300,1","196,7","0,6084","0,6676","0,6085","0,6699","0,6084","0,6654",thumbnail_grossTrial,thumbnail_grossTrial.png,1245.0,1080.0,337.0,0.0,798.0,692.0,Fixation,408.0,28.0,1089.0,716.0,"0,6036","0,6629",,
24905,11627550,1400450898837,Eye Tracker,Participant0058,17.09.2021,Participant0058,Recording4,17.09.2021,17.09.2021,14:48:45.713,12:48:45.713,64514,Timeline2,Tobii I-VT (Fixation),1.145.28180,1080,1920,"10,00",679491865.0,,,1083.0,720.0,,,1083.0,720.0,,,,"0,00843","0,18553","-0,98260",,"4,28",Invalid,Valid,,,,"292,3","99,5","516,6",,,"296,7","197,1","0,5985","0,6668",,,"0,5985","0,6668",thumbnail_grossTrial,thumbnail_grossTrial.png,1245.0,1080.0,337.0,0.0,798.0,692.0,Fixation,408.0,28.0,1089.0,716.0,"0,6036","0,6629",,
24906,11635874,1400450907161,Eye Tracker,Participant0058,17.09.2021,Participant0058,Recording4,17.09.2021,17.09.2021,14:48:45.713,12:48:45.713,64514,Timeline2,Tobii I-VT (Fixation),1.145.28180,1080,1920,"10,00",679500189.0,,,1093.0,717.0,1092.0,718.0,1094.0,716.0,"0,12393","0,18084","-0,97567","0,01461","0,18351","-0,98291",,,Valid,Valid,"233,6","100,5","518,2","292,3","99,5","516,5","299,4","196,5","300,0","196,0","0,6072","0,6640","0,6064","0,6650","0,6080","0,6631",thumbnail_grossTrial,thumbnail_grossTrial.png,1245.0,1080.0,337.0,0.0,798.0,692.0,Fixation,408.0,28.0,1089.0,716.0,"0,6036","0,6629",,
24907,11644203,1400450915490,Eye Tracker,Participant0058,17.09.2021,Participant0058,Recording4,17.09.2021,17.09.2021,14:48:45.713,12:48:45.713,64514,Timeline2,Tobii I-VT (Fixation),1.145.28180,1080,1920,"10,00",679508518.0,,,1092.0,716.0,1091.0,715.0,1093.0,716.0,"0,12348","0,17946","-0,97599","0,01382","0,18359","-0,98291",,,Valid,Valid,"233,5","100,5","518,1","292,2","99,5","516,6","299,1","195,8","299,5","196,0","0,6060","0,6628","0,6054","0,6624","0,6066","0,6632",thumbnail_grossTrial,thumbnail_grossTrial.png,1245.0,1080.0,337.0,0.0,798.0,692.0,Fixation,408.0,28.0,1089.0,716.0,"0,6036","0,6629",,
24908,11652554,1400450923841,Eye Tracker,Participant0058,17.09.2021,Participant0058,Recording4,17.09.2021,17.09.2021,14:48:45.713,12:48:45.713,64514,Timeline2,Tobii I-VT (Fixation),1.145.28180,1080,1920,"10,00",679516869.0,,,1091.0,716.0,1088.0,717.0,1093.0,715.0,"0,12178","0,18006","-0,97609","0,01395","0,18308","-0,98300","4,05","4,26",Valid,Valid,"233,6","100,5","518,1","292,3","99,5","516,6","298,2","196,1","299,6","195,7","0,6049","0,6628","0,6028","0,6635","0,6070","0,6622",thumbnail_grossTrial,thumbnail_grossTrial.png,1245.0,1080.0,337.0,0.0,798.0,692.0,Fixation,408.0,28.0,1089.0,716.0,"0,6036","0,6629",,
24909,11660871,1400450932158,Eye Tracker,Participant0058,17.09.2021,Participant0058,Recording4,17.09.2021,17.09.2021,14:48:45.713,12:48:45.713,64514,Timeline2,Tobii I-VT (Fixation),1.145.28180,1080,1920,"10,00",679525185.0,,,1087.0,715.0,1082.0,718.0,1091.0,712.0,"0,11874","0,18061","-0,97636","0,01291","0,18154","-0,98330",,,Valid,Valid,"233,6","100,5","518,0","292,3","99,5","516,6","296,6","196,4","299,1","194,9","0,6017","0,6618","0,5981","0,6644","0,6054","0,6593",thumbnail_grossTrial,thumbnail_grossTrial.png,1245.0,1080.0,337.0,0.0,798.0,692.0,Fixation,408.0,28.0,1089.0,716.0,"0,6036","0,6629",,
24910,11669241,1400450940528,Eye Tracker,Participant0058,17.09.2021,Participant0058,Recording4,17.09.2021,17.09.2021,14:48:45.713,12:48:45.713,64514,Timeline2,Tobii I-VT (Fixation),1.145.28180,1080,1920,"10,00",679533554.0,,,1086.0,715.0,1084.0,717.0,1088.0,713.0,"0,11992","0,18049","-0,97624","0,01141","0,18184","-0,98326",,,Valid,Valid,"233,5","100,5","518,0","292,2","99,5","516,7","297,1","196,3","298,2","195,0","0,6013","0,6620","0,5997","0,6642","0,6029","0,6598",thumbnail_grossTrial,thumbnail_grossTrial.png,1245.0,1080.0,337.0,0.0,798.0,692.0,Fixation,408.0,28.0,1089.0,716.0,"0,6036","0,6629",,
24911,11677619,1400450948906,Eye Tracker,Participant0058,17.09.2021,Participant0058,Recording4,17.09.2021,17.09.2021,14:48:45.713,12:48:45.713,64514,Timeline2,Tobii I-VT (Fixation),1.145.28180,1080,1920,"10,00",679541932.0,,,1084.0,715.0,1086.0,717.0,1082.0,714.0,"0,12083","0,18045","-0,97613","0,00809","0,18243","-0,98319","4,03","3,85",Valid,Valid,"233,6","100,5","518,0","292,3","99,4","516,8","297,7","196,3","296,6","195,3","0,5996","0,6625","0,6013","0,6642","0,5980","0,6608",thumbnail_grossTrial,thumbnail_grossTrial.png,1245.0,1080.0,337.0,0.0,798.0,692.0,Fixation,408.0,28.0,1089.0,716.0,"0,6036","0,6629",,
24912,11685897,1400450957184,Eye Tracker,Participant0058,17.09.2021,Participant0058,Recording4,17.09.2021,17.09.2021,14:48:45.713,12:48:45.713,64514,Timeline2,Tobii I-VT (Fixation),1.145.28180,1080,1920,"10,00",679550210.0,,,1088.0,716.0,1093.0,718.0,1083.0,714.0,"0,12437","0,18048","-0,97568","0,00860","0,18273","-0,98313",,,Valid,Valid,"233,6","100,6","517,9","292,3","99,4","516,7","299,6","196,4","296,8","195,5","0,6029","0,6629","0,6069","0,6644","0,5988","0,6614",thumbnail_grossTrial,thumbnail_grossTrial.png,1245.0,1080.0,337.0,0.0,798.0,692.0,Fixation,408.0,28.0,1089.0,716.0,"0,6036","0,6629",,
24913,11694225,1400450965512,Eye Tracker,Participant0058,17.09.2021,Participant0058,Recording4,17.09.2021,17.09.2021,14:48:45.713,12:48:45.713,64514,Timeline2,Tobii I-VT (Fixation),1.145.28180,1080,1920,"10,00",679558537.0,,,1087.0,717.0,1087.0,719.0,1087.0,715.0,"0,12139","0,18124","-0,97592","0,01070","0,18309","-0,98304",,,Valid,Valid,"233,5","100,6","517,9","292,3","99,4","516,8","297,9","196,8","297,9","195,7","0,6020","0,6639","0,6021","0,6657","0,6019","0,6620",thumbnail_grossTrial,thumbnail_grossTrial.png,1245.0,1080.0,337.0,0.0,798.0,692.0,Fixation,408.0,28.0,1089.0,716.0,"0,6036","0,6629",,
24914,11702532,1400450973819,Eye Tracker,Participant0058,17.09.2021,Participant0058,Recording4,17.09.2021,17.09.2021,14:48:45.713,12:48:45.713,64514,Timeline2,Tobii I-VT (Fixation),1.145.28180,1080,1920,"10,00",679566844.0,,,1088.0,718.0,1085.0,723.0,1090.0,712.0,"0,12042","0,18340","-0,97564","0,01222","0,18159","-0,98330","4,04","3,83",Valid,Valid,"233,6","100,6","517,9","292,3","99,4","516,9","297,5","197,9","298,8","194,8","0,6026","0,6644","0,6007","0,6697","0,6044","0,6592",thumbnail_grossTrial,thumbnail_grossTrial.png,1245.0,1080.0,337.0,0.0,798.0,692.0,Fixation,408.0,28.0,1089.0,716.0,"0,6036","0,6629",,
24915,11710911,1400450982198,Eye Tracker,Participant0058,17.09.2021,Participant0058,Recording4,17.09.2021,17.09.2021,14:48:45.713,12:48:45.713,64514,Timeline2,Tobii I-VT (Fixation),1.145.28180,1080,1920,"10,00",679575222.0,,,1081.0,718.0,1083.0,723.0,1078.0,713.0,"0,11938","0,18350","-0,97574","0,00606","0,18211","-0,98326",,,Valid,Valid,"233,6","100,6","517,7","292,3","99,4","516,9","296,9","198,0","295,5","195,1","0,5971","0,6650","0,5991","0,6699","0,5950","0,6600",thumbnail_grossTrial,thumbnail_grossTrial.png,1245.0,1080.0,337.0,0.0,798.0,692.0,Fixation,408.0,28.0,1089.0,716.0,"0,6036","0,6629",,
24916,11719213,1400450990500,Eye Tracker,Participant0058,17.09.2021,Participant0058,Recording4,17.09.2021,17.09.2021,14:48:45.713,12:48:45.713,64514,Timeline2,Tobii I-VT (Fixation),1.145.28180,1080,1920,"10,00",679583524.0,,,1082.0,719.0,1086.0,724.0,1078.0,713.0,"0,12075","0,18393","-0,97549","0,00619","0,18191","-0,98330",,,Valid,Valid,"233,5","100,7","517,7","292,3","99,4","517,0","297,6","198,3","295,6","195,0","0,5981","0,6653","0,6011","0,6708","0,5951","0,6598",thumbnail_grossTrial,thumbnail_grossTrial.png,1245.0,1080.0,337.0,0.0,798.0,692.0,Fixation,408.0,28.0,1089.0,716.0,"0,6036","0,6629",,
24917,11727570,1400450998857,Eye Tracker,Participant0058,17.09.2021,Participant0058,Recording4,17.09.2021,17.09.2021,14:48:45.713,12:48:45.713,64514,Timeline2,Tobii I-VT (Fixation),1.145.28180,1080,1920,"10,00",679591881.0,,,1101.0,718.0,1116.0,714.0,1087.0,721.0,"0,13595","0,17850","-0,97450","0,01069","0,18625","-0,98245","4,21","3,83",Valid,Valid,"233,6","100,7","517,7","292,3","99,3","517,0","305,8","195,5","298,0","197,4","0,6136","0,6646","0,6251","0,6614","0,6021","0,6677",thumbnail_grossTrial,thumbnail_grossTrial.png,1245.0,1080.0,337.0,0.0,798.0,692.0,Fixation,408.0,28.0,1089.0,716.0,"0,6036","0,6629",,
24918,11735877,1400451007164,Eye Tracker,Participant0058,17.09.2021,Participant0058,Recording4,17.09.2021,17.09.2021,14:48:45.713,12:48:45.713,64514,Timeline2,Tobii I-VT (Fixation),1.145.28180,1080,1920,"10,00",679600187.0,,,1101.0,716.0,1116.0,714.0,1086.0,719.0,"0,13589","0,17846","-0,97452","0,00997","0,18491","-0,98271",,,Valid,Valid,"233,6","100,7","517,6","292,4","99,4","517,0","305,8","195,5","297,6","196,7","0,6130","0,6634","0,6250","0,6614","0,6011","0,6654",thumbnail_grossTrial,thumbnail_grossTrial.png,1245.0,1080.0,337.0,0.0,798.0,692.0,Fixation,408.0,28.0,1089.0,716.0,"0,6036","0,6629",,
24919,11744214,1400451015501,Eye Tracker,Participant0058,17.09.2021,Participant0058,Recording4,17.09.2021,17.09.2021,14:48:45.713,12:48:45.713,64514,Timeline2,Tobii I-VT (Fixation),1.145.28180,1080,1920,"10,00",679608524.0,,,1101.0,714.0,1110.0,717.0,1092.0,711.0,"0,13289","0,17975","-0,97469","0,01348","0,18100","-0,98339",,,Valid,Valid,"233,5","100,8","517,6","292,3","99,4","517,1","304,1","196,2","299,4","194,5","0,6132","0,6610","0,6201","0,6638","0,6063","0,6582",thumbnail_grossTrial,thumbnail_grossTrial.png,1245.0,1080.0,337.0,0.0,798.0,692.0,Fixation,408.0,28.0,1089.0,716.0,"0,6036","0,6629",,
24920,11752575,1400451023862,Eye Tracker,Participant0058,17.09.2021,Participant0058,Recording4,17.09.2021,17.09.2021,14:48:45.713,12:48:45.713,64514,Timeline2,Tobii I-VT (Fixation),1.145.28180,1080,1920,"10,00",679616884.0,,,1088.0,712.0,1077.0,720.0,1099.0,704.0,"0,11609","0,18153","-0,97651","0,01673","0,17757","-0,98397","4,03","4,17",Valid,Valid,"233,6","100,8","517,6","292,4","99,3","517,2","295,1","197,0","301,1","192,7","0,6026","0,6592","0,5937","0,6665","0,6114","0,6519",thumbnail_grossTrial,thumbnail_grossTrial.png,1245.0,1080.0,337.0,0.0,798.0,692.0,Fixation,408.0,28.0,1089.0,716.0,"0,6036","0,6629",,
24921,11760876,1400451032163,Eye Tracker,Participant0058,17.09.2021,Participant0058,Recording4,17.09.2021,17.09.2021,14:48:45.713,12:48:45.713,64514,Timeline2,Tobii I-VT (Fixation),1.145.28180,1080,1920,"10,00",679625185.0,,,1089.0,714.0,1083.0,720.0,1095.0,709.0,"0,11903","0,18138","-0,97618","0,01467","0,17997","-0,98356",,,Valid,Valid,"233,6","100,8","517,5","292,4","99,4","517,1","296,7","197,0","300,1","194,0","0,6034","0,6614","0,5984","0,6664","0,6083","0,6563",thumbnail_grossTrial,thumbnail_grossTrial.png,1245.0,1080.0,337.0,0.0,798.0,692.0,Fixation,408.0,28.0,1089.0,716.0,"0,6036","0,6629",,
24922,11769266,1400451040553,Eye Tracker,Participant0058,17.09.2021,Participant0058,Recording4,17.09.2021,17.09.2021,14:48:45.713,12:48:45.713,64514,Timeline2,Tobii I-VT (Fixation),1.145.28180,1080,1920,"10,00",679633574.0,,,1091.0,714.0,1087.0,716.0,1095.0,712.0,"0,12157","0,17965","-0,97619","0,01498","0,18132","-0,98331",,,Valid,Valid,"233,5","100,8","517,5","292,3","99,3","517,2","298,0","196,1","300,2","194,7","0,6054","0,6611","0,6021","0,6633","0,6086","0,6588",thumbnail_grossTrial,thumbnail_grossTrial.png,1245.0,1080.0,337.0,0.0,798.0,692.0,Fixation,408.0,28.0,1089.0,716.0,"0,6036","0,6629",,
24923,11777618,1400451048905,Eye Tracker,Participant0058,17.09.2021,Participant0058,Recording4,17.09.2021,17.09.2021,14:48:45.713,12:48:45.713,64514,Timeline2,Tobii I-VT (Fixation),1.145.28180,1080,1920,"10,00",679641926.0,,,1087.0,719.0,1088.0,717.0,1086.0,721.0,"0,12177","0,17974","-0,97615","0,01023","0,18597","-0,98250","3,98","3,83",Valid,Valid,"233,6","100,8","517,6","292,4","99,3","517,3","298,1","196,1","297,7","197,2","0,6020","0,6654","0,6026","0,6635","0,6015","0,6673",thumbnail_grossTrial,thumbnail_grossTrial.png,1245.0,1080.0,337.0,0.0,798.0,692.0,Fixation,408.0,28.0,1089.0,716.0,"0,6036","0,6629",,
24924,11785891,1400451057178,Eye Tracker,Participant0058,17.09.2021,Participant0058,Recording4,17.09.2021,17.09.2021,14:48:45.713,12:48:45.713,64514,Timeline2,Tobii I-VT (Fixation),1.145.28180,1080,1920,"10,00",679650198.0,,,1084.0,713.0,1077.0,713.0,1091.0,714.0,"0,11634","0,17787","-0,97715","0,01243","0,18281","-0,98307",,,Valid,Valid,"233,6","100,8","517,5","292,4","99,3","517,2","295,2","195,0","298,9","195,5","0,5994","0,6606","0,5940","0,6598","0,6049","0,6614",thumbnail_grossTrial,thumbnail_grossTrial.png,1245.0,1080.0,337.0,0.0,798.0,692.0,Fixation,408.0,28.0,1089.0,716.0,"0,6036","0,6629",,
24925,11794222,1400451065509,Eye Tracker,Participant0058,17.09.2021,Participant0058,Recording4,17.09.2021,17.09.2021,14:48:45.713,12:48:45.713,64514,Timeline2,Tobii I-VT (Fixation),1.145.28180,1080,1920,"10,00",679658529.0,,,1081.0,711.0,1075.0,707.0,1088.0,715.0,"0,11549","0,17491","-0,97779","0,01097","0,18294","-0,98306",,,Valid,Valid,"233,5","100,8","517,5","292,3","99,3","517,3","294,6","193,4","298,1","195,5","0,5974","0,6579","0,5924","0,6543","0,6025","0,6616",thumbnail_grossTrial,thumbnail_grossTrial.png,1245.0,1080.0,337.0,0.0,798.0,692.0,Fixation,408.0,28.0,1089.0,716.0,"0,6036","0,6629",,
24926,11802555,1400451073842,Eye Tracker,Participant0058,17.09.2021,Participant0058,Recording4,17.09.2021,17.09.2021,14:48:45.713,12:48:45.713,64514,Timeline2,Tobii I-VT (Fixation),1.145.28180,1080,1920,"10,00",679666861.0,,,1081.0,705.0,1075.0,702.0,1088.0,708.0,"0,11520","0,17291","-0,97818","0,01108","0,17963","-0,98367","4,24","4,23",Valid,Valid,"233,5","100,7","517,6","292,3","99,2","517,3","294,5","192,2","298,2","193,7","0,5973","0,6528","0,5919","0,6503","0,6027","0,6553",thumbnail_grossTrial,thumbnail_grossTrial.png,1245.0,1080.0,337.0,0.0,798.0,692.0,Fixation,408.0,28.0,1089.0,716.0,"0,6036","0,6629",,
24927,11810890,1400451082177,Eye Tracker,Participant0058,17.09.2021,Participant0058,Recording4,17.09.2021,17.09.2021,14:48:45.713,12:48:45.713,64514,Timeline2,Tobii I-VT (Fixation),1.145.28180,1080,1920,"10,00",679675196.0,,,1081.0,696.0,1080.0,693.0,1082.0,700.0,"0,11824","0,16814","-0,97865","0,00809","0,17604","-0,98435",,,Valid,Valid,"233,5","100,6","517,5","292,3","99,1","517,3","296,1","189,5","296,6","191,6","0,5973","0,6448","0,5966","0,6413","0,5980","0,6484",thumbnail_grossTrial,thumbnail_grossTrial.png,1245.0,1080.0,337.0,0.0,798.0,692.0,Saccade,25.0,43.0,,,,,,
24928,11819193,1400451090480,Eye Tracker,Participant0058,17.09.2021,Participant0058,Recording4,17.09.2021,17.09.2021,14:48:45.713,12:48:45.713,64514,Timeline2,Tobii I-VT (Fixation),1.145.28180,1080,1920,"10,00",679683498.0,,,1066.0,678.0,1061.0,675.0,1070.0,680.0,"0,10892","0,15965","-0,98115","0,00200","0,16587","-0,98615",,,Valid,Valid,"233,5","100,6","517,5","292,2","99,0","517,3","290,9","184,8","293,2","186,1","0,5849","0,6273","0,5815","0,6251","0,5883","0,6295",thumbnail_grossTrial,thumbnail_grossTrial.png,1245.0,1080.0,337.0,0.0,798.0,692.0,Saccade,25.0,43.0,,,,,,
24929,11827524,1400451098811,Eye Tracker,Participant0058,17.09.2021,Participant0058,Recording4,17.09.2021,17.09.2021,14:48:45.713,12:48:45.713,64514,Timeline2,Tobii I-VT (Fixation),1.145.28180,1080,1920,"10,00",679691829.0,,,1058.0,653.0,,,1058.0,653.0,,,,"-0,00450","0,15212","-0,98835",,"3,80",Invalid,Valid,,,,"292,2","99,0","517,4",,,"289,9","178,6","0,5784","0,6043",,,"0,5784","0,6043",thumbnail_grossTrial,thumbnail_grossTrial.png,1245.0,1080.0,337.0,0.0,798.0,692.0,Saccade,25.0,43.0,,,,,,
24930,11835860,1400451107147,Eye Tracker,Participant0058,17.09.2021,Participant0058,Recording4,17.09.2021,17.09.2021,14:48:45.713,12:48:45.713,64514,Timeline2,Tobii I-VT (Fixation),1.145.28180,1080,1920,"10,00",679700164.0,,,1056.0,648.0,1057.0,661.0,1054.0,636.0,"0,10673","0,15251","-0,98252","-0,00615","0,14370","-0,98960",,,Valid,Valid,"233,5","100,5","517,3","292,2","98,9","517,4","289,7","180,8","289,0","174,0","0,5769","0,6003","0,5780","0,6118","0,5759","0,5888",thumbnail_grossTrial,thumbnail_grossTrial.png,1245.0,1080.0,337.0,0.0,798.0,692.0,Fixation,208.0,29.0,1048.0,636.0,"0,5703","0,5891",,
24931,11844219,1400451115506,Eye Tracker,Participant0058,17.09.2021,Participant0058,Recording4,17.09.2021,17.09.2021,14:48:45.713,12:48:45.713,64514,Timeline2,Tobii I-VT (Fixation),1.145.28180,1080,1920,"10,00",679708523.0,,,1050.0,647.0,1051.0,662.0,1049.0,631.0,"0,10374","0,15336","-0,98271","-0,00874","0,14100","-0,98997",,,Valid,Valid,"233,5","100,5","517,3","292,2","98,9","517,4","288,1","181,3","287,6","172,6","0,5724","0,5986","0,5731","0,6133","0,5717","0,5839",thumbnail_grossTrial,thumbnail_grossTrial.png,1245.0,1080.0,337.0,0.0,798.0,692.0,Fixation,208.0,29.0,1048.0,636.0,"0,5703","0,5891",,
24932,11852555,1400451123842,Eye Tracker,Participant0058,17.09.2021,Participant0058,Recording4,17.09.2021,17.09.2021,14:48:45.713,12:48:45.713,64514,Timeline2,Tobii I-VT (Fixation),1.145.28180,1080,1920,"10,00",679716859.0,,,1057.0,642.0,1061.0,650.0,1054.0,634.0,"0,10901","0,14694","-0,98312","-0,00660","0,14276","-0,98974","4,17","4,16",Valid,Valid,"233,5","100,5","517,3","292,2","98,9","517,4","290,8","177,8","288,8","173,5","0,5782","0,5944","0,5813","0,6017","0,5752","0,5871",thumbnail_grossTrial,thumbnail_grossTrial.png,1245.0,1080.0,337.0,0.0,798.0,692.0,Fixation,208.0,29.0,1048.0,636.0,"0,5703","0,5891",,
24933,11860857,1400451132144,Eye Tracker,Participant0058,17.09.2021,Participant0058,Recording4,17.09.2021,17.09.2021,14:48:45.713,12:48:45.713,64514,Timeline2,Tobii I-VT (Fixation),1.145.28180,1080,1920,"10,00",679725160.0,,,1047.0,642.0,1045.0,643.0,1049.0,642.0,"0,10054","0,14339","-0,98455","-0,00903","0,14664","-0,98915",,,Valid,Valid,"233,5","100,6","517,2","292,2","98,9","517,3","286,3","175,9","287,5","175,6","0,5698","0,5946","0,5680","0,5951","0,5715","0,5941",thumbnail_grossTrial,thumbnail_grossTrial.png,1245.0,1080.0,337.0,0.0,798.0,692.0,Fixation,208.0,29.0,1048.0,636.0,"0,5703","0,5891",,
24934,11869319,1400451140606,Eye Tracker,Participant0058,17.09.2021,Participant0058,Recording4,17.09.2021,17.09.2021,14:48:45.713,12:48:45.713,64514,Timeline2,Tobii I-VT (Fixation),1.145.28180,1080,1920,"10,00",679733622.0,,,1050.0,640.0,1049.0,641.0,1050.0,640.0,"0,10295","0,14231","-0,98445","-0,00811","0,14594","-0,98926",,,Valid,Valid,"233,4","100,6","517,2","292,1","98,9","517,3","287,5","175,3","287,9","175,2","0,5721","0,5931","0,5715","0,5932","0,5727","0,5929",thumbnail_grossTrial,thumbnail_grossTrial.png,1245.0,1080.0,337.0,0.0,798.0,692.0,Fixation,208.0,29.0,1048.0,636.0,"0,5703","0,5891",,
24935,11877522,1400451148809,Eye Tracker,Participant0058,17.09.2021,Participant0058,Recording4,17.09.2021,17.09.2021,14:48:45.713,12:48:45.713,64514,Timeline2,Tobii I-VT (Fixation),1.145.28180,1080,1920,"10,00",679741825.0,,,1049.0,639.0,1050.0,637.0,1049.0,642.0,"0,10330","0,14028","-0,98471","-0,00917","0,14682","-0,98912","4,06","4,02",Valid,Valid,"233,5","100,5","517,3","292,2","98,9","517,3","287,7","174,2","287,4","175,7","0,5717","0,5920","0,5721","0,5895","0,5712","0,5945",thumbnail_grossTrial,thumbnail_grossTrial.png,1245.0,1080.0,337.0,0.0,798.0,692.0,Fixation,208.0,29.0,1048.0,636.0,"0,5703","0,5891",,
24936,11885855,1400451157142,Eye Tracker,Participant0058,17.09.2021,Participant0058,Recording4,17.09.2021,17.09.2021,14:48:45.713,12:48:45.713,64514,Timeline2,Tobii I-VT (Fixation),1.145.28180,1080,1920,"10,00",679750157.0,,,1047.0,635.0,1049.0,634.0,1045.0,636.0,"0,10266","0,13884","-0,98498","-0,01100","0,14385","-0,98954",,,Valid,Valid,"233,5","100,6","517,2","292,2","99,0","517,2","287,4","173,5","286,5","174,2","0,5698","0,5882","0,5712","0,5870","0,5684","0,5893",thumbnail_grossTrial,thumbnail_grossTrial.png,1245.0,1080.0,337.0,0.0,798.0,692.0,Fixation,208.0,29.0,1048.0,636.0,"0,5703","0,5891",,
24937,11894188,1400451165475,Eye Tracker,Participant0058,17.09.2021,Participant0058,Recording4,17.09.2021,17.09.2021,14:48:45.713,12:48:45.713,64514,Timeline2,Tobii I-VT (Fixation),1.145.28180,1080,1920,"10,00",679758490.0,,,1046.0,633.0,1046.0,630.0,1046.0,636.0,"0,10172","0,13678","-0,98536","-0,01046","0,14343","-0,98961",,,Valid,Valid,"233,4","100,6","517,2","292,1","99,0","517,1","286,8","172,4","286,7","174,0","0,5692","0,5859","0,5695","0,5833","0,5690","0,5886",thumbnail_grossTrial,thumbnail_grossTrial.png,1245.0,1080.0,337.0,0.0,798.0,692.0,Fixation,208.0,29.0,1048.0,636.0,"0,5703","0,5891",,
24938,11902550,1400451173837,Eye Tracker,Participant0058,17.09.2021,Participant0058,Recording4,17.09.2021,17.09.2021,14:48:45.713,12:48:45.713,64514,Timeline2,Tobii I-VT (Fixation),1.145.28180,1080,1920,"10,00",679766851.0,,,1047.0,633.0,1048.0,635.0,1047.0,632.0,"0,10237","0,13928","-0,98495","-0,01022","0,14152","-0,98988","4,11","4,18",Valid,Valid,"233,4","100,6","517,3","292,2","99,1","517,1","287,2","173,7","286,9","173,0","0,5701","0,5865","0,5706","0,5878","0,5696","0,5853",thumbnail_grossTrial,thumbnail_grossTrial.png,1245.0,1080.0,337.0,0.0,798.0,692.0,Fixation,208.0,29.0,1048.0,636.0,"0,5703","0,5891",,
24939,11910855,1400451182142,Eye Tracker,Participant0058,17.09.2021,Participant0058,Recording4,17.09.2021,17.09.2021,14:48:45.713,12:48:45.713,64514,Timeline2,Tobii I-VT (Fixation),1.145.28180,1080,1920,"10,00",679775156.0,,,1051.0,633.0,1050.0,637.0,1052.0,629.0,"0,10327","0,14013","-0,98473","-0,00766","0,14006","-0,99011",,,Valid,Valid,"233,5","100,6","517,2","292,2","99,1","516,9","287,7","174,2","288,2","172,3","0,5728","0,5862","0,5721","0,5895","0,5735","0,5828",thumbnail_grossTrial,thumbnail_grossTrial.png,1245.0,1080.0,337.0,0.0,798.0,692.0,Fixation,208.0,29.0,1048.0,636.0,"0,5703","0,5891",,
24940,11919187,1400451190474,Eye Tracker,Participant0058,17.09.2021,Participant0058,Recording4,17.09.2021,17.09.2021,14:48:45.713,12:48:45.713,64514,Timeline2,Tobii I-VT (Fixation),1.145.28180,1080,1920,"10,00",679783487.0,,,1047.0,633.0,1051.0,634.0,1044.0,632.0,"0,10389","0,13885","-0,98485","-0,01167","0,14130","-0,98990",,,Valid,Valid,"233,4","100,6","517,3","292,1","99,2","516,8","288,0","173,6","286,0","173,0","0,5700","0,5862","0,5729","0,5872","0,5672","0,5852",thumbnail_grossTrial,thumbnail_grossTrial.png,1245.0,1080.0,337.0,0.0,798.0,692.0,Fixation,208.0,29.0,1048.0,636.0,"0,5703","0,5891",,
24941,11927517,1400451198804,Eye Tracker,Participant0058,17.09.2021,Participant0058,Recording4,17.09.2021,17.09.2021,14:48:45.713,12:48:45.713,64514,Timeline2,Tobii I-VT (Fixation),1.145.28180,1080,1920,"10,00",679791817.0,,,1044.0,633.0,1044.0,637.0,1044.0,628.0,"0,10055","0,14053","-0,98496","-0,01161","0,13938","-0,99017","4,00","3,98",Valid,Valid,"233,4","100,6","517,3","292,2","99,3","516,7","286,3","174,4","286,1","172,0","0,5676","0,5860","0,5678","0,5902","0,5674","0,5819",thumbnail_grossTrial,thumbnail_grossTrial.png,1245.0,1080.0,337.0,0.0,798.0,692.0,Fixation,208.0,29.0,1048.0,636.0,"0,5703","0,5891",,
24942,11935891,1400451207178,Eye Tracker,Participant0058,17.09.2021,Participant0058,Recording4,17.09.2021,17.09.2021,14:48:45.713,12:48:45.713,64514,Timeline2,Tobii I-VT (Fixation),1.145.28180,1080,1920,"10,00",679800191.0,,,1042.0,636.0,1042.0,639.0,1043.0,633.0,"0,09934","0,14121","-0,98498","-0,01229","0,14144","-0,98987",,,Valid,Valid,"233,5","100,7","517,3","292,2","99,4","516,5","285,7","174,8","285,8","173,2","0,5662","0,5887","0,5660","0,5915","0,5663","0,5859",thumbnail_grossTrial,thumbnail_grossTrial.png,1245.0,1080.0,337.0,0.0,798.0,692.0,Fixation,208.0,29.0,1048.0,636.0,"0,5703","0,5891",,
24943,11944184,1400451215471,Eye Tracker,Participant0058,17.09.2021,Participant0058,Recording4,17.09.2021,17.09.2021,14:48:45.713,12:48:45.713,64514,Timeline2,Tobii I-VT (Fixation),1.145.28180,1080,1920,"10,00",679808483.0,,,1036.0,638.0,1041.0,641.0,1030.0,635.0,"0,09887","0,14255","-0,98484","-0,01856","0,14241","-0,98963",,,Valid,Valid,"233,4","100,7","517,3","292,1","99,4","516,3","285,4","175,6","282,4","173,7","0,5609","0,5909","0,5652","0,5940","0,5566","0,5878",thumbnail_grossTrial,thumbnail_grossTrial.png,1245.0,1080.0,337.0,0.0,798.0,692.0,Fixation,208.0,29.0,1048.0,636.0,"0,5703","0,5891",,
24944,11952553,1400451223840,Eye Tracker,Participant0058,17.09.2021,Participant0058,Recording4,17.09.2021,17.09.2021,14:48:45.713,12:48:45.713,64514,Timeline2,Tobii I-VT (Fixation),1.145.28180,1080,1920,"10,00",679816851.0,,,1047.0,633.0,1042.0,636.0,1053.0,631.0,"0,09906","0,13966","-0,98523","-0,00683","0,14016","-0,99011","3,86","4,04",Valid,Valid,"233,5","100,7","517,3","292,1","99,5","516,2","285,5","174,0","288,6","172,6","0,5701","0,5863","0,5655","0,5887","0,5746","0,5838",thumbnail_grossTrial,thumbnail_grossTrial.png,1245.0,1080.0,337.0,0.0,798.0,692.0,Fixation,208.0,29.0,1048.0,636.0,"0,5703","0,5891",,
24945,11960929,1400451232216,Eye Tracker,Participant0058,17.09.2021,Participant0058,Recording4,17.09.2021,17.09.2021,14:48:45.713,12:48:45.713,64514,Timeline2,Tobii I-VT (Fixation),1.145.28180,1080,1920,"10,00",679825227.0,,,1053.0,633.0,1047.0,636.0,1060.0,630.0,"0,10167","0,13959","-0,98498","-0,00314","0,13963","-0,99020",,,Valid,Valid,"233,5","100,7","517,3","292,1","99,6","516,0","286,9","174,0","290,5","172,3","0,5749","0,5859","0,5697","0,5887","0,5802","0,5831",thumbnail_grossTrial,thumbnail_grossTrial.png,1245.0,1080.0,337.0,0.0,798.0,692.0,Fixation,208.0,29.0,1048.0,636.0,"0,5703","0,5891",,
24946,11969182,1400451240469,Eye Tracker,Participant0058,17.09.2021,Participant0058,Recording4,17.09.2021,17.09.2021,14:48:45.713,12:48:45.713,64514,Timeline2,Tobii I-VT (Fixation),1.145.28180,1080,1920,"10,00",679833480.0,,,1050.0,631.0,1045.0,628.0,1056.0,633.0,"0,10071","0,13586","-0,98560","-0,00488","0,14126","-0,98996",,,Valid,Valid,"233,4","100,7","517,3","292,1","99,6","515,8","286,3","172,0","289,5","173,2","0,5727","0,5840","0,5679","0,5819","0,5774","0,5862",thumbnail_grossTrial,thumbnail_grossTrial.png,1245.0,1080.0,337.0,0.0,798.0,692.0,Fixation,208.0,29.0,1048.0,636.0,"0,5703","0,5891",,
24947,11977515,1400451248802,Eye Tracker,Participant0058,17.09.2021,Participant0058,Recording4,17.09.2021,17.09.2021,14:48:45.713,12:48:45.713,64514,Timeline2,Tobii I-VT (Fixation),1.145.28180,1080,1920,"10,00",679841812.0,,,1047.0,633.0,1046.0,631.0,1049.0,636.0,"0,10124","0,13701","-0,98538","-0,00893","0,14279","-0,98971","3,85","3,68",Valid,Valid,"233,5","100,7","517,3","292,1","99,7","515,7","286,6","172,6","287,5","174,1","0,5701","0,5864","0,5688","0,5839","0,5713","0,5890",thumbnail_grossTrial,thumbnail_grossTrial.png,1245.0,1080.0,337.0,0.0,798.0,692.0,Fixation,208.0,29.0,1048.0,636.0,"0,5703","0,5891",,
24948,11985853,1400451257140,Eye Tracker,Participant0058,17.09.2021,Participant0058,Recording4,17.09.2021,17.09.2021,14:48:45.713,12:48:45.713,64514,Timeline2,Tobii I-VT (Fixation),1.145.28180,1080,1920,"10,00",679850149.0,,,1041.0,630.0,1041.0,628.0,1041.0,631.0,"0,09885","0,13558","-0,98582","-0,01289","0,14024","-0,99003",,,Valid,Valid,"233,5","100,7","517,2","292,1","99,7","515,6","285,4","171,8","285,4","172,8","0,5653","0,5829","0,5652","0,5813","0,5653","0,5845",thumbnail_grossTrial,thumbnail_grossTrial.png,1245.0,1080.0,337.0,0.0,798.0,692.0,Fixation,208.0,29.0,1048.0,636.0,"0,5703","0,5891",,
24949,11994199,1400451265486,Eye Tracker,Participant0058,17.09.2021,Participant0058,Recording4,17.09.2021,17.09.2021,14:48:45.713,12:48:45.713,64514,Timeline2,Tobii I-VT (Fixation),1.145.28180,1080,1920,"10,00",679858495.0,,,1040.0,635.0,1039.0,640.0,1040.0,629.0,"0,09778","0,14176","-0,98506","-0,01330","0,13929","-0,99016",,,Valid,Valid,"233,4","100,7","517,2","292,1","99,8","515,5","284,8","175,1","285,1","172,3","0,5640","0,5877","0,5635","0,5925","0,5645","0,5829",thumbnail_grossTrial,thumbnail_grossTrial.png,1245.0,1080.0,337.0,0.0,798.0,692.0,Fixation,208.0,29.0,1048.0,636.0,"0,5703","0,5891",,
24950,12002563,1400451273850,Eye Tracker,Participant0058,17.09.2021,Participant0058,Recording4,17.09.2021,17.09.2021,14:48:45.713,12:48:45.713,64514,Timeline2,Tobii I-VT (Fixation),1.145.28180,1080,1920,"10,00",679866859.0,,,1043.0,635.0,1039.0,640.0,1048.0,630.0,"0,09768","0,14199","-0,98504","-0,00943","0,13952","-0,99017","3,85","3,90",Valid,Valid,"233,5","100,6","517,3","292,1","99,7","515,5","284,8","175,2","287,2","172,4","0,5670","0,5880","0,5634","0,5928","0,5706","0,5832",thumbnail_grossTrial,thumbnail_grossTrial.png,1245.0,1080.0,337.0,0.0,798.0,692.0,Fixation,208.0,29.0,1048.0,636.0,"0,5703","0,5891",,
24951,12010884,1400451282171,Eye Tracker,Participant0058,17.09.2021,Participant0058,Recording4,17.09.2021,17.09.2021,14:48:45.713,12:48:45.713,64514,Timeline2,Tobii I-VT (Fixation),1.145.28180,1080,1920,"10,00",679875180.0,,,1044.0,639.0,1038.0,641.0,1051.0,637.0,"0,09713","0,14246","-0,98502","-0,00790","0,14294","-0,98970",,,Valid,Valid,"233,5","100,7","517,2","292,1","99,8","515,4","284,5","175,5","288,0","174,2","0,5678","0,5916","0,5627","0,5937","0,5729","0,5894",thumbnail_grossTrial,thumbnail_grossTrial.png,1245.0,1080.0,337.0,0.0,798.0,692.0,Fixation,208.0,29.0,1048.0,636.0,"0,5703","0,5891",,
24952,12019191,1400451290478,Eye Tracker,Participant0058,17.09.2021,Participant0058,Recording4,17.09.2021,17.09.2021,14:48:45.713,12:48:45.713,64514,Timeline2,Tobii I-VT (Fixation),1.145.28180,1080,1920,"10,00",679883486.0,,,1046.0,635.0,1040.0,633.0,1051.0,637.0,"0,09834","0,13849","-0,98547","-0,00752","0,14313","-0,98968",,,Valid,Valid,"233,4","100,7","517,2","292,1","99,7","515,5","285,0","173,3","288,2","174,3","0,5688","0,5881","0,5642","0,5865","0,5734","0,5897",thumbnail_grossTrial,thumbnail_grossTrial.png,1245.0,1080.0,337.0,0.0,798.0,692.0,Fixation,208.0,29.0,1048.0,636.0,"0,5703","0,5891",,
24953,12027543,1400451298830,Eye Tracker,Participant0058,17.09.2021,Participant0058,Recording4,17.09.2021,17.09.2021,14:48:45.713,12:48:45.713,64514,Timeline2,Tobii I-VT (Fixation),1.145.28180,1080,1920,"10,00",679891837.0,,,1054.0,634.0,1051.0,632.0,1056.0,636.0,"0,10409","0,13772","-0,98499","-0,00514","0,14301","-0,98971","4,07","4,08",Valid,Valid,"233,5","100,6","517,2","292,1","99,7","515,6","288,1","172,9","289,4","174,2","0,5752","0,5872","0,5733","0,5851","0,5771","0,5893",thumbnail_grossTrial,thumbnail_grossTrial.png,1245.0,1080.0,337.0,0.0,798.0,692.0,Fixation,208.0,29.0,1048.0,636.0,"0,5703","0,5891",,
24954,12035850,1400451307137,Eye Tracker,Participant0058,17.09.2021,Participant0058,Recording4,17.09.2021,17.09.2021,14:48:45.713,12:48:45.713,64514,Timeline2,Tobii I-VT (Fixation),1.145.28180,1080,1920,"10,00",679900144.0,,,1052.0,638.0,1052.0,635.0,1052.0,640.0,"0,10423","0,13928","-0,98475","-0,00732","0,14483","-0,98943",,,Valid,Valid,"233,5","100,7","517,2","292,1","99,7","515,6","288,2","173,8","288,3","175,1","0,5737","0,5903","0,5736","0,5880","0,5738","0,5925",thumbnail_grossTrial,thumbnail_grossTrial.png,1245.0,1080.0,337.0,0.0,798.0,692.0,Fixation,208.0,29.0,1048.0,636.0,"0,5703","0,5891",,
24955,12044185,1400451315472,Eye Tracker,Participant0058,17.09.2021,Participant0058,Recording4,17.09.2021,17.09.2021,14:48:45.713,12:48:45.713,64514,Timeline2,Tobii I-VT (Fixation),1.145.28180,1080,1920,"10,00",679908479.0,,,1041.0,638.0,1037.0,637.0,1045.0,638.0,"0,09694","0,14063","-0,98531","-0,01087","0,14392","-0,98953",,,Valid,Valid,"233,4","100,6","517,2","292,0","99,6","515,8","284,2","174,4","286,3","174,6","0,5650","0,5904","0,5619","0,5902","0,5680","0,5907",thumbnail_grossTrial,thumbnail_grossTrial.png,1245.0,1080.0,337.0,0.0,798.0,692.0,Saccade,25.0,44.0,,,,,,
24956,12052545,1400451323832,Eye Tracker,Participant0058,17.09.2021,Participant0058,Recording4,17.09.2021,17.09.2021,14:48:45.713,12:48:45.713,64514,Timeline2,Tobii I-VT (Fixation),1.145.28180,1080,1920,"10,00",679916838.0,,,1026.0,627.0,1014.0,627.0,1039.0,627.0,"0,08507","0,13555","-0,98711","-0,01414","0,13853","-0,99026","3,84","4,01",Valid,Valid,"233,4","100,6","517,2","292,0","99,5","515,9","278,0","171,6","284,7","171,7","0,5533","0,5807","0,5435","0,5806","0,5632","0,5808",thumbnail_grossTrial,thumbnail_grossTrial.png,1245.0,1080.0,337.0,0.0,798.0,692.0,Saccade,25.0,44.0,,,,,,
24957,12060872,1400451332159,Eye Tracker,Participant0058,17.09.2021,Participant0058,Recording4,17.09.2021,17.09.2021,14:48:45.713,12:48:45.713,64514,Timeline2,Tobii I-VT (Fixation),1.145.28180,1080,1920,"10,00",679925165.0,,,1026.0,616.0,1011.0,620.0,1040.0,613.0,"0,08358","0,13209","-0,98771","-0,01343","0,13106","-0,99128",,,Valid,Valid,"233,4","100,6","517,1","292,0","99,5","516,0","277,2","169,8","285,1","167,7","0,5527","0,5708","0,5412","0,5744","0,5643","0,5673",thumbnail_grossTrial,thumbnail_grossTrial.png,1245.0,1080.0,337.0,0.0,798.0,692.0,Saccade,25.0,44.0,,,,,,
24958,12069186,1400451340473,Eye Tracker,Participant0058,17.09.2021,Participant0058,Recording4,17.09.2021,17.09.2021,14:48:45.713,12:48:45.713,64514,Timeline2,Tobii I-VT (Fixation),1.145.28180,1080,1920,"10,00",679933479.0,,,1023.0,605.0,1012.0,612.0,1034.0,597.0,"0,08429","0,12806","-0,98818","-0,01641","0,12319","-0,99225",,,Valid,Valid,"233,4","100,6","517,1","292,0","99,4","516,1","277,5","167,6","283,5","163,5","0,5509","0,5601","0,5420","0,5671","0,5597","0,5531",thumbnail_grossTrial,thumbnail_grossTrial.png,1245.0,1080.0,337.0,0.0,798.0,692.0,Fixation,383.0,30.0,1017.0,610.0,"0,5458","0,5650",,
24959,12077539,1400451348826,Eye Tracker,Participant0058,17.09.2021,Participant0058,Recording4,17.09.2021,17.09.2021,14:48:45.713,12:48:45.713,64514,Timeline2,Tobii I-VT (Fixation),1.145.28180,1080,1920,"10,00",679941831.0,,,1027.0,605.0,1019.0,612.0,1035.0,597.0,"0,08764","0,12787","-0,98791","-0,01614","0,12311","-0,99226","3,82","4,03",Valid,Valid,"233,4","100,6","517,1","292,1","99,3","516,2","279,3","167,5","283,7","163,4","0,5538","0,5598","0,5473","0,5668","0,5602","0,5528",thumbnail_grossTrial,thumbnail_grossTrial.png,1245.0,1080.0,337.0,0.0,798.0,692.0,Fixation,383.0,30.0,1017.0,610.0,"0,5458","0,5650",,
24960,12085877,1400451357164,Eye Tracker,Participant0058,17.09.2021,Participant0058,Recording4,17.09.2021,17.09.2021,14:48:45.713,12:48:45.713,64514,Timeline2,Tobii I-VT (Fixation),1.145.28180,1080,1920,"10,00",679950168.0,,,1021.0,606.0,1015.0,609.0,1026.0,604.0,"0,08564","0,12596","-0,98833","-0,02095","0,12659","-0,99173",,,Valid,Valid,"233,4","100,6","517,1","292,1","99,3","516,3","278,2","166,5","281,2","165,2","0,5486","0,5613","0,5443","0,5635","0,5530","0,5591",thumbnail_grossTrial,thumbnail_grossTrial.png,1245.0,1080.0,337.0,0.0,798.0,692.0,Fixation,383.0,30.0,1017.0,610.0,"0,5458","0,5650",,
24961,12094218,1400451365505,Eye Tracker,Participant0058,17.09.2021,Participant0058,Recording4,17.09.2021,17.09.2021,14:48:45.713,12:48:45.713,64514,Timeline2,Tobii I-VT (Fixation),1.145.28180,1080,1920,"10,00",679958509.0,,,1018.0,609.0,1010.0,609.0,1026.0,608.0,"0,08297","0,12629","-0,98852","-0,02086","0,12885","-0,99145",,,Valid,Valid,"233,4","100,6","517,0","292,0","99,3","516,4","276,7","166,7","281,2","166,4","0,5465","0,5635","0,5400","0,5640","0,5530","0,5630",thumbnail_grossTrial,thumbnail_grossTrial.png,1245.0,1080.0,337.0,0.0,798.0,692.0,Fixation,383.0,30.0,1017.0,610.0,"0,5458","0,5650",,
24962,12102543,1400451373830,Eye Tracker,Participant0058,17.09.2021,Participant0058,Recording4,17.09.2021,17.09.2021,14:48:45.713,12:48:45.713,64514,Timeline2,Tobii I-VT (Fixation),1.145.28180,1080,1920,"10,00",679966834.0,,,1015.0,607.0,1012.0,607.0,1018.0,606.0,"0,08403","0,12539","-0,98854","-0,02529","0,12774","-0,99148","4,01","3,69",Valid,Valid,"233,4","100,6","517,1","292,1","99,3","516,5","277,3","166,2","278,9","165,8","0,5440","0,5616","0,5417","0,5623","0,5463","0,5610",thumbnail_grossTrial,thumbnail_grossTrial.png,1245.0,1080.0,337.0,0.0,798.0,692.0,Fixation,383.0,30.0,1017.0,610.0,"0,5458","0,5650",,
24963,12110880,1400451382167,Eye Tracker,Participant0058,17.09.2021,Participant0058,Recording4,17.09.2021,17.09.2021,14:48:45.713,12:48:45.713,64514,Timeline2,Tobii I-VT (Fixation),1.145.28180,1080,1920,"10,00",679975171.0,,,1018.0,610.0,1019.0,615.0,1016.0,605.0,"0,08757","0,12907","-0,98776","-0,02603","0,12739","-0,99151",,,Valid,Valid,"233,4","100,6","517,0","292,1","99,3","516,4","279,2","168,2","278,5","165,6","0,5463","0,5648","0,5473","0,5691","0,5452","0,5604",thumbnail_grossTrial,thumbnail_grossTrial.png,1245.0,1080.0,337.0,0.0,798.0,692.0,Fixation,383.0,30.0,1017.0,610.0,"0,5458","0,5650",,
24964,12119180,1400451390467,Eye Tracker,Participant0058,17.09.2021,Participant0058,Recording4,17.09.2021,17.09.2021,14:48:45.713,12:48:45.713,64514,Timeline2,Tobii I-VT (Fixation),1.145.28180,1080,1920,"10,00",679983469.0,,,1017.0,611.0,1021.0,617.0,1013.0,604.0,"0,08857","0,13030","-0,98751","-0,02779","0,12685","-0,99153",,,Valid,Valid,"233,3","100,6","517,0","292,1","99,3","516,5","279,7","168,9","277,6","165,3","0,5455","0,5654","0,5487","0,5713","0,5424","0,5594",thumbnail_grossTrial,thumbnail_grossTrial.png,1245.0,1080.0,337.0,0.0,798.0,692.0,Fixation,383.0,30.0,1017.0,610.0,"0,5458","0,5650",,
24965,12127552,1400451398839,Eye Tracker,Participant0058,17.09.2021,Participant0058,Recording4,17.09.2021,17.09.2021,14:48:45.713,12:48:45.713,64514,Timeline2,Tobii I-VT (Fixation),1.145.28180,1080,1920,"10,00",679991841.0,,,1017.0,612.0,1016.0,615.0,1018.0,609.0,"0,08603","0,12953","-0,98784","-0,02496","0,12920","-0,99130","3,83","3,97",Valid,Valid,"233,4","100,6","517,1","292,1","99,2","516,5","278,4","168,4","279,1","166,6","0,5458","0,5667","0,5448","0,5698","0,5468","0,5636",thumbnail_grossTrial,thumbnail_grossTrial.png,1245.0,1080.0,337.0,0.0,798.0,692.0,Fixation,383.0,30.0,1017.0,610.0,"0,5458","0,5650",,
24966,12135920,1400451407207,Eye Tracker,Participant0058,17.09.2021,Participant0058,Recording4,17.09.2021,17.09.2021,14:48:45.713,12:48:45.713,64514,Timeline2,Tobii I-VT (Fixation),1.145.28180,1080,1920,"10,00",680000209.0,,,1014.0,610.0,1008.0,611.0,1020.0,608.0,"0,08211","0,12724","-0,98847","-0,02418","0,12906","-0,99134",,,Valid,Valid,"233,4","100,6","517,1","292,1","99,3","516,5","276,3","167,2","279,5","166,5","0,5434","0,5645","0,5388","0,5657","0,5480","0,5634",thumbnail_grossTrial,thumbnail_grossTrial.png,1245.0,1080.0,337.0,0.0,798.0,692.0,Fixation,383.0,30.0,1017.0,610.0,"0,5458","0,5650",,
24967,12144175,1400451415462,Eye Tracker,Participant0058,17.09.2021,Participant0058,Recording4,17.09.2021,17.09.2021,14:48:45.713,12:48:45.713,64514,Timeline2,Tobii I-VT (Fixation),1.145.28180,1080,1920,"10,00",680008464.0,,,1010.0,611.0,1006.0,610.0,1013.0,611.0,"0,08093","0,12686","-0,98861","-0,02743","0,13041","-0,99108",,,Valid,Valid,"233,3","100,6","517,1","292,0","99,3","516,5","275,7","167,0","277,7","167,3","0,5398","0,5654","0,5368","0,5649","0,5429","0,5659",thumbnail_grossTrial,thumbnail_grossTrial.png,1245.0,1080.0,337.0,0.0,798.0,692.0,Fixation,383.0,30.0,1017.0,610.0,"0,5458","0,5650",,
24968,12152504,1400451423791,Eye Tracker,Participant0058,17.09.2021,Participant0058,Recording4,17.09.2021,17.09.2021,14:48:45.713,12:48:45.713,64514,Timeline2,Tobii I-VT (Fixation),1.145.28180,1080,1920,"10,00",680016792.0,,,1010.0,608.0,,,1010.0,608.0,,,,"-0,02937","0,12893","-0,99122",,"3,72",Invalid,Valid,,,,"292,1","99,3","516,5",,,"276,8","166,5","0,5400","0,5632",,,"0,5400","0,5632",thumbnail_grossTrial,thumbnail_grossTrial.png,1245.0,1080.0,337.0,0.0,798.0,692.0,Fixation,383.0,30.0,1017.0,610.0,"0,5458","0,5650",,
24969,12160841,1400451432128,Eye Tracker,Participant0058,17.09.2021,Participant0058,Recording4,17.09.2021,17.09.2021,14:48:45.713,12:48:45.713,64514,Timeline2,Tobii I-VT (Fixation),1.145.28180,1080,1920,"10,00",680025128.0,,,1010.0,610.0,1011.0,609.0,1009.0,611.0,"0,08350","0,12639","-0,98846","-0,03006","0,13007","-0,99105",,,Valid,Valid,"233,4","100,6","517,2","292,1","99,3","516,4","277,1","166,7","276,4","167,1","0,5399","0,5648","0,5409","0,5641","0,5390","0,5654",thumbnail_grossTrial,thumbnail_grossTrial.png,1245.0,1080.0,337.0,0.0,798.0,692.0,Fixation,383.0,30.0,1017.0,610.0,"0,5458","0,5650",,
24970,12169202,1400451440489,Eye Tracker,Participant0058,17.09.2021,Participant0058,Recording4,17.09.2021,17.09.2021,14:48:45.713,12:48:45.713,64514,Timeline2,Tobii I-VT (Fixation),1.145.28180,1080,1920,"10,00",680033489.0,,,1012.0,608.0,1016.0,603.0,1008.0,612.0,"0,08627","0,12322","-0,98862","-0,03052","0,13072","-0,99095",,,Valid,Valid,"233,3","100,6","517,3","292,0","99,3","516,5","278,4","165,1","276,1","167,5","0,5415","0,5625","0,5449","0,5585","0,5382","0,5666",thumbnail_grossTrial,thumbnail_grossTrial.png,1245.0,1080.0,337.0,0.0,798.0,692.0,Fixation,383.0,30.0,1017.0,610.0,"0,5458","0,5650",,
24971,12177502,1400451448789,Eye Tracker,Participant0058,17.09.2021,Participant0058,Recording4,17.09.2021,17.09.2021,14:48:45.713,12:48:45.713,64514,Timeline2,Tobii I-VT (Fixation),1.145.28180,1080,1920,"10,00",680041789.0,,,1017.0,608.0,1022.0,607.0,1012.0,608.0,"0,08907","0,12525","-0,98812","-0,02846","0,12893","-0,99124","4,03","4,12",Valid,Valid,"233,3","100,5","517,4","292,1","99,3","516,5","280,0","166,1","277,3","166,5","0,5455","0,5627","0,5495","0,5621","0,5415","0,5634",thumbnail_grossTrial,thumbnail_grossTrial.png,1245.0,1080.0,337.0,0.0,798.0,692.0,Fixation,383.0,30.0,1017.0,610.0,"0,5458","0,5650",,
24972,12185840,1400451457127,Eye Tracker,Participant0058,17.09.2021,Participant0058,Recording4,17.09.2021,17.09.2021,14:48:45.713,12:48:45.713,64514,Timeline2,Tobii I-VT (Fixation),1.145.28180,1080,1920,"10,00",680050126.0,,,1015.0,607.0,1017.0,608.0,1013.0,605.0,"0,08680","0,12588","-0,98824","-0,02758","0,12733","-0,99148",,,Valid,Valid,"233,4","100,6","517,4","292,1","99,4","516,4","278,8","166,5","277,7","165,7","0,5445","0,5619","0,5461","0,5632","0,5429","0,5606",thumbnail_grossTrial,thumbnail_grossTrial.png,1245.0,1080.0,337.0,0.0,798.0,692.0,Fixation,383.0,30.0,1017.0,610.0,"0,5458","0,5650",,
24973,12194168,1400451465455,Eye Tracker,Participant0058,17.09.2021,Participant0058,Recording4,17.09.2021,17.09.2021,14:48:45.713,12:48:45.713,64514,Timeline2,Tobii I-VT (Fixation),1.145.28180,1080,1920,"10,00",680058454.0,,,1019.0,607.0,1016.0,610.0,1022.0,603.0,"0,08593","0,12689","-0,98819","-0,02289","0,12603","-0,99176",,,Valid,Valid,"233,3","100,5","517,5","292,1","99,4","516,5","278,3","167,0","280,1","165,0","0,5472","0,5616","0,5446","0,5650","0,5499","0,5582",thumbnail_grossTrial,thumbnail_grossTrial.png,1245.0,1080.0,337.0,0.0,798.0,692.0,Fixation,383.0,30.0,1017.0,610.0,"0,5458","0,5650",,
24974,12202500,1400451473787,Eye Tracker,Participant0058,17.09.2021,Participant0058,Recording4,17.09.2021,17.09.2021,14:48:45.713,12:48:45.713,64514,Timeline2,Tobii I-VT (Fixation),1.145.28180,1080,1920,"10,00",680066785.0,,,1032.0,604.0,1048.0,602.0,1017.0,606.0,"0,10253","0,12268","-0,98714","-0,02583","0,12759","-0,99149","4,07","3,72",Valid,Valid,"233,4","100,5","517,7","292,1","99,3","516,5","287,1","164,8","278,6","165,8","0,5579","0,5593","0,5704","0,5576","0,5455","0,5610",thumbnail_grossTrial,thumbnail_grossTrial.png,1245.0,1080.0,337.0,0.0,798.0,692.0,Fixation,383.0,30.0,1017.0,610.0,"0,5458","0,5650",,
24975,12210838,1400451482125,Eye Tracker,Participant0058,17.09.2021,Participant0058,Recording4,17.09.2021,17.09.2021,14:48:45.713,12:48:45.713,64514,Timeline2,Tobii I-VT (Fixation),1.145.28180,1080,1920,"10,00",680075123.0,,,1032.0,605.0,1048.0,602.0,1016.0,608.0,"0,10245","0,12268","-0,98714","-0,02614","0,12877","-0,99133",,,Valid,Valid,"233,4","100,5","517,7","292,1","99,3","516,5","287,1","164,8","278,5","166,4","0,5577","0,5604","0,5703","0,5576","0,5451","0,5631",thumbnail_grossTrial,thumbnail_grossTrial.png,1245.0,1080.0,337.0,0.0,798.0,692.0,Fixation,383.0,30.0,1017.0,610.0,"0,5458","0,5650",,
24976,12219182,1400451490469,Eye Tracker,Participant0058,17.09.2021,Participant0058,Recording4,17.09.2021,17.09.2021,14:48:45.713,12:48:45.713,64514,Timeline2,Tobii I-VT (Fixation),1.145.28180,1080,1920,"10,00",680083466.0,,,1029.0,601.0,1043.0,595.0,1016.0,606.0,"0,10021","0,11930","-0,98779","-0,02633","0,12776","-0,99146",,,Valid,Valid,"233,3","100,4","517,7","292,1","99,3","516,5","285,8","162,9","278,3","165,9","0,5556","0,5563","0,5666","0,5513","0,5446","0,5612",thumbnail_grossTrial,thumbnail_grossTrial.png,1245.0,1080.0,337.0,0.0,798.0,692.0,Fixation,383.0,30.0,1017.0,610.0,"0,5458","0,5650",,
24977,12227516,1400451498803,Eye Tracker,Participant0058,17.09.2021,Participant0058,Recording4,17.09.2021,17.09.2021,14:48:45.713,12:48:45.713,64514,Timeline2,Tobii I-VT (Fixation),1.145.28180,1080,1920,"10,00",680091800.0,,,1018.0,609.0,,,1018.0,609.0,,,,"-0,02520","0,12945","-0,99127",,"3,71",Invalid,Valid,,,,"292,1","99,3","516,6",,,"279,0","166,7","0,5465","0,5641",,,"0,5465","0,5641",thumbnail_grossTrial,thumbnail_grossTrial.png,1245.0,1080.0,337.0,0.0,798.0,692.0,Fixation,383.0,30.0,1017.0,610.0,"0,5458","0,5650",,
24978,12235849,1400451507136,Eye Tracker,Participant0058,17.09.2021,Participant0058,Recording4,17.09.2021,17.09.2021,14:48:45.713,12:48:45.713,64514,Timeline2,Tobii I-VT (Fixation),1.145.28180,1080,1920,"10,00",680100133.0,,,1029.0,601.0,1043.0,595.0,1015.0,606.0,"0,10016","0,11926","-0,98780","-0,02696","0,12783","-0,99143",,,Valid,Valid,"233,4","100,4","517,7","292,1","99,3","516,5","285,9","162,9","278,1","165,9","0,5553","0,5561","0,5667","0,5511","0,5438","0,5612",thumbnail_grossTrial,thumbnail_grossTrial.png,1245.0,1080.0,337.0,0.0,798.0,692.0,Fixation,383.0,30.0,1017.0,610.0,"0,5458","0,5650",,
24979,12244169,1400451515456,Eye Tracker,Participant0058,17.09.2021,Participant0058,Recording4,17.09.2021,17.09.2021,14:48:45.713,12:48:45.713,64514,Timeline2,Tobii I-VT (Fixation),1.145.28180,1080,1920,"10,00",680108452.0,,,1027.0,609.0,1046.0,606.0,1009.0,613.0,"0,10164","0,12470","-0,98698","-0,02972","0,13133","-0,99089",,,Valid,Valid,"233,3","100,3","517,7","292,1","99,2","516,5","286,6","165,7","276,6","167,7","0,5542","0,5641","0,5689","0,5608","0,5394","0,5674",thumbnail_grossTrial,thumbnail_grossTrial.png,1245.0,1080.0,337.0,0.0,798.0,692.0,Fixation,383.0,30.0,1017.0,610.0,"0,5458","0,5650",,
24980,12252507,1400451523794,Eye Tracker,Participant0058,17.09.2021,Participant0058,Recording4,17.09.2021,17.09.2021,14:48:45.713,12:48:45.713,64514,Timeline2,Tobii I-VT (Fixation),1.145.28180,1080,1920,"10,00",680116790.0,,,1010.0,608.0,1012.0,607.0,1008.0,610.0,"0,08420","0,12589","-0,98846","-0,03058","0,12971","-0,99108","3,86","3,72",Valid,Valid,"233,3","100,3","517,8","292,1","99,2","516,5","277,4","166,2","276,2","166,8","0,5401","0,5634","0,5420","0,5625","0,5383","0,5644",thumbnail_grossTrial,thumbnail_grossTrial.png,1245.0,1080.0,337.0,0.0,798.0,692.0,Fixation,383.0,30.0,1017.0,610.0,"0,5458","0,5650",,
24981,12260863,1400451532150,Eye Tracker,Participant0058,17.09.2021,Participant0058,Recording4,17.09.2021,17.09.2021,14:48:45.713,12:48:45.713,64514,Timeline2,Tobii I-VT (Fixation),1.145.28180,1080,1920,"10,00",680125145.0,,,1012.0,613.0,1015.0,611.0,1009.0,616.0,"0,08559","0,12747","-0,98814","-0,02985","0,13298","-0,99067",,,Valid,Valid,"233,4","100,3","517,7","292,1","99,2","516,4","278,2","167,1","276,6","168,6","0,5418","0,5678","0,5442","0,5654","0,5394","0,5703",thumbnail_grossTrial,thumbnail_grossTrial.png,1245.0,1080.0,337.0,0.0,798.0,692.0,Fixation,383.0,30.0,1017.0,610.0,"0,5458","0,5650",,
24982,12269164,1400451540451,Eye Tracker,Participant0058,17.09.2021,Participant0058,Recording4,17.09.2021,17.09.2021,14:48:45.713,12:48:45.713,64514,Timeline2,Tobii I-VT (Fixation),1.145.28180,1080,1920,"10,00",680133446.0,,,1014.0,610.0,1015.0,609.0,1012.0,611.0,"0,08574","0,12676","-0,98822","-0,02817","0,13044","-0,99106",,,Valid,Valid,"233,3","100,3","517,7","292,1","99,2","516,4","278,2","166,7","277,4","167,2","0,5430","0,5649","0,5443","0,5641","0,5418","0,5657",thumbnail_grossTrial,thumbnail_grossTrial.png,1245.0,1080.0,337.0,0.0,798.0,692.0,Fixation,383.0,30.0,1017.0,610.0,"0,5458","0,5650",,
24983,12277526,1400451548813,Eye Tracker,Participant0058,17.09.2021,Participant0058,Recording4,17.09.2021,17.09.2021,14:48:45.713,12:48:45.713,64514,Timeline2,Tobii I-VT (Fixation),1.145.28180,1080,1920,"10,00",680141807.0,,,996.0,617.0,,,996.0,617.0,,,,"-0,03654","0,13372","-0,99035",,"3,71",Invalid,Valid,,,,"292,1","99,2","516,5",,,"273,0","168,9","0,5291","0,5716",,,"0,5291","0,5716",thumbnail_grossTrial,thumbnail_grossTrial.png,1245.0,1080.0,337.0,0.0,798.0,692.0,Fixation,383.0,30.0,1017.0,610.0,"0,5458","0,5650",,
24984,12285834,1400451557121,Eye Tracker,Participant0058,17.09.2021,Participant0058,Recording4,17.09.2021,17.09.2021,14:48:45.713,12:48:45.713,64514,Timeline2,Tobii I-VT (Fixation),1.145.28180,1080,1920,"10,00",680150115.0,,,1005.0,615.0,1014.0,610.0,995.0,620.0,"0,08525","0,12718","-0,98821","-0,03734","0,13501","-0,99014",,,Valid,Valid,"233,4","100,3","517,6","292,1","99,3","516,4","278,0","167,0","272,6","169,7","0,5358","0,5695","0,5437","0,5649","0,5279","0,5740",thumbnail_grossTrial,thumbnail_grossTrial.png,1245.0,1080.0,337.0,0.0,798.0,692.0,Fixation,383.0,30.0,1017.0,610.0,"0,5458","0,5650",,
24985,12294208,1400451565495,Eye Tracker,Participant0058,17.09.2021,Participant0058,Recording4,17.09.2021,17.09.2021,14:48:45.713,12:48:45.713,64514,Timeline2,Tobii I-VT (Fixation),1.145.28180,1080,1920,"10,00",680158489.0,,,1004.0,612.0,1013.0,605.0,995.0,620.0,"0,08449","0,12457","-0,98861","-0,03730","0,13481","-0,99017",,,Valid,Valid,"233,3","100,4","517,6","292,0","99,2","516,3","277,6","165,6","272,6","169,5","0,5350","0,5669","0,5423","0,5602","0,5277","0,5736",thumbnail_grossTrial,thumbnail_grossTrial.png,1245.0,1080.0,337.0,0.0,798.0,692.0,Fixation,383.0,30.0,1017.0,610.0,"0,5458","0,5650",,
24986,12302509,1400451573796,Eye Tracker,Participant0058,17.09.2021,Participant0058,Recording4,17.09.2021,17.09.2021,14:48:45.713,12:48:45.713,64514,Timeline2,Tobii I-VT (Fixation),1.145.28180,1080,1920,"10,00",680166789.0,,,1003.0,616.0,1016.0,610.0,990.0,623.0,"0,08597","0,12689","-0,98818","-0,03964","0,13664","-0,98983","4,06","3,72",Valid,Valid,"233,4","100,4","517,6","292,1","99,3","516,3","278,4","166,8","271,4","170,5","0,5346","0,5707","0,5448","0,5645","0,5244","0,5770",thumbnail_grossTrial,thumbnail_grossTrial.png,1245.0,1080.0,337.0,0.0,798.0,692.0,Fixation,383.0,30.0,1017.0,610.0,"0,5458","0,5650",,
24987,12310916,1400451582203,Eye Tracker,Participant0058,17.09.2021,Participant0058,Recording4,17.09.2021,17.09.2021,14:48:45.713,12:48:45.713,64514,Timeline2,Tobii I-VT (Fixation),1.145.28180,1080,1920,"10,00",680175195.0,,,1017.0,607.0,1020.0,608.0,1014.0,605.0,"0,08808","0,12600","-0,98811","-0,02712","0,12741","-0,99148",,,Valid,Valid,"233,4","100,4","517,5","292,1","99,4","516,2","279,5","166,4","278,0","165,7","0,5458","0,5619","0,5481","0,5631","0,5436","0,5606",thumbnail_grossTrial,thumbnail_grossTrial.png,1245.0,1080.0,337.0,0.0,798.0,692.0,Fixation,383.0,30.0,1017.0,610.0,"0,5458","0,5650",,
24988,12319163,1400451590450,Eye Tracker,Participant0058,17.09.2021,Participant0058,Recording4,17.09.2021,17.09.2021,14:48:45.713,12:48:45.713,64514,Timeline2,Tobii I-VT (Fixation),1.145.28180,1080,1920,"10,00",680183442.0,,,1014.0,609.0,1018.0,613.0,1009.0,605.0,"0,08716","0,12862","-0,98786","-0,02957","0,12706","-0,99145",,,Valid,Valid,"233,3","100,5","517,5","292,0","99,4","516,2","279,0","167,8","276,7","165,6","0,5431","0,5640","0,5465","0,5679","0,5397","0,5601",thumbnail_grossTrial,thumbnail_grossTrial.png,1245.0,1080.0,337.0,0.0,798.0,692.0,Fixation,383.0,30.0,1017.0,610.0,"0,5458","0,5650",,
24989,12327492,1400451598779,Eye Tracker,Participant0058,17.09.2021,Participant0058,Recording4,17.09.2021,17.09.2021,14:48:45.713,12:48:45.713,64514,Timeline2,Tobii I-VT (Fixation),1.145.28180,1080,1920,"10,00",680191771.0,,,1010.0,605.0,,,1010.0,605.0,,,,"-0,02936","0,12730","-0,99143",,"3,70",Invalid,Valid,,,,"292,1","99,4","516,2",,,"276,8","165,7","0,5401","0,5606",,,"0,5401","0,5606",thumbnail_grossTrial,thumbnail_grossTrial.png,1245.0,1080.0,337.0,0.0,798.0,692.0,Fixation,383.0,30.0,1017.0,610.0,"0,5458","0,5650",,
24990,12335858,1400451607145,Eye Tracker,Participant0058,17.09.2021,Participant0058,Recording4,17.09.2021,17.09.2021,14:48:45.713,12:48:45.713,64514,Timeline2,Tobii I-VT (Fixation),1.145.28180,1080,1920,"10,00",680200136.0,,,1015.0,612.0,1016.0,613.0,1014.0,611.0,"0,08582","0,12831","-0,98801","-0,02704","0,12991","-0,99116",,,Valid,Valid,"233,4","100,5","517,5","292,1","99,5","516,0","278,3","167,7","278,0","167,1","0,5441","0,5665","0,5446","0,5675","0,5437","0,5655",thumbnail_grossTrial,thumbnail_grossTrial.png,1245.0,1080.0,337.0,0.0,798.0,692.0,Fixation,383.0,30.0,1017.0,610.0,"0,5458","0,5650",,
24991,12344190,1400451615477,Eye Tracker,Participant0058,17.09.2021,Participant0058,Recording4,17.09.2021,17.09.2021,14:48:45.713,12:48:45.713,64514,Timeline2,Tobii I-VT (Fixation),1.145.28180,1080,1920,"10,00",680208467.0,,,1016.0,613.0,1018.0,610.0,1015.0,615.0,"0,08730","0,12685","-0,98807","-0,02669","0,13227","-0,99085",,,Valid,Valid,"233,3","100,5","517,5","292,0","99,5","516,0","279,1","167,0","278,1","168,4","0,5453","0,5674","0,5467","0,5650","0,5439","0,5698",thumbnail_grossTrial,thumbnail_grossTrial.png,1245.0,1080.0,337.0,0.0,798.0,692.0,Fixation,383.0,30.0,1017.0,610.0,"0,5458","0,5650",,
24992,12352525,1400451623812,Eye Tracker,Participant0058,17.09.2021,Participant0058,Recording4,17.09.2021,17.09.2021,14:48:45.713,12:48:45.713,64514,Timeline2,Tobii I-VT (Fixation),1.145.28180,1080,1920,"10,00",680216802.0,,,1018.0,609.0,1017.0,606.0,1019.0,613.0,"0,08641","0,12463","-0,98843","-0,02480","0,13105","-0,99106","3,91","4,19",Valid,Valid,"233,4","100,5","517,6","292,1","99,6","515,9","278,6","165,8","279,2","167,8","0,5462","0,5643","0,5454","0,5609","0,5470","0,5677",thumbnail_grossTrial,thumbnail_grossTrial.png,1245.0,1080.0,337.0,0.0,798.0,692.0,Fixation,383.0,30.0,1017.0,610.0,"0,5458","0,5650",,
24993,12360830,1400451632117,Eye Tracker,Participant0058,17.09.2021,Participant0058,Recording4,17.09.2021,17.09.2021,14:48:45.713,12:48:45.713,64514,Timeline2,Tobii I-VT (Fixation),1.145.28180,1080,1920,"10,00",680225107.0,,,1018.0,611.0,1019.0,611.0,1016.0,611.0,"0,08776","0,12714","-0,98799","-0,02611","0,13007","-0,99116",,,Valid,Valid,"233,4","100,6","517,5","292,1","99,6","515,7","279,4","167,2","278,5","167,3","0,5463","0,5658","0,5476","0,5656","0,5450","0,5661",thumbnail_grossTrial,thumbnail_grossTrial.png,1245.0,1080.0,337.0,0.0,798.0,692.0,Fixation,383.0,30.0,1017.0,610.0,"0,5458","0,5650",,
24994,12369188,1400451640475,Eye Tracker,Participant0058,17.09.2021,Participant0058,Recording4,17.09.2021,17.09.2021,14:48:45.713,12:48:45.713,64514,Timeline2,Tobii I-VT (Fixation),1.145.28180,1080,1920,"10,00",680233464.0,,,1019.0,612.0,1019.0,613.0,1018.0,611.0,"0,08794","0,12810","-0,98785","-0,02478","0,12986","-0,99122",,,Valid,Valid,"233,3","100,5","517,6","292,0","99,7","515,7","279,4","167,7","279,1","167,2","0,5473","0,5665","0,5477","0,5672","0,5468","0,5658",thumbnail_grossTrial,thumbnail_grossTrial.png,1245.0,1080.0,337.0,0.0,798.0,692.0,Fixation,383.0,30.0,1017.0,610.0,"0,5458","0,5650",,
24995,12377519,1400451648806,Eye Tracker,Participant0058,17.09.2021,Participant0058,Recording4,17.09.2021,17.09.2021,14:48:45.713,12:48:45.713,64514,Timeline2,Tobii I-VT (Fixation),1.145.28180,1080,1920,"10,00",680241795.0,,,1022.0,614.0,1024.0,613.0,1021.0,615.0,"0,09004","0,12822","-0,98765","-0,02370","0,13167","-0,99101","4,07","4,14",Valid,Valid,"233,4","100,5","517,6","292,0","99,7","515,6","280,6","167,7","279,7","168,2","0,5499","0,5682","0,5511","0,5674","0,5486","0,5691",thumbnail_grossTrial,thumbnail_grossTrial.png,1245.0,1080.0,337.0,0.0,798.0,692.0,Fixation,383.0,30.0,1017.0,610.0,"0,5458","0,5650",,
24996,12385828,1400451657115,Eye Tracker,Participant0058,17.09.2021,Participant0058,Recording4,17.09.2021,17.09.2021,14:48:45.713,12:48:45.713,64514,Timeline2,Tobii I-VT (Fixation),1.145.28180,1080,1920,"10,00",680250103.0,,,1020.0,615.0,1020.0,613.0,1020.0,617.0,"0,08836","0,12811","-0,98782","-0,02377","0,13297","-0,99084",,,Valid,Valid,"233,4","100,5","517,6","292,0","99,8","515,4","279,7","167,6","279,7","168,9","0,5485","0,5694","0,5486","0,5672","0,5485","0,5716",thumbnail_grossTrial,thumbnail_grossTrial.png,1245.0,1080.0,337.0,0.0,798.0,692.0,Fixation,383.0,30.0,1017.0,610.0,"0,5458","0,5650",,
24997,12394157,1400451665444,Eye Tracker,Participant0058,17.09.2021,Participant0058,Recording4,17.09.2021,17.09.2021,14:48:45.713,12:48:45.713,64514,Timeline2,Tobii I-VT (Fixation),1.145.28180,1080,1920,"10,00",680258432.0,,,1018.0,617.0,1018.0,618.0,1019.0,616.0,"0,08692","0,13112","-0,98755","-0,02420","0,13224","-0,99092",,,Valid,Valid,"233,3","100,5","517,6","291,9","99,8","515,2","278,9","169,2","279,4","168,6","0,5469","0,5714","0,5462","0,5725","0,5476","0,5703",thumbnail_grossTrial,thumbnail_grossTrial.png,1245.0,1080.0,337.0,0.0,798.0,692.0,Fixation,383.0,30.0,1017.0,610.0,"0,5458","0,5650",,
24998,12402490,1400451673777,Eye Tracker,Participant0058,17.09.2021,Participant0058,Recording4,17.09.2021,17.09.2021,14:48:45.713,12:48:45.713,64514,Timeline2,Tobii I-VT (Fixation),1.145.28180,1080,1920,"10,00",680266765.0,,,1018.0,615.0,,,1018.0,615.0,,,,"-0,02506","0,13145","-0,99101",,"4,18",Invalid,Valid,,,,"292,0","99,9","515,1",,,"279,0","168,2","0,5465","0,5690",,,"0,5465","0,5690",thumbnail_grossTrial,thumbnail_grossTrial.png,1245.0,1080.0,337.0,0.0,798.0,692.0,Fixation,383.0,30.0,1017.0,610.0,"0,5458","0,5650",,
24999,12410828,1400451682115,Eye Tracker,Participant0058,17.09.2021,Participant0058,Recording4,17.09.2021,17.09.2021,14:48:45.713,12:48:45.713,64514,Timeline2,Tobii I-VT (Fixation),1.145.28180,1080,1920,"10,00",680275102.0,,,1021.0,617.0,1022.0,618.0,1019.0,617.0,"0,08923","0,13097","-0,98736","-0,02423","0,13249","-0,99089",,,Valid,Valid,"233,4","100,4","517,7","292,0","100,0","514,8","280,1","169,1","279,4","168,8","0,5488","0,5716","0,5499","0,5721","0,5477","0,5711",thumbnail_grossTrial,thumbnail_grossTrial.png,1245.0,1080.0,337.0,0.0,798.0,692.0,Fixation,383.0,30.0,1017.0,610.0,"0,5458","0,5650",,
25000,12419202,1400451690489,Eye Tracker,Participant0058,17.09.2021,Participant0058,Recording4,17.09.2021,17.09.2021,14:48:45.713,12:48:45.713,64514,Timeline2,Tobii I-VT (Fixation),1.145.28180,1080,1920,"10,00",680283476.0,,,1020.0,615.0,1029.0,613.0,1012.0,618.0,"0,09299","0,12822","-0,98738","-0,02828","0,13309","-0,99070",,,Valid,Valid,"233,3","100,4","517,7","291,9","100,0","514,6","282,0","167,6","277,2","169,2","0,5484","0,5698","0,5555","0,5671","0,5414","0,5724",thumbnail_grossTrial,thumbnail_grossTrial.png,1245.0,1080.0,337.0,0.0,798.0,692.0,Fixation,383.0,30.0,1017.0,610.0,"0,5458","0,5650",,
25001,12427533,1400451698820,Eye Tracker,Participant0058,17.09.2021,Participant0058,Recording4,17.09.2021,17.09.2021,14:48:45.713,12:48:45.713,64514,Timeline2,Tobii I-VT (Fixation),1.145.28180,1080,1920,"10,00",680291806.0,,,1019.0,616.0,1025.0,615.0,1012.0,617.0,"0,09100","0,12958","-0,98738","-0,02784","0,13265","-0,99077","3,92","3,99",Valid,Valid,"233,3","100,3","517,8","291,9","100,1","514,4","281,1","168,3","277,5","169,0","0,5473","0,5706","0,5526","0,5694","0,5421","0,5717",thumbnail_grossTrial,thumbnail_grossTrial.png,1245.0,1080.0,337.0,0.0,798.0,692.0,Fixation,383.0,30.0,1017.0,610.0,"0,5458","0,5650",,
25002,12435834,1400451707121,Eye Tracker,Participant0058,17.09.2021,Participant0058,Recording4,17.09.2021,17.09.2021,14:48:45.713,12:48:45.713,64514,Timeline2,Tobii I-VT (Fixation),1.145.28180,1080,1920,"10,00",680300107.0,,,1016.0,613.0,1025.0,612.0,1007.0,614.0,"0,09096","0,12814","-0,98758","-0,03054","0,13093","-0,99092",,,Valid,Valid,"233,4","100,4","517,8","291,9","100,2","514,1","281,0","167,5","276,1","168,2","0,5452","0,5679","0,5525","0,5669","0,5379","0,5689",thumbnail_grossTrial,thumbnail_grossTrial.png,1245.0,1080.0,337.0,0.0,798.0,692.0,Fixation,383.0,30.0,1017.0,610.0,"0,5458","0,5650",,
25003,12444157,1400451715444,Eye Tracker,Participant0058,17.09.2021,Participant0058,Recording4,17.09.2021,17.09.2021,14:48:45.713,12:48:45.713,64514,Timeline2,Tobii I-VT (Fixation),1.145.28180,1080,1920,"10,00",680308429.0,,,1015.0,613.0,1023.0,612.0,1008.0,614.0,"0,08964","0,12824","-0,98768","-0,02991","0,13037","-0,99101",,,Valid,Valid,"233,3","100,3","517,8","291,8","100,3","513,9","280,3","167,5","276,3","167,9","0,5445","0,5675","0,5503","0,5669","0,5387","0,5681",thumbnail_grossTrial,thumbnail_grossTrial.png,1245.0,1080.0,337.0,0.0,798.0,692.0,Fixation,383.0,30.0,1017.0,610.0,"0,5458","0,5650",,
25004,12452566,1400451723853,Eye Tracker,Participant0058,17.09.2021,Participant0058,Recording4,17.09.2021,17.09.2021,14:48:45.713,12:48:45.713,64514,Timeline2,Tobii I-VT (Fixation),1.145.28180,1080,1920,"10,00",680316838.0,,,1013.0,598.0,1019.0,598.0,1006.0,597.0,"0,08799","0,12132","-0,98871","-0,03100","0,12171","-0,99208","4,09","4,14",Valid,Valid,"233,3","100,2","517,9","291,8","100,3","513,7","279,4","163,8","275,7","163,3","0,5423","0,5533","0,5477","0,5541","0,5370","0,5525",thumbnail_grossTrial,thumbnail_grossTrial.png,1245.0,1080.0,337.0,0.0,798.0,692.0,Saccade,33.0,45.0,,,,,,
25005,12460823,1400451732110,Eye Tracker,Participant0058,17.09.2021,Participant0058,Recording4,17.09.2021,17.09.2021,14:48:45.713,12:48:45.713,64514,Timeline2,Tobii I-VT (Fixation),1.145.28180,1080,1920,"10,00",680325095.0,,,1023.0,585.0,1039.0,597.0,1007.0,572.0,"0,09809","0,12083","-0,98782","-0,03049","0,10878","-0,99360",,,Valid,Valid,"233,3","100,2","517,8","291,7","100,3","513,4","284,7","163,5","276,0","156,6","0,5505","0,5414","0,5633","0,5532","0,5376","0,5297",thumbnail_grossTrial,thumbnail_grossTrial.png,1245.0,1080.0,337.0,0.0,798.0,692.0,Saccade,33.0,45.0,,,,,,
25006,12469178,1400451740465,Eye Tracker,Participant0058,17.09.2021,Participant0058,Recording4,17.09.2021,17.09.2021,14:48:45.713,12:48:45.713,64514,Timeline2,Tobii I-VT (Fixation),1.145.28180,1080,1920,"10,00",680333449.0,,,980.0,525.0,971.0,519.0,990.0,531.0,"0,06314","0,08051","-0,99475","-0,03949","0,08678","-0,99544",,,Valid,Valid,"233,2","100,1","517,9","291,6","100,5","513,0","266,1","142,0","271,2","145,2","0,5163","0,4858","0,5087","0,4804","0,5238","0,4912",thumbnail_grossTrial,thumbnail_grossTrial.png,1245.0,1080.0,337.0,0.0,798.0,692.0,Saccade,33.0,45.0,,,,,,
25007,12477525,1400451748812,Eye Tracker,Participant0058,17.09.2021,Participant0058,Recording4,17.09.2021,17.09.2021,14:48:45.713,12:48:45.713,64514,Timeline2,Tobii I-VT (Fixation),1.145.28180,1080,1920,"10,00",680341795.0,,,963.0,499.0,956.0,491.0,969.0,506.0,"0,05551","0,06635","-0,99625","-0,05047","0,07431","-0,99596","4,12","3,72",Valid,Valid,"233,2","100,0","518,0","291,6","100,2","513,4","262,1","134,5","265,6","138,5","0,5021","0,4619","0,4970","0,4550","0,5073","0,4688",thumbnail_grossTrial,thumbnail_grossTrial.png,1245.0,1080.0,337.0,0.0,798.0,692.0,Saccade,33.0,45.0,,,,,,
25008,12485885,1400451757172,Eye Tracker,Participant0058,17.09.2021,Participant0058,Recording4,17.09.2021,17.09.2021,14:48:45.713,12:48:45.713,64514,Timeline2,Tobii I-VT (Fixation),1.145.28180,1080,1920,"10,00",680350155.0,,,962.0,498.0,963.0,495.0,960.0,500.0,"0,05918","0,06834","-0,99591","-0,05532","0,07147","-0,99591",,,Valid,Valid,"233,3","100,0","518,1","291,7","100,0","514,1","264,0","135,5","263,1","136,9","0,5014","0,4608","0,5027","0,4586","0,5000","0,4631",thumbnail_grossTrial,thumbnail_grossTrial.png,1245.0,1080.0,337.0,0.0,798.0,692.0,Fixation,267.0,31.0,953.0,488.0,"0,4945","0,4521",,
25009,12494182,1400451765469,Eye Tracker,Participant0058,17.09.2021,Participant0058,Recording4,17.09.2021,17.09.2021,14:48:45.713,12:48:45.713,64514,Timeline2,Tobii I-VT (Fixation),1.145.28180,1080,1920,"10,00",680358452.0,,,953.0,494.0,959.0,495.0,946.0,494.0,"0,05711","0,06804","-0,99605","-0,06274","0,06878","-0,99566",,,Valid,Valid,"233,2","100,0","518,1","291,7","99,7","514,8","262,9","135,3","259,2","135,3","0,4940","0,4578","0,4994","0,4579","0,4887","0,4577",thumbnail_grossTrial,thumbnail_grossTrial.png,1245.0,1080.0,337.0,0.0,798.0,692.0,Fixation,267.0,31.0,953.0,488.0,"0,4945","0,4521",,
25010,12502514,1400451773801,Eye Tracker,Participant0058,17.09.2021,Participant0058,Recording4,17.09.2021,17.09.2021,14:48:45.713,12:48:45.713,64514,Timeline2,Tobii I-VT (Fixation),1.145.28180,1080,1920,"10,00",680366784.0,,,951.0,489.0,954.0,488.0,948.0,490.0,"0,05438","0,06470","-0,99642","-0,06174","0,06670","-0,99586","3,91","3,76",Valid,Valid,"233,2","99,9","518,2","291,7","99,7","514,8","261,5","133,6","259,8","134,2","0,4929","0,4530","0,4953","0,4520","0,4904","0,4539",thumbnail_grossTrial,thumbnail_grossTrial.png,1245.0,1080.0,337.0,0.0,798.0,692.0,Fixation,267.0,31.0,953.0,488.0,"0,4945","0,4521",,
25011,12510848,1400451782135,Eye Tracker,Participant0058,17.09.2021,Participant0058,Recording4,17.09.2021,17.09.2021,14:48:45.713,12:48:45.713,64514,Timeline2,Tobii I-VT (Fixation),1.145.28180,1080,1920,"10,00",680375116.0,,,951.0,488.0,954.0,484.0,949.0,493.0,"0,05436","0,06234","-0,99657","-0,06143","0,06788","-0,99580",,,Valid,Valid,"233,3","100,0","518,2","291,8","99,7","514,9","261,5","132,4","260,0","134,8","0,4931","0,4520","0,4953","0,4479","0,4909","0,4560",thumbnail_grossTrial,thumbnail_grossTrial.png,1245.0,1080.0,337.0,0.0,798.0,692.0,Fixation,267.0,31.0,953.0,488.0,"0,4945","0,4521",,
25012,12519233,1400451790520,Eye Tracker,Participant0058,17.09.2021,Participant0058,Recording4,17.09.2021,17.09.2021,14:48:45.713,12:48:45.713,64514,Timeline2,Tobii I-VT (Fixation),1.145.28180,1080,1920,"10,00",680383501.0,,,954.0,489.0,956.0,485.0,952.0,493.0,"0,05530","0,06296","-0,99648","-0,05951","0,06798","-0,99591",,,Valid,Valid,"233,2","100,0","518,2","291,7","99,7","515,0","261,9","132,7","260,9","134,8","0,4951","0,4525","0,4966","0,4490","0,4937","0,4561",thumbnail_grossTrial,thumbnail_grossTrial.png,1245.0,1080.0,337.0,0.0,798.0,692.0,Fixation,267.0,31.0,953.0,488.0,"0,4945","0,4521",,
25013,12527483,1400451798770,Eye Tracker,Participant0058,17.09.2021,Participant0058,Recording4,17.09.2021,17.09.2021,14:48:45.713,12:48:45.713,64514,Timeline2,Tobii I-VT (Fixation),1.145.28180,1080,1920,"10,00",680391751.0,,,954.0,490.0,957.0,487.0,951.0,493.0,"0,05592","0,06393","-0,99639","-0,05998","0,06849","-0,99585","3,94","3,76",Valid,Valid,"233,2","99,9","518,2","291,8","99,6","515,1","262,3","133,2","260,7","135,0","0,4953","0,4537","0,4976","0,4506","0,4930","0,4568",thumbnail_grossTrial,thumbnail_grossTrial.png,1245.0,1080.0,337.0,0.0,798.0,692.0,Fixation,267.0,31.0,953.0,488.0,"0,4945","0,4521",,
25014,12535846,1400451807133,Eye Tracker,Participant0058,17.09.2021,Participant0058,Recording4,17.09.2021,17.09.2021,14:48:45.713,12:48:45.713,64514,Timeline2,Tobii I-VT (Fixation),1.145.28180,1080,1920,"10,00",680400114.0,,,955.0,486.0,959.0,487.0,950.0,486.0,"0,05706","0,06395","-0,99632","-0,06046","0,06468","-0,99607",,,Valid,Valid,"233,2","100,0","518,2","291,8","99,6","515,1","262,9","133,2","260,5","133,0","0,4959","0,4505","0,4994","0,4508","0,4924","0,4502",thumbnail_grossTrial,thumbnail_grossTrial.png,1245.0,1080.0,337.0,0.0,798.0,692.0,Fixation,267.0,31.0,953.0,488.0,"0,4945","0,4521",,
25015,12544176,1400451815463,Eye Tracker,Participant0058,17.09.2021,Participant0058,Recording4,17.09.2021,17.09.2021,14:48:45.713,12:48:45.713,64514,Timeline2,Tobii I-VT (Fixation),1.145.28180,1080,1920,"10,00",680408443.0,,,953.0,485.0,957.0,483.0,948.0,488.0,"0,05630","0,06198","-0,99649","-0,06176","0,06548","-0,99594",,,Valid,Valid,"233,1","99,9","518,2","291,7","99,6","515,2","262,4","132,2","259,8","133,4","0,4941","0,4493","0,4979","0,4472","0,4902","0,4515",thumbnail_grossTrial,thumbnail_grossTrial.png,1245.0,1080.0,337.0,0.0,798.0,692.0,Fixation,267.0,31.0,953.0,488.0,"0,4945","0,4521",,
25016,12552598,1400451823885,Eye Tracker,Participant0058,17.09.2021,Participant0058,Recording4,17.09.2021,17.09.2021,14:48:45.713,12:48:45.713,64514,Timeline2,Tobii I-VT (Fixation),1.145.28180,1080,1920,"10,00",680416864.0,,,951.0,484.0,955.0,481.0,948.0,487.0,"0,05475","0,06114","-0,99663","-0,06186","0,06531","-0,99595","3,92","3,74",Valid,Valid,"233,2","99,9","518,3","291,8","99,5","515,3","261,6","131,7","259,7","133,3","0,4929","0,4483","0,4957","0,4456","0,4901","0,4509",thumbnail_grossTrial,thumbnail_grossTrial.png,1245.0,1080.0,337.0,0.0,798.0,692.0,Fixation,267.0,31.0,953.0,488.0,"0,4945","0,4521",,
25017,12560847,1400451832134,Eye Tracker,Participant0058,17.09.2021,Participant0058,Recording4,17.09.2021,17.09.2021,14:48:45.713,12:48:45.713,64514,Timeline2,Tobii I-VT (Fixation),1.145.28180,1080,1920,"10,00",680425113.0,,,953.0,496.0,954.0,497.0,951.0,496.0,"0,05444","0,06920","-0,99612","-0,06005","0,07021","-0,99572",,,Valid,Valid,"233,2","99,9","518,2","291,8","99,5","515,3","261,5","135,9","260,7","135,8","0,4941","0,4597","0,4953","0,4599","0,4929","0,4595",thumbnail_grossTrial,thumbnail_grossTrial.png,1245.0,1080.0,337.0,0.0,798.0,692.0,Fixation,267.0,31.0,953.0,488.0,"0,4945","0,4521",,
25018,12569147,1400451840434,Eye Tracker,Participant0058,17.09.2021,Participant0058,Recording4,17.09.2021,17.09.2021,14:48:45.713,12:48:45.713,64514,Timeline2,Tobii I-VT (Fixation),1.145.28180,1080,1920,"10,00",680433413.0,,,954.0,498.0,958.0,498.0,950.0,497.0,"0,05670","0,06991","-0,99594","-0,06046","0,07074","-0,99566",,,Valid,Valid,"233,1","99,9","518,2","291,7","99,4","515,5","262,6","136,3","260,4","136,1","0,4953","0,4607","0,4985","0,4611","0,4922","0,4603",thumbnail_grossTrial,thumbnail_grossTrial.png,1245.0,1080.0,337.0,0.0,798.0,692.0,Fixation,267.0,31.0,953.0,488.0,"0,4945","0,4521",,
25019,12577479,1400451848766,Eye Tracker,Participant0058,17.09.2021,Participant0058,Recording4,17.09.2021,17.09.2021,14:48:45.713,12:48:45.713,64514,Timeline2,Tobii I-VT (Fixation),1.145.28180,1080,1920,"10,00",680441744.0,,,946.0,505.0,941.0,515.0,951.0,496.0,"0,04765","0,07883","-0,99575","-0,06039","0,07028","-0,99570","3,95","3,78",Valid,Valid,"233,1","99,9","518,3","291,8","99,4","515,6","257,9","140,9","260,5","135,7","0,4886","0,4680","0,4849","0,4767","0,4924","0,4593",thumbnail_grossTrial,thumbnail_grossTrial.png,1245.0,1080.0,337.0,0.0,798.0,692.0,Fixation,267.0,31.0,953.0,488.0,"0,4945","0,4521",,
25020,12585843,1400451857130,Eye Tracker,Participant0058,17.09.2021,Participant0058,Recording4,17.09.2021,17.09.2021,14:48:45.713,12:48:45.713,64514,Timeline2,Tobii I-VT (Fixation),1.145.28180,1080,1920,"10,00",680450108.0,,,952.0,487.0,958.0,483.0,946.0,491.0,"0,05661","0,06228","-0,99645","-0,06276","0,06755","-0,99574",,,Valid,Valid,"233,2","99,9","518,2","291,8","99,3","515,6","262,6","132,3","259,3","134,3","0,4937","0,4510","0,4986","0,4476","0,4889","0,4545",thumbnail_grossTrial,thumbnail_grossTrial.png,1245.0,1080.0,337.0,0.0,798.0,692.0,Fixation,267.0,31.0,953.0,488.0,"0,4945","0,4521",,
25021,12594174,1400451865461,Eye Tracker,Participant0058,17.09.2021,Participant0058,Recording4,17.09.2021,17.09.2021,14:48:45.713,12:48:45.713,64514,Timeline2,Tobii I-VT (Fixation),1.145.28180,1080,1920,"10,00",680458438.0,,,950.0,488.0,955.0,484.0,944.0,493.0,"0,05514","0,06238","-0,99653","-0,06356","0,06878","-0,99561",,,Valid,Valid,"233,1","99,9","518,2","291,8","99,3","515,7","261,8","132,3","258,9","134,9","0,4918","0,4521","0,4961","0,4477","0,4875","0,4565",thumbnail_grossTrial,thumbnail_grossTrial.png,1245.0,1080.0,337.0,0.0,798.0,692.0,Fixation,267.0,31.0,953.0,488.0,"0,4945","0,4521",,
25022,12602506,1400451873793,Eye Tracker,Participant0058,17.09.2021,Participant0058,Recording4,17.09.2021,17.09.2021,14:48:45.713,12:48:45.713,64514,Timeline2,Tobii I-VT (Fixation),1.145.28180,1080,1920,"10,00",680466770.0,,,950.0,486.0,954.0,478.0,946.0,494.0,"0,05448","0,05954","-0,99674","-0,06301","0,06921","-0,99561","3,95","3,80",Valid,Valid,"233,2","99,9","518,2","291,8","99,2","515,8","261,5","130,8","259,2","135,1","0,4919","0,4499","0,4953","0,4427","0,4885","0,4571",thumbnail_grossTrial,thumbnail_grossTrial.png,1245.0,1080.0,337.0,0.0,798.0,692.0,Fixation,267.0,31.0,953.0,488.0,"0,4945","0,4521",,
25023,12610816,1400451882103,Eye Tracker,Participant0058,17.09.2021,Participant0058,Recording4,17.09.2021,17.09.2021,14:48:45.713,12:48:45.713,64514,Timeline2,Tobii I-VT (Fixation),1.145.28180,1080,1920,"10,00",680475079.0,,,950.0,485.0,951.0,480.0,949.0,489.0,"0,05298","0,06048","-0,99676","-0,06157","0,06691","-0,99586",,,Valid,Valid,"233,2","99,9","518,1","291,9","99,3","515,8","260,7","131,4","260,0","133,9","0,4919","0,4488","0,4931","0,4444","0,4908","0,4531",thumbnail_grossTrial,thumbnail_grossTrial.png,1245.0,1080.0,337.0,0.0,798.0,692.0,Fixation,267.0,31.0,953.0,488.0,"0,4945","0,4521",,
25024,12619179,1400451890466,Eye Tracker,Participant0058,17.09.2021,Participant0058,Recording4,17.09.2021,17.09.2021,14:48:45.713,12:48:45.713,64514,Timeline2,Tobii I-VT (Fixation),1.145.28180,1080,1920,"10,00",680483442.0,,,952.0,483.0,948.0,483.0,955.0,483.0,"0,05120","0,06232","-0,99674","-0,05795","0,06347","-0,99630",,,Valid,Valid,"233,1","99,9","518,1","291,8","99,2","515,9","259,8","132,3","261,8","132,1","0,4932","0,4473","0,4902","0,4476","0,4962","0,4469",thumbnail_grossTrial,thumbnail_grossTrial.png,1245.0,1080.0,337.0,0.0,798.0,692.0,Fixation,267.0,31.0,953.0,488.0,"0,4945","0,4521",,
25025,12627478,1400451898765,Eye Tracker,Participant0058,17.09.2021,Participant0058,Recording4,17.09.2021,17.09.2021,14:48:45.713,12:48:45.713,64514,Timeline2,Tobii I-VT (Fixation),1.145.28180,1080,1920,"10,00",680491741.0,,,953.0,487.0,949.0,489.0,957.0,486.0,"0,05169","0,06525","-0,99653","-0,05713","0,06533","-0,99623","3,95","4,05",Valid,Valid,"233,2","99,9","518,2","291,9","99,2","516,0","260,0","133,8","262,3","133,0","0,4943","0,4513","0,4910","0,4527","0,4975","0,4500",thumbnail_grossTrial,thumbnail_grossTrial.png,1245.0,1080.0,337.0,0.0,798.0,692.0,Fixation,267.0,31.0,953.0,488.0,"0,4945","0,4521",,
25026,12635845,1400451907132,Eye Tracker,Participant0058,17.09.2021,Participant0058,Recording4,17.09.2021,17.09.2021,14:48:45.713,12:48:45.713,64514,Timeline2,Tobii I-VT (Fixation),1.145.28180,1080,1920,"10,00",680500107.0,,,944.0,490.0,944.0,489.0,945.0,490.0,"0,04909","0,06526","-0,99666","-0,06370","0,06741","-0,99569",,,Valid,Valid,"233,2","100,0","518,1","291,9","99,2","516,0","258,7","133,9","258,9","134,1","0,4874","0,4534","0,4872","0,4530","0,4876","0,4538",thumbnail_grossTrial,thumbnail_grossTrial.png,1245.0,1080.0,337.0,0.0,798.0,692.0,Fixation,267.0,31.0,953.0,488.0,"0,4945","0,4521",,
25027,12644176,1400451915463,Eye Tracker,Participant0058,17.09.2021,Participant0058,Recording4,17.09.2021,17.09.2021,14:48:45.713,12:48:45.713,64514,Timeline2,Tobii I-VT (Fixation),1.145.28180,1080,1920,"10,00",680508438.0,,,945.0,488.0,948.0,483.0,942.0,492.0,"0,05143","0,06199","-0,99675","-0,06473","0,06862","-0,99554",,,Valid,Valid,"233,1","100,0","518,1","291,8","99,2","516,1","259,9","132,2","258,3","134,8","0,4882","0,4516","0,4905","0,4472","0,4859","0,4559",thumbnail_grossTrial,thumbnail_grossTrial.png,1245.0,1080.0,337.0,0.0,798.0,692.0,Fixation,267.0,31.0,953.0,488.0,"0,4945","0,4521",,
25028,12652503,1400451923790,Eye Tracker,Participant0058,17.09.2021,Participant0058,Recording4,17.09.2021,17.09.2021,14:48:45.713,12:48:45.713,64514,Timeline2,Tobii I-VT (Fixation),1.145.28180,1080,1920,"10,00",680516764.0,,,948.0,484.0,956.0,482.0,941.0,486.0,"0,05539","0,06155","-0,99657","-0,06557","0,06556","-0,99569","4,21","3,81",Valid,Valid,"233,2","99,9","518,1","291,9","99,1","516,2","262,0","131,9","257,9","133,1","0,4907","0,4484","0,4966","0,4464","0,4847","0,4504",thumbnail_grossTrial,thumbnail_grossTrial.png,1245.0,1080.0,337.0,0.0,798.0,692.0,Fixation,267.0,31.0,953.0,488.0,"0,4945","0,4521",,
25029,12660841,1400451932128,Eye Tracker,Participant0058,17.09.2021,Participant0058,Recording4,17.09.2021,17.09.2021,14:48:45.713,12:48:45.713,64514,Timeline2,Tobii I-VT (Fixation),1.145.28180,1080,1920,"10,00",680525102.0,,,949.0,485.0,954.0,482.0,943.0,487.0,"0,05426","0,06157","-0,99663","-0,06429","0,06590","-0,99575",,,Valid,Valid,"233,2","100,0","518,0","291,9","99,1","516,1","261,4","132,0","258,6","133,3","0,4908","0,4488","0,4950","0,4465","0,4867","0,4510",thumbnail_grossTrial,thumbnail_grossTrial.png,1245.0,1080.0,337.0,0.0,798.0,692.0,Fixation,267.0,31.0,953.0,488.0,"0,4945","0,4521",,
25030,12669167,1400451940454,Eye Tracker,Participant0058,17.09.2021,Participant0058,Recording4,17.09.2021,17.09.2021,14:48:45.713,12:48:45.713,64514,Timeline2,Tobii I-VT (Fixation),1.145.28180,1080,1920,"10,00",680533428.0,,,944.0,483.0,947.0,483.0,941.0,484.0,"0,05072","0,06176","-0,99680","-0,06521","0,06414","-0,99581",,,Valid,Valid,"233,1","100,0","518,0","291,8","99,1","516,2","259,5","132,1","258,0","132,4","0,4872","0,4474","0,4893","0,4468","0,4851","0,4479",thumbnail_grossTrial,thumbnail_grossTrial.png,1245.0,1080.0,337.0,0.0,798.0,692.0,Fixation,267.0,31.0,953.0,488.0,"0,4945","0,4521",,
25031,12677475,1400451948762,Eye Tracker,Participant0058,17.09.2021,Participant0058,Recording4,17.09.2021,17.09.2021,14:48:45.713,12:48:45.713,64514,Timeline2,Tobii I-VT (Fixation),1.145.28180,1080,1920,"10,00",680541735.0,,,953.0,479.0,955.0,477.0,952.0,481.0,"0,05481","0,05864","-0,99677","-0,05990","0,06274","-0,99623","4,23","3,81",Valid,Valid,"233,1","99,9","518,1","291,9","99,1","516,3","261,6","130,4","260,8","131,6","0,4945","0,4433","0,4957","0,4413","0,4933","0,4452",thumbnail_grossTrial,thumbnail_grossTrial.png,1245.0,1080.0,337.0,0.0,798.0,692.0,Fixation,267.0,31.0,953.0,488.0,"0,4945","0,4521",,
25032,12685920,1400451957207,Eye Tracker,Participant0058,17.09.2021,Participant0058,Recording4,17.09.2021,17.09.2021,14:48:45.713,12:48:45.713,64514,Timeline2,Tobii I-VT (Fixation),1.145.28180,1080,1920,"10,00",680550180.0,,,959.0,485.0,966.0,483.0,951.0,488.0,"0,06088","0,06182","-0,99623","-0,06009","0,06654","-0,99597",,,Valid,Valid,"233,2","100,0","518,0","291,9","99,1","516,3","264,8","132,1","260,7","133,6","0,4991","0,4495","0,5051","0,4470","0,4931","0,4520",thumbnail_grossTrial,thumbnail_grossTrial.png,1245.0,1080.0,337.0,0.0,798.0,692.0,Fixation,267.0,31.0,953.0,488.0,"0,4945","0,4521",,
25033,12694140,1400451965427,Eye Tracker,Participant0058,17.09.2021,Participant0058,Recording4,17.09.2021,17.09.2021,14:48:45.713,12:48:45.713,64514,Timeline2,Tobii I-VT (Fixation),1.145.28180,1080,1920,"10,00",680558399.0,,,958.0,486.0,968.0,482.0,948.0,489.0,"0,06172","0,06133","-0,99621","-0,06187","0,06729","-0,99581",,,Valid,Valid,"233,1","100,0","518,0","291,8","99,1","516,3","265,2","131,9","259,8","134,0","0,4982","0,4497","0,5061","0,4461","0,4902","0,4532",thumbnail_grossTrial,thumbnail_grossTrial.png,1245.0,1080.0,337.0,0.0,798.0,692.0,Fixation,267.0,31.0,953.0,488.0,"0,4945","0,4521",,
25034,12702504,1400451973791,Eye Tracker,Participant0058,17.09.2021,Participant0058,Recording4,17.09.2021,17.09.2021,14:48:45.713,12:48:45.713,64514,Timeline2,Tobii I-VT (Fixation),1.145.28180,1080,1920,"10,00",680566763.0,,,958.0,491.0,962.0,487.0,955.0,494.0,"0,05868","0,06416","-0,99621","-0,05820","0,06987","-0,99586","4,01","4,07",Valid,Valid,"233,1","99,9","518,1","291,9","99,0","516,4","263,7","133,3","261,7","135,2","0,4988","0,4543","0,5016","0,4510","0,4959","0,4576",thumbnail_grossTrial,thumbnail_grossTrial.png,1245.0,1080.0,337.0,0.0,798.0,692.0,Fixation,267.0,31.0,953.0,488.0,"0,4945","0,4521",,
25035,12710836,1400451982123,Eye Tracker,Participant0058,17.09.2021,Participant0058,Recording4,17.09.2021,17.09.2021,14:48:45.713,12:48:45.713,64514,Timeline2,Tobii I-VT (Fixation),1.145.28180,1080,1920,"10,00",680575094.0,,,958.0,490.0,963.0,488.0,954.0,493.0,"0,05890","0,06445","-0,99618","-0,05893","0,06899","-0,99587",,,Valid,Valid,"233,2","100,0","518,0","291,9","99,0","516,4","263,8","133,5","261,3","134,8","0,4984","0,4539","0,5020","0,4516","0,4948","0,4561",thumbnail_grossTrial,thumbnail_grossTrial.png,1245.0,1080.0,337.0,0.0,798.0,692.0,Fixation,267.0,31.0,953.0,488.0,"0,4945","0,4521",,
25036,12719166,1400451990453,Eye Tracker,Participant0058,17.09.2021,Participant0058,Recording4,17.09.2021,17.09.2021,14:48:45.713,12:48:45.713,64514,Timeline2,Tobii I-VT (Fixation),1.145.28180,1080,1920,"10,00",680583424.0,,,960.0,492.0,964.0,491.0,957.0,493.0,"0,05971","0,06616","-0,99602","-0,05700","0,06897","-0,99599",,,Valid,Valid,"233,1","100,0","518,0","291,9","99,0","516,4","264,2","134,4","262,3","134,8","0,5004","0,4553","0,5031","0,4546","0,4976","0,4560",thumbnail_grossTrial,thumbnail_grossTrial.png,1245.0,1080.0,337.0,0.0,798.0,692.0,Fixation,267.0,31.0,953.0,488.0,"0,4945","0,4521",,
25037,12727471,1400451998758,Eye Tracker,Participant0058,17.09.2021,Participant0058,Recording4,17.09.2021,17.09.2021,14:48:45.713,12:48:45.713,64514,Timeline2,Tobii I-VT (Fixation),1.145.28180,1080,1920,"10,00",680591728.0,,,959.0,488.0,965.0,489.0,953.0,486.0,"0,06000","0,06515","-0,99607","-0,05947","0,06580","-0,99606","4,01","3,81",Valid,Valid,"233,1","99,9","518,1","291,9","99,0","516,5","264,4","133,8","261,1","133,1","0,4988","0,4515","0,5037","0,4527","0,4940","0,4504",thumbnail_grossTrial,thumbnail_grossTrial.png,1245.0,1080.0,337.0,0.0,798.0,692.0,Fixation,267.0,31.0,953.0,488.0,"0,4945","0,4521",,
25038,12735888,1400452007175,Eye Tracker,Participant0058,17.09.2021,Participant0058,Recording4,17.09.2021,17.09.2021,14:48:45.713,12:48:45.713,64514,Timeline2,Tobii I-VT (Fixation),1.145.28180,1080,1920,"10,00",680600144.0,,,957.0,486.0,960.0,486.0,954.0,487.0,"0,05735","0,06333","-0,99634","-0,05869","0,06604","-0,99609",,,Valid,Valid,"233,2","100,0","518,0","291,9","99,0","516,4","263,0","132,9","261,5","133,3","0,4975","0,4503","0,4997","0,4497","0,4952","0,4509",thumbnail_grossTrial,thumbnail_grossTrial.png,1245.0,1080.0,337.0,0.0,798.0,692.0,Fixation,267.0,31.0,953.0,488.0,"0,4945","0,4521",,
25039,12744152,1400452015439,Eye Tracker,Participant0058,17.09.2021,Participant0058,Recording4,17.09.2021,17.09.2021,14:48:45.713,12:48:45.713,64514,Timeline2,Tobii I-VT (Fixation),1.145.28180,1080,1920,"10,00",680608408.0,,,958.0,483.0,960.0,482.0,955.0,484.0,"0,05773","0,06154","-0,99643","-0,05790","0,06452","-0,99624",,,Valid,Valid,"233,1","99,9","518,0","291,9","99,0","516,4","263,1","131,9","261,8","132,5","0,4982","0,4473","0,5000","0,4464","0,4963","0,4482",thumbnail_grossTrial,thumbnail_grossTrial.png,1245.0,1080.0,337.0,0.0,798.0,692.0,Fixation,267.0,31.0,953.0,488.0,"0,4945","0,4521",,
25040,12752485,1400452023772,Eye Tracker,Participant0058,17.09.2021,Participant0058,Recording4,17.09.2021,17.09.2021,14:48:45.713,12:48:45.713,64514,Timeline2,Tobii I-VT (Fixation),1.145.28180,1080,1920,"10,00",680616741.0,,,962.0,471.0,962.0,469.0,961.0,472.0,"0,05886","0,05503","-0,99675","-0,05476","0,05857","-0,99678","4,29","4,10",Valid,Valid,"233,2","99,9","518,0","291,9","98,9","516,4","263,7","128,5","263,5","129,3","0,5015","0,4360","0,5019","0,4347","0,5012","0,4374",thumbnail_grossTrial,thumbnail_grossTrial.png,1245.0,1080.0,337.0,0.0,798.0,692.0,Saccade,33.0,46.0,,,,,,
25041,12760856,1400452032143,Eye Tracker,Participant0058,17.09.2021,Participant0058,Recording4,17.09.2021,17.09.2021,14:48:45.713,12:48:45.713,64514,Timeline2,Tobii I-VT (Fixation),1.145.28180,1080,1920,"10,00",680625111.0,,,977.0,466.0,985.0,472.0,969.0,459.0,"0,07044","0,05637","-0,99592","-0,05071","0,05143","-0,99739",,,Valid,Valid,"233,2","99,9","517,9","291,9","99,0","516,4","269,8","129,2","265,6","125,6","0,5136","0,4310","0,5197","0,4371","0,5074","0,4249",thumbnail_grossTrial,thumbnail_grossTrial.png,1245.0,1080.0,337.0,0.0,798.0,692.0,Saccade,33.0,46.0,,,,,,
25042,12769147,1400452040434,Eye Tracker,Participant0058,17.09.2021,Participant0058,Recording4,17.09.2021,17.09.2021,14:48:45.713,12:48:45.713,64514,Timeline2,Tobii I-VT (Fixation),1.145.28180,1080,1920,"10,00",680633402.0,,,962.0,440.0,960.0,438.0,964.0,443.0,"0,05774","0,03823","-0,99760","-0,05311","0,04303","-0,99766",,,Valid,Valid,"233,2","99,9","517,9","291,8","98,9","516,4","263,1","119,7","264,3","121,2","0,5018","0,4076","0,5001","0,4051","0,5036","0,4101",thumbnail_grossTrial,thumbnail_grossTrial.png,1245.0,1080.0,337.0,0.0,798.0,692.0,Saccade,33.0,46.0,,,,,,
25043,12777551,1400452048838,Eye Tracker,Participant0058,17.09.2021,Participant0058,Recording4,17.09.2021,17.09.2021,14:48:45.713,12:48:45.713,64514,Timeline2,Tobii I-VT (Fixation),1.145.28180,1080,1920,"10,00",680641805.0,,,961.0,425.0,960.0,418.0,963.0,431.0,"0,05759","0,02817","-0,99794","-0,05426","0,03720","-0,99783","4,26","3,81",Valid,Valid,"233,2","99,9","517,8","291,9","98,8","516,5","263,1","114,5","263,8","118,1","0,5010","0,3935","0,5000","0,3875","0,5020","0,3995",thumbnail_grossTrial,thumbnail_grossTrial.png,1245.0,1080.0,337.0,0.0,798.0,692.0,Saccade,33.0,46.0,,,,,,
25044,12785834,1400452057121,Eye Tracker,Participant0058,17.09.2021,Participant0058,Recording4,17.09.2021,17.09.2021,14:48:45.713,12:48:45.713,64514,Timeline2,Tobii I-VT (Fixation),1.145.28180,1080,1920,"10,00",680650088.0,,,958.0,420.0,964.0,416.0,952.0,424.0,"0,05959","0,02664","-0,99787","-0,05968","0,03313","-0,99767",,,Valid,Valid,"233,2","100,0","517,8","291,9","98,9","516,6","264,2","113,8","261,0","116,0","0,4985","0,3888","0,5031","0,3851","0,4938","0,3926",thumbnail_grossTrial,thumbnail_grossTrial.png,1245.0,1080.0,337.0,0.0,798.0,692.0,Fixation,242.0,32.0,957.0,426.0,"0,4974","0,3945",,
25045,12794135,1400452065422,Eye Tracker,Participant0058,17.09.2021,Participant0058,Recording4,17.09.2021,17.09.2021,14:48:45.713,12:48:45.713,64514,Timeline2,Tobii I-VT (Fixation),1.145.28180,1080,1920,"10,00",680658389.0,,,954.0,418.0,957.0,412.0,951.0,424.0,"0,05621","0,02444","-0,99812","-0,06004","0,03290","-0,99765",,,Valid,Valid,"233,2","100,0","517,8","291,9","98,9","516,6","262,3","112,7","260,8","115,9","0,4954","0,3867","0,4977","0,3813","0,4931","0,3922",thumbnail_grossTrial,thumbnail_grossTrial.png,1245.0,1080.0,337.0,0.0,798.0,692.0,Fixation,242.0,32.0,957.0,426.0,"0,4974","0,3945",,
25046,12802494,1400452073781,Eye Tracker,Participant0058,17.09.2021,Participant0058,Recording4,17.09.2021,17.09.2021,14:48:45.713,12:48:45.713,64514,Timeline2,Tobii I-VT (Fixation),1.145.28180,1080,1920,"10,00",680666747.0,,,955.0,423.0,959.0,418.0,952.0,428.0,"0,05687","0,02783","-0,99799","-0,05964","0,03563","-0,99758","4,25","3,83",Valid,Valid,"233,2","99,9","517,8","291,9","98,8","516,6","262,7","114,4","261,0","117,2","0,4963","0,3918","0,4988","0,3869","0,4939","0,3967",thumbnail_grossTrial,thumbnail_grossTrial.png,1245.0,1080.0,337.0,0.0,798.0,692.0,Fixation,242.0,32.0,957.0,426.0,"0,4974","0,3945",,
25047,12810829,1400452082116,Eye Tracker,Participant0058,17.09.2021,Participant0058,Recording4,17.09.2021,17.09.2021,14:48:45.713,12:48:45.713,64514,Timeline2,Tobii I-VT (Fixation),1.145.28180,1080,1920,"10,00",680675082.0,,,957.0,421.0,954.0,417.0,960.0,425.0,"0,05438","0,02746","-0,99814","-0,05557","0,03395","-0,99788",,,Valid,Valid,"233,2","100,0","517,7","291,9","98,9","516,6","261,4","114,2","263,2","116,4","0,4976","0,3902","0,4951","0,3865","0,5001","0,3939",thumbnail_grossTrial,thumbnail_grossTrial.png,1245.0,1080.0,337.0,0.0,798.0,692.0,Fixation,242.0,32.0,957.0,426.0,"0,4974","0,3945",,
25048,12819133,1400452090420,Eye Tracker,Participant0058,17.09.2021,Participant0058,Recording4,17.09.2021,17.09.2021,14:48:45.713,12:48:45.713,64514,Timeline2,Tobii I-VT (Fixation),1.145.28180,1080,1920,"10,00",680683385.0,,,959.0,423.0,955.0,423.0,964.0,422.0,"0,05500","0,03030","-0,99803","-0,05359","0,03242","-0,99804",,,Valid,Valid,"233,2","100,0","517,7","291,9","98,8","516,6","261,7","115,7","264,1","115,6","0,4994","0,3913","0,4959","0,3915","0,5030","0,3912",thumbnail_grossTrial,thumbnail_grossTrial.png,1245.0,1080.0,337.0,0.0,798.0,692.0,Fixation,242.0,32.0,957.0,426.0,"0,4974","0,3945",,
25049,12827466,1400452098753,Eye Tracker,Participant0058,17.09.2021,Participant0058,Recording4,17.09.2021,17.09.2021,14:48:45.713,12:48:45.713,64514,Timeline2,Tobii I-VT (Fixation),1.145.28180,1080,1920,"10,00",680691718.0,,,957.0,423.0,950.0,426.0,964.0,421.0,"0,05225","0,03204","-0,99812","-0,05341","0,03175","-0,99807","4,05","3,84",Valid,Valid,"233,2","99,9","517,7","291,9","98,7","516,6","260,3","116,5","264,3","115,2","0,4976","0,3920","0,4917","0,3943","0,5034","0,3897",thumbnail_grossTrial,thumbnail_grossTrial.png,1245.0,1080.0,337.0,0.0,798.0,692.0,Fixation,242.0,32.0,957.0,426.0,"0,4974","0,3945",,
25050,12835802,1400452107089,Eye Tracker,Participant0058,17.09.2021,Participant0058,Recording4,17.09.2021,17.09.2021,14:48:45.713,12:48:45.713,64514,Timeline2,Tobii I-VT (Fixation),1.145.28180,1080,1920,"10,00",680700053.0,,,960.0,428.0,955.0,430.0,964.0,427.0,"0,05499","0,03402","-0,99791","-0,05351","0,03475","-0,99796",,,Valid,Valid,"233,2","100,0","517,6","291,9","98,8","516,6","261,8","117,6","264,2","116,8","0,4997","0,3966","0,4960","0,3980","0,5033","0,3951",thumbnail_grossTrial,thumbnail_grossTrial.png,1245.0,1080.0,337.0,0.0,798.0,692.0,Fixation,242.0,32.0,957.0,426.0,"0,4974","0,3945",,
25051,12844131,1400452115418,Eye Tracker,Participant0058,17.09.2021,Participant0058,Recording4,17.09.2021,17.09.2021,14:48:45.713,12:48:45.713,64514,Timeline2,Tobii I-VT (Fixation),1.145.28180,1080,1920,"10,00",680708382.0,,,958.0,431.0,956.0,430.0,960.0,431.0,"0,05585","0,03421","-0,99785","-0,05563","0,03696","-0,99777",,,Valid,Valid,"233,2","100,0","517,5","291,9","98,8","516,6","262,1","117,7","263,1","117,9","0,4985","0,3986","0,4972","0,3983","0,4999","0,3989",thumbnail_grossTrial,thumbnail_grossTrial.png,1245.0,1080.0,337.0,0.0,798.0,692.0,Fixation,242.0,32.0,957.0,426.0,"0,4974","0,3945",,
25052,12852495,1400452123782,Eye Tracker,Participant0058,17.09.2021,Participant0058,Recording4,17.09.2021,17.09.2021,14:48:45.713,12:48:45.713,64514,Timeline2,Tobii I-VT (Fixation),1.145.28180,1080,1920,"10,00",680716746.0,,,962.0,430.0,962.0,430.0,963.0,431.0,"0,05855","0,03443","-0,99769","-0,05387","0,03704","-0,99786","4,37","4,24",Valid,Valid,"233,2","99,9","517,5","291,9","98,7","516,6","263,6","117,8","264,0","117,9","0,5020","0,3986","0,5013","0,3984","0,5027","0,3987",thumbnail_grossTrial,thumbnail_grossTrial.png,1245.0,1080.0,337.0,0.0,798.0,692.0,Fixation,242.0,32.0,957.0,426.0,"0,4974","0,3945",,
25053,12860828,1400452132115,Eye Tracker,Participant0058,17.09.2021,Participant0058,Recording4,17.09.2021,17.09.2021,14:48:45.713,12:48:45.713,64514,Timeline2,Tobii I-VT (Fixation),1.145.28180,1080,1920,"10,00",680725078.0,,,961.0,427.0,960.0,426.0,963.0,429.0,"0,05771","0,03182","-0,99783","-0,05432","0,03612","-0,99787",,,Valid,Valid,"233,2","100,0","517,4","291,9","98,7","516,5","263,2","116,5","263,8","117,4","0,5011","0,3957","0,5002","0,3941","0,5021","0,3973",thumbnail_grossTrial,thumbnail_grossTrial.png,1245.0,1080.0,337.0,0.0,798.0,692.0,Fixation,242.0,32.0,957.0,426.0,"0,4974","0,3945",,
25054,12869131,1400452140418,Eye Tracker,Participant0058,17.09.2021,Participant0058,Recording4,17.09.2021,17.09.2021,14:48:45.713,12:48:45.713,64514,Timeline2,Tobii I-VT (Fixation),1.145.28180,1080,1920,"10,00",680733380.0,,,961.0,423.0,962.0,418.0,960.0,427.0,"0,05890","0,02769","-0,99788","-0,05561","0,03510","-0,99784",,,Valid,Valid,"233,2","100,0","517,3","291,9","98,7","516,5","263,7","114,3","263,1","116,9","0,5008","0,3912","0,5017","0,3869","0,5000","0,3955",thumbnail_grossTrial,thumbnail_grossTrial.png,1245.0,1080.0,337.0,0.0,798.0,692.0,Fixation,242.0,32.0,957.0,426.0,"0,4974","0,3945",,
25055,12877462,1400452148749,Eye Tracker,Participant0058,17.09.2021,Participant0058,Recording4,17.09.2021,17.09.2021,14:48:45.713,12:48:45.713,64514,Timeline2,Tobii I-VT (Fixation),1.145.28180,1080,1920,"10,00",680741711.0,,,959.0,423.0,957.0,419.0,961.0,426.0,"0,05611","0,02866","-0,99801","-0,05506","0,03443","-0,99789","4,06","4,11",Valid,Valid,"233,2","99,9","517,3","291,9","98,7","516,5","262,3","114,8","263,4","116,5","0,4992","0,3913","0,4975","0,3884","0,5009","0,3942",thumbnail_grossTrial,thumbnail_grossTrial.png,1245.0,1080.0,337.0,0.0,798.0,692.0,Fixation,242.0,32.0,957.0,426.0,"0,4974","0,3945",,
25056,12885798,1400452157085,Eye Tracker,Participant0058,17.09.2021,Participant0058,Recording4,17.09.2021,17.09.2021,14:48:45.713,12:48:45.713,64514,Timeline2,Tobii I-VT (Fixation),1.145.28180,1080,1920,"10,00",680750047.0,,,957.0,424.0,956.0,421.0,958.0,426.0,"0,05574","0,02935","-0,99801","-0,05672","0,03451","-0,99779",,,Valid,Valid,"233,2","100,0","517,2","291,9","98,8","516,3","262,1","115,2","262,6","116,6","0,4978","0,3923","0,4971","0,3899","0,4985","0,3946",thumbnail_grossTrial,thumbnail_grossTrial.png,1245.0,1080.0,337.0,0.0,798.0,692.0,Fixation,242.0,32.0,957.0,426.0,"0,4974","0,3945",,
25057,12894161,1400452165448,Eye Tracker,Participant0058,17.09.2021,Participant0058,Recording4,17.09.2021,17.09.2021,14:48:45.713,12:48:45.713,64514,Timeline2,Tobii I-VT (Fixation),1.145.28180,1080,1920,"10,00",680758410.0,,,958.0,426.0,956.0,427.0,960.0,425.0,"0,05580","0,03232","-0,99792","-0,05549","0,03410","-0,99788",,,Valid,Valid,"233,2","100,1","517,1","291,9","98,8","516,3","262,1","116,8","263,2","116,4","0,4986","0,3946","0,4970","0,3953","0,5001","0,3940",thumbnail_grossTrial,thumbnail_grossTrial.png,1245.0,1080.0,337.0,0.0,798.0,692.0,Fixation,242.0,32.0,957.0,426.0,"0,4974","0,3945",,
25058,12902490,1400452173777,Eye Tracker,Participant0058,17.09.2021,Participant0058,Recording4,17.09.2021,17.09.2021,14:48:45.713,12:48:45.713,64514,Timeline2,Tobii I-VT (Fixation),1.145.28180,1080,1920,"10,00",680766737.0,,,954.0,421.0,953.0,419.0,955.0,423.0,"0,05404","0,02817","-0,99814","-0,05814","0,03297","-0,99776","4,04","3,86",Valid,Valid,"233,2","100,1","517,1","291,9","98,8","516,3","261,2","114,7","261,8","115,8","0,4953","0,3900","0,4944","0,3880","0,4962","0,3920",thumbnail_grossTrial,thumbnail_grossTrial.png,1245.0,1080.0,337.0,0.0,798.0,692.0,Fixation,242.0,32.0,957.0,426.0,"0,4974","0,3945",,
25059,12910834,1400452182121,Eye Tracker,Participant0058,17.09.2021,Participant0058,Recording4,17.09.2021,17.09.2021,14:48:45.713,12:48:45.713,64514,Timeline2,Tobii I-VT (Fixation),1.145.28180,1080,1920,"10,00",680775081.0,,,955.0,425.0,952.0,423.0,958.0,426.0,"0,05348","0,03021","-0,99811","-0,05645","0,03415","-0,99782",,,Valid,Valid,"233,2","100,2","517,0","291,9","98,9","516,2","260,9","115,8","262,7","116,5","0,4962","0,3931","0,4936","0,3919","0,4988","0,3943",thumbnail_grossTrial,thumbnail_grossTrial.png,1245.0,1080.0,337.0,0.0,798.0,692.0,Fixation,242.0,32.0,957.0,426.0,"0,4974","0,3945",,
25060,12919154,1400452190441,Eye Tracker,Participant0058,17.09.2021,Participant0058,Recording4,17.09.2021,17.09.2021,14:48:45.713,12:48:45.713,64514,Timeline2,Tobii I-VT (Fixation),1.145.28180,1080,1920,"10,00",680783401.0,,,953.0,428.0,952.0,421.0,955.0,435.0,"0,05367","0,02884","-0,99814","-0,05827","0,03863","-0,99755",,,Valid,Valid,"233,2","100,2","517,0","291,8","98,9","516,2","261,0","115,1","261,7","118,9","0,4948","0,3960","0,4937","0,3896","0,4958","0,4024",thumbnail_grossTrial,thumbnail_grossTrial.png,1245.0,1080.0,337.0,0.0,798.0,692.0,Fixation,242.0,32.0,957.0,426.0,"0,4974","0,3945",,
25061,12927458,1400452198745,Eye Tracker,Participant0058,17.09.2021,Participant0058,Recording4,17.09.2021,17.09.2021,14:48:45.713,12:48:45.713,64514,Timeline2,Tobii I-VT (Fixation),1.145.28180,1080,1920,"10,00",680791705.0,,,958.0,435.0,,,958.0,435.0,,,,"-0,05684","0,03893","-0,99762",,"4,10",Invalid,Valid,,,,"291,9","98,9","516,1",,,"262,5","119,1","0,4981","0,4028",,,"0,4981","0,4028",thumbnail_grossTrial,thumbnail_grossTrial.png,1245.0,1080.0,337.0,0.0,798.0,692.0,Fixation,242.0,32.0,957.0,426.0,"0,4974","0,3945",,
25062,12935823,1400452207110,Eye Tracker,Participant0058,17.09.2021,Participant0058,Recording4,17.09.2021,17.09.2021,14:48:45.713,12:48:45.713,64514,Timeline2,Tobii I-VT (Fixation),1.145.28180,1080,1920,"10,00",680800069.0,,,952.0,433.0,957.0,420.0,947.0,445.0,"0,05616","0,02858","-0,99801","-0,06251","0,04394","-0,99708",,,Valid,Valid,"233,2","100,3","517,0","291,9","99,0","516,0","262,3","115,1","259,5","121,8","0,4936","0,4007","0,4976","0,3893","0,4895","0,4120",thumbnail_grossTrial,thumbnail_grossTrial.png,1245.0,1080.0,337.0,0.0,798.0,692.0,Fixation,242.0,32.0,957.0,426.0,"0,4974","0,3945",,
25063,12944163,1400452215450,Eye Tracker,Participant0058,17.09.2021,Participant0058,Recording4,17.09.2021,17.09.2021,14:48:45.713,12:48:45.713,64514,Timeline2,Tobii I-VT (Fixation),1.145.28180,1080,1920,"10,00",680808408.0,,,949.0,436.0,952.0,427.0,947.0,445.0,"0,05344","0,03191","-0,99806","-0,06244","0,04378","-0,99709",,,Valid,Valid,"233,1","100,3","517,0","291,8","99,1","516,0","260,8","116,8","259,5","121,7","0,4914","0,4036","0,4933","0,3952","0,4894","0,4119",thumbnail_grossTrial,thumbnail_grossTrial.png,1245.0,1080.0,337.0,0.0,798.0,692.0,Fixation,242.0,32.0,957.0,426.0,"0,4974","0,3945",,
25064,12952486,1400452223773,Eye Tracker,Participant0058,17.09.2021,Participant0058,Recording4,17.09.2021,17.09.2021,14:48:45.713,12:48:45.713,64514,Timeline2,Tobii I-VT (Fixation),1.145.28180,1080,1920,"10,00",680816731.0,,,957.0,434.0,955.0,425.0,960.0,443.0,"0,05495","0,03069","-0,99802","-0,05560","0,04280","-0,99754","4,06","4,24",Valid,Valid,"233,2","100,3","517,0","291,8","99,1","516,0","261,6","116,2","263,1","121,2","0,4978","0,4016","0,4957","0,3931","0,5000","0,4101",thumbnail_grossTrial,thumbnail_grossTrial.png,1245.0,1080.0,337.0,0.0,798.0,692.0,Fixation,242.0,32.0,957.0,426.0,"0,4974","0,3945",,
25065,12960794,1400452232081,Eye Tracker,Participant0058,17.09.2021,Participant0058,Recording4,17.09.2021,17.09.2021,14:48:45.713,12:48:45.713,64514,Timeline2,Tobii I-VT (Fixation),1.145.28180,1080,1920,"10,00",680825039.0,,,961.0,435.0,965.0,428.0,957.0,441.0,"0,06016","0,03270","-0,99765","-0,05692","0,04135","-0,99752",,,Valid,Valid,"233,2","100,3","517,0","291,9","99,2","515,8","264,4","117,3","262,4","120,6","0,5009","0,4023","0,5037","0,3967","0,4980","0,4079",thumbnail_grossTrial,thumbnail_grossTrial.png,1245.0,1080.0,337.0,0.0,798.0,692.0,Fixation,242.0,32.0,957.0,426.0,"0,4974","0,3945",,
25066,12969125,1400452240412,Eye Tracker,Participant0058,17.09.2021,Participant0058,Recording4,17.09.2021,17.09.2021,14:48:45.713,12:48:45.713,64514,Timeline2,Tobii I-VT (Fixation),1.145.28180,1080,1920,"10,00",680833369.0,,,953.0,422.0,946.0,408.0,959.0,437.0,"0,05065","0,02182","-0,99848","-0,05614","0,03932","-0,99765",,,Valid,Valid,"233,2","100,3","517,0","291,8","99,2","515,8","259,4","111,6","262,8","119,5","0,4941","0,3910","0,4891","0,3776","0,4991","0,4044",thumbnail_grossTrial,thumbnail_grossTrial.png,1245.0,1080.0,337.0,0.0,798.0,692.0,Fixation,242.0,32.0,957.0,426.0,"0,4974","0,3945",,
25067,12977455,1400452248742,Eye Tracker,Participant0058,17.09.2021,Participant0058,Recording4,17.09.2021,17.09.2021,14:48:45.713,12:48:45.713,64514,Timeline2,Tobii I-VT (Fixation),1.145.28180,1080,1920,"10,00",680841699.0,,,957.0,420.0,949.0,409.0,965.0,431.0,"0,05198","0,02278","-0,99839","-0,05290","0,03636","-0,99794","4,04","4,05",Valid,Valid,"233,2","100,3","517,0","291,8","99,2","515,8","260,1","112,1","264,5","118,0","0,4976","0,3891","0,4912","0,3791","0,5041","0,3991",thumbnail_grossTrial,thumbnail_grossTrial.png,1245.0,1080.0,337.0,0.0,798.0,692.0,Fixation,242.0,32.0,957.0,426.0,"0,4974","0,3945",,
25068,12985817,1400452257104,Eye Tracker,Participant0058,17.09.2021,Participant0058,Recording4,17.09.2021,17.09.2021,14:48:45.713,12:48:45.713,64514,Timeline2,Tobii I-VT (Fixation),1.145.28180,1080,1920,"10,00",680850060.0,,,957.0,420.0,950.0,413.0,965.0,427.0,"0,05248","0,02470","-0,99832","-0,05324","0,03406","-0,99800",,,Valid,Valid,"233,2","100,3","517,0","291,9","99,2","515,7","260,4","113,1","264,4","116,8","0,4979","0,3890","0,4921","0,3827","0,5037","0,3953",thumbnail_grossTrial,thumbnail_grossTrial.png,1245.0,1080.0,337.0,0.0,798.0,692.0,Fixation,242.0,32.0,957.0,426.0,"0,4974","0,3945",,
25069,12994200,1400452265487,Eye Tracker,Participant0058,17.09.2021,Participant0058,Recording4,17.09.2021,17.09.2021,14:48:45.713,12:48:45.713,64514,Timeline2,Tobii I-VT (Fixation),1.145.28180,1080,1920,"10,00",680858443.0,,,956.0,425.0,950.0,422.0,961.0,429.0,"0,05242","0,02933","-0,99819","-0,05485","0,03513","-0,99788",,,Valid,Valid,"233,2","100,3","517,0","291,8","99,2","515,7","260,3","115,5","263,5","117,3","0,4965","0,3939","0,4918","0,3907","0,5011","0,3970",thumbnail_grossTrial,thumbnail_grossTrial.png,1245.0,1080.0,337.0,0.0,798.0,692.0,Fixation,242.0,32.0,957.0,426.0,"0,4974","0,3945",,
25070,13002482,1400452273769,Eye Tracker,Participant0058,17.09.2021,Participant0058,Recording4,17.09.2021,17.09.2021,14:48:45.713,12:48:45.713,64514,Timeline2,Tobii I-VT (Fixation),1.145.28180,1080,1920,"10,00",680866724.0,,,955.0,429.0,950.0,425.0,959.0,434.0,"0,05260","0,03115","-0,99813","-0,05605","0,03782","-0,99771","4,05","4,05",Valid,Valid,"233,2","100,2","517,0","291,9","99,1","515,7","260,5","116,3","262,9","118,7","0,4958","0,3976","0,4922","0,3936","0,4994","0,4015",thumbnail_grossTrial,thumbnail_grossTrial.png,1245.0,1080.0,337.0,0.0,798.0,692.0,Fixation,242.0,32.0,957.0,426.0,"0,4974","0,3945",,
25071,13010822,1400452282109,Eye Tracker,Participant0058,17.09.2021,Participant0058,Recording4,17.09.2021,17.09.2021,14:48:45.713,12:48:45.713,64514,Timeline2,Tobii I-VT (Fixation),1.145.28180,1080,1920,"10,00",680875064.0,,,954.0,426.0,949.0,419.0,958.0,433.0,"0,05187","0,02775","-0,99827","-0,05668","0,03755","-0,99769",,,Valid,Valid,"233,3","100,3","517,0","291,9","99,2","515,7","260,1","114,6","262,6","118,6","0,4949","0,3945","0,4912","0,3878","0,4985","0,4012",thumbnail_grossTrial,thumbnail_grossTrial.png,1245.0,1080.0,337.0,0.0,798.0,692.0,Fixation,242.0,32.0,957.0,426.0,"0,4974","0,3945",,
25072,13019120,1400452290407,Eye Tracker,Participant0058,17.09.2021,Participant0058,Recording4,17.09.2021,17.09.2021,14:48:45.713,12:48:45.713,64514,Timeline2,Tobii I-VT (Fixation),1.145.28180,1080,1920,"10,00",680883362.0,,,955.0,429.0,950.0,421.0,960.0,436.0,"0,05231","0,02920","-0,99820","-0,05539","0,03916","-0,99770",,,Valid,Valid,"233,2","100,2","517,0","291,9","99,1","515,7","260,3","115,3","263,2","119,4","0,4960","0,3971","0,4917","0,3903","0,5003","0,4039",thumbnail_grossTrial,thumbnail_grossTrial.png,1245.0,1080.0,337.0,0.0,798.0,692.0,Fixation,242.0,32.0,957.0,426.0,"0,4974","0,3945",,
25073,13027453,1400452298740,Eye Tracker,Participant0058,17.09.2021,Participant0058,Recording4,17.09.2021,17.09.2021,14:48:45.713,12:48:45.713,64514,Timeline2,Tobii I-VT (Fixation),1.145.28180,1080,1920,"10,00",680891694.0,,,969.0,425.0,980.0,423.0,958.0,428.0,"0,06804","0,03006","-0,99723","-0,05657","0,03516","-0,99778","4,26","3,85",Valid,Valid,"233,2","100,1","517,0","291,9","99,0","515,8","268,5","115,7","262,7","117,2","0,5073","0,3939","0,5159","0,3915","0,4988","0,3964",thumbnail_grossTrial,thumbnail_grossTrial.png,1245.0,1080.0,337.0,0.0,798.0,692.0,Saccade,42.0,47.0,,,,,,
25074,13035827,1400452307114,Eye Tracker,Participant0058,17.09.2021,Participant0058,Recording4,17.09.2021,17.09.2021,14:48:45.713,12:48:45.713,64514,Timeline2,Tobii I-VT (Fixation),1.145.28180,1080,1920,"10,00",680900067.0,,,975.0,418.0,980.0,423.0,971.0,413.0,"0,06790","0,03015","-0,99724","-0,05002","0,02727","-0,99838",,,Valid,Valid,"233,3","100,1","516,9","292,0","99,0","515,7","268,5","115,7","266,1","113,1","0,5124","0,3870","0,5159","0,3915","0,5088","0,3825",thumbnail_grossTrial,thumbnail_grossTrial.png,1245.0,1080.0,337.0,0.0,798.0,692.0,Saccade,42.0,47.0,,,,,,
25075,13044120,1400452315407,Eye Tracker,Participant0058,17.09.2021,Participant0058,Recording4,17.09.2021,17.09.2021,14:48:45.713,12:48:45.713,64514,Timeline2,Tobii I-VT (Fixation),1.145.28180,1080,1920,"10,00",680908360.0,,,983.0,363.0,980.0,357.0,985.0,369.0,"0,06820","-0,00449","-0,99766","-0,04228","0,00382","-0,99910",,,Valid,Valid,"233,3","100,1","516,9","291,9","98,9","515,8","268,7","97,7","270,1","100,9","0,5184","0,3361","0,5163","0,3307","0,5205","0,3414",thumbnail_grossTrial,thumbnail_grossTrial.png,1245.0,1080.0,337.0,0.0,798.0,692.0,Saccade,42.0,47.0,,,,,,
25076,13052465,1400452323752,Eye Tracker,Participant0058,17.09.2021,Participant0058,Recording4,17.09.2021,17.09.2021,14:48:45.713,12:48:45.713,64514,Timeline2,Tobii I-VT (Fixation),1.145.28180,1080,1920,"10,00",680916705.0,,,1005.0,328.0,994.0,332.0,1016.0,323.0,"0,07505","-0,01752","-0,99703","-0,02626","-0,02013","-0,99945","4,05","4,29",Valid,Valid,"233,4","100,0","516,7","292,0","98,8","515,7","272,3","90,9","278,4","88,4","0,5360","0,3034","0,5270","0,3076","0,5449","0,2992",thumbnail_grossTrial,thumbnail_grossTrial.png,1245.0,1080.0,337.0,0.0,798.0,692.0,Saccade,42.0,47.0,,,,,,
25077,13060800,1400452332087,Eye Tracker,Participant0058,17.09.2021,Participant0058,Recording4,17.09.2021,17.09.2021,14:48:45.713,12:48:45.713,64514,Timeline2,Tobii I-VT (Fixation),1.145.28180,1080,1920,"10,00",680925040.0,,,1023.0,313.0,1019.0,314.0,1027.0,313.0,"0,08855","-0,02750","-0,99569","-0,02038","-0,02591","-0,99946",,,Valid,Valid,"233,5","100,1","516,6","292,0","98,9","515,6","279,4","85,8","281,5","85,6","0,5508","0,2899","0,5477","0,2904","0,5538","0,2895",thumbnail_grossTrial,thumbnail_grossTrial.png,1245.0,1080.0,337.0,0.0,798.0,692.0,Saccade,42.0,47.0,,,,,,
25078,13069130,1400452340417,Eye Tracker,Participant0058,17.09.2021,Participant0058,Recording4,17.09.2021,17.09.2021,14:48:45.713,12:48:45.713,64514,Timeline2,Tobii I-VT (Fixation),1.145.28180,1080,1920,"10,00",680933369.0,,,1019.0,310.0,1011.0,314.0,1026.0,307.0,"0,08429","-0,02739","-0,99606","-0,02061","-0,02915","-0,99936",,,Valid,Valid,"233,4","100,2","516,5","291,9","99,0","515,6","277,1","86,0","281,3","83,9","0,5471","0,2874","0,5410","0,2908","0,5532","0,2840",thumbnail_grossTrial,thumbnail_grossTrial.png,1245.0,1080.0,337.0,0.0,798.0,692.0,Fixation,533.0,33.0,1022.0,312.0,"0,5502","0,2893",,
25079,13077489,1400452348776,Eye Tracker,Participant0058,17.09.2021,Participant0058,Recording4,17.09.2021,17.09.2021,14:48:45.713,12:48:45.713,64514,Timeline2,Tobii I-VT (Fixation),1.145.28180,1080,1920,"10,00",680941727.0,,,1021.0,303.0,1020.0,306.0,1021.0,299.0,"0,08877","-0,03130","-0,99556","-0,02331","-0,03311","-0,99918","4,28","4,23",Valid,Valid,"233,4","100,0","516,5","291,9","98,9","515,5","279,5","83,8","279,9","81,8","0,5486","0,2802","0,5480","0,2836","0,5492","0,2768",thumbnail_grossTrial,thumbnail_grossTrial.png,1245.0,1080.0,337.0,0.0,798.0,692.0,Fixation,533.0,33.0,1022.0,312.0,"0,5502","0,2893",,
25080,13085787,1400452357074,Eye Tracker,Participant0058,17.09.2021,Participant0058,Recording4,17.09.2021,17.09.2021,14:48:45.713,12:48:45.713,64514,Timeline2,Tobii I-VT (Fixation),1.145.28180,1080,1920,"10,00",680950025.0,,,1022.0,307.0,1022.0,310.0,1022.0,305.0,"0,09003","-0,02973","-0,99550","-0,02277","-0,03019","-0,99928",,,Valid,Valid,"233,4","100,1","516,5","292,0","99,0","515,5","280,2","84,7","280,2","83,4","0,5500","0,2845","0,5499","0,2866","0,5501","0,2823",thumbnail_grossTrial,thumbnail_grossTrial.png,1245.0,1080.0,337.0,0.0,798.0,692.0,Fixation,533.0,33.0,1022.0,312.0,"0,5502","0,2893",,
25081,13094118,1400452365405,Eye Tracker,Participant0058,17.09.2021,Participant0058,Recording4,17.09.2021,17.09.2021,14:48:45.713,12:48:45.713,64514,Timeline2,Tobii I-VT (Fixation),1.145.28180,1080,1920,"10,00",680958356.0,,,1027.0,308.0,1027.0,309.0,1026.0,307.0,"0,09248","-0,02992","-0,99527","-0,02052","-0,02929","-0,99936",,,Valid,Valid,"233,4","100,2","516,5","291,9","99,0","515,5","281,4","84,6","281,3","83,9","0,5534","0,2852","0,5535","0,2863","0,5533","0,2840",thumbnail_grossTrial,thumbnail_grossTrial.png,1245.0,1080.0,337.0,0.0,798.0,692.0,Fixation,533.0,33.0,1022.0,312.0,"0,5502","0,2893",,
25082,13102462,1400452373749,Eye Tracker,Participant0058,17.09.2021,Participant0058,Recording4,17.09.2021,17.09.2021,14:48:45.713,12:48:45.713,64514,Timeline2,Tobii I-VT (Fixation),1.145.28180,1080,1920,"10,00",680966699.0,,,1021.0,314.0,1019.0,314.0,1024.0,313.0,"0,08814","-0,02712","-0,99574","-0,02184","-0,02580","-0,99943","4,05","3,84",Valid,Valid,"233,4","100,1","516,5","292,0","99,0","515,4","279,2","86,0","280,7","85,7","0,5493","0,2904","0,5470","0,2909","0,5515","0,2899",thumbnail_grossTrial,thumbnail_grossTrial.png,1245.0,1080.0,337.0,0.0,798.0,692.0,Fixation,533.0,33.0,1022.0,312.0,"0,5502","0,2893",,
25083,13110797,1400452382084,Eye Tracker,Participant0058,17.09.2021,Participant0058,Recording4,17.09.2021,17.09.2021,14:48:45.713,12:48:45.713,64514,Timeline2,Tobii I-VT (Fixation),1.145.28180,1080,1920,"10,00",680975034.0,,,1016.0,307.0,1015.0,313.0,1016.0,302.0,"0,08627","-0,02796","-0,99588","-0,02625","-0,03197","-0,99914",,,Valid,Valid,"233,5","100,2","516,5","292,0","99,1","515,3","278,2","85,7","278,4","82,6","0,5446","0,2847","0,5443","0,2898","0,5449","0,2796",thumbnail_grossTrial,thumbnail_grossTrial.png,1245.0,1080.0,337.0,0.0,798.0,692.0,Fixation,533.0,33.0,1022.0,312.0,"0,5502","0,2893",,
25084,13119142,1400452390429,Eye Tracker,Participant0058,17.09.2021,Participant0058,Recording4,17.09.2021,17.09.2021,14:48:45.713,12:48:45.713,64514,Timeline2,Tobii I-VT (Fixation),1.145.28180,1080,1920,"10,00",680983378.0,,,1009.0,315.0,1009.0,325.0,1010.0,305.0,"0,08305","-0,02159","-0,99631","-0,02944","-0,03058","-0,99910",,,Valid,Valid,"233,4","100,2","516,6","291,9","99,2","515,2","276,5","89,0","276,7","83,4","0,5395","0,2916","0,5391","0,3011","0,5399","0,2822",thumbnail_grossTrial,thumbnail_grossTrial.png,1245.0,1080.0,337.0,0.0,798.0,692.0,Fixation,533.0,33.0,1022.0,312.0,"0,5502","0,2893",,
25085,13127476,1400452398763,Eye Tracker,Participant0058,17.09.2021,Participant0058,Recording4,17.09.2021,17.09.2021,14:48:45.713,12:48:45.713,64514,Timeline2,Tobii I-VT (Fixation),1.145.28180,1080,1920,"10,00",680991712.0,,,1013.0,314.0,1010.0,324.0,1015.0,303.0,"0,08364","-0,02172","-0,99626","-0,02660","-0,03129","-0,99916","4,04","4,23",Valid,Valid,"233,5","100,1","516,6","292,0","99,1","515,1","276,8","88,8","278,3","83,0","0,5423","0,2906","0,5402","0,3004","0,5444","0,2807",thumbnail_grossTrial,thumbnail_grossTrial.png,1245.0,1080.0,337.0,0.0,798.0,692.0,Fixation,533.0,33.0,1022.0,312.0,"0,5502","0,2893",,
25086,13135784,1400452407071,Eye Tracker,Participant0058,17.09.2021,Participant0058,Recording4,17.09.2021,17.09.2021,14:48:45.713,12:48:45.713,64514,Timeline2,Tobii I-VT (Fixation),1.145.28180,1080,1920,"10,00",681000019.0,,,1018.0,317.0,1014.0,321.0,1021.0,313.0,"0,08569","-0,02357","-0,99604","-0,02338","-0,02621","-0,99938",,,Valid,Valid,"233,5","100,2","516,6","292,0","99,3","515,0","277,9","87,9","279,9","85,8","0,5464","0,2938","0,5434","0,2975","0,5493","0,2902",thumbnail_grossTrial,thumbnail_grossTrial.png,1245.0,1080.0,337.0,0.0,798.0,692.0,Fixation,533.0,33.0,1022.0,312.0,"0,5502","0,2893",,
25087,13144114,1400452415401,Eye Tracker,Participant0058,17.09.2021,Participant0058,Recording4,17.09.2021,17.09.2021,14:48:45.713,12:48:45.713,64514,Timeline2,Tobii I-VT (Fixation),1.145.28180,1080,1920,"10,00",681008349.0,,,1024.0,308.0,1026.0,304.0,1023.0,312.0,"0,09181","-0,03245","-0,99525","-0,02260","-0,02686","-0,99938",,,Valid,Valid,"233,4","100,2","516,6","291,9","99,4","514,9","281,1","83,3","280,3","85,5","0,5515","0,2856","0,5526","0,2819","0,5503","0,2893",thumbnail_grossTrial,thumbnail_grossTrial.png,1245.0,1080.0,337.0,0.0,798.0,692.0,Fixation,533.0,33.0,1022.0,312.0,"0,5502","0,2893",,
25088,13152474,1400452423761,Eye Tracker,Participant0058,17.09.2021,Participant0058,Recording4,17.09.2021,17.09.2021,14:48:45.713,12:48:45.713,64514,Timeline2,Tobii I-VT (Fixation),1.145.28180,1080,1920,"10,00",681016708.0,,,1016.0,316.0,,,1016.0,316.0,,,,"-0,02618","-0,02501","-0,99934",,"3,84",Invalid,Valid,,,,"292,0","99,3","514,7",,,"278,5","86,4","0,5450","0,2924",,,"0,5450","0,2924",thumbnail_grossTrial,thumbnail_grossTrial.png,1245.0,1080.0,337.0,0.0,798.0,692.0,Fixation,533.0,33.0,1022.0,312.0,"0,5502","0,2893",,
25089,13160784,1400452432071,Eye Tracker,Participant0058,17.09.2021,Participant0058,Recording4,17.09.2021,17.09.2021,14:48:45.713,12:48:45.713,64514,Timeline2,Tobii I-VT (Fixation),1.145.28180,1080,1920,"10,00",681025018.0,,,1021.0,309.0,1023.0,308.0,1020.0,309.0,"0,09049","-0,03046","-0,99543","-0,02431","-0,02879","-0,99929",,,Valid,Valid,"233,5","100,2","516,6","291,9","99,5","514,5","280,5","84,4","279,4","84,7","0,5493","0,2860","0,5508","0,2854","0,5478","0,2865",thumbnail_grossTrial,thumbnail_grossTrial.png,1245.0,1080.0,337.0,0.0,798.0,692.0,Fixation,533.0,33.0,1022.0,312.0,"0,5502","0,2893",,
25090,13169141,1400452440428,Eye Tracker,Participant0058,17.09.2021,Participant0058,Recording4,17.09.2021,17.09.2021,14:48:45.713,12:48:45.713,64514,Timeline2,Tobii I-VT (Fixation),1.145.28180,1080,1920,"10,00",681033374.0,,,1020.0,314.0,1016.0,318.0,1025.0,310.0,"0,08680","-0,02560","-0,99590","-0,02138","-0,02891","-0,99935",,,Valid,Valid,"233,4","100,2","516,6","291,9","99,6","514,4","278,4","86,9","280,9","84,7","0,5485","0,2904","0,5449","0,2941","0,5520","0,2866",thumbnail_grossTrial,thumbnail_grossTrial.png,1245.0,1080.0,337.0,0.0,798.0,692.0,Fixation,533.0,33.0,1022.0,312.0,"0,5502","0,2893",,
25091,13177474,1400452448761,Eye Tracker,Participant0058,17.09.2021,Participant0058,Recording4,17.09.2021,17.09.2021,14:48:45.713,12:48:45.713,64514,Timeline2,Tobii I-VT (Fixation),1.145.28180,1080,1920,"10,00",681041707.0,,,1028.0,309.0,1024.0,312.0,1032.0,307.0,"0,09096","-0,02863","-0,99544","-0,01735","-0,03001","-0,99940","4,40","4,10",Valid,Valid,"233,4","100,1","516,6","291,9","99,6","514,2","280,6","85,3","283,0","84,1","0,5548","0,2865","0,5514","0,2885","0,5582","0,2846",thumbnail_grossTrial,thumbnail_grossTrial.png,1245.0,1080.0,337.0,0.0,798.0,692.0,Fixation,533.0,33.0,1022.0,312.0,"0,5502","0,2893",,
25092,13185866,1400452457153,Eye Tracker,Participant0058,17.09.2021,Participant0058,Recording4,17.09.2021,17.09.2021,14:48:45.713,12:48:45.713,64514,Timeline2,Tobii I-VT (Fixation),1.145.28180,1080,1920,"10,00",681050099.0,,,1021.0,302.0,1018.0,304.0,1023.0,299.0,"0,08780","-0,03290","-0,99559","-0,02227","-0,03464","-0,99915",,,Valid,Valid,"233,5","100,2","516,5","291,9","99,7","514,0","279,0","83,2","280,4","81,9","0,5487","0,2793","0,5466","0,2814","0,5507","0,2771",thumbnail_grossTrial,thumbnail_grossTrial.png,1245.0,1080.0,337.0,0.0,798.0,692.0,Fixation,533.0,33.0,1022.0,312.0,"0,5502","0,2893",,
25093,13194111,1400452465398,Eye Tracker,Participant0058,17.09.2021,Participant0058,Recording4,17.09.2021,17.09.2021,14:48:45.713,12:48:45.713,64514,Timeline2,Tobii I-VT (Fixation),1.145.28180,1080,1920,"10,00",681058343.0,,,1017.0,307.0,1015.0,312.0,1018.0,302.0,"0,08658","-0,02894","-0,99582","-0,02485","-0,03317","-0,99914",,,Valid,Valid,"233,4","100,3","516,4","291,8","99,8","513,8","278,3","85,3","279,0","82,7","0,5456","0,2842","0,5445","0,2885","0,5466","0,2800",thumbnail_grossTrial,thumbnail_grossTrial.png,1245.0,1080.0,337.0,0.0,798.0,692.0,Fixation,533.0,33.0,1022.0,312.0,"0,5502","0,2893",,
25094,13202471,1400452473758,Eye Tracker,Participant0058,17.09.2021,Participant0058,Recording4,17.09.2021,17.09.2021,14:48:45.713,12:48:45.713,64514,Timeline2,Tobii I-VT (Fixation),1.145.28180,1080,1920,"10,00",681066702.0,,,1012.0,309.0,1008.0,315.0,1017.0,302.0,"0,08248","-0,02696","-0,99623","-0,02540","-0,03332","-0,99912","4,05","4,25",Valid,Valid,"233,4","100,2","516,3","291,8","99,8","513,7","276,2","86,2","278,8","82,6","0,5421","0,2857","0,5383","0,2918","0,5459","0,2795",thumbnail_grossTrial,thumbnail_grossTrial.png,1245.0,1080.0,337.0,0.0,798.0,692.0,Fixation,533.0,33.0,1022.0,312.0,"0,5502","0,2893",,
25095,13210816,1400452482103,Eye Tracker,Participant0058,17.09.2021,Participant0058,Recording4,17.09.2021,17.09.2021,14:48:45.713,12:48:45.713,64514,Timeline2,Tobii I-VT (Fixation),1.145.28180,1080,1920,"10,00",681075047.0,,,1015.0,313.0,1015.0,317.0,1014.0,310.0,"0,08638","-0,02618","-0,99592","-0,02713","-0,02954","-0,99920",,,Valid,Valid,"233,5","100,4","516,2","291,8","99,9","513,5","278,2","86,8","277,9","84,7","0,5438","0,2901","0,5443","0,2936","0,5433","0,2866",thumbnail_grossTrial,thumbnail_grossTrial.png,1245.0,1080.0,337.0,0.0,798.0,692.0,Fixation,533.0,33.0,1022.0,312.0,"0,5502","0,2893",,
25096,13219110,1400452490397,Eye Tracker,Participant0058,17.09.2021,Participant0058,Recording4,17.09.2021,17.09.2021,14:48:45.713,12:48:45.713,64514,Timeline2,Tobii I-VT (Fixation),1.145.28180,1080,1920,"10,00",681083341.0,,,1013.0,307.0,1015.0,307.0,1011.0,306.0,"0,08629","-0,03170","-0,99577","-0,02847","-0,03139","-0,99910",,,Valid,Valid,"233,4","100,4","516,1","291,8","100,0","513,5","278,1","84,0","277,1","83,8","0,5425","0,2839","0,5439","0,2842","0,5411","0,2836",thumbnail_grossTrial,thumbnail_grossTrial.png,1245.0,1080.0,337.0,0.0,798.0,692.0,Fixation,533.0,33.0,1022.0,312.0,"0,5502","0,2893",,
25097,13227484,1400452498771,Eye Tracker,Participant0058,17.09.2021,Participant0058,Recording4,17.09.2021,17.09.2021,14:48:45.713,12:48:45.713,64514,Timeline2,Tobii I-VT (Fixation),1.145.28180,1080,1920,"10,00",681091714.0,,,1020.0,301.0,1026.0,294.0,1014.0,307.0,"0,09202","-0,03821","-0,99502","-0,02724","-0,03079","-0,99915","4,36","4,21",Valid,Valid,"233,4","100,4","515,9","291,8","99,9","513,4","281,1","80,6","277,8","84,1","0,5479","0,2785","0,5528","0,2727","0,5430","0,2844",thumbnail_grossTrial,thumbnail_grossTrial.png,1245.0,1080.0,337.0,0.0,798.0,692.0,Fixation,533.0,33.0,1022.0,312.0,"0,5502","0,2893",,
25098,13235792,1400452507079,Eye Tracker,Participant0058,17.09.2021,Participant0058,Recording4,17.09.2021,17.09.2021,14:48:45.713,12:48:45.713,64514,Timeline2,Tobii I-VT (Fixation),1.145.28180,1080,1920,"10,00",681100022.0,,,1020.0,304.0,1019.0,292.0,1021.0,317.0,"0,08842","-0,03969","-0,99529","-0,02312","-0,02592","-0,99940",,,Valid,Valid,"233,5","100,5","515,7","291,8","100,0","513,3","279,3","79,9","279,9","86,7","0,5483","0,2819","0,5474","0,2705","0,5493","0,2933",thumbnail_grossTrial,thumbnail_grossTrial.png,1245.0,1080.0,337.0,0.0,798.0,692.0,Fixation,533.0,33.0,1022.0,312.0,"0,5502","0,2893",,
25099,13244115,1400452515402,Eye Tracker,Participant0058,17.09.2021,Participant0058,Recording4,17.09.2021,17.09.2021,14:48:45.713,12:48:45.713,64514,Timeline2,Tobii I-VT (Fixation),1.145.28180,1080,1920,"10,00",681108344.0,,,1018.0,307.0,1016.0,294.0,1020.0,320.0,"0,08705","-0,03858","-0,99546","-0,02351","-0,02424","-0,99943",,,Valid,Valid,"233,4","100,6","515,6","291,7","100,0","513,2","278,5","80,6","279,7","87,6","0,5468","0,2845","0,5451","0,2727","0,5485","0,2963",thumbnail_grossTrial,thumbnail_grossTrial.png,1245.0,1080.0,337.0,0.0,798.0,692.0,Fixation,533.0,33.0,1022.0,312.0,"0,5502","0,2893",,
25100,13252484,1400452523771,Eye Tracker,Participant0058,17.09.2021,Participant0058,Recording4,17.09.2021,17.09.2021,14:48:45.713,12:48:45.713,64514,Timeline2,Tobii I-VT (Fixation),1.145.28180,1080,1920,"10,00",681116713.0,,,1028.0,312.0,1023.0,307.0,1032.0,318.0,"0,09072","-0,03186","-0,99537","-0,01739","-0,02527","-0,99953","4,50","4,12",Valid,Valid,"233,4","100,5","515,5","291,8","99,9","513,2","280,4","84,0","282,9","86,9","0,5543","0,2892","0,5508","0,2842","0,5579","0,2942",thumbnail_grossTrial,thumbnail_grossTrial.png,1245.0,1080.0,337.0,0.0,798.0,692.0,Fixation,533.0,33.0,1022.0,312.0,"0,5502","0,2893",,
25101,13260775,1400452532062,Eye Tracker,Participant0058,17.09.2021,Participant0058,Recording4,17.09.2021,17.09.2021,14:48:45.713,12:48:45.713,64514,Timeline2,Tobii I-VT (Fixation),1.145.28180,1080,1920,"10,00",681125003.0,,,1030.0,314.0,1032.0,319.0,1028.0,310.0,"0,09532","-0,02588","-0,99511","-0,01979","-0,02960","-0,99937",,,Valid,Valid,"233,5","100,6","515,3","291,8","100,0","513,1","282,8","87,2","281,6","84,8","0,5561","0,2911","0,5578","0,2951","0,5543","0,2870",thumbnail_grossTrial,thumbnail_grossTrial.png,1245.0,1080.0,337.0,0.0,798.0,692.0,Fixation,533.0,33.0,1022.0,312.0,"0,5502","0,2893",,
25102,13269105,1400452540392,Eye Tracker,Participant0058,17.09.2021,Participant0058,Recording4,17.09.2021,17.09.2021,14:48:45.713,12:48:45.713,64514,Timeline2,Tobii I-VT (Fixation),1.145.28180,1080,1920,"10,00",681133333.0,,,1030.0,313.0,1031.0,317.0,1029.0,310.0,"0,09494","-0,02710","-0,99511","-0,01916","-0,02985","-0,99937",,,Valid,Valid,"233,4","100,7","515,3","291,8","100,0","513,2","282,6","86,7","281,9","84,7","0,5561","0,2899","0,5571","0,2932","0,5551","0,2866",thumbnail_grossTrial,thumbnail_grossTrial.png,1245.0,1080.0,337.0,0.0,798.0,692.0,Fixation,533.0,33.0,1022.0,312.0,"0,5502","0,2893",,
25103,13277437,1400452548724,Eye Tracker,Participant0058,17.09.2021,Participant0058,Recording4,17.09.2021,17.09.2021,14:48:45.713,12:48:45.713,64514,Timeline2,Tobii I-VT (Fixation),1.145.28180,1080,1920,"10,00",681141665.0,,,1025.0,316.0,1022.0,319.0,1028.0,312.0,"0,09013","-0,02580","-0,99560","-0,01974","-0,02812","-0,99941","4,07","4,15",Valid,Valid,"233,5","100,6","515,2","291,8","99,9","513,2","280,1","87,3","281,7","85,5","0,5521","0,2922","0,5498","0,2952","0,5544","0,2892",thumbnail_grossTrial,thumbnail_grossTrial.png,1245.0,1080.0,337.0,0.0,798.0,692.0,Fixation,533.0,33.0,1022.0,312.0,"0,5502","0,2893",,
25104,13285802,1400452557089,Eye Tracker,Participant0058,17.09.2021,Participant0058,Recording4,17.09.2021,17.09.2021,14:48:45.713,12:48:45.713,64514,Timeline2,Tobii I-VT (Fixation),1.145.28180,1080,1920,"10,00",681150029.0,,,1024.0,317.0,1018.0,317.0,1029.0,317.0,"0,08814","-0,02689","-0,99575","-0,01898","-0,02587","-0,99949",,,Valid,Valid,"233,5","100,7","515,1","291,8","100,0","513,1","279,1","86,8","282,1","86,7","0,5513","0,2936","0,5469","0,2938","0,5556","0,2935",thumbnail_grossTrial,thumbnail_grossTrial.png,1245.0,1080.0,337.0,0.0,798.0,692.0,Fixation,533.0,33.0,1022.0,312.0,"0,5502","0,2893",,
25105,13294106,1400452565393,Eye Tracker,Participant0058,17.09.2021,Participant0058,Recording4,17.09.2021,17.09.2021,14:48:45.713,12:48:45.713,64514,Timeline2,Tobii I-VT (Fixation),1.145.28180,1080,1920,"10,00",681158332.0,,,1021.0,315.0,1016.0,315.0,1025.0,315.0,"0,08694","-0,02828","-0,99581","-0,02110","-0,02670","-0,99942",,,Valid,Valid,"233,5","100,8","515,1","291,8","100,0","513,2","278,4","86,1","281,0","86,3","0,5486","0,2918","0,5449","0,2915","0,5523","0,2921",thumbnail_grossTrial,thumbnail_grossTrial.png,1245.0,1080.0,337.0,0.0,798.0,692.0,Fixation,533.0,33.0,1022.0,312.0,"0,5502","0,2893",,
25106,13302462,1400452573749,Eye Tracker,Participant0058,17.09.2021,Participant0058,Recording4,17.09.2021,17.09.2021,14:48:45.713,12:48:45.713,64514,Timeline2,Tobii I-VT (Fixation),1.145.28180,1080,1920,"10,00",681166688.0,,,1025.0,318.0,1024.0,322.0,1026.0,314.0,"0,09102","-0,02419","-0,99556","-0,02094","-0,02735","-0,99941","4,34","4,13",Valid,Valid,"233,5","100,6","515,0","291,9","99,9","513,2","280,6","88,1","281,1","85,9","0,5520","0,2943","0,5513","0,2980","0,5527","0,2906",thumbnail_grossTrial,thumbnail_grossTrial.png,1245.0,1080.0,337.0,0.0,798.0,692.0,Fixation,533.0,33.0,1022.0,312.0,"0,5502","0,2893",,
25107,13310801,1400452582088,Eye Tracker,Participant0058,17.09.2021,Participant0058,Recording4,17.09.2021,17.09.2021,14:48:45.713,12:48:45.713,64514,Timeline2,Tobii I-VT (Fixation),1.145.28180,1080,1920,"10,00",681175027.0,,,1025.0,315.0,1025.0,321.0,1025.0,309.0,"0,09150","-0,02508","-0,99549","-0,02149","-0,03035","-0,99931",,,Valid,Valid,"233,6","100,8","515,0","291,9","100,0","513,2","280,9","87,8","280,8","84,4","0,5521","0,2914","0,5522","0,2970","0,5520","0,2857",thumbnail_grossTrial,thumbnail_grossTrial.png,1245.0,1080.0,337.0,0.0,798.0,692.0,Fixation,533.0,33.0,1022.0,312.0,"0,5502","0,2893",,
25108,13319131,1400452590418,Eye Tracker,Participant0058,17.09.2021,Participant0058,Recording4,17.09.2021,17.09.2021,14:48:45.713,12:48:45.713,64514,Timeline2,Tobii I-VT (Fixation),1.145.28180,1080,1920,"10,00",681183357.0,,,1028.0,317.0,1026.0,324.0,1030.0,309.0,"0,09223","-0,02350","-0,99546","-0,01863","-0,02994","-0,99938",,,Valid,Valid,"233,5","100,8","515,0","291,9","100,0","513,2","281,2","88,6","282,3","84,7","0,5547","0,2932","0,5531","0,2999","0,5562","0,2865",thumbnail_grossTrial,thumbnail_grossTrial.png,1245.0,1080.0,337.0,0.0,798.0,692.0,Fixation,533.0,33.0,1022.0,312.0,"0,5502","0,2893",,
25109,13327482,1400452598769,Eye Tracker,Participant0058,17.09.2021,Participant0058,Recording4,17.09.2021,17.09.2021,14:48:45.713,12:48:45.713,64514,Timeline2,Tobii I-VT (Fixation),1.145.28180,1080,1920,"10,00",681191706.0,,,1023.0,311.0,1018.0,311.0,1027.0,310.0,"0,08784","-0,03000","-0,99568","-0,02016","-0,02922","-0,99937","4,07","4,19",Valid,Valid,"233,6","100,7","515,1","291,9","99,9","513,2","279,0","85,2","281,6","84,9","0,5503","0,2878","0,5466","0,2883","0,5541","0,2874",thumbnail_grossTrial,thumbnail_grossTrial.png,1245.0,1080.0,337.0,0.0,798.0,692.0,Fixation,533.0,33.0,1022.0,312.0,"0,5502","0,2893",,
25110,13335800,1400452607087,Eye Tracker,Participant0058,17.09.2021,Participant0058,Recording4,17.09.2021,17.09.2021,14:48:45.713,12:48:45.713,64514,Timeline2,Tobii I-VT (Fixation),1.145.28180,1080,1920,"10,00",681200024.0,,,1017.0,307.0,1007.0,300.0,1026.0,314.0,"0,08210","-0,03581","-0,99598","-0,02074","-0,02753","-0,99941",,,Valid,Valid,"233,6","100,8","515,0","291,9","100,0","513,2","276,1","82,2","281,3","85,9","0,5456","0,2845","0,5379","0,2782","0,5532","0,2907",thumbnail_grossTrial,thumbnail_grossTrial.png,1245.0,1080.0,337.0,0.0,798.0,692.0,Fixation,533.0,33.0,1022.0,312.0,"0,5502","0,2893",,
25111,13344100,1400452615387,Eye Tracker,Participant0058,17.09.2021,Participant0058,Recording4,17.09.2021,17.09.2021,14:48:45.713,12:48:45.713,64514,Timeline2,Tobii I-VT (Fixation),1.145.28180,1080,1920,"10,00",681208324.0,,,1020.0,304.0,1016.0,294.0,1024.0,315.0,"0,08662","-0,03910","-0,99547","-0,02214","-0,02716","-0,99939",,,Valid,Valid,"233,5","100,8","515,1","291,9","100,1","513,2","278,4","80,5","280,5","86,1","0,5478","0,2819","0,5447","0,2725","0,5510","0,2913",thumbnail_grossTrial,thumbnail_grossTrial.png,1245.0,1080.0,337.0,0.0,798.0,692.0,Fixation,533.0,33.0,1022.0,312.0,"0,5502","0,2893",,
25112,13352460,1400452623747,Eye Tracker,Participant0058,17.09.2021,Participant0058,Recording4,17.09.2021,17.09.2021,14:48:45.713,12:48:45.713,64514,Timeline2,Tobii I-VT (Fixation),1.145.28180,1080,1920,"10,00",681216684.0,,,1024.0,312.0,1024.0,307.0,1024.0,317.0,"0,09092","-0,03185","-0,99535","-0,02180","-0,02559","-0,99943","4,38","4,14",Valid,Valid,"233,5","100,6","515,1","291,9","99,9","513,2","280,6","84,1","280,7","86,8","0,5514","0,2891","0,5512","0,2845","0,5516","0,2937",thumbnail_grossTrial,thumbnail_grossTrial.png,1245.0,1080.0,337.0,0.0,798.0,692.0,Fixation,533.0,33.0,1022.0,312.0,"0,5502","0,2893",,
25113,13360819,1400452632106,Eye Tracker,Participant0058,17.09.2021,Participant0058,Recording4,17.09.2021,17.09.2021,14:48:45.713,12:48:45.713,64514,Timeline2,Tobii I-VT (Fixation),1.145.28180,1080,1920,"10,00",681225042.0,,,1028.0,317.0,1034.0,318.0,1021.0,316.0,"0,09624","-0,02628","-0,99501","-0,02348","-0,02664","-0,99937",,,Valid,Valid,"233,6","100,7","515,1","291,9","100,0","513,1","283,4","87,1","279,8","86,4","0,5542","0,2934","0,5594","0,2947","0,5490","0,2922",thumbnail_grossTrial,thumbnail_grossTrial.png,1245.0,1080.0,337.0,0.0,798.0,692.0,Fixation,533.0,33.0,1022.0,312.0,"0,5502","0,2893",,
25114,13369101,1400452640388,Eye Tracker,Participant0058,17.09.2021,Participant0058,Recording4,17.09.2021,17.09.2021,14:48:45.713,12:48:45.713,64514,Timeline2,Tobii I-VT (Fixation),1.145.28180,1080,1920,"10,00",681233323.0,,,1030.0,319.0,1028.0,322.0,1031.0,316.0,"0,09348","-0,02457","-0,99532","-0,01820","-0,02652","-0,99948",,,Valid,Valid,"233,5","100,7","515,2","291,8","100,0","513,2","281,9","88,0","282,5","86,4","0,5558","0,2951","0,5550","0,2977","0,5567","0,2924",thumbnail_grossTrial,thumbnail_grossTrial.png,1245.0,1080.0,337.0,0.0,798.0,692.0,Fixation,533.0,33.0,1022.0,312.0,"0,5502","0,2893",,
25115,13377449,1400452648736,Eye Tracker,Participant0058,17.09.2021,Participant0058,Recording4,17.09.2021,17.09.2021,14:48:45.713,12:48:45.713,64514,Timeline2,Tobii I-VT (Fixation),1.145.28180,1080,1920,"10,00",681241671.0,,,1030.0,313.0,1028.0,313.0,1031.0,313.0,"0,09325","-0,02865","-0,99523","-0,01786","-0,02798","-0,99945","4,50","4,13",Valid,Valid,"233,5","100,6","515,2","291,9","99,9","513,2","281,8","85,7","282,7","85,6","0,5560","0,2898","0,5547","0,2901","0,5574","0,2895",thumbnail_grossTrial,thumbnail_grossTrial.png,1245.0,1080.0,337.0,0.0,798.0,692.0,Fixation,533.0,33.0,1022.0,312.0,"0,5502","0,2893",,
25116,13385783,1400452657070,Eye Tracker,Participant0058,17.09.2021,Participant0058,Recording4,17.09.2021,17.09.2021,14:48:45.713,12:48:45.713,64514,Timeline2,Tobii I-VT (Fixation),1.145.28180,1080,1920,"10,00",681250005.0,,,1030.0,312.0,1027.0,310.0,1033.0,314.0,"0,09242","-0,03052","-0,99525","-0,01696","-0,02741","-0,99948",,,Valid,Valid,"233,5","100,7","515,1","291,8","100,0","513,1","281,4","84,9","283,1","86,0","0,5561","0,2890","0,5534","0,2871","0,5587","0,2908",thumbnail_grossTrial,thumbnail_grossTrial.png,1245.0,1080.0,337.0,0.0,798.0,692.0,Fixation,533.0,33.0,1022.0,312.0,"0,5502","0,2893",,
25117,13394112,1400452665399,Eye Tracker,Participant0058,17.09.2021,Participant0058,Recording4,17.09.2021,17.09.2021,14:48:45.713,12:48:45.713,64514,Timeline2,Tobii I-VT (Fixation),1.145.28180,1080,1920,"10,00",681258333.0,,,1023.0,315.0,1023.0,318.0,1023.0,312.0,"0,09065","-0,02653","-0,99553","-0,02243","-0,02836","-0,99935",,,Valid,Valid,"233,4","100,7","515,1","291,8","100,0","513,2","280,3","87,0","280,3","85,5","0,5504","0,2917","0,5505","0,2942","0,5502","0,2892",thumbnail_grossTrial,thumbnail_grossTrial.png,1245.0,1080.0,337.0,0.0,798.0,692.0,Fixation,533.0,33.0,1022.0,312.0,"0,5502","0,2893",,
25118,13402438,1400452673725,Eye Tracker,Participant0058,17.09.2021,Participant0058,Recording4,17.09.2021,17.09.2021,14:48:45.713,12:48:45.713,64514,Timeline2,Tobii I-VT (Fixation),1.145.28180,1080,1920,"10,00",681266659.0,,,1023.0,311.0,1022.0,308.0,1024.0,313.0,"0,08987","-0,03146","-0,99546","-0,02200","-0,02752","-0,99938","4,41","4,14",Valid,Valid,"233,5","100,6","515,1","291,8","99,9","513,2","280,0","84,4","280,5","85,8","0,5503","0,2878","0,5495","0,2854","0,5510","0,2902",thumbnail_grossTrial,thumbnail_grossTrial.png,1245.0,1080.0,337.0,0.0,798.0,692.0,Fixation,533.0,33.0,1022.0,312.0,"0,5502","0,2893",,
25119,13410802,1400452682089,Eye Tracker,Participant0058,17.09.2021,Participant0058,Recording4,17.09.2021,17.09.2021,14:48:45.713,12:48:45.713,64514,Timeline2,Tobii I-VT (Fixation),1.145.28180,1080,1920,"10,00",681275022.0,,,1028.0,319.0,1026.0,320.0,1029.0,317.0,"0,09243","-0,02519","-0,99540","-0,01906","-0,02556","-0,99949",,,Valid,Valid,"233,5","100,7","515,0","291,8","100,0","513,2","281,3","87,7","282,0","86,9","0,5544","0,2953","0,5534","0,2967","0,5555","0,2939",thumbnail_grossTrial,thumbnail_grossTrial.png,1245.0,1080.0,337.0,0.0,798.0,692.0,Fixation,533.0,33.0,1022.0,312.0,"0,5502","0,2893",,
25120,13419096,1400452690383,Eye Tracker,Participant0058,17.09.2021,Participant0058,Recording4,17.09.2021,17.09.2021,14:48:45.713,12:48:45.713,64514,Timeline2,Tobii I-VT (Fixation),1.145.28180,1080,1920,"10,00",681283316.0,,,1026.0,319.0,1024.0,323.0,1029.0,315.0,"0,09123","-0,02386","-0,99554","-0,01926","-0,02693","-0,99945",,,Valid,Valid,"233,5","100,8","514,9","291,8","100,0","513,3","280,6","88,4","281,9","86,2","0,5532","0,2953","0,5514","0,2991","0,5551","0,2915",thumbnail_grossTrial,thumbnail_grossTrial.png,1245.0,1080.0,337.0,0.0,798.0,692.0,Fixation,533.0,33.0,1022.0,312.0,"0,5502","0,2893",,
25121,13427459,1400452698746,Eye Tracker,Participant0058,17.09.2021,Participant0058,Recording4,17.09.2021,17.09.2021,14:48:45.713,12:48:45.713,64514,Timeline2,Tobii I-VT (Fixation),1.145.28180,1080,1920,"10,00",681291678.0,,,1023.0,319.0,1018.0,324.0,1027.0,314.0,"0,08811","-0,02327","-0,99584","-0,02006","-0,02695","-0,99944","4,07","4,07",Valid,Valid,"233,5","100,7","514,9","291,9","99,9","513,3","279,1","88,7","281,6","86,0","0,5504","0,2955","0,5468","0,3000","0,5541","0,2911",thumbnail_grossTrial,thumbnail_grossTrial.png,1245.0,1080.0,337.0,0.0,798.0,692.0,Fixation,533.0,33.0,1022.0,312.0,"0,5502","0,2893",,
25122,13435795,1400452707082,Eye Tracker,Participant0058,17.09.2021,Participant0058,Recording4,17.09.2021,17.09.2021,14:48:45.713,12:48:45.713,64514,Timeline2,Tobii I-VT (Fixation),1.145.28180,1080,1920,"10,00",681300014.0,,,1021.0,319.0,1020.0,320.0,1023.0,318.0,"0,08908","-0,02532","-0,99570","-0,02267","-0,02510","-0,99943",,,Valid,Valid,"233,6","100,8","514,8","291,9","100,0","513,3","279,6","87,7","280,2","87,1","0,5493","0,2957","0,5484","0,2967","0,5502","0,2946",thumbnail_grossTrial,thumbnail_grossTrial.png,1245.0,1080.0,337.0,0.0,798.0,692.0,Fixation,533.0,33.0,1022.0,312.0,"0,5502","0,2893",,
25123,13444122,1400452715409,Eye Tracker,Participant0058,17.09.2021,Participant0058,Recording4,17.09.2021,17.09.2021,14:48:45.713,12:48:45.713,64514,Timeline2,Tobii I-VT (Fixation),1.145.28180,1080,1920,"10,00",681308341.0,,,1015.0,325.0,1005.0,332.0,1026.0,318.0,"0,08090","-0,01950","-0,99653","-0,02054","-0,02528","-0,99947",,,Valid,Valid,"233,5","100,8","514,8","291,9","100,0","513,3","275,3","90,8","281,3","87,0","0,5445","0,3007","0,5358","0,3071","0,5533","0,2944",thumbnail_grossTrial,thumbnail_grossTrial.png,1245.0,1080.0,337.0,0.0,798.0,692.0,Fixation,533.0,33.0,1022.0,312.0,"0,5502","0,2893",,
25124,13452456,1400452723743,Eye Tracker,Participant0058,17.09.2021,Participant0058,Recording4,17.09.2021,17.09.2021,14:48:45.713,12:48:45.713,64514,Timeline2,Tobii I-VT (Fixation),1.145.28180,1080,1920,"10,00",681316674.0,,,1034.0,311.0,1039.0,303.0,1029.0,319.0,"0,09913","-0,03442","-0,99448","-0,01909","-0,02445","-0,99952","4,50","4,17",Valid,Valid,"233,6","100,7","514,7","291,9","99,9","513,3","284,9","82,9","282,1","87,3","0,5597","0,2880","0,5638","0,2806","0,5557","0,2955",thumbnail_grossTrial,thumbnail_grossTrial.png,1245.0,1080.0,337.0,0.0,798.0,692.0,Fixation,533.0,33.0,1022.0,312.0,"0,5502","0,2893",,
25125,13460871,1400452732158,Eye Tracker,Participant0058,17.09.2021,Participant0058,Recording4,17.09.2021,17.09.2021,14:48:45.713,12:48:45.713,64514,Timeline2,Tobii I-VT (Fixation),1.145.28180,1080,1920,"10,00",681325088.0,,,1031.0,304.0,1034.0,295.0,1028.0,312.0,"0,09596","-0,03887","-0,99463","-0,01972","-0,02824","-0,99941",,,Valid,Valid,"233,6","100,9","514,7","291,9","100,0","513,2","283,3","80,7","281,8","85,5","0,5569","0,2812","0,5591","0,2732","0,5548","0,2893",thumbnail_grossTrial,thumbnail_grossTrial.png,1245.0,1080.0,337.0,0.0,798.0,692.0,Fixation,533.0,33.0,1022.0,312.0,"0,5502","0,2893",,
25126,13469135,1400452740422,Eye Tracker,Participant0058,17.09.2021,Participant0058,Recording4,17.09.2021,17.09.2021,14:48:45.713,12:48:45.713,64514,Timeline2,Tobii I-VT (Fixation),1.145.28180,1080,1920,"10,00",681333352.0,,,1031.0,307.0,1030.0,301.0,1031.0,312.0,"0,09432","-0,03574","-0,99490","-0,01824","-0,02834","-0,99943",,,Valid,Valid,"233,6","100,9","514,7","291,9","100,0","513,3","282,4","82,4","282,5","85,5","0,5566","0,2840","0,5564","0,2788","0,5569","0,2892",thumbnail_grossTrial,thumbnail_grossTrial.png,1245.0,1080.0,337.0,0.0,798.0,692.0,Fixation,533.0,33.0,1022.0,312.0,"0,5502","0,2893",,
25127,13477458,1400452748745,Eye Tracker,Participant0058,17.09.2021,Participant0058,Recording4,17.09.2021,17.09.2021,14:48:45.713,12:48:45.713,64514,Timeline2,Tobii I-VT (Fixation),1.145.28180,1080,1920,"10,00",681341675.0,,,1030.0,309.0,1031.0,306.0,1029.0,312.0,"0,09443","-0,03304","-0,99498","-0,01948","-0,02858","-0,99940","4,50","4,25",Valid,Valid,"233,6","100,8","514,7","291,9","99,9","513,2","282,4","83,7","281,9","85,3","0,5559","0,2858","0,5566","0,2831","0,5551","0,2885",thumbnail_grossTrial,thumbnail_grossTrial.png,1245.0,1080.0,337.0,0.0,798.0,692.0,Fixation,533.0,33.0,1022.0,312.0,"0,5502","0,2893",,
25128,13485761,1400452757048,Eye Tracker,Participant0058,17.09.2021,Participant0058,Recording4,17.09.2021,17.09.2021,14:48:45.713,12:48:45.713,64514,Timeline2,Tobii I-VT (Fixation),1.145.28180,1080,1920,"10,00",681349978.0,,,1026.0,307.0,1022.0,295.0,1030.0,319.0,"0,09010","-0,03894","-0,99517","-0,01852","-0,02488","-0,99952",,,Valid,Valid,"233,6","100,9","514,7","291,9","100,1","513,2","280,2","80,7","282,4","87,3","0,5533","0,2842","0,5501","0,2731","0,5566","0,2954",thumbnail_grossTrial,thumbnail_grossTrial.png,1245.0,1080.0,337.0,0.0,798.0,692.0,Fixation,533.0,33.0,1022.0,312.0,"0,5502","0,2893",,
25129,13494094,1400452765381,Eye Tracker,Participant0058,17.09.2021,Participant0058,Recording4,17.09.2021,17.09.2021,14:48:45.713,12:48:45.713,64514,Timeline2,Tobii I-VT (Fixation),1.145.28180,1080,1920,"10,00",681358310.0,,,1022.0,318.0,1014.0,312.0,1031.0,323.0,"0,08582","-0,02991","-0,99586","-0,01816","-0,02269","-0,99958",,,Valid,Valid,"233,5","100,9","514,8","291,9","100,1","513,2","277,9","85,4","282,5","88,5","0,5501","0,2941","0,5433","0,2890","0,5569","0,2993",thumbnail_grossTrial,thumbnail_grossTrial.png,1245.0,1080.0,337.0,0.0,798.0,692.0,Fixation,533.0,33.0,1022.0,312.0,"0,5502","0,2893",,
25130,13502443,1400452773730,Eye Tracker,Participant0058,17.09.2021,Participant0058,Recording4,17.09.2021,17.09.2021,14:48:45.713,12:48:45.713,64514,Timeline2,Tobii I-VT (Fixation),1.145.28180,1080,1920,"10,00",681366658.0,,,1017.0,312.0,1003.0,305.0,1030.0,319.0,"0,08010","-0,03337","-0,99623","-0,01860","-0,02477","-0,99952","4,08","4,31",Valid,Valid,"233,6","100,8","514,9","291,9","100,0","513,1","275,0","83,5","282,3","87,3","0,5455","0,2890","0,5347","0,2826","0,5563","0,2953",thumbnail_grossTrial,thumbnail_grossTrial.png,1245.0,1080.0,337.0,0.0,798.0,692.0,Fixation,533.0,33.0,1022.0,312.0,"0,5502","0,2893",,
25131,13510776,1400452782063,Eye Tracker,Participant0058,17.09.2021,Participant0058,Recording4,17.09.2021,17.09.2021,14:48:45.713,12:48:45.713,64514,Timeline2,Tobii I-VT (Fixation),1.145.28180,1080,1920,"10,00",681374991.0,,,1023.0,315.0,1012.0,311.0,1034.0,319.0,"0,08490","-0,03046","-0,99592","-0,01662","-0,02474","-0,99956",,,Valid,Valid,"233,6","100,8","514,9","291,9","100,1","513,0","277,5","85,1","283,3","87,4","0,5507","0,2918","0,5420","0,2878","0,5593","0,2958",thumbnail_grossTrial,thumbnail_grossTrial.png,1245.0,1080.0,337.0,0.0,798.0,692.0,Fixation,533.0,33.0,1022.0,312.0,"0,5502","0,2893",,
25132,13519122,1400452790409,Eye Tracker,Participant0058,17.09.2021,Participant0058,Recording4,17.09.2021,17.09.2021,14:48:45.713,12:48:45.713,64514,Timeline2,Tobii I-VT (Fixation),1.145.28180,1080,1920,"10,00",681383337.0,,,1030.0,311.0,1019.0,303.0,1040.0,320.0,"0,08835","-0,03477","-0,99548","-0,01289","-0,02463","-0,99961",,,Valid,Valid,"233,5","100,8","514,9","291,8","100,1","513,0","279,2","82,8","285,2","87,5","0,5559","0,2881","0,5471","0,2802","0,5646","0,2960",thumbnail_grossTrial,thumbnail_grossTrial.png,1245.0,1080.0,337.0,0.0,798.0,692.0,Fixation,533.0,33.0,1022.0,312.0,"0,5502","0,2893",,
25133,13527467,1400452798754,Eye Tracker,Participant0058,17.09.2021,Participant0058,Recording4,17.09.2021,17.09.2021,14:48:45.713,12:48:45.713,64514,Timeline2,Tobii I-VT (Fixation),1.145.28180,1080,1920,"10,00",681391681.0,,,1036.0,309.0,1028.0,298.0,1044.0,321.0,"0,09312","-0,03677","-0,99498","-0,01135","-0,02399","-0,99965","4,53","4,25",Valid,Valid,"233,5","100,7","515,0","291,8","100,0","513,0","281,7","81,6","286,0","87,7","0,5608","0,2865","0,5545","0,2762","0,5671","0,2968",thumbnail_grossTrial,thumbnail_grossTrial.png,1245.0,1080.0,337.0,0.0,798.0,692.0,Fixation,533.0,33.0,1022.0,312.0,"0,5502","0,2893",,
25134,13535796,1400452807083,Eye Tracker,Participant0058,17.09.2021,Participant0058,Recording4,17.09.2021,17.09.2021,14:48:45.713,12:48:45.713,64514,Timeline2,Tobii I-VT (Fixation),1.145.28180,1080,1920,"10,00",681400010.0,,,1037.0,317.0,1032.0,318.0,1041.0,316.0,"0,09537","-0,02641","-0,99509","-0,01270","-0,02660","-0,99957",,,Valid,Valid,"233,5","100,7","515,0","291,8","100,1","512,9","282,9","87,0","285,3","86,5","0,5615","0,2936","0,5580","0,2945","0,5650","0,2926",thumbnail_grossTrial,thumbnail_grossTrial.png,1245.0,1080.0,337.0,0.0,798.0,692.0,Fixation,533.0,33.0,1022.0,312.0,"0,5502","0,2893",,
25135,13544090,1400452815377,Eye Tracker,Participant0058,17.09.2021,Participant0058,Recording4,17.09.2021,17.09.2021,14:48:45.713,12:48:45.713,64514,Timeline2,Tobii I-VT (Fixation),1.145.28180,1080,1920,"10,00",681408303.0,,,1023.0,323.0,1024.0,328.0,1023.0,318.0,"0,09106","-0,02103","-0,99562","-0,02232","-0,02561","-0,99942",,,Valid,Valid,"233,5","100,7","515,1","291,8","100,2","512,9","280,6","89,8","280,3","87,0","0,5508","0,2992","0,5512","0,3039","0,5504","0,2944",thumbnail_grossTrial,thumbnail_grossTrial.png,1245.0,1080.0,337.0,0.0,798.0,692.0,Fixation,533.0,33.0,1022.0,312.0,"0,5502","0,2893",,
25136,13552538,1400452823825,Eye Tracker,Participant0058,17.09.2021,Participant0058,Recording4,17.09.2021,17.09.2021,14:48:45.713,12:48:45.713,64514,Timeline2,Tobii I-VT (Fixation),1.145.28180,1080,1920,"10,00",681416751.0,,,1017.0,326.0,1021.0,330.0,1014.0,321.0,"0,08946","-0,01982","-0,99579","-0,02723","-0,02383","-0,99935","4,33","3,83",Valid,Valid,"233,5","100,6","515,1","291,8","100,0","512,9","279,8","90,4","277,8","87,8","0,5460","0,3014","0,5489","0,3057","0,5432","0,2971",thumbnail_grossTrial,thumbnail_grossTrial.png,1245.0,1080.0,337.0,0.0,798.0,692.0,Fixation,533.0,33.0,1022.0,312.0,"0,5502","0,2893",,
25137,13560787,1400452832074,Eye Tracker,Participant0058,17.09.2021,Participant0058,Recording4,17.09.2021,17.09.2021,14:48:45.713,12:48:45.713,64514,Timeline2,Tobii I-VT (Fixation),1.145.28180,1080,1920,"10,00",681424999.0,,,1012.0,314.0,1012.0,305.0,1012.0,323.0,"0,08481","-0,03310","-0,99585","-0,02821","-0,02275","-0,99934",,,Valid,Valid,"233,5","100,6","515,1","291,8","100,2","512,8","277,4","83,5","277,3","88,5","0,5418","0,2910","0,5419","0,2826","0,5417","0,2994",thumbnail_grossTrial,thumbnail_grossTrial.png,1245.0,1080.0,337.0,0.0,798.0,692.0,Fixation,533.0,33.0,1022.0,312.0,"0,5502","0,2893",,
25138,13569176,1400452840463,Eye Tracker,Participant0058,17.09.2021,Participant0058,Recording4,17.09.2021,17.09.2021,14:48:45.713,12:48:45.713,64514,Timeline2,Tobii I-VT (Fixation),1.145.28180,1080,1920,"10,00",681433388.0,,,1015.0,309.0,1015.0,295.0,1014.0,322.0,"0,08622","-0,03829","-0,99554","-0,02684","-0,02333","-0,99937",,,Valid,Valid,"233,5","100,7","515,2","291,8","100,2","512,8","278,1","80,8","278,0","88,2","0,5438","0,2860","0,5439","0,2735","0,5436","0,2985",thumbnail_grossTrial,thumbnail_grossTrial.png,1245.0,1080.0,337.0,0.0,798.0,692.0,Fixation,533.0,33.0,1022.0,312.0,"0,5502","0,2893",,
25139,13577437,1400452848724,Eye Tracker,Participant0058,17.09.2021,Participant0058,Recording4,17.09.2021,17.09.2021,14:48:45.713,12:48:45.713,64514,Timeline2,Tobii I-VT (Fixation),1.145.28180,1080,1920,"10,00",681441648.0,,,1015.0,312.0,1009.0,299.0,1021.0,325.0,"0,08338","-0,03639","-0,99585","-0,02359","-0,02195","-0,99948","4,05","4,19",Valid,Valid,"233,5","100,6","515,2","291,8","100,1","512,8","276,7","81,7","279,7","88,8","0,5442","0,2886","0,5397","0,2766","0,5487","0,3006",thumbnail_grossTrial,thumbnail_grossTrial.png,1245.0,1080.0,337.0,0.0,798.0,692.0,Fixation,533.0,33.0,1022.0,312.0,"0,5502","0,2893",,
25140,13585804,1400452857091,Eye Tracker,Participant0058,17.09.2021,Participant0058,Recording4,17.09.2021,17.09.2021,14:48:45.713,12:48:45.713,64514,Timeline2,Tobii I-VT (Fixation),1.145.28180,1080,1920,"10,00",681450015.0,,,1016.0,316.0,1013.0,312.0,1018.0,320.0,"0,08542","-0,02952","-0,99591","-0,02496","-0,02444","-0,99939",,,Valid,Valid,"233,6","100,6","515,2","291,8","100,2","512,7","277,8","85,4","279,0","87,7","0,5448","0,2928","0,5429","0,2888","0,5466","0,2967",thumbnail_grossTrial,thumbnail_grossTrial.png,1245.0,1080.0,337.0,0.0,798.0,692.0,Fixation,533.0,33.0,1022.0,312.0,"0,5502","0,2893",,
25141,13594092,1400452865379,Eye Tracker,Participant0058,17.09.2021,Participant0058,Recording4,17.09.2021,17.09.2021,14:48:45.713,12:48:45.713,64514,Timeline2,Tobii I-VT (Fixation),1.145.28180,1080,1920,"10,00",681458302.0,,,1016.0,318.0,1013.0,319.0,1019.0,317.0,"0,08513","-0,02567","-0,99604","-0,02441","-0,02651","-0,99935",,,Valid,Valid,"233,5","100,7","515,2","291,8","100,3","512,7","277,6","87,4","279,3","86,7","0,5448","0,2945","0,5423","0,2957","0,5473","0,2933",thumbnail_grossTrial,thumbnail_grossTrial.png,1245.0,1080.0,337.0,0.0,798.0,692.0,Fixation,533.0,33.0,1022.0,312.0,"0,5502","0,2893",,
25142,13602482,1400452873769,Eye Tracker,Participant0058,17.09.2021,Participant0058,Recording4,17.09.2021,17.09.2021,14:48:45.713,12:48:45.713,64514,Timeline2,Tobii I-VT (Fixation),1.145.28180,1080,1920,"10,00",681466692.0,,,1013.0,317.0,1012.0,320.0,1014.0,314.0,"0,08479","-0,02529","-0,99608","-0,02699","-0,02773","-0,99925","4,03","3,79",Valid,Valid,"233,6","100,6","515,3","291,8","100,2","512,6","277,4","87,5","278,0","86,0","0,5428","0,2936","0,5419","0,2961","0,5436","0,2910",thumbnail_grossTrial,thumbnail_grossTrial.png,1245.0,1080.0,337.0,0.0,798.0,692.0,Saccade,17.0,48.0,,,,,,
25143,13610758,1400452882045,Eye Tracker,Participant0058,17.09.2021,Participant0058,Recording4,17.09.2021,17.09.2021,14:48:45.713,12:48:45.713,64514,Timeline2,Tobii I-VT (Fixation),1.145.28180,1080,1920,"10,00",681474967.0,,,1014.0,337.0,1010.0,351.0,1019.0,323.0,"0,08352","-0,00873","-0,99647","-0,02460","-0,02359","-0,99942",,,Valid,Valid,"233,6","100,7","515,2","291,8","100,4","512,5","276,8","96,2","279,2","88,3","0,5436","0,3120","0,5400","0,3253","0,5472","0,2987",thumbnail_grossTrial,thumbnail_grossTrial.png,1245.0,1080.0,337.0,0.0,798.0,692.0,Saccade,17.0,48.0,,,,,,
25144,13619085,1400452890372,Eye Tracker,Participant0058,17.09.2021,Participant0058,Recording4,17.09.2021,17.09.2021,14:48:45.713,12:48:45.713,64514,Timeline2,Tobii I-VT (Fixation),1.145.28180,1080,1920,"10,00",681483294.0,,,1013.0,340.0,1010.0,351.0,1016.0,328.0,"0,08371","-0,00884","-0,99645","-0,02583","-0,02060","-0,99945",,,Valid,Valid,"233,5","100,7","515,3","291,8","100,4","512,5","276,8","96,1","278,5","89,9","0,5427","0,3147","0,5401","0,3253","0,5452","0,3040",thumbnail_grossTrial,thumbnail_grossTrial.png,1245.0,1080.0,337.0,0.0,798.0,692.0,Unclassified,17.0,76.0,,,,,,
25145,13627418,1400452898705,Eye Tracker,Participant0058,17.09.2021,Participant0058,Recording4,17.09.2021,17.09.2021,14:48:45.713,12:48:45.713,64514,Timeline2,Tobii I-VT (Fixation),1.145.28180,1080,1920,"10,00",681491626.0,,,1013.0,348.0,1010.0,368.0,1016.0,329.0,"0,08369","0,00002","-0,99649","-0,02618","-0,02002","-0,99946","4,00","3,78",Valid,Valid,"233,6","100,6","515,3","291,8","100,3","512,4","276,8","100,6","278,4","90,1","0,5425","0,3226","0,5402","0,3404","0,5448","0,3048",thumbnail_grossTrial,thumbnail_grossTrial.png,1245.0,1080.0,337.0,0.0,798.0,692.0,Unclassified,17.0,76.0,,,,,,
25146,13635754,1400452907041,Eye Tracker,Participant0058,17.09.2021,Participant0058,Recording4,17.09.2021,17.09.2021,14:48:45.713,12:48:45.713,64514,Timeline2,Tobii I-VT (Fixation),1.145.28180,1080,1920,"10,00",681499962.0,,,1017.0,324.0,1020.0,330.0,1013.0,317.0,"0,08898","-0,01987","-0,99584","-0,02763","-0,02649","-0,99927",,,Valid,Valid,"233,6","100,7","515,3","291,8","100,5","512,4","279,6","90,4","277,6","86,9","0,5455","0,3000","0,5484","0,3060","0,5426","0,2940",thumbnail_grossTrial,thumbnail_grossTrial.png,1245.0,1080.0,337.0,0.0,798.0,692.0,Saccade,8.0,49.0,,,,,,
25147,13644114,1400452915401,Eye Tracker,Participant0058,17.09.2021,Participant0058,Recording4,17.09.2021,17.09.2021,14:48:45.713,12:48:45.713,64514,Timeline2,Tobii I-VT (Fixation),1.145.28180,1080,1920,"10,00",681508322.0,,,1017.0,323.0,1017.0,329.0,1018.0,317.0,"0,08737","-0,02087","-0,99596","-0,02491","-0,02696","-0,99933",,,Valid,Valid,"233,5","100,7","515,3","291,8","100,5","512,4","278,7","89,9","279,0","86,7","0,5461","0,2988","0,5457","0,3043","0,5466","0,2933",thumbnail_grossTrial,thumbnail_grossTrial.png,1245.0,1080.0,337.0,0.0,798.0,692.0,Unclassified,17.0,77.0,,,,,,
25148,13652444,1400452923731,Eye Tracker,Participant0058,17.09.2021,Participant0058,Recording4,17.09.2021,17.09.2021,14:48:45.713,12:48:45.713,64514,Timeline2,Tobii I-VT (Fixation),1.145.28180,1080,1920,"10,00",681516651.0,,,1021.0,320.0,1018.0,322.0,1025.0,318.0,"0,08786","-0,02435","-0,99584","-0,02133","-0,02616","-0,99943","4,01","4,08",Valid,Valid,"233,5","100,7","515,4","291,8","100,4","512,4","279,0","88,1","280,9","87,0","0,5493","0,2961","0,5465","0,2979","0,5520","0,2943",thumbnail_grossTrial,thumbnail_grossTrial.png,1245.0,1080.0,337.0,0.0,798.0,692.0,Unclassified,17.0,77.0,,,,,,
25149,13660786,1400452932073,Eye Tracker,Participant0058,17.09.2021,Participant0058,Recording4,17.09.2021,17.09.2021,14:48:45.713,12:48:45.713,64514,Timeline2,Tobii I-VT (Fixation),1.145.28180,1080,1920,"10,00",681524992.0,,,1015.0,334.0,1008.0,331.0,1022.0,336.0,"0,08269","-0,01967","-0,99638","-0,02240","-0,01667","-0,99961",,,Valid,Valid,"233,4","100,8","515,3","291,6","100,5","512,4","276,2","90,6","280,1","92,0","0,5441","0,3089","0,5383","0,3065","0,5499","0,3113",thumbnail_grossTrial,thumbnail_grossTrial.png,1245.0,1080.0,337.0,0.0,798.0,692.0,Saccade,33.0,50.0,,,,,,
25150,13669083,1400452940370,Eye Tracker,Participant0058,17.09.2021,Participant0058,Recording4,17.09.2021,17.09.2021,14:48:45.713,12:48:45.713,64514,Timeline2,Tobii I-VT (Fixation),1.145.28180,1080,1920,"10,00",681533289.0,,,973.0,362.0,975.0,357.0,971.0,368.0,"0,06576","-0,00632","-0,99782","-0,04948","0,00039","-0,99878",,,Valid,Valid,"233,2","100,9","515,4","291,4","100,6","512,5","267,2","97,6","266,0","100,8","0,5102","0,3356","0,5119","0,3302","0,5084","0,3411",thumbnail_grossTrial,thumbnail_grossTrial.png,1245.0,1080.0,337.0,0.0,798.0,692.0,Saccade,33.0,50.0,,,,,,
25151,13677449,1400452948736,Eye Tracker,Participant0058,17.09.2021,Participant0058,Recording4,17.09.2021,17.09.2021,14:48:45.713,12:48:45.713,64514,Timeline2,Tobii I-VT (Fixation),1.145.28180,1080,1920,"10,00",681541655.0,,,934.0,377.0,927.0,395.0,940.0,359.0,"0,04076","0,01418","-0,99907","-0,06560","-0,00434","-0,99784","4,17","4,16",Valid,Valid,"233,1","100,9","515,4","291,3","100,5","512,8","254,1","108,2","257,6","98,2","0,4788","0,3493","0,4737","0,3661","0,4839","0,3324",thumbnail_grossTrial,thumbnail_grossTrial.png,1245.0,1080.0,337.0,0.0,798.0,692.0,Saccade,33.0,50.0,,,,,,
25152,13685751,1400452957038,Eye Tracker,Participant0058,17.09.2021,Participant0058,Recording4,17.09.2021,17.09.2021,14:48:45.713,12:48:45.713,64514,Timeline2,Tobii I-VT (Fixation),1.145.28180,1080,1920,"10,00",681549957.0,,,882.0,428.0,887.0,425.0,876.0,431.0,"0,01941","0,02978","-0,99937","-0,09908","0,03404","-0,99450",,,Valid,Valid,"233,1","101,0","515,3","291,3","100,5","512,8","243,1","116,3","240,2","118,1","0,4372","0,3965","0,4415","0,3935","0,4329","0,3995",thumbnail_grossTrial,thumbnail_grossTrial.png,1245.0,1080.0,337.0,0.0,798.0,692.0,Saccade,33.0,50.0,,,,,,
25153,13694112,1400452965399,Eye Tracker,Participant0058,17.09.2021,Participant0058,Recording4,17.09.2021,17.09.2021,14:48:45.713,12:48:45.713,64514,Timeline2,Tobii I-VT (Fixation),1.145.28180,1080,1920,"10,00",681558317.0,,,874.0,446.0,876.0,440.0,873.0,451.0,"0,01359","0,03794","-0,99919","-0,10097","0,04448","-0,99389",,,Valid,Valid,"233,1","100,9","515,3","291,3","100,5","512,9","240,1","120,5","239,2","123,4","0,4312","0,4127","0,4325","0,4077","0,4300","0,4177",thumbnail_grossTrial,thumbnail_grossTrial.png,1245.0,1080.0,337.0,0.0,798.0,692.0,Fixation,358.0,34.0,870.0,440.0,"0,4279","0,4071",,
25154,13702459,1400452973746,Eye Tracker,Participant0058,17.09.2021,Participant0058,Recording4,17.09.2021,17.09.2021,14:48:45.713,12:48:45.713,64514,Timeline2,Tobii I-VT (Fixation),1.145.28180,1080,1920,"10,00",681566663.0,,,876.0,440.0,871.0,433.0,881.0,448.0,"0,01089","0,03409","-0,99936","-0,09671","0,04304","-0,99438","3,96","4,12",Valid,Valid,"233,1","100,9","515,3","291,3","100,4","513,0","238,7","118,5","241,4","122,6","0,4325","0,4078","0,4285","0,4008","0,4365","0,4148",thumbnail_grossTrial,thumbnail_grossTrial.png,1245.0,1080.0,337.0,0.0,798.0,692.0,Fixation,358.0,34.0,870.0,440.0,"0,4279","0,4071",,
25155,13710771,1400452982058,Eye Tracker,Participant0058,17.09.2021,Participant0058,Recording4,17.09.2021,17.09.2021,14:48:45.713,12:48:45.713,64514,Timeline2,Tobii I-VT (Fixation),1.145.28180,1080,1920,"10,00",681574975.0,,,875.0,440.0,871.0,430.0,879.0,449.0,"0,01094","0,03243","-0,99941","-0,09788","0,04383","-0,99423",,,Valid,Valid,"233,1","101,0","515,2","291,4","100,4","513,1","238,7","117,7","240,8","123,0","0,4317","0,4072","0,4286","0,3982","0,4348","0,4162",thumbnail_grossTrial,thumbnail_grossTrial.png,1245.0,1080.0,337.0,0.0,798.0,692.0,Fixation,358.0,34.0,870.0,440.0,"0,4279","0,4071",,
25156,13719092,1400452990379,Eye Tracker,Participant0058,17.09.2021,Participant0058,Recording4,17.09.2021,17.09.2021,14:48:45.713,12:48:45.713,64514,Timeline2,Tobii I-VT (Fixation),1.145.28180,1080,1920,"10,00",681583295.0,,,869.0,438.0,867.0,428.0,870.0,448.0,"0,00887","0,03120","-0,99947","-0,10227","0,04309","-0,99382",,,Valid,Valid,"233,0","101,0","515,3","291,3","100,4","513,1","237,6","117,0","238,5","122,6","0,4267","0,4054","0,4253","0,3960","0,4280","0,4149",thumbnail_grossTrial,thumbnail_grossTrial.png,1245.0,1080.0,337.0,0.0,798.0,692.0,Fixation,358.0,34.0,870.0,440.0,"0,4279","0,4071",,
25157,13727440,1400452998727,Eye Tracker,Participant0058,17.09.2021,Participant0058,Recording4,17.09.2021,17.09.2021,14:48:45.713,12:48:45.713,64514,Timeline2,Tobii I-VT (Fixation),1.145.28180,1080,1920,"10,00",681591643.0,,,868.0,439.0,873.0,431.0,863.0,447.0,"0,01182","0,03328","-0,99938","-0,10600","0,04285","-0,99344","4,26","3,73",Valid,Valid,"233,1","100,9","515,3","291,4","100,3","513,2","239,2","118,1","236,6","122,4","0,4261","0,4068","0,4298","0,3994","0,4223","0,4142",thumbnail_grossTrial,thumbnail_grossTrial.png,1245.0,1080.0,337.0,0.0,798.0,692.0,Fixation,358.0,34.0,870.0,440.0,"0,4279","0,4071",,
25158,13735787,1400453007074,Eye Tracker,Participant0058,17.09.2021,Participant0058,Recording4,17.09.2021,17.09.2021,14:48:45.713,12:48:45.713,64514,Timeline2,Tobii I-VT (Fixation),1.145.28180,1080,1920,"10,00",681599990.0,,,871.0,441.0,877.0,436.0,864.0,446.0,"0,01412","0,03570","-0,99926","-0,10558","0,04202","-0,99352",,,Valid,Valid,"233,1","101,0","515,3","291,4","100,3","513,2","240,4","119,4","236,8","122,0","0,4282","0,4084","0,4334","0,4038","0,4231","0,4129",thumbnail_grossTrial,thumbnail_grossTrial.png,1245.0,1080.0,337.0,0.0,798.0,692.0,Fixation,358.0,34.0,870.0,440.0,"0,4279","0,4071",,
25159,13744113,1400453015400,Eye Tracker,Participant0058,17.09.2021,Participant0058,Recording4,17.09.2021,17.09.2021,14:48:45.713,12:48:45.713,64514,Timeline2,Tobii I-VT (Fixation),1.145.28180,1080,1920,"10,00",681608315.0,,,873.0,441.0,878.0,435.0,867.0,448.0,"0,01458","0,03484","-0,99929","-0,10383","0,04326","-0,99365",,,Valid,Valid,"233,0","100,9","515,3","291,4","100,3","513,4","240,6","118,9","237,7","122,6","0,4298","0,4086","0,4339","0,4023","0,4257","0,4149",thumbnail_grossTrial,thumbnail_grossTrial.png,1245.0,1080.0,337.0,0.0,798.0,692.0,Fixation,358.0,34.0,870.0,440.0,"0,4279","0,4071",,
25160,13752427,1400453023714,Eye Tracker,Participant0058,17.09.2021,Participant0058,Recording4,17.09.2021,17.09.2021,14:48:45.713,12:48:45.713,64514,Timeline2,Tobii I-VT (Fixation),1.145.28180,1080,1920,"10,00",681616628.0,,,874.0,437.0,878.0,431.0,869.0,444.0,"0,01469","0,03298","-0,99935","-0,10299","0,04128","-0,99383","4,21","4,11",Valid,Valid,"233,1","100,9","515,4","291,4","100,1","513,6","240,6","117,9","238,2","121,5","0,4306","0,4050","0,4342","0,3989","0,4270","0,4110",thumbnail_grossTrial,thumbnail_grossTrial.png,1245.0,1080.0,337.0,0.0,798.0,692.0,Fixation,358.0,34.0,870.0,440.0,"0,4279","0,4071",,
25161,13760799,1400453032086,Eye Tracker,Participant0058,17.09.2021,Participant0058,Recording4,17.09.2021,17.09.2021,14:48:45.713,12:48:45.713,64514,Timeline2,Tobii I-VT (Fixation),1.145.28180,1080,1920,"10,00",681625000.0,,,873.0,439.0,878.0,428.0,868.0,449.0,"0,01448","0,03128","-0,99941","-0,10341","0,04404","-0,99366",,,Valid,Valid,"233,1","101,0","515,4","291,5","100,2","513,8","240,6","117,1","238,0","122,9","0,4302","0,4060","0,4340","0,3962","0,4264","0,4159",thumbnail_grossTrial,thumbnail_grossTrial.png,1245.0,1080.0,337.0,0.0,798.0,692.0,Fixation,358.0,34.0,870.0,440.0,"0,4279","0,4071",,
25162,13769082,1400453040369,Eye Tracker,Participant0058,17.09.2021,Participant0058,Recording4,17.09.2021,17.09.2021,14:48:45.713,12:48:45.713,64514,Timeline2,Tobii I-VT (Fixation),1.145.28180,1080,1920,"10,00",681633283.0,,,872.0,442.0,877.0,435.0,868.0,449.0,"0,01420","0,03522","-0,99928","-0,10357","0,04399","-0,99365",,,Valid,Valid,"233,0","101,0","515,4","291,4","100,1","514,0","240,4","119,1","237,9","122,8","0,4297","0,4093","0,4334","0,4030","0,4261","0,4156",thumbnail_grossTrial,thumbnail_grossTrial.png,1245.0,1080.0,337.0,0.0,798.0,692.0,Fixation,358.0,34.0,870.0,440.0,"0,4279","0,4071",,
25163,13777437,1400453048724,Eye Tracker,Participant0058,17.09.2021,Participant0058,Recording4,17.09.2021,17.09.2021,14:48:45.713,12:48:45.713,64514,Timeline2,Tobii I-VT (Fixation),1.145.28180,1080,1920,"10,00",681641638.0,,,867.0,445.0,869.0,436.0,866.0,454.0,"0,00970","0,03578","-0,99931","-0,10473","0,04678","-0,99340","3,95","3,77",Valid,Valid,"233,1","100,9","515,4","291,5","99,9","514,2","238,1","119,4","237,3","124,1","0,4255","0,4119","0,4266","0,4039","0,4243","0,4200",thumbnail_grossTrial,thumbnail_grossTrial.png,1245.0,1080.0,337.0,0.0,798.0,692.0,Fixation,358.0,34.0,870.0,440.0,"0,4279","0,4071",,
25164,13785744,1400453057031,Eye Tracker,Participant0058,17.09.2021,Participant0058,Recording4,17.09.2021,17.09.2021,14:48:45.713,12:48:45.713,64514,Timeline2,Tobii I-VT (Fixation),1.145.28180,1080,1920,"10,00",681649944.0,,,871.0,447.0,873.0,445.0,868.0,448.0,"0,01214","0,04049","-0,99911","-0,10346","0,04370","-0,99367",,,Valid,Valid,"233,1","101,0","515,4","291,5","99,9","514,4","239,4","121,8","238,0","122,5","0,4284","0,4134","0,4305","0,4123","0,4264","0,4146",thumbnail_grossTrial,thumbnail_grossTrial.png,1245.0,1080.0,337.0,0.0,798.0,692.0,Fixation,358.0,34.0,870.0,440.0,"0,4279","0,4071",,
25165,13794075,1400453065362,Eye Tracker,Participant0058,17.09.2021,Participant0058,Recording4,17.09.2021,17.09.2021,14:48:45.713,12:48:45.713,64514,Timeline2,Tobii I-VT (Fixation),1.145.28180,1080,1920,"10,00",681658274.0,,,873.0,440.0,874.0,437.0,872.0,443.0,"0,01252","0,03609","-0,99927","-0,10152","0,04159","-0,99396",,,Valid,Valid,"233,1","100,9","515,4","291,5","99,8","514,6","239,5","119,6","239,0","121,4","0,4300","0,4076","0,4309","0,4045","0,4292","0,4106",thumbnail_grossTrial,thumbnail_grossTrial.png,1245.0,1080.0,337.0,0.0,798.0,692.0,Fixation,358.0,34.0,870.0,440.0,"0,4279","0,4071",,
25166,13802436,1400453073723,Eye Tracker,Participant0058,17.09.2021,Participant0058,Recording4,17.09.2021,17.09.2021,14:48:45.713,12:48:45.713,64514,Timeline2,Tobii I-VT (Fixation),1.145.28180,1080,1920,"10,00",681666635.0,,,876.0,438.0,880.0,434.0,871.0,442.0,"0,01584","0,03485","-0,99927","-0,10196","0,04111","-0,99394","4,10","3,78",Valid,Valid,"233,1","100,9","515,5","291,6","99,7","514,9","241,2","118,9","238,8","121,0","0,4323","0,4057","0,4359","0,4022","0,4286","0,4093",thumbnail_grossTrial,thumbnail_grossTrial.png,1245.0,1080.0,337.0,0.0,798.0,692.0,Fixation,358.0,34.0,870.0,440.0,"0,4279","0,4071",,
25167,13810772,1400453082059,Eye Tracker,Participant0058,17.09.2021,Participant0058,Recording4,17.09.2021,17.09.2021,14:48:45.713,12:48:45.713,64514,Timeline2,Tobii I-VT (Fixation),1.145.28180,1080,1920,"10,00",681674971.0,,,872.0,437.0,875.0,429.0,870.0,444.0,"0,01309","0,03220","-0,99940","-0,10278","0,04222","-0,99381",,,Valid,Valid,"233,1","100,9","515,4","291,6","99,6","515,0","239,9","117,5","238,3","121,5","0,4297","0,4044","0,4319","0,3976","0,4274","0,4112",thumbnail_grossTrial,thumbnail_grossTrial.png,1245.0,1080.0,337.0,0.0,798.0,692.0,Fixation,358.0,34.0,870.0,440.0,"0,4279","0,4071",,
25168,13819073,1400453090360,Eye Tracker,Participant0058,17.09.2021,Participant0058,Recording4,17.09.2021,17.09.2021,14:48:45.713,12:48:45.713,64514,Timeline2,Tobii I-VT (Fixation),1.145.28180,1080,1920,"10,00",681683271.0,,,868.0,438.0,872.0,431.0,864.0,444.0,"0,01156","0,03312","-0,99938","-0,10561","0,04256","-0,99350",,,Valid,Valid,"233,0","100,9","515,5","291,6","99,6","515,2","239,0","118,0","236,8","121,6","0,4262","0,4053","0,4294","0,3992","0,4229","0,4115",thumbnail_grossTrial,thumbnail_grossTrial.png,1245.0,1080.0,337.0,0.0,798.0,692.0,Fixation,358.0,34.0,870.0,440.0,"0,4279","0,4071",,
25169,13827406,1400453098693,Eye Tracker,Participant0058,17.09.2021,Participant0058,Recording4,17.09.2021,17.09.2021,14:48:45.713,12:48:45.713,64514,Timeline2,Tobii I-VT (Fixation),1.145.28180,1080,1920,"10,00",681691603.0,,,868.0,440.0,874.0,437.0,862.0,443.0,"0,01259","0,03640","-0,99926","-0,10664","0,04208","-0,99341","4,14","3,76",Valid,Valid,"233,1","100,8","515,5","291,6","99,4","515,4","239,6","119,6","236,3","121,2","0,4262","0,4074","0,4310","0,4047","0,4214","0,4102",thumbnail_grossTrial,thumbnail_grossTrial.png,1245.0,1080.0,337.0,0.0,798.0,692.0,Fixation,358.0,34.0,870.0,440.0,"0,4279","0,4071",,
25170,13835772,1400453107059,Eye Tracker,Participant0058,17.09.2021,Participant0058,Recording4,17.09.2021,17.09.2021,14:48:45.713,12:48:45.713,64514,Timeline2,Tobii I-VT (Fixation),1.145.28180,1080,1920,"10,00",681699969.0,,,870.0,441.0,880.0,439.0,859.0,442.0,"0,01570","0,03735","-0,99918","-0,10811","0,04154","-0,99327",,,Valid,Valid,"233,1","100,9","515,4","291,6","99,4","515,4","241,2","120,1","235,5","121,0","0,4275","0,4079","0,4358","0,4065","0,4192","0,4093",thumbnail_grossTrial,thumbnail_grossTrial.png,1245.0,1080.0,337.0,0.0,798.0,692.0,Fixation,358.0,34.0,870.0,440.0,"0,4279","0,4071",,
25171,13844072,1400453115359,Eye Tracker,Participant0058,17.09.2021,Participant0058,Recording4,17.09.2021,17.09.2021,14:48:45.713,12:48:45.713,64514,Timeline2,Tobii I-VT (Fixation),1.145.28180,1080,1920,"10,00",681708269.0,,,874.0,437.0,883.0,432.0,865.0,442.0,"0,01746","0,03372","-0,99928","-0,10526","0,04182","-0,99357",,,Valid,Valid,"233,0","100,9","515,5","291,6","99,4","515,5","242,0","118,2","237,0","121,1","0,4308","0,4048","0,4383","0,4001","0,4234","0,4096",thumbnail_grossTrial,thumbnail_grossTrial.png,1245.0,1080.0,337.0,0.0,798.0,692.0,Fixation,358.0,34.0,870.0,440.0,"0,4279","0,4071",,
25172,13852434,1400453123721,Eye Tracker,Participant0058,17.09.2021,Participant0058,Recording4,17.09.2021,17.09.2021,14:48:45.713,12:48:45.713,64514,Timeline2,Tobii I-VT (Fixation),1.145.28180,1080,1920,"10,00",681716630.0,,,873.0,439.0,877.0,435.0,870.0,444.0,"0,01426","0,03523","-0,99928","-0,10264","0,04281","-0,99380","3,95","4,12",Valid,Valid,"233,0","100,8","515,5","291,6","99,3","515,6","240,4","118,9","238,4","121,5","0,4305","0,4067","0,4335","0,4025","0,4275","0,4110",thumbnail_grossTrial,thumbnail_grossTrial.png,1245.0,1080.0,337.0,0.0,798.0,692.0,Fixation,358.0,34.0,870.0,440.0,"0,4279","0,4071",,
25173,13860770,1400453132057,Eye Tracker,Participant0058,17.09.2021,Participant0058,Recording4,17.09.2021,17.09.2021,14:48:45.713,12:48:45.713,64514,Timeline2,Tobii I-VT (Fixation),1.145.28180,1080,1920,"10,00",681724966.0,,,866.0,435.0,870.0,431.0,863.0,440.0,"0,01050","0,03291","-0,99940","-0,10643","0,04047","-0,99350",,,Valid,Valid,"233,1","100,8","515,4","291,6","99,3","515,5","238,5","117,8","236,4","120,3","0,4249","0,4029","0,4279","0,3986","0,4218","0,4072",thumbnail_grossTrial,thumbnail_grossTrial.png,1245.0,1080.0,337.0,0.0,798.0,692.0,Fixation,358.0,34.0,870.0,440.0,"0,4279","0,4071",,
25174,13869070,1400453140357,Eye Tracker,Participant0058,17.09.2021,Participant0058,Recording4,17.09.2021,17.09.2021,14:48:45.713,12:48:45.713,64514,Timeline2,Tobii I-VT (Fixation),1.145.28180,1080,1920,"10,00",681733265.0,,,865.0,436.0,869.0,428.0,861.0,444.0,"0,00997","0,03147","-0,99945","-0,10735","0,04295","-0,99329",,,Valid,Valid,"233,0","100,8","515,5","291,6","99,3","515,6","238,2","117,1","235,9","121,6","0,4235","0,4038","0,4269","0,3961","0,4202","0,4114",thumbnail_grossTrial,thumbnail_grossTrial.png,1245.0,1080.0,337.0,0.0,798.0,692.0,Fixation,358.0,34.0,870.0,440.0,"0,4279","0,4071",,
25175,13877433,1400453148720,Eye Tracker,Participant0058,17.09.2021,Participant0058,Recording4,17.09.2021,17.09.2021,14:48:45.713,12:48:45.713,64514,Timeline2,Tobii I-VT (Fixation),1.145.28180,1080,1920,"10,00",681741628.0,,,873.0,429.0,877.0,417.0,868.0,442.0,"0,01428","0,02563","-0,99957","-0,10331","0,04178","-0,99377","4,13","4,12",Valid,Valid,"233,0","100,8","515,5","291,6","99,3","515,6","240,4","114,0","238,0","120,9","0,4300","0,3974","0,4335","0,3857","0,4265","0,4092",thumbnail_grossTrial,thumbnail_grossTrial.png,1245.0,1080.0,337.0,0.0,798.0,692.0,Fixation,358.0,34.0,870.0,440.0,"0,4279","0,4071",,
25176,13885767,1400453157054,Eye Tracker,Participant0058,17.09.2021,Participant0058,Recording4,17.09.2021,17.09.2021,14:48:45.713,12:48:45.713,64514,Timeline2,Tobii I-VT (Fixation),1.145.28180,1080,1920,"10,00",681749961.0,,,876.0,436.0,882.0,423.0,870.0,450.0,"0,01677","0,02878","-0,99945","-0,10269","0,04582","-0,99366",,,Valid,Valid,"233,1","100,9","515,4","291,6","99,3","515,5","241,7","115,7","238,4","123,1","0,4324","0,4040","0,4374","0,3914","0,4275","0,4166",thumbnail_grossTrial,thumbnail_grossTrial.png,1245.0,1080.0,337.0,0.0,798.0,692.0,Fixation,358.0,34.0,870.0,440.0,"0,4279","0,4071",,
25177,13894069,1400453165356,Eye Tracker,Participant0058,17.09.2021,Participant0058,Recording4,17.09.2021,17.09.2021,14:48:45.713,12:48:45.713,64514,Timeline2,Tobii I-VT (Fixation),1.145.28180,1080,1920,"10,00",681758263.0,,,869.0,434.0,876.0,422.0,862.0,446.0,"0,01378","0,02822","-0,99951","-0,10664","0,04391","-0,99333",,,Valid,Valid,"233,0","100,9","515,5","291,6","99,3","515,5","240,1","115,4","236,2","122,1","0,4270","0,4018","0,4327","0,3905","0,4213","0,4132",thumbnail_grossTrial,thumbnail_grossTrial.png,1245.0,1080.0,337.0,0.0,798.0,692.0,Fixation,358.0,34.0,870.0,440.0,"0,4279","0,4071",,
25178,13902434,1400453173721,Eye Tracker,Participant0058,17.09.2021,Participant0058,Recording4,17.09.2021,17.09.2021,14:48:45.713,12:48:45.713,64514,Timeline2,Tobii I-VT (Fixation),1.145.28180,1080,1920,"10,00",681766627.0,,,870.0,438.0,875.0,429.0,865.0,447.0,"0,01313","0,03209","-0,99940","-0,10510","0,04433","-0,99347","4,22","4,11",Valid,Valid,"233,1","100,8","515,5","291,6","99,3","515,5","239,8","117,4","237,1","122,3","0,4278","0,4054","0,4318","0,3971","0,4238","0,4138",thumbnail_grossTrial,thumbnail_grossTrial.png,1245.0,1080.0,337.0,0.0,798.0,692.0,Fixation,358.0,34.0,870.0,440.0,"0,4279","0,4071",,
25179,13910737,1400453182024,Eye Tracker,Participant0058,17.09.2021,Participant0058,Recording4,17.09.2021,17.09.2021,14:48:45.713,12:48:45.713,64514,Timeline2,Tobii I-VT (Fixation),1.145.28180,1080,1920,"10,00",681774930.0,,,872.0,438.0,881.0,429.0,863.0,448.0,"0,01632","0,03188","-0,99936","-0,10600","0,04453","-0,99337",,,Valid,Valid,"233,1","100,9","515,4","291,6","99,4","515,4","241,5","117,3","236,6","122,5","0,4296","0,4058","0,4367","0,3970","0,4224","0,4145",thumbnail_grossTrial,thumbnail_grossTrial.png,1245.0,1080.0,337.0,0.0,798.0,692.0,Fixation,358.0,34.0,870.0,440.0,"0,4279","0,4071",,
25180,13919097,1400453190384,Eye Tracker,Participant0058,17.09.2021,Participant0058,Recording4,17.09.2021,17.09.2021,14:48:45.713,12:48:45.713,64514,Timeline2,Tobii I-VT (Fixation),1.145.28180,1080,1920,"10,00",681783289.0,,,873.0,443.0,882.0,438.0,864.0,449.0,"0,01683","0,03698","-0,99917","-0,10565","0,04495","-0,99339",,,Valid,Valid,"233,0","100,9","515,5","291,6","99,4","515,4","241,7","120,0","236,8","122,7","0,4301","0,4106","0,4373","0,4059","0,4229","0,4153",thumbnail_grossTrial,thumbnail_grossTrial.png,1245.0,1080.0,337.0,0.0,798.0,692.0,Fixation,358.0,34.0,870.0,440.0,"0,4279","0,4071",,
25181,13927414,1400453198701,Eye Tracker,Participant0058,17.09.2021,Participant0058,Recording4,17.09.2021,17.09.2021,14:48:45.713,12:48:45.713,64514,Timeline2,Tobii I-VT (Fixation),1.145.28180,1080,1920,"10,00",681791606.0,,,871.0,439.0,884.0,430.0,859.0,448.0,"0,01769","0,03280","-0,99931","-0,10839","0,04485","-0,99310","4,22","3,74",Valid,Valid,"233,1","100,8","515,5","291,6","99,4","515,4","242,2","117,8","235,4","122,7","0,4287","0,4067","0,4387","0,3984","0,4188","0,4150",thumbnail_grossTrial,thumbnail_grossTrial.png,1245.0,1080.0,337.0,0.0,798.0,692.0,Fixation,358.0,34.0,870.0,440.0,"0,4279","0,4071",,
25182,13935763,1400453207050,Eye Tracker,Participant0058,17.09.2021,Participant0058,Recording4,17.09.2021,17.09.2021,14:48:45.713,12:48:45.713,64514,Timeline2,Tobii I-VT (Fixation),1.145.28180,1080,1920,"10,00",681799955.0,,,871.0,442.0,881.0,431.0,861.0,452.0,"0,01614","0,03306","-0,99932","-0,10708","0,04689","-0,99314",,,Valid,Valid,"233,1","100,9","515,5","291,6","99,5","515,3","241,4","117,9","236,1","123,8","0,4287","0,4090","0,4365","0,3990","0,4208","0,4190",thumbnail_grossTrial,thumbnail_grossTrial.png,1245.0,1080.0,337.0,0.0,798.0,692.0,Fixation,358.0,34.0,870.0,440.0,"0,4279","0,4071",,
25183,13944068,1400453215355,Eye Tracker,Participant0058,17.09.2021,Participant0058,Recording4,17.09.2021,17.09.2021,14:48:45.713,12:48:45.713,64514,Timeline2,Tobii I-VT (Fixation),1.145.28180,1080,1920,"10,00",681808259.0,,,867.0,438.0,877.0,429.0,858.0,447.0,"0,01410","0,03222","-0,99938","-0,10897","0,04404","-0,99307",,,Valid,Valid,"233,0","100,9","515,5","291,6","99,5","515,2","240,3","117,5","235,1","122,4","0,4255","0,4058","0,4332","0,3976","0,4178","0,4140",thumbnail_grossTrial,thumbnail_grossTrial.png,1245.0,1080.0,337.0,0.0,798.0,692.0,Fixation,358.0,34.0,870.0,440.0,"0,4279","0,4071",,
25184,13952414,1400453223701,Eye Tracker,Participant0058,17.09.2021,Participant0058,Recording4,17.09.2021,17.09.2021,14:48:45.713,12:48:45.713,64514,Timeline2,Tobii I-VT (Fixation),1.145.28180,1080,1920,"10,00",681816604.0,,,864.0,440.0,870.0,432.0,857.0,448.0,"0,01029","0,03393","-0,99937","-0,10914","0,04471","-0,99302","3,89","3,74",Valid,Valid,"233,1","100,8","515,5","291,6","99,5","515,2","238,4","118,3","235,0","122,7","0,4226","0,4077","0,4275","0,4004","0,4176","0,4151",thumbnail_grossTrial,thumbnail_grossTrial.png,1245.0,1080.0,337.0,0.0,798.0,692.0,Fixation,358.0,34.0,870.0,440.0,"0,4279","0,4071",,
25185,13960787,1400453232074,Eye Tracker,Participant0058,17.09.2021,Participant0058,Recording4,17.09.2021,17.09.2021,14:48:45.713,12:48:45.713,64514,Timeline2,Tobii I-VT (Fixation),1.145.28180,1080,1920,"10,00",681824977.0,,,862.0,441.0,867.0,432.0,858.0,450.0,"0,00855","0,03346","-0,99940","-0,10906","0,04543","-0,99300",,,Valid,Valid,"233,1","100,9","515,5","291,6","99,6","515,1","237,5","118,1","235,0","123,2","0,4214","0,4082","0,4250","0,3997","0,4178","0,4167",thumbnail_grossTrial,thumbnail_grossTrial.png,1245.0,1080.0,337.0,0.0,798.0,692.0,Fixation,358.0,34.0,870.0,440.0,"0,4279","0,4071",,
25186,13969065,1400453240352,Eye Tracker,Participant0058,17.09.2021,Participant0058,Recording4,17.09.2021,17.09.2021,14:48:45.713,12:48:45.713,64514,Timeline2,Tobii I-VT (Fixation),1.145.28180,1080,1920,"10,00",681833255.0,,,863.0,445.0,872.0,435.0,854.0,455.0,"0,01145","0,03508","-0,99932","-0,11077","0,04805","-0,99268",,,Valid,Valid,"233,0","100,9","515,5","291,6","99,6","515,1","238,9","119,0","234,1","124,5","0,4220","0,4119","0,4291","0,4025","0,4150","0,4214",thumbnail_grossTrial,thumbnail_grossTrial.png,1245.0,1080.0,337.0,0.0,798.0,692.0,Fixation,358.0,34.0,870.0,440.0,"0,4279","0,4071",,
25187,13977396,1400453248683,Eye Tracker,Participant0058,17.09.2021,Participant0058,Recording4,17.09.2021,17.09.2021,14:48:45.713,12:48:45.713,64514,Timeline2,Tobii I-VT (Fixation),1.145.28180,1080,1920,"10,00",681841586.0,,,866.0,445.0,879.0,439.0,853.0,451.0,"0,01550","0,03723","-0,99919","-0,11114","0,04579","-0,99275","4,22","3,75",Valid,Valid,"233,0","100,8","515,5","291,6","99,6","515,1","241,0","120,1","233,9","123,3","0,4249","0,4117","0,4353","0,4062","0,4145","0,4173",thumbnail_grossTrial,thumbnail_grossTrial.png,1245.0,1080.0,337.0,0.0,798.0,692.0,Fixation,358.0,34.0,870.0,440.0,"0,4279","0,4071",,
25188,13985766,1400453257053,Eye Tracker,Participant0058,17.09.2021,Participant0058,Recording4,17.09.2021,17.09.2021,14:48:45.713,12:48:45.713,64514,Timeline2,Tobii I-VT (Fixation),1.145.28180,1080,1920,"10,00",681849955.0,,,867.0,447.0,878.0,442.0,857.0,452.0,"0,01468","0,03907","-0,99913","-0,10937","0,04653","-0,99291",,,Valid,Valid,"233,1","100,9","515,5","291,6","99,6","515,0","240,6","121,1","234,8","123,8","0,4257","0,4142","0,4341","0,4096","0,4172","0,4188",thumbnail_grossTrial,thumbnail_grossTrial.png,1245.0,1080.0,337.0,0.0,798.0,692.0,Fixation,358.0,34.0,870.0,440.0,"0,4279","0,4071",,
25189,13994065,1400453265352,Eye Tracker,Participant0058,17.09.2021,Participant0058,Recording4,17.09.2021,17.09.2021,14:48:45.713,12:48:45.713,64514,Timeline2,Tobii I-VT (Fixation),1.145.28180,1080,1920,"10,00",681858253.0,,,869.0,445.0,871.0,444.0,867.0,446.0,"0,01109","0,04020","-0,99913","-0,10414","0,04329","-0,99362",,,Valid,Valid,"233,0","100,9","515,5","291,5","99,6","515,0","238,7","121,6","237,5","122,1","0,4268","0,4123","0,4285","0,4115","0,4251","0,4130",thumbnail_grossTrial,thumbnail_grossTrial.png,1245.0,1080.0,337.0,0.0,798.0,692.0,Fixation,358.0,34.0,870.0,440.0,"0,4279","0,4071",,
25190,14002422,1400453273709,Eye Tracker,Participant0058,17.09.2021,Participant0058,Recording4,17.09.2021,17.09.2021,14:48:45.713,12:48:45.713,64514,Timeline2,Tobii I-VT (Fixation),1.145.28180,1080,1920,"10,00",681866610.0,,,866.0,445.0,864.0,442.0,868.0,447.0,"0,00750","0,03927","-0,99920","-0,10351","0,04373","-0,99367","3,90","3,72",Valid,Valid,"233,0","100,8","515,5","291,5","99,6","515,1","236,9","121,1","237,9","122,2","0,4246","0,4116","0,4231","0,4097","0,4261","0,4135",thumbnail_grossTrial,thumbnail_grossTrial.png,1245.0,1080.0,337.0,0.0,798.0,692.0,Fixation,358.0,34.0,870.0,440.0,"0,4279","0,4071",,
25191,14010761,1400453282048,Eye Tracker,Participant0058,17.09.2021,Participant0058,Recording4,17.09.2021,17.09.2021,14:48:45.713,12:48:45.713,64514,Timeline2,Tobii I-VT (Fixation),1.145.28180,1080,1920,"10,00",681874949.0,,,868.0,442.0,867.0,436.0,870.0,447.0,"0,00883","0,03592","-0,99932","-0,10252","0,04400","-0,99376",,,Valid,Valid,"233,0","100,9","515,5","291,5","99,6","515,1","237,6","119,4","238,4","122,4","0,4264","0,4092","0,4252","0,4041","0,4276","0,4142",thumbnail_grossTrial,thumbnail_grossTrial.png,1245.0,1080.0,337.0,0.0,798.0,692.0,Fixation,358.0,34.0,870.0,440.0,"0,4279","0,4071",,
25192,14019097,1400453290384,Eye Tracker,Participant0058,17.09.2021,Participant0058,Recording4,17.09.2021,17.09.2021,14:48:45.713,12:48:45.713,64514,Timeline2,Tobii I-VT (Fixation),1.145.28180,1080,1920,"10,00",681883284.0,,,866.0,442.0,870.0,433.0,863.0,452.0,"0,01053","0,03414","-0,99936","-0,10621","0,04632","-0,99326",,,Valid,Valid,"233,0","100,9","515,5","291,5","99,6","515,1","238,4","118,5","236,4","123,6","0,4247","0,4096","0,4276","0,4011","0,4218","0,4182",thumbnail_grossTrial,thumbnail_grossTrial.png,1245.0,1080.0,337.0,0.0,798.0,692.0,Fixation,358.0,34.0,870.0,440.0,"0,4279","0,4071",,
25193,14027394,1400453298681,Eye Tracker,Participant0058,17.09.2021,Participant0058,Recording4,17.09.2021,17.09.2021,14:48:45.713,12:48:45.713,64514,Timeline2,Tobii I-VT (Fixation),1.145.28180,1080,1920,"10,00",681891581.0,,,869.0,444.0,868.0,434.0,869.0,454.0,"0,00973","0,03450","-0,99936","-0,10297","0,04759","-0,99355","3,90","4,04",Valid,Valid,"233,0","100,9","515,5","291,5","99,5","515,2","238,0","118,7","238,1","124,2","0,4266","0,4108","0,4264","0,4015","0,4268","0,4202",thumbnail_grossTrial,thumbnail_grossTrial.png,1245.0,1080.0,337.0,0.0,798.0,692.0,Fixation,358.0,34.0,870.0,440.0,"0,4279","0,4071",,
25194,14035731,1400453307018,Eye Tracker,Participant0058,17.09.2021,Participant0058,Recording4,17.09.2021,17.09.2021,14:48:45.713,12:48:45.713,64514,Timeline2,Tobii I-VT (Fixation),1.145.28180,1080,1920,"10,00",681899917.0,,,872.0,430.0,866.0,437.0,878.0,423.0,"0,00840","0,03593","-0,99932","-0,09851","0,03126","-0,99464",,,Valid,Valid,"233,0","101,0","515,4","291,6","99,6","515,2","237,4","119,5","240,5","115,8","0,4293","0,3980","0,4246","0,4043","0,4339","0,3916",thumbnail_grossTrial,thumbnail_grossTrial.png,1245.0,1080.0,337.0,0.0,798.0,692.0,Fixation,358.0,34.0,870.0,440.0,"0,4279","0,4071",,
25195,14044105,1400453315392,Eye Tracker,Participant0058,17.09.2021,Participant0058,Recording4,17.09.2021,17.09.2021,14:48:45.713,12:48:45.713,64514,Timeline2,Tobii I-VT (Fixation),1.145.28180,1080,1920,"10,00",681908291.0,,,872.0,428.0,865.0,432.0,879.0,423.0,"0,00783","0,03366","-0,99940","-0,09783","0,03149","-0,99470",,,Valid,Valid,"233,0","101,0","515,4","291,5","99,5","515,3","237,0","118,4","240,8","115,9","0,4291","0,3962","0,4235","0,4005","0,4348","0,3920",thumbnail_grossTrial,thumbnail_grossTrial.png,1245.0,1080.0,337.0,0.0,798.0,692.0,Fixation,358.0,34.0,870.0,440.0,"0,4279","0,4071",,
25196,14052435,1400453323722,Eye Tracker,Participant0058,17.09.2021,Participant0058,Recording4,17.09.2021,17.09.2021,14:48:45.713,12:48:45.713,64514,Timeline2,Tobii I-VT (Fixation),1.145.28180,1080,1920,"10,00",681916620.0,,,868.0,430.0,856.0,437.0,879.0,423.0,"0,00334","0,03608","-0,99934","-0,09774","0,03152","-0,99471","3,89","3,73",Valid,Valid,"233,0","101,0","515,4","291,5","99,5","515,5","234,7","119,6","240,8","115,9","0,4257","0,3984","0,4167","0,4047","0,4348","0,3920",thumbnail_grossTrial,thumbnail_grossTrial.png,1245.0,1080.0,337.0,0.0,798.0,692.0,Saccade,17.0,51.0,,,,,,
25197,14060744,1400453332031,Eye Tracker,Participant0058,17.09.2021,Participant0058,Recording4,17.09.2021,17.09.2021,14:48:45.713,12:48:45.713,64514,Timeline2,Tobii I-VT (Fixation),1.145.28180,1080,1920,"10,00",681924929.0,,,819.0,473.0,843.0,455.0,796.0,492.0,"-0,00380","0,04543","-0,99896","-0,14082","0,06700","-0,98777",,,Valid,Valid,"233,0","101,1","515,3","291,5","99,6","515,5","231,0","124,6","218,0","134,6","0,3870","0,4383","0,4061","0,4214","0,3679","0,4553",thumbnail_grossTrial,thumbnail_grossTrial.png,1245.0,1080.0,337.0,0.0,798.0,692.0,Saccade,17.0,51.0,,,,,,
25198,14069061,1400453340348,Eye Tracker,Participant0058,17.09.2021,Participant0058,Recording4,17.09.2021,17.09.2021,14:48:45.713,12:48:45.713,64514,Timeline2,Tobii I-VT (Fixation),1.145.28180,1080,1920,"10,00",681933246.0,,,815.0,484.0,834.0,476.0,796.0,492.0,"-0,00874","0,05665","-0,99836","-0,14075","0,06712","-0,98777",,,Valid,Valid,"233,0","101,1","515,3","291,5","99,6","515,6","228,5","130,4","218,1","134,6","0,3833","0,4483","0,3985","0,4411","0,3680","0,4554",thumbnail_grossTrial,thumbnail_grossTrial.png,1245.0,1080.0,337.0,0.0,798.0,692.0,Unclassified,8.0,78.0,,,,,,
25199,14077391,1400453348678,Eye Tracker,Participant0058,17.09.2021,Participant0058,Recording4,17.09.2021,17.09.2021,14:48:45.713,12:48:45.713,64514,Timeline2,Tobii I-VT (Fixation),1.145.28180,1080,1920,"10,00",681941575.0,,,833.0,480.0,834.0,482.0,832.0,479.0,"-0,00863","0,05956","-0,99819","-0,12216","0,06069","-0,99065","3,85","3,73",Valid,Valid,"233,0","101,1","515,3","291,6","99,5","515,7","228,6","131,8","228,0","131,1","0,3980","0,4448","0,3988","0,4461","0,3972","0,4436",thumbnail_grossTrial,thumbnail_grossTrial.png,1245.0,1080.0,337.0,0.0,798.0,692.0,Saccade,8.0,52.0,,,,,,
25200,14085759,1400453357046,Eye Tracker,Participant0058,17.09.2021,Participant0058,Recording4,17.09.2021,17.09.2021,14:48:45.713,12:48:45.713,64514,Timeline2,Tobii I-VT (Fixation),1.145.28180,1080,1920,"10,00",681949942.0,,,841.0,479.0,845.0,484.0,837.0,475.0,"-0,00298","0,06037","-0,99817","-0,11952","0,05870","-0,99110",,,Valid,Valid,"233,1","101,2","515,2","291,6","99,5","515,6","231,5","132,3","229,4","130,1","0,4044","0,4439","0,4075","0,4478","0,4014","0,4401",thumbnail_grossTrial,thumbnail_grossTrial.png,1245.0,1080.0,337.0,0.0,798.0,692.0,Fixation,200.0,35.0,836.0,489.0,"0,4004","0,4526",,
25201,14094069,1400453365356,Eye Tracker,Participant0058,17.09.2021,Participant0058,Recording4,17.09.2021,17.09.2021,14:48:45.713,12:48:45.713,64514,Timeline2,Tobii I-VT (Fixation),1.145.28180,1080,1920,"10,00",681958252.0,,,839.0,485.0,844.0,487.0,834.0,482.0,"-0,00333","0,06226","-0,99805","-0,12114","0,06254","-0,99066",,,Valid,Valid,"233,0","101,2","515,1","291,6","99,5","515,7","231,3","133,3","228,5","132,0","0,4027","0,4489","0,4068","0,4510","0,3986","0,4467",thumbnail_grossTrial,thumbnail_grossTrial.png,1245.0,1080.0,337.0,0.0,798.0,692.0,Fixation,200.0,35.0,836.0,489.0,"0,4004","0,4526",,
25202,14102426,1400453373713,Eye Tracker,Participant0058,17.09.2021,Participant0058,Recording4,17.09.2021,17.09.2021,14:48:45.713,12:48:45.713,64514,Timeline2,Tobii I-VT (Fixation),1.145.28180,1080,1920,"10,00",681966609.0,,,842.0,489.0,851.0,491.0,834.0,487.0,"0,00030","0,06453","-0,99792","-0,12118","0,06509","-0,99049","4,10","3,73",Valid,Valid,"233,0","101,1","515,1","291,6","99,4","515,8","233,2","134,4","228,5","133,3","0,4055","0,4530","0,4123","0,4549","0,3987","0,4510",thumbnail_grossTrial,thumbnail_grossTrial.png,1245.0,1080.0,337.0,0.0,798.0,692.0,Fixation,200.0,35.0,836.0,489.0,"0,4004","0,4526",,
25203,14110738,1400453382025,Eye Tracker,Participant0058,17.09.2021,Participant0058,Recording4,17.09.2021,17.09.2021,14:48:45.713,12:48:45.713,64514,Timeline2,Tobii I-VT (Fixation),1.145.28180,1080,1920,"10,00",681974920.0,,,841.0,492.0,846.0,491.0,836.0,493.0,"-0,00218","0,06452","-0,99791","-0,11988","0,06815","-0,99045",,,Valid,Valid,"233,0","101,2","515,1","291,6","99,4","515,9","231,9","134,5","229,2","134,9","0,4047","0,4557","0,4086","0,4550","0,4007","0,4564",thumbnail_grossTrial,thumbnail_grossTrial.png,1245.0,1080.0,337.0,0.0,798.0,692.0,Fixation,200.0,35.0,836.0,489.0,"0,4004","0,4526",,
25204,14119067,1400453390354,Eye Tracker,Participant0058,17.09.2021,Participant0058,Recording4,17.09.2021,17.09.2021,14:48:45.713,12:48:45.713,64514,Timeline2,Tobii I-VT (Fixation),1.145.28180,1080,1920,"10,00",681983248.0,,,838.0,495.0,844.0,496.0,833.0,494.0,"-0,00341","0,06703","-0,99775","-0,12137","0,06852","-0,99024",,,Valid,Valid,"233,0","101,1","515,1","291,6","99,4","516,0","231,2","135,7","228,4","135,1","0,4024","0,4582","0,4066","0,4593","0,3982","0,4570",thumbnail_grossTrial,thumbnail_grossTrial.png,1245.0,1080.0,337.0,0.0,798.0,692.0,Fixation,200.0,35.0,836.0,489.0,"0,4004","0,4526",,
25205,14127392,1400453398679,Eye Tracker,Participant0058,17.09.2021,Participant0058,Recording4,17.09.2021,17.09.2021,14:48:45.713,12:48:45.713,64514,Timeline2,Tobii I-VT (Fixation),1.145.28180,1080,1920,"10,00",681991573.0,,,832.0,489.0,835.0,491.0,829.0,488.0,"-0,00802","0,06423","-0,99790","-0,12370","0,06555","-0,99015","3,86","3,72",Valid,Valid,"233,0","101,1","515,1","291,6","99,3","516,1","228,8","134,3","227,1","133,5","0,3971","0,4529","0,3996","0,4543","0,3946","0,4515",thumbnail_grossTrial,thumbnail_grossTrial.png,1245.0,1080.0,337.0,0.0,798.0,692.0,Fixation,200.0,35.0,836.0,489.0,"0,4004","0,4526",,
25206,14135775,1400453407062,Eye Tracker,Participant0058,17.09.2021,Participant0058,Recording4,17.09.2021,17.09.2021,14:48:45.713,12:48:45.713,64514,Timeline2,Tobii I-VT (Fixation),1.145.28180,1080,1920,"10,00",681999956.0,,,836.0,490.0,839.0,492.0,832.0,488.0,"-0,00566","0,06477","-0,99788","-0,12221","0,06590","-0,99031",,,Valid,Valid,"233,0","101,1","515,1","291,6","99,3","516,0","230,1","134,6","227,9","133,7","0,4001","0,4538","0,4032","0,4553","0,3969","0,4522",thumbnail_grossTrial,thumbnail_grossTrial.png,1245.0,1080.0,337.0,0.0,798.0,692.0,Fixation,200.0,35.0,836.0,489.0,"0,4004","0,4526",,
25207,14144090,1400453415377,Eye Tracker,Participant0058,17.09.2021,Participant0058,Recording4,17.09.2021,17.09.2021,14:48:45.713,12:48:45.713,64514,Timeline2,Tobii I-VT (Fixation),1.145.28180,1080,1920,"10,00",682008271.0,,,827.0,489.0,840.0,479.0,815.0,499.0,"-0,00509","0,05837","-0,99828","-0,13087","0,07141","-0,98882",,,Valid,Valid,"232,9","101,1","515,2","291,6","99,3","516,1","230,3","131,2","223,3","136,6","0,3936","0,4530","0,4039","0,4440","0,3833","0,4621",thumbnail_grossTrial,thumbnail_grossTrial.png,1245.0,1080.0,337.0,0.0,798.0,692.0,Fixation,200.0,35.0,836.0,489.0,"0,4004","0,4526",,
25208,14152387,1400453423674,Eye Tracker,Participant0058,17.09.2021,Participant0058,Recording4,17.09.2021,17.09.2021,14:48:45.713,12:48:45.713,64514,Timeline2,Tobii I-VT (Fixation),1.145.28180,1080,1920,"10,00",682016566.0,,,843.0,484.0,847.0,482.0,839.0,485.0,"-0,00161","0,06009","-0,99819","-0,11825","0,06419","-0,99091","4,00","3,72",Valid,Valid,"232,9","101,0","515,3","291,6","99,2","516,2","232,1","132,0","230,0","132,7","0,4061","0,4478","0,4092","0,4467","0,4030","0,4489",thumbnail_grossTrial,thumbnail_grossTrial.png,1245.0,1080.0,337.0,0.0,798.0,692.0,Fixation,200.0,35.0,836.0,489.0,"0,4004","0,4526",,
25209,14160724,1400453432011,Eye Tracker,Participant0058,17.09.2021,Participant0058,Recording4,17.09.2021,17.09.2021,14:48:45.713,12:48:45.713,64514,Timeline2,Tobii I-VT (Fixation),1.145.28180,1080,1920,"10,00",682024903.0,,,840.0,482.0,846.0,481.0,834.0,482.0,"-0,00189","0,05942","-0,99823","-0,12112","0,06271","-0,99065",,,Valid,Valid,"233,0","101,0","515,4","291,6","99,3","516,2","232,0","131,7","228,5","131,9","0,4037","0,4460","0,4089","0,4456","0,3986","0,4464",thumbnail_grossTrial,thumbnail_grossTrial.png,1245.0,1080.0,337.0,0.0,798.0,692.0,Fixation,200.0,35.0,836.0,489.0,"0,4004","0,4526",,
25210,14169081,1400453440368,Eye Tracker,Participant0058,17.09.2021,Participant0058,Recording4,17.09.2021,17.09.2021,14:48:45.713,12:48:45.713,64514,Timeline2,Tobii I-VT (Fixation),1.145.28180,1080,1920,"10,00",682033260.0,,,838.0,491.0,844.0,496.0,831.0,486.0,"-0,00283","0,06723","-0,99773","-0,12224","0,06499","-0,99037",,,Valid,Valid,"232,9","101,0","515,5","291,6","99,3","516,3","231,4","135,7","227,8","133,1","0,4019","0,4548","0,4072","0,4592","0,3967","0,4504",thumbnail_grossTrial,thumbnail_grossTrial.png,1245.0,1080.0,337.0,0.0,798.0,692.0,Fixation,200.0,35.0,836.0,489.0,"0,4004","0,4526",,
25211,14177383,1400453448670,Eye Tracker,Participant0058,17.09.2021,Participant0058,Recording4,17.09.2021,17.09.2021,14:48:45.713,12:48:45.713,64514,Timeline2,Tobii I-VT (Fixation),1.145.28180,1080,1920,"10,00",682041562.0,,,845.0,491.0,860.0,496.0,831.0,486.0,"0,00513","0,06751","-0,99771","-0,12255","0,06481","-0,99034","4,03","3,73",Valid,Valid,"232,9","100,9","515,7","291,6","99,2","516,3","235,6","135,8","227,7","133,0","0,4078","0,4547","0,4193","0,4595","0,3963","0,4500",thumbnail_grossTrial,thumbnail_grossTrial.png,1245.0,1080.0,337.0,0.0,798.0,692.0,Fixation,200.0,35.0,836.0,489.0,"0,4004","0,4526",,
25212,14185758,1400453457045,Eye Tracker,Participant0058,17.09.2021,Participant0058,Recording4,17.09.2021,17.09.2021,14:48:45.713,12:48:45.713,64514,Timeline2,Tobii I-VT (Fixation),1.145.28180,1080,1920,"10,00",682049936.0,,,837.0,499.0,860.0,496.0,815.0,501.0,"0,00506","0,06751","-0,99771","-0,13065","0,07257","-0,98877",,,Valid,Valid,"233,0","100,9","515,7","291,6","99,2","516,3","235,6","135,8","223,4","137,1","0,4015","0,4617","0,4193","0,4595","0,3837","0,4639",thumbnail_grossTrial,thumbnail_grossTrial.png,1245.0,1080.0,337.0,0.0,798.0,692.0,Fixation,200.0,35.0,836.0,489.0,"0,4004","0,4526",,
25213,14194069,1400453465356,Eye Tracker,Participant0058,17.09.2021,Participant0058,Recording4,17.09.2021,17.09.2021,14:48:45.713,12:48:45.713,64514,Timeline2,Tobii I-VT (Fixation),1.145.28180,1080,1920,"10,00",682058246.0,,,838.0,498.0,860.0,495.0,815.0,501.0,"0,00554","0,06686","-0,99775","-0,13057","0,07260","-0,98878",,,Valid,Valid,"232,9","100,9","515,8","291,6","99,2","516,4","235,8","135,4","223,4","137,1","0,4018","0,4611","0,4199","0,4582","0,3837","0,4640",thumbnail_grossTrial,thumbnail_grossTrial.png,1245.0,1080.0,337.0,0.0,798.0,692.0,Fixation,200.0,35.0,836.0,489.0,"0,4004","0,4526",,
25214,14202397,1400453473684,Eye Tracker,Participant0058,17.09.2021,Participant0058,Recording4,17.09.2021,17.09.2021,14:48:45.713,12:48:45.713,64514,Timeline2,Tobii I-VT (Fixation),1.145.28180,1080,1920,"10,00",682066574.0,,,824.0,492.0,837.0,487.0,812.0,497.0,"-0,00708","0,06295","-0,99799","-0,13248","0,07044","-0,98868","3,89","3,72",Valid,Valid,"232,9","100,8","515,9","291,6","99,2","516,5","229,3","133,4","222,4","136,0","0,3909","0,4556","0,4009","0,4512","0,3808","0,4600",thumbnail_grossTrial,thumbnail_grossTrial.png,1245.0,1080.0,337.0,0.0,798.0,692.0,Fixation,200.0,35.0,836.0,489.0,"0,4004","0,4526",,
25215,14210766,1400453482053,Eye Tracker,Participant0058,17.09.2021,Participant0058,Recording4,17.09.2021,17.09.2021,14:48:45.713,12:48:45.713,64514,Timeline2,Tobii I-VT (Fixation),1.145.28180,1080,1920,"10,00",682074942.0,,,824.0,492.0,839.0,489.0,810.0,495.0,"-0,00611","0,06391","-0,99794","-0,13325","0,06962","-0,98863",,,Valid,Valid,"233,0","100,8","515,9","291,7","99,2","516,4","229,8","133,9","222,1","135,6","0,3911","0,4558","0,4025","0,4530","0,3798","0,4587",thumbnail_grossTrial,thumbnail_grossTrial.png,1245.0,1080.0,337.0,0.0,798.0,692.0,Fixation,200.0,35.0,836.0,489.0,"0,4004","0,4526",,
25216,14219062,1400453490349,Eye Tracker,Participant0058,17.09.2021,Participant0058,Recording4,17.09.2021,17.09.2021,14:48:45.713,12:48:45.713,64514,Timeline2,Tobii I-VT (Fixation),1.145.28180,1080,1920,"10,00",682083238.0,,,825.0,488.0,839.0,481.0,810.0,495.0,"-0,00590","0,05961","-0,99820","-0,13316","0,06964","-0,98865",,,Valid,Valid,"232,9","100,8","515,9","291,6","99,2","516,5","229,9","131,6","222,1","135,6","0,3912","0,4520","0,4027","0,4454","0,3798","0,4587",thumbnail_grossTrial,thumbnail_grossTrial.png,1245.0,1080.0,337.0,0.0,798.0,692.0,Fixation,200.0,35.0,836.0,489.0,"0,4004","0,4526",,
25217,14227385,1400453498672,Eye Tracker,Participant0058,17.09.2021,Participant0058,Recording4,17.09.2021,17.09.2021,14:48:45.713,12:48:45.713,64514,Timeline2,Tobii I-VT (Fixation),1.145.28180,1080,1920,"10,00",682091561.0,,,829.0,490.0,845.0,483.0,812.0,498.0,"-0,00236","0,06057","-0,99816","-0,13237","0,07114","-0,98864","4,09","3,71",Valid,Valid,"232,9","100,8","516,0","291,7","99,1","516,6","231,7","132,1","222,5","136,3","0,3946","0,4540","0,4081","0,4469","0,3810","0,4611",thumbnail_grossTrial,thumbnail_grossTrial.png,1245.0,1080.0,337.0,0.0,798.0,692.0,Fixation,200.0,35.0,836.0,489.0,"0,4004","0,4526",,
25218,14235752,1400453507039,Eye Tracker,Participant0058,17.09.2021,Participant0058,Recording4,17.09.2021,17.09.2021,14:48:45.713,12:48:45.713,64514,Timeline2,Tobii I-VT (Fixation),1.145.28180,1080,1920,"10,00",682099927.0,,,841.0,482.0,848.0,488.0,835.0,476.0,"-0,00129","0,06349","-0,99798","-0,12069","0,05967","-0,99089",,,Valid,Valid,"233,0","100,8","515,9","291,7","99,1","516,6","232,3","133,7","228,8","130,2","0,4046","0,4464","0,4098","0,4522","0,3994","0,4407",thumbnail_grossTrial,thumbnail_grossTrial.png,1245.0,1080.0,337.0,0.0,798.0,692.0,Fixation,200.0,35.0,836.0,489.0,"0,4004","0,4526",,
25219,14244082,1400453515369,Eye Tracker,Participant0058,17.09.2021,Participant0058,Recording4,17.09.2021,17.09.2021,14:48:45.713,12:48:45.713,64514,Timeline2,Tobii I-VT (Fixation),1.145.28180,1080,1920,"10,00",682108256.0,,,840.0,484.0,845.0,491.0,836.0,478.0,"-0,00284","0,06483","-0,99789","-0,11996","0,06057","-0,99093",,,Valid,Valid,"232,9","100,8","516,0","291,6","99,1","516,7","231,5","134,3","229,1","130,7","0,4038","0,4484","0,4073","0,4545","0,4004","0,4422",thumbnail_grossTrial,thumbnail_grossTrial.png,1245.0,1080.0,337.0,0.0,798.0,692.0,Fixation,200.0,35.0,836.0,489.0,"0,4004","0,4526",,
25220,14252379,1400453523666,Eye Tracker,Participant0058,17.09.2021,Participant0058,Recording4,17.09.2021,17.09.2021,14:48:45.713,12:48:45.713,64514,Timeline2,Tobii I-VT (Fixation),1.145.28180,1080,1920,"10,00",682116553.0,,,835.0,482.0,835.0,487.0,836.0,478.0,"-0,00778","0,06293","-0,99799","-0,12014","0,06070","-0,99090","3,88","3,71",Valid,Valid,"232,9","100,8","516,0","291,7","99,1","516,8","228,9","133,3","229,0","130,7","0,4000","0,4467","0,3998","0,4511","0,4002","0,4423",thumbnail_grossTrial,thumbnail_grossTrial.png,1245.0,1080.0,337.0,0.0,798.0,692.0,Fixation,200.0,35.0,836.0,489.0,"0,4004","0,4526",,
25221,14260724,1400453532011,Eye Tracker,Participant0058,17.09.2021,Participant0058,Recording4,17.09.2021,17.09.2021,14:48:45.713,12:48:45.713,64514,Timeline2,Tobii I-VT (Fixation),1.145.28180,1080,1920,"10,00",682124898.0,,,833.0,487.0,836.0,489.0,831.0,486.0,"-0,00752","0,06393","-0,99793","-0,12273","0,06481","-0,99032",,,Valid,Valid,"233,0","100,8","516,0","291,7","99,1","516,7","229,1","133,9","227,7","132,9","0,3983","0,4514","0,4004","0,4531","0,3962","0,4497",thumbnail_grossTrial,thumbnail_grossTrial.png,1245.0,1080.0,337.0,0.0,798.0,692.0,Fixation,200.0,35.0,836.0,489.0,"0,4004","0,4526",,
25222,14269076,1400453540363,Eye Tracker,Participant0058,17.09.2021,Participant0058,Recording4,17.09.2021,17.09.2021,14:48:45.713,12:48:45.713,64514,Timeline2,Tobii I-VT (Fixation),1.145.28180,1080,1920,"10,00",682133250.0,,,832.0,490.0,839.0,494.0,826.0,485.0,"-0,00592","0,06641","-0,99778","-0,12495","0,06459","-0,99006",,,Valid,Valid,"232,9","100,8","516,0","291,7","99,1","516,8","229,9","135,2","226,4","132,8","0,3976","0,4533","0,4026","0,4574","0,3926","0,4493",thumbnail_grossTrial,thumbnail_grossTrial.png,1245.0,1080.0,337.0,0.0,798.0,692.0,Fixation,200.0,35.0,836.0,489.0,"0,4004","0,4526",,
25223,14277380,1400453548667,Eye Tracker,Participant0058,17.09.2021,Participant0058,Recording4,17.09.2021,17.09.2021,14:48:45.713,12:48:45.713,64514,Timeline2,Tobii I-VT (Fixation),1.145.28180,1080,1920,"10,00",682141552.0,,,841.0,489.0,848.0,494.0,834.0,484.0,"-0,00086","0,06645","-0,99779","-0,12071","0,06410","-0,99062","4,21","4,02",Valid,Valid,"232,9","100,8","516,0","291,7","99,0","516,9","232,5","135,2","228,7","132,5","0,4047","0,4527","0,4102","0,4573","0,3991","0,4482",thumbnail_grossTrial,thumbnail_grossTrial.png,1245.0,1080.0,337.0,0.0,798.0,692.0,Fixation,200.0,35.0,836.0,489.0,"0,4004","0,4526",,
25224,14285834,1400453557121,Eye Tracker,Participant0058,17.09.2021,Participant0058,Recording4,17.09.2021,17.09.2021,14:48:45.713,12:48:45.713,64514,Timeline2,Tobii I-VT (Fixation),1.145.28180,1080,1920,"10,00",682150006.0,,,846.0,488.0,866.0,497.0,825.0,479.0,"0,00874","0,06805","-0,99764","-0,12518","0,06145","-0,99023",,,Valid,Valid,"232,8","100,8","516,0","291,5","99,0","516,8","237,3","136,0","226,2","131,1","0,4082","0,4518","0,4245","0,4602","0,3919","0,4435",thumbnail_grossTrial,thumbnail_grossTrial.png,1245.0,1080.0,337.0,0.0,798.0,692.0,Saccade,42.0,53.0,,,,,,
25225,14294047,1400453565334,Eye Tracker,Participant0058,17.09.2021,Participant0058,Recording4,17.09.2021,17.09.2021,14:48:45.713,12:48:45.713,64514,Timeline2,Tobii I-VT (Fixation),1.145.28180,1080,1920,"10,00",682158219.0,,,787.0,478.0,789.0,480.0,785.0,476.0,"-0,03148","0,05902","-0,99776","-0,14537","0,06000","-0,98756",,,Valid,Valid,"232,6","100,7","516,0","291,3","98,9","516,9","216,3","131,3","215,2","130,4","0,3613","0,4426","0,3630","0,4441","0,3596","0,4410",thumbnail_grossTrial,thumbnail_grossTrial.png,1245.0,1080.0,337.0,0.0,798.0,692.0,Saccade,42.0,53.0,,,,,,
25226,14302378,1400453573665,Eye Tracker,Participant0058,17.09.2021,Participant0058,Recording4,17.09.2021,17.09.2021,14:48:45.713,12:48:45.713,64514,Timeline2,Tobii I-VT (Fixation),1.145.28180,1080,1920,"10,00",682166550.0,,,729.0,461.0,727.0,457.0,730.0,464.0,"-0,06402","0,04732","-0,99683","-0,17311","0,05373","-0,98344","4,00","4,16",Valid,Valid,"232,5","100,5","516,4","291,1","98,9","516,8","199,3","125,0","200,1","127,1","0,3142","0,4266","0,3130","0,4231","0,3154","0,4301",thumbnail_grossTrial,thumbnail_grossTrial.png,1245.0,1080.0,337.0,0.0,798.0,692.0,Saccade,42.0,53.0,,,,,,
25227,14310762,1400453582049,Eye Tracker,Participant0058,17.09.2021,Participant0058,Recording4,17.09.2021,17.09.2021,14:48:45.713,12:48:45.713,64514,Timeline2,Tobii I-VT (Fixation),1.145.28180,1080,1920,"10,00",682174933.0,,,682.0,453.0,683.0,450.0,680.0,457.0,"-0,08720","0,04346","-0,99524","-0,19810","0,04921","-0,97895",,,Valid,Valid,"232,4","100,5","516,5","291,0","99,0","516,6","187,2","123,1","186,5","125,0","0,2764","0,4196","0,2775","0,4164","0,2754","0,4228",thumbnail_grossTrial,thumbnail_grossTrial.png,1245.0,1080.0,337.0,0.0,798.0,692.0,Saccade,42.0,53.0,,,,,,
25228,14319046,1400453590333,Eye Tracker,Participant0058,17.09.2021,Participant0058,Recording4,17.09.2021,17.09.2021,14:48:45.713,12:48:45.713,64514,Timeline2,Tobii I-VT (Fixation),1.145.28180,1080,1920,"10,00",682183216.0,,,641.0,440.0,646.0,423.0,635.0,457.0,"-0,10614","0,02951","-0,99391","-0,22038","0,04922","-0,97417",,,Valid,Valid,"232,3","100,5","516,5","290,9","99,0","516,5","177,1","115,8","174,0","125,1","0,2435","0,4075","0,2480","0,3918","0,2391","0,4233",thumbnail_grossTrial,thumbnail_grossTrial.png,1245.0,1080.0,337.0,0.0,798.0,692.0,Saccade,42.0,53.0,,,,,,
25229,14327376,1400453598663,Eye Tracker,Participant0058,17.09.2021,Participant0058,Recording4,17.09.2021,17.09.2021,14:48:45.713,12:48:45.713,64514,Timeline2,Tobii I-VT (Fixation),1.145.28180,1080,1920,"10,00",682191546.0,,,627.0,438.0,629.0,427.0,626.0,449.0,"-0,11533","0,03161","-0,99282","-0,22496","0,04498","-0,97333","3,89","3,76",Valid,Valid,"232,3","100,4","516,3","290,8","99,0","516,3","172,3","116,9","171,5","122,9","0,2329","0,4056","0,2341","0,3954","0,2317","0,4157",thumbnail_grossTrial,thumbnail_grossTrial.png,1245.0,1080.0,337.0,0.0,798.0,692.0,Unclassified,33.0,79.0,,,,,,
25230,14335746,1400453607033,Eye Tracker,Participant0058,17.09.2021,Participant0058,Recording4,17.09.2021,17.09.2021,14:48:45.713,12:48:45.713,64514,Timeline2,Tobii I-VT (Fixation),1.145.28180,1080,1920,"10,00",682199916.0,,,630.0,431.0,627.0,419.0,633.0,443.0,"-0,11646","0,02733","-0,99282","-0,22183","0,04183","-0,97419",,,Valid,Valid,"232,4","100,5","516,3","290,9","99,1","516,2","171,8","114,7","173,4","121,3","0,2348","0,3993","0,2326","0,3882","0,2371","0,4103",thumbnail_grossTrial,thumbnail_grossTrial.png,1245.0,1080.0,337.0,0.0,798.0,692.0,Unclassified,33.0,79.0,,,,,,
25231,14344043,1400453615330,Eye Tracker,Participant0058,17.09.2021,Participant0058,Recording4,17.09.2021,17.09.2021,14:48:45.713,12:48:45.713,64514,Timeline2,Tobii I-VT (Fixation),1.145.28180,1080,1920,"10,00",682208212.0,,,643.0,429.0,649.0,443.0,638.0,415.0,"-0,10495","0,03994","-0,99368","-0,21899","0,02722","-0,97535",,,Valid,Valid,"232,3","100,5","516,3","290,9","99,1","516,3","177,8","121,2","175,0","113,5","0,2459","0,3971","0,2500","0,4102","0,2417","0,3839",thumbnail_grossTrial,thumbnail_grossTrial.png,1245.0,1080.0,337.0,0.0,798.0,692.0,Unclassified,33.0,79.0,,,,,,
25232,14352390,1400453623677,Eye Tracker,Participant0058,17.09.2021,Participant0058,Recording4,17.09.2021,17.09.2021,14:48:45.713,12:48:45.713,64514,Timeline2,Tobii I-VT (Fixation),1.145.28180,1080,1920,"10,00",682216559.0,,,637.0,426.0,644.0,438.0,630.0,414.0,"-0,10731","0,03756","-0,99352","-0,22296","0,02695","-0,97445","3,87","4,21",Valid,Valid,"232,3","100,4","516,3","290,8","99,0","516,3","176,6","120,0","172,7","113,3","0,2408","0,3945","0,2464","0,4059","0,2352","0,3832",thumbnail_grossTrial,thumbnail_grossTrial.png,1245.0,1080.0,337.0,0.0,798.0,692.0,Unclassified,33.0,79.0,,,,,,
25233,14360725,1400453632012,Eye Tracker,Participant0058,17.09.2021,Participant0058,Recording4,17.09.2021,17.09.2021,14:48:45.713,12:48:45.713,64514,Timeline2,Tobii I-VT (Fixation),1.145.28180,1080,1920,"10,00",682224893.0,,,633.0,425.0,644.0,438.0,622.0,411.0,"-0,10733","0,03734","-0,99352","-0,22723","0,02520","-0,97352",,,Valid,Valid,"232,4","100,5","516,2","290,9","99,1","516,2","176,6","119,9","170,4","112,5","0,2376","0,3932","0,2466","0,4058","0,2285","0,3805",thumbnail_grossTrial,thumbnail_grossTrial.png,1245.0,1080.0,337.0,0.0,798.0,692.0,Saccade,8.0,54.0,,,,,,
25234,14369061,1400453640348,Eye Tracker,Participant0058,17.09.2021,Participant0058,Recording4,17.09.2021,17.09.2021,14:48:45.713,12:48:45.713,64514,Timeline2,Tobii I-VT (Fixation),1.145.28180,1080,1920,"10,00",682233229.0,,,620.0,413.0,621.0,406.0,619.0,420.0,"-0,11934","0,02037","-0,99264","-0,22845","0,03004","-0,97309",,,Valid,Valid,"232,3","100,5","516,1","290,9","99,1","516,2","170,2","111,1","169,7","115,0","0,2271","0,3826","0,2279","0,3760","0,2263","0,3892",thumbnail_grossTrial,thumbnail_grossTrial.png,1245.0,1080.0,337.0,0.0,798.0,692.0,Unclassified,25.0,80.0,,,,,,
25235,14377397,1400453648684,Eye Tracker,Participant0058,17.09.2021,Participant0058,Recording4,17.09.2021,17.09.2021,14:48:45.713,12:48:45.713,64514,Timeline2,Tobii I-VT (Fixation),1.145.28180,1080,1920,"10,00",682241564.0,,,621.0,414.0,619.0,406.0,623.0,422.0,"-0,12064","0,02013","-0,99249","-0,22654","0,03111","-0,97351","3,87","3,74",Valid,Valid,"232,3","100,6","516,0","290,8","99,0","516,2","169,6","111,0","170,7","115,5","0,2277","0,3833","0,2260","0,3756","0,2294","0,3909",thumbnail_grossTrial,thumbnail_grossTrial.png,1245.0,1080.0,337.0,0.0,798.0,692.0,Unclassified,25.0,80.0,,,,,,
25236,14385740,1400453657027,Eye Tracker,Participant0058,17.09.2021,Participant0058,Recording4,17.09.2021,17.09.2021,14:48:45.713,12:48:45.713,64514,Timeline2,Tobii I-VT (Fixation),1.145.28180,1080,1920,"10,00",682249907.0,,,623.0,417.0,623.0,408.0,624.0,425.0,"-0,11863","0,02104","-0,99272","-0,22636","0,03236","-0,97351",,,Valid,Valid,"232,4","100,7","515,8","290,9","99,2","516,1","170,7","111,6","170,9","116,3","0,2297","0,3857","0,2294","0,3777","0,2299","0,3936",thumbnail_grossTrial,thumbnail_grossTrial.png,1245.0,1080.0,337.0,0.0,798.0,692.0,Unclassified,25.0,80.0,,,,,,
25237,14394041,1400453665328,Eye Tracker,Participant0058,17.09.2021,Participant0058,Recording4,17.09.2021,17.09.2021,14:48:45.713,12:48:45.713,64514,Timeline2,Tobii I-VT (Fixation),1.145.28180,1080,1920,"10,00",682258207.0,,,626.0,427.0,623.0,428.0,629.0,427.0,"-0,11830","0,03125","-0,99249","-0,22365","0,03326","-0,97410",,,Valid,Valid,"232,3","100,8","515,7","290,9","99,2","516,0","170,8","117,0","172,4","116,8","0,2319","0,3955","0,2296","0,3958","0,2342","0,3953",thumbnail_grossTrial,thumbnail_grossTrial.png,1245.0,1080.0,337.0,0.0,798.0,692.0,Saccade,8.0,55.0,,,,,,
25238,14402435,1400453673722,Eye Tracker,Participant0058,17.09.2021,Participant0058,Recording4,17.09.2021,17.09.2021,14:48:45.713,12:48:45.713,64514,Timeline2,Tobii I-VT (Fixation),1.145.28180,1080,1920,"10,00",682266601.0,,,641.0,435.0,658.0,442.0,624.0,428.0,"-0,09999","0,03913","-0,99422","-0,22625","0,03382","-0,97348","3,99","3,82",Valid,Valid,"232,3","100,8","515,5","290,9","99,2","516,0","180,4","121,1","171,0","117,1","0,2439","0,4030","0,2578","0,4096","0,2300","0,3963",thumbnail_grossTrial,thumbnail_grossTrial.png,1245.0,1080.0,337.0,0.0,798.0,692.0,Fixation,217.0,36.0,629.0,433.0,"0,2343","0,4007",,
25239,14410738,1400453682025,Eye Tracker,Participant0058,17.09.2021,Participant0058,Recording4,17.09.2021,17.09.2021,14:48:45.713,12:48:45.713,64514,Timeline2,Tobii I-VT (Fixation),1.145.28180,1080,1920,"10,00",682274903.0,,,641.0,437.0,658.0,442.0,623.0,431.0,"-0,10020","0,03874","-0,99421","-0,22662","0,03501","-0,97335",,,Valid,Valid,"232,4","101,0","515,2","290,9","99,3","515,9","180,4","121,1","170,8","117,9","0,2437","0,4042","0,2578","0,4096","0,2295","0,3988",thumbnail_grossTrial,thumbnail_grossTrial.png,1245.0,1080.0,337.0,0.0,798.0,692.0,Fixation,217.0,36.0,629.0,433.0,"0,2343","0,4007",,
25240,14419040,1400453690327,Eye Tracker,Participant0058,17.09.2021,Participant0058,Recording4,17.09.2021,17.09.2021,14:48:45.713,12:48:45.713,64514,Timeline2,Tobii I-VT (Fixation),1.145.28180,1080,1920,"10,00",682283205.0,,,624.0,418.0,628.0,406.0,619.0,430.0,"-0,11602","0,01913","-0,99306","-0,22843","0,03474","-0,97294",,,Valid,Valid,"232,3","101,1","515,0","290,8","99,3","515,8","172,1","111,0","169,7","117,8","0,2300","0,3870","0,2335","0,3756","0,2265","0,3984",thumbnail_grossTrial,thumbnail_grossTrial.png,1245.0,1080.0,337.0,0.0,798.0,692.0,Fixation,217.0,36.0,629.0,433.0,"0,2343","0,4007",,
25241,14427383,1400453698670,Eye Tracker,Participant0058,17.09.2021,Participant0058,Recording4,17.09.2021,17.09.2021,14:48:45.713,12:48:45.713,64514,Timeline2,Tobii I-VT (Fixation),1.145.28180,1080,1920,"10,00",682291548.0,,,626.0,416.0,627.0,404.0,625.0,427.0,"-0,11652","0,01840","-0,99302","-0,22554","0,03329","-0,97366","3,95","3,75",Valid,Valid,"232,3","101,1","514,8","290,8","99,3","515,8","171,9","110,7","171,3","116,9","0,2320","0,3850","0,2328","0,3745","0,2311","0,3956",thumbnail_grossTrial,thumbnail_grossTrial.png,1245.0,1080.0,337.0,0.0,798.0,692.0,Fixation,217.0,36.0,629.0,433.0,"0,2343","0,4007",,
25242,14435713,1400453707000,Eye Tracker,Participant0058,17.09.2021,Participant0058,Recording4,17.09.2021,17.09.2021,14:48:45.713,12:48:45.713,64514,Timeline2,Tobii I-VT (Fixation),1.145.28180,1080,1920,"10,00",682299877.0,,,624.0,411.0,625.0,400.0,623.0,422.0,"-0,11791","0,01588","-0,99290","-0,22695","0,03019","-0,97344",,,Valid,Valid,"232,4","101,3","514,4","290,9","99,4","515,7","171,3","109,6","170,7","115,4","0,2301","0,3806","0,2310","0,3707","0,2292","0,3905",thumbnail_grossTrial,thumbnail_grossTrial.png,1245.0,1080.0,337.0,0.0,798.0,692.0,Fixation,217.0,36.0,629.0,433.0,"0,2343","0,4007",,
25243,14444076,1400453715363,Eye Tracker,Participant0058,17.09.2021,Participant0058,Recording4,17.09.2021,17.09.2021,14:48:45.713,12:48:45.713,64514,Timeline2,Tobii I-VT (Fixation),1.145.28180,1080,1920,"10,00",682308239.0,,,636.0,427.0,654.0,440.0,618.0,414.0,"-0,10285","0,03670","-0,99402","-0,22944","0,02602","-0,97298",,,Valid,Valid,"232,3","101,4","514,2","290,9","99,4","515,7","179,1","120,4","169,3","113,2","0,2395","0,3952","0,2540","0,4074","0,2251","0,3830",thumbnail_grossTrial,thumbnail_grossTrial.png,1245.0,1080.0,337.0,0.0,798.0,692.0,Fixation,217.0,36.0,629.0,433.0,"0,2343","0,4007",,
25244,14452398,1400453723685,Eye Tracker,Participant0058,17.09.2021,Participant0058,Recording4,17.09.2021,17.09.2021,14:48:45.713,12:48:45.713,64514,Timeline2,Tobii I-VT (Fixation),1.145.28180,1080,1920,"10,00",682316561.0,,,634.0,429.0,654.0,441.0,613.0,416.0,"-0,10270","0,03729","-0,99401","-0,23162","0,02753","-0,97242","3,96","4,15",Valid,Valid,"232,4","101,5","514,0","290,8","99,3","515,6","179,3","120,7","168,0","113,9","0,2379","0,3970","0,2543","0,4085","0,2214","0,3855",thumbnail_grossTrial,thumbnail_grossTrial.png,1245.0,1080.0,337.0,0.0,798.0,692.0,Fixation,217.0,36.0,629.0,433.0,"0,2343","0,4007",,
25245,14460747,1400453732034,Eye Tracker,Participant0058,17.09.2021,Participant0058,Recording4,17.09.2021,17.09.2021,14:48:45.713,12:48:45.713,64514,Timeline2,Tobii I-VT (Fixation),1.145.28180,1080,1920,"10,00",682324910.0,,,638.0,432.0,654.0,441.0,621.0,423.0,"-0,10285","0,03705","-0,99401","-0,22784","0,03092","-0,97321",,,Valid,Valid,"232,4","101,6","513,7","290,9","99,4","515,5","179,3","120,8","170,2","115,8","0,2411","0,4002","0,2544","0,4086","0,2279","0,3919",thumbnail_grossTrial,thumbnail_grossTrial.png,1245.0,1080.0,337.0,0.0,798.0,692.0,Fixation,217.0,36.0,629.0,433.0,"0,2343","0,4007",,
25246,14469066,1400453740353,Eye Tracker,Participant0058,17.09.2021,Participant0058,Recording4,17.09.2021,17.09.2021,14:48:45.713,12:48:45.713,64514,Timeline2,Tobii I-VT (Fixation),1.145.28180,1080,1920,"10,00",682333229.0,,,626.0,434.0,630.0,429.0,621.0,439.0,"-0,11543","0,03065","-0,99284","-0,22765","0,03892","-0,97297",,,Valid,Valid,"232,4","101,6","513,6","290,9","99,4","515,6","172,7","117,5","170,2","120,0","0,2315","0,4018","0,2350","0,3975","0,2280","0,4062",thumbnail_grossTrial,thumbnail_grossTrial.png,1245.0,1080.0,337.0,0.0,798.0,692.0,Fixation,217.0,36.0,629.0,433.0,"0,2343","0,4007",,
25247,14477397,1400453748684,Eye Tracker,Participant0058,17.09.2021,Participant0058,Recording4,17.09.2021,17.09.2021,14:48:45.713,12:48:45.713,64514,Timeline2,Tobii I-VT (Fixation),1.145.28180,1080,1920,"10,00",682341558.0,,,625.0,435.0,627.0,435.0,624.0,434.0,"-0,11688","0,03376","-0,99257","-0,22648","0,03688","-0,97332","3,86","3,76",Valid,Valid,"232,4","101,6","513,4","290,9","99,4","515,6","171,9","119,1","170,9","118,9","0,2314","0,4026","0,2329","0,4029","0,2299","0,4023",thumbnail_grossTrial,thumbnail_grossTrial.png,1245.0,1080.0,337.0,0.0,798.0,692.0,Fixation,217.0,36.0,629.0,433.0,"0,2343","0,4007",,
25248,14485742,1400453757029,Eye Tracker,Participant0058,17.09.2021,Participant0058,Recording4,17.09.2021,17.09.2021,14:48:45.713,12:48:45.713,64514,Timeline2,Tobii I-VT (Fixation),1.145.28180,1080,1920,"10,00",682349903.0,,,624.0,437.0,631.0,438.0,617.0,435.0,"-0,11503","0,03522","-0,99274","-0,22987","0,03690","-0,97252",,,Valid,Valid,"232,4","101,7","513,3","290,9","99,4","515,5","173,0","119,9","169,1","119,0","0,2303","0,4042","0,2359","0,4058","0,2246","0,4025",thumbnail_grossTrial,thumbnail_grossTrial.png,1245.0,1080.0,337.0,0.0,798.0,692.0,Fixation,217.0,36.0,629.0,433.0,"0,2343","0,4007",,
25249,14494062,1400453765349,Eye Tracker,Participant0058,17.09.2021,Participant0058,Recording4,17.09.2021,17.09.2021,14:48:45.713,12:48:45.713,64514,Timeline2,Tobii I-VT (Fixation),1.145.28180,1080,1920,"10,00",682358223.0,,,627.0,428.0,636.0,437.0,618.0,418.0,"-0,11256","0,03482","-0,99304","-0,22953","0,02841","-0,97289",,,Valid,Valid,"232,4","101,7","513,2","290,9","99,4","515,6","174,2","119,7","169,3","114,4","0,2323","0,3961","0,2396","0,4051","0,2250","0,3871",thumbnail_grossTrial,thumbnail_grossTrial.png,1245.0,1080.0,337.0,0.0,798.0,692.0,Fixation,217.0,36.0,629.0,433.0,"0,2343","0,4007",,
25250,14502400,1400453773687,Eye Tracker,Participant0058,17.09.2021,Participant0058,Recording4,17.09.2021,17.09.2021,14:48:45.713,12:48:45.713,64514,Timeline2,Tobii I-VT (Fixation),1.145.28180,1080,1920,"10,00",682366561.0,,,626.0,432.0,635.0,439.0,618.0,425.0,"-0,11310","0,03550","-0,99295","-0,22921","0,03221","-0,97284","3,88","3,80",Valid,Valid,"232,4","101,7","513,2","290,9","99,3","515,6","173,9","120,0","169,4","116,4","0,2321","0,3999","0,2388","0,4061","0,2255","0,3937",thumbnail_grossTrial,thumbnail_grossTrial.png,1245.0,1080.0,337.0,0.0,798.0,692.0,Fixation,217.0,36.0,629.0,433.0,"0,2343","0,4007",,
25251,14510711,1400453781998,Eye Tracker,Participant0058,17.09.2021,Participant0058,Recording4,17.09.2021,17.09.2021,14:48:45.713,12:48:45.713,64514,Timeline2,Tobii I-VT (Fixation),1.145.28180,1080,1920,"10,00",682374871.0,,,623.0,428.0,625.0,428.0,622.0,427.0,"-0,11850","0,03000","-0,99250","-0,22734","0,03289","-0,97326",,,Valid,Valid,"232,4","101,7","513,1","290,9","99,3","515,6","171,2","117,2","170,5","116,8","0,2297","0,3959","0,2306","0,3967","0,2287","0,3951",thumbnail_grossTrial,thumbnail_grossTrial.png,1245.0,1080.0,337.0,0.0,798.0,692.0,Fixation,217.0,36.0,629.0,433.0,"0,2343","0,4007",,
25252,14519062,1400453790349,Eye Tracker,Participant0058,17.09.2021,Participant0058,Recording4,17.09.2021,17.09.2021,14:48:45.713,12:48:45.713,64514,Timeline2,Tobii I-VT (Fixation),1.145.28180,1080,1920,"10,00",682383221.0,,,621.0,428.0,623.0,425.0,620.0,430.0,"-0,11908","0,02830","-0,99248","-0,22834","0,03488","-0,97296",,,Valid,Valid,"232,4","101,7","513,2","290,9","99,3","515,6","170,8","116,3","169,9","117,8","0,2282","0,3960","0,2295","0,3936","0,2268","0,3985",thumbnail_grossTrial,thumbnail_grossTrial.png,1245.0,1080.0,337.0,0.0,798.0,692.0,Fixation,217.0,36.0,629.0,433.0,"0,2343","0,4007",,
25253,14527365,1400453798652,Eye Tracker,Participant0058,17.09.2021,Participant0058,Recording4,17.09.2021,17.09.2021,14:48:45.713,12:48:45.713,64514,Timeline2,Tobii I-VT (Fixation),1.145.28180,1080,1920,"10,00",682391524.0,,,638.0,428.0,652.0,423.0,623.0,432.0,"-0,10384","0,02723","-0,99422","-0,22656","0,03609","-0,97333","4,01","3,74",Valid,Valid,"232,4","101,6","513,3","290,8","99,2","515,6","178,8","115,7","170,8","118,3","0,2412","0,3959","0,2529","0,3915","0,2296","0,4004",thumbnail_grossTrial,thumbnail_grossTrial.png,1245.0,1080.0,337.0,0.0,798.0,692.0,Fixation,217.0,36.0,629.0,433.0,"0,2343","0,4007",,
25254,14535699,1400453806986,Eye Tracker,Participant0058,17.09.2021,Participant0058,Recording4,17.09.2021,17.09.2021,14:48:45.713,12:48:45.713,64514,Timeline2,Tobii I-VT (Fixation),1.145.28180,1080,1920,"10,00",682399858.0,,,638.0,427.0,652.0,423.0,623.0,430.0,"-0,10393","0,02736","-0,99421","-0,22688","0,03479","-0,97330",,,Valid,Valid,"232,4","101,7","513,3","290,9","99,3","515,6","178,7","115,8","170,7","117,8","0,2411","0,3951","0,2528","0,3918","0,2293","0,3984",thumbnail_grossTrial,thumbnail_grossTrial.png,1245.0,1080.0,337.0,0.0,798.0,692.0,Fixation,217.0,36.0,629.0,433.0,"0,2343","0,4007",,
25255,14544031,1400453815318,Eye Tracker,Participant0058,17.09.2021,Participant0058,Recording4,17.09.2021,17.09.2021,14:48:45.713,12:48:45.713,64514,Timeline2,Tobii I-VT (Fixation),1.145.28180,1080,1920,"10,00",682408189.0,,,638.0,434.0,653.0,428.0,624.0,441.0,"-0,10326","0,02984","-0,99421","-0,22637","0,04053","-0,97320",,,Valid,Valid,"232,3","101,6","513,3","290,8","99,3","515,6","179,0","117,0","170,9","120,8","0,2418","0,4023","0,2536","0,3960","0,2299","0,4087",thumbnail_grossTrial,thumbnail_grossTrial.png,1245.0,1080.0,337.0,0.0,798.0,692.0,Fixation,217.0,36.0,629.0,433.0,"0,2343","0,4007",,
25256,14552378,1400453823665,Eye Tracker,Participant0058,17.09.2021,Participant0058,Recording4,17.09.2021,17.09.2021,14:48:45.713,12:48:45.713,64514,Timeline2,Tobii I-VT (Fixation),1.145.28180,1080,1920,"10,00",682416536.0,,,627.0,436.0,633.0,427.0,620.0,445.0,"-0,11363","0,02944","-0,99309","-0,22787","0,04246","-0,97277","4,01","4,17",Valid,Valid,"232,4","101,6","513,4","290,8","99,2","515,6","173,6","116,8","170,0","121,7","0,2325","0,4035","0,2378","0,3952","0,2273","0,4119",thumbnail_grossTrial,thumbnail_grossTrial.png,1245.0,1080.0,337.0,0.0,798.0,692.0,Fixation,217.0,36.0,629.0,433.0,"0,2343","0,4007",,
25257,14560743,1400453832030,Eye Tracker,Participant0058,17.09.2021,Participant0058,Recording4,17.09.2021,17.09.2021,14:48:45.713,12:48:45.713,64514,Timeline2,Tobii I-VT (Fixation),1.145.28180,1080,1920,"10,00",682424900.0,,,625.0,434.0,635.0,426.0,616.0,441.0,"-0,11299","0,02912","-0,99317","-0,23030","0,04020","-0,97229",,,Valid,Valid,"232,4","101,6","513,4","290,9","99,4","515,5","174,0","116,7","168,8","120,7","0,2312","0,4016","0,2388","0,3948","0,2236","0,4084",thumbnail_grossTrial,thumbnail_grossTrial.png,1245.0,1080.0,337.0,0.0,798.0,692.0,Fixation,217.0,36.0,629.0,433.0,"0,2343","0,4007",,
25258,14569040,1400453840327,Eye Tracker,Participant0058,17.09.2021,Participant0058,Recording4,17.09.2021,17.09.2021,14:48:45.713,12:48:45.713,64514,Timeline2,Tobii I-VT (Fixation),1.145.28180,1080,1920,"10,00",682433197.0,,,623.0,442.0,633.0,438.0,612.0,445.0,"-0,11367","0,03522","-0,99289","-0,23192","0,04244","-0,97181",,,Valid,Valid,"232,3","101,6","513,5","290,8","99,4","515,5","173,5","119,8","167,8","121,9","0,2291","0,4089","0,2375","0,4054","0,2208","0,4124",thumbnail_grossTrial,thumbnail_grossTrial.png,1245.0,1080.0,337.0,0.0,798.0,692.0,Fixation,217.0,36.0,629.0,433.0,"0,2343","0,4007",,
25259,14577368,1400453848655,Eye Tracker,Participant0058,17.09.2021,Participant0058,Recording4,17.09.2021,17.09.2021,14:48:45.713,12:48:45.713,64514,Timeline2,Tobii I-VT (Fixation),1.145.28180,1080,1920,"10,00",682441524.0,,,630.0,445.0,644.0,448.0,616.0,442.0,"-0,10799","0,04052","-0,99333","-0,23020","0,04053","-0,97230","4,01","4,06",Valid,Valid,"232,3","101,6","513,6","290,8","99,3","515,5","176,5","122,5","168,7","120,8","0,2349","0,4117","0,2462","0,4145","0,2235","0,4088",thumbnail_grossTrial,thumbnail_grossTrial.png,1245.0,1080.0,337.0,0.0,798.0,692.0,Fixation,217.0,36.0,629.0,433.0,"0,2343","0,4007",,
25260,14585701,1400453856988,Eye Tracker,Participant0058,17.09.2021,Participant0058,Recording4,17.09.2021,17.09.2021,14:48:45.713,12:48:45.713,64514,Timeline2,Tobii I-VT (Fixation),1.145.28180,1080,1920,"10,00",682449857.0,,,625.0,444.0,637.0,444.0,614.0,444.0,"-0,11184","0,03844","-0,99298","-0,23138","0,04151","-0,97198",,,Valid,Valid,"232,4","101,7","513,6","290,9","99,5","515,4","174,5","121,5","168,2","121,5","0,2312","0,4112","0,2405","0,4112","0,2219","0,4112",thumbnail_grossTrial,thumbnail_grossTrial.png,1245.0,1080.0,337.0,0.0,798.0,692.0,Fixation,217.0,36.0,629.0,433.0,"0,2343","0,4007",,
25261,14594065,1400453865352,Eye Tracker,Participant0058,17.09.2021,Participant0058,Recording4,17.09.2021,17.09.2021,14:48:45.713,12:48:45.713,64514,Timeline2,Tobii I-VT (Fixation),1.145.28180,1080,1920,"10,00",682458221.0,,,639.0,448.0,663.0,451.0,615.0,446.0,"-0,09789","0,04200","-0,99431","-0,23063","0,04236","-0,97212",,,Valid,Valid,"232,3","101,7","513,6","290,8","99,5","515,4","181,7","123,3","168,6","122,0","0,2423","0,4150","0,2616","0,4173","0,2230","0,4128",thumbnail_grossTrial,thumbnail_grossTrial.png,1245.0,1080.0,337.0,0.0,798.0,692.0,Fixation,217.0,36.0,629.0,433.0,"0,2343","0,4007",,
25262,14602390,1400453873677,Eye Tracker,Participant0058,17.09.2021,Participant0058,Recording4,17.09.2021,17.09.2021,14:48:45.713,12:48:45.713,64514,Timeline2,Tobii I-VT (Fixation),1.145.28180,1080,1920,"10,00",682466545.0,,,625.0,445.0,634.0,446.0,616.0,445.0,"-0,11321","0,03952","-0,99278","-0,23026","0,04188","-0,97223","3,86","3,72",Valid,Valid,"232,3","101,6","513,7","290,8","99,5","515,4","173,8","122,1","168,7","121,7","0,2309","0,4124","0,2383","0,4131","0,2235","0,4117",thumbnail_grossTrial,thumbnail_grossTrial.png,1245.0,1080.0,337.0,0.0,798.0,692.0,Fixation,217.0,36.0,629.0,433.0,"0,2343","0,4007",,
25263,14610697,1400453881984,Eye Tracker,Participant0058,17.09.2021,Participant0058,Recording4,17.09.2021,17.09.2021,14:48:45.713,12:48:45.713,64514,Timeline2,Tobii I-VT (Fixation),1.145.28180,1080,1920,"10,00",682474851.0,,,622.0,443.0,625.0,439.0,620.0,447.0,"-0,11799","0,03567","-0,99237","-0,22847","0,04274","-0,97261",,,Valid,Valid,"232,4","101,7","513,6","290,9","99,6","515,3","171,3","120,2","169,8","122,3","0,2289","0,4102","0,2311","0,4067","0,2268","0,4137",thumbnail_grossTrial,thumbnail_grossTrial.png,1245.0,1080.0,337.0,0.0,798.0,692.0,Fixation,217.0,36.0,629.0,433.0,"0,2343","0,4007",,
25264,14619028,1400453890315,Eye Tracker,Participant0058,17.09.2021,Participant0058,Recording4,17.09.2021,17.09.2021,14:48:45.713,12:48:45.713,64514,Timeline2,Tobii I-VT (Fixation),1.145.28180,1080,1920,"10,00",682483182.0,,,626.0,434.0,630.0,427.0,622.0,441.0,"-0,11544","0,02944","-0,99288","-0,22720","0,03989","-0,97303",,,Valid,Valid,"232,4","101,7","513,6","290,9","99,6","515,3","172,7","116,9","170,6","120,7","0,2319","0,4020","0,2350","0,3956","0,2288","0,4084",thumbnail_grossTrial,thumbnail_grossTrial.png,1245.0,1080.0,337.0,0.0,798.0,692.0,Saccade,50.0,56.0,,,,,,
25265,14627390,1400453898677,Eye Tracker,Participant0058,17.09.2021,Participant0058,Recording4,17.09.2021,17.09.2021,14:48:45.713,12:48:45.713,64514,Timeline2,Tobii I-VT (Fixation),1.145.28180,1080,1920,"10,00",682491544.0,,,646.0,423.0,653.0,416.0,639.0,430.0,"-0,10360","0,02357","-0,99434","-0,21914","0,03421","-0,97509","4,06","4,11",Valid,Valid,"232,4","101,6","513,6","290,9","99,5","515,3","178,9","113,8","175,1","117,6","0,2478","0,3914","0,2534","0,3850","0,2422","0,3978",thumbnail_grossTrial,thumbnail_grossTrial.png,1245.0,1080.0,337.0,0.0,798.0,692.0,Saccade,50.0,56.0,,,,,,
25266,14635726,1400453907013,Eye Tracker,Participant0058,17.09.2021,Participant0058,Recording4,17.09.2021,17.09.2021,14:48:45.713,12:48:45.713,64514,Timeline2,Tobii I-VT (Fixation),1.145.28180,1080,1920,"10,00",682499879.0,,,671.0,414.0,680.0,411.0,663.0,417.0,"-0,08974","0,02113","-0,99574","-0,20770","0,02737","-0,97781",,,Valid,Valid,"232,6","101,7","513,5","291,1","99,6","515,2","186,3","112,6","181,6","114,0","0,2681","0,3833","0,2750","0,3809","0,2613","0,3857",thumbnail_grossTrial,thumbnail_grossTrial.png,1245.0,1080.0,337.0,0.0,798.0,692.0,Saccade,50.0,56.0,,,,,,
25267,14644055,1400453915342,Eye Tracker,Participant0058,17.09.2021,Participant0058,Recording4,17.09.2021,17.09.2021,14:48:45.713,12:48:45.713,64514,Timeline2,Tobii I-VT (Fixation),1.145.28180,1080,1920,"10,00",682508207.0,,,676.0,386.0,677.0,377.0,674.0,395.0,"-0,09102","0,00323","-0,99584","-0,20179","0,01636","-0,97929",,,Valid,Valid,"232,6","101,6","513,5","291,0","99,5","515,2","185,6","103,3","184,9","108,1","0,2719","0,3577","0,2730","0,3495","0,2707","0,3659",thumbnail_grossTrial,thumbnail_grossTrial.png,1245.0,1080.0,337.0,0.0,798.0,692.0,Saccade,50.0,56.0,,,,,,
25268,14652374,1400453923661,Eye Tracker,Participant0058,17.09.2021,Participant0058,Recording4,17.09.2021,17.09.2021,14:48:45.713,12:48:45.713,64514,Timeline2,Tobii I-VT (Fixation),1.145.28180,1080,1920,"10,00",682516526.0,,,677.0,383.0,689.0,372.0,664.0,393.0,"-0,08463","0,00054","-0,99641","-0,20698","0,01541","-0,97822","4,12","4,01",Valid,Valid,"232,6","101,6","513,5","291,0","99,5","515,3","189,0","101,8","182,0","107,6","0,2726","0,3543","0,2828","0,3445","0,2624","0,3640",thumbnail_grossTrial,thumbnail_grossTrial.png,1245.0,1080.0,337.0,0.0,798.0,692.0,Saccade,50.0,56.0,,,,,,
25269,14660710,1400453931997,Eye Tracker,Participant0058,17.09.2021,Participant0058,Recording4,17.09.2021,17.09.2021,14:48:45.713,12:48:45.713,64514,Timeline2,Tobii I-VT (Fixation),1.145.28180,1080,1920,"10,00",682524862.0,,,683.0,363.0,690.0,366.0,675.0,360.0,"-0,08454","-0,00281","-0,99642","-0,20144","-0,00189","-0,97950",,,Valid,Valid,"232,6","101,7","513,4","291,1","99,5","515,2","189,1","100,2","185,1","98,5","0,2774","0,3363","0,2832","0,3391","0,2715","0,3334",thumbnail_grossTrial,thumbnail_grossTrial.png,1245.0,1080.0,337.0,0.0,798.0,692.0,Saccade,50.0,56.0,,,,,,
25270,14669070,1400453940357,Eye Tracker,Participant0058,17.09.2021,Participant0058,Recording4,17.09.2021,17.09.2021,14:48:45.713,12:48:45.713,64514,Timeline2,Tobii I-VT (Fixation),1.145.28180,1080,1920,"10,00",682533221.0,,,681.0,364.0,691.0,367.0,671.0,361.0,"-0,08387","-0,00218","-0,99647","-0,20344","-0,00134","-0,97909",,,Valid,Valid,"232,6","101,6","513,4","291,0","99,5","515,3","189,4","100,5","184,0","98,8","0,2761","0,3371","0,2840","0,3401","0,2682","0,3342",thumbnail_grossTrial,thumbnail_grossTrial.png,1245.0,1080.0,337.0,0.0,798.0,692.0,Fixation,1067.0,37.0,678.0,382.0,"0,2738","0,3536",,
25271,14677387,1400453948674,Eye Tracker,Participant0058,17.09.2021,Participant0058,Recording4,17.09.2021,17.09.2021,14:48:45.713,12:48:45.713,64514,Timeline2,Tobii I-VT (Fixation),1.145.28180,1080,1920,"10,00",682541537.0,,,679.0,371.0,689.0,366.0,669.0,375.0,"-0,08482","-0,00249","-0,99639","-0,20451","0,00637","-0,97884","4,07","4,15",Valid,Valid,"232,6","101,5","513,3","291,0","99,4","515,3","188,9","100,3","183,4","102,7","0,2745","0,3434","0,2825","0,3392","0,2664","0,3475",thumbnail_grossTrial,thumbnail_grossTrial.png,1245.0,1080.0,337.0,0.0,798.0,692.0,Fixation,1067.0,37.0,678.0,382.0,"0,2738","0,3536",,
25272,14685723,1400453957010,Eye Tracker,Participant0058,17.09.2021,Participant0058,Recording4,17.09.2021,17.09.2021,14:48:45.713,12:48:45.713,64514,Timeline2,Tobii I-VT (Fixation),1.145.28180,1080,1920,"10,00",682549873.0,,,677.0,370.0,688.0,366.0,665.0,375.0,"-0,08534","-0,00311","-0,99635","-0,20661","0,00623","-0,97840",,,Valid,Valid,"232,6","101,6","513,3","291,1","99,4","515,2","188,7","100,0","182,3","102,7","0,2726","0,3430","0,2819","0,3385","0,2632","0,3475",thumbnail_grossTrial,thumbnail_grossTrial.png,1245.0,1080.0,337.0,0.0,798.0,692.0,Fixation,1067.0,37.0,678.0,382.0,"0,2738","0,3536",,
25273,14694023,1400453965310,Eye Tracker,Participant0058,17.09.2021,Participant0058,Recording4,17.09.2021,17.09.2021,14:48:45.713,12:48:45.713,64514,Timeline2,Tobii I-VT (Fixation),1.145.28180,1080,1920,"10,00",682558173.0,,,677.0,372.0,687.0,366.0,667.0,377.0,"-0,08587","-0,00279","-0,99630","-0,20574","0,00728","-0,97858",,,Valid,Valid,"232,6","101,6","513,2","291,0","99,4","515,3","188,3","100,1","182,7","103,2","0,2727","0,3440","0,2809","0,3388","0,2644","0,3492",thumbnail_grossTrial,thumbnail_grossTrial.png,1245.0,1080.0,337.0,0.0,798.0,692.0,Fixation,1067.0,37.0,678.0,382.0,"0,2738","0,3536",,
25274,14702358,1400453973645,Eye Tracker,Participant0058,17.09.2021,Participant0058,Recording4,17.09.2021,17.09.2021,14:48:45.713,12:48:45.713,64514,Timeline2,Tobii I-VT (Fixation),1.145.28180,1080,1920,"10,00",682566507.0,,,671.0,365.0,675.0,369.0,666.0,362.0,"-0,09214","-0,00121","-0,99575","-0,20602","-0,00066","-0,97855","3,93","3,78",Valid,Valid,"232,6","101,5","513,2","291,0","99,3","515,3","185,1","100,9","182,5","99,0","0,2677","0,3381","0,2714","0,3413","0,2640","0,3348",thumbnail_grossTrial,thumbnail_grossTrial.png,1245.0,1080.0,337.0,0.0,798.0,692.0,Fixation,1067.0,37.0,678.0,382.0,"0,2738","0,3536",,
25275,14710724,1400453982011,Eye Tracker,Participant0058,17.09.2021,Participant0058,Recording4,17.09.2021,17.09.2021,14:48:45.713,12:48:45.713,64514,Timeline2,Tobii I-VT (Fixation),1.145.28180,1080,1920,"10,00",682574873.0,,,673.0,367.0,679.0,371.0,668.0,363.0,"-0,09041","-0,00014","-0,99590","-0,20513","-0,00011","-0,97873",,,Valid,Valid,"232,6","101,6","513,1","291,1","99,3","515,2","186,0","101,5","183,1","99,3","0,2699","0,3397","0,2742","0,3435","0,2655","0,3359",thumbnail_grossTrial,thumbnail_grossTrial.png,1245.0,1080.0,337.0,0.0,798.0,692.0,Fixation,1067.0,37.0,678.0,382.0,"0,2738","0,3536",,
25276,14719019,1400453990306,Eye Tracker,Participant0058,17.09.2021,Participant0058,Recording4,17.09.2021,17.09.2021,14:48:45.713,12:48:45.713,64514,Timeline2,Tobii I-VT (Fixation),1.145.28180,1080,1920,"10,00",682583168.0,,,671.0,373.0,683.0,357.0,660.0,389.0,"-0,08815","-0,00774","-0,99608","-0,20889","0,01365","-0,97784",,,Valid,Valid,"232,5","101,6","513,1","291,0","99,3","515,2","187,1","97,6","180,9","106,5","0,2683","0,3452","0,2774","0,3301","0,2592","0,3602",thumbnail_grossTrial,thumbnail_grossTrial.png,1245.0,1080.0,337.0,0.0,798.0,692.0,Fixation,1067.0,37.0,678.0,382.0,"0,2738","0,3536",,
25277,14727379,1400453998666,Eye Tracker,Participant0058,17.09.2021,Participant0058,Recording4,17.09.2021,17.09.2021,14:48:45.713,12:48:45.713,64514,Timeline2,Tobii I-VT (Fixation),1.145.28180,1080,1920,"10,00",682591528.0,,,681.0,382.0,700.0,367.0,663.0,397.0,"-0,07906","-0,00207","-0,99687","-0,20755","0,01818","-0,97806","4,11","3,80",Valid,Valid,"232,5","101,5","513,0","291,0","99,2","515,3","191,8","100,4","181,6","108,8","0,2762","0,3539","0,2911","0,3397","0,2613","0,3680",thumbnail_grossTrial,thumbnail_grossTrial.png,1245.0,1080.0,337.0,0.0,798.0,692.0,Fixation,1067.0,37.0,678.0,382.0,"0,2738","0,3536",,
25278,14735715,1400454007002,Eye Tracker,Participant0058,17.09.2021,Participant0058,Recording4,17.09.2021,17.09.2021,14:48:45.713,12:48:45.713,64514,Timeline2,Tobii I-VT (Fixation),1.145.28180,1080,1920,"10,00",682599863.0,,,682.0,382.0,703.0,372.0,660.0,393.0,"-0,07768","0,00032","-0,99698","-0,20886","0,01564","-0,97782",,,Valid,Valid,"232,6","101,7","512,9","291,0","99,3","515,2","192,6","101,8","181,0","107,5","0,2765","0,3542","0,2935","0,3445","0,2595","0,3638",thumbnail_grossTrial,thumbnail_grossTrial.png,1245.0,1080.0,337.0,0.0,798.0,692.0,Fixation,1067.0,37.0,678.0,382.0,"0,2738","0,3536",,
25279,14744047,1400454015334,Eye Tracker,Participant0058,17.09.2021,Participant0058,Recording4,17.09.2021,17.09.2021,14:48:45.713,12:48:45.713,64514,Timeline2,Tobii I-VT (Fixation),1.145.28180,1080,1920,"10,00",682608195.0,,,683.0,383.0,702.0,373.0,664.0,393.0,"-0,07816","0,00064","-0,99694","-0,20697","0,01563","-0,97822",,,Valid,Valid,"232,5","101,6","512,8","291,0","99,2","515,2","192,3","102,0","182,0","107,5","0,2774","0,3543","0,2926","0,3450","0,2623","0,3636",thumbnail_grossTrial,thumbnail_grossTrial.png,1245.0,1080.0,337.0,0.0,798.0,692.0,Fixation,1067.0,37.0,678.0,382.0,"0,2738","0,3536",,
25280,14752351,1400454023638,Eye Tracker,Participant0058,17.09.2021,Participant0058,Recording4,17.09.2021,17.09.2021,14:48:45.713,12:48:45.713,64514,Timeline2,Tobii I-VT (Fixation),1.145.28180,1080,1920,"10,00",682616499.0,,,683.0,382.0,702.0,370.0,663.0,393.0,"-0,07801","-0,00034","-0,99695","-0,20733","0,01606","-0,97814","4,10","3,79",Valid,Valid,"232,5","101,6","512,7","291,0","99,2","515,3","192,4","101,4","181,8","107,7","0,2772","0,3536","0,2928","0,3430","0,2617","0,3642",thumbnail_grossTrial,thumbnail_grossTrial.png,1245.0,1080.0,337.0,0.0,798.0,692.0,Fixation,1067.0,37.0,678.0,382.0,"0,2738","0,3536",,
25281,14760772,1400454032059,Eye Tracker,Participant0058,17.09.2021,Participant0058,Recording4,17.09.2021,17.09.2021,14:48:45.713,12:48:45.713,64514,Timeline2,Tobii I-VT (Fixation),1.145.28180,1080,1920,"10,00",682624920.0,,,673.0,376.0,686.0,358.0,661.0,394.0,"-0,08687","-0,00741","-0,99619","-0,20842","0,01639","-0,97790",,,Valid,Valid,"232,6","101,8","512,7","291,1","99,3","515,2","187,9","98,0","181,2","107,9","0,2699","0,3483","0,2797","0,3315","0,2602","0,3652",thumbnail_grossTrial,thumbnail_grossTrial.png,1245.0,1080.0,337.0,0.0,798.0,692.0,Fixation,1067.0,37.0,678.0,382.0,"0,2738","0,3536",,
25282,14769050,1400454040337,Eye Tracker,Participant0058,17.09.2021,Participant0058,Recording4,17.09.2021,17.09.2021,14:48:45.713,12:48:45.713,64514,Timeline2,Tobii I-VT (Fixation),1.145.28180,1080,1920,"10,00",682633197.0,,,673.0,378.0,682.0,373.0,665.0,383.0,"-0,08873","0,00077","-0,99606","-0,20657","0,01062","-0,97837",,,Valid,Valid,"232,5","101,8","512,6","291,0","99,3","515,3","186,9","102,2","182,2","104,9","0,2698","0,3504","0,2767","0,3458","0,2630","0,3550",thumbnail_grossTrial,thumbnail_grossTrial.png,1245.0,1080.0,337.0,0.0,798.0,692.0,Fixation,1067.0,37.0,678.0,382.0,"0,2738","0,3536",,
25283,14777379,1400454048666,Eye Tracker,Participant0058,17.09.2021,Participant0058,Recording4,17.09.2021,17.09.2021,14:48:45.713,12:48:45.713,64514,Timeline2,Tobii I-VT (Fixation),1.145.28180,1080,1920,"10,00",682641526.0,,,673.0,374.0,676.0,365.0,669.0,383.0,"-0,09181","-0,00385","-0,99577","-0,20442","0,01066","-0,97883","4,13","4,16",Valid,Valid,"232,6","101,8","512,5","291,0","99,3","515,3","185,3","99,8","183,4","104,9","0,2692","0,3463","0,2721","0,3377","0,2664","0,3549",thumbnail_grossTrial,thumbnail_grossTrial.png,1245.0,1080.0,337.0,0.0,798.0,692.0,Fixation,1067.0,37.0,678.0,382.0,"0,2738","0,3536",,
25284,14785684,1400454056971,Eye Tracker,Participant0058,17.09.2021,Participant0058,Recording4,17.09.2021,17.09.2021,14:48:45.713,12:48:45.713,64514,Timeline2,Tobii I-VT (Fixation),1.145.28180,1080,1920,"10,00",682649831.0,,,685.0,380.0,688.0,370.0,681.0,391.0,"-0,08550","-0,00129","-0,99634","-0,19843","0,01426","-0,98001",,,Valid,Valid,"232,6","102,0","512,4","291,1","99,4","515,2","188,7","101,3","186,7","106,9","0,2791","0,3523","0,2819","0,3427","0,2763","0,3618",thumbnail_grossTrial,thumbnail_grossTrial.png,1245.0,1080.0,337.0,0.0,798.0,692.0,Fixation,1067.0,37.0,678.0,382.0,"0,2738","0,3536",,
25285,14794040,1400454065327,Eye Tracker,Participant0058,17.09.2021,Participant0058,Recording4,17.09.2021,17.09.2021,14:48:45.713,12:48:45.713,64514,Timeline2,Tobii I-VT (Fixation),1.145.28180,1080,1920,"10,00",682658187.0,,,698.0,392.0,718.0,407.0,679.0,376.0,"-0,06991","0,01808","-0,99739","-0,19948","0,00679","-0,97988",,,Valid,Valid,"232,6","102,0","512,4","291,0","99,5","515,2","196,7","111,3","186,1","103,0","0,2899","0,3626","0,3053","0,3765","0,2745","0,3486",thumbnail_grossTrial,thumbnail_grossTrial.png,1245.0,1080.0,337.0,0.0,798.0,692.0,Fixation,1067.0,37.0,678.0,382.0,"0,2738","0,3536",,
25286,14802374,1400454073661,Eye Tracker,Participant0058,17.09.2021,Participant0058,Recording4,17.09.2021,17.09.2021,14:48:45.713,12:48:45.713,64514,Timeline2,Tobii I-VT (Fixation),1.145.28180,1080,1920,"10,00",682666520.0,,,689.0,389.0,703.0,402.0,674.0,376.0,"-0,07767","0,01569","-0,99686","-0,20178","0,00639","-0,97941","3,93","3,79",Valid,Valid,"232,6","102,0","512,4","291,0","99,4","515,2","192,6","110,1","184,9","102,8","0,2822","0,3601","0,2936","0,3724","0,2708","0,3478",thumbnail_grossTrial,thumbnail_grossTrial.png,1245.0,1080.0,337.0,0.0,798.0,692.0,Fixation,1067.0,37.0,678.0,382.0,"0,2738","0,3536",,
25287,14810682,1400454081969,Eye Tracker,Participant0058,17.09.2021,Participant0058,Recording4,17.09.2021,17.09.2021,14:48:45.713,12:48:45.713,64514,Timeline2,Tobii I-VT (Fixation),1.145.28180,1080,1920,"10,00",682674828.0,,,685.0,387.0,703.0,402.0,668.0,372.0,"-0,07794","0,01542","-0,99684","-0,20513","0,00429","-0,97873",,,Valid,Valid,"232,6","102,2","512,3","291,1","99,6","515,1","192,6","110,1","183,1","101,9","0,2795","0,3585","0,2934","0,3724","0,2656","0,3446",thumbnail_grossTrial,thumbnail_grossTrial.png,1245.0,1080.0,337.0,0.0,798.0,692.0,Fixation,1067.0,37.0,678.0,382.0,"0,2738","0,3536",,
25288,14819043,1400454090330,Eye Tracker,Participant0058,17.09.2021,Participant0058,Recording4,17.09.2021,17.09.2021,14:48:45.713,12:48:45.713,64514,Timeline2,Tobii I-VT (Fixation),1.145.28180,1080,1920,"10,00",682683189.0,,,675.0,382.0,685.0,371.0,666.0,394.0,"-0,08739","-0,00125","-0,99617","-0,20627","0,01546","-0,97837",,,Valid,Valid,"232,6","102,2","512,2","291,0","99,6","515,0","187,6","101,5","182,4","107,8","0,2713","0,3541","0,2789","0,3435","0,2636","0,3647",thumbnail_grossTrial,thumbnail_grossTrial.png,1245.0,1080.0,337.0,0.0,798.0,692.0,Fixation,1067.0,37.0,678.0,382.0,"0,2738","0,3536",,
25289,14827375,1400454098662,Eye Tracker,Participant0058,17.09.2021,Participant0058,Recording4,17.09.2021,17.09.2021,14:48:45.713,12:48:45.713,64514,Timeline2,Tobii I-VT (Fixation),1.145.28180,1080,1920,"10,00",682691521.0,,,682.0,389.0,698.0,382.0,667.0,397.0,"-0,08026","0,00454","-0,99676","-0,20567","0,01703","-0,97847","4,10","3,81",Valid,Valid,"232,6","102,1","512,2","291,0","99,6","514,9","191,3","104,4","182,7","108,6","0,2771","0,3603","0,2897","0,3533","0,2645","0,3674",thumbnail_grossTrial,thumbnail_grossTrial.png,1245.0,1080.0,337.0,0.0,798.0,692.0,Fixation,1067.0,37.0,678.0,382.0,"0,2738","0,3536",,
25290,14835682,1400454106969,Eye Tracker,Participant0058,17.09.2021,Participant0058,Recording4,17.09.2021,17.09.2021,14:48:45.713,12:48:45.713,64514,Timeline2,Tobii I-VT (Fixation),1.145.28180,1080,1920,"10,00",682699827.0,,,681.0,388.0,691.0,381.0,671.0,395.0,"-0,08422","0,00410","-0,99644","-0,20377","0,01569","-0,97889",,,Valid,Valid,"232,6","102,3","512,1","291,0","99,8","514,7","189,3","104,4","183,9","108,0","0,2759","0,3593","0,2839","0,3531","0,2679","0,3655",thumbnail_grossTrial,thumbnail_grossTrial.png,1245.0,1080.0,337.0,0.0,798.0,692.0,Fixation,1067.0,37.0,678.0,382.0,"0,2738","0,3536",,
25291,14844010,1400454115297,Eye Tracker,Participant0058,17.09.2021,Participant0058,Recording4,17.09.2021,17.09.2021,14:48:45.713,12:48:45.713,64514,Timeline2,Tobii I-VT (Fixation),1.145.28180,1080,1920,"10,00",682708155.0,,,680.0,384.0,686.0,377.0,674.0,390.0,"-0,08681","0,00186","-0,99622","-0,20220","0,01345","-0,97925",,,Valid,Valid,"232,6","102,2","512,1","290,9","99,8","514,7","187,9","103,2","184,7","106,9","0,2750","0,3553","0,2798","0,3491","0,2702","0,3616",thumbnail_grossTrial,thumbnail_grossTrial.png,1245.0,1080.0,337.0,0.0,798.0,692.0,Fixation,1067.0,37.0,678.0,382.0,"0,2738","0,3536",,
25292,14852342,1400454123629,Eye Tracker,Participant0058,17.09.2021,Participant0058,Recording4,17.09.2021,17.09.2021,14:48:45.713,12:48:45.713,64514,Timeline2,Tobii I-VT (Fixation),1.145.28180,1080,1920,"10,00",682716487.0,,,675.0,379.0,676.0,375.0,673.0,383.0,"-0,09186","0,00087","-0,99577","-0,20255","0,00962","-0,97922","3,90","3,79",Valid,Valid,"232,6","102,1","512,1","290,9","99,8","514,6","185,3","102,6","184,5","104,8","0,2709","0,3508","0,2721","0,3470","0,2697","0,3547",thumbnail_grossTrial,thumbnail_grossTrial.png,1245.0,1080.0,337.0,0.0,798.0,692.0,Fixation,1067.0,37.0,678.0,382.0,"0,2738","0,3536",,
25293,14860677,1400454131964,Eye Tracker,Participant0058,17.09.2021,Participant0058,Recording4,17.09.2021,17.09.2021,14:48:45.713,12:48:45.713,64514,Timeline2,Tobii I-VT (Fixation),1.145.28180,1080,1920,"10,00",682724822.0,,,675.0,384.0,677.0,373.0,672.0,396.0,"-0,09147","-0,00028","-0,99581","-0,20325","0,01603","-0,97900",,,Valid,Valid,"232,6","102,3","512,1","291,0","99,9","514,5","185,6","102,1","184,2","108,3","0,2709","0,3559","0,2729","0,3455","0,2688","0,3664",thumbnail_grossTrial,thumbnail_grossTrial.png,1245.0,1080.0,337.0,0.0,798.0,692.0,Fixation,1067.0,37.0,678.0,382.0,"0,2738","0,3536",,
25294,14869038,1400454140325,Eye Tracker,Participant0058,17.09.2021,Participant0058,Recording4,17.09.2021,17.09.2021,14:48:45.713,12:48:45.713,64514,Timeline2,Tobii I-VT (Fixation),1.145.28180,1080,1920,"10,00",682733182.0,,,673.0,378.0,676.0,374.0,671.0,382.0,"-0,09205","0,00020","-0,99575","-0,20391","0,00877","-0,97895",,,Valid,Valid,"232,6","102,2","512,1","290,9","99,8","514,4","185,2","102,3","183,8","104,5","0,2698","0,3498","0,2719","0,3462","0,2676","0,3534",thumbnail_grossTrial,thumbnail_grossTrial.png,1245.0,1080.0,337.0,0.0,798.0,692.0,Fixation,1067.0,37.0,678.0,382.0,"0,2738","0,3536",,
25295,14877340,1400454148627,Eye Tracker,Participant0058,17.09.2021,Participant0058,Recording4,17.09.2021,17.09.2021,14:48:45.713,12:48:45.713,64514,Timeline2,Tobii I-VT (Fixation),1.145.28180,1080,1920,"10,00",682741484.0,,,677.0,379.0,682.0,369.0,672.0,388.0,"-0,08873","-0,00204","-0,99605","-0,20341","0,01227","-0,97902","4,11","3,78",Valid,Valid,"232,6","102,1","512,1","290,9","99,7","514,4","187,0","101,1","184,1","106,2","0,2727","0,3506","0,2769","0,3419","0,2684","0,3593",thumbnail_grossTrial,thumbnail_grossTrial.png,1245.0,1080.0,337.0,0.0,798.0,692.0,Fixation,1067.0,37.0,678.0,382.0,"0,2738","0,3536",,
25296,14885675,1400454156962,Eye Tracker,Participant0058,17.09.2021,Participant0058,Recording4,17.09.2021,17.09.2021,14:48:45.713,12:48:45.713,64514,Timeline2,Tobii I-VT (Fixation),1.145.28180,1080,1920,"10,00",682749819.0,,,680.0,382.0,691.0,378.0,670.0,387.0,"-0,08422","0,00257","-0,99644","-0,20444","0,01134","-0,97881",,,Valid,Valid,"232,7","102,2","512,1","291,0","99,8","514,3","189,4","103,5","183,6","105,8","0,2755","0,3540","0,2840","0,3502","0,2670","0,3579",thumbnail_grossTrial,thumbnail_grossTrial.png,1245.0,1080.0,337.0,0.0,798.0,692.0,Fixation,1067.0,37.0,678.0,382.0,"0,2738","0,3536",,
25297,14894004,1400454165291,Eye Tracker,Participant0058,17.09.2021,Participant0058,Recording4,17.09.2021,17.09.2021,14:48:45.713,12:48:45.713,64514,Timeline2,Tobii I-VT (Fixation),1.145.28180,1080,1920,"10,00",682758148.0,,,680.0,383.0,689.0,379.0,670.0,387.0,"-0,08504","0,00305","-0,99637","-0,20406","0,01152","-0,97889",,,Valid,Valid,"232,6","102,1","512,1","291,0","99,8","514,3","188,9","103,7","183,7","105,8","0,2750","0,3544","0,2826","0,3508","0,2675","0,3581",thumbnail_grossTrial,thumbnail_grossTrial.png,1245.0,1080.0,337.0,0.0,798.0,692.0,Fixation,1067.0,37.0,678.0,382.0,"0,2738","0,3536",,
25298,14902387,1400454173674,Eye Tracker,Participant0058,17.09.2021,Participant0058,Recording4,17.09.2021,17.09.2021,14:48:45.713,12:48:45.713,64514,Timeline2,Tobii I-VT (Fixation),1.145.28180,1080,1920,"10,00",682766530.0,,,679.0,383.0,690.0,378.0,669.0,387.0,"-0,08485","0,00300","-0,99639","-0,20457","0,01201","-0,97878","4,12","3,77",Valid,Valid,"232,6","102,0","512,1","291,0","99,7","514,4","189,0","103,5","183,4","106,0","0,2748","0,3544","0,2829","0,3503","0,2666","0,3585",thumbnail_grossTrial,thumbnail_grossTrial.png,1245.0,1080.0,337.0,0.0,798.0,692.0,Fixation,1067.0,37.0,678.0,382.0,"0,2738","0,3536",,
25299,14910689,1400454181976,Eye Tracker,Participant0058,17.09.2021,Participant0058,Recording4,17.09.2021,17.09.2021,14:48:45.713,12:48:45.713,64514,Timeline2,Tobii I-VT (Fixation),1.145.28180,1080,1920,"10,00",682774832.0,,,674.0,378.0,688.0,373.0,659.0,383.0,"-0,08593","0,00026","-0,99630","-0,20961","0,00978","-0,97774",,,Valid,Valid,"232,7","102,1","512,0","291,0","99,7","514,3","188,5","102,2","180,7","104,8","0,2701","0,3503","0,2814","0,3458","0,2587","0,3547",thumbnail_grossTrial,thumbnail_grossTrial.png,1245.0,1080.0,337.0,0.0,798.0,692.0,Fixation,1067.0,37.0,678.0,382.0,"0,2738","0,3536",,
25300,14919013,1400454190300,Eye Tracker,Participant0058,17.09.2021,Participant0058,Recording4,17.09.2021,17.09.2021,14:48:45.713,12:48:45.713,64514,Timeline2,Tobii I-VT (Fixation),1.145.28180,1080,1920,"10,00",682783156.0,,,674.0,378.0,689.0,373.0,658.0,384.0,"-0,08526","-0,00013","-0,99636","-0,21013","0,01026","-0,97762",,,Valid,Valid,"232,6","102,0","512,0","291,0","99,6","514,4","188,8","101,9","180,4","105,0","0,2700","0,3502","0,2823","0,3449","0,2577","0,3554",thumbnail_grossTrial,thumbnail_grossTrial.png,1245.0,1080.0,337.0,0.0,798.0,692.0,Fixation,1067.0,37.0,678.0,382.0,"0,2738","0,3536",,
25301,14927338,1400454198625,Eye Tracker,Participant0058,17.09.2021,Participant0058,Recording4,17.09.2021,17.09.2021,14:48:45.713,12:48:45.713,64514,Timeline2,Tobii I-VT (Fixation),1.145.28180,1080,1920,"10,00",682791481.0,,,674.0,379.0,688.0,372.0,660.0,386.0,"-0,08563","-0,00006","-0,99633","-0,20914","0,01161","-0,97782","4,08","3,78",Valid,Valid,"232,6","101,9","512,1","291,0","99,5","514,5","188,6","101,9","180,9","105,6","0,2705","0,3511","0,2817","0,3447","0,2592","0,3574",thumbnail_grossTrial,thumbnail_grossTrial.png,1245.0,1080.0,337.0,0.0,798.0,692.0,Fixation,1067.0,37.0,678.0,382.0,"0,2738","0,3536",,
25302,14935699,1400454206986,Eye Tracker,Participant0058,17.09.2021,Participant0058,Recording4,17.09.2021,17.09.2021,14:48:45.713,12:48:45.713,64514,Timeline2,Tobii I-VT (Fixation),1.145.28180,1080,1920,"10,00",682799841.0,,,674.0,380.0,681.0,368.0,666.0,392.0,"-0,08969","-0,00270","-0,99597","-0,20610","0,01466","-0,97842",,,Valid,Valid,"232,7","102,0","512,0","291,0","99,6","514,5","186,6","100,6","182,6","107,3","0,2700","0,3518","0,2757","0,3405","0,2643","0,3631",thumbnail_grossTrial,thumbnail_grossTrial.png,1245.0,1080.0,337.0,0.0,798.0,692.0,Fixation,1067.0,37.0,678.0,382.0,"0,2738","0,3536",,
25303,14944028,1400454215315,Eye Tracker,Participant0058,17.09.2021,Participant0058,Recording4,17.09.2021,17.09.2021,14:48:45.713,12:48:45.713,64514,Timeline2,Tobii I-VT (Fixation),1.145.28180,1080,1920,"10,00",682808170.0,,,675.0,384.0,685.0,363.0,665.0,405.0,"-0,08751","-0,00529","-0,99615","-0,20646","0,02133","-0,97822",,,Valid,Valid,"232,6","102,0","512,1","291,0","99,6","514,6","187,6","99,3","182,4","110,8","0,2712","0,3553","0,2788","0,3358","0,2635","0,3748",thumbnail_grossTrial,thumbnail_grossTrial.png,1245.0,1080.0,337.0,0.0,798.0,692.0,Fixation,1067.0,37.0,678.0,382.0,"0,2738","0,3536",,
25304,14952349,1400454223636,Eye Tracker,Participant0058,17.09.2021,Participant0058,Recording4,17.09.2021,17.09.2021,14:48:45.713,12:48:45.713,64514,Timeline2,Tobii I-VT (Fixation),1.145.28180,1080,1920,"10,00",682816491.0,,,665.0,407.0,,,665.0,407.0,,,,"-0,20636","0,02285","-0,97821",,"4,19",Invalid,Valid,,,,"291,0","99,4","514,6",,,"182,4","111,5","0,2635","0,3772",,,"0,2635","0,3772",thumbnail_grossTrial,thumbnail_grossTrial.png,1245.0,1080.0,337.0,0.0,798.0,692.0,Fixation,1067.0,37.0,678.0,382.0,"0,2738","0,3536",,
25305,14960680,1400454231967,Eye Tracker,Participant0058,17.09.2021,Participant0058,Recording4,17.09.2021,17.09.2021,14:48:45.713,12:48:45.713,64514,Timeline2,Tobii I-VT (Fixation),1.145.28180,1080,1920,"10,00",682824822.0,,,678.0,386.0,687.0,364.0,670.0,409.0,"-0,08630","-0,00472","-0,99626","-0,20422","0,02343","-0,97865",,,Valid,Valid,"232,6","102,0","512,1","291,0","99,5","514,7","188,3","99,6","183,6","111,9","0,2739","0,3577","0,2808","0,3370","0,2671","0,3785",thumbnail_grossTrial,thumbnail_grossTrial.png,1245.0,1080.0,337.0,0.0,798.0,692.0,Fixation,1067.0,37.0,678.0,382.0,"0,2738","0,3536",,
25306,14969096,1400454240383,Eye Tracker,Participant0058,17.09.2021,Participant0058,Recording4,17.09.2021,17.09.2021,14:48:45.713,12:48:45.713,64514,Timeline2,Tobii I-VT (Fixation),1.145.28180,1080,1920,"10,00",682833237.0,,,679.0,382.0,687.0,371.0,672.0,394.0,"-0,08600","-0,00112","-0,99630","-0,20333","0,01580","-0,97898",,,Valid,Valid,"232,6","102,0","512,1","291,0","99,5","514,8","188,4","101,4","184,0","107,8","0,2747","0,3540","0,2810","0,3432","0,2684","0,3648",thumbnail_grossTrial,thumbnail_grossTrial.png,1245.0,1080.0,337.0,0.0,798.0,692.0,Fixation,1067.0,37.0,678.0,382.0,"0,2738","0,3536",,
25307,14977415,1400454248702,Eye Tracker,Participant0058,17.09.2021,Participant0058,Recording4,17.09.2021,17.09.2021,14:48:45.713,12:48:45.713,64514,Timeline2,Tobii I-VT (Fixation),1.145.28180,1080,1920,"10,00",682841556.0,,,685.0,388.0,689.0,379.0,681.0,396.0,"-0,08489","0,00379","-0,99638","-0,19830","0,01712","-0,97999","4,07","3,77",Valid,Valid,"232,5","101,9","512,2","290,9","99,4","514,9","188,9","103,9","186,7","108,4","0,2794","0,3590","0,2826","0,3514","0,2762","0,3667",thumbnail_grossTrial,thumbnail_grossTrial.png,1245.0,1080.0,337.0,0.0,798.0,692.0,Fixation,1067.0,37.0,678.0,382.0,"0,2738","0,3536",,
25308,14985696,1400454256983,Eye Tracker,Participant0058,17.09.2021,Participant0058,Recording4,17.09.2021,17.09.2021,14:48:45.713,12:48:45.713,64514,Timeline2,Tobii I-VT (Fixation),1.145.28180,1080,1920,"10,00",682849837.0,,,680.0,386.0,684.0,380.0,677.0,392.0,"-0,08791","0,00357","-0,99612","-0,20067","0,01470","-0,97955",,,Valid,Valid,"232,6","102,1","512,2","291,0","99,5","515,0","187,4","103,9","185,5","107,3","0,2754","0,3572","0,2782","0,3515","0,2727","0,3629",thumbnail_grossTrial,thumbnail_grossTrial.png,1245.0,1080.0,337.0,0.0,798.0,692.0,Fixation,1067.0,37.0,678.0,382.0,"0,2738","0,3536",,
25309,14994028,1400454265315,Eye Tracker,Participant0058,17.09.2021,Participant0058,Recording4,17.09.2021,17.09.2021,14:48:45.713,12:48:45.713,64514,Timeline2,Tobii I-VT (Fixation),1.145.28180,1080,1920,"10,00",682858169.0,,,678.0,385.0,679.0,378.0,677.0,392.0,"-0,09042","0,00259","-0,99590","-0,20053","0,01469","-0,97958",,,Valid,Valid,"232,5","102,0","512,3","291,0","99,5","515,1","186,0","103,4","185,5","107,2","0,2735","0,3563","0,2742","0,3498","0,2727","0,3629",thumbnail_grossTrial,thumbnail_grossTrial.png,1245.0,1080.0,337.0,0.0,798.0,692.0,Fixation,1067.0,37.0,678.0,382.0,"0,2738","0,3536",,
25310,15002332,1400454273619,Eye Tracker,Participant0058,17.09.2021,Participant0058,Recording4,17.09.2021,17.09.2021,14:48:45.713,12:48:45.713,64514,Timeline2,Tobii I-VT (Fixation),1.145.28180,1080,1920,"10,00",682866472.0,,,672.0,377.0,675.0,369.0,670.0,384.0,"-0,09243","-0,00169","-0,99572","-0,20416","0,01095","-0,97888","4,06","3,78",Valid,Valid,"232,5","102,0","512,4","291,0","99,4","515,2","185,0","101,1","183,5","105,2","0,2690","0,3490","0,2711","0,3421","0,2668","0,3559",thumbnail_grossTrial,thumbnail_grossTrial.png,1245.0,1080.0,337.0,0.0,798.0,692.0,Fixation,1067.0,37.0,678.0,382.0,"0,2738","0,3536",,
25311,15010667,1400454281954,Eye Tracker,Participant0058,17.09.2021,Participant0058,Recording4,17.09.2021,17.09.2021,14:48:45.713,12:48:45.713,64514,Timeline2,Tobii I-VT (Fixation),1.145.28180,1080,1920,"10,00",682874807.0,,,676.0,381.0,679.0,373.0,674.0,389.0,"-0,09054","-0,00026","-0,99589","-0,20230","0,01302","-0,97924",,,Valid,Valid,"232,6","102,1","512,5","291,0","99,5","515,2","186,0","102,0","184,6","106,4","0,2721","0,3525","0,2742","0,3449","0,2700","0,3600",thumbnail_grossTrial,thumbnail_grossTrial.png,1245.0,1080.0,337.0,0.0,798.0,692.0,Fixation,1067.0,37.0,678.0,382.0,"0,2738","0,3536",,
25312,15018994,1400454290281,Eye Tracker,Participant0058,17.09.2021,Participant0058,Recording4,17.09.2021,17.09.2021,14:48:45.713,12:48:45.713,64514,Timeline2,Tobii I-VT (Fixation),1.145.28180,1080,1920,"10,00",682883134.0,,,676.0,389.0,679.0,372.0,673.0,405.0,"-0,09019","-0,00026","-0,99592","-0,20244","0,02150","-0,97906",,,Valid,Valid,"232,6","102,1","512,5","291,0","99,5","515,4","186,2","101,9","184,4","110,8","0,2721","0,3599","0,2746","0,3448","0,2695","0,3750",thumbnail_grossTrial,thumbnail_grossTrial.png,1245.0,1080.0,337.0,0.0,798.0,692.0,Fixation,1067.0,37.0,678.0,382.0,"0,2738","0,3536",,
25313,15027329,1400454298616,Eye Tracker,Participant0058,17.09.2021,Participant0058,Recording4,17.09.2021,17.09.2021,14:48:45.713,12:48:45.713,64514,Timeline2,Tobii I-VT (Fixation),1.145.28180,1080,1920,"10,00",682891469.0,,,676.0,385.0,681.0,373.0,671.0,396.0,"-0,08903","0,00042","-0,99603","-0,20357","0,01683","-0,97892","4,06","3,80",Valid,Valid,"232,6","102,0","512,6","291,0","99,4","515,5","186,8","102,2","183,8","108,3","0,2720","0,3561","0,2763","0,3457","0,2677","0,3665",thumbnail_grossTrial,thumbnail_grossTrial.png,1245.0,1080.0,337.0,0.0,798.0,692.0,Fixation,1067.0,37.0,678.0,382.0,"0,2738","0,3536",,
25314,15035691,1400454306978,Eye Tracker,Participant0058,17.09.2021,Participant0058,Recording4,17.09.2021,17.09.2021,14:48:45.713,12:48:45.713,64514,Timeline2,Tobii I-VT (Fixation),1.145.28180,1080,1920,"10,00",682899830.0,,,684.0,390.0,694.0,381.0,674.0,398.0,"-0,08262","0,00428","-0,99657","-0,20225","0,01809","-0,97917",,,Valid,Valid,"232,6","102,1","512,7","291,1","99,5","515,5","190,1","104,3","184,6","109,0","0,2781","0,3608","0,2862","0,3527","0,2700","0,3688",thumbnail_grossTrial,thumbnail_grossTrial.png,1245.0,1080.0,337.0,0.0,798.0,692.0,Fixation,1067.0,37.0,678.0,382.0,"0,2738","0,3536",,
25315,15044020,1400454315307,Eye Tracker,Participant0058,17.09.2021,Participant0058,Recording4,17.09.2021,17.09.2021,14:48:45.713,12:48:45.713,64514,Timeline2,Tobii I-VT (Fixation),1.145.28180,1080,1920,"10,00",682908159.0,,,684.0,383.0,694.0,384.0,673.0,382.0,"-0,08216","0,00600","-0,99660","-0,20257","0,00966","-0,97922",,,Valid,Valid,"232,6","102,0","512,8","291,1","99,4","515,6","190,3","105,1","184,4","104,5","0,2781","0,3546","0,2868","0,3555","0,2694","0,3537",thumbnail_grossTrial,thumbnail_grossTrial.png,1245.0,1080.0,337.0,0.0,798.0,692.0,Fixation,1067.0,37.0,678.0,382.0,"0,2738","0,3536",,
25316,15052324,1400454323611,Eye Tracker,Participant0058,17.09.2021,Participant0058,Recording4,17.09.2021,17.09.2021,14:48:45.713,12:48:45.713,64514,Timeline2,Tobii I-VT (Fixation),1.145.28180,1080,1920,"10,00",682916463.0,,,677.0,383.0,687.0,382.0,667.0,383.0,"-0,08587","0,00515","-0,99629","-0,20567","0,01041","-0,97857","3,92","4,10",Valid,Valid,"232,6","101,9","512,8","291,1","99,4","515,7","188,4","104,5","182,7","104,9","0,2728","0,3543","0,2811","0,3537","0,2644","0,3548",thumbnail_grossTrial,thumbnail_grossTrial.png,1245.0,1080.0,337.0,0.0,798.0,692.0,Fixation,1067.0,37.0,678.0,382.0,"0,2738","0,3536",,
25317,15060689,1400454331976,Eye Tracker,Participant0058,17.09.2021,Participant0058,Recording4,17.09.2021,17.09.2021,14:48:45.713,12:48:45.713,64514,Timeline2,Tobii I-VT (Fixation),1.145.28180,1080,1920,"10,00",682924828.0,,,673.0,380.0,681.0,377.0,665.0,383.0,"-0,08939","0,00215","-0,99599","-0,20678","0,01014","-0,97833",,,Valid,Valid,"232,7","101,9","512,9","291,1","99,4","515,6","186,6","103,0","182,1","104,8","0,2694","0,3516","0,2759","0,3487","0,2628","0,3545",thumbnail_grossTrial,thumbnail_grossTrial.png,1245.0,1080.0,337.0,0.0,798.0,692.0,Fixation,1067.0,37.0,678.0,382.0,"0,2738","0,3536",,
25318,15069019,1400454340306,Eye Tracker,Participant0058,17.09.2021,Participant0058,Recording4,17.09.2021,17.09.2021,14:48:45.713,12:48:45.713,64514,Timeline2,Tobii I-VT (Fixation),1.145.28180,1080,1920,"10,00",682933157.0,,,676.0,377.0,682.0,372.0,670.0,382.0,"-0,08866","-0,00001","-0,99606","-0,20411","0,00981","-0,97890",,,Valid,Valid,"232,6","101,9","512,9","291,1","99,4","515,7","186,9","101,9","183,6","104,5","0,2719","0,3492","0,2768","0,3447","0,2669","0,3537",thumbnail_grossTrial,thumbnail_grossTrial.png,1245.0,1080.0,337.0,0.0,798.0,692.0,Fixation,1067.0,37.0,678.0,382.0,"0,2738","0,3536",,
25319,15077351,1400454348638,Eye Tracker,Participant0058,17.09.2021,Participant0058,Recording4,17.09.2021,17.09.2021,14:48:45.713,12:48:45.713,64514,Timeline2,Tobii I-VT (Fixation),1.145.28180,1080,1920,"10,00",682941489.0,,,677.0,367.0,679.0,353.0,676.0,381.0,"-0,09044","-0,00975","-0,99585","-0,20112","0,00962","-0,97952","5,05","3,78",Valid,Valid,"232,6","101,7","513,0","291,1","99,3","515,7","186,0","96,7","185,2","104,3","0,2729","0,3401","0,2741","0,3273","0,2717","0,3530",thumbnail_grossTrial,thumbnail_grossTrial.png,1245.0,1080.0,337.0,0.0,798.0,692.0,Fixation,1067.0,37.0,678.0,382.0,"0,2738","0,3536",,
25320,15085659,1400454356946,Eye Tracker,Participant0058,17.09.2021,Participant0058,Recording4,17.09.2021,17.09.2021,14:48:45.713,12:48:45.713,64514,Timeline2,Tobii I-VT (Fixation),1.145.28180,1080,1920,"10,00",682949797.0,,,682.0,369.0,687.0,360.0,676.0,378.0,"-0,08591","-0,00622","-0,99628","-0,20114","0,00779","-0,97953",,,Valid,Valid,"232,6","101,8","513,0","291,1","99,3","515,7","188,4","98,6","185,2","103,4","0,2765","0,3417","0,2811","0,3336","0,2718","0,3498",thumbnail_grossTrial,thumbnail_grossTrial.png,1245.0,1080.0,337.0,0.0,798.0,692.0,Fixation,1067.0,37.0,678.0,382.0,"0,2738","0,3536",,
25321,15093989,1400454365276,Eye Tracker,Participant0058,17.09.2021,Participant0058,Recording4,17.09.2021,17.09.2021,14:48:45.713,12:48:45.713,64514,Timeline2,Tobii I-VT (Fixation),1.145.28180,1080,1920,"10,00",682958127.0,,,676.0,380.0,680.0,383.0,672.0,377.0,"-0,08962","0,00589","-0,99596","-0,20306","0,00728","-0,97914",,,Valid,Valid,"232,6","101,7","513,1","291,1","99,2","515,7","186,4","104,7","184,1","103,1","0,2719","0,3516","0,2752","0,3544","0,2686","0,3488",thumbnail_grossTrial,thumbnail_grossTrial.png,1245.0,1080.0,337.0,0.0,798.0,692.0,Fixation,1067.0,37.0,678.0,382.0,"0,2738","0,3536",,
25322,15102337,1400454373624,Eye Tracker,Participant0058,17.09.2021,Participant0058,Recording4,17.09.2021,17.09.2021,14:48:45.713,12:48:45.713,64514,Timeline2,Tobii I-VT (Fixation),1.145.28180,1080,1920,"10,00",682966474.0,,,679.0,386.0,686.0,390.0,673.0,382.0,"-0,08661","0,01000","-0,99619","-0,20260","0,01016","-0,97921","3,89","3,79",Valid,Valid,"232,5","101,5","513,1","291,0","99,1","515,7","187,9","106,7","184,3","104,5","0,2745","0,3573","0,2797","0,3610","0,2692","0,3535",thumbnail_grossTrial,thumbnail_grossTrial.png,1245.0,1080.0,337.0,0.0,798.0,692.0,Fixation,1067.0,37.0,678.0,382.0,"0,2738","0,3536",,
25323,15110682,1400454381969,Eye Tracker,Participant0058,17.09.2021,Participant0058,Recording4,17.09.2021,17.09.2021,14:48:45.713,12:48:45.713,64514,Timeline2,Tobii I-VT (Fixation),1.145.28180,1080,1920,"10,00",682974819.0,,,677.0,378.0,682.0,381.0,672.0,375.0,"-0,08873","0,00515","-0,99604","-0,20316","0,00650","-0,97912",,,Valid,Valid,"232,6","101,6","513,1","291,1","99,2","515,7","186,9","104,3","184,1","102,6","0,2726","0,3500","0,2767","0,3529","0,2685","0,3472",thumbnail_grossTrial,thumbnail_grossTrial.png,1245.0,1080.0,337.0,0.0,798.0,692.0,Fixation,1067.0,37.0,678.0,382.0,"0,2738","0,3536",,
25324,15118998,1400454390285,Eye Tracker,Participant0058,17.09.2021,Participant0058,Recording4,17.09.2021,17.09.2021,14:48:45.713,12:48:45.713,64514,Timeline2,Tobii I-VT (Fixation),1.145.28180,1080,1920,"10,00",682983135.0,,,678.0,366.0,683.0,360.0,672.0,373.0,"-0,08781","-0,00581","-0,99612","-0,20293","0,00547","-0,97918",,,Valid,Valid,"232,5","101,6","513,2","291,1","99,1","515,8","187,3","98,6","184,2","102,0","0,2733","0,3393","0,2779","0,3335","0,2687","0,3452",thumbnail_grossTrial,thumbnail_grossTrial.png,1245.0,1080.0,337.0,0.0,798.0,692.0,Fixation,1067.0,37.0,678.0,382.0,"0,2738","0,3536",,
25325,15127321,1400454398608,Eye Tracker,Participant0058,17.09.2021,Participant0058,Recording4,17.09.2021,17.09.2021,14:48:45.713,12:48:45.713,64514,Timeline2,Tobii I-VT (Fixation),1.145.28180,1080,1920,"10,00",682991458.0,,,678.0,368.0,683.0,359.0,672.0,377.0,"-0,08782","-0,00648","-0,99612","-0,20280","0,00779","-0,97919","4,04","3,76",Valid,Valid,"232,5","101,5","513,3","291,0","99,0","515,8","187,3","98,1","184,2","103,1","0,2734","0,3405","0,2779","0,3320","0,2689","0,3489",thumbnail_grossTrial,thumbnail_grossTrial.png,1245.0,1080.0,337.0,0.0,798.0,692.0,Fixation,1067.0,37.0,678.0,382.0,"0,2738","0,3536",,
25326,15135657,1400454406944,Eye Tracker,Participant0058,17.09.2021,Participant0058,Recording4,17.09.2021,17.09.2021,14:48:45.713,12:48:45.713,64514,Timeline2,Tobii I-VT (Fixation),1.145.28180,1080,1920,"10,00",682999793.0,,,673.0,368.0,674.0,351.0,672.0,386.0,"-0,09290","-0,01069","-0,99562","-0,20285","0,01227","-0,97913",,,Valid,Valid,"232,6","101,5","513,3","291,1","99,1","515,8","184,7","96,0","184,3","105,6","0,2697","0,3410","0,2703","0,3249","0,2690","0,3571",thumbnail_grossTrial,thumbnail_grossTrial.png,1245.0,1080.0,337.0,0.0,798.0,692.0,Fixation,1067.0,37.0,678.0,382.0,"0,2738","0,3536",,
25327,15144015,1400454415302,Eye Tracker,Participant0058,17.09.2021,Participant0058,Recording4,17.09.2021,17.09.2021,14:48:45.713,12:48:45.713,64514,Timeline2,Tobii I-VT (Fixation),1.145.28180,1080,1920,"10,00",683008151.0,,,687.0,395.0,696.0,403.0,679.0,388.0,"-0,08104","0,01706","-0,99656","-0,19961","0,01335","-0,97978",,,Valid,Valid,"232,5","101,5","513,3","291,1","99,1","515,9","190,8","110,3","186,0","106,1","0,2811","0,3660","0,2881","0,3731","0,2740","0,3589",thumbnail_grossTrial,thumbnail_grossTrial.png,1245.0,1080.0,337.0,0.0,798.0,692.0,Fixation,1067.0,37.0,678.0,382.0,"0,2738","0,3536",,
25328,15152347,1400454423634,Eye Tracker,Participant0058,17.09.2021,Participant0058,Recording4,17.09.2021,17.09.2021,14:48:45.713,12:48:45.713,64514,Timeline2,Tobii I-VT (Fixation),1.145.28180,1080,1920,"10,00",683016483.0,,,685.0,397.0,694.0,403.0,675.0,391.0,"-0,08216","0,01711","-0,99647","-0,20113","0,01548","-0,97944","3,88","4,18",Valid,Valid,"232,5","101,4","513,3","291,1","99,0","515,9","190,2","110,2","185,1","107,1","0,2790","0,3677","0,2865","0,3729","0,2715","0,3624",thumbnail_grossTrial,thumbnail_grossTrial.png,1245.0,1080.0,337.0,0.0,798.0,692.0,Fixation,1067.0,37.0,678.0,382.0,"0,2738","0,3536",,
25329,15160653,1400454431940,Eye Tracker,Participant0058,17.09.2021,Participant0058,Recording4,17.09.2021,17.09.2021,14:48:45.713,12:48:45.713,64514,Timeline2,Tobii I-VT (Fixation),1.145.28180,1080,1920,"10,00",683024788.0,,,683.0,391.0,694.0,403.0,672.0,379.0,"-0,08229","0,01690","-0,99647","-0,20287","0,00905","-0,97916",,,Valid,Valid,"232,6","101,5","513,3","291,1","99,1","515,9","190,2","110,2","184,2","103,8","0,2777","0,3621","0,2865","0,3729","0,2690","0,3513",thumbnail_grossTrial,thumbnail_grossTrial.png,1245.0,1080.0,337.0,0.0,798.0,692.0,Fixation,1067.0,37.0,678.0,382.0,"0,2738","0,3536",,
25330,15168982,1400454440269,Eye Tracker,Participant0058,17.09.2021,Participant0058,Recording4,17.09.2021,17.09.2021,14:48:45.713,12:48:45.713,64514,Timeline2,Tobii I-VT (Fixation),1.145.28180,1080,1920,"10,00",683033117.0,,,671.0,386.0,678.0,370.0,664.0,401.0,"-0,09083","-0,00034","-0,99587","-0,20673","0,02034","-0,97819",,,Valid,Valid,"232,5","101,5","513,3","291,1","99,0","515,9","185,7","101,3","182,0","109,8","0,2679","0,3571","0,2733","0,3428","0,2625","0,3714",thumbnail_grossTrial,thumbnail_grossTrial.png,1245.0,1080.0,337.0,0.0,798.0,692.0,Fixation,1067.0,37.0,678.0,382.0,"0,2738","0,3536",,
25331,15177345,1400454448632,Eye Tracker,Participant0058,17.09.2021,Participant0058,Recording4,17.09.2021,17.09.2021,14:48:45.713,12:48:45.713,64514,Timeline2,Tobii I-VT (Fixation),1.145.28180,1080,1920,"10,00",683041480.0,,,686.0,394.0,706.0,378.0,665.0,411.0,"-0,07562","0,00373","-0,99713","-0,20643","0,02530","-0,97813","4,01","4,45",Valid,Valid,"232,5","101,5","513,4","291,1","99,0","516,0","193,6","103,4","182,2","112,3","0,2796","0,3650","0,2964","0,3498","0,2629","0,3801",thumbnail_grossTrial,thumbnail_grossTrial.png,1245.0,1080.0,337.0,0.0,798.0,692.0,Fixation,1067.0,37.0,678.0,382.0,"0,2738","0,3536",,
25332,15185667,1400454456954,Eye Tracker,Participant0058,17.09.2021,Participant0058,Recording4,17.09.2021,17.09.2021,14:48:45.713,12:48:45.713,64514,Timeline2,Tobii I-VT (Fixation),1.145.28180,1080,1920,"10,00",683049802.0,,,686.0,396.0,706.0,378.0,666.0,415.0,"-0,07573","0,00352","-0,99712","-0,20606","0,02742","-0,97816",,,Valid,Valid,"232,6","101,6","513,3","291,1","99,1","515,9","193,6","103,4","182,4","113,6","0,2800","0,3671","0,2964","0,3498","0,2636","0,3843",thumbnail_grossTrial,thumbnail_grossTrial.png,1245.0,1080.0,337.0,0.0,798.0,692.0,Fixation,1067.0,37.0,678.0,382.0,"0,2738","0,3536",,
25333,15193999,1400454465286,Eye Tracker,Participant0058,17.09.2021,Participant0058,Recording4,17.09.2021,17.09.2021,14:48:45.713,12:48:45.713,64514,Timeline2,Tobii I-VT (Fixation),1.145.28180,1080,1920,"10,00",683058133.0,,,667.0,380.0,666.0,356.0,667.0,403.0,"-0,09700","-0,00783","-0,99525","-0,20523","0,02106","-0,97849",,,Valid,Valid,"232,6","101,6","513,3","291,0","99,1","515,9","182,5","97,5","182,8","110,2","0,2643","0,3515","0,2639","0,3300","0,2648","0,3729",thumbnail_grossTrial,thumbnail_grossTrial.png,1245.0,1080.0,337.0,0.0,798.0,692.0,Fixation,1067.0,37.0,678.0,382.0,"0,2738","0,3536",,
25334,15202319,1400454473606,Eye Tracker,Participant0058,17.09.2021,Participant0058,Recording4,17.09.2021,17.09.2021,14:48:45.713,12:48:45.713,64514,Timeline2,Tobii I-VT (Fixation),1.145.28180,1080,1920,"10,00",683066453.0,,,668.0,377.0,665.0,361.0,671.0,394.0,"-0,09731","-0,00538","-0,99524","-0,20332","0,01644","-0,97897","3,85","4,15",Valid,Valid,"232,5","101,5","513,3","291,0","99,1","515,9","182,3","98,7","183,9","107,8","0,2656","0,3493","0,2633","0,3341","0,2679","0,3646",thumbnail_grossTrial,thumbnail_grossTrial.png,1245.0,1080.0,337.0,0.0,798.0,692.0,Fixation,1067.0,37.0,678.0,382.0,"0,2738","0,3536",,
25335,15210676,1400454481963,Eye Tracker,Participant0058,17.09.2021,Participant0058,Recording4,17.09.2021,17.09.2021,14:48:45.713,12:48:45.713,64514,Timeline2,Tobii I-VT (Fixation),1.145.28180,1080,1920,"10,00",683074810.0,,,673.0,380.0,669.0,366.0,677.0,394.0,"-0,09525","-0,00276","-0,99545","-0,20056","0,01637","-0,97954",,,Valid,Valid,"232,6","101,7","513,3","291,1","99,3","515,9","183,5","100,3","185,5","107,9","0,2696","0,3521","0,2667","0,3393","0,2726","0,3650",thumbnail_grossTrial,thumbnail_grossTrial.png,1245.0,1080.0,337.0,0.0,798.0,692.0,Fixation,1067.0,37.0,678.0,382.0,"0,2738","0,3536",,
25336,15218977,1400454490264,Eye Tracker,Participant0058,17.09.2021,Participant0058,Recording4,17.09.2021,17.09.2021,14:48:45.713,12:48:45.713,64514,Timeline2,Tobii I-VT (Fixation),1.145.28180,1080,1920,"10,00",683083111.0,,,675.0,382.0,673.0,382.0,678.0,382.0,"-0,09323","0,00560","-0,99563","-0,19986","0,00992","-0,97977",,,Valid,Valid,"232,5","101,7","513,3","291,0","99,3","515,9","184,5","104,6","185,8","104,5","0,2715","0,3537","0,2696","0,3539","0,2735","0,3536",thumbnail_grossTrial,thumbnail_grossTrial.png,1245.0,1080.0,337.0,0.0,798.0,692.0,Fixation,1067.0,37.0,678.0,382.0,"0,2738","0,3536",,
25337,15227342,1400454498629,Eye Tracker,Participant0058,17.09.2021,Participant0058,Recording4,17.09.2021,17.09.2021,14:48:45.713,12:48:45.713,64514,Timeline2,Tobii I-VT (Fixation),1.145.28180,1080,1920,"10,00",683091475.0,,,689.0,388.0,703.0,401.0,675.0,375.0,"-0,07762","0,01557","-0,99686","-0,20126","0,00620","-0,97952","4,00","3,74",Valid,Valid,"232,5","101,7","513,3","291,0","99,3","515,8","192,5","109,7","185,0","102,5","0,2823","0,3591","0,2933","0,3713","0,2713","0,3469",thumbnail_grossTrial,thumbnail_grossTrial.png,1245.0,1080.0,337.0,0.0,798.0,692.0,Fixation,1067.0,37.0,678.0,382.0,"0,2738","0,3536",,
25338,15235662,1400454506949,Eye Tracker,Participant0058,17.09.2021,Participant0058,Recording4,17.09.2021,17.09.2021,14:48:45.713,12:48:45.713,64514,Timeline2,Tobii I-VT (Fixation),1.145.28180,1080,1920,"10,00",683099795.0,,,684.0,387.0,703.0,401.0,666.0,373.0,"-0,07777","0,01538","-0,99685","-0,20609","0,00502","-0,97852",,,Valid,Valid,"232,6","101,8","513,2","291,1","99,4","515,7","192,5","109,7","182,5","102,1","0,2785","0,3583","0,2933","0,3713","0,2638","0,3453",thumbnail_grossTrial,thumbnail_grossTrial.png,1245.0,1080.0,337.0,0.0,798.0,692.0,Fixation,1067.0,37.0,678.0,382.0,"0,2738","0,3536",,
25339,15244010,1400454515297,Eye Tracker,Participant0058,17.09.2021,Participant0058,Recording4,17.09.2021,17.09.2021,14:48:45.713,12:48:45.713,64514,Timeline2,Tobii I-VT (Fixation),1.145.28180,1080,1920,"10,00",683108143.0,,,679.0,390.0,680.0,360.0,678.0,421.0,"-0,08947","-0,00646","-0,99597","-0,19987","0,02986","-0,97937",,,Valid,Valid,"232,5","101,8","513,2","291,0","99,4","515,7","186,4","98,5","185,8","115,2","0,2744","0,3614","0,2753","0,3332","0,2735","0,3896",thumbnail_grossTrial,thumbnail_grossTrial.png,1245.0,1080.0,337.0,0.0,798.0,692.0,Fixation,1067.0,37.0,678.0,382.0,"0,2738","0,3536",,
25340,15252380,1400454523667,Eye Tracker,Participant0058,17.09.2021,Participant0058,Recording4,17.09.2021,17.09.2021,14:48:45.713,12:48:45.713,64514,Timeline2,Tobii I-VT (Fixation),1.145.28180,1080,1920,"10,00",683116513.0,,,680.0,393.0,681.0,361.0,679.0,425.0,"-0,08901","-0,00562","-0,99601","-0,19913","0,03215","-0,97945","4,03","3,74",Valid,Valid,"232,5","101,7","513,3","291,0","99,4","515,6","186,7","98,8","186,2","116,3","0,2753","0,3640","0,2760","0,3344","0,2746","0,3935",thumbnail_grossTrial,thumbnail_grossTrial.png,1245.0,1080.0,337.0,0.0,798.0,692.0,Fixation,1067.0,37.0,678.0,382.0,"0,2738","0,3536",,
25341,15260648,1400454531935,Eye Tracker,Participant0058,17.09.2021,Participant0058,Recording4,17.09.2021,17.09.2021,14:48:45.713,12:48:45.713,64514,Timeline2,Tobii I-VT (Fixation),1.145.28180,1080,1920,"10,00",683124780.0,,,666.0,383.0,663.0,355.0,669.0,410.0,"-0,09849","-0,00892","-0,99510","-0,20466","0,02396","-0,97854",,,Valid,Valid,"232,6","101,8","513,2","291,1","99,5","515,5","181,8","97,2","183,3","112,2","0,2639","0,3542","0,2618","0,3290","0,2661","0,3795",thumbnail_grossTrial,thumbnail_grossTrial.png,1245.0,1080.0,337.0,0.0,798.0,692.0,Fixation,1067.0,37.0,678.0,382.0,"0,2738","0,3536",,
25342,15268975,1400454540262,Eye Tracker,Participant0058,17.09.2021,Participant0058,Recording4,17.09.2021,17.09.2021,14:48:45.713,12:48:45.713,64514,Timeline2,Tobii I-VT (Fixation),1.145.28180,1080,1920,"10,00",683133107.0,,,667.0,369.0,660.0,350.0,675.0,389.0,"-0,10016","-0,01161","-0,99490","-0,20170","0,01304","-0,97936",,,Valid,Valid,"232,5","101,8","513,2","291,0","99,5","515,4","180,9","95,8","184,9","106,4","0,2649","0,3421","0,2591","0,3242","0,2708","0,3600",thumbnail_grossTrial,thumbnail_grossTrial.png,1245.0,1080.0,337.0,0.0,798.0,692.0,Fixation,1067.0,37.0,678.0,382.0,"0,2738","0,3536",,
25343,15277307,1400454548594,Eye Tracker,Participant0058,17.09.2021,Participant0058,Recording4,17.09.2021,17.09.2021,14:48:45.713,12:48:45.713,64514,Timeline2,Tobii I-VT (Fixation),1.145.28180,1080,1920,"10,00",683141439.0,,,669.0,370.0,661.0,350.0,678.0,390.0,"-0,09981","-0,01126","-0,99494","-0,20010","0,01370","-0,97968","4,04","3,74",Valid,Valid,"232,5","101,7","513,3","291,0","99,5","515,3","181,1","95,9","185,7","106,7","0,2665","0,3427","0,2596","0,3245","0,2734","0,3610",thumbnail_grossTrial,thumbnail_grossTrial.png,1245.0,1080.0,337.0,0.0,798.0,692.0,Fixation,1067.0,37.0,678.0,382.0,"0,2738","0,3536",,
25344,15285675,1400454556962,Eye Tracker,Participant0058,17.09.2021,Participant0058,Recording4,17.09.2021,17.09.2021,14:48:45.713,12:48:45.713,64514,Timeline2,Tobii I-VT (Fixation),1.145.28180,1080,1920,"10,00",683149807.0,,,679.0,371.0,679.0,361.0,678.0,381.0,"-0,09030","-0,00557","-0,99590","-0,19998","0,00867","-0,97976",,,Valid,Valid,"232,6","101,8","513,2","291,1","99,6","515,2","186,1","98,9","185,9","104,2","0,2741","0,3436","0,2743","0,3347","0,2738","0,3524",thumbnail_grossTrial,thumbnail_grossTrial.png,1245.0,1080.0,337.0,0.0,798.0,692.0,Fixation,1067.0,37.0,678.0,382.0,"0,2738","0,3536",,
25345,15293973,1400454565260,Eye Tracker,Participant0058,17.09.2021,Participant0058,Recording4,17.09.2021,17.09.2021,14:48:45.713,12:48:45.713,64514,Timeline2,Tobii I-VT (Fixation),1.145.28180,1080,1920,"10,00",683158104.0,,,678.0,370.0,679.0,360.0,677.0,380.0,"-0,09011","-0,00605","-0,99591","-0,20046","0,00841","-0,97967",,,Valid,Valid,"232,6","101,7","513,3","291,0","99,6","515,1","186,1","98,6","185,6","104,0","0,2737","0,3428","0,2745","0,3337","0,2729","0,3519",thumbnail_grossTrial,thumbnail_grossTrial.png,1245.0,1080.0,337.0,0.0,798.0,692.0,Fixation,1067.0,37.0,678.0,382.0,"0,2738","0,3536",,
25346,15302305,1400454573592,Eye Tracker,Participant0058,17.09.2021,Participant0058,Recording4,17.09.2021,17.09.2021,14:48:45.713,12:48:45.713,64514,Timeline2,Tobii I-VT (Fixation),1.145.28180,1080,1920,"10,00",683166436.0,,,677.0,369.0,679.0,360.0,674.0,379.0,"-0,09010","-0,00609","-0,99591","-0,20185","0,00787","-0,97938","4,07","3,75",Valid,Valid,"232,5","101,7","513,3","291,0","99,5","515,1","186,1","98,5","184,9","103,7","0,2726","0,3420","0,2744","0,3333","0,2707","0,3508",thumbnail_grossTrial,thumbnail_grossTrial.png,1245.0,1080.0,337.0,0.0,798.0,692.0,Fixation,1067.0,37.0,678.0,382.0,"0,2738","0,3536",,
25347,15310648,1400454581935,Eye Tracker,Participant0058,17.09.2021,Participant0058,Recording4,17.09.2021,17.09.2021,14:48:45.713,12:48:45.713,64514,Timeline2,Tobii I-VT (Fixation),1.145.28180,1080,1920,"10,00",683174779.0,,,681.0,376.0,685.0,364.0,677.0,388.0,"-0,08707","-0,00389","-0,99620","-0,20093","0,01233","-0,97953",,,Valid,Valid,"232,6","101,7","513,2","291,1","99,6","515,0","187,8","99,7","185,4","106,1","0,2758","0,3481","0,2793","0,3373","0,2724","0,3589",thumbnail_grossTrial,thumbnail_grossTrial.png,1245.0,1080.0,337.0,0.0,798.0,692.0,Fixation,1067.0,37.0,678.0,382.0,"0,2738","0,3536",,
25348,15318999,1400454590286,Eye Tracker,Participant0058,17.09.2021,Participant0058,Recording4,17.09.2021,17.09.2021,14:48:45.713,12:48:45.713,64514,Timeline2,Tobii I-VT (Fixation),1.145.28180,1080,1920,"10,00",683183130.0,,,681.0,376.0,685.0,363.0,676.0,389.0,"-0,08699","-0,00423","-0,99620","-0,20113","0,01302","-0,97948",,,Valid,Valid,"232,6","101,6","513,2","291,0","99,6","515,0","187,7","99,5","185,3","106,4","0,2756","0,3483","0,2792","0,3366","0,2720","0,3600",thumbnail_grossTrial,thumbnail_grossTrial.png,1245.0,1080.0,337.0,0.0,798.0,692.0,Fixation,1067.0,37.0,678.0,382.0,"0,2738","0,3536",,
25349,15327332,1400454598619,Eye Tracker,Participant0058,17.09.2021,Participant0058,Recording4,17.09.2021,17.09.2021,14:48:45.713,12:48:45.713,64514,Timeline2,Tobii I-VT (Fixation),1.145.28180,1080,1920,"10,00",683191462.0,,,677.0,382.0,678.0,370.0,676.0,393.0,"-0,09081","-0,00042","-0,99587","-0,20100","0,01529","-0,97947","3,85","3,74",Valid,Valid,"232,6","101,5","513,3","291,0","99,5","515,0","185,8","101,3","185,3","107,5","0,2728","0,3533","0,2734","0,3429","0,2721","0,3637",thumbnail_grossTrial,thumbnail_grossTrial.png,1245.0,1080.0,337.0,0.0,798.0,692.0,Fixation,1067.0,37.0,678.0,382.0,"0,2738","0,3536",,
25350,15335653,1400454606940,Eye Tracker,Participant0058,17.09.2021,Participant0058,Recording4,17.09.2021,17.09.2021,14:48:45.713,12:48:45.713,64514,Timeline2,Tobii I-VT (Fixation),1.145.28180,1080,1920,"10,00",683199783.0,,,677.0,374.0,681.0,372.0,673.0,376.0,"-0,08943","0,00010","-0,99599","-0,20260","0,00646","-0,97924",,,Valid,Valid,"232,6","101,6","513,2","291,1","99,6","514,9","186,5","101,7","184,5","103,0","0,2727","0,3462","0,2757","0,3441","0,2698","0,3483",thumbnail_grossTrial,thumbnail_grossTrial.png,1245.0,1080.0,337.0,0.0,798.0,692.0,Fixation,1067.0,37.0,678.0,382.0,"0,2738","0,3536",,
25351,15344051,1400454615338,Eye Tracker,Participant0058,17.09.2021,Participant0058,Recording4,17.09.2021,17.09.2021,14:48:45.713,12:48:45.713,64514,Timeline2,Tobii I-VT (Fixation),1.145.28180,1080,1920,"10,00",683208181.0,,,675.0,385.0,680.0,377.0,671.0,393.0,"-0,08991","0,00316","-0,99594","-0,20376","0,01537","-0,97890",,,Valid,Valid,"232,6","101,6","513,2","291,0","99,5","515,0","186,2","103,2","183,8","107,6","0,2713","0,3566","0,2748","0,3493","0,2678","0,3640",thumbnail_grossTrial,thumbnail_grossTrial.png,1245.0,1080.0,337.0,0.0,798.0,692.0,Fixation,1067.0,37.0,678.0,382.0,"0,2738","0,3536",,
25352,15352311,1400454623598,Eye Tracker,Participant0058,17.09.2021,Participant0058,Recording4,17.09.2021,17.09.2021,14:48:45.713,12:48:45.713,64514,Timeline2,Tobii I-VT (Fixation),1.145.28180,1080,1920,"10,00",683216441.0,,,678.0,384.0,687.0,377.0,669.0,392.0,"-0,08582","0,00299","-0,99631","-0,20451","0,01487","-0,97875","4,00","3,74",Valid,Valid,"232,6","101,5","513,3","291,0","99,4","515,0","188,3","103,1","183,4","107,2","0,2737","0,3558","0,2810","0,3487","0,2665","0,3628",thumbnail_grossTrial,thumbnail_grossTrial.png,1245.0,1080.0,337.0,0.0,798.0,692.0,Fixation,1067.0,37.0,678.0,382.0,"0,2738","0,3536",,
25353,15360647,1400454631934,Eye Tracker,Participant0058,17.09.2021,Participant0058,Recording4,17.09.2021,17.09.2021,14:48:45.713,12:48:45.713,64514,Timeline2,Tobii I-VT (Fixation),1.145.28180,1080,1920,"10,00",683224776.0,,,675.0,387.0,686.0,378.0,663.0,396.0,"-0,08640","0,00354","-0,99625","-0,20745","0,01678","-0,97810",,,Valid,Valid,"232,6","101,6","513,2","291,1","99,5","515,0","188,1","103,4","181,8","108,3","0,2711","0,3582","0,2803","0,3500","0,2619","0,3665",thumbnail_grossTrial,thumbnail_grossTrial.png,1245.0,1080.0,337.0,0.0,798.0,692.0,Fixation,1067.0,37.0,678.0,382.0,"0,2738","0,3536",,
25354,15369001,1400454640288,Eye Tracker,Participant0058,17.09.2021,Participant0058,Recording4,17.09.2021,17.09.2021,14:48:45.713,12:48:45.713,64514,Timeline2,Tobii I-VT (Fixation),1.145.28180,1080,1920,"10,00",683233130.0,,,677.0,376.0,689.0,373.0,666.0,379.0,"-0,08486","0,00099","-0,99639","-0,20634","0,00797","-0,97845",,,Valid,Valid,"232,6","101,6","513,3","291,0","99,4","515,1","188,9","102,1","182,4","103,6","0,2730","0,3481","0,2825","0,3454","0,2635","0,3507",thumbnail_grossTrial,thumbnail_grossTrial.png,1245.0,1080.0,337.0,0.0,798.0,692.0,Fixation,1067.0,37.0,678.0,382.0,"0,2738","0,3536",,
25355,15377298,1400454648585,Eye Tracker,Participant0058,17.09.2021,Participant0058,Recording4,17.09.2021,17.09.2021,14:48:45.713,12:48:45.713,64514,Timeline2,Tobii I-VT (Fixation),1.145.28180,1080,1920,"10,00",683241427.0,,,676.0,375.0,689.0,374.0,662.0,376.0,"-0,08467","0,00176","-0,99641","-0,20792","0,00659","-0,97812","3,99","3,74",Valid,Valid,"232,5","101,5","513,3","291,1","99,4","515,2","188,9","102,4","181,5","102,8","0,2718","0,3472","0,2826","0,3464","0,2610","0,3480",thumbnail_grossTrial,thumbnail_grossTrial.png,1245.0,1080.0,337.0,0.0,798.0,692.0,Fixation,1067.0,37.0,678.0,382.0,"0,2738","0,3536",,
25356,15385698,1400454656985,Eye Tracker,Participant0058,17.09.2021,Participant0058,Recording4,17.09.2021,17.09.2021,14:48:45.713,12:48:45.713,64514,Timeline2,Tobii I-VT (Fixation),1.145.28180,1080,1920,"10,00",683249827.0,,,676.0,375.0,683.0,370.0,669.0,380.0,"-0,08807","-0,00066","-0,99611","-0,20479","0,00865","-0,97877",,,Valid,Valid,"232,6","101,6","513,3","291,1","99,4","515,2","187,2","101,3","183,3","104,0","0,2719","0,3473","0,2777","0,3427","0,2661","0,3518",thumbnail_grossTrial,thumbnail_grossTrial.png,1245.0,1080.0,337.0,0.0,798.0,692.0,Fixation,1067.0,37.0,678.0,382.0,"0,2738","0,3536",,
25357,15394054,1400454665341,Eye Tracker,Participant0058,17.09.2021,Participant0058,Recording4,17.09.2021,17.09.2021,14:48:45.713,12:48:45.713,64514,Timeline2,Tobii I-VT (Fixation),1.145.28180,1080,1920,"10,00",683258182.0,,,675.0,390.0,682.0,378.0,667.0,403.0,"-0,08844","0,00364","-0,99607","-0,20526","0,02052","-0,97849",,,Valid,Valid,"232,5","101,6","513,4","291,0","99,4","515,3","187,0","103,5","182,9","110,2","0,2710","0,3615","0,2769","0,3500","0,2651","0,3729",thumbnail_grossTrial,thumbnail_grossTrial.png,1245.0,1080.0,337.0,0.0,798.0,692.0,Fixation,1067.0,37.0,678.0,382.0,"0,2738","0,3536",,
25358,15402330,1400454673617,Eye Tracker,Participant0058,17.09.2021,Participant0058,Recording4,17.09.2021,17.09.2021,14:48:45.713,12:48:45.713,64514,Timeline2,Tobii I-VT (Fixation),1.145.28180,1080,1920,"10,00",683266458.0,,,687.0,408.0,689.0,378.0,685.0,439.0,"-0,08497","0,00376","-0,99638","-0,19632","0,03940","-0,97975","4,11","3,74",Valid,Valid,"232,5","101,4","513,5","291,0","99,3","515,4","188,7","103,4","187,8","120,0","0,2806","0,3779","0,2820","0,3498","0,2792","0,4061",thumbnail_grossTrial,thumbnail_grossTrial.png,1245.0,1080.0,337.0,0.0,798.0,692.0,Fixation,1067.0,37.0,678.0,382.0,"0,2738","0,3536",,
25359,15410673,1400454681960,Eye Tracker,Participant0058,17.09.2021,Participant0058,Recording4,17.09.2021,17.09.2021,14:48:45.713,12:48:45.713,64514,Timeline2,Tobii I-VT (Fixation),1.145.28180,1080,1920,"10,00",683274801.0,,,684.0,409.0,686.0,380.0,683.0,438.0,"-0,08653","0,00448","-0,99624","-0,19748","0,03908","-0,97953",,,Valid,Valid,"232,6","101,6","513,5","291,1","99,4","515,4","188,0","103,9","187,2","120,0","0,2788","0,3787","0,2799","0,3515","0,2776","0,4059",thumbnail_grossTrial,thumbnail_grossTrial.png,1245.0,1080.0,337.0,0.0,798.0,692.0,Fixation,1067.0,37.0,678.0,382.0,"0,2738","0,3536",,
25360,15418975,1400454690262,Eye Tracker,Participant0058,17.09.2021,Participant0058,Recording4,17.09.2021,17.09.2021,14:48:45.713,12:48:45.713,64514,Timeline2,Tobii I-VT (Fixation),1.145.28180,1080,1920,"10,00",683283103.0,,,683.0,378.0,690.0,361.0,675.0,396.0,"-0,08422","-0,00516","-0,99643","-0,20138","0,01687","-0,97937",,,Valid,Valid,"232,5","101,5","513,6","291,0","99,4","515,5","189,1","98,9","185,0","108,3","0,2773","0,3504","0,2832","0,3345","0,2713","0,3663",thumbnail_grossTrial,thumbnail_grossTrial.png,1245.0,1080.0,337.0,0.0,798.0,692.0,Fixation,1067.0,37.0,678.0,382.0,"0,2738","0,3536",,
25361,15427325,1400454698612,Eye Tracker,Participant0058,17.09.2021,Participant0058,Recording4,17.09.2021,17.09.2021,14:48:45.713,12:48:45.713,64514,Timeline2,Tobii I-VT (Fixation),1.145.28180,1080,1920,"10,00",683291452.0,,,677.0,369.0,679.0,352.0,674.0,386.0,"-0,08986","-0,00984","-0,99591","-0,20181","0,01195","-0,97935","4,02","3,75",Valid,Valid,"232,5","101,5","513,7","291,1","99,3","515,6","186,2","96,4","184,8","105,6","0,2726","0,3417","0,2746","0,3261","0,2706","0,3574",thumbnail_grossTrial,thumbnail_grossTrial.png,1245.0,1080.0,337.0,0.0,798.0,692.0,Fixation,1067.0,37.0,678.0,382.0,"0,2738","0,3536",,
25362,15435669,1400454706956,Eye Tracker,Participant0058,17.09.2021,Participant0058,Recording4,17.09.2021,17.09.2021,14:48:45.713,12:48:45.713,64514,Timeline2,Tobii I-VT (Fixation),1.145.28180,1080,1920,"10,00",683299796.0,,,681.0,375.0,696.0,364.0,667.0,386.0,"-0,08130","-0,00351","-0,99668","-0,20571","0,01167","-0,97854",,,Valid,Valid,"232,6","101,5","513,8","291,1","99,4","515,5","190,7","99,7","182,7","105,5","0,2761","0,3472","0,2878","0,3374","0,2645","0,3571",thumbnail_grossTrial,thumbnail_grossTrial.png,1245.0,1080.0,337.0,0.0,798.0,692.0,Fixation,1067.0,37.0,678.0,382.0,"0,2738","0,3536",,
25363,15444025,1400454715312,Eye Tracker,Participant0058,17.09.2021,Participant0058,Recording4,17.09.2021,17.09.2021,14:48:45.713,12:48:45.713,64514,Timeline2,Tobii I-VT (Fixation),1.145.28180,1080,1920,"10,00",683308152.0,,,680.0,384.0,692.0,383.0,668.0,386.0,"-0,08305","0,00622","-0,99653","-0,20473","0,01168","-0,97875",,,Valid,Valid,"232,5","101,5","513,8","291,0","99,4","515,6","189,7","104,7","183,2","105,5","0,2754","0,3556","0,2850","0,3542","0,2659","0,3570",thumbnail_grossTrial,thumbnail_grossTrial.png,1245.0,1080.0,337.0,0.0,798.0,692.0,Fixation,1067.0,37.0,678.0,382.0,"0,2738","0,3536",,
25364,15452321,1400454723608,Eye Tracker,Participant0058,17.09.2021,Participant0058,Recording4,17.09.2021,17.09.2021,14:48:45.713,12:48:45.713,64514,Timeline2,Tobii I-VT (Fixation),1.145.28180,1080,1920,"10,00",683316448.0,,,678.0,383.0,692.0,382.0,663.0,385.0,"-0,08320","0,00586","-0,99652","-0,20720","0,01149","-0,97823","4,02","3,75",Valid,Valid,"232,5","101,4","513,9","291,1","99,3","515,6","189,6","104,4","181,8","105,4","0,2733","0,3549","0,2847","0,3533","0,2619","0,3566",thumbnail_grossTrial,thumbnail_grossTrial.png,1245.0,1080.0,337.0,0.0,798.0,692.0,Fixation,1067.0,37.0,678.0,382.0,"0,2738","0,3536",,
25365,15460659,1400454731946,Eye Tracker,Participant0058,17.09.2021,Participant0058,Recording4,17.09.2021,17.09.2021,14:48:45.713,12:48:45.713,64514,Timeline2,Tobii I-VT (Fixation),1.145.28180,1080,1920,"10,00",683324785.0,,,677.0,379.0,689.0,378.0,665.0,380.0,"-0,08460","0,00368","-0,99641","-0,20672","0,00892","-0,97836",,,Valid,Valid,"232,6","101,5","513,9","291,1","99,4","515,6","188,9","103,4","182,2","104,1","0,2728","0,3510","0,2827","0,3498","0,2628","0,3522",thumbnail_grossTrial,thumbnail_grossTrial.png,1245.0,1080.0,337.0,0.0,798.0,692.0,Fixation,1067.0,37.0,678.0,382.0,"0,2738","0,3536",,
25366,15468959,1400454740246,Eye Tracker,Participant0058,17.09.2021,Participant0058,Recording4,17.09.2021,17.09.2021,14:48:45.713,12:48:45.713,64514,Timeline2,Tobii I-VT (Fixation),1.145.28180,1080,1920,"10,00",683333085.0,,,676.0,375.0,690.0,376.0,662.0,375.0,"-0,08415","0,00272","-0,99645","-0,20780","0,00591","-0,97815",,,Valid,Valid,"232,5","101,4","513,9","291,0","99,4","515,6","189,1","102,9","181,5","102,5","0,2721","0,3474","0,2833","0,3480","0,2609","0,3468",thumbnail_grossTrial,thumbnail_grossTrial.png,1245.0,1080.0,337.0,0.0,798.0,692.0,Fixation,1067.0,37.0,678.0,382.0,"0,2738","0,3536",,
25367,15477289,1400454748576,Eye Tracker,Participant0058,17.09.2021,Participant0058,Recording4,17.09.2021,17.09.2021,14:48:45.713,12:48:45.713,64514,Timeline2,Tobii I-VT (Fixation),1.145.28180,1080,1920,"10,00",683341415.0,,,674.0,382.0,682.0,382.0,666.0,381.0,"-0,08842","0,00634","-0,99606","-0,20589","0,00921","-0,97853","3,84","3,74",Valid,Valid,"232,5","101,4","513,9","291,0","99,3","515,6","186,9","104,7","182,5","104,2","0,2703","0,3533","0,2767","0,3541","0,2640","0,3525",thumbnail_grossTrial,thumbnail_grossTrial.png,1245.0,1080.0,337.0,0.0,798.0,692.0,Fixation,1067.0,37.0,678.0,382.0,"0,2738","0,3536",,
25368,15485657,1400454756944,Eye Tracker,Participant0058,17.09.2021,Participant0058,Recording4,17.09.2021,17.09.2021,14:48:45.713,12:48:45.713,64514,Timeline2,Tobii I-VT (Fixation),1.145.28180,1080,1920,"10,00",683349783.0,,,667.0,375.0,669.0,370.0,664.0,381.0,"-0,09515","-0,00056","-0,99546","-0,20717","0,00909","-0,97826",,,Valid,Valid,"232,6","101,5","513,9","291,1","99,4","515,5","183,5","101,2","181,9","104,2","0,2644","0,3475","0,2667","0,3424","0,2621","0,3526",thumbnail_grossTrial,thumbnail_grossTrial.png,1245.0,1080.0,337.0,0.0,798.0,692.0,Fixation,1067.0,37.0,678.0,382.0,"0,2738","0,3536",,
25369,15493956,1400454765243,Eye Tracker,Participant0058,17.09.2021,Participant0058,Recording4,17.09.2021,17.09.2021,14:48:45.713,12:48:45.713,64514,Timeline2,Tobii I-VT (Fixation),1.145.28180,1080,1920,"10,00",683358081.0,,,664.0,375.0,664.0,371.0,665.0,379.0,"-0,09783","-0,00010","-0,99520","-0,20650","0,00798","-0,97841",,,Valid,Valid,"232,5","101,5","513,8","291,0","99,4","515,5","182,0","101,4","182,2","103,6","0,2627","0,3468","0,2624","0,3431","0,2630","0,3505",thumbnail_grossTrial,thumbnail_grossTrial.png,1245.0,1080.0,337.0,0.0,798.0,692.0,Fixation,1067.0,37.0,678.0,382.0,"0,2738","0,3536",,
25370,15502288,1400454773575,Eye Tracker,Participant0058,17.09.2021,Participant0058,Recording4,17.09.2021,17.09.2021,14:48:45.713,12:48:45.713,64514,Timeline2,Tobii I-VT (Fixation),1.145.28180,1080,1920,"10,00",683366413.0,,,665.0,375.0,667.0,370.0,663.0,381.0,"-0,09609","-0,00013","-0,99537","-0,20752","0,00911","-0,97819","3,87","3,74",Valid,Valid,"232,5","101,4","513,9","291,0","99,3","515,4","182,9","101,3","181,7","104,1","0,2632","0,3475","0,2650","0,3428","0,2614","0,3523",thumbnail_grossTrial,thumbnail_grossTrial.png,1245.0,1080.0,337.0,0.0,798.0,692.0,Fixation,1067.0,37.0,678.0,382.0,"0,2738","0,3536",,
25371,15510651,1400454781938,Eye Tracker,Participant0058,17.09.2021,Participant0058,Recording4,17.09.2021,17.09.2021,14:48:45.713,12:48:45.713,64514,Timeline2,Tobii I-VT (Fixation),1.145.28180,1080,1920,"10,00",683374776.0,,,670.0,383.0,672.0,376.0,668.0,390.0,"-0,09383","0,00259","-0,99558","-0,20521","0,01378","-0,97862",,,Valid,Valid,"232,6","101,5","513,8","291,1","99,4","515,3","184,1","102,8","183,0","106,7","0,2670","0,3544","0,2687","0,3478","0,2653","0,3610",thumbnail_grossTrial,thumbnail_grossTrial.png,1245.0,1080.0,337.0,0.0,798.0,692.0,Fixation,1067.0,37.0,678.0,382.0,"0,2738","0,3536",,
25372,15518992,1400454790279,Eye Tracker,Participant0058,17.09.2021,Participant0058,Recording4,17.09.2021,17.09.2021,14:48:45.713,12:48:45.713,64514,Timeline2,Tobii I-VT (Fixation),1.145.28180,1080,1920,"10,00",683383117.0,,,673.0,391.0,677.0,374.0,668.0,408.0,"-0,09085","0,00205","-0,99586","-0,20503","0,02298","-0,97849",,,Valid,Valid,"232,5","101,4","513,9","291,0","99,4","515,3","185,6","102,5","183,0","111,5","0,2692","0,3620","0,2730","0,3467","0,2654","0,3773",thumbnail_grossTrial,thumbnail_grossTrial.png,1245.0,1080.0,337.0,0.0,798.0,692.0,Fixation,1067.0,37.0,678.0,382.0,"0,2738","0,3536",,
25373,15527285,1400454798572,Eye Tracker,Participant0058,17.09.2021,Participant0058,Recording4,17.09.2021,17.09.2021,14:48:45.713,12:48:45.713,64514,Timeline2,Tobii I-VT (Fixation),1.145.28180,1080,1920,"10,00",683391409.0,,,677.0,397.0,684.0,382.0,671.0,411.0,"-0,08727","0,00630","-0,99616","-0,20346","0,02507","-0,97876","3,87","4,12",Valid,Valid,"232,5","101,3","513,9","291,0","99,3","515,3","187,4","104,5","183,9","112,5","0,2731","0,3672","0,2783","0,3536","0,2679","0,3808",thumbnail_grossTrial,thumbnail_grossTrial.png,1245.0,1080.0,337.0,0.0,798.0,692.0,Fixation,1067.0,37.0,678.0,382.0,"0,2738","0,3536",,
25374,15535654,1400454806941,Eye Tracker,Participant0058,17.09.2021,Participant0058,Recording4,17.09.2021,17.09.2021,14:48:45.713,12:48:45.713,64514,Timeline2,Tobii I-VT (Fixation),1.145.28180,1080,1920,"10,00",683399778.0,,,677.0,393.0,687.0,379.0,667.0,407.0,"-0,08603","0,00479","-0,99628","-0,20540","0,02263","-0,97842",,,Valid,Valid,"232,6","101,4","514,0","291,1","99,5","515,2","188,2","103,9","182,9","111,4","0,2728","0,3641","0,2805","0,3514","0,2650","0,3768",thumbnail_grossTrial,thumbnail_grossTrial.png,1245.0,1080.0,337.0,0.0,798.0,692.0,Fixation,1067.0,37.0,678.0,382.0,"0,2738","0,3536",,
25375,15543985,1400454815272,Eye Tracker,Participant0058,17.09.2021,Participant0058,Recording4,17.09.2021,17.09.2021,14:48:45.713,12:48:45.713,64514,Timeline2,Tobii I-VT (Fixation),1.145.28180,1080,1920,"10,00",683408109.0,,,675.0,391.0,687.0,386.0,664.0,396.0,"-0,08596","0,00810","-0,99627","-0,20678","0,01707","-0,97824",,,Valid,Valid,"232,5","101,3","514,0","291,0","99,4","515,2","188,2","105,5","182,1","108,4","0,2716","0,3619","0,2804","0,3570","0,2627","0,3668",thumbnail_grossTrial,thumbnail_grossTrial.png,1245.0,1080.0,337.0,0.0,798.0,692.0,Fixation,1067.0,37.0,678.0,382.0,"0,2738","0,3536",,
25376,15552312,1400454823599,Eye Tracker,Participant0058,17.09.2021,Participant0058,Recording4,17.09.2021,17.09.2021,14:48:45.713,12:48:45.713,64514,Timeline2,Tobii I-VT (Fixation),1.145.28180,1080,1920,"10,00",683416436.0,,,674.0,383.0,685.0,386.0,662.0,381.0,"-0,08650","0,00878","-0,99621","-0,20812","0,00901","-0,97806","3,86","3,76",Valid,Valid,"232,5","101,2","514,1","291,0","99,4","515,3","187,8","105,7","181,4","104,2","0,2700","0,3550","0,2794","0,3576","0,2606","0,3524",thumbnail_grossTrial,thumbnail_grossTrial.png,1245.0,1080.0,337.0,0.0,798.0,692.0,Fixation,1067.0,37.0,678.0,382.0,"0,2738","0,3536",,
25377,15560685,1400454831972,Eye Tracker,Participant0058,17.09.2021,Participant0058,Recording4,17.09.2021,17.09.2021,14:48:45.713,12:48:45.713,64514,Timeline2,Tobii I-VT (Fixation),1.145.28180,1080,1920,"10,00",683424808.0,,,676.0,390.0,688.0,396.0,664.0,384.0,"-0,08516","0,01362","-0,99627","-0,20705","0,01043","-0,97828",,,Valid,Valid,"232,6","101,3","514,2","291,1","99,5","515,2","188,6","108,3","182,0","105,0","0,2721","0,3608","0,2818","0,3665","0,2625","0,3551",thumbnail_grossTrial,thumbnail_grossTrial.png,1245.0,1080.0,337.0,0.0,798.0,692.0,Fixation,1067.0,37.0,678.0,382.0,"0,2738","0,3536",,
25378,15568951,1400454840238,Eye Tracker,Participant0058,17.09.2021,Participant0058,Recording4,17.09.2021,17.09.2021,14:48:45.713,12:48:45.713,64514,Timeline2,Tobii I-VT (Fixation),1.145.28180,1080,1920,"10,00",683433074.0,,,677.0,385.0,687.0,393.0,666.0,376.0,"-0,08543","0,01228","-0,99627","-0,20586","0,00679","-0,97856",,,Valid,Valid,"232,5","101,2","514,2","291,0","99,4","515,3","188,4","107,6","182,6","103,0","0,2727","0,3563","0,2812","0,3640","0,2642","0,3486",thumbnail_grossTrial,thumbnail_grossTrial.png,1245.0,1080.0,337.0,0.0,798.0,692.0,Fixation,1067.0,37.0,678.0,382.0,"0,2738","0,3536",,
25379,15577370,1400454848657,Eye Tracker,Participant0058,17.09.2021,Participant0058,Recording4,17.09.2021,17.09.2021,14:48:45.713,12:48:45.713,64514,Timeline2,Tobii I-VT (Fixation),1.145.28180,1080,1920,"10,00",683441493.0,,,678.0,389.0,687.0,388.0,669.0,389.0,"-0,08571","0,01000","-0,99627","-0,20462","0,01337","-0,97875","3,86","3,79",Valid,Valid,"232,4","101,1","514,3","291,0","99,4","515,3","188,2","106,3","183,3","106,4","0,2733","0,3598","0,2806","0,3596","0,2661","0,3600",thumbnail_grossTrial,thumbnail_grossTrial.png,1245.0,1080.0,337.0,0.0,798.0,692.0,Fixation,1067.0,37.0,678.0,382.0,"0,2738","0,3536",,
25380,15585653,1400454856940,Eye Tracker,Participant0058,17.09.2021,Participant0058,Recording4,17.09.2021,17.09.2021,14:48:45.713,12:48:45.713,64514,Timeline2,Tobii I-VT (Fixation),1.145.28180,1080,1920,"10,00",683449776.0,,,682.0,391.0,691.0,390.0,673.0,392.0,"-0,08373","0,01034","-0,99643","-0,20238","0,01492","-0,97919",,,Valid,Valid,"232,6","101,3","514,3","291,1","99,5","515,3","189,3","106,6","184,6","107,3","0,2769","0,3620","0,2839","0,3608","0,2699","0,3632",thumbnail_grossTrial,thumbnail_grossTrial.png,1245.0,1080.0,337.0,0.0,798.0,692.0,Fixation,1067.0,37.0,678.0,382.0,"0,2738","0,3536",,
25381,15593949,1400454865236,Eye Tracker,Participant0058,17.09.2021,Participant0058,Recording4,17.09.2021,17.09.2021,14:48:45.713,12:48:45.713,64514,Timeline2,Tobii I-VT (Fixation),1.145.28180,1080,1920,"10,00",683458071.0,,,685.0,382.0,695.0,373.0,676.0,392.0,"-0,08134","0,00136","-0,99669","-0,20121","0,01481","-0,97944",,,Valid,Valid,"232,5","101,3","514,3","291,0","99,5","515,3","190,5","102,0","185,2","107,3","0,2795","0,3540","0,2874","0,3451","0,2716","0,3630",thumbnail_grossTrial,thumbnail_grossTrial.png,1245.0,1080.0,337.0,0.0,798.0,692.0,Fixation,1067.0,37.0,678.0,382.0,"0,2738","0,3536",,
25382,15602317,1400454873604,Eye Tracker,Participant0058,17.09.2021,Participant0058,Recording4,17.09.2021,17.09.2021,14:48:45.713,12:48:45.713,64514,Timeline2,Tobii I-VT (Fixation),1.145.28180,1080,1920,"10,00",683466439.0,,,679.0,380.0,698.0,365.0,660.0,395.0,"-0,07966","-0,00274","-0,99682","-0,20924","0,01666","-0,97772","4,07","3,74",Valid,Valid,"232,5","101,3","514,2","291,0","99,4","515,3","191,4","99,8","180,8","108,2","0,2743","0,3520","0,2899","0,3378","0,2587","0,3662",thumbnail_grossTrial,thumbnail_grossTrial.png,1245.0,1080.0,337.0,0.0,798.0,692.0,Fixation,1067.0,37.0,678.0,382.0,"0,2738","0,3536",,
25383,15610616,1400454881903,Eye Tracker,Participant0058,17.09.2021,Participant0058,Recording4,17.09.2021,17.09.2021,14:48:45.713,12:48:45.713,64514,Timeline2,Tobii I-VT (Fixation),1.145.28180,1080,1920,"10,00",683474738.0,,,686.0,369.0,700.0,363.0,673.0,375.0,"-0,07885","-0,00421","-0,99688","-0,20278","0,00585","-0,97921",,,Valid,Valid,"232,6","101,4","514,1","291,1","99,5","515,3","191,9","99,2","184,4","102,6","0,2804","0,3415","0,2914","0,3357","0,2693","0,3472",thumbnail_grossTrial,thumbnail_grossTrial.png,1245.0,1080.0,337.0,0.0,798.0,692.0,Fixation,1067.0,37.0,678.0,382.0,"0,2738","0,3536",,
25384,15618978,1400454890265,Eye Tracker,Participant0058,17.09.2021,Participant0058,Recording4,17.09.2021,17.09.2021,14:48:45.713,12:48:45.713,64514,Timeline2,Tobii I-VT (Fixation),1.145.28180,1080,1920,"10,00",683483100.0,,,685.0,381.0,701.0,363.0,669.0,398.0,"-0,07853","-0,00377","-0,99691","-0,20469","0,01780","-0,97867",,,Valid,Valid,"232,5","101,4","514,1","291,0","99,5","515,3","192,0","99,5","183,3","108,9","0,2789","0,3525","0,2918","0,3365","0,2661","0,3685",thumbnail_grossTrial,thumbnail_grossTrial.png,1245.0,1080.0,337.0,0.0,798.0,692.0,Fixation,1067.0,37.0,678.0,382.0,"0,2738","0,3536",,
25385,15627304,1400454898591,Eye Tracker,Participant0058,17.09.2021,Participant0058,Recording4,17.09.2021,17.09.2021,14:48:45.713,12:48:45.713,64514,Timeline2,Tobii I-VT (Fixation),1.145.28180,1080,1920,"10,00",683491425.0,,,683.0,383.0,696.0,367.0,670.0,400.0,"-0,08091","-0,00193","-0,99672","-0,20386","0,01904","-0,97882","4,01","3,77",Valid,Valid,"232,5","101,4","514,0","291,1","99,5","515,4","190,8","100,4","183,7","109,5","0,2778","0,3551","0,2882","0,3397","0,2674","0,3705",thumbnail_grossTrial,thumbnail_grossTrial.png,1245.0,1080.0,337.0,0.0,798.0,692.0,Fixation,1067.0,37.0,678.0,382.0,"0,2738","0,3536",,
25386,15635641,1400454906928,Eye Tracker,Participant0058,17.09.2021,Participant0058,Recording4,17.09.2021,17.09.2021,14:48:45.713,12:48:45.713,64514,Timeline2,Tobii I-VT (Fixation),1.145.28180,1080,1920,"10,00",683499762.0,,,678.0,378.0,689.0,363.0,668.0,394.0,"-0,08498","-0,00451","-0,99637","-0,20504","0,01586","-0,97862",,,Valid,Valid,"232,6","101,5","513,9","291,1","99,6","515,3","188,8","99,2","183,1","107,9","0,2740","0,3504","0,2822","0,3357","0,2657","0,3651",thumbnail_grossTrial,thumbnail_grossTrial.png,1245.0,1080.0,337.0,0.0,798.0,692.0,Fixation,1067.0,37.0,678.0,382.0,"0,2738","0,3536",,
25387,15643982,1400454915269,Eye Tracker,Participant0058,17.09.2021,Participant0058,Recording4,17.09.2021,17.09.2021,14:48:45.713,12:48:45.713,64514,Timeline2,Tobii I-VT (Fixation),1.145.28180,1080,1920,"10,00",683508103.0,,,677.0,375.0,687.0,371.0,668.0,380.0,"-0,08605","-0,00030","-0,99629","-0,20520","0,00832","-0,97868",,,Valid,Valid,"232,5","101,6","513,8","291,1","99,5","515,3","188,2","101,4","183,0","103,9","0,2729","0,3473","0,2804","0,3431","0,2653","0,3516",thumbnail_grossTrial,thumbnail_grossTrial.png,1245.0,1080.0,337.0,0.0,798.0,692.0,Fixation,1067.0,37.0,678.0,382.0,"0,2738","0,3536",,
25388,15652304,1400454923591,Eye Tracker,Participant0058,17.09.2021,Participant0058,Recording4,17.09.2021,17.09.2021,14:48:45.713,12:48:45.713,64514,Timeline2,Tobii I-VT (Fixation),1.145.28180,1080,1920,"10,00",683516424.0,,,680.0,375.0,692.0,368.0,668.0,382.0,"-0,08318","-0,00130","-0,99653","-0,20512","0,00959","-0,97869","4,08","3,77",Valid,Valid,"232,5","101,5","513,7","291,1","99,5","515,4","189,7","100,8","183,0","104,5","0,2751","0,3474","0,2848","0,3412","0,2654","0,3537",thumbnail_grossTrial,thumbnail_grossTrial.png,1245.0,1080.0,337.0,0.0,798.0,692.0,Fixation,1067.0,37.0,678.0,382.0,"0,2738","0,3536",,
25389,15660712,1400454931999,Eye Tracker,Participant0058,17.09.2021,Participant0058,Recording4,17.09.2021,17.09.2021,14:48:45.713,12:48:45.713,64514,Timeline2,Tobii I-VT (Fixation),1.145.28180,1080,1920,"10,00",683524832.0,,,683.0,382.0,696.0,375.0,671.0,390.0,"-0,08113","0,00196","-0,99670","-0,20379","0,01352","-0,97892",,,Valid,Valid,"232,6","101,6","513,6","291,1","99,6","515,3","190,8","102,6","183,8","106,7","0,2779","0,3541","0,2881","0,3473","0,2677","0,3609",thumbnail_grossTrial,thumbnail_grossTrial.png,1245.0,1080.0,337.0,0.0,798.0,692.0,Fixation,1067.0,37.0,678.0,382.0,"0,2738","0,3536",,
25390,15668941,1400454940228,Eye Tracker,Participant0058,17.09.2021,Participant0058,Recording4,17.09.2021,17.09.2021,14:48:45.713,12:48:45.713,64514,Timeline2,Tobii I-VT (Fixation),1.145.28180,1080,1920,"10,00",683533061.0,,,684.0,383.0,697.0,376.0,672.0,390.0,"-0,08065","0,00236","-0,99674","-0,20309","0,01372","-0,97906",,,Valid,Valid,"232,5","101,6","513,6","291,0","99,5","515,4","191,0","102,8","184,1","106,7","0,2786","0,3545","0,2887","0,3479","0,2686","0,3611",thumbnail_grossTrial,thumbnail_grossTrial.png,1245.0,1080.0,337.0,0.0,798.0,692.0,Fixation,1067.0,37.0,678.0,382.0,"0,2738","0,3536",,
25391,15677301,1400454948588,Eye Tracker,Participant0058,17.09.2021,Participant0058,Recording4,17.09.2021,17.09.2021,14:48:45.713,12:48:45.713,64514,Timeline2,Tobii I-VT (Fixation),1.145.28180,1080,1920,"10,00",683541421.0,,,681.0,387.0,694.0,380.0,667.0,393.0,"-0,08188","0,00485","-0,99663","-0,20546","0,01544","-0,97854","4,08","4,21",Valid,Valid,"232,5","101,5","513,6","291,0","99,4","515,4","190,3","104,0","182,8","107,6","0,2758","0,3580","0,2868","0,3520","0,2648","0,3639",thumbnail_grossTrial,thumbnail_grossTrial.png,1245.0,1080.0,337.0,0.0,798.0,692.0,Fixation,1067.0,37.0,678.0,382.0,"0,2738","0,3536",,
25392,15685664,1400454956951,Eye Tracker,Participant0058,17.09.2021,Participant0058,Recording4,17.09.2021,17.09.2021,14:48:45.713,12:48:45.713,64514,Timeline2,Tobii I-VT (Fixation),1.145.28180,1080,1920,"10,00",683549783.0,,,678.0,385.0,689.0,379.0,667.0,391.0,"-0,08486","0,00397","-0,99639","-0,20575","0,01437","-0,97850",,,Valid,Valid,"232,6","101,6","513,5","291,1","99,5","515,4","188,8","103,7","182,7","107,0","0,2734","0,3565","0,2824","0,3508","0,2644","0,3621",thumbnail_grossTrial,thumbnail_grossTrial.png,1245.0,1080.0,337.0,0.0,798.0,692.0,Fixation,1067.0,37.0,678.0,382.0,"0,2738","0,3536",,
25393,15693969,1400454965256,Eye Tracker,Participant0058,17.09.2021,Participant0058,Recording4,17.09.2021,17.09.2021,14:48:45.713,12:48:45.713,64514,Timeline2,Tobii I-VT (Fixation),1.145.28180,1080,1920,"10,00",683558088.0,,,691.0,397.0,712.0,413.0,670.0,381.0,"-0,07268","0,02231","-0,99711","-0,20375","0,00948","-0,97898",,,Valid,Valid,"232,5","101,6","513,5","291,0","99,4","515,5","195,1","113,1","183,7","104,4","0,2841","0,3679","0,3007","0,3826","0,2675","0,3532",thumbnail_grossTrial,thumbnail_grossTrial.png,1245.0,1080.0,337.0,0.0,798.0,692.0,Fixation,1067.0,37.0,678.0,382.0,"0,2738","0,3536",,
25394,15702300,1400454973587,Eye Tracker,Participant0058,17.09.2021,Participant0058,Recording4,17.09.2021,17.09.2021,14:48:45.713,12:48:45.713,64514,Timeline2,Tobii I-VT (Fixation),1.145.28180,1080,1920,"10,00",683566419.0,,,689.0,400.0,700.0,416.0,678.0,384.0,"-0,07903","0,02390","-0,99659","-0,19996","0,01099","-0,97974","3,91","3,78",Valid,Valid,"232,5","101,5","513,5","291,0","99,3","515,5","191,8","113,8","185,8","105,1","0,2822","0,3703","0,2910","0,3852","0,2735","0,3555",thumbnail_grossTrial,thumbnail_grossTrial.png,1245.0,1080.0,337.0,0.0,798.0,692.0,Fixation,1067.0,37.0,678.0,382.0,"0,2738","0,3536",,
25395,15710608,1400454981895,Eye Tracker,Participant0058,17.09.2021,Participant0058,Recording4,17.09.2021,17.09.2021,14:48:45.713,12:48:45.713,64514,Timeline2,Tobii I-VT (Fixation),1.145.28180,1080,1920,"10,00",683574727.0,,,686.0,398.0,700.0,416.0,672.0,380.0,"-0,07917","0,02373","-0,99658","-0,20294","0,00879","-0,97915",,,Valid,Valid,"232,6","101,6","513,5","291,1","99,4","515,5","191,8","113,8","184,2","104,0","0,2799","0,3685","0,2910","0,3852","0,2689","0,3518",thumbnail_grossTrial,thumbnail_grossTrial.png,1245.0,1080.0,337.0,0.0,798.0,692.0,Fixation,1067.0,37.0,678.0,382.0,"0,2738","0,3536",,
25396,15718939,1400454990226,Eye Tracker,Participant0058,17.09.2021,Participant0058,Recording4,17.09.2021,17.09.2021,14:48:45.713,12:48:45.713,64514,Timeline2,Tobii I-VT (Fixation),1.145.28180,1080,1920,"10,00",683583057.0,,,676.0,386.0,683.0,389.0,670.0,383.0,"-0,08806","0,00939","-0,99607","-0,20410","0,01020","-0,97890",,,Valid,Valid,"232,5","101,6","513,5","291,0","99,3","515,6","187,1","106,4","183,5","104,7","0,2721","0,3571","0,2773","0,3600","0,2669","0,3542",thumbnail_grossTrial,thumbnail_grossTrial.png,1245.0,1080.0,337.0,0.0,798.0,692.0,Fixation,1067.0,37.0,678.0,382.0,"0,2738","0,3536",,
25397,15727361,1400454998648,Eye Tracker,Participant0058,17.09.2021,Participant0058,Recording4,17.09.2021,17.09.2021,14:48:45.713,12:48:45.713,64514,Timeline2,Tobii I-VT (Fixation),1.145.28180,1080,1920,"10,00",683591479.0,,,680.0,383.0,691.0,385.0,669.0,382.0,"-0,08360","0,00727","-0,99647","-0,20430","0,01011","-0,97886","4,13","3,80",Valid,Valid,"232,5","101,5","513,5","291,0","99,2","515,7","189,4","105,2","183,4","104,5","0,2753","0,3549","0,2841","0,3561","0,2665","0,3537",thumbnail_grossTrial,thumbnail_grossTrial.png,1245.0,1080.0,337.0,0.0,798.0,692.0,Fixation,1067.0,37.0,678.0,382.0,"0,2738","0,3536",,
25398,15735606,1400455006893,Eye Tracker,Participant0058,17.09.2021,Participant0058,Recording4,17.09.2021,17.09.2021,14:48:45.713,12:48:45.713,64514,Timeline2,Tobii I-VT (Fixation),1.145.28180,1080,1920,"10,00",683599724.0,,,671.0,378.0,680.0,383.0,662.0,373.0,"-0,08976","0,00598","-0,99595","-0,20790","0,00534","-0,97814",,,Valid,Valid,"232,5","101,6","513,4","291,0","99,3","515,7","186,2","104,7","181,4","102,1","0,2677","0,3498","0,2748","0,3542","0,2605","0,3454",thumbnail_grossTrial,thumbnail_grossTrial.png,1245.0,1080.0,337.0,0.0,798.0,692.0,Saccade,42.0,57.0,,,,,,
25399,15743935,1400455015222,Eye Tracker,Participant0058,17.09.2021,Participant0058,Recording4,17.09.2021,17.09.2021,14:48:45.713,12:48:45.713,64514,Timeline2,Tobii I-VT (Fixation),1.145.28180,1080,1920,"10,00",683608053.0,,,653.0,370.0,660.0,372.0,646.0,367.0,"-0,09957","0,00055","-0,99503","-0,21522","0,00259","-0,97656",,,Valid,Valid,"232,3","101,5","513,3","290,8","99,1","515,9","180,9","101,8","177,1","100,5","0,2536","0,3422","0,2593","0,3445","0,2479","0,3400",thumbnail_grossTrial,thumbnail_grossTrial.png,1245.0,1080.0,337.0,0.0,798.0,692.0,Saccade,42.0,57.0,,,,,,
25400,15752268,1400455023555,Eye Tracker,Participant0058,17.09.2021,Participant0058,Recording4,17.09.2021,17.09.2021,14:48:45.713,12:48:45.713,64514,Timeline2,Tobii I-VT (Fixation),1.145.28180,1080,1920,"10,00",683616385.0,,,596.0,332.0,599.0,339.0,593.0,326.0,"-0,13140","-0,01671","-0,99119","-0,24112","-0,01845","-0,97032","3,92","4,33",Valid,Valid,"232,3","101,5","513,4","290,7","98,9","516,1","164,2","92,8","162,4","89,1","0,2076","0,3078","0,2103","0,3141","0,2050","0,3016",thumbnail_grossTrial,thumbnail_grossTrial.png,1245.0,1080.0,337.0,0.0,798.0,692.0,Saccade,42.0,57.0,,,,,,
25401,15760604,1400455031891,Eye Tracker,Participant0058,17.09.2021,Participant0058,Recording4,17.09.2021,17.09.2021,14:48:45.713,12:48:45.713,64514,Timeline2,Tobii I-VT (Fixation),1.145.28180,1080,1920,"10,00",683624721.0,,,549.0,301.0,542.0,300.0,557.0,301.0,"-0,16109","-0,03718","-0,98624","-0,25832","-0,03097","-0,96556",,,Valid,Valid,"232,3","101,6","513,4","290,7","99,1","516,0","148,5","82,2","152,7","82,5","0,1703","0,2787","0,1642","0,2782","0,1764","0,2792",thumbnail_grossTrial,thumbnail_grossTrial.png,1245.0,1080.0,337.0,0.0,798.0,692.0,Saccade,42.0,57.0,,,,,,
25402,15768967,1400455040254,Eye Tracker,Participant0058,17.09.2021,Participant0058,Recording4,17.09.2021,17.09.2021,14:48:45.713,12:48:45.713,64514,Timeline2,Tobii I-VT (Fixation),1.145.28180,1080,1920,"10,00",683633084.0,,,547.0,288.0,539.0,283.0,555.0,292.0,"-0,16244","-0,04595","-0,98565","-0,25938","-0,03581","-0,96511",,,Valid,Valid,"232,2","101,5","513,3","290,6","99,1","515,8","147,6","77,5","152,0","79,9","0,1681","0,2664","0,1617","0,2624","0,1745","0,2704",thumbnail_grossTrial,thumbnail_grossTrial.png,1245.0,1080.0,337.0,0.0,798.0,692.0,Saccade,42.0,57.0,,,,,,
25403,15777264,1400455048551,Eye Tracker,Participant0058,17.09.2021,Participant0058,Recording4,17.09.2021,17.09.2021,14:48:45.713,12:48:45.713,64514,Timeline2,Tobii I-VT (Fixation),1.145.28180,1080,1920,"10,00",683641381.0,,,554.0,280.0,547.0,274.0,560.0,285.0,"-0,15801","-0,05072","-0,98613","-0,25664","-0,03979","-0,96569","3,93","4,33",Valid,Valid,"232,3","101,5","513,3","290,6","99,2","515,4","150,0","75,1","153,6","77,9","0,1740","0,2589","0,1687","0,2541","0,1792","0,2637",thumbnail_grossTrial,thumbnail_grossTrial.png,1245.0,1080.0,337.0,0.0,798.0,692.0,Unclassified,42.0,81.0,,,,,,
25404,15785601,1400455056888,Eye Tracker,Participant0058,17.09.2021,Participant0058,Recording4,17.09.2021,17.09.2021,14:48:45.713,12:48:45.713,64514,Timeline2,Tobii I-VT (Fixation),1.145.28180,1080,1920,"10,00",683649717.0,,,562.0,277.0,,,562.0,277.0,,,,"-0,25617","-0,04436","-0,96561",,,Invalid,Valid,,,,"290,7","99,3","515,4",,,"154,0","75,7","0,1802","0,2560",,,"0,1802","0,2560",thumbnail_grossTrial,thumbnail_grossTrial.png,1245.0,1080.0,337.0,0.0,798.0,692.0,Unclassified,42.0,81.0,,,,,,
25405,15793932,1400455065219,Eye Tracker,Participant0058,17.09.2021,Participant0058,Recording4,17.09.2021,17.09.2021,14:48:45.713,12:48:45.713,64514,Timeline2,Tobii I-VT (Fixation),1.145.28180,1080,1920,"10,00",683658048.0,,,570.0,282.0,585.0,287.0,555.0,278.0,"-0,13867","-0,04454","-0,98934","-0,25940","-0,04343","-0,96479",,,Valid,Valid,"232,2","101,6","513,2","290,6","99,3","515,4","160,3","78,5","152,0","76,1","0,1867","0,2614","0,1988","0,2654","0,1746","0,2575",thumbnail_grossTrial,thumbnail_grossTrial.png,1245.0,1080.0,337.0,0.0,798.0,692.0,Unclassified,42.0,81.0,,,,,,
25406,15802353,1400455073640,Eye Tracker,Participant0058,17.09.2021,Participant0058,Recording4,17.09.2021,17.09.2021,14:48:45.713,12:48:45.713,64514,Timeline2,Tobii I-VT (Fixation),1.145.28180,1080,1920,"10,00",683666469.0,,,556.0,286.0,553.0,294.0,559.0,277.0,"-0,15507","-0,04024","-0,98708","-0,25731","-0,04379","-0,96534","3,93","3,89",Valid,Valid,"232,2","101,5","513,1","290,6","99,3","515,4","151,6","80,6","153,2","75,9","0,1757","0,2647","0,1733","0,2726","0,1781","0,2568",thumbnail_grossTrial,thumbnail_grossTrial.png,1245.0,1080.0,337.0,0.0,798.0,692.0,Unclassified,42.0,81.0,,,,,,
25407,15810630,1400455081917,Eye Tracker,Participant0058,17.09.2021,Participant0058,Recording4,17.09.2021,17.09.2021,14:48:45.713,12:48:45.713,64514,Timeline2,Tobii I-VT (Fixation),1.145.28180,1080,1920,"10,00",683674746.0,,,564.0,289.0,566.0,300.0,562.0,278.0,"-0,14874","-0,03841","-0,98813","-0,25617","-0,04415","-0,96562",,,Valid,Valid,"232,4","101,9","512,7","290,7","99,5","515,1","155,2","82,0","154,0","76,0","0,1822","0,2672","0,1839","0,2774","0,1804","0,2570",thumbnail_grossTrial,thumbnail_grossTrial.png,1245.0,1080.0,337.0,0.0,798.0,692.0,Unclassified,42.0,81.0,,,,,,
25408,15818928,1400455090215,Eye Tracker,Participant0058,17.09.2021,Participant0058,Recording4,17.09.2021,17.09.2021,14:48:45.713,12:48:45.713,64514,Timeline2,Tobii I-VT (Fixation),1.145.28180,1080,1920,"10,00",683683043.0,,,565.0,297.0,565.0,315.0,565.0,278.0,"-0,14919","-0,03023","-0,98835","-0,25501","-0,04417","-0,96593",,,Valid,Valid,"232,3","101,8","512,6","290,5","99,7","514,5","154,9","86,1","154,7","76,2","0,1827","0,2746","0,1829","0,2915","0,1825","0,2577",thumbnail_grossTrial,thumbnail_grossTrial.png,1245.0,1080.0,337.0,0.0,798.0,692.0,Saccade,17.0,58.0,,,,,,
25409,15827292,1400455098579,Eye Tracker,Participant0058,17.09.2021,Participant0058,Recording4,17.09.2021,17.09.2021,14:48:45.713,12:48:45.713,64514,Timeline2,Tobii I-VT (Fixation),1.145.28180,1080,1920,"10,00",683691407.0,,,580.0,302.0,596.0,324.0,565.0,280.0,"-0,13335","-0,02545","-0,99074","-0,25472","-0,04347","-0,96604","4,06","3,87",Valid,Valid,"232,3","101,8","512,6","290,6","99,7","514,5","163,3","88,6","154,9","76,5","0,1952","0,2794","0,2075","0,2999","0,1830","0,2588",thumbnail_grossTrial,thumbnail_grossTrial.png,1245.0,1080.0,337.0,0.0,798.0,692.0,Saccade,17.0,58.0,,,,,,
25410,15835600,1400455106887,Eye Tracker,Participant0058,17.09.2021,Participant0058,Recording4,17.09.2021,17.09.2021,14:48:45.713,12:48:45.713,64514,Timeline2,Tobii I-VT (Fixation),1.145.28180,1080,1920,"10,00",683699715.0,,,568.0,277.0,,,568.0,277.0,,,,"-0,25347","-0,04493","-0,96630",,,Invalid,Valid,,,,"290,6","99,8","514,3",,,"155,7","75,9","0,1854","0,2568",,,"0,1854","0,2568",thumbnail_grossTrial,thumbnail_grossTrial.png,1245.0,1080.0,337.0,0.0,798.0,692.0,Fixation,258.0,38.0,579.0,292.0,"0,1941","0,2702",,
25411,15843927,1400455115214,Eye Tracker,Participant0058,17.09.2021,Participant0058,Recording4,17.09.2021,17.09.2021,14:48:45.713,12:48:45.713,64514,Timeline2,Tobii I-VT (Fixation),1.145.28180,1080,1920,"10,00",683708042.0,,,583.0,305.0,597.0,331.0,568.0,278.0,"-0,13279","-0,02199","-0,99090","-0,25338","-0,04449","-0,96634",,,Valid,Valid,"232,3","102,0","512,3","290,5","99,8","514,2","163,6","90,6","155,7","76,1","0,1970","0,2821","0,2085","0,3066","0,1854","0,2576",thumbnail_grossTrial,thumbnail_grossTrial.png,1245.0,1080.0,337.0,0.0,798.0,692.0,Fixation,258.0,38.0,579.0,292.0,"0,1941","0,2702",,
25412,15852301,1400455123588,Eye Tracker,Participant0058,17.09.2021,Participant0058,Recording4,17.09.2021,17.09.2021,14:48:45.713,12:48:45.713,64514,Timeline2,Tobii I-VT (Fixation),1.145.28180,1080,1920,"10,00",683716415.0,,,583.0,301.0,598.0,324.0,567.0,278.0,"-0,13214","-0,02608","-0,99089","-0,25419","-0,04469","-0,96612","4,12","3,88",Valid,Valid,"232,3","102,0","512,1","290,6","99,8","514,0","164,0","88,5","155,3","76,1","0,1969","0,2785","0,2097","0,2996","0,1842","0,2574",thumbnail_grossTrial,thumbnail_grossTrial.png,1245.0,1080.0,337.0,0.0,798.0,692.0,Fixation,258.0,38.0,579.0,292.0,"0,1941","0,2702",,
25413,15860625,1400455131912,Eye Tracker,Participant0058,17.09.2021,Participant0058,Recording4,17.09.2021,17.09.2021,14:48:45.713,12:48:45.713,64514,Timeline2,Tobii I-VT (Fixation),1.145.28180,1080,1920,"10,00",683724739.0,,,566.0,281.0,,,566.0,281.0,,,,"-0,25452","-0,04364","-0,96608",,,Invalid,Valid,,,,"290,6","100,0","513,8",,,"155,2","76,8","0,1839","0,2599",,,"0,1839","0,2599",thumbnail_grossTrial,thumbnail_grossTrial.png,1245.0,1080.0,337.0,0.0,798.0,692.0,Fixation,258.0,38.0,579.0,292.0,"0,1941","0,2702",,
25414,15868925,1400455140212,Eye Tracker,Participant0058,17.09.2021,Participant0058,Recording4,17.09.2021,17.09.2021,14:48:45.713,12:48:45.713,64514,Timeline2,Tobii I-VT (Fixation),1.145.28180,1080,1920,"10,00",683733039.0,,,583.0,285.0,600.0,277.0,565.0,293.0,"-0,13110","-0,05115","-0,99005","-0,25523","-0,03737","-0,96616",,,Valid,Valid,"232,3","102,2","511,6","290,5","100,0","513,6","164,6","75,8","154,8","80,1","0,1970","0,2638","0,2113","0,2564","0,1828","0,2712",thumbnail_grossTrial,thumbnail_grossTrial.png,1245.0,1080.0,337.0,0.0,798.0,692.0,Fixation,258.0,38.0,579.0,292.0,"0,1941","0,2702",,
25415,15877257,1400455148544,Eye Tracker,Participant0058,17.09.2021,Participant0058,Recording4,17.09.2021,17.09.2021,14:48:45.713,12:48:45.713,64514,Timeline2,Tobii I-VT (Fixation),1.145.28180,1080,1920,"10,00",683741371.0,,,582.0,285.0,600.0,281.0,563.0,289.0,"-0,13162","-0,04901","-0,99009","-0,25601","-0,03934","-0,96587","4,10","3,89",Valid,Valid,"232,3","102,3","511,4","290,5","100,0","513,5","164,3","76,9","154,4","79,1","0,1961","0,2640","0,2106","0,2603","0,1816","0,2677",thumbnail_grossTrial,thumbnail_grossTrial.png,1245.0,1080.0,337.0,0.0,798.0,692.0,Fixation,258.0,38.0,579.0,292.0,"0,1941","0,2702",,
25416,15885593,1400455156880,Eye Tracker,Participant0058,17.09.2021,Participant0058,Recording4,17.09.2021,17.09.2021,14:48:45.713,12:48:45.713,64514,Timeline2,Tobii I-VT (Fixation),1.145.28180,1080,1920,"10,00",683749706.0,,,563.0,288.0,,,563.0,288.0,,,,"-0,25614","-0,04007","-0,96581",,,Invalid,Valid,,,,"290,6","100,2","513,3",,,"154,4","78,9","0,1816","0,2670",,,"0,1816","0,2670",thumbnail_grossTrial,thumbnail_grossTrial.png,1245.0,1080.0,337.0,0.0,798.0,692.0,Fixation,258.0,38.0,579.0,292.0,"0,1941","0,2702",,
25417,15893923,1400455165210,Eye Tracker,Participant0058,17.09.2021,Participant0058,Recording4,17.09.2021,17.09.2021,14:48:45.713,12:48:45.713,64514,Timeline2,Tobii I-VT (Fixation),1.145.28180,1080,1920,"10,00",683758036.0,,,580.0,305.0,595.0,333.0,564.0,278.0,"-0,13431","-0,02186","-0,99070","-0,25562","-0,04558","-0,96570",,,Valid,Valid,"232,3","102,4","511,0","290,5","100,2","513,1","163,1","91,2","154,7","76,0","0,1946","0,2828","0,2069","0,3085","0,1823","0,2571",thumbnail_grossTrial,thumbnail_grossTrial.png,1245.0,1080.0,337.0,0.0,798.0,692.0,Fixation,258.0,38.0,579.0,292.0,"0,1941","0,2702",,
25418,15902255,1400455173542,Eye Tracker,Participant0058,17.09.2021,Participant0058,Recording4,17.09.2021,17.09.2021,14:48:45.713,12:48:45.713,64514,Timeline2,Tobii I-VT (Fixation),1.145.28180,1080,1920,"10,00",683766368.0,,,579.0,298.0,591.0,327.0,567.0,270.0,"-0,13648","-0,02539","-0,99032","-0,25409","-0,04982","-0,96590","4,10","3,82",Valid,Valid,"232,4","102,5","510,8","290,5","100,3","512,9","162,0","89,4","155,5","73,8","0,1942","0,2761","0,2037","0,3025","0,1848","0,2498",thumbnail_grossTrial,thumbnail_grossTrial.png,1245.0,1080.0,337.0,0.0,798.0,692.0,Fixation,258.0,38.0,579.0,292.0,"0,1941","0,2702",,
25419,15910590,1400455181877,Eye Tracker,Participant0058,17.09.2021,Participant0058,Recording4,17.09.2021,17.09.2021,14:48:45.713,12:48:45.713,64514,Timeline2,Tobii I-VT (Fixation),1.145.28180,1080,1920,"10,00",683774703.0,,,569.0,270.0,,,569.0,270.0,,,,"-0,25336","-0,05020","-0,96607",,,Invalid,Valid,,,,"290,5","100,4","512,7",,,"156,0","73,8","0,1863","0,2496",,,"0,1863","0,2496",thumbnail_grossTrial,thumbnail_grossTrial.png,1245.0,1080.0,337.0,0.0,798.0,692.0,Fixation,258.0,38.0,579.0,292.0,"0,1941","0,2702",,
25420,15918952,1400455190239,Eye Tracker,Participant0058,17.09.2021,Participant0058,Recording4,17.09.2021,17.09.2021,14:48:45.713,12:48:45.713,64514,Timeline2,Tobii I-VT (Fixation),1.145.28180,1080,1920,"10,00",683783064.0,,,581.0,280.0,592.0,295.0,569.0,264.0,"-0,13577","-0,04235","-0,98983","-0,25337","-0,05311","-0,96591",,,Valid,Valid,"232,3","102,6","510,4","290,4","100,4","512,6","162,3","80,8","156,0","72,2","0,1954","0,2589","0,2047","0,2734","0,1861","0,2444",thumbnail_grossTrial,thumbnail_grossTrial.png,1245.0,1080.0,337.0,0.0,798.0,692.0,Fixation,258.0,38.0,579.0,292.0,"0,1941","0,2702",,
25421,15927254,1400455198541,Eye Tracker,Participant0058,17.09.2021,Participant0058,Recording4,17.09.2021,17.09.2021,14:48:45.713,12:48:45.713,64514,Timeline2,Tobii I-VT (Fixation),1.145.28180,1080,1920,"10,00",683791366.0,,,580.0,280.0,591.0,291.0,569.0,269.0,"-0,13656","-0,04498","-0,98961","-0,25324","-0,05073","-0,96607","4,08","3,86",Valid,Valid,"232,4","102,7","510,3","290,4","100,5","512,5","162,0","79,5","156,1","73,6","0,1951","0,2590","0,2037","0,2691","0,1864","0,2489",thumbnail_grossTrial,thumbnail_grossTrial.png,1245.0,1080.0,337.0,0.0,798.0,692.0,Fixation,258.0,38.0,579.0,292.0,"0,1941","0,2702",,
25422,15935589,1400455206876,Eye Tracker,Participant0058,17.09.2021,Participant0058,Recording4,17.09.2021,17.09.2021,14:48:45.713,12:48:45.713,64514,Timeline2,Tobii I-VT (Fixation),1.145.28180,1080,1920,"10,00",683799701.0,,,567.0,272.0,,,567.0,272.0,,,,"-0,25447","-0,04913","-0,96583",,,Invalid,Valid,,,,"290,5","100,6","512,3",,,"155,5","74,5","0,1847","0,2522",,,"0,1847","0,2522",thumbnail_grossTrial,thumbnail_grossTrial.png,1245.0,1080.0,337.0,0.0,798.0,692.0,Fixation,258.0,38.0,579.0,292.0,"0,1941","0,2702",,
25423,15944000,1400455215287,Eye Tracker,Participant0058,17.09.2021,Participant0058,Recording4,17.09.2021,17.09.2021,14:48:45.713,12:48:45.713,64514,Timeline2,Tobii I-VT (Fixation),1.145.28180,1080,1920,"10,00",683808112.0,,,583.0,284.0,590.0,296.0,576.0,272.0,"-0,13718","-0,04270","-0,98963","-0,25004","-0,04956","-0,96697",,,Valid,Valid,"232,4","102,9","509,9","290,4","100,6","512,3","161,7","80,9","157,9","74,3","0,1974","0,2626","0,2029","0,2737","0,1919","0,2514",thumbnail_grossTrial,thumbnail_grossTrial.png,1245.0,1080.0,337.0,0.0,798.0,692.0,Fixation,258.0,38.0,579.0,292.0,"0,1941","0,2702",,
25424,15952279,1400455223566,Eye Tracker,Participant0058,17.09.2021,Participant0058,Recording4,17.09.2021,17.09.2021,14:48:45.713,12:48:45.713,64514,Timeline2,Tobii I-VT (Fixation),1.145.28180,1080,1920,"10,00",683816390.0,,,580.0,291.0,586.0,311.0,573.0,270.0,"-0,13940","-0,03462","-0,98963","-0,25152","-0,05027","-0,96655","3,90","3,81",Valid,Valid,"232,4","102,9","509,7","290,4","100,6","512,3","160,6","85,1","157,1","73,9","0,1946","0,2690","0,1996","0,2880","0,1895","0,2501",thumbnail_grossTrial,thumbnail_grossTrial.png,1245.0,1080.0,337.0,0.0,798.0,692.0,Fixation,258.0,38.0,579.0,292.0,"0,1941","0,2702",,
25425,15960629,1400455231916,Eye Tracker,Participant0058,17.09.2021,Participant0058,Recording4,17.09.2021,17.09.2021,14:48:45.713,12:48:45.713,64514,Timeline2,Tobii I-VT (Fixation),1.145.28180,1080,1920,"10,00",683824740.0,,,560.0,279.0,,,560.0,279.0,,,,"-0,25809","-0,04600","-0,96503",,,Invalid,Valid,,,,"290,5","100,7","512,2",,,"153,5","76,3","0,1788","0,2581",,,"0,1788","0,2581",thumbnail_grossTrial,thumbnail_grossTrial.png,1245.0,1080.0,337.0,0.0,798.0,692.0,Fixation,258.0,38.0,579.0,292.0,"0,1941","0,2702",,
25426,15968918,1400455240205,Eye Tracker,Participant0058,17.09.2021,Participant0058,Recording4,17.09.2021,17.09.2021,14:48:45.713,12:48:45.713,64514,Timeline2,Tobii I-VT (Fixation),1.145.28180,1080,1920,"10,00",683833029.0,,,570.0,295.0,582.0,314.0,557.0,277.0,"-0,14138","-0,03335","-0,98939","-0,25940","-0,04705","-0,96462",,,Valid,Valid,"232,4","103,2","509,3","290,4","100,7","512,2","159,6","86,0","152,7","75,7","0,1867","0,2735","0,1968","0,2910","0,1765","0,2560",thumbnail_grossTrial,thumbnail_grossTrial.png,1245.0,1080.0,337.0,0.0,798.0,692.0,Fixation,258.0,38.0,579.0,292.0,"0,1941","0,2702",,
25427,15977249,1400455248536,Eye Tracker,Participant0058,17.09.2021,Participant0058,Recording4,17.09.2021,17.09.2021,14:48:45.713,12:48:45.713,64514,Timeline2,Tobii I-VT (Fixation),1.145.28180,1080,1920,"10,00",683841360.0,,,578.0,296.0,602.0,317.0,554.0,275.0,"-0,13121","-0,03178","-0,99084","-0,26096","-0,04792","-0,96416","4,08","4,33",Valid,Valid,"232,4","103,1","509,3","290,4","100,6","512,2","164,9","86,8","151,8","75,2","0,1932","0,2740","0,2124","0,2937","0,1739","0,2544",thumbnail_grossTrial,thumbnail_grossTrial.png,1245.0,1080.0,337.0,0.0,798.0,692.0,Fixation,258.0,38.0,579.0,292.0,"0,1941","0,2702",,
25428,15985584,1400455256871,Eye Tracker,Participant0058,17.09.2021,Participant0058,Recording4,17.09.2021,17.09.2021,14:48:45.713,12:48:45.713,64514,Timeline2,Tobii I-VT (Fixation),1.145.28180,1080,1920,"10,00",683849694.0,,,561.0,276.0,,,561.0,276.0,,,,"-0,25742","-0,04732","-0,96514",,,Invalid,Valid,,,,"290,5","100,7","512,1",,,"153,9","75,6","0,1800","0,2559",,,"0,1800","0,2559",thumbnail_grossTrial,thumbnail_grossTrial.png,1245.0,1080.0,337.0,0.0,798.0,692.0,Fixation,258.0,38.0,579.0,292.0,"0,1941","0,2702",,
25429,15993943,1400455265230,Eye Tracker,Participant0058,17.09.2021,Participant0058,Recording4,17.09.2021,17.09.2021,14:48:45.713,12:48:45.713,64514,Timeline2,Tobii I-VT (Fixation),1.145.28180,1080,1920,"10,00",683858053.0,,,584.0,297.0,607.0,316.0,561.0,278.0,"-0,12871","-0,03230","-0,99116","-0,25739","-0,04644","-0,96519",,,Valid,Valid,"232,4","103,1","509,4","290,4","100,7","512,1","166,2","86,5","153,8","76,1","0,1980","0,2750","0,2162","0,2927","0,1799","0,2573",thumbnail_grossTrial,thumbnail_grossTrial.png,1245.0,1080.0,337.0,0.0,798.0,692.0,Fixation,258.0,38.0,579.0,292.0,"0,1941","0,2702",,
25430,16002246,1400455273533,Eye Tracker,Participant0058,17.09.2021,Participant0058,Recording4,17.09.2021,17.09.2021,14:48:45.713,12:48:45.713,64514,Timeline2,Tobii I-VT (Fixation),1.145.28180,1080,1920,"10,00",683866356.0,,,580.0,299.0,586.0,313.0,574.0,285.0,"-0,13954","-0,03377","-0,98964","-0,25125","-0,04265","-0,96698","3,91","4,28",Valid,Valid,"232,4","103,0","509,7","290,4","100,6","512,2","160,5","85,6","157,3","78,0","0,1947","0,2767","0,1994","0,2895","0,1900","0,2640",thumbnail_grossTrial,thumbnail_grossTrial.png,1245.0,1080.0,337.0,0.0,798.0,692.0,Fixation,258.0,38.0,579.0,292.0,"0,1941","0,2702",,
25431,16010583,1400455281870,Eye Tracker,Participant0058,17.09.2021,Participant0058,Recording4,17.09.2021,17.09.2021,14:48:45.713,12:48:45.713,64514,Timeline2,Tobii I-VT (Fixation),1.145.28180,1080,1920,"10,00",683874693.0,,,569.0,280.0,,,569.0,280.0,,,,"-0,25362","-0,04568","-0,96622",,,Invalid,Valid,,,,"290,5","100,8","512,1",,,"156,0","76,6","0,1863","0,2590",,,"0,1863","0,2590",thumbnail_grossTrial,thumbnail_grossTrial.png,1245.0,1080.0,337.0,0.0,798.0,692.0,Fixation,258.0,38.0,579.0,292.0,"0,1941","0,2702",,
25432,16018914,1400455290201,Eye Tracker,Participant0058,17.09.2021,Participant0058,Recording4,17.09.2021,17.09.2021,14:48:45.713,12:48:45.713,64514,Timeline2,Tobii I-VT (Fixation),1.145.28180,1080,1920,"10,00",683883023.0,,,575.0,295.0,583.0,309.0,567.0,280.0,"-0,14076","-0,03519","-0,98942","-0,25483","-0,04541","-0,96592",,,Valid,Valid,"232,4","102,8","510,3","290,4","100,7","512,1","159,8","84,6","155,3","76,6","0,1907","0,2728","0,1973","0,2864","0,1841","0,2593",thumbnail_grossTrial,thumbnail_grossTrial.png,1245.0,1080.0,337.0,0.0,798.0,692.0,Fixation,258.0,38.0,579.0,292.0,"0,1941","0,2702",,
25433,16027245,1400455298532,Eye Tracker,Participant0058,17.09.2021,Participant0058,Recording4,17.09.2021,17.09.2021,14:48:45.713,12:48:45.713,64514,Timeline2,Tobii I-VT (Fixation),1.145.28180,1080,1920,"10,00",683891354.0,,,582.0,289.0,601.0,302.0,564.0,276.0,"-0,13146","-0,03838","-0,99058","-0,25583","-0,04713","-0,96557","4,10","4,38",Valid,Valid,"232,4","102,6","510,7","290,4","100,6","512,2","164,6","82,8","154,7","75,6","0,1968","0,2680","0,2113","0,2801","0,1823","0,2558",thumbnail_grossTrial,thumbnail_grossTrial.png,1245.0,1080.0,337.0,0.0,798.0,692.0,Fixation,258.0,38.0,579.0,292.0,"0,1941","0,2702",,
25434,16035615,1400455306902,Eye Tracker,Participant0058,17.09.2021,Participant0058,Recording4,17.09.2021,17.09.2021,14:48:45.713,12:48:45.713,64514,Timeline2,Tobii I-VT (Fixation),1.145.28180,1080,1920,"10,00",683899724.0,,,569.0,290.0,,,569.0,290.0,,,,"-0,25363","-0,04012","-0,96647",,,Invalid,Valid,,,,"290,5","100,8","512,1",,,"156,1","79,5","0,1864","0,2690",,,"0,1864","0,2690",thumbnail_grossTrial,thumbnail_grossTrial.png,1245.0,1080.0,337.0,0.0,798.0,692.0,Fixation,258.0,38.0,579.0,292.0,"0,1941","0,2702",,
25435,16043938,1400455315225,Eye Tracker,Participant0058,17.09.2021,Participant0058,Recording4,17.09.2021,17.09.2021,14:48:45.713,12:48:45.713,64514,Timeline2,Tobii I-VT (Fixation),1.145.28180,1080,1920,"10,00",683908047.0,,,589.0,304.0,605.0,323.0,573.0,285.0,"-0,12877","-0,02714","-0,99130","-0,25167","-0,04267","-0,96687",,,Valid,Valid,"232,3","102,5","511,1","290,4","100,7","512,2","165,9","88,5","157,1","78,1","0,2024","0,2818","0,2153","0,2993","0,1894","0,2642",thumbnail_grossTrial,thumbnail_grossTrial.png,1245.0,1080.0,337.0,0.0,798.0,692.0,Fixation,258.0,38.0,579.0,292.0,"0,1941","0,2702",,
25436,16052242,1400455323529,Eye Tracker,Participant0058,17.09.2021,Participant0058,Recording4,17.09.2021,17.09.2021,14:48:45.713,12:48:45.713,64514,Timeline2,Tobii I-VT (Fixation),1.145.28180,1080,1920,"10,00",683916350.0,,,582.0,310.0,585.0,328.0,578.0,291.0,"-0,13939","-0,02415","-0,98994","-0,24924","-0,03961","-0,96763","3,92","4,29",Valid,Valid,"232,3","102,4","511,2","290,4","100,6","512,2","160,4","89,9","158,5","79,6","0,1962","0,2868","0,1990","0,3041","0,1934","0,2694",thumbnail_grossTrial,thumbnail_grossTrial.png,1245.0,1080.0,337.0,0.0,798.0,692.0,Fixation,258.0,38.0,579.0,292.0,"0,1941","0,2702",,
25437,16060575,1400455331862,Eye Tracker,Participant0058,17.09.2021,Participant0058,Recording4,17.09.2021,17.09.2021,14:48:45.713,12:48:45.713,64514,Timeline2,Tobii I-VT (Fixation),1.145.28180,1080,1920,"10,00",683924683.0,,,575.0,285.0,,,575.0,285.0,,,,"-0,25077","-0,04280","-0,96710",,,Invalid,Valid,,,,"290,5","100,8","512,1",,,"157,7","78,1","0,1911","0,2642",,,"0,1911","0,2642",thumbnail_grossTrial,thumbnail_grossTrial.png,1245.0,1080.0,337.0,0.0,798.0,692.0,Fixation,258.0,38.0,579.0,292.0,"0,1941","0,2702",,
25438,16068909,1400455340196,Eye Tracker,Participant0058,17.09.2021,Participant0058,Recording4,17.09.2021,17.09.2021,14:48:45.713,12:48:45.713,64514,Timeline2,Tobii I-VT (Fixation),1.145.28180,1080,1920,"10,00",683933017.0,,,582.0,295.0,589.0,303.0,575.0,288.0,"-0,13739","-0,03779","-0,98980","-0,25088","-0,04117","-0,96714",,,Valid,Valid,"232,3","102,3","511,4","290,4","100,7","512,1","161,3","82,8","157,6","78,9","0,1963","0,2735","0,2019","0,2801","0,1908","0,2669",thumbnail_grossTrial,thumbnail_grossTrial.png,1245.0,1080.0,337.0,0.0,798.0,692.0,Fixation,258.0,38.0,579.0,292.0,"0,1941","0,2702",,
25439,16077241,1400455348528,Eye Tracker,Participant0058,17.09.2021,Participant0058,Recording4,17.09.2021,17.09.2021,14:48:45.713,12:48:45.713,64514,Timeline2,Tobii I-VT (Fixation),1.145.28180,1080,1920,"10,00",683941349.0,,,585.0,294.0,607.0,311.0,563.0,276.0,"-0,12759","-0,03287","-0,99128","-0,25645","-0,04733","-0,96540","4,14","4,38",Valid,Valid,"232,3","102,1","511,6","290,4","100,7","512,2","166,4","85,2","154,4","75,6","0,1991","0,2719","0,2168","0,2882","0,1815","0,2557",thumbnail_grossTrial,thumbnail_grossTrial.png,1245.0,1080.0,337.0,0.0,798.0,692.0,Fixation,258.0,38.0,579.0,292.0,"0,1941","0,2702",,
25440,16085604,1400455356891,Eye Tracker,Participant0058,17.09.2021,Participant0058,Recording4,17.09.2021,17.09.2021,14:48:45.713,12:48:45.713,64514,Timeline2,Tobii I-VT (Fixation),1.145.28180,1080,1920,"10,00",683949711.0,,,565.0,277.0,,,565.0,277.0,,,,"-0,25561","-0,04732","-0,96562",,,Invalid,Valid,,,,"290,5","100,8","512,1",,,"154,9","75,7","0,1830","0,2560",,,"0,1830","0,2560",thumbnail_grossTrial,thumbnail_grossTrial.png,1245.0,1080.0,337.0,0.0,798.0,692.0,Fixation,258.0,38.0,579.0,292.0,"0,1941","0,2702",,
25441,16093934,1400455365221,Eye Tracker,Participant0058,17.09.2021,Participant0058,Recording4,17.09.2021,17.09.2021,14:48:45.713,12:48:45.713,64514,Timeline2,Tobii I-VT (Fixation),1.145.28180,1080,1920,"10,00",683958041.0,,,580.0,290.0,597.0,315.0,563.0,264.0,"-0,13296","-0,03067","-0,99065","-0,25666","-0,05345","-0,96502",,,Valid,Valid,"232,3","102,1","511,9","290,4","100,7","512,0","163,6","86,2","154,2","72,3","0,1948","0,2682","0,2085","0,2917","0,1810","0,2447",thumbnail_grossTrial,thumbnail_grossTrial.png,1245.0,1080.0,337.0,0.0,798.0,692.0,Saccade,42.0,59.0,,,,,,
25442,16102267,1400455373554,Eye Tracker,Participant0058,17.09.2021,Participant0058,Recording4,17.09.2021,17.09.2021,14:48:45.713,12:48:45.713,64514,Timeline2,Tobii I-VT (Fixation),1.145.28180,1080,1920,"10,00",683966374.0,,,568.0,268.0,581.0,250.0,554.0,285.0,"-0,14112","-0,06455","-0,98789","-0,26082","-0,04238","-0,96446","4,09","4,45",Valid,Valid,"232,4","101,9","512,1","290,4","100,6","512,0","159,2","68,5","151,9","78,1","0,1849","0,2479","0,1956","0,2317","0,1742","0,2642",thumbnail_grossTrial,thumbnail_grossTrial.png,1245.0,1080.0,337.0,0.0,798.0,692.0,Saccade,42.0,59.0,,,,,,
25443,16110598,1400455381885,Eye Tracker,Participant0058,17.09.2021,Participant0058,Recording4,17.09.2021,17.09.2021,14:48:45.713,12:48:45.713,64514,Timeline2,Tobii I-VT (Fixation),1.145.28180,1080,1920,"10,00",683974705.0,,,572.0,215.0,560.0,234.0,584.0,195.0,"-0,15175","-0,07245","-0,98576","-0,24595","-0,08938","-0,96515",,,Valid,Valid,"232,5","101,8","512,5","290,4","100,8","511,7","153,6","64,1","160,0","53,4","0,1886","0,1989","0,1791","0,2170","0,1980","0,1807",thumbnail_grossTrial,thumbnail_grossTrial.png,1245.0,1080.0,337.0,0.0,798.0,692.0,Saccade,42.0,59.0,,,,,,
25444,16118937,1400455390224,Eye Tracker,Participant0058,17.09.2021,Participant0058,Recording4,17.09.2021,17.09.2021,14:48:45.713,12:48:45.713,64514,Timeline2,Tobii I-VT (Fixation),1.145.28180,1080,1920,"10,00",683983043.0,,,571.0,205.0,567.0,199.0,575.0,212.0,"-0,14757","-0,09047","-0,98490","-0,25013","-0,08072","-0,96484",,,Valid,Valid,"232,4","101,6","512,9","290,3","100,7","511,6","155,5","54,4","157,7","57,9","0,1880","0,1901","0,1848","0,1842","0,1912","0,1961",thumbnail_grossTrial,thumbnail_grossTrial.png,1245.0,1080.0,337.0,0.0,798.0,692.0,Saccade,42.0,59.0,,,,,,
25445,16127236,1400455398523,Eye Tracker,Participant0058,17.09.2021,Participant0058,Recording4,17.09.2021,17.09.2021,14:48:45.713,12:48:45.713,64514,Timeline2,Tobii I-VT (Fixation),1.145.28180,1080,1920,"10,00",683991342.0,,,580.0,186.0,579.0,183.0,581.0,188.0,"-0,14153","-0,09853","-0,98502","-0,24704","-0,09298","-0,96453","4,14","3,79",Valid,Valid,"232,4","101,5","512,9","290,3","100,8","511,3","158,7","50,2","159,4","51,6","0,1951","0,1722","0,1941","0,1699","0,1960","0,1744",thumbnail_grossTrial,thumbnail_grossTrial.png,1245.0,1080.0,337.0,0.0,798.0,692.0,Saccade,42.0,59.0,,,,,,
25446,16135676,1400455406963,Eye Tracker,Participant0058,17.09.2021,Participant0058,Recording4,17.09.2021,17.09.2021,14:48:45.713,12:48:45.713,64514,Timeline2,Tobii I-VT (Fixation),1.145.28180,1080,1920,"10,00",683999782.0,,,574.0,171.0,569.0,163.0,578.0,179.0,"-0,14657","-0,10951","-0,98312","-0,24894","-0,09801","-0,96355",,,Valid,Valid,"232,5","101,7","512,8","290,4","101,0","511,1","156,0","44,6","158,3","49,0","0,1897","0,1583","0,1863","0,1507","0,1930","0,1659",thumbnail_grossTrial,thumbnail_grossTrial.png,1245.0,1080.0,337.0,0.0,798.0,692.0,Unclassified,50.0,82.0,,,,,,
25447,16143929,1400455415216,Eye Tracker,Participant0058,17.09.2021,Participant0058,Recording4,17.09.2021,17.09.2021,14:48:45.713,12:48:45.713,64514,Timeline2,Tobii I-VT (Fixation),1.145.28180,1080,1920,"10,00",684008034.0,,,573.0,173.0,571.0,162.0,575.0,184.0,"-0,14557","-0,10991","-0,98322","-0,24999","-0,09530","-0,96355",,,Valid,Valid,"232,4","101,7","512,6","290,3","100,9","511,1","156,5","44,4","157,7","50,4","0,1894","0,1603","0,1877","0,1502","0,1912","0,1705",thumbnail_grossTrial,thumbnail_grossTrial.png,1245.0,1080.0,337.0,0.0,798.0,692.0,Unclassified,50.0,82.0,,,,,,
25448,16152347,1400455423634,Eye Tracker,Participant0058,17.09.2021,Participant0058,Recording4,17.09.2021,17.09.2021,14:48:45.713,12:48:45.713,64514,Timeline2,Tobii I-VT (Fixation),1.145.28180,1080,1920,"10,00",684016452.0,,,571.0,172.0,568.0,161.0,574.0,183.0,"-0,14723","-0,11073","-0,98288","-0,25069","-0,09570","-0,96333","4,12","3,79",Valid,Valid,"232,4","101,8","512,2","290,3","100,9","511,1","155,7","44,1","157,3","50,2","0,1876","0,1595","0,1853","0,1493","0,1900","0,1697",thumbnail_grossTrial,thumbnail_grossTrial.png,1245.0,1080.0,337.0,0.0,798.0,692.0,Unclassified,50.0,82.0,,,,,,
25449,16160567,1400455431854,Eye Tracker,Participant0058,17.09.2021,Participant0058,Recording4,17.09.2021,17.09.2021,14:48:45.713,12:48:45.713,64514,Timeline2,Tobii I-VT (Fixation),1.145.28180,1080,1920,"10,00",684024672.0,,,575.0,184.0,,,575.0,184.0,,,,"-0,25024","-0,09566","-0,96345",,,Invalid,Valid,,,,"290,4","101,1","511,0",,,"157,6","50,3","0,1910","0,1703",,,"0,1910","0,1703",thumbnail_grossTrial,thumbnail_grossTrial.png,1245.0,1080.0,337.0,0.0,798.0,692.0,Unclassified,50.0,82.0,,,,,,
25450,16168899,1400455440186,Eye Tracker,Participant0058,17.09.2021,Participant0058,Recording4,17.09.2021,17.09.2021,14:48:45.713,12:48:45.713,64514,Timeline2,Tobii I-VT (Fixation),1.145.28180,1080,1920,"10,00",684033004.0,,,572.0,173.0,569.0,163.0,575.0,184.0,"-0,14687","-0,11071","-0,98294","-0,25020","-0,09571","-0,96345",,,Valid,Valid,"232,4","102,2","511,4","290,3","101,0","511,0","156,0","44,6","157,6","50,3","0,1886","0,1604","0,1863","0,1508","0,1909","0,1700",thumbnail_grossTrial,thumbnail_grossTrial.png,1245.0,1080.0,337.0,0.0,798.0,692.0,Unclassified,50.0,82.0,,,,,,
25451,16177263,1400455448550,Eye Tracker,Participant0058,17.09.2021,Participant0058,Recording4,17.09.2021,17.09.2021,14:48:45.713,12:48:45.713,64514,Timeline2,Tobii I-VT (Fixation),1.145.28180,1080,1920,"10,00",684041367.0,,,571.0,176.0,574.0,169.0,569.0,183.0,"-0,14476","-0,10804","-0,98355","-0,25329","-0,09591","-0,96263","4,14","4,31",Valid,Valid,"232,4","102,3","511,0","290,3","101,0","510,9","157,2","46,2","155,8","50,1","0,1878","0,1629","0,1898","0,1562","0,1857","0,1695",thumbnail_grossTrial,thumbnail_grossTrial.png,1245.0,1080.0,337.0,0.0,798.0,692.0,Unclassified,50.0,82.0,,,,,,
25452,16185595,1400455456882,Eye Tracker,Participant0058,17.09.2021,Participant0058,Recording4,17.09.2021,17.09.2021,14:48:45.713,12:48:45.713,64514,Timeline2,Tobii I-VT (Fixation),1.145.28180,1080,1920,"10,00",684049699.0,,,566.0,184.0,,,566.0,184.0,,,,"-0,25465","-0,09559","-0,96230",,,Invalid,Valid,,,,"290,4","101,2","510,8",,,"155,2","50,5","0,1838","0,1707",,,"0,1838","0,1707",thumbnail_grossTrial,thumbnail_grossTrial.png,1245.0,1080.0,337.0,0.0,798.0,692.0,Saccade,17.0,60.0,,,,,,
25453,16193896,1400455465183,Eye Tracker,Participant0058,17.09.2021,Participant0058,Recording4,17.09.2021,17.09.2021,14:48:45.713,12:48:45.713,64514,Timeline2,Tobii I-VT (Fixation),1.145.28180,1080,1920,"10,00",684058000.0,,,589.0,183.0,614.0,184.0,563.0,182.0,"-0,12394","-0,10103","-0,98713","-0,25585","-0,09655","-0,96188",,,Valid,Valid,"232,4","102,6","510,3","290,3","101,2","510,7","168,4","50,4","154,4","49,9","0,2020","0,1697","0,2225","0,1706","0,1816","0,1689",thumbnail_grossTrial,thumbnail_grossTrial.png,1245.0,1080.0,337.0,0.0,798.0,692.0,Saccade,17.0,60.0,,,,,,
25454,16202229,1400455473516,Eye Tracker,Participant0058,17.09.2021,Participant0058,Recording4,17.09.2021,17.09.2021,14:48:45.713,12:48:45.713,64514,Timeline2,Tobii I-VT (Fixation),1.145.28180,1080,1920,"10,00",684066333.0,,,590.0,186.0,611.0,186.0,568.0,185.0,"-0,12576","-0,10042","-0,98697","-0,25351","-0,09518","-0,96264","4,16","3,76",Valid,Valid,"232,5","102,7","510,0","290,2","101,2","510,5","167,5","50,8","155,8","50,7","0,2027","0,1718","0,2198","0,1720","0,1856","0,1716",thumbnail_grossTrial,thumbnail_grossTrial.png,1245.0,1080.0,337.0,0.0,798.0,692.0,Fixation,175.0,39.0,587.0,191.0,"0,2008","0,1765",,
25455,16210592,1400455481879,Eye Tracker,Participant0058,17.09.2021,Participant0058,Recording4,17.09.2021,17.09.2021,14:48:45.713,12:48:45.713,64514,Timeline2,Tobii I-VT (Fixation),1.145.28180,1080,1920,"10,00",684074695.0,,,571.0,187.0,,,571.0,187.0,,,,"-0,25251","-0,09469","-0,96295",,,Invalid,Valid,,,,"290,3","101,4","510,3",,,"156,5","51,2","0,1877","0,1734",,,"0,1877","0,1734",thumbnail_grossTrial,thumbnail_grossTrial.png,1245.0,1080.0,337.0,0.0,798.0,692.0,Fixation,175.0,39.0,587.0,191.0,"0,2008","0,1765",,
25456,16218927,1400455490214,Eye Tracker,Participant0058,17.09.2021,Participant0058,Recording4,17.09.2021,17.09.2021,14:48:45.713,12:48:45.713,64514,Timeline2,Tobii I-VT (Fixation),1.145.28180,1080,1920,"10,00",684083030.0,,,591.0,190.0,608.0,189.0,573.0,192.0,"-0,12745","-0,09955","-0,98684","-0,25159","-0,09236","-0,96342",,,Valid,Valid,"232,5","103,0","509,5","290,2","101,4","510,1","166,7","51,6","157,0","52,5","0,2033","0,1761","0,2175","0,1745","0,1892","0,1777",thumbnail_grossTrial,thumbnail_grossTrial.png,1245.0,1080.0,337.0,0.0,798.0,692.0,Fixation,175.0,39.0,587.0,191.0,"0,2008","0,1765",,
25457,16227258,1400455498545,Eye Tracker,Participant0058,17.09.2021,Participant0058,Recording4,17.09.2021,17.09.2021,14:48:45.713,12:48:45.713,64514,Timeline2,Tobii I-VT (Fixation),1.145.28180,1080,1920,"10,00",684091361.0,,,592.0,194.0,609.0,194.0,575.0,194.0,"-0,12708","-0,09679","-0,98716","-0,25069","-0,09159","-0,96372","4,15","3,75",Valid,Valid,"232,5","103,1","509,2","290,2","101,5","509,9","166,9","53,2","157,6","53,0","0,2045","0,1796","0,2183","0,1798","0,1908","0,1793",thumbnail_grossTrial,thumbnail_grossTrial.png,1245.0,1080.0,337.0,0.0,798.0,692.0,Fixation,175.0,39.0,587.0,191.0,"0,2008","0,1765",,
25458,16235590,1400455506877,Eye Tracker,Participant0058,17.09.2021,Participant0058,Recording4,17.09.2021,17.09.2021,14:48:45.713,12:48:45.713,64514,Timeline2,Tobii I-VT (Fixation),1.145.28180,1080,1920,"10,00",684099693.0,,,578.0,196.0,,,578.0,196.0,,,,"-0,24937","-0,09072","-0,96415",,,Invalid,Valid,,,,"290,3","101,7","509,6",,,"158,5","53,7","0,1934","0,1818",,,"0,1934","0,1818",thumbnail_grossTrial,thumbnail_grossTrial.png,1245.0,1080.0,337.0,0.0,798.0,692.0,Fixation,175.0,39.0,587.0,191.0,"0,2008","0,1765",,
25459,16243923,1400455515210,Eye Tracker,Participant0058,17.09.2021,Participant0058,Recording4,17.09.2021,17.09.2021,14:48:45.713,12:48:45.713,64514,Timeline2,Tobii I-VT (Fixation),1.145.28180,1080,1920,"10,00",684108025.0,,,595.0,194.0,608.0,195.0,582.0,194.0,"-0,12800","-0,09725","-0,98699","-0,24727","-0,09193","-0,96458",,,Valid,Valid,"232,5","103,4","508,5","290,2","101,7","509,4","166,6","53,3","159,6","53,1","0,2070","0,1800","0,2172","0,1803","0,1968","0,1798",thumbnail_grossTrial,thumbnail_grossTrial.png,1245.0,1080.0,337.0,0.0,798.0,692.0,Fixation,175.0,39.0,587.0,191.0,"0,2008","0,1765",,
25460,16252227,1400455523514,Eye Tracker,Participant0058,17.09.2021,Participant0058,Recording4,17.09.2021,17.09.2021,14:48:45.713,12:48:45.713,64514,Timeline2,Tobii I-VT (Fixation),1.145.28180,1080,1920,"10,00",684116329.0,,,596.0,196.0,610.0,199.0,583.0,193.0,"-0,12708","-0,09509","-0,98732","-0,24707","-0,09269","-0,96455","4,10","3,74",Valid,Valid,"232,5","103,5","508,1","290,2","101,7","509,3","167,1","54,6","159,7","52,8","0,2080","0,1816","0,2189","0,1846","0,1971","0,1786",thumbnail_grossTrial,thumbnail_grossTrial.png,1245.0,1080.0,337.0,0.0,798.0,692.0,Fixation,175.0,39.0,587.0,191.0,"0,2008","0,1765",,
25461,16260560,1400455531847,Eye Tracker,Participant0058,17.09.2021,Participant0058,Recording4,17.09.2021,17.09.2021,14:48:45.713,12:48:45.713,64514,Timeline2,Tobii I-VT (Fixation),1.145.28180,1080,1920,"10,00",684124662.0,,,583.0,190.0,,,583.0,190.0,,,,"-0,24713","-0,09471","-0,96434",,,Invalid,Valid,,,,"290,2","101,9","509,0",,,"159,8","51,9","0,1973","0,1757",,,"0,1973","0,1757",thumbnail_grossTrial,thumbnail_grossTrial.png,1245.0,1080.0,337.0,0.0,798.0,692.0,Fixation,175.0,39.0,587.0,191.0,"0,2008","0,1765",,
25462,16268892,1400455540179,Eye Tracker,Participant0058,17.09.2021,Participant0058,Recording4,17.09.2021,17.09.2021,14:48:45.713,12:48:45.713,64514,Timeline2,Tobii I-VT (Fixation),1.145.28180,1080,1920,"10,00",684132994.0,,,593.0,201.0,604.0,212.0,581.0,189.0,"-0,13024","-0,08895","-0,98748","-0,24805","-0,09519","-0,96406",,,Valid,Valid,"232,6","103,8","507,5","290,2","101,9","508,8","165,7","58,1","159,2","51,7","0,2051","0,1857","0,2145","0,1965","0,1957","0,1748",thumbnail_grossTrial,thumbnail_grossTrial.png,1245.0,1080.0,337.0,0.0,798.0,692.0,Fixation,175.0,39.0,587.0,191.0,"0,2008","0,1765",,
25463,16277225,1400455548512,Eye Tracker,Participant0058,17.09.2021,Participant0058,Recording4,17.09.2021,17.09.2021,14:48:45.713,12:48:45.713,64514,Timeline2,Tobii I-VT (Fixation),1.145.28180,1080,1920,"10,00",684141326.0,,,592.0,199.0,603.0,208.0,582.0,189.0,"-0,13114","-0,09103","-0,98718","-0,24778","-0,09513","-0,96413","4,12","3,76",Valid,Valid,"232,6","103,8","507,4","290,1","101,9","508,7","165,2","57,0","159,4","51,7","0,2046","0,1840","0,2131","0,1930","0,1962","0,1750",thumbnail_grossTrial,thumbnail_grossTrial.png,1245.0,1080.0,337.0,0.0,798.0,692.0,Fixation,175.0,39.0,587.0,191.0,"0,2008","0,1765",,
25464,16285556,1400455556843,Eye Tracker,Participant0058,17.09.2021,Participant0058,Recording4,17.09.2021,17.09.2021,14:48:45.713,12:48:45.713,64514,Timeline2,Tobii I-VT (Fixation),1.145.28180,1080,1920,"10,00",684149657.0,,,579.0,191.0,,,579.0,191.0,,,,"-0,24919","-0,09447","-0,96384",,,Invalid,Valid,,,,"290,2","102,1","508,6",,,"158,7","52,3","0,1942","0,1768",,,"0,1942","0,1768",thumbnail_grossTrial,thumbnail_grossTrial.png,1245.0,1080.0,337.0,0.0,798.0,692.0,Fixation,175.0,39.0,587.0,191.0,"0,2008","0,1765",,
25465,16293889,1400455565176,Eye Tracker,Participant0058,17.09.2021,Participant0058,Recording4,17.09.2021,17.09.2021,14:48:45.713,12:48:45.713,64514,Timeline2,Tobii I-VT (Fixation),1.145.28180,1080,1920,"10,00",684157990.0,,,589.0,199.0,602.0,206.0,576.0,192.0,"-0,13167","-0,09263","-0,98696","-0,25044","-0,09368","-0,96359",,,Valid,Valid,"232,6","104,0","507,1","290,1","102,1","508,5","165,0","56,4","158,0","52,6","0,2022","0,1844","0,2125","0,1908","0,1920","0,1781",thumbnail_grossTrial,thumbnail_grossTrial.png,1245.0,1080.0,337.0,0.0,798.0,692.0,Fixation,175.0,39.0,587.0,191.0,"0,2008","0,1765",,
25466,16302223,1400455573510,Eye Tracker,Participant0058,17.09.2021,Participant0058,Recording4,17.09.2021,17.09.2021,14:48:45.713,12:48:45.713,64514,Timeline2,Tobii I-VT (Fixation),1.145.28180,1080,1920,"10,00",684166324.0,,,586.0,192.0,601.0,198.0,571.0,185.0,"-0,13188","-0,09640","-0,98657","-0,25276","-0,09759","-0,96259","4,12","4,34",Valid,Valid,"232,6","103,9","507,3","290,1","102,1","508,4","164,8","54,3","156,6","50,5","0,2000","0,1773","0,2119","0,1837","0,1880","0,1709",thumbnail_grossTrial,thumbnail_grossTrial.png,1245.0,1080.0,337.0,0.0,798.0,692.0,Fixation,175.0,39.0,587.0,191.0,"0,2008","0,1765",,
25467,16310556,1400455581843,Eye Tracker,Participant0058,17.09.2021,Participant0058,Recording4,17.09.2021,17.09.2021,14:48:45.713,12:48:45.713,64514,Timeline2,Tobii I-VT (Fixation),1.145.28180,1080,1920,"10,00",684174656.0,,,577.0,192.0,581.0,192.0,573.0,192.0,"-0,14229","-0,09977","-0,98478","-0,25235","-0,09422","-0,96304",,,Valid,Valid,"232,7","104,0","507,4","290,2","102,2","508,3","159,4","52,6","157,0","52,5","0,1926","0,1777","0,1960","0,1778","0,1891","0,1776",thumbnail_grossTrial,thumbnail_grossTrial.png,1245.0,1080.0,337.0,0.0,798.0,692.0,Fixation,175.0,39.0,587.0,191.0,"0,2008","0,1765",,
25468,16318915,1400455590202,Eye Tracker,Participant0058,17.09.2021,Participant0058,Recording4,17.09.2021,17.09.2021,14:48:45.713,12:48:45.713,64514,Timeline2,Tobii I-VT (Fixation),1.145.28180,1080,1920,"10,00",684183015.0,,,579.0,188.0,586.0,187.0,572.0,188.0,"-0,13968","-0,10190","-0,98494","-0,25275","-0,09607","-0,96275",,,Valid,Valid,"232,6","103,7","507,7","290,1","102,2","508,3","160,6","51,2","156,7","51,5","0,1939","0,1737","0,1996","0,1732","0,1883","0,1741",thumbnail_grossTrial,thumbnail_grossTrial.png,1245.0,1080.0,337.0,0.0,798.0,692.0,Fixation,175.0,39.0,587.0,191.0,"0,2008","0,1765",,
25469,16327264,1400455598551,Eye Tracker,Participant0058,17.09.2021,Participant0058,Recording4,17.09.2021,17.09.2021,14:48:45.713,12:48:45.713,64514,Timeline2,Tobii I-VT (Fixation),1.145.28180,1080,1920,"10,00",684191364.0,,,584.0,187.0,589.0,185.0,580.0,189.0,"-0,13786","-0,10264","-0,98512","-0,24877","-0,09553","-0,96384","4,12","3,74",Valid,Valid,"232,6","103,5","508,3","290,1","102,2","508,2","161,4","50,5","158,9","51,8","0,1985","0,1730","0,2021","0,1709","0,1948","0,1752",thumbnail_grossTrial,thumbnail_grossTrial.png,1245.0,1080.0,337.0,0.0,798.0,692.0,Fixation,175.0,39.0,587.0,191.0,"0,2008","0,1765",,
25470,16335592,1400455606879,Eye Tracker,Participant0058,17.09.2021,Participant0058,Recording4,17.09.2021,17.09.2021,14:48:45.713,12:48:45.713,64514,Timeline2,Tobii I-VT (Fixation),1.145.28180,1080,1920,"10,00",684199692.0,,,584.0,187.0,587.0,178.0,581.0,196.0,"-0,13894","-0,10603","-0,98461","-0,24869","-0,09255","-0,96415",,,Valid,Valid,"232,6","103,5","508,7","290,2","102,3","508,2","160,9","48,7","159,1","53,5","0,1979","0,1729","0,2004","0,1647","0,1953","0,1810",thumbnail_grossTrial,thumbnail_grossTrial.png,1245.0,1080.0,337.0,0.0,798.0,692.0,Fixation,175.0,39.0,587.0,191.0,"0,2008","0,1765",,
25471,16343899,1400455615186,Eye Tracker,Participant0058,17.09.2021,Participant0058,Recording4,17.09.2021,17.09.2021,14:48:45.713,12:48:45.713,64514,Timeline2,Tobii I-VT (Fixation),1.145.28180,1080,1920,"10,00",684207998.0,,,583.0,184.0,582.0,173.0,584.0,195.0,"-0,14129","-0,10811","-0,98405","-0,24703","-0,09250","-0,96458",,,Valid,Valid,"232,5","103,2","508,9","290,1","102,2","508,1","159,5","47,3","160,0","53,5","0,1971","0,1706","0,1964","0,1601","0,1979","0,1810",thumbnail_grossTrial,thumbnail_grossTrial.png,1245.0,1080.0,337.0,0.0,798.0,692.0,Fixation,175.0,39.0,587.0,191.0,"0,2008","0,1765",,
25472,16352249,1400455623536,Eye Tracker,Participant0058,17.09.2021,Participant0058,Recording4,17.09.2021,17.09.2021,14:48:45.713,12:48:45.713,64514,Timeline2,Tobii I-VT (Fixation),1.145.28180,1080,1920,"10,00",684216348.0,,,583.0,184.0,582.0,172.0,585.0,196.0,"-0,14094","-0,10852","-0,98405","-0,24656","-0,09193","-0,96476","4,13","3,74",Valid,Valid,"232,5","103,1","509,2","290,1","102,2","508,2","159,6","46,9","160,2","53,7","0,1977","0,1703","0,1967","0,1588","0,1986","0,1819",thumbnail_grossTrial,thumbnail_grossTrial.png,1245.0,1080.0,337.0,0.0,798.0,692.0,Fixation,175.0,39.0,587.0,191.0,"0,2008","0,1765",,
25473,16360637,1400455631924,Eye Tracker,Participant0058,17.09.2021,Participant0058,Recording4,17.09.2021,17.09.2021,14:48:45.713,12:48:45.713,64514,Timeline2,Tobii I-VT (Fixation),1.145.28180,1080,1920,"10,00",684224736.0,,,583.0,190.0,,,583.0,190.0,,,,"-0,24759","-0,09538","-0,96416",,,Invalid,Valid,,,,"290,2","102,3","508,1",,,"159,7","52,0","0,1970","0,1760",,,"0,1970","0,1760",thumbnail_grossTrial,thumbnail_grossTrial.png,1245.0,1080.0,337.0,0.0,798.0,692.0,Fixation,175.0,39.0,587.0,191.0,"0,2008","0,1765",,
25474,16368927,1400455640214,Eye Tracker,Participant0058,17.09.2021,Participant0058,Recording4,17.09.2021,17.09.2021,14:48:45.713,12:48:45.713,64514,Timeline2,Tobii I-VT (Fixation),1.145.28180,1080,1920,"10,00",684233026.0,,,579.0,180.0,580.0,173.0,578.0,188.0,"-0,14186","-0,10780","-0,98400","-0,24967","-0,09620","-0,96354",,,Valid,Valid,"232,5","103,0","509,4","290,1","102,2","508,2","159,1","47,2","158,5","51,5","0,1943","0,1670","0,1952","0,1598","0,1934","0,1741",thumbnail_grossTrial,thumbnail_grossTrial.png,1245.0,1080.0,337.0,0.0,798.0,692.0,Fixation,175.0,39.0,587.0,191.0,"0,2008","0,1765",,
25475,16377222,1400455648509,Eye Tracker,Participant0058,17.09.2021,Participant0058,Recording4,17.09.2021,17.09.2021,14:48:45.713,12:48:45.713,64514,Timeline2,Tobii I-VT (Fixation),1.145.28180,1080,1920,"10,00",684241320.0,,,579.0,180.0,581.0,173.0,576.0,186.0,"-0,14165","-0,10748","-0,98407","-0,25046","-0,09691","-0,96327","4,13","3,73",Valid,Valid,"232,5","103,0","509,5","290,1","102,1","508,2","159,2","47,3","158,0","51,0","0,1937","0,1664","0,1955","0,1601","0,1920","0,1726",thumbnail_grossTrial,thumbnail_grossTrial.png,1245.0,1080.0,337.0,0.0,798.0,692.0,Saccade,67.0,61.0,,,,,,
25476,16385577,1400455656864,Eye Tracker,Participant0058,17.09.2021,Participant0058,Recording4,17.09.2021,17.09.2021,14:48:45.713,12:48:45.713,64514,Timeline2,Tobii I-VT (Fixation),1.145.28180,1080,1920,"10,00",684249675.0,,,588.0,156.0,,,588.0,156.0,,,,"-0,24452","-0,11278","-0,96306",,,Invalid,Valid,,,,"290,2","102,2","508,2",,,"161,1","42,7","0,2013","0,1446",,,"0,2013","0,1446",thumbnail_grossTrial,thumbnail_grossTrial.png,1245.0,1080.0,337.0,0.0,798.0,692.0,Saccade,67.0,61.0,,,,,,
25477,16393882,1400455665169,Eye Tracker,Participant0058,17.09.2021,Participant0058,Recording4,17.09.2021,17.09.2021,14:48:45.713,12:48:45.713,64514,Timeline2,Tobii I-VT (Fixation),1.145.28180,1080,1920,"10,00",684257980.0,,,588.0,158.0,,,588.0,158.0,,,,"-0,24446","-0,11188","-0,96318",,,Invalid,Valid,,,,"290,1","102,1","508,3",,,"161,1","43,1","0,2013","0,1458",,,"0,2013","0,1458",thumbnail_grossTrial,thumbnail_grossTrial.png,1245.0,1080.0,337.0,0.0,798.0,692.0,Saccade,67.0,61.0,,,,,,
25478,16402248,1400455673535,Eye Tracker,Participant0058,17.09.2021,Participant0058,Recording4,17.09.2021,17.09.2021,14:48:45.713,12:48:45.713,64514,Timeline2,Tobii I-VT (Fixation),1.145.28180,1080,1920,"10,00",684266346.0,,,598.0,179.0,608.0,201.0,588.0,157.0,"-0,12777","-0,09287","-0,98745","-0,24457","-0,11175","-0,96317","4,03","3,73",Valid,Valid,"232,5","103,0","509,5","290,1","102,1","508,3","166,6","55,0","161,1","43,1","0,2091","0,1660","0,2172","0,1862","0,2010","0,1458",thumbnail_grossTrial,thumbnail_grossTrial.png,1245.0,1080.0,337.0,0.0,798.0,692.0,Saccade,67.0,61.0,,,,,,
25479,16410559,1400455681846,Eye Tracker,Participant0058,17.09.2021,Participant0058,Recording4,17.09.2021,17.09.2021,14:48:45.713,12:48:45.713,64514,Timeline2,Tobii I-VT (Fixation),1.145.28180,1080,1920,"10,00",684274656.0,,,579.0,193.0,,,579.0,193.0,,,,"-0,24949","-0,09347","-0,96386",,,Invalid,Valid,,,,"290,2","102,2","508,3",,,"158,6","52,9","0,1939","0,1789",,,"0,1939","0,1789",thumbnail_grossTrial,thumbnail_grossTrial.png,1245.0,1080.0,337.0,0.0,798.0,692.0,Saccade,67.0,61.0,,,,,,
25480,16418890,1400455690177,Eye Tracker,Participant0058,17.09.2021,Participant0058,Recording4,17.09.2021,17.09.2021,14:48:45.713,12:48:45.713,64514,Timeline2,Tobii I-VT (Fixation),1.145.28180,1080,1920,"10,00",684282987.0,,,607.0,204.0,622.0,205.0,592.0,202.0,"-0,12077","-0,09092","-0,98851","-0,24300","-0,08911","-0,96592",,,Valid,Valid,"232,7","103,0","509,4","290,3","102,1","508,4","170,4","56,2","162,4","55,2","0,2167","0,1884","0,2285","0,1901","0,2049","0,1868",thumbnail_grossTrial,thumbnail_grossTrial.png,1245.0,1080.0,337.0,0.0,798.0,692.0,Saccade,67.0,61.0,,,,,,
25481,16427213,1400455698500,Eye Tracker,Participant0058,17.09.2021,Participant0058,Recording4,17.09.2021,17.09.2021,14:48:45.713,12:48:45.713,64514,Timeline2,Tobii I-VT (Fixation),1.145.28180,1080,1920,"10,00",684291310.0,,,652.0,200.0,680.0,197.0,625.0,203.0,"-0,09036","-0,09535","-0,99133","-0,22727","-0,08886","-0,96977","4,14","4,01",Valid,Valid,"232,8","103,0","509,4","290,4","102,0","508,4","186,4","54,0","171,2","55,4","0,2530","0,1851","0,2751","0,1828","0,2308","0,1875",thumbnail_grossTrial,thumbnail_grossTrial.png,1245.0,1080.0,337.0,0.0,798.0,692.0,Saccade,67.0,61.0,,,,,,
25482,16435574,1400455706861,Eye Tracker,Participant0058,17.09.2021,Participant0058,Recording4,17.09.2021,17.09.2021,14:48:45.713,12:48:45.713,64514,Timeline2,Tobii I-VT (Fixation),1.145.28180,1080,1920,"10,00",684299671.0,,,661.0,221.0,,,661.0,221.0,,,,"-0,20928","-0,07999","-0,97458",,,Invalid,Valid,,,,"290,5","102,1","508,5",,,"181,3","60,4","0,2603","0,2044",,,"0,2603","0,2044",thumbnail_grossTrial,thumbnail_grossTrial.png,1245.0,1080.0,337.0,0.0,798.0,692.0,Saccade,67.0,61.0,,,,,,
25483,16443880,1400455715167,Eye Tracker,Participant0058,17.09.2021,Participant0058,Recording4,17.09.2021,17.09.2021,14:48:45.713,12:48:45.713,64514,Timeline2,Tobii I-VT (Fixation),1.145.28180,1080,1920,"10,00",684307976.0,,,693.0,215.0,709.0,207.0,677.0,224.0,"-0,07505","-0,09095","-0,99302","-0,20124","-0,07820","-0,97642",,,Valid,Valid,"232,8","103,2","509,0","290,5","102,1","508,5","194,4","56,6","185,7","61,3","0,2858","0,1995","0,2986","0,1915","0,2731","0,2076",thumbnail_grossTrial,thumbnail_grossTrial.png,1245.0,1080.0,337.0,0.0,798.0,692.0,Unclassified,8.0,83.0,,,,,,
25484,16452237,1400455723524,Eye Tracker,Participant0058,17.09.2021,Participant0058,Recording4,17.09.2021,17.09.2021,14:48:45.713,12:48:45.713,64514,Timeline2,Tobii I-VT (Fixation),1.145.28180,1080,1920,"10,00",684316333.0,,,687.0,208.0,700.0,197.0,675.0,218.0,"-0,08016","-0,09621","-0,99213","-0,20253","-0,08100","-0,97592","4,14","3,91",Valid,Valid,"232,9","103,3","508,7","290,4","102,0","508,6","191,8","54,0","184,9","59,8","0,2809","0,1925","0,2910","0,1827","0,2708","0,2022",thumbnail_grossTrial,thumbnail_grossTrial.png,1245.0,1080.0,337.0,0.0,798.0,692.0,Saccade,8.0,62.0,,,,,,
25485,16460580,1400455731867,Eye Tracker,Participant0058,17.09.2021,Participant0058,Recording4,17.09.2021,17.09.2021,14:48:45.713,12:48:45.713,64514,Timeline2,Tobii I-VT (Fixation),1.145.28180,1080,1920,"10,00",684324676.0,,,674.0,208.0,675.0,195.0,673.0,221.0,"-0,09348","-0,09818","-0,99077","-0,20351","-0,07978","-0,97582",,,Valid,Valid,"233,0","103,6","508,2","290,5","102,1","508,5","185,0","53,2","184,4","60,5","0,2703","0,1924","0,2712","0,1801","0,2695","0,2047",thumbnail_grossTrial,thumbnail_grossTrial.png,1245.0,1080.0,337.0,0.0,798.0,692.0,Fixation,358.0,40.0,671.0,213.0,"0,2682","0,1975",,
25486,16468875,1400455740162,Eye Tracker,Participant0058,17.09.2021,Participant0058,Recording4,17.09.2021,17.09.2021,14:48:45.713,12:48:45.713,64514,Timeline2,Tobii I-VT (Fixation),1.145.28180,1080,1920,"10,00",684332971.0,,,673.0,213.0,672.0,201.0,674.0,224.0,"-0,09496","-0,09472","-0,99096","-0,20271","-0,07794","-0,97613",,,Valid,Valid,"232,9","103,7","507,9","290,5","102,0","508,6","184,2","55,1","184,9","61,4","0,2698","0,1972","0,2688","0,1865","0,2708","0,2079",thumbnail_grossTrial,thumbnail_grossTrial.png,1245.0,1080.0,337.0,0.0,798.0,692.0,Fixation,358.0,40.0,671.0,213.0,"0,2682","0,1975",,
25487,16477240,1400455748527,Eye Tracker,Participant0058,17.09.2021,Participant0058,Recording4,17.09.2021,17.09.2021,14:48:45.713,12:48:45.713,64514,Timeline2,Tobii I-VT (Fixation),1.145.28180,1080,1920,"10,00",684341335.0,,,671.0,214.0,670.0,203.0,672.0,226.0,"-0,09594","-0,09420","-0,99092","-0,20397","-0,07698","-0,97595","4,14","3,71",Valid,Valid,"232,9","103,7","507,8","290,4","102,0","508,6","183,7","55,5","184,1","61,8","0,2681","0,1984","0,2675","0,1876","0,2687","0,2092",thumbnail_grossTrial,thumbnail_grossTrial.png,1245.0,1080.0,337.0,0.0,798.0,692.0,Fixation,358.0,40.0,671.0,213.0,"0,2682","0,1975",,
25488,16485541,1400455756828,Eye Tracker,Participant0058,17.09.2021,Participant0058,Recording4,17.09.2021,17.09.2021,14:48:45.713,12:48:45.713,64514,Timeline2,Tobii I-VT (Fixation),1.145.28180,1080,1920,"10,00",684349636.0,,,675.0,212.0,676.0,204.0,673.0,221.0,"-0,09319","-0,09413","-0,99119","-0,20326","-0,07966","-0,97588",,,Valid,Valid,"233,0","103,9","507,5","290,5","102,0","508,7","185,2","55,7","184,5","60,5","0,2708","0,1966","0,2719","0,1884","0,2698","0,2048",thumbnail_grossTrial,thumbnail_grossTrial.png,1245.0,1080.0,337.0,0.0,798.0,692.0,Fixation,358.0,40.0,671.0,213.0,"0,2682","0,1975",,
25489,16493901,1400455765188,Eye Tracker,Participant0058,17.09.2021,Participant0058,Recording4,17.09.2021,17.09.2021,14:48:45.713,12:48:45.713,64514,Timeline2,Tobii I-VT (Fixation),1.145.28180,1080,1920,"10,00",684357996.0,,,673.0,222.0,676.0,208.0,671.0,237.0,"-0,09295","-0,09201","-0,99141","-0,20462","-0,07094","-0,97627",,,Valid,Valid,"232,9","103,9","507,4","290,5","101,9","508,9","185,3","56,8","183,8","64,9","0,2699","0,2059","0,2721","0,1922","0,2677","0,2197",thumbnail_grossTrial,thumbnail_grossTrial.png,1245.0,1080.0,337.0,0.0,798.0,692.0,Fixation,358.0,40.0,671.0,213.0,"0,2682","0,1975",,
25490,16502205,1400455773492,Eye Tracker,Participant0058,17.09.2021,Participant0058,Recording4,17.09.2021,17.09.2021,14:48:45.713,12:48:45.713,64514,Timeline2,Tobii I-VT (Fixation),1.145.28180,1080,1920,"10,00",684366300.0,,,675.0,226.0,680.0,214.0,670.0,239.0,"-0,09119","-0,08872","-0,99187","-0,20483","-0,06966","-0,97632","4,11","3,72",Valid,Valid,"232,9","103,9","507,3","290,5","101,8","509,1","186,2","58,5","183,7","65,4","0,2710","0,2097","0,2748","0,1979","0,2673","0,2214",thumbnail_grossTrial,thumbnail_grossTrial.png,1245.0,1080.0,337.0,0.0,798.0,692.0,Fixation,358.0,40.0,671.0,213.0,"0,2682","0,1975",,
25491,16510567,1400455781854,Eye Tracker,Participant0058,17.09.2021,Participant0058,Recording4,17.09.2021,17.09.2021,14:48:45.713,12:48:45.713,64514,Timeline2,Tobii I-VT (Fixation),1.145.28180,1080,1920,"10,00",684374661.0,,,673.0,225.0,678.0,215.0,669.0,235.0,"-0,09225","-0,08825","-0,99182","-0,20559","-0,07168","-0,97601",,,Valid,Valid,"233,0","104,1","507,2","290,5","101,8","509,3","185,8","58,9","183,3","64,4","0,2698","0,2086","0,2735","0,1993","0,2661","0,2179",thumbnail_grossTrial,thumbnail_grossTrial.png,1245.0,1080.0,337.0,0.0,798.0,692.0,Fixation,358.0,40.0,671.0,213.0,"0,2682","0,1975",,
25492,16518901,1400455790188,Eye Tracker,Participant0058,17.09.2021,Participant0058,Recording4,17.09.2021,17.09.2021,14:48:45.713,12:48:45.713,64514,Timeline2,Tobii I-VT (Fixation),1.145.28180,1080,1920,"10,00",684382995.0,,,678.0,218.0,683.0,213.0,673.0,223.0,"-0,08954","-0,08944","-0,99196","-0,20307","-0,07790","-0,97606",,,Valid,Valid,"232,9","104,0","507,1","290,5","101,7","509,6","187,1","58,3","184,5","61,0","0,2735","0,2018","0,2773","0,1972","0,2697","0,2063",thumbnail_grossTrial,thumbnail_grossTrial.png,1245.0,1080.0,337.0,0.0,798.0,692.0,Fixation,358.0,40.0,671.0,213.0,"0,2682","0,1975",,
25493,16527203,1400455798490,Eye Tracker,Participant0058,17.09.2021,Participant0058,Recording4,17.09.2021,17.09.2021,14:48:45.713,12:48:45.713,64514,Timeline2,Tobii I-VT (Fixation),1.145.28180,1080,1920,"10,00",684391297.0,,,672.0,213.0,676.0,213.0,669.0,213.0,"-0,09322","-0,08941","-0,99162","-0,20504","-0,08247","-0,97527","4,02","3,75",Valid,Valid,"232,9","104,0","507,1","290,6","101,5","509,9","185,2","58,3","183,4","58,4","0,2691","0,1975","0,2719","0,1973","0,2664","0,1976",thumbnail_grossTrial,thumbnail_grossTrial.png,1245.0,1080.0,337.0,0.0,798.0,692.0,Fixation,358.0,40.0,671.0,213.0,"0,2682","0,1975",,
25494,16535568,1400455806855,Eye Tracker,Participant0058,17.09.2021,Participant0058,Recording4,17.09.2021,17.09.2021,14:48:45.713,12:48:45.713,64514,Timeline2,Tobii I-VT (Fixation),1.145.28180,1080,1920,"10,00",684399662.0,,,674.0,214.0,677.0,213.0,671.0,214.0,"-0,09288","-0,08960","-0,99164","-0,20401","-0,08201","-0,97553",,,Valid,Valid,"233,0","104,2","507,0","290,6","101,5","510,1","185,5","58,3","183,9","58,6","0,2703","0,1979","0,2726","0,1974","0,2681","0,1983",thumbnail_grossTrial,thumbnail_grossTrial.png,1245.0,1080.0,337.0,0.0,798.0,692.0,Fixation,358.0,40.0,671.0,213.0,"0,2682","0,1975",,
25495,16543870,1400455815157,Eye Tracker,Participant0058,17.09.2021,Participant0058,Recording4,17.09.2021,17.09.2021,14:48:45.713,12:48:45.713,64514,Timeline2,Tobii I-VT (Fixation),1.145.28180,1080,1920,"10,00",684407963.0,,,671.0,214.0,673.0,214.0,669.0,213.0,"-0,09459","-0,08892","-0,99154","-0,20513","-0,08222","-0,97528",,,Valid,Valid,"232,9","104,1","506,9","290,6","101,4","510,4","184,6","58,7","183,3","58,3","0,2680","0,1979","0,2699","0,1985","0,2661","0,1974",thumbnail_grossTrial,thumbnail_grossTrial.png,1245.0,1080.0,337.0,0.0,798.0,692.0,Fixation,358.0,40.0,671.0,213.0,"0,2682","0,1975",,
25496,16552304,1400455823591,Eye Tracker,Participant0058,17.09.2021,Participant0058,Recording4,17.09.2021,17.09.2021,14:48:45.713,12:48:45.713,64514,Timeline2,Tobii I-VT (Fixation),1.145.28180,1080,1920,"10,00",684416397.0,,,675.0,211.0,679.0,207.0,671.0,216.0,"-0,09179","-0,09302","-0,99142","-0,20370","-0,08067","-0,97570","4,09","3,74",Valid,Valid,"232,9","104,1","506,8","290,6","101,2","510,6","186,0","56,6","184,0","59,0","0,2712","0,1955","0,2741","0,1914","0,2683","0,1997",thumbnail_grossTrial,thumbnail_grossTrial.png,1245.0,1080.0,337.0,0.0,798.0,692.0,Fixation,358.0,40.0,671.0,213.0,"0,2682","0,1975",,
25497,16560534,1400455831821,Eye Tracker,Participant0058,17.09.2021,Participant0058,Recording4,17.09.2021,17.09.2021,14:48:45.713,12:48:45.713,64514,Timeline2,Tobii I-VT (Fixation),1.145.28180,1080,1920,"10,00",684424627.0,,,673.0,213.0,676.0,210.0,669.0,216.0,"-0,09338","-0,09144","-0,99142","-0,20484","-0,08021","-0,97550",,,Valid,Valid,"233,0","104,3","506,6","290,7","101,2","510,8","185,3","57,5","183,5","59,2","0,2693","0,1976","0,2720","0,1947","0,2666","0,2004",thumbnail_grossTrial,thumbnail_grossTrial.png,1245.0,1080.0,337.0,0.0,798.0,692.0,Fixation,358.0,40.0,671.0,213.0,"0,2682","0,1975",,
25498,16568895,1400455840182,Eye Tracker,Participant0058,17.09.2021,Participant0058,Recording4,17.09.2021,17.09.2021,14:48:45.713,12:48:45.713,64514,Timeline2,Tobii I-VT (Fixation),1.145.28180,1080,1920,"10,00",684432988.0,,,669.0,210.0,669.0,208.0,668.0,212.0,"-0,09714","-0,09281","-0,99093","-0,20523","-0,08228","-0,97525",,,Valid,Valid,"232,9","104,3","506,5","290,7","101,1","511,0","183,3","56,8","183,2","58,0","0,2660","0,1942","0,2662","0,1922","0,2658","0,1963",thumbnail_grossTrial,thumbnail_grossTrial.png,1245.0,1080.0,337.0,0.0,798.0,692.0,Fixation,358.0,40.0,671.0,213.0,"0,2682","0,1975",,
25499,16577227,1400455848514,Eye Tracker,Participant0058,17.09.2021,Participant0058,Recording4,17.09.2021,17.09.2021,14:48:45.713,12:48:45.713,64514,Timeline2,Tobii I-VT (Fixation),1.145.28180,1080,1920,"10,00",684441319.0,,,668.0,210.0,670.0,212.0,667.0,208.0,"-0,09637","-0,09034","-0,99124","-0,20605","-0,08434","-0,97490","4,13","3,75",Valid,Valid,"233,0","104,3","506,4","290,7","101,0","511,2","183,7","58,1","182,7","56,8","0,2659","0,1944","0,2674","0,1966","0,2644","0,1922",thumbnail_grossTrial,thumbnail_grossTrial.png,1245.0,1080.0,337.0,0.0,798.0,692.0,Fixation,358.0,40.0,671.0,213.0,"0,2682","0,1975",,
25500,16585533,1400455856820,Eye Tracker,Participant0058,17.09.2021,Participant0058,Recording4,17.09.2021,17.09.2021,14:48:45.713,12:48:45.713,64514,Timeline2,Tobii I-VT (Fixation),1.145.28180,1080,1920,"10,00",684449625.0,,,669.0,208.0,673.0,212.0,664.0,204.0,"-0,09492","-0,09086","-0,99133","-0,20718","-0,08644","-0,97448",,,Valid,Valid,"233,0","104,4","506,3","290,8","101,1","511,2","184,6","58,0","182,1","55,7","0,2663","0,1924","0,2699","0,1962","0,2626","0,1886",thumbnail_grossTrial,thumbnail_grossTrial.png,1245.0,1080.0,337.0,0.0,798.0,692.0,Fixation,358.0,40.0,671.0,213.0,"0,2682","0,1975",,
25501,16593892,1400455865179,Eye Tracker,Participant0058,17.09.2021,Participant0058,Recording4,17.09.2021,17.09.2021,14:48:45.713,12:48:45.713,64514,Timeline2,Tobii I-VT (Fixation),1.145.28180,1080,1920,"10,00",684457984.0,,,670.0,209.0,670.0,215.0,669.0,204.0,"-0,09671","-0,08903","-0,99132","-0,20467","-0,08639","-0,97501",,,Valid,Valid,"233,0","104,4","506,2","290,7","101,0","511,3","183,6","58,9","183,4","55,7","0,2668","0,1939","0,2671","0,1993","0,2665","0,1885",thumbnail_grossTrial,thumbnail_grossTrial.png,1245.0,1080.0,337.0,0.0,798.0,692.0,Fixation,358.0,40.0,671.0,213.0,"0,2682","0,1975",,
25502,16602198,1400455873485,Eye Tracker,Participant0058,17.09.2021,Participant0058,Recording4,17.09.2021,17.09.2021,14:48:45.713,12:48:45.713,64514,Timeline2,Tobii I-VT (Fixation),1.145.28180,1080,1920,"10,00",684466289.0,,,669.0,209.0,669.0,214.0,668.0,203.0,"-0,09710","-0,08947","-0,99125","-0,20513","-0,08637","-0,97492","4,06","4,19",Valid,Valid,"233,0","104,4","506,1","290,8","101,0","511,4","183,4","58,7","183,2","55,7","0,2662","0,1935","0,2665","0,1986","0,2658","0,1883",thumbnail_grossTrial,thumbnail_grossTrial.png,1245.0,1080.0,337.0,0.0,798.0,692.0,Fixation,358.0,40.0,671.0,213.0,"0,2682","0,1975",,
25503,16610560,1400455881847,Eye Tracker,Participant0058,17.09.2021,Participant0058,Recording4,17.09.2021,17.09.2021,14:48:45.713,12:48:45.713,64514,Timeline2,Tobii I-VT (Fixation),1.145.28180,1080,1920,"10,00",684474651.0,,,668.0,213.0,670.0,219.0,667.0,208.0,"-0,09704","-0,08725","-0,99145","-0,20585","-0,08431","-0,97494",,,Valid,Valid,"233,0","104,5","506,0","290,8","101,0","511,4","183,5","60,0","182,8","56,8","0,2658","0,1976","0,2668","0,2029","0,2648","0,1922",thumbnail_grossTrial,thumbnail_grossTrial.png,1245.0,1080.0,337.0,0.0,798.0,692.0,Fixation,358.0,40.0,671.0,213.0,"0,2682","0,1975",,
25504,16618864,1400455890151,Eye Tracker,Participant0058,17.09.2021,Participant0058,Recording4,17.09.2021,17.09.2021,14:48:45.713,12:48:45.713,64514,Timeline2,Tobii I-VT (Fixation),1.145.28180,1080,1920,"10,00",684482955.0,,,664.0,215.0,669.0,222.0,659.0,209.0,"-0,09751","-0,08573","-0,99154","-0,20964","-0,08359","-0,97420",,,Valid,Valid,"233,0","104,5","506,0","290,8","101,0","511,4","183,2","60,7","180,7","57,1","0,2623","0,1993","0,2660","0,2054","0,2586","0,1931",thumbnail_grossTrial,thumbnail_grossTrial.png,1245.0,1080.0,337.0,0.0,798.0,692.0,Fixation,358.0,40.0,671.0,213.0,"0,2682","0,1975",,
25505,16627195,1400455898482,Eye Tracker,Participant0058,17.09.2021,Participant0058,Recording4,17.09.2021,17.09.2021,14:48:45.713,12:48:45.713,64514,Timeline2,Tobii I-VT (Fixation),1.145.28180,1080,1920,"10,00",684491286.0,,,663.0,214.0,662.0,221.0,664.0,207.0,"-0,10093","-0,08612","-0,99116","-0,20730","-0,08445","-0,97463","3,90","4,06",Valid,Valid,"233,0","104,4","506,0","290,8","100,9","511,5","181,4","60,5","182,0","56,6","0,2615","0,1980","0,2608","0,2046","0,2623","0,1915",thumbnail_grossTrial,thumbnail_grossTrial.png,1245.0,1080.0,337.0,0.0,798.0,692.0,Fixation,358.0,40.0,671.0,213.0,"0,2682","0,1975",,
25506,16635560,1400455906847,Eye Tracker,Participant0058,17.09.2021,Participant0058,Recording4,17.09.2021,17.09.2021,14:48:45.713,12:48:45.713,64514,Timeline2,Tobii I-VT (Fixation),1.145.28180,1080,1920,"10,00",684499650.0,,,665.0,211.0,665.0,217.0,665.0,204.0,"-0,09961","-0,08841","-0,99109","-0,20662","-0,08575","-0,97466",,,Valid,Valid,"233,0","104,5","505,9","290,8","100,9","511,5","182,2","59,4","182,4","55,9","0,2632","0,1952","0,2629","0,2010","0,2634","0,1893",thumbnail_grossTrial,thumbnail_grossTrial.png,1245.0,1080.0,337.0,0.0,798.0,692.0,Fixation,358.0,40.0,671.0,213.0,"0,2682","0,1975",,
25507,16643862,1400455915149,Eye Tracker,Participant0058,17.09.2021,Participant0058,Recording4,17.09.2021,17.09.2021,14:48:45.713,12:48:45.713,64514,Timeline2,Tobii I-VT (Fixation),1.145.28180,1080,1920,"10,00",684507952.0,,,667.0,207.0,665.0,214.0,668.0,200.0,"-0,09926","-0,08979","-0,99100","-0,20501","-0,08763","-0,97483",,,Valid,Valid,"233,0","104,5","505,9","290,7","100,9","511,6","182,3","58,6","183,2","54,9","0,2645","0,1920","0,2632","0,1984","0,2658","0,1856",thumbnail_grossTrial,thumbnail_grossTrial.png,1245.0,1080.0,337.0,0.0,798.0,692.0,Fixation,358.0,40.0,671.0,213.0,"0,2682","0,1975",,
25508,16652191,1400455923478,Eye Tracker,Participant0058,17.09.2021,Participant0058,Recording4,17.09.2021,17.09.2021,14:48:45.713,12:48:45.713,64514,Timeline2,Tobii I-VT (Fixation),1.145.28180,1080,1920,"10,00",684516281.0,,,672.0,207.0,673.0,205.0,670.0,209.0,"-0,09503","-0,09495","-0,99094","-0,20416","-0,08314","-0,97540","4,11","3,78",Valid,Valid,"233,0","104,5","505,9","290,7","100,7","511,7","184,5","56,0","183,6","57,1","0,2684","0,1913","0,2696","0,1894","0,2672","0,1932",thumbnail_grossTrial,thumbnail_grossTrial.png,1245.0,1080.0,337.0,0.0,798.0,692.0,Fixation,358.0,40.0,671.0,213.0,"0,2682","0,1975",,
25509,16660567,1400455931854,Eye Tracker,Participant0058,17.09.2021,Participant0058,Recording4,17.09.2021,17.09.2021,14:48:45.713,12:48:45.713,64514,Timeline2,Tobii I-VT (Fixation),1.145.28180,1080,1920,"10,00",684524657.0,,,671.0,209.0,673.0,209.0,669.0,209.0,"-0,09491","-0,09288","-0,99114","-0,20483","-0,08311","-0,97526",,,Valid,Valid,"233,0","104,5","505,9","290,8","100,8","511,8","184,6","57,1","183,3","57,2","0,2681","0,1934","0,2699","0,1933","0,2662","0,1935",thumbnail_grossTrial,thumbnail_grossTrial.png,1245.0,1080.0,337.0,0.0,798.0,692.0,Fixation,358.0,40.0,671.0,213.0,"0,2682","0,1975",,
25510,16668858,1400455940145,Eye Tracker,Participant0058,17.09.2021,Participant0058,Recording4,17.09.2021,17.09.2021,14:48:45.713,12:48:45.713,64514,Timeline2,Tobii I-VT (Fixation),1.145.28180,1080,1920,"10,00",684532947.0,,,672.0,209.0,674.0,206.0,669.0,212.0,"-0,09424","-0,09440","-0,99106","-0,20490","-0,08116","-0,97541",,,Valid,Valid,"233,0","104,5","505,9","290,8","100,7","511,9","184,9","56,3","183,2","58,1","0,2684","0,1935","0,2707","0,1904","0,2660","0,1966",thumbnail_grossTrial,thumbnail_grossTrial.png,1245.0,1080.0,337.0,0.0,798.0,692.0,Fixation,358.0,40.0,671.0,213.0,"0,2682","0,1975",,
25511,16677191,1400455948478,Eye Tracker,Participant0058,17.09.2021,Participant0058,Recording4,17.09.2021,17.09.2021,14:48:45.713,12:48:45.713,64514,Timeline2,Tobii I-VT (Fixation),1.145.28180,1080,1920,"10,00",684541280.0,,,671.0,213.0,677.0,212.0,666.0,213.0,"-0,09299","-0,09067","-0,99153","-0,20624","-0,08061","-0,97518","4,05","4,25",Valid,Valid,"232,9","104,4","506,0","290,8","100,6","512,0","185,5","58,1","182,5","58,3","0,2682","0,1969","0,2726","0,1966","0,2638","0,1971",thumbnail_grossTrial,thumbnail_grossTrial.png,1245.0,1080.0,337.0,0.0,798.0,692.0,Fixation,358.0,40.0,671.0,213.0,"0,2682","0,1975",,
25512,16685555,1400455956842,Eye Tracker,Participant0058,17.09.2021,Participant0058,Recording4,17.09.2021,17.09.2021,14:48:45.713,12:48:45.713,64514,Timeline2,Tobii I-VT (Fixation),1.145.28180,1080,1920,"10,00",684549644.0,,,671.0,214.0,673.0,210.0,669.0,217.0,"-0,09497","-0,09192","-0,99123","-0,20468","-0,07883","-0,97565",,,Valid,Valid,"233,0","104,5","505,9","290,8","100,7","512,0","184,5","57,6","183,4","59,3","0,2682","0,1977","0,2698","0,1948","0,2665","0,2006",thumbnail_grossTrial,thumbnail_grossTrial.png,1245.0,1080.0,337.0,0.0,798.0,692.0,Fixation,358.0,40.0,671.0,213.0,"0,2682","0,1975",,
25513,16693857,1400455965144,Eye Tracker,Participant0058,17.09.2021,Participant0058,Recording4,17.09.2021,17.09.2021,14:48:45.713,12:48:45.713,64514,Timeline2,Tobii I-VT (Fixation),1.145.28180,1080,1920,"10,00",684557946.0,,,674.0,211.0,674.0,209.0,673.0,213.0,"-0,09440","-0,09248","-0,99123","-0,20245","-0,08052","-0,97598",,,Valid,Valid,"233,0","104,4","506,0","290,8","100,6","512,2","184,8","57,2","184,6","58,3","0,2702","0,1955","0,2705","0,1936","0,2699","0,1973",thumbnail_grossTrial,thumbnail_grossTrial.png,1245.0,1080.0,337.0,0.0,798.0,692.0,Fixation,358.0,40.0,671.0,213.0,"0,2682","0,1975",,
25514,16702221,1400455973508,Eye Tracker,Participant0058,17.09.2021,Participant0058,Recording4,17.09.2021,17.09.2021,14:48:45.713,12:48:45.713,64514,Timeline2,Tobii I-VT (Fixation),1.145.28180,1080,1920,"10,00",684566309.0,,,674.0,212.0,674.0,211.0,675.0,214.0,"-0,09449","-0,09156","-0,99131","-0,20165","-0,07973","-0,97621","4,10","3,78",Valid,Valid,"233,0","104,4","506,0","290,8","100,5","512,3","184,7","57,6","185,0","58,6","0,2707","0,1967","0,2704","0,1950","0,2711","0,1984",thumbnail_grossTrial,thumbnail_grossTrial.png,1245.0,1080.0,337.0,0.0,798.0,692.0,Fixation,358.0,40.0,671.0,213.0,"0,2682","0,1975",,
25515,16710550,1400455981837,Eye Tracker,Participant0058,17.09.2021,Participant0058,Recording4,17.09.2021,17.09.2021,14:48:45.713,12:48:45.713,64514,Timeline2,Tobii I-VT (Fixation),1.145.28180,1080,1920,"10,00",684574638.0,,,674.0,217.0,674.0,217.0,674.0,216.0,"-0,09460","-0,08828","-0,99159","-0,20206","-0,07892","-0,97619",,,Valid,Valid,"233,0","104,5","506,0","290,9","100,6","512,3","184,8","59,4","184,8","59,2","0,2706","0,2006","0,2705","0,2010","0,2707","0,2002",thumbnail_grossTrial,thumbnail_grossTrial.png,1245.0,1080.0,337.0,0.0,798.0,692.0,Fixation,358.0,40.0,671.0,213.0,"0,2682","0,1975",,
25516,16718855,1400455990142,Eye Tracker,Participant0058,17.09.2021,Participant0058,Recording4,17.09.2021,17.09.2021,14:48:45.713,12:48:45.713,64514,Timeline2,Tobii I-VT (Fixation),1.145.28180,1080,1920,"10,00",684582943.0,,,668.0,233.0,666.0,249.0,670.0,218.0,"-0,09885","-0,07139","-0,99254","-0,20427","-0,07800","-0,97580",,,Valid,Valid,"233,0","104,4","506,0","290,8","100,5","512,4","182,6","68,0","183,6","59,6","0,2655","0,2158","0,2640","0,2302","0,2670","0,2015",thumbnail_grossTrial,thumbnail_grossTrial.png,1245.0,1080.0,337.0,0.0,798.0,692.0,Fixation,358.0,40.0,671.0,213.0,"0,2682","0,1975",,
25517,16727214,1400455998501,Eye Tracker,Participant0058,17.09.2021,Participant0058,Recording4,17.09.2021,17.09.2021,14:48:45.713,12:48:45.713,64514,Timeline2,Tobii I-VT (Fixation),1.145.28180,1080,1920,"10,00",684591302.0,,,669.0,226.0,664.0,239.0,675.0,213.0,"-0,10004","-0,07656","-0,99203","-0,20169","-0,08015","-0,97617","4,09","4,09",Valid,Valid,"233,0","104,4","506,1","290,8","100,4","512,4","181,9","65,3","184,9","58,4","0,2666","0,2092","0,2622","0,2210","0,2710","0,1975",thumbnail_grossTrial,thumbnail_grossTrial.png,1245.0,1080.0,337.0,0.0,798.0,692.0,Fixation,358.0,40.0,671.0,213.0,"0,2682","0,1975",,
25518,16735522,1400456006809,Eye Tracker,Participant0058,17.09.2021,Participant0058,Recording4,17.09.2021,17.09.2021,14:48:45.713,12:48:45.713,64514,Timeline2,Tobii I-VT (Fixation),1.145.28180,1080,1920,"10,00",684599609.0,,,667.0,227.0,667.0,236.0,667.0,217.0,"-0,09868","-0,07799","-0,99206","-0,20589","-0,07831","-0,97544",,,Valid,Valid,"233,0","104,5","506,1","290,9","100,6","512,4","182,7","64,7","182,7","59,4","0,2644","0,2100","0,2644","0,2189","0,2645","0,2011",thumbnail_grossTrial,thumbnail_grossTrial.png,1245.0,1080.0,337.0,0.0,798.0,692.0,Fixation,358.0,40.0,671.0,213.0,"0,2682","0,1975",,
25519,16743851,1400456015138,Eye Tracker,Participant0058,17.09.2021,Participant0058,Recording4,17.09.2021,17.09.2021,14:48:45.713,12:48:45.713,64514,Timeline2,Tobii I-VT (Fixation),1.145.28180,1080,1920,"10,00",684607938.0,,,667.0,216.0,672.0,218.0,663.0,214.0,"-0,09571","-0,08781","-0,99153","-0,20758","-0,08004","-0,97494",,,Valid,Valid,"232,9","104,4","506,1","290,8","100,6","512,4","184,1","59,6","181,7","58,5","0,2650","0,1998","0,2685","0,2017","0,2616","0,1979",thumbnail_grossTrial,thumbnail_grossTrial.png,1245.0,1080.0,337.0,0.0,798.0,692.0,Fixation,358.0,40.0,671.0,213.0,"0,2682","0,1975",,
25520,16752183,1400456023470,Eye Tracker,Participant0058,17.09.2021,Participant0058,Recording4,17.09.2021,17.09.2021,14:48:45.713,12:48:45.713,64514,Timeline2,Tobii I-VT (Fixation),1.145.28180,1080,1920,"10,00",684616270.0,,,666.0,211.0,674.0,218.0,659.0,205.0,"-0,09464","-0,08791","-0,99162","-0,20976","-0,08461","-0,97409","4,10","4,31",Valid,Valid,"233,0","104,4","506,2","290,8","100,6","512,4","184,6","59,5","180,5","56,0","0,2640","0,1955","0,2701","0,2014","0,2579","0,1896",thumbnail_grossTrial,thumbnail_grossTrial.png,1245.0,1080.0,337.0,0.0,798.0,692.0,Fixation,358.0,40.0,671.0,213.0,"0,2682","0,1975",,
25521,16760545,1400456031832,Eye Tracker,Participant0058,17.09.2021,Participant0058,Recording4,17.09.2021,17.09.2021,14:48:45.713,12:48:45.713,64514,Timeline2,Tobii I-VT (Fixation),1.145.28180,1080,1920,"10,00",684624632.0,,,669.0,204.0,674.0,209.0,664.0,200.0,"-0,09482","-0,09265","-0,99117","-0,20718","-0,08752","-0,97438",,,Valid,Valid,"233,0","104,5","506,2","290,9","100,6","512,3","184,6","57,2","181,9","54,6","0,2661","0,1891","0,2700","0,1935","0,2621","0,1848",thumbnail_grossTrial,thumbnail_grossTrial.png,1245.0,1080.0,337.0,0.0,798.0,692.0,Fixation,358.0,40.0,671.0,213.0,"0,2682","0,1975",,
25522,16768879,1400456040166,Eye Tracker,Participant0058,17.09.2021,Participant0058,Recording4,17.09.2021,17.09.2021,14:48:45.713,12:48:45.713,64514,Timeline2,Tobii I-VT (Fixation),1.145.28180,1080,1920,"10,00",684632965.0,,,677.0,208.0,674.0,212.0,680.0,204.0,"-0,09426","-0,09082","-0,99140","-0,19894","-0,08510","-0,97631",,,Valid,Valid,"232,9","104,4","506,2","290,8","100,6","512,3","184,8","58,0","186,4","56,0","0,2729","0,1929","0,2706","0,1964","0,2753","0,1893",thumbnail_grossTrial,thumbnail_grossTrial.png,1245.0,1080.0,337.0,0.0,798.0,692.0,Fixation,358.0,40.0,671.0,213.0,"0,2682","0,1975",,
25523,16777242,1400456048529,Eye Tracker,Participant0058,17.09.2021,Participant0058,Recording4,17.09.2021,17.09.2021,14:48:45.713,12:48:45.713,64514,Timeline2,Tobii I-VT (Fixation),1.145.28180,1080,1920,"10,00",684641328.0,,,678.0,212.0,677.0,222.0,680.0,202.0,"-0,09309","-0,08567","-0,99197","-0,19901","-0,08651","-0,97617","4,08","3,80",Valid,Valid,"232,9","104,3","506,2","290,8","100,6","512,3","185,4","60,6","186,4","55,2","0,2738","0,1960","0,2724","0,2051","0,2752","0,1868",thumbnail_grossTrial,thumbnail_grossTrial.png,1245.0,1080.0,337.0,0.0,798.0,692.0,Fixation,358.0,40.0,671.0,213.0,"0,2682","0,1975",,
25524,16785597,1400456056884,Eye Tracker,Participant0058,17.09.2021,Participant0058,Recording4,17.09.2021,17.09.2021,14:48:45.713,12:48:45.713,64514,Timeline2,Tobii I-VT (Fixation),1.145.28180,1080,1920,"10,00",684649683.0,,,678.0,212.0,674.0,221.0,682.0,202.0,"-0,09467","-0,08598","-0,99179","-0,19783","-0,08652","-0,97641",,,Valid,Valid,"233,0","104,5","506,2","290,8","100,7","512,2","184,7","60,6","187,0","55,3","0,2737","0,1961","0,2702","0,2051","0,2772","0,1871",thumbnail_grossTrial,thumbnail_grossTrial.png,1245.0,1080.0,337.0,0.0,798.0,692.0,Fixation,358.0,40.0,671.0,213.0,"0,2682","0,1975",,
25525,16793849,1400456065136,Eye Tracker,Participant0058,17.09.2021,Participant0058,Recording4,17.09.2021,17.09.2021,14:48:45.713,12:48:45.713,64514,Timeline2,Tobii I-VT (Fixation),1.145.28180,1080,1920,"10,00",684657935.0,,,674.0,209.0,677.0,220.0,672.0,197.0,"-0,09277","-0,08649","-0,99192","-0,20313","-0,08879","-0,97512",,,Valid,Valid,"232,9","104,4","506,1","290,8","100,6","512,1","185,6","60,3","184,1","54,0","0,2707","0,1933","0,2729","0,2039","0,2685","0,1827",thumbnail_grossTrial,thumbnail_grossTrial.png,1245.0,1080.0,337.0,0.0,798.0,692.0,Fixation,358.0,40.0,671.0,213.0,"0,2682","0,1975",,
25526,16802222,1400456073509,Eye Tracker,Participant0058,17.09.2021,Participant0058,Recording4,17.09.2021,17.09.2021,14:48:45.713,12:48:45.713,64514,Timeline2,Tobii I-VT (Fixation),1.145.28180,1080,1920,"10,00",684666307.0,,,673.0,206.0,673.0,213.0,672.0,199.0,"-0,09511","-0,09020","-0,99137","-0,20277","-0,08767","-0,97530","4,11","3,82",Valid,Valid,"233,0","104,4","506,2","290,8","100,6","512,1","184,4","58,3","184,3","54,6","0,2693","0,1910","0,2694","0,1973","0,2691","0,1846",thumbnail_grossTrial,thumbnail_grossTrial.png,1245.0,1080.0,337.0,0.0,798.0,692.0,Fixation,358.0,40.0,671.0,213.0,"0,2682","0,1975",,
25527,16810530,1400456081817,Eye Tracker,Participant0058,17.09.2021,Participant0058,Recording4,17.09.2021,17.09.2021,14:48:45.713,12:48:45.713,64514,Timeline2,Tobii I-VT (Fixation),1.145.28180,1080,1920,"10,00",684674615.0,,,672.0,206.0,673.0,215.0,671.0,197.0,"-0,09522","-0,08952","-0,99142","-0,20346","-0,08886","-0,97504",,,Valid,Valid,"233,0","104,5","506,1","290,8","100,7","512,1","184,4","58,8","184,0","54,0","0,2689","0,1908","0,2695","0,1988","0,2682","0,1828",thumbnail_grossTrial,thumbnail_grossTrial.png,1245.0,1080.0,337.0,0.0,798.0,692.0,Fixation,358.0,40.0,671.0,213.0,"0,2682","0,1975",,
25528,16818861,1400456090148,Eye Tracker,Participant0058,17.09.2021,Participant0058,Recording4,17.09.2021,17.09.2021,14:48:45.713,12:48:45.713,64514,Timeline2,Tobii I-VT (Fixation),1.145.28180,1080,1920,"10,00",684682946.0,,,685.0,210.0,684.0,218.0,686.0,202.0,"-0,08965","-0,08774","-0,99210","-0,19642","-0,08668","-0,97668",,,Valid,Valid,"233,1","104,4","506,0","291,0","100,7","512,1","187,4","59,7","188,0","55,2","0,2791","0,1944","0,2782","0,2019","0,2799","0,1868",thumbnail_grossTrial,thumbnail_grossTrial.png,1245.0,1080.0,337.0,0.0,798.0,692.0,Saccade,50.0,63.0,,,,,,
25529,16827208,1400456098495,Eye Tracker,Participant0058,17.09.2021,Participant0058,Recording4,17.09.2021,17.09.2021,14:48:45.713,12:48:45.713,64514,Timeline2,Tobii I-VT (Fixation),1.145.28180,1080,1920,"10,00",684691293.0,,,727.0,214.0,730.0,220.0,725.0,208.0,"-0,06554","-0,08663","-0,99408","-0,17721","-0,08370","-0,98061","4,33","4,19",Valid,Valid,"233,4","104,4","506,0","291,2","100,6","512,1","200,0","60,3","198,6","56,9","0,3131","0,1983","0,3152","0,2041","0,3111","0,1924",thumbnail_grossTrial,thumbnail_grossTrial.png,1245.0,1080.0,337.0,0.0,798.0,692.0,Saccade,50.0,63.0,,,,,,
25530,16835514,1400456106801,Eye Tracker,Participant0058,17.09.2021,Participant0058,Recording4,17.09.2021,17.09.2021,14:48:45.713,12:48:45.713,64514,Timeline2,Tobii I-VT (Fixation),1.145.28180,1080,1920,"10,00",684699598.0,,,821.0,236.0,829.0,238.0,812.0,234.0,"-0,01288","-0,07763","-0,99690","-0,13276","-0,07066","-0,98863",,,Valid,Valid,"233,7","104,6","506,0","291,4","100,7","512,0","227,1","65,2","222,7","64,1","0,3881","0,2187","0,3946","0,2204","0,3815","0,2170",thumbnail_grossTrial,thumbnail_grossTrial.png,1245.0,1080.0,337.0,0.0,798.0,692.0,Saccade,50.0,63.0,,,,,,
25531,16843857,1400456115144,Eye Tracker,Participant0058,17.09.2021,Participant0058,Recording4,17.09.2021,17.09.2021,14:48:45.713,12:48:45.713,64514,Timeline2,Tobii I-VT (Fixation),1.145.28180,1080,1920,"10,00",684707941.0,,,906.0,272.0,908.0,270.0,905.0,273.0,"0,02917","-0,06072","-0,99773","-0,08450","-0,05038","-0,99515",,,Valid,Valid,"233,9","104,7","505,7","291,6","100,7","512,3","248,7","73,9","248,1","74,8","0,4570","0,2516","0,4579","0,2501","0,4561","0,2530",thumbnail_grossTrial,thumbnail_grossTrial.png,1245.0,1080.0,337.0,0.0,798.0,692.0,Saccade,50.0,63.0,,,,,,
25532,16852207,1400456123494,Eye Tracker,Participant0058,17.09.2021,Participant0058,Recording4,17.09.2021,17.09.2021,14:48:45.713,12:48:45.713,64514,Timeline2,Tobii I-VT (Fixation),1.145.28180,1080,1920,"10,00",684716291.0,,,970.0,292.0,970.0,306.0,971.0,279.0,"0,06266","-0,04125","-0,99718","-0,05011","-0,04729","-0,99762","4,55","4,01",Valid,Valid,"234,1","104,7","505,6","291,8","100,6","512,6","265,8","83,8","266,1","76,3","0,5084","0,2707","0,5080","0,2834","0,5087","0,2581",thumbnail_grossTrial,thumbnail_grossTrial.png,1245.0,1080.0,337.0,0.0,798.0,692.0,Saccade,50.0,63.0,,,,,,
25533,16860556,1400456131843,Eye Tracker,Participant0058,17.09.2021,Participant0058,Recording4,17.09.2021,17.09.2021,14:48:45.713,12:48:45.713,64514,Timeline2,Tobii I-VT (Fixation),1.145.28180,1080,1920,"10,00",684724640.0,,,1032.0,325.0,1030.0,347.0,1034.0,303.0,"0,09491","-0,01954","-0,99529","-0,01678","-0,03449","-0,99926",,,Valid,Valid,"234,1","104,8","505,5","291,9","100,6","512,6","282,3","94,9","283,3","82,9","0,5578","0,3008","0,5563","0,3210","0,5592","0,2806",thumbnail_grossTrial,thumbnail_grossTrial.png,1245.0,1080.0,337.0,0.0,798.0,692.0,Saccade,50.0,63.0,,,,,,
25534,16868848,1400456140135,Eye Tracker,Participant0058,17.09.2021,Participant0058,Recording4,17.09.2021,17.09.2021,14:48:45.713,12:48:45.713,64514,Timeline2,Tobii I-VT (Fixation),1.145.28180,1080,1920,"10,00",684732931.0,,,1048.0,330.0,1047.0,349.0,1049.0,312.0,"0,10363","-0,01836","-0,99445","-0,00877","-0,02990","-0,99951",,,Valid,Valid,"234,1","104,8","505,5","291,9","100,6","512,7","286,8","95,5","287,4","85,3","0,5703","0,3059","0,5695","0,3231","0,5711","0,2886",thumbnail_grossTrial,thumbnail_grossTrial.png,1245.0,1080.0,337.0,0.0,798.0,692.0,Fixation,392.0,41.0,1049.0,316.0,"0,5713","0,2922",,
25535,16877179,1400456148466,Eye Tracker,Participant0058,17.09.2021,Participant0058,Recording4,17.09.2021,17.09.2021,14:48:45.713,12:48:45.713,64514,Timeline2,Tobii I-VT (Fixation),1.145.28180,1080,1920,"10,00",684741262.0,,,1047.0,325.0,1041.0,342.0,1054.0,308.0,"0,10055","-0,02185","-0,99469","-0,00609","-0,03195","-0,99947","3,94","4,06",Valid,Valid,"234,1","104,7","505,6","291,9","100,6","512,7","285,2","93,6","288,8","84,2","0,5700","0,3008","0,5648","0,3167","0,5752","0,2848",thumbnail_grossTrial,thumbnail_grossTrial.png,1245.0,1080.0,337.0,0.0,798.0,692.0,Fixation,392.0,41.0,1049.0,316.0,"0,5713","0,2922",,
25536,16885514,1400456156801,Eye Tracker,Participant0058,17.09.2021,Participant0058,Recording4,17.09.2021,17.09.2021,14:48:45.713,12:48:45.713,64514,Timeline2,Tobii I-VT (Fixation),1.145.28180,1080,1920,"10,00",684749597.0,,,1043.0,320.0,1038.0,334.0,1047.0,306.0,"0,09895","-0,02624","-0,99475","-0,00947","-0,03278","-0,99942",,,Valid,Valid,"234,1","104,8","505,7","291,9","100,6","512,7","284,4","91,4","287,1","83,8","0,5663","0,2964","0,5624","0,3093","0,5702","0,2835",thumbnail_grossTrial,thumbnail_grossTrial.png,1245.0,1080.0,337.0,0.0,798.0,692.0,Fixation,392.0,41.0,1049.0,316.0,"0,5713","0,2922",,
25537,16893869,1400456165156,Eye Tracker,Participant0058,17.09.2021,Participant0058,Recording4,17.09.2021,17.09.2021,14:48:45.713,12:48:45.713,64514,Timeline2,Tobii I-VT (Fixation),1.145.28180,1080,1920,"10,00",684757952.0,,,1045.0,326.0,1035.0,341.0,1056.0,312.0,"0,09768","-0,02233","-0,99497","-0,00507","-0,02971","-0,99955",,,Valid,Valid,"234,1","104,7","506,0","291,9","100,6","512,8","283,8","93,3","289,3","85,4","0,5686","0,3023","0,5606","0,3158","0,5767","0,2888",thumbnail_grossTrial,thumbnail_grossTrial.png,1245.0,1080.0,337.0,0.0,798.0,692.0,Fixation,392.0,41.0,1049.0,316.0,"0,5713","0,2922",,
25538,16902175,1400456173462,Eye Tracker,Participant0058,17.09.2021,Participant0058,Recording4,17.09.2021,17.09.2021,14:48:45.713,12:48:45.713,64514,Timeline2,Tobii I-VT (Fixation),1.145.28180,1080,1920,"10,00",684766257.0,,,1048.0,330.0,1040.0,342.0,1056.0,319.0,"0,10037","-0,02137","-0,99472","-0,00468","-0,02569","-0,99966","3,94","4,04",Valid,Valid,"234,1","104,4","506,3","291,9","100,5","512,9","285,2","93,6","289,5","87,3","0,5710","0,3059","0,5646","0,3165","0,5775","0,2953",thumbnail_grossTrial,thumbnail_grossTrial.png,1245.0,1080.0,337.0,0.0,798.0,692.0,Fixation,392.0,41.0,1049.0,316.0,"0,5713","0,2922",,
25539,16910542,1400456181829,Eye Tracker,Participant0058,17.09.2021,Participant0058,Recording4,17.09.2021,17.09.2021,14:48:45.713,12:48:45.713,64514,Timeline2,Tobii I-VT (Fixation),1.145.28180,1080,1920,"10,00",684774624.0,,,1047.0,320.0,1041.0,324.0,1053.0,315.0,"0,10082","-0,03087","-0,99443","-0,00633","-0,02772","-0,99960",,,Valid,Valid,"234,1","104,3","506,7","292,0","100,5","512,9","285,4","88,6","288,7","86,3","0,5702","0,2959","0,5654","0,2998","0,5750","0,2920",thumbnail_grossTrial,thumbnail_grossTrial.png,1245.0,1080.0,337.0,0.0,798.0,692.0,Fixation,392.0,41.0,1049.0,316.0,"0,5713","0,2922",,
25540,16918840,1400456190127,Eye Tracker,Participant0058,17.09.2021,Participant0058,Recording4,17.09.2021,17.09.2021,14:48:45.713,12:48:45.713,64514,Timeline2,Tobii I-VT (Fixation),1.145.28180,1080,1920,"10,00",684782922.0,,,1056.0,329.0,1057.0,338.0,1055.0,320.0,"0,10902","-0,02273","-0,99378","-0,00553","-0,02530","-0,99966",,,Valid,Valid,"234,1","104,2","507,2","291,9","100,5","513,0","289,7","92,6","289,1","87,5","0,5770","0,3046","0,5779","0,3131","0,5761","0,2961",thumbnail_grossTrial,thumbnail_grossTrial.png,1245.0,1080.0,337.0,0.0,798.0,692.0,Fixation,392.0,41.0,1049.0,316.0,"0,5713","0,2922",,
25541,16927170,1400456198457,Eye Tracker,Participant0058,17.09.2021,Participant0058,Recording4,17.09.2021,17.09.2021,14:48:45.713,12:48:45.713,64514,Timeline2,Tobii I-VT (Fixation),1.145.28180,1080,1920,"10,00",684791252.0,,,1054.0,331.0,1056.0,346.0,1053.0,316.0,"0,10818","-0,01789","-0,99397","-0,00670","-0,02704","-0,99961","3,94","4,06",Valid,Valid,"234,0","103,7","507,8","292,0","100,4","513,1","289,3","94,6","288,5","86,5","0,5756","0,3064","0,5767","0,3201","0,5745","0,2927",thumbnail_grossTrial,thumbnail_grossTrial.png,1245.0,1080.0,337.0,0.0,798.0,692.0,Fixation,392.0,41.0,1049.0,316.0,"0,5713","0,2922",,
25542,16935540,1400456206827,Eye Tracker,Participant0058,17.09.2021,Participant0058,Recording4,17.09.2021,17.09.2021,14:48:45.713,12:48:45.713,64514,Timeline2,Tobii I-VT (Fixation),1.145.28180,1080,1920,"10,00",684799621.0,,,1049.0,321.0,1045.0,326.0,1054.0,317.0,"0,10220","-0,02803","-0,99437","-0,00600","-0,02680","-0,99962",,,Valid,Valid,"234,0","103,6","508,4","292,0","100,4","513,1","286,3","89,3","288,9","86,7","0,5717","0,2977","0,5679","0,3021","0,5756","0,2932",thumbnail_grossTrial,thumbnail_grossTrial.png,1245.0,1080.0,337.0,0.0,798.0,692.0,Fixation,392.0,41.0,1049.0,316.0,"0,5713","0,2922",,
25543,16943925,1400456215212,Eye Tracker,Participant0058,17.09.2021,Participant0058,Recording4,17.09.2021,17.09.2021,14:48:45.713,12:48:45.713,64514,Timeline2,Tobii I-VT (Fixation),1.145.28180,1080,1920,"10,00",684808006.0,,,1044.0,317.0,1041.0,323.0,1048.0,310.0,"0,10024","-0,02905","-0,99454","-0,00930","-0,03035","-0,99950",,,Valid,Valid,"234,0","103,4","509,1","292,0","100,4","513,2","285,3","88,5","287,2","84,8","0,5678","0,2932","0,5650","0,2994","0,5705","0,2870",thumbnail_grossTrial,thumbnail_grossTrial.png,1245.0,1080.0,337.0,0.0,798.0,692.0,Fixation,392.0,41.0,1049.0,316.0,"0,5713","0,2922",,
25544,16952253,1400456223540,Eye Tracker,Participant0058,17.09.2021,Participant0058,Recording4,17.09.2021,17.09.2021,14:48:45.713,12:48:45.713,64514,Timeline2,Tobii I-VT (Fixation),1.145.28180,1080,1920,"10,00",684816334.0,,,1044.0,316.0,1039.0,320.0,1049.0,312.0,"0,09919","-0,03006","-0,99461","-0,00905","-0,02922","-0,99953","3,98","3,99",Valid,Valid,"234,0","102,9","509,8","292,0","100,3","513,2","284,8","87,5","287,4","85,3","0,5673","0,2923","0,5636","0,2960","0,5711","0,2885",thumbnail_grossTrial,thumbnail_grossTrial.png,1245.0,1080.0,337.0,0.0,798.0,692.0,Fixation,392.0,41.0,1049.0,316.0,"0,5713","0,2922",,
25545,16960512,1400456231799,Eye Tracker,Participant0058,17.09.2021,Participant0058,Recording4,17.09.2021,17.09.2021,14:48:45.713,12:48:45.713,64514,Timeline2,Tobii I-VT (Fixation),1.145.28180,1080,1920,"10,00",684824593.0,,,1047.0,326.0,1047.0,335.0,1048.0,316.0,"0,10299","-0,02138","-0,99445","-0,00957","-0,02708","-0,99959",,,Valid,Valid,"234,0","102,7","510,5","292,0","100,4","513,2","286,8","91,8","287,1","86,5","0,5699","0,3015","0,5695","0,3105","0,5703","0,2925",thumbnail_grossTrial,thumbnail_grossTrial.png,1245.0,1080.0,337.0,0.0,798.0,692.0,Fixation,392.0,41.0,1049.0,316.0,"0,5713","0,2922",,
25546,16968833,1400456240120,Eye Tracker,Participant0058,17.09.2021,Participant0058,Recording4,17.09.2021,17.09.2021,14:48:45.713,12:48:45.713,64514,Timeline2,Tobii I-VT (Fixation),1.145.28180,1080,1920,"10,00",684832913.0,,,1045.0,330.0,1046.0,341.0,1045.0,319.0,"0,10271","-0,01798","-0,99455","-0,01111","-0,02551","-0,99961",,,Valid,Valid,"233,9","102,5","511,2","292,0","100,3","513,2","286,7","93,2","286,3","87,3","0,5685","0,3053","0,5691","0,3155","0,5679","0,2952",thumbnail_grossTrial,thumbnail_grossTrial.png,1245.0,1080.0,337.0,0.0,798.0,692.0,Fixation,392.0,41.0,1049.0,316.0,"0,5713","0,2922",,
25547,16977249,1400456248536,Eye Tracker,Participant0058,17.09.2021,Participant0058,Recording4,17.09.2021,17.09.2021,14:48:45.713,12:48:45.713,64514,Timeline2,Tobii I-VT (Fixation),1.145.28180,1080,1920,"10,00",684841329.0,,,1046.0,324.0,1053.0,327.0,1039.0,321.0,"0,10622","-0,02452","-0,99404","-0,01439","-0,02404","-0,99961","4,37","3,79",Valid,Valid,"233,9","102,1","511,8","292,0","100,2","513,3","288,6","89,5","284,6","87,9","0,5689","0,3001","0,5747","0,3028","0,5631","0,2974",thumbnail_grossTrial,thumbnail_grossTrial.png,1245.0,1080.0,337.0,0.0,798.0,692.0,Fixation,392.0,41.0,1049.0,316.0,"0,5713","0,2922",,
25548,16985539,1400456256826,Eye Tracker,Participant0058,17.09.2021,Participant0058,Recording4,17.09.2021,17.09.2021,14:48:45.713,12:48:45.713,64514,Timeline2,Tobii I-VT (Fixation),1.145.28180,1080,1920,"10,00",684849619.0,,,1049.0,316.0,1058.0,323.0,1040.0,310.0,"0,10902","-0,02612","-0,99370","-0,01375","-0,03037","-0,99944",,,Valid,Valid,"233,9","102,0","512,3","292,0","100,3","513,2","290,1","88,5","285,0","84,7","0,5716","0,2930","0,5791","0,2994","0,5640","0,2867",thumbnail_grossTrial,thumbnail_grossTrial.png,1245.0,1080.0,337.0,0.0,798.0,692.0,Fixation,392.0,41.0,1049.0,316.0,"0,5713","0,2922",,
25549,16993880,1400456265167,Eye Tracker,Participant0058,17.09.2021,Participant0058,Recording4,17.09.2021,17.09.2021,14:48:45.713,12:48:45.713,64514,Timeline2,Tobii I-VT (Fixation),1.145.28180,1080,1920,"10,00",684857960.0,,,1045.0,316.0,1054.0,327.0,1037.0,305.0,"0,10656","-0,02391","-0,99402","-0,01533","-0,03263","-0,99935",,,Valid,Valid,"233,8","101,8","512,8","292,0","100,3","513,3","288,8","89,4","284,1","83,6","0,5684","0,2927","0,5753","0,3026","0,5615","0,2828",thumbnail_grossTrial,thumbnail_grossTrial.png,1245.0,1080.0,337.0,0.0,798.0,692.0,Fixation,392.0,41.0,1049.0,316.0,"0,5713","0,2922",,
25550,17002213,1400456273500,Eye Tracker,Participant0058,17.09.2021,Participant0058,Recording4,17.09.2021,17.09.2021,14:48:45.713,12:48:45.713,64514,Timeline2,Tobii I-VT (Fixation),1.145.28180,1080,1920,"10,00",684866292.0,,,1044.0,306.0,1052.0,309.0,1037.0,304.0,"0,10559","-0,03265","-0,99387","-0,01545","-0,03329","-0,99933","4,38","3,80",Valid,Valid,"233,9","101,4","513,2","292,0","100,2","513,3","288,4","84,5","284,1","83,1","0,5678","0,2836","0,5741","0,2860","0,5615","0,2812",thumbnail_grossTrial,thumbnail_grossTrial.png,1245.0,1080.0,337.0,0.0,798.0,692.0,Fixation,392.0,41.0,1049.0,316.0,"0,5713","0,2922",,
25551,17010529,1400456281816,Eye Tracker,Participant0058,17.09.2021,Participant0058,Recording4,17.09.2021,17.09.2021,14:48:45.713,12:48:45.713,64514,Timeline2,Tobii I-VT (Fixation),1.145.28180,1080,1920,"10,00",684874608.0,,,1040.0,320.0,1048.0,334.0,1031.0,305.0,"0,10332","-0,01936","-0,99446","-0,01828","-0,03271","-0,99930",,,Valid,Valid,"233,8","101,4","513,5","292,0","100,3","513,2","287,2","91,5","282,6","83,5","0,5639","0,2960","0,5706","0,3094","0,5572","0,2825",thumbnail_grossTrial,thumbnail_grossTrial.png,1245.0,1080.0,337.0,0.0,798.0,692.0,Fixation,392.0,41.0,1049.0,316.0,"0,5713","0,2922",,
25552,17018915,1400456290202,Eye Tracker,Participant0058,17.09.2021,Participant0058,Recording4,17.09.2021,17.09.2021,14:48:45.713,12:48:45.713,64514,Timeline2,Tobii I-VT (Fixation),1.145.28180,1080,1920,"10,00",684882994.0,,,1042.0,316.0,1048.0,326.0,1036.0,307.0,"0,10352","-0,02371","-0,99434","-0,01554","-0,03184","-0,99937",,,Valid,Valid,"233,8","101,4","513,7","292,0","100,3","513,2","287,3","89,1","284,0","84,0","0,5660","0,2928","0,5708","0,3015","0,5611","0,2840",thumbnail_grossTrial,thumbnail_grossTrial.png,1245.0,1080.0,337.0,0.0,798.0,692.0,Fixation,392.0,41.0,1049.0,316.0,"0,5713","0,2922",,
25553,17027161,1400456298448,Eye Tracker,Participant0058,17.09.2021,Participant0058,Recording4,17.09.2021,17.09.2021,14:48:45.713,12:48:45.713,64514,Timeline2,Tobii I-VT (Fixation),1.145.28180,1080,1920,"10,00",684891240.0,,,1047.0,307.0,1051.0,307.0,1042.0,307.0,"0,10517","-0,03312","-0,99390","-0,01228","-0,03166","-0,99942","4,46","4,04",Valid,Valid,"233,8","101,2","513,9","292,0","100,2","513,2","288,2","84,1","285,7","83,9","0,5698","0,2842","0,5734","0,2844","0,5662","0,2840",thumbnail_grossTrial,thumbnail_grossTrial.png,1245.0,1080.0,337.0,0.0,798.0,692.0,Fixation,392.0,41.0,1049.0,316.0,"0,5713","0,2922",,
25554,17035506,1400456306793,Eye Tracker,Participant0058,17.09.2021,Participant0058,Recording4,17.09.2021,17.09.2021,14:48:45.713,12:48:45.713,64514,Timeline2,Tobii I-VT (Fixation),1.145.28180,1080,1920,"10,00",684899584.0,,,1047.0,311.0,1053.0,310.0,1041.0,312.0,"0,10587","-0,03168","-0,99388","-0,01284","-0,02881","-0,99950",,,Valid,Valid,"233,8","101,2","514,1","292,0","100,3","513,2","288,6","84,8","285,4","85,5","0,5700","0,2880","0,5746","0,2869","0,5654","0,2892",thumbnail_grossTrial,thumbnail_grossTrial.png,1245.0,1080.0,337.0,0.0,798.0,692.0,Fixation,392.0,41.0,1049.0,316.0,"0,5713","0,2922",,
25555,17043832,1400456315119,Eye Tracker,Participant0058,17.09.2021,Participant0058,Recording4,17.09.2021,17.09.2021,14:48:45.713,12:48:45.713,64514,Timeline2,Tobii I-VT (Fixation),1.145.28180,1080,1920,"10,00",684907910.0,,,1047.0,306.0,1055.0,303.0,1039.0,308.0,"0,10690","-0,03508","-0,99365","-0,01425","-0,03098","-0,99942",,,Valid,Valid,"233,8","101,1","514,3","292,0","100,3","513,3","289,1","83,0","284,7","84,4","0,5696","0,2831","0,5761","0,2807","0,5631","0,2854",thumbnail_grossTrial,thumbnail_grossTrial.png,1245.0,1080.0,337.0,0.0,798.0,692.0,Fixation,392.0,41.0,1049.0,316.0,"0,5713","0,2922",,
25556,17052162,1400456323449,Eye Tracker,Participant0058,17.09.2021,Participant0058,Recording4,17.09.2021,17.09.2021,14:48:45.713,12:48:45.713,64514,Timeline2,Tobii I-VT (Fixation),1.145.28180,1080,1920,"10,00",684916240.0,,,1055.0,303.0,1060.0,303.0,1050.0,303.0,"0,10928","-0,03477","-0,99340","-0,00805","-0,03373","-0,99940","4,60","4,03",Valid,Valid,"233,8","100,9","514,4","292,0","100,2","513,3","290,4","82,9","287,9","82,8","0,5763","0,2805","0,5799","0,2806","0,5726","0,2803",thumbnail_grossTrial,thumbnail_grossTrial.png,1245.0,1080.0,337.0,0.0,798.0,692.0,Fixation,392.0,41.0,1049.0,316.0,"0,5713","0,2922",,
25557,17060527,1400456331814,Eye Tracker,Participant0058,17.09.2021,Participant0058,Recording4,17.09.2021,17.09.2021,14:48:45.713,12:48:45.713,64514,Timeline2,Tobii I-VT (Fixation),1.145.28180,1080,1920,"10,00",684924605.0,,,1056.0,317.0,1062.0,307.0,1050.0,327.0,"0,11077","-0,03255","-0,99331","-0,00845","-0,02100","-0,99974",,,Valid,Valid,"233,8","101,0","514,6","292,0","100,3","513,3","291,2","84,1","287,7","89,5","0,5772","0,2937","0,5823","0,2846","0,5720","0,3028",thumbnail_grossTrial,thumbnail_grossTrial.png,1245.0,1080.0,337.0,0.0,798.0,692.0,Fixation,392.0,41.0,1049.0,316.0,"0,5713","0,2922",,
25558,17068843,1400456340130,Eye Tracker,Participant0058,17.09.2021,Participant0058,Recording4,17.09.2021,17.09.2021,14:48:45.713,12:48:45.713,64514,Timeline2,Tobii I-VT (Fixation),1.145.28180,1080,1920,"10,00",684932920.0,,,1056.0,316.0,1063.0,307.0,1049.0,326.0,"0,11103","-0,03270","-0,99328","-0,00850","-0,02165","-0,99973",,,Valid,Valid,"233,8","101,0","514,8","292,0","100,3","513,3","291,3","84,0","287,6","89,2","0,5772","0,2930","0,5826","0,2843","0,5719","0,3017",thumbnail_grossTrial,thumbnail_grossTrial.png,1245.0,1080.0,337.0,0.0,798.0,692.0,Fixation,392.0,41.0,1049.0,316.0,"0,5713","0,2922",,
25559,17077235,1400456348522,Eye Tracker,Participant0058,17.09.2021,Participant0058,Recording4,17.09.2021,17.09.2021,14:48:45.713,12:48:45.713,64514,Timeline2,Tobii I-VT (Fixation),1.145.28180,1080,1920,"10,00",684941312.0,,,1057.0,316.0,1057.0,304.0,1056.0,327.0,"0,10795","-0,03397","-0,99358","-0,00516","-0,02057","-0,99977","4,05","4,11",Valid,Valid,"233,8","100,8","514,9","292,0","100,1","513,3","289,7","83,2","289,4","89,6","0,5775","0,2923","0,5780","0,2816","0,5770","0,3030",thumbnail_grossTrial,thumbnail_grossTrial.png,1245.0,1080.0,337.0,0.0,798.0,692.0,Fixation,392.0,41.0,1049.0,316.0,"0,5713","0,2922",,
25560,17085496,1400456356783,Eye Tracker,Participant0058,17.09.2021,Participant0058,Recording4,17.09.2021,17.09.2021,14:48:45.713,12:48:45.713,64514,Timeline2,Tobii I-VT (Fixation),1.145.28180,1080,1920,"10,00",684949573.0,,,1052.0,311.0,1052.0,303.0,1052.0,319.0,"0,10522","-0,03486","-0,99384","-0,00717","-0,02525","-0,99966",,,Valid,Valid,"233,8","100,9","515,0","292,1","100,3","513,3","288,4","82,8","288,4","87,3","0,5740","0,2878","0,5740","0,2802","0,5741","0,2955",thumbnail_grossTrial,thumbnail_grossTrial.png,1245.0,1080.0,337.0,0.0,798.0,692.0,Fixation,392.0,41.0,1049.0,316.0,"0,5713","0,2922",,
25561,17093869,1400456365156,Eye Tracker,Participant0058,17.09.2021,Participant0058,Recording4,17.09.2021,17.09.2021,14:48:45.713,12:48:45.713,64514,Timeline2,Tobii I-VT (Fixation),1.145.28180,1080,1920,"10,00",684957945.0,,,1052.0,312.0,1048.0,304.0,1056.0,320.0,"0,10319","-0,03400","-0,99408","-0,00507","-0,02509","-0,99967",,,Valid,Valid,"233,8","100,9","515,2","292,0","100,4","513,4","287,2","83,2","289,4","87,5","0,5739","0,2888","0,5707","0,2816","0,5771","0,2959",thumbnail_grossTrial,thumbnail_grossTrial.png,1245.0,1080.0,337.0,0.0,798.0,692.0,Fixation,392.0,41.0,1049.0,316.0,"0,5713","0,2922",,
25562,17102195,1400456373482,Eye Tracker,Participant0058,17.09.2021,Participant0058,Recording4,17.09.2021,17.09.2021,14:48:45.713,12:48:45.713,64514,Timeline2,Tobii I-VT (Fixation),1.145.28180,1080,1920,"10,00",684966271.0,,,1049.0,312.0,1047.0,311.0,1051.0,314.0,"0,10245","-0,03007","-0,99428","-0,00809","-0,02815","-0,99957","4,03","3,83",Valid,Valid,"233,8","100,7","515,3","292,1","100,3","513,4","286,9","85,1","287,9","85,8","0,5712","0,2892","0,5697","0,2880","0,5727","0,2903",thumbnail_grossTrial,thumbnail_grossTrial.png,1245.0,1080.0,337.0,0.0,798.0,692.0,Fixation,392.0,41.0,1049.0,316.0,"0,5713","0,2922",,
25563,17110489,1400456381776,Eye Tracker,Participant0058,17.09.2021,Participant0058,Recording4,17.09.2021,17.09.2021,14:48:45.713,12:48:45.713,64514,Timeline2,Tobii I-VT (Fixation),1.145.28180,1080,1920,"10,00",684974565.0,,,1052.0,317.0,1047.0,312.0,1056.0,322.0,"0,10233","-0,02992","-0,99430","-0,00502","-0,02375","-0,99971",,,Valid,Valid,"233,8","100,8","515,4","292,1","100,4","513,4","286,9","85,3","289,5","88,2","0,5735","0,2935","0,5697","0,2886","0,5773","0,2984",thumbnail_grossTrial,thumbnail_grossTrial.png,1245.0,1080.0,337.0,0.0,798.0,692.0,Fixation,392.0,41.0,1049.0,316.0,"0,5713","0,2922",,
25564,17118848,1400456390135,Eye Tracker,Participant0058,17.09.2021,Participant0058,Recording4,17.09.2021,17.09.2021,14:48:45.713,12:48:45.713,64514,Timeline2,Tobii I-VT (Fixation),1.145.28180,1080,1920,"10,00",684982924.0,,,1056.0,313.0,1059.0,306.0,1054.0,320.0,"0,10857","-0,03290","-0,99354","-0,00615","-0,02510","-0,99967",,,Valid,Valid,"233,8","100,8","515,5","292,0","100,4","513,5","290,1","83,7","288,9","87,5","0,5774","0,2898","0,5792","0,2833","0,5755","0,2962",thumbnail_grossTrial,thumbnail_grossTrial.png,1245.0,1080.0,337.0,0.0,798.0,692.0,Fixation,392.0,41.0,1049.0,316.0,"0,5713","0,2922",,
25565,17127191,1400456398478,Eye Tracker,Participant0058,17.09.2021,Participant0058,Recording4,17.09.2021,17.09.2021,14:48:45.713,12:48:45.713,64514,Timeline2,Tobii I-VT (Fixation),1.145.28180,1080,1920,"10,00",684991266.0,,,1060.0,309.0,1060.0,299.0,1061.0,319.0,"0,10914","-0,03630","-0,99336","-0,00278","-0,02559","-0,99967","4,04","4,18",Valid,Valid,"233,8","100,7","515,6","292,1","100,4","513,5","290,5","81,9","290,7","87,2","0,5805","0,2860","0,5802","0,2770","0,5808","0,2951",thumbnail_grossTrial,thumbnail_grossTrial.png,1245.0,1080.0,337.0,0.0,798.0,692.0,Fixation,392.0,41.0,1049.0,316.0,"0,5713","0,2922",,
25566,17135516,1400456406803,Eye Tracker,Participant0058,17.09.2021,Participant0058,Recording4,17.09.2021,17.09.2021,14:48:45.713,12:48:45.713,64514,Timeline2,Tobii I-VT (Fixation),1.145.28180,1080,1920,"10,00",684999591.0,,,1058.0,306.0,1058.0,296.0,1059.0,316.0,"0,10797","-0,03811","-0,99342","-0,00382","-0,02739","-0,99962",,,Valid,Valid,"233,9","100,8","515,6","292,1","100,5","513,5","289,9","81,0","290,2","86,4","0,5789","0,2832","0,5785","0,2740","0,5793","0,2923",thumbnail_grossTrial,thumbnail_grossTrial.png,1245.0,1080.0,337.0,0.0,798.0,692.0,Fixation,392.0,41.0,1049.0,316.0,"0,5713","0,2922",,
25567,17143847,1400456415134,Eye Tracker,Participant0058,17.09.2021,Participant0058,Recording4,17.09.2021,17.09.2021,14:48:45.713,12:48:45.713,64514,Timeline2,Tobii I-VT (Fixation),1.145.28180,1080,1920,"10,00",685007922.0,,,1052.0,308.0,1050.0,297.0,1055.0,319.0,"0,10396","-0,03742","-0,99388","-0,00594","-0,02597","-0,99965",,,Valid,Valid,"233,8","100,8","515,6","292,1","100,5","513,5","287,7","81,3","289,0","87,2","0,5741","0,2851","0,5722","0,2752","0,5759","0,2949",thumbnail_grossTrial,thumbnail_grossTrial.png,1245.0,1080.0,337.0,0.0,798.0,692.0,Fixation,392.0,41.0,1049.0,316.0,"0,5713","0,2922",,
25568,17152183,1400456423470,Eye Tracker,Participant0058,17.09.2021,Participant0058,Recording4,17.09.2021,17.09.2021,14:48:45.713,12:48:45.713,64514,Timeline2,Tobii I-VT (Fixation),1.145.28180,1080,1920,"10,00",685016258.0,,,1056.0,308.0,1058.0,299.0,1055.0,318.0,"0,10798","-0,03645","-0,99348","-0,00612","-0,02609","-0,99964","4,42","4,16",Valid,Valid,"233,8","100,7","515,7","292,2","100,4","513,5","289,9","81,7","289,0","87,0","0,5772","0,2854","0,5785","0,2765","0,5759","0,2943",thumbnail_grossTrial,thumbnail_grossTrial.png,1245.0,1080.0,337.0,0.0,798.0,692.0,Fixation,392.0,41.0,1049.0,316.0,"0,5713","0,2922",,
25569,17160491,1400456431778,Eye Tracker,Participant0058,17.09.2021,Participant0058,Recording4,17.09.2021,17.09.2021,14:48:45.713,12:48:45.713,64514,Timeline2,Tobii I-VT (Fixation),1.145.28180,1080,1920,"10,00",685024565.0,,,1054.0,306.0,1058.0,303.0,1051.0,309.0,"0,10792","-0,03405","-0,99358","-0,00820","-0,03108","-0,99948",,,Valid,Valid,"233,9","100,7","515,6","292,2","100,5","513,5","289,9","83,0","287,9","84,5","0,5756","0,2834","0,5785","0,2809","0,5728","0,2859",thumbnail_grossTrial,thumbnail_grossTrial.png,1245.0,1080.0,337.0,0.0,798.0,692.0,Fixation,392.0,41.0,1049.0,316.0,"0,5713","0,2922",,
25570,17168857,1400456440144,Eye Tracker,Participant0058,17.09.2021,Participant0058,Recording4,17.09.2021,17.09.2021,14:48:45.713,12:48:45.713,64514,Timeline2,Tobii I-VT (Fixation),1.145.28180,1080,1920,"10,00",685032931.0,,,1047.0,315.0,1052.0,309.0,1042.0,321.0,"0,10483","-0,03128","-0,99400","-0,01249","-0,02446","-0,99962",,,Valid,Valid,"233,8","100,7","515,7","292,1","100,5","513,5","288,2","84,5","285,7","87,9","0,5699","0,2917","0,5736","0,2859","0,5662","0,2975",thumbnail_grossTrial,thumbnail_grossTrial.png,1245.0,1080.0,337.0,0.0,798.0,692.0,Fixation,392.0,41.0,1049.0,316.0,"0,5713","0,2922",,
25571,17177187,1400456448474,Eye Tracker,Participant0058,17.09.2021,Participant0058,Recording4,17.09.2021,17.09.2021,14:48:45.713,12:48:45.713,64514,Timeline2,Tobii I-VT (Fixation),1.145.28180,1080,1920,"10,00",685041261.0,,,1044.0,316.0,1052.0,310.0,1036.0,322.0,"0,10513","-0,03036","-0,99399","-0,01622","-0,02399","-0,99958","4,62","3,81",Valid,Valid,"233,9","100,6","515,7","292,2","100,4","513,6","288,4","84,8","283,8","88,0","0,5674","0,2924","0,5742","0,2870","0,5607","0,2979",thumbnail_grossTrial,thumbnail_grossTrial.png,1245.0,1080.0,337.0,0.0,798.0,692.0,Fixation,392.0,41.0,1049.0,316.0,"0,5713","0,2922",,
25572,17185527,1400456456814,Eye Tracker,Participant0058,17.09.2021,Participant0058,Recording4,17.09.2021,17.09.2021,14:48:45.713,12:48:45.713,64514,Timeline2,Tobii I-VT (Fixation),1.145.28180,1080,1920,"10,00",685049601.0,,,1043.0,315.0,1052.0,307.0,1034.0,324.0,"0,10501","-0,03221","-0,99395","-0,01717","-0,02293","-0,99959",,,Valid,Valid,"233,9","100,7","515,7","292,2","100,4","513,5","288,4","84,0","283,3","88,7","0,5667","0,2920","0,5741","0,2841","0,5593","0,3000",thumbnail_grossTrial,thumbnail_grossTrial.png,1245.0,1080.0,337.0,0.0,798.0,692.0,Fixation,392.0,41.0,1049.0,316.0,"0,5713","0,2922",,
25573,17193847,1400456465134,Eye Tracker,Participant0058,17.09.2021,Participant0058,Recording4,17.09.2021,17.09.2021,14:48:45.713,12:48:45.713,64514,Timeline2,Tobii I-VT (Fixation),1.145.28180,1080,1920,"10,00",685057920.0,,,1044.0,312.0,1048.0,308.0,1039.0,316.0,"0,10308","-0,03144","-0,99418","-0,01437","-0,02732","-0,99952",,,Valid,Valid,"233,9","100,7","515,7","292,1","100,5","513,6","287,3","84,4","284,7","86,4","0,5672","0,2890","0,5710","0,2855","0,5634","0,2925",thumbnail_grossTrial,thumbnail_grossTrial.png,1245.0,1080.0,337.0,0.0,798.0,692.0,Fixation,392.0,41.0,1049.0,316.0,"0,5713","0,2922",,
25574,17202246,1400456473533,Eye Tracker,Participant0058,17.09.2021,Participant0058,Recording4,17.09.2021,17.09.2021,14:48:45.713,12:48:45.713,64514,Timeline2,Tobii I-VT (Fixation),1.145.28180,1080,1920,"10,00",685066319.0,,,1043.0,315.0,1040.0,313.0,1046.0,317.0,"0,09888","-0,02891","-0,99468","-0,01066","-0,02658","-0,99959","4,03","4,16",Valid,Valid,"233,9","100,6","515,7","292,2","100,4","513,6","285,2","85,6","286,7","86,7","0,5669","0,2915","0,5646","0,2895","0,5691","0,2934",thumbnail_grossTrial,thumbnail_grossTrial.png,1245.0,1080.0,337.0,0.0,798.0,692.0,Fixation,392.0,41.0,1049.0,316.0,"0,5713","0,2922",,
25575,17210492,1400456481779,Eye Tracker,Participant0058,17.09.2021,Participant0058,Recording4,17.09.2021,17.09.2021,14:48:45.713,12:48:45.713,64514,Timeline2,Tobii I-VT (Fixation),1.145.28180,1080,1920,"10,00",685074565.0,,,1047.0,315.0,1041.0,310.0,1053.0,321.0,"0,09896","-0,03054","-0,99462","-0,00674","-0,02473","-0,99967",,,Valid,Valid,"233,9","100,7","515,7","292,2","100,5","513,5","285,2","84,8","288,7","87,8","0,5699","0,2920","0,5648","0,2870","0,5750","0,2970",thumbnail_grossTrial,thumbnail_grossTrial.png,1245.0,1080.0,337.0,0.0,798.0,692.0,Fixation,392.0,41.0,1049.0,316.0,"0,5713","0,2922",,
25576,17218847,1400456490134,Eye Tracker,Participant0058,17.09.2021,Participant0058,Recording4,17.09.2021,17.09.2021,14:48:45.713,12:48:45.713,64514,Timeline2,Tobii I-VT (Fixation),1.145.28180,1080,1920,"10,00",685082920.0,,,1048.0,311.0,1043.0,304.0,1052.0,318.0,"0,10042","-0,03356","-0,99438","-0,00752","-0,02624","-0,99963",,,Valid,Valid,"233,9","100,7","515,8","292,1","100,5","513,6","285,9","83,3","288,3","87,0","0,5703","0,2881","0,5669","0,2817","0,5737","0,2944",thumbnail_grossTrial,thumbnail_grossTrial.png,1245.0,1080.0,337.0,0.0,798.0,692.0,Fixation,392.0,41.0,1049.0,316.0,"0,5713","0,2922",,
25577,17227146,1400456498433,Eye Tracker,Participant0058,17.09.2021,Participant0058,Recording4,17.09.2021,17.09.2021,14:48:45.713,12:48:45.713,64514,Timeline2,Tobii I-VT (Fixation),1.145.28180,1080,1920,"10,00",685091218.0,,,1047.0,307.0,1050.0,299.0,1044.0,315.0,"0,10367","-0,03639","-0,99395","-0,01204","-0,02744","-0,99955","4,42","3,83",Valid,Valid,"233,9","100,6","515,9","292,2","100,4","513,6","287,7","81,7","286,0","86,3","0,5695","0,2843","0,5720","0,2765","0,5671","0,2921",thumbnail_grossTrial,thumbnail_grossTrial.png,1245.0,1080.0,337.0,0.0,798.0,692.0,Fixation,392.0,41.0,1049.0,316.0,"0,5713","0,2922",,
25578,17235513,1400456506800,Eye Tracker,Participant0058,17.09.2021,Participant0058,Recording4,17.09.2021,17.09.2021,14:48:45.713,12:48:45.713,64514,Timeline2,Tobii I-VT (Fixation),1.145.28180,1080,1920,"10,00",685099585.0,,,1043.0,306.0,1048.0,301.0,1038.0,311.0,"0,10261","-0,03538","-0,99409","-0,01488","-0,03015","-0,99943",,,Valid,Valid,"233,9","100,7","515,8","292,2","100,5","513,6","287,2","82,3","284,5","85,0","0,5667","0,2831","0,5706","0,2785","0,5628","0,2877",thumbnail_grossTrial,thumbnail_grossTrial.png,1245.0,1080.0,337.0,0.0,798.0,692.0,Fixation,392.0,41.0,1049.0,316.0,"0,5713","0,2922",,
25579,17243812,1400456515099,Eye Tracker,Participant0058,17.09.2021,Participant0058,Recording4,17.09.2021,17.09.2021,14:48:45.713,12:48:45.713,64514,Timeline2,Tobii I-VT (Fixation),1.145.28180,1080,1920,"10,00",685107884.0,,,1047.0,305.0,1050.0,299.0,1044.0,310.0,"0,10366","-0,03630","-0,99395","-0,01177","-0,03036","-0,99947",,,Valid,Valid,"233,9","100,7","515,9","292,2","100,5","513,7","287,7","81,9","286,1","84,9","0,5697","0,2822","0,5720","0,2770","0,5674","0,2874",thumbnail_grossTrial,thumbnail_grossTrial.png,1245.0,1080.0,337.0,0.0,798.0,692.0,Fixation,392.0,41.0,1049.0,316.0,"0,5713","0,2922",,
25580,17252177,1400456523464,Eye Tracker,Participant0058,17.09.2021,Participant0058,Recording4,17.09.2021,17.09.2021,14:48:45.713,12:48:45.713,64514,Timeline2,Tobii I-VT (Fixation),1.145.28180,1080,1920,"10,00",685116249.0,,,1048.0,307.0,1043.0,300.0,1052.0,313.0,"0,10025","-0,03547","-0,99433","-0,00763","-0,02859","-0,99956","4,05","4,17",Valid,Valid,"233,9","100,6","516,0","292,2","100,4","513,7","286,0","82,2","288,3","85,8","0,5704","0,2842","0,5669","0,2782","0,5738","0,2901",thumbnail_grossTrial,thumbnail_grossTrial.png,1245.0,1080.0,337.0,0.0,798.0,692.0,Fixation,392.0,41.0,1049.0,316.0,"0,5713","0,2922",,
25581,17260513,1400456531800,Eye Tracker,Participant0058,17.09.2021,Participant0058,Recording4,17.09.2021,17.09.2021,14:48:45.713,12:48:45.713,64514,Timeline2,Tobii I-VT (Fixation),1.145.28180,1080,1920,"10,00",685124584.0,,,1045.0,316.0,1040.0,308.0,1049.0,325.0,"0,09882","-0,03182","-0,99460","-0,00919","-0,02248","-0,99971",,,Valid,Valid,"233,9","100,7","516,0","292,2","100,5","513,8","285,2","84,2","287,4","89,0","0,5679","0,2931","0,5646","0,2850","0,5712","0,3011",thumbnail_grossTrial,thumbnail_grossTrial.png,1245.0,1080.0,337.0,0.0,798.0,692.0,Saccade,33.0,64.0,,,,,,
25582,17268902,1400456540189,Eye Tracker,Participant0058,17.09.2021,Participant0058,Recording4,17.09.2021,17.09.2021,14:48:45.713,12:48:45.713,64514,Timeline2,Tobii I-VT (Fixation),1.145.28180,1080,1920,"10,00",685132973.0,,,1005.0,327.0,1001.0,301.0,1010.0,352.0,"0,07843","-0,03556","-0,99629","-0,02981","-0,00823","-0,99952",,,Valid,Valid,"233,8","100,8","516,0","292,0","100,6","513,9","274,4","82,4","276,7","96,3","0,5364","0,3023","0,5330","0,2787","0,5398","0,3260",thumbnail_grossTrial,thumbnail_grossTrial.png,1245.0,1080.0,337.0,0.0,798.0,692.0,Saccade,33.0,64.0,,,,,,
25583,17277168,1400456548455,Eye Tracker,Participant0058,17.09.2021,Participant0058,Recording4,17.09.2021,17.09.2021,14:48:45.713,12:48:45.713,64514,Timeline2,Tobii I-VT (Fixation),1.145.28180,1080,1920,"10,00",685141239.0,,,997.0,319.0,1001.0,301.0,992.0,336.0,"0,07840","-0,03541","-0,99629","-0,03912","-0,01631","-0,99910","4,02","4,22",Valid,Valid,"233,8","100,7","516,1","292,1","100,5","514,0","274,4","82,4","271,9","92,1","0,5295","0,2951","0,5330","0,2787","0,5259","0,3116",thumbnail_grossTrial,thumbnail_grossTrial.png,1245.0,1080.0,337.0,0.0,798.0,692.0,Saccade,33.0,64.0,,,,,,
25584,17285482,1400456556769,Eye Tracker,Participant0058,17.09.2021,Participant0058,Recording4,17.09.2021,17.09.2021,14:48:45.713,12:48:45.713,64514,Timeline2,Tobii I-VT (Fixation),1.145.28180,1080,1920,"10,00",685149553.0,,,981.0,361.0,987.0,346.0,975.0,376.0,"0,07089","-0,01164","-0,99742","-0,04841","0,00484","-0,99882",,,Valid,Valid,"233,8","100,8","516,1","292,1","100,5","514,1","270,5","94,8","267,2","103,0","0,5168","0,3346","0,5216","0,3207","0,5119","0,3485",thumbnail_grossTrial,thumbnail_grossTrial.png,1245.0,1080.0,337.0,0.0,798.0,692.0,Saccade,33.0,64.0,,,,,,
25585,17293867,1400456565154,Eye Tracker,Participant0058,17.09.2021,Participant0058,Recording4,17.09.2021,17.09.2021,14:48:45.713,12:48:45.713,64514,Timeline2,Tobii I-VT (Fixation),1.145.28180,1080,1920,"10,00",685157937.0,,,981.0,372.0,983.0,365.0,979.0,379.0,"0,06901","-0,00156","-0,99762","-0,04598","0,00654","-0,99892",,,Valid,Valid,"233,7","100,8","516,1","292,1","100,5","514,2","269,4","100,0","268,4","103,8","0,5170","0,3448","0,5186","0,3383","0,5155","0,3514",thumbnail_grossTrial,thumbnail_grossTrial.png,1245.0,1080.0,337.0,0.0,798.0,692.0,Fixation,550.0,42.0,980.0,367.0,"0,5160","0,3399",,
25586,17302167,1400456573454,Eye Tracker,Participant0058,17.09.2021,Participant0058,Recording4,17.09.2021,17.09.2021,14:48:45.713,12:48:45.713,64514,Timeline2,Tobii I-VT (Fixation),1.145.28180,1080,1920,"10,00",685166237.0,,,991.0,372.0,995.0,360.0,986.0,383.0,"0,07524","-0,00424","-0,99716","-0,04221","0,00897","-0,99907","4,51","4,07",Valid,Valid,"233,8","100,7","516,1","292,1","100,3","514,3","272,7","98,5","270,4","104,9","0,5247","0,3441","0,5281","0,3333","0,5212","0,3550",thumbnail_grossTrial,thumbnail_grossTrial.png,1245.0,1080.0,337.0,0.0,798.0,692.0,Fixation,550.0,42.0,980.0,367.0,"0,5160","0,3399",,
25587,17310472,1400456581759,Eye Tracker,Participant0058,17.09.2021,Participant0058,Recording4,17.09.2021,17.09.2021,14:48:45.713,12:48:45.713,64514,Timeline2,Tobii I-VT (Fixation),1.145.28180,1080,1920,"10,00",685174542.0,,,988.0,373.0,993.0,360.0,984.0,387.0,"0,07397","-0,00422","-0,99725","-0,04370","0,01058","-0,99899",,,Valid,Valid,"233,8","100,8","516,0","292,1","100,4","514,3","272,1","98,6","269,6","105,8","0,5226","0,3458","0,5262","0,3336","0,5190","0,3580",thumbnail_grossTrial,thumbnail_grossTrial.png,1245.0,1080.0,337.0,0.0,798.0,692.0,Fixation,550.0,42.0,980.0,367.0,"0,5160","0,3399",,
25588,17318848,1400456590135,Eye Tracker,Participant0058,17.09.2021,Participant0058,Recording4,17.09.2021,17.09.2021,14:48:45.713,12:48:45.713,64514,Timeline2,Tobii I-VT (Fixation),1.145.28180,1080,1920,"10,00",685182918.0,,,988.0,373.0,993.0,358.0,984.0,389.0,"0,07420","-0,00560","-0,99723","-0,04355","0,01192","-0,99898",,,Valid,Valid,"233,7","100,8","516,1","292,0","100,3","514,4","272,1","97,9","269,6","106,5","0,5227","0,3457","0,5264","0,3311","0,5191","0,3603",thumbnail_grossTrial,thumbnail_grossTrial.png,1245.0,1080.0,337.0,0.0,798.0,692.0,Fixation,550.0,42.0,980.0,367.0,"0,5160","0,3399",,
25589,17327188,1400456598475,Eye Tracker,Participant0058,17.09.2021,Participant0058,Recording4,17.09.2021,17.09.2021,14:48:45.713,12:48:45.713,64514,Timeline2,Tobii I-VT (Fixation),1.145.28180,1080,1920,"10,00",685191257.0,,,979.0,374.0,982.0,358.0,976.0,389.0,"0,06857","-0,00520","-0,99763","-0,04749","0,01241","-0,99879","4,05","3,85",Valid,Valid,"233,7","100,7","516,1","292,1","100,2","514,4","269,2","98,0","267,6","106,6","0,5155","0,3460","0,5178","0,3315","0,5132","0,3606",thumbnail_grossTrial,thumbnail_grossTrial.png,1245.0,1080.0,337.0,0.0,798.0,692.0,Fixation,550.0,42.0,980.0,367.0,"0,5160","0,3399",,
25590,17335537,1400456606824,Eye Tracker,Participant0058,17.09.2021,Participant0058,Recording4,17.09.2021,17.09.2021,14:48:45.713,12:48:45.713,64514,Timeline2,Tobii I-VT (Fixation),1.145.28180,1080,1920,"10,00",685199606.0,,,976.0,370.0,980.0,357.0,972.0,383.0,"0,06719","-0,00588","-0,99772","-0,04977","0,00900","-0,99872",,,Valid,Valid,"233,8","100,7","516,0","292,1","100,3","514,4","268,5","97,7","266,5","104,9","0,5128","0,3427","0,5159","0,3305","0,5098","0,3549",thumbnail_grossTrial,thumbnail_grossTrial.png,1245.0,1080.0,337.0,0.0,798.0,692.0,Fixation,550.0,42.0,980.0,367.0,"0,5160","0,3399",,
25591,17343852,1400456615139,Eye Tracker,Participant0058,17.09.2021,Participant0058,Recording4,17.09.2021,17.09.2021,14:48:45.713,12:48:45.713,64514,Timeline2,Tobii I-VT (Fixation),1.145.28180,1080,1920,"10,00",685207921.0,,,975.0,369.0,980.0,355.0,969.0,383.0,"0,06766","-0,00673","-0,99769","-0,05148","0,00911","-0,99863",,,Valid,Valid,"233,7","100,7","516,1","292,1","100,3","514,5","268,7","97,2","265,5","104,9","0,5117","0,3420","0,5164","0,3290","0,5071","0,3551",thumbnail_grossTrial,thumbnail_grossTrial.png,1245.0,1080.0,337.0,0.0,798.0,692.0,Fixation,550.0,42.0,980.0,367.0,"0,5160","0,3399",,
25592,17352167,1400456623454,Eye Tracker,Participant0058,17.09.2021,Participant0058,Recording4,17.09.2021,17.09.2021,14:48:45.713,12:48:45.713,64514,Timeline2,Tobii I-VT (Fixation),1.145.28180,1080,1920,"10,00",685216236.0,,,979.0,366.0,990.0,353.0,969.0,379.0,"0,07263","-0,00782","-0,99733","-0,05156","0,00731","-0,99864","4,39","3,82",Valid,Valid,"233,7","100,6","516,1","292,1","100,1","514,5","271,3","96,6","265,5","103,9","0,5156","0,3391","0,5240","0,3268","0,5071","0,3514",thumbnail_grossTrial,thumbnail_grossTrial.png,1245.0,1080.0,337.0,0.0,798.0,692.0,Fixation,550.0,42.0,980.0,367.0,"0,5160","0,3399",,
25593,17360508,1400456631795,Eye Tracker,Participant0058,17.09.2021,Participant0058,Recording4,17.09.2021,17.09.2021,14:48:45.713,12:48:45.713,64514,Timeline2,Tobii I-VT (Fixation),1.145.28180,1080,1920,"10,00",685224576.0,,,984.0,372.0,996.0,360.0,972.0,384.0,"0,07580","-0,00435","-0,99711","-0,05014","0,00944","-0,99870",,,Valid,Valid,"233,8","100,7","516,0","292,1","100,2","514,5","273,0","98,4","266,3","105,1","0,5192","0,3443","0,5290","0,3331","0,5093","0,3555",thumbnail_grossTrial,thumbnail_grossTrial.png,1245.0,1080.0,337.0,0.0,798.0,692.0,Fixation,550.0,42.0,980.0,367.0,"0,5160","0,3399",,
25594,17368855,1400456640142,Eye Tracker,Participant0058,17.09.2021,Participant0058,Recording4,17.09.2021,17.09.2021,14:48:45.713,12:48:45.713,64514,Timeline2,Tobii I-VT (Fixation),1.145.28180,1080,1920,"10,00",685232923.0,,,983.0,367.0,992.0,352.0,974.0,382.0,"0,07368","-0,00838","-0,99725","-0,04862","0,00850","-0,99878",,,Valid,Valid,"233,7","100,7","516,0","292,1","100,2","514,6","271,9","96,4","267,0","104,6","0,5186","0,3400","0,5256","0,3261","0,5115","0,3539",thumbnail_grossTrial,thumbnail_grossTrial.png,1245.0,1080.0,337.0,0.0,798.0,692.0,Fixation,550.0,42.0,980.0,367.0,"0,5160","0,3399",,
25595,17377162,1400456648449,Eye Tracker,Participant0058,17.09.2021,Participant0058,Recording4,17.09.2021,17.09.2021,14:48:45.713,12:48:45.713,64514,Timeline2,Tobii I-VT (Fixation),1.145.28180,1080,1920,"10,00",685241230.0,,,981.0,365.0,991.0,355.0,972.0,376.0,"0,07320","-0,00672","-0,99730","-0,05020","0,00514","-0,99873","4,38","3,83",Valid,Valid,"233,8","100,7","516,0","292,2","100,1","514,6","271,6","97,2","266,3","102,8","0,5172","0,3383","0,5250","0,3288","0,5093","0,3477",thumbnail_grossTrial,thumbnail_grossTrial.png,1245.0,1080.0,337.0,0.0,798.0,692.0,Fixation,550.0,42.0,980.0,367.0,"0,5160","0,3399",,
25596,17385547,1400456656834,Eye Tracker,Participant0058,17.09.2021,Participant0058,Recording4,17.09.2021,17.09.2021,14:48:45.713,12:48:45.713,64514,Timeline2,Tobii I-VT (Fixation),1.145.28180,1080,1920,"10,00",685249615.0,,,981.0,366.0,992.0,358.0,970.0,375.0,"0,07366","-0,00535","-0,99727","-0,05095","0,00452","-0,99869",,,Valid,Valid,"233,8","100,8","515,9","292,2","100,2","514,5","271,9","98,0","265,9","102,5","0,5170","0,3392","0,5258","0,3316","0,5083","0,3469",thumbnail_grossTrial,thumbnail_grossTrial.png,1245.0,1080.0,337.0,0.0,798.0,692.0,Fixation,550.0,42.0,980.0,367.0,"0,5160","0,3399",,
25597,17393798,1400456665085,Eye Tracker,Participant0058,17.09.2021,Participant0058,Recording4,17.09.2021,17.09.2021,14:48:45.713,12:48:45.713,64514,Timeline2,Tobii I-VT (Fixation),1.145.28180,1080,1920,"10,00",685257865.0,,,981.0,371.0,992.0,369.0,970.0,374.0,"0,07379","0,00055","-0,99727","-0,05121","0,00394","-0,99868",,,Valid,Valid,"233,8","100,8","515,9","292,1","100,2","514,6","271,9","101,1","265,7","102,2","0,5168","0,3440","0,5259","0,3420","0,5077","0,3459",thumbnail_grossTrial,thumbnail_grossTrial.png,1245.0,1080.0,337.0,0.0,798.0,692.0,Fixation,550.0,42.0,980.0,367.0,"0,5160","0,3399",,
25598,17402206,1400456673493,Eye Tracker,Participant0058,17.09.2021,Participant0058,Recording4,17.09.2021,17.09.2021,14:48:45.713,12:48:45.713,64514,Timeline2,Tobii I-VT (Fixation),1.145.28180,1080,1920,"10,00",685266273.0,,,975.0,369.0,981.0,364.0,969.0,374.0,"0,06778","-0,00206","-0,99770","-0,05175","0,00409","-0,99865","4,03","3,85",Valid,Valid,"233,8","100,7","516,0","292,2","100,1","514,6","268,8","99,7","265,5","102,2","0,5119","0,3416","0,5168","0,3373","0,5070","0,3459",thumbnail_grossTrial,thumbnail_grossTrial.png,1245.0,1080.0,337.0,0.0,798.0,692.0,Fixation,550.0,42.0,980.0,367.0,"0,5160","0,3399",,
25599,17410496,1400456681783,Eye Tracker,Participant0058,17.09.2021,Participant0058,Recording4,17.09.2021,17.09.2021,14:48:45.713,12:48:45.713,64514,Timeline2,Tobii I-VT (Fixation),1.145.28180,1080,1920,"10,00",685274563.0,,,973.0,365.0,975.0,359.0,970.0,371.0,"0,06474","-0,00475","-0,99789","-0,05085","0,00274","-0,99870",,,Valid,Valid,"233,8","100,8","515,9","292,1","100,2","514,5","267,3","98,3","265,9","101,6","0,5102","0,3383","0,5122","0,3328","0,5083","0,3438",thumbnail_grossTrial,thumbnail_grossTrial.png,1245.0,1080.0,337.0,0.0,798.0,692.0,Fixation,550.0,42.0,980.0,367.0,"0,5160","0,3399",,
25600,17418797,1400456690084,Eye Tracker,Participant0058,17.09.2021,Participant0058,Recording4,17.09.2021,17.09.2021,14:48:45.713,12:48:45.713,64514,Timeline2,Tobii I-VT (Fixation),1.145.28180,1080,1920,"10,00",685282864.0,,,981.0,350.0,975.0,349.0,986.0,352.0,"0,06499","-0,01038","-0,99783","-0,04238","-0,00753","-0,99907",,,Valid,Valid,"233,7","100,8","515,9","292,1","100,2","514,6","267,3","95,4","270,2","96,3","0,5166","0,3244","0,5123","0,3229","0,5209","0,3259",thumbnail_grossTrial,thumbnail_grossTrial.png,1245.0,1080.0,337.0,0.0,798.0,692.0,Fixation,550.0,42.0,980.0,367.0,"0,5160","0,3399",,
25601,17427129,1400456698416,Eye Tracker,Participant0058,17.09.2021,Participant0058,Recording4,17.09.2021,17.09.2021,14:48:45.713,12:48:45.713,64514,Timeline2,Tobii I-VT (Fixation),1.145.28180,1080,1920,"10,00",685291195.0,,,983.0,359.0,979.0,357.0,988.0,360.0,"0,06669","-0,00591","-0,99776","-0,04121","-0,00276","-0,99915","4,01","3,84",Valid,Valid,"233,7","100,7","515,9","292,1","100,1","514,6","268,2","97,7","270,9","98,6","0,5189","0,3321","0,5150","0,3305","0,5228","0,3337",thumbnail_grossTrial,thumbnail_grossTrial.png,1245.0,1080.0,337.0,0.0,798.0,692.0,Fixation,550.0,42.0,980.0,367.0,"0,5160","0,3399",,
25602,17435488,1400456706775,Eye Tracker,Participant0058,17.09.2021,Participant0058,Recording4,17.09.2021,17.09.2021,14:48:45.713,12:48:45.713,64514,Timeline2,Tobii I-VT (Fixation),1.145.28180,1080,1920,"10,00",685299554.0,,,980.0,354.0,984.0,362.0,976.0,346.0,"0,06952","-0,00322","-0,99758","-0,04782","-0,01056","-0,99880",,,Valid,Valid,"233,8","100,8","515,8","292,1","100,2","514,6","269,7","99,1","267,5","94,7","0,5160","0,3280","0,5193","0,3355","0,5128","0,3206",thumbnail_grossTrial,thumbnail_grossTrial.png,1245.0,1080.0,337.0,0.0,798.0,692.0,Fixation,550.0,42.0,980.0,367.0,"0,5160","0,3399",,
25603,17443826,1400456715113,Eye Tracker,Participant0058,17.09.2021,Participant0058,Recording4,17.09.2021,17.09.2021,14:48:45.713,12:48:45.713,64514,Timeline2,Tobii I-VT (Fixation),1.145.28180,1080,1920,"10,00",685307892.0,,,979.0,360.0,987.0,370.0,971.0,351.0,"0,07140","0,00055","-0,99745","-0,05008","-0,00810","-0,99871",,,Valid,Valid,"233,7","100,8","515,9","292,0","100,2","514,6","270,6","101,1","266,2","96,0","0,5155","0,3335","0,5219","0,3421","0,5091","0,3249",thumbnail_grossTrial,thumbnail_grossTrial.png,1245.0,1080.0,337.0,0.0,798.0,692.0,Fixation,550.0,42.0,980.0,367.0,"0,5160","0,3399",,
25604,17452181,1400456723468,Eye Tracker,Participant0058,17.09.2021,Participant0058,Recording4,17.09.2021,17.09.2021,14:48:45.713,12:48:45.713,64514,Timeline2,Tobii I-VT (Fixation),1.145.28180,1080,1920,"10,00",685316247.0,,,980.0,359.0,988.0,371.0,971.0,346.0,"0,07174","0,00176","-0,99742","-0,05029","-0,01070","-0,99868","4,02","3,83",Valid,Valid,"233,7","100,7","515,9","292,1","100,1","514,6","270,8","101,6","266,2","94,6","0,5158","0,3320","0,5226","0,3439","0,5090","0,3201",thumbnail_grossTrial,thumbnail_grossTrial.png,1245.0,1080.0,337.0,0.0,798.0,692.0,Fixation,550.0,42.0,980.0,367.0,"0,5160","0,3399",,
25605,17460492,1400456731779,Eye Tracker,Participant0058,17.09.2021,Participant0058,Recording4,17.09.2021,17.09.2021,14:48:45.713,12:48:45.713,64514,Timeline2,Tobii I-VT (Fixation),1.145.28180,1080,1920,"10,00",685324557.0,,,982.0,357.0,978.0,352.0,986.0,361.0,"0,06650","-0,00851","-0,99775","-0,04268","-0,00247","-0,99909",,,Valid,Valid,"233,7","100,8","515,9","292,1","100,2","514,6","268,1","96,4","270,1","98,9","0,5176","0,3304","0,5147","0,3262","0,5205","0,3347",thumbnail_grossTrial,thumbnail_grossTrial.png,1245.0,1080.0,337.0,0.0,798.0,692.0,Fixation,550.0,42.0,980.0,367.0,"0,5160","0,3399",,
25606,17468822,1400456740109,Eye Tracker,Participant0058,17.09.2021,Participant0058,Recording4,17.09.2021,17.09.2021,14:48:45.713,12:48:45.713,64514,Timeline2,Tobii I-VT (Fixation),1.145.28180,1080,1920,"10,00",685332887.0,,,983.0,357.0,979.0,352.0,986.0,363.0,"0,06710","-0,00859","-0,99771","-0,04234","-0,00186","-0,99910",,,Valid,Valid,"233,7","100,8","516,0","292,1","100,2","514,6","268,4","96,4","270,3","99,3","0,5182","0,3309","0,5154","0,3260","0,5209","0,3359",thumbnail_grossTrial,thumbnail_grossTrial.png,1245.0,1080.0,337.0,0.0,798.0,692.0,Fixation,550.0,42.0,980.0,367.0,"0,5160","0,3399",,
25607,17477124,1400456748411,Eye Tracker,Participant0058,17.09.2021,Participant0058,Recording4,17.09.2021,17.09.2021,14:48:45.713,12:48:45.713,64514,Timeline2,Tobii I-VT (Fixation),1.145.28180,1080,1920,"10,00",685341189.0,,,986.0,362.0,980.0,354.0,992.0,370.0,"0,06741","-0,00755","-0,99770","-0,03926","0,00237","-0,99923","4,02","4,08",Valid,Valid,"233,7","100,7","516,0","292,1","100,1","514,5","268,6","96,8","271,9","101,4","0,5209","0,3352","0,5161","0,3275","0,5257","0,3429",thumbnail_grossTrial,thumbnail_grossTrial.png,1245.0,1080.0,337.0,0.0,798.0,692.0,Fixation,550.0,42.0,980.0,367.0,"0,5160","0,3399",,
25608,17485465,1400456756752,Eye Tracker,Participant0058,17.09.2021,Participant0058,Recording4,17.09.2021,17.09.2021,14:48:45.713,12:48:45.713,64514,Timeline2,Tobii I-VT (Fixation),1.145.28180,1080,1920,"10,00",685349530.0,,,987.0,372.0,988.0,368.0,987.0,376.0,"0,07135","-0,00009","-0,99745","-0,04203","0,00492","-0,99910",,,Valid,Valid,"233,8","100,8","516,0","292,1","100,3","514,4","270,7","100,7","270,5","102,8","0,5219","0,3443","0,5222","0,3408","0,5216","0,3478",thumbnail_grossTrial,thumbnail_grossTrial.png,1245.0,1080.0,337.0,0.0,798.0,692.0,Fixation,550.0,42.0,980.0,367.0,"0,5160","0,3399",,
25609,17493834,1400456765121,Eye Tracker,Participant0058,17.09.2021,Participant0058,Recording4,17.09.2021,17.09.2021,14:48:45.713,12:48:45.713,64514,Timeline2,Tobii I-VT (Fixation),1.145.28180,1080,1920,"10,00",685357898.0,,,987.0,367.0,987.0,361.0,987.0,373.0,"0,07102","-0,00375","-0,99747","-0,04212","0,00337","-0,99911",,,Valid,Valid,"233,7","100,8","516,0","292,1","100,3","514,4","270,5","98,9","270,4","102,1","0,5215","0,3399","0,5216","0,3345","0,5213","0,3453",thumbnail_grossTrial,thumbnail_grossTrial.png,1245.0,1080.0,337.0,0.0,798.0,692.0,Fixation,550.0,42.0,980.0,367.0,"0,5160","0,3399",,
25610,17502163,1400456773450,Eye Tracker,Participant0058,17.09.2021,Participant0058,Recording4,17.09.2021,17.09.2021,14:48:45.713,12:48:45.713,64514,Timeline2,Tobii I-VT (Fixation),1.145.28180,1080,1920,"10,00",685366227.0,,,983.0,360.0,987.0,360.0,979.0,359.0,"0,07107","-0,00400","-0,99746","-0,04602","-0,00402","-0,99893","4,02","3,85",Valid,Valid,"233,8","100,7","516,0","292,1","100,3","514,3","270,5","98,6","268,4","98,2","0,5187","0,3331","0,5217","0,3337","0,5156","0,3324",thumbnail_grossTrial,thumbnail_grossTrial.png,1245.0,1080.0,337.0,0.0,798.0,692.0,Fixation,550.0,42.0,980.0,367.0,"0,5160","0,3399",,
25611,17510486,1400456781773,Eye Tracker,Participant0058,17.09.2021,Participant0058,Recording4,17.09.2021,17.09.2021,14:48:45.713,12:48:45.713,64514,Timeline2,Tobii I-VT (Fixation),1.145.28180,1080,1920,"10,00",685374550.0,,,981.0,354.0,985.0,355.0,976.0,353.0,"0,07003","-0,00712","-0,99752","-0,04785","-0,00715","-0,99883",,,Valid,Valid,"233,8","100,8","516,0","292,1","100,4","514,2","270,0","97,1","267,5","96,7","0,5166","0,3279","0,5202","0,3286","0,5129","0,3272",thumbnail_grossTrial,thumbnail_grossTrial.png,1245.0,1080.0,337.0,0.0,798.0,692.0,Fixation,550.0,42.0,980.0,367.0,"0,5160","0,3399",,
25612,17518789,1400456790076,Eye Tracker,Participant0058,17.09.2021,Participant0058,Recording4,17.09.2021,17.09.2021,14:48:45.713,12:48:45.713,64514,Timeline2,Tobii I-VT (Fixation),1.145.28180,1080,1920,"10,00",685382853.0,,,980.0,356.0,992.0,345.0,967.0,368.0,"0,07371","-0,01260","-0,99720","-0,05234","0,00033","-0,99863",,,Valid,Valid,"233,7","100,8","516,0","292,1","100,4","514,2","271,9","94,3","265,1","100,6","0,5158","0,3297","0,5257","0,3191","0,5059","0,3404",thumbnail_grossTrial,thumbnail_grossTrial.png,1245.0,1080.0,337.0,0.0,798.0,692.0,Fixation,550.0,42.0,980.0,367.0,"0,5160","0,3399",,
25613,17527160,1400456798447,Eye Tracker,Participant0058,17.09.2021,Participant0058,Recording4,17.09.2021,17.09.2021,14:48:45.713,12:48:45.713,64514,Timeline2,Tobii I-VT (Fixation),1.145.28180,1080,1920,"10,00",685391223.0,,,984.0,357.0,992.0,345.0,975.0,369.0,"0,07379","-0,01218","-0,99720","-0,04826","0,00115","-0,99883","4,01","4,21",Valid,Valid,"233,8","100,7","515,9","292,1","100,4","514,1","271,9","94,4","267,3","101,0","0,5190","0,3306","0,5259","0,3195","0,5122","0,3418",thumbnail_grossTrial,thumbnail_grossTrial.png,1245.0,1080.0,337.0,0.0,798.0,692.0,Fixation,550.0,42.0,980.0,367.0,"0,5160","0,3399",,
25614,17535567,1400456806854,Eye Tracker,Participant0058,17.09.2021,Participant0058,Recording4,17.09.2021,17.09.2021,14:48:45.713,12:48:45.713,64514,Timeline2,Tobii I-VT (Fixation),1.145.28180,1080,1920,"10,00",685399630.0,,,982.0,355.0,995.0,354.0,968.0,355.0,"0,07546","-0,00761","-0,99712","-0,05202","-0,00636","-0,99863",,,Valid,Valid,"233,8","100,8","515,8","292,1","100,5","514,0","272,8","96,9","265,3","97,2","0,5175","0,3284","0,5285","0,3278","0,5065","0,3289",thumbnail_grossTrial,thumbnail_grossTrial.png,1245.0,1080.0,337.0,0.0,798.0,692.0,Fixation,550.0,42.0,980.0,367.0,"0,5160","0,3399",,
25615,17543906,1400456815193,Eye Tracker,Participant0058,17.09.2021,Participant0058,Recording4,17.09.2021,17.09.2021,14:48:45.713,12:48:45.713,64514,Timeline2,Tobii I-VT (Fixation),1.145.28180,1080,1920,"10,00",685407969.0,,,980.0,359.0,983.0,378.0,977.0,341.0,"0,06902","0,00495","-0,99760","-0,04734","-0,01416","-0,99878",,,Valid,Valid,"233,7","100,9","515,8","292,0","100,5","514,0","269,4","103,4","267,7","93,2","0,5159","0,3326","0,5185","0,3499","0,5134","0,3154",thumbnail_grossTrial,thumbnail_grossTrial.png,1245.0,1080.0,337.0,0.0,798.0,692.0,Fixation,550.0,42.0,980.0,367.0,"0,5160","0,3399",,
25616,17552152,1400456823439,Eye Tracker,Participant0058,17.09.2021,Participant0058,Recording4,17.09.2021,17.09.2021,14:48:45.713,12:48:45.713,64514,Timeline2,Tobii I-VT (Fixation),1.145.28180,1080,1920,"10,00",685416215.0,,,982.0,358.0,992.0,378.0,971.0,337.0,"0,07377","0,00536","-0,99726","-0,05041","-0,01593","-0,99860","4,30","3,84",Valid,Valid,"233,7","100,8","515,8","292,1","100,4","514,0","271,9","103,5","266,1","92,2","0,5173","0,3312","0,5258","0,3503","0,5088","0,3121",thumbnail_grossTrial,thumbnail_grossTrial.png,1245.0,1080.0,337.0,0.0,798.0,692.0,Fixation,550.0,42.0,980.0,367.0,"0,5160","0,3399",,
25617,17560450,1400456831737,Eye Tracker,Participant0058,17.09.2021,Participant0058,Recording4,17.09.2021,17.09.2021,14:48:45.713,12:48:45.713,64514,Timeline2,Tobii I-VT (Fixation),1.145.28180,1080,1920,"10,00",685424512.0,,,985.0,367.0,989.0,374.0,980.0,359.0,"0,07227","0,00278","-0,99738","-0,04548","-0,00413","-0,99896",,,Valid,Valid,"233,8","100,9","515,7","292,1","100,5","513,9","271,2","102,3","268,7","98,4","0,5200","0,3395","0,5236","0,3461","0,5164","0,3328",thumbnail_grossTrial,thumbnail_grossTrial.png,1245.0,1080.0,337.0,0.0,798.0,692.0,Fixation,550.0,42.0,980.0,367.0,"0,5160","0,3399",,
25618,17568811,1400456840098,Eye Tracker,Participant0058,17.09.2021,Participant0058,Recording4,17.09.2021,17.09.2021,14:48:45.713,12:48:45.713,64514,Timeline2,Tobii I-VT (Fixation),1.145.28180,1080,1920,"10,00",685432873.0,,,980.0,370.0,1002.0,356.0,958.0,383.0,"0,07894","-0,00646","-0,99686","-0,05755","0,00829","-0,99831",,,Valid,Valid,"233,7","100,9","515,7","292,1","100,5","513,9","274,6","97,5","262,4","104,7","0,5158","0,3422","0,5336","0,3299","0,4980","0,3544",thumbnail_grossTrial,thumbnail_grossTrial.png,1245.0,1080.0,337.0,0.0,798.0,692.0,Fixation,550.0,42.0,980.0,367.0,"0,5160","0,3399",,
25619,17577117,1400456848404,Eye Tracker,Participant0058,17.09.2021,Participant0058,Recording4,17.09.2021,17.09.2021,14:48:45.713,12:48:45.713,64514,Timeline2,Tobii I-VT (Fixation),1.145.28180,1080,1920,"10,00",685441179.0,,,986.0,364.0,,,986.0,364.0,,,,"-0,04236","-0,00139","-0,99910",,"3,84",Invalid,Valid,,,,"292,1","100,4","514,0",,,"270,3","99,7","0,5211","0,3372",,,"0,5211","0,3372",thumbnail_grossTrial,thumbnail_grossTrial.png,1245.0,1080.0,337.0,0.0,798.0,692.0,Fixation,550.0,42.0,980.0,367.0,"0,5160","0,3399",,
25620,17585563,1400456856850,Eye Tracker,Participant0058,17.09.2021,Participant0058,Recording4,17.09.2021,17.09.2021,14:48:45.713,12:48:45.713,64514,Timeline2,Tobii I-VT (Fixation),1.145.28180,1080,1920,"10,00",685449624.0,,,994.0,361.0,1001.0,356.0,986.0,365.0,"0,07854","-0,00678","-0,99689","-0,04235","-0,00081","-0,99910",,,Valid,Valid,"233,8","100,8","515,6","292,1","100,4","513,9","274,4","97,3","270,4","100,0","0,5272","0,3338","0,5332","0,3293","0,5212","0,3384",thumbnail_grossTrial,thumbnail_grossTrial.png,1245.0,1080.0,337.0,0.0,798.0,692.0,Fixation,550.0,42.0,980.0,367.0,"0,5160","0,3399",,
25621,17593821,1400456865108,Eye Tracker,Participant0058,17.09.2021,Participant0058,Recording4,17.09.2021,17.09.2021,14:48:45.713,12:48:45.713,64514,Timeline2,Tobii I-VT (Fixation),1.145.28180,1080,1920,"10,00",685457882.0,,,979.0,373.0,987.0,368.0,972.0,378.0,"0,07084","-0,00001","-0,99749","-0,04997","0,00611","-0,99873",,,Valid,Valid,"233,8","100,8","515,6","292,1","100,4","514,0","270,4","100,8","266,4","103,6","0,5155","0,3457","0,5214","0,3411","0,5096","0,3504",thumbnail_grossTrial,thumbnail_grossTrial.png,1245.0,1080.0,337.0,0.0,798.0,692.0,Fixation,550.0,42.0,980.0,367.0,"0,5160","0,3399",,
25622,17602114,1400456873401,Eye Tracker,Participant0058,17.09.2021,Participant0058,Recording4,17.09.2021,17.09.2021,14:48:45.713,12:48:45.713,64514,Timeline2,Tobii I-VT (Fixation),1.145.28180,1080,1920,"10,00",685466175.0,,,974.0,375.0,976.0,368.0,973.0,383.0,"0,06516","-0,00010","-0,99788","-0,04959","0,00843","-0,99873","4,02","3,82",Valid,Valid,"233,8","100,7","515,7","292,2","100,3","514,0","267,5","100,6","266,6","104,7","0,5116","0,3474","0,5128","0,3405","0,5103","0,3542",thumbnail_grossTrial,thumbnail_grossTrial.png,1245.0,1080.0,337.0,0.0,798.0,692.0,Fixation,550.0,42.0,980.0,367.0,"0,5160","0,3399",,
25623,17610487,1400456881774,Eye Tracker,Participant0058,17.09.2021,Participant0058,Recording4,17.09.2021,17.09.2021,14:48:45.713,12:48:45.713,64514,Timeline2,Tobii I-VT (Fixation),1.145.28180,1080,1920,"10,00",685474548.0,,,974.0,371.0,976.0,365.0,973.0,378.0,"0,06524","-0,00191","-0,99787","-0,04975","0,00574","-0,99875",,,Valid,Valid,"233,9","100,8","515,7","292,2","100,4","513,9","267,6","99,8","266,6","103,4","0,5116","0,3436","0,5131","0,3376","0,5101","0,3497",thumbnail_grossTrial,thumbnail_grossTrial.png,1245.0,1080.0,337.0,0.0,798.0,692.0,Fixation,550.0,42.0,980.0,367.0,"0,5160","0,3399",,
25624,17618814,1400456890101,Eye Tracker,Participant0058,17.09.2021,Participant0058,Recording4,17.09.2021,17.09.2021,14:48:45.713,12:48:45.713,64514,Timeline2,Tobii I-VT (Fixation),1.145.28180,1080,1920,"10,00",685482874.0,,,975.0,372.0,979.0,365.0,972.0,379.0,"0,06657","-0,00189","-0,99778","-0,04986","0,00666","-0,99873",,,Valid,Valid,"233,8","100,8","515,7","292,1","100,4","514,0","268,2","99,8","266,5","103,8","0,5124","0,3445","0,5150","0,3376","0,5098","0,3514",thumbnail_grossTrial,thumbnail_grossTrial.png,1245.0,1080.0,337.0,0.0,798.0,692.0,Fixation,550.0,42.0,980.0,367.0,"0,5160","0,3399",,
25625,17627136,1400456898423,Eye Tracker,Participant0058,17.09.2021,Participant0058,Recording4,17.09.2021,17.09.2021,14:48:45.713,12:48:45.713,64514,Timeline2,Tobii I-VT (Fixation),1.145.28180,1080,1920,"10,00",685491196.0,,,976.0,372.0,980.0,362.0,973.0,383.0,"0,06699","-0,00298","-0,99775","-0,04970","0,00865","-0,99873","4,03","3,83",Valid,Valid,"233,8","100,7","515,8","292,2","100,3","514,0","268,5","99,1","266,6","104,8","0,5129","0,3449","0,5157","0,3353","0,5102","0,3545",thumbnail_grossTrial,thumbnail_grossTrial.png,1245.0,1080.0,337.0,0.0,798.0,692.0,Fixation,550.0,42.0,980.0,367.0,"0,5160","0,3399",,
25626,17635503,1400456906790,Eye Tracker,Participant0058,17.09.2021,Participant0058,Recording4,17.09.2021,17.09.2021,14:48:45.713,12:48:45.713,64514,Timeline2,Tobii I-VT (Fixation),1.145.28180,1080,1920,"10,00",685499563.0,,,978.0,368.0,984.0,370.0,971.0,367.0,"0,06925","0,00101","-0,99760","-0,05050","-0,00010","-0,99872",,,Valid,Valid,"233,8","100,7","515,8","292,2","100,4","514,0","269,7","101,3","266,2","100,4","0,5141","0,3411","0,5192","0,3426","0,5090","0,3396",thumbnail_grossTrial,thumbnail_grossTrial.png,1245.0,1080.0,337.0,0.0,798.0,692.0,Fixation,550.0,42.0,980.0,367.0,"0,5160","0,3399",,
25627,17643805,1400456915092,Eye Tracker,Participant0058,17.09.2021,Participant0058,Recording4,17.09.2021,17.09.2021,14:48:45.713,12:48:45.713,64514,Timeline2,Tobii I-VT (Fixation),1.145.28180,1080,1920,"10,00",685507865.0,,,979.0,372.0,987.0,373.0,971.0,370.0,"0,07074","0,00265","-0,99749","-0,05070","0,00175","-0,99871",,,Valid,Valid,"233,8","100,7","515,9","292,1","100,4","514,0","270,4","102,1","266,0","101,3","0,5149","0,3441","0,5213","0,3454","0,5086","0,3429",thumbnail_grossTrial,thumbnail_grossTrial.png,1245.0,1080.0,337.0,0.0,798.0,692.0,Fixation,550.0,42.0,980.0,367.0,"0,5160","0,3399",,
25628,17652110,1400456923397,Eye Tracker,Participant0058,17.09.2021,Participant0058,Recording4,17.09.2021,17.09.2021,14:48:45.713,12:48:45.713,64514,Timeline2,Tobii I-VT (Fixation),1.145.28180,1080,1920,"10,00",685516169.0,,,981.0,370.0,985.0,373.0,976.0,366.0,"0,06972","0,00276","-0,99756","-0,04773","-0,00030","-0,99886","4,04","4,18",Valid,Valid,"233,8","100,6","516,0","292,2","100,4","514,0","269,9","102,0","267,6","100,2","0,5165","0,3422","0,5198","0,3452","0,5131","0,3391",thumbnail_grossTrial,thumbnail_grossTrial.png,1245.0,1080.0,337.0,0.0,798.0,692.0,Fixation,550.0,42.0,980.0,367.0,"0,5160","0,3399",,
25629,17660448,1400456931735,Eye Tracker,Participant0058,17.09.2021,Participant0058,Recording4,17.09.2021,17.09.2021,14:48:45.713,12:48:45.713,64514,Timeline2,Tobii I-VT (Fixation),1.145.28180,1080,1920,"10,00",685524507.0,,,980.0,379.0,979.0,371.0,980.0,386.0,"0,06684","0,00175","-0,99776","-0,04599","0,01027","-0,99889",,,Valid,Valid,"233,8","100,7","516,1","292,2","100,5","514,0","268,4","101,6","268,5","105,7","0,5157","0,3507","0,5155","0,3437","0,5158","0,3578",thumbnail_grossTrial,thumbnail_grossTrial.png,1245.0,1080.0,337.0,0.0,798.0,692.0,Fixation,550.0,42.0,980.0,367.0,"0,5160","0,3399",,
25630,17668826,1400456940113,Eye Tracker,Participant0058,17.09.2021,Participant0058,Recording4,17.09.2021,17.09.2021,14:48:45.713,12:48:45.713,64514,Timeline2,Tobii I-VT (Fixation),1.145.28180,1080,1920,"10,00",685532885.0,,,977.0,374.0,976.0,367.0,979.0,381.0,"0,06500","-0,00039","-0,99788","-0,04619","0,00746","-0,99890",,,Valid,Valid,"233,8","100,7","516,2","292,1","100,5","514,1","267,4","100,5","268,3","104,3","0,5140","0,3464","0,5126","0,3399","0,5154","0,3530",thumbnail_grossTrial,thumbnail_grossTrial.png,1245.0,1080.0,337.0,0.0,798.0,692.0,Fixation,550.0,42.0,980.0,367.0,"0,5160","0,3399",,
25631,17677163,1400456948450,Eye Tracker,Participant0058,17.09.2021,Participant0058,Recording4,17.09.2021,17.09.2021,14:48:45.713,12:48:45.713,64514,Timeline2,Tobii I-VT (Fixation),1.145.28180,1080,1920,"10,00",685541222.0,,,978.0,368.0,984.0,358.0,973.0,377.0,"0,06926","-0,00502","-0,99759","-0,04949","0,00541","-0,99876","4,51","3,83",Valid,Valid,"233,8","100,6","516,3","292,2","100,4","514,2","269,6","98,0","266,7","103,2","0,5148","0,3403","0,5191","0,3315","0,5105","0,3491",thumbnail_grossTrial,thumbnail_grossTrial.png,1245.0,1080.0,337.0,0.0,798.0,692.0,Fixation,550.0,42.0,980.0,367.0,"0,5160","0,3399",,
25632,17685441,1400456956728,Eye Tracker,Participant0058,17.09.2021,Participant0058,Recording4,17.09.2021,17.09.2021,14:48:45.713,12:48:45.713,64514,Timeline2,Tobii I-VT (Fixation),1.145.28180,1080,1920,"10,00",685549499.0,,,979.0,364.0,984.0,359.0,974.0,369.0,"0,06939","-0,00432","-0,99758","-0,04910","0,00091","-0,99879",,,Valid,Valid,"233,8","100,6","516,4","292,2","100,4","514,2","269,7","98,4","266,9","100,9","0,5153","0,3371","0,5194","0,3328","0,5111","0,3414",thumbnail_grossTrial,thumbnail_grossTrial.png,1245.0,1080.0,337.0,0.0,798.0,692.0,Fixation,550.0,42.0,980.0,367.0,"0,5160","0,3399",,
25633,17693773,1400456965060,Eye Tracker,Participant0058,17.09.2021,Participant0058,Recording4,17.09.2021,17.09.2021,14:48:45.713,12:48:45.713,64514,Timeline2,Tobii I-VT (Fixation),1.145.28180,1080,1920,"10,00",685557831.0,,,988.0,352.0,992.0,348.0,984.0,357.0,"0,07371","-0,01049","-0,99722","-0,04339","-0,00535","-0,99904",,,Valid,Valid,"233,8","100,6","516,5","292,2","100,4","514,3","272,0","95,2","269,8","97,7","0,5228","0,3263","0,5259","0,3220","0,5197","0,3305",thumbnail_grossTrial,thumbnail_grossTrial.png,1245.0,1080.0,337.0,0.0,798.0,692.0,Fixation,550.0,42.0,980.0,367.0,"0,5160","0,3399",,
25634,17702144,1400456973431,Eye Tracker,Participant0058,17.09.2021,Participant0058,Recording4,17.09.2021,17.09.2021,14:48:45.713,12:48:45.713,64514,Timeline2,Tobii I-VT (Fixation),1.145.28180,1080,1920,"10,00",685566202.0,,,989.0,360.0,990.0,360.0,987.0,360.0,"0,07269","-0,00384","-0,99735","-0,04192","-0,00337","-0,99912","4,39","4,20",Valid,Valid,"233,8","100,5","516,6","292,2","100,3","514,3","271,4","98,5","270,6","98,6","0,5232","0,3334","0,5244","0,3332","0,5220","0,3337",thumbnail_grossTrial,thumbnail_grossTrial.png,1245.0,1080.0,337.0,0.0,798.0,692.0,Fixation,550.0,42.0,980.0,367.0,"0,5160","0,3399",,
25635,17710466,1400456981753,Eye Tracker,Participant0058,17.09.2021,Participant0058,Recording4,17.09.2021,17.09.2021,14:48:45.713,12:48:45.713,64514,Timeline2,Tobii I-VT (Fixation),1.145.28180,1080,1920,"10,00",685574524.0,,,990.0,364.0,995.0,362.0,986.0,366.0,"0,07477","-0,00290","-0,99720","-0,04291","-0,00067","-0,99908",,,Valid,Valid,"233,8","100,5","516,6","292,2","100,4","514,3","272,6","99,0","270,1","100,0","0,5242","0,3368","0,5277","0,3350","0,5206","0,3385",thumbnail_grossTrial,thumbnail_grossTrial.png,1245.0,1080.0,337.0,0.0,798.0,692.0,Fixation,550.0,42.0,980.0,367.0,"0,5160","0,3399",,
25636,17718771,1400456990058,Eye Tracker,Participant0058,17.09.2021,Participant0058,Recording4,17.09.2021,17.09.2021,14:48:45.713,12:48:45.713,64514,Timeline2,Tobii I-VT (Fixation),1.145.28180,1080,1920,"10,00",685582828.0,,,977.0,374.0,983.0,367.0,972.0,382.0,"0,06889","-0,00039","-0,99762","-0,05023","0,00821","-0,99870",,,Valid,Valid,"233,8","100,5","516,7","292,2","100,4","514,4","269,5","100,3","266,3","104,6","0,5140","0,3467","0,5186","0,3394","0,5094","0,3539",thumbnail_grossTrial,thumbnail_grossTrial.png,1245.0,1080.0,337.0,0.0,798.0,692.0,Fixation,550.0,42.0,980.0,367.0,"0,5160","0,3399",,
25637,17727104,1400456998391,Eye Tracker,Participant0058,17.09.2021,Participant0058,Recording4,17.09.2021,17.09.2021,14:48:45.713,12:48:45.713,64514,Timeline2,Tobii I-VT (Fixation),1.145.28180,1080,1920,"10,00",685591161.0,,,979.0,376.0,983.0,365.0,975.0,387.0,"0,06864","-0,00098","-0,99764","-0,04878","0,01122","-0,99875","4,40","4,24",Valid,Valid,"233,8","100,4","516,7","292,2","100,2","514,5","269,4","99,9","267,1","106,0","0,5150","0,3483","0,5183","0,3380","0,5117","0,3586",thumbnail_grossTrial,thumbnail_grossTrial.png,1245.0,1080.0,337.0,0.0,798.0,692.0,Fixation,550.0,42.0,980.0,367.0,"0,5160","0,3399",,
25638,17735466,1400457006753,Eye Tracker,Participant0058,17.09.2021,Participant0058,Recording4,17.09.2021,17.09.2021,14:48:45.713,12:48:45.713,64514,Timeline2,Tobii I-VT (Fixation),1.145.28180,1080,1920,"10,00",685599523.0,,,975.0,373.0,976.0,359.0,973.0,387.0,"0,06501","-0,00421","-0,99788","-0,04953","0,01099","-0,99871",,,Valid,Valid,"233,8","100,4","516,7","292,2","100,3","514,5","267,5","98,3","266,7","106,0","0,5118","0,3455","0,5129","0,3325","0,5106","0,3585",thumbnail_grossTrial,thumbnail_grossTrial.png,1245.0,1080.0,337.0,0.0,798.0,692.0,Fixation,550.0,42.0,980.0,367.0,"0,5160","0,3399",,
25639,17743797,1400457015084,Eye Tracker,Participant0058,17.09.2021,Participant0058,Recording4,17.09.2021,17.09.2021,14:48:45.713,12:48:45.713,64514,Timeline2,Tobii I-VT (Fixation),1.145.28180,1080,1920,"10,00",685607854.0,,,981.0,371.0,975.0,366.0,987.0,376.0,"0,06483","-0,00046","-0,99790","-0,04217","0,00529","-0,99910",,,Valid,Valid,"233,8","100,4","516,7","292,2","100,3","514,5","267,4","100,2","270,5","103,0","0,5170","0,3437","0,5124","0,3390","0,5216","0,3485",thumbnail_grossTrial,thumbnail_grossTrial.png,1245.0,1080.0,337.0,0.0,798.0,692.0,Fixation,550.0,42.0,980.0,367.0,"0,5160","0,3399",,
25640,17752137,1400457023424,Eye Tracker,Participant0058,17.09.2021,Participant0058,Recording4,17.09.2021,17.09.2021,14:48:45.713,12:48:45.713,64514,Timeline2,Tobii I-VT (Fixation),1.145.28180,1080,1920,"10,00",685616193.0,,,970.0,364.0,970.0,364.0,,,"0,06189","-0,00160","-0,99808",,,,"4,06",,Valid,Invalid,"233,8","100,3","516,8",,,,"265,9","99,5",,,"0,5080","0,3366","0,5080","0,3366",,,thumbnail_grossTrial,thumbnail_grossTrial.png,1245.0,1080.0,337.0,0.0,798.0,692.0,Fixation,550.0,42.0,980.0,367.0,"0,5160","0,3399",,
25641,17760454,1400457031741,Eye Tracker,Participant0058,17.09.2021,Participant0058,Recording4,17.09.2021,17.09.2021,14:48:45.713,12:48:45.713,64514,Timeline2,Tobii I-VT (Fixation),1.145.28180,1080,1920,"10,00",685624510.0,,,976.0,365.0,975.0,371.0,977.0,358.0,"0,06467","0,00240","-0,99790","-0,04746","-0,00423","-0,99886",,,Valid,Valid,"233,8","100,4","516,7","292,3","100,2","514,5","267,3","101,6","267,8","98,0","0,5131","0,3377","0,5124","0,3438","0,5138","0,3317",thumbnail_grossTrial,thumbnail_grossTrial.png,1245.0,1080.0,337.0,0.0,798.0,692.0,Fixation,550.0,42.0,980.0,367.0,"0,5160","0,3399",,
25642,17768777,1400457040064,Eye Tracker,Participant0058,17.09.2021,Participant0058,Recording4,17.09.2021,17.09.2021,14:48:45.713,12:48:45.713,64514,Timeline2,Tobii I-VT (Fixation),1.145.28180,1080,1920,"10,00",685632833.0,,,974.0,366.0,975.0,372.0,973.0,359.0,"0,06463","0,00278","-0,99791","-0,04968","-0,00371","-0,99876",,,Valid,Valid,"233,8","100,4","516,8","292,2","100,2","514,6","267,3","101,8","266,6","98,3","0,5112","0,3385","0,5121","0,3444","0,5103","0,3325",thumbnail_grossTrial,thumbnail_grossTrial.png,1245.0,1080.0,337.0,0.0,798.0,692.0,Fixation,550.0,42.0,980.0,367.0,"0,5160","0,3399",,
25643,17777107,1400457048394,Eye Tracker,Participant0058,17.09.2021,Participant0058,Recording4,17.09.2021,17.09.2021,14:48:45.713,12:48:45.713,64514,Timeline2,Tobii I-VT (Fixation),1.145.28180,1080,1920,"10,00",685641163.0,,,973.0,368.0,975.0,373.0,971.0,362.0,"0,06466","0,00369","-0,99790","-0,05070","-0,00182","-0,99871","4,06","4,09",Valid,Valid,"233,8","100,3","516,8","292,3","100,1","514,6","267,3","102,2","266,1","99,1","0,5106","0,3405","0,5123","0,3457","0,5089","0,3354",thumbnail_grossTrial,thumbnail_grossTrial.png,1245.0,1080.0,337.0,0.0,798.0,692.0,Fixation,550.0,42.0,980.0,367.0,"0,5160","0,3399",,
25644,17785462,1400457056749,Eye Tracker,Participant0058,17.09.2021,Participant0058,Recording4,17.09.2021,17.09.2021,14:48:45.713,12:48:45.713,64514,Timeline2,Tobii I-VT (Fixation),1.145.28180,1080,1920,"10,00",685649517.0,,,977.0,380.0,971.0,376.0,983.0,384.0,"0,06240","0,00480","-0,99804","-0,04445","0,00968","-0,99897",,,Valid,Valid,"233,8","100,3","516,8","292,3","100,2","514,6","266,2","102,8","269,4","105,1","0,5137","0,3518","0,5089","0,3479","0,5184","0,3558",thumbnail_grossTrial,thumbnail_grossTrial.png,1245.0,1080.0,337.0,0.0,798.0,692.0,Fixation,550.0,42.0,980.0,367.0,"0,5160","0,3399",,
25645,17793795,1400457065082,Eye Tracker,Participant0058,17.09.2021,Participant0058,Recording4,17.09.2021,17.09.2021,14:48:45.713,12:48:45.713,64514,Timeline2,Tobii I-VT (Fixation),1.145.28180,1080,1920,"10,00",685657850.0,,,975.0,378.0,972.0,367.0,977.0,390.0,"0,06321","0,00004","-0,99800","-0,04764","0,01266","-0,99878",,,Valid,Valid,"233,8","100,3","516,8","292,2","100,2","514,6","266,5","100,3","267,7","106,7","0,5117","0,3503","0,5100","0,3395","0,5134","0,3610",thumbnail_grossTrial,thumbnail_grossTrial.png,1245.0,1080.0,337.0,0.0,798.0,692.0,Fixation,550.0,42.0,980.0,367.0,"0,5160","0,3399",,
25646,17802125,1400457073412,Eye Tracker,Participant0058,17.09.2021,Participant0058,Recording4,17.09.2021,17.09.2021,14:48:45.713,12:48:45.713,64514,Timeline2,Tobii I-VT (Fixation),1.145.28180,1080,1920,"10,00",685666180.0,,,974.0,375.0,971.0,366.0,977.0,384.0,"0,06247","-0,00002","-0,99805","-0,04778","0,00969","-0,99881","4,06","4,23",Valid,Valid,"233,8","100,2","516,9","292,3","100,1","514,6","266,2","100,2","267,6","105,1","0,5111","0,3473","0,5089","0,3391","0,5133","0,3555",thumbnail_grossTrial,thumbnail_grossTrial.png,1245.0,1080.0,337.0,0.0,798.0,692.0,Fixation,550.0,42.0,980.0,367.0,"0,5160","0,3399",,
25647,17810430,1400457081717,Eye Tracker,Participant0058,17.09.2021,Participant0058,Recording4,17.09.2021,17.09.2021,14:48:45.713,12:48:45.713,64514,Timeline2,Tobii I-VT (Fixation),1.145.28180,1080,1920,"10,00",685674485.0,,,975.0,369.0,971.0,358.0,979.0,380.0,"0,06216","-0,00430","-0,99806","-0,04641","0,00748","-0,99889",,,Valid,Valid,"233,8","100,3","516,9","292,3","100,2","514,5","266,0","98,1","268,4","104,1","0,5120","0,3420","0,5086","0,3319","0,5154","0,3520",thumbnail_grossTrial,thumbnail_grossTrial.png,1245.0,1080.0,337.0,0.0,798.0,692.0,Fixation,550.0,42.0,980.0,367.0,"0,5160","0,3399",,
25648,17818797,1400457090084,Eye Tracker,Participant0058,17.09.2021,Participant0058,Recording4,17.09.2021,17.09.2021,14:48:45.713,12:48:45.713,64514,Timeline2,Tobii I-VT (Fixation),1.145.28180,1080,1920,"10,00",685682851.0,,,975.0,377.0,970.0,365.0,980.0,389.0,"0,06200","-0,00102","-0,99808","-0,04589","0,01192","-0,99888",,,Valid,Valid,"233,8","100,3","517,0","292,2","100,2","514,6","265,9","99,8","268,6","106,4","0,5121","0,3488","0,5081","0,3376","0,5160","0,3599",thumbnail_grossTrial,thumbnail_grossTrial.png,1245.0,1080.0,337.0,0.0,798.0,692.0,Fixation,550.0,42.0,980.0,367.0,"0,5160","0,3399",,
25649,17827125,1400457098412,Eye Tracker,Participant0058,17.09.2021,Participant0058,Recording4,17.09.2021,17.09.2021,14:48:45.713,12:48:45.713,64514,Timeline2,Tobii I-VT (Fixation),1.145.28180,1080,1920,"10,00",685691179.0,,,971.0,365.0,971.0,365.0,,,"0,06217","-0,00089","-0,99807",,,,"4,05",,Valid,Invalid,"233,8","100,2","517,1",,,,"266,0","99,8",,,"0,5085","0,3376","0,5085","0,3376",,,thumbnail_grossTrial,thumbnail_grossTrial.png,1245.0,1080.0,337.0,0.0,798.0,692.0,Fixation,550.0,42.0,980.0,367.0,"0,5160","0,3399",,
25650,17835472,1400457106759,Eye Tracker,Participant0058,17.09.2021,Participant0058,Recording4,17.09.2021,17.09.2021,14:48:45.713,12:48:45.713,64514,Timeline2,Tobii I-VT (Fixation),1.145.28180,1080,1920,"10,00",685699526.0,,,972.0,380.0,967.0,366.0,978.0,393.0,"0,06012","-0,00030","-0,99819","-0,04715","0,01430","-0,99879",,,Valid,Valid,"233,8","100,3","517,0","292,2","100,3","514,5","265,0","100,2","268,0","107,6","0,5098","0,3515","0,5054","0,3389","0,5142","0,3642",thumbnail_grossTrial,thumbnail_grossTrial.png,1245.0,1080.0,337.0,0.0,798.0,692.0,Fixation,550.0,42.0,980.0,367.0,"0,5160","0,3399",,
25651,17843763,1400457115050,Eye Tracker,Participant0058,17.09.2021,Participant0058,Recording4,17.09.2021,17.09.2021,14:48:45.713,12:48:45.713,64514,Timeline2,Tobii I-VT (Fixation),1.145.28180,1080,1920,"10,00",685707817.0,,,970.0,371.0,966.0,357.0,974.0,386.0,"0,05965","-0,00510","-0,99821","-0,04913","0,01009","-0,99874",,,Valid,Valid,"233,7","100,4","517,1","292,2","100,3","514,5","264,6","97,7","266,9","105,5","0,5078","0,3438","0,5045","0,3306","0,5110","0,3570",thumbnail_grossTrial,thumbnail_grossTrial.png,1245.0,1080.0,337.0,0.0,798.0,692.0,Saccade,42.0,65.0,,,,,,
25652,17852095,1400457123382,Eye Tracker,Participant0058,17.09.2021,Participant0058,Recording4,17.09.2021,17.09.2021,14:48:45.713,12:48:45.713,64514,Timeline2,Tobii I-VT (Fixation),1.145.28180,1080,1920,"10,00",685716148.0,,,955.0,370.0,952.0,359.0,958.0,382.0,"0,05280","-0,00427","-0,99860","-0,05722","0,00844","-0,99833","4,05","3,87",Valid,Valid,"233,7","100,3","517,2","292,1","100,3","514,6","261,0","98,1","262,6","104,7","0,4962","0,3430","0,4939","0,3320","0,4985","0,3541",thumbnail_grossTrial,thumbnail_grossTrial.png,1245.0,1080.0,337.0,0.0,798.0,692.0,Saccade,42.0,65.0,,,,,,
25653,17860460,1400457131747,Eye Tracker,Participant0058,17.09.2021,Participant0058,Recording4,17.09.2021,17.09.2021,14:48:45.713,12:48:45.713,64514,Timeline2,Tobii I-VT (Fixation),1.145.28180,1080,1920,"10,00",685724513.0,,,938.0,383.0,936.0,372.0,940.0,394.0,"0,04430","0,00287","-0,99901","-0,06660","0,01433","-0,99768",,,Valid,Valid,"233,6","100,4","517,1","292,0","100,4","514,5","256,6","101,9","257,6","107,8","0,4824","0,3548","0,4808","0,3449","0,4840","0,3647",thumbnail_grossTrial,thumbnail_grossTrial.png,1245.0,1080.0,337.0,0.0,798.0,692.0,Saccade,42.0,65.0,,,,,,
25654,17868768,1400457140055,Eye Tracker,Participant0058,17.09.2021,Participant0058,Recording4,17.09.2021,17.09.2021,14:48:45.713,12:48:45.713,64514,Timeline2,Tobii I-VT (Fixation),1.145.28180,1080,1920,"10,00",685732821.0,,,924.0,406.0,920.0,399.0,928.0,414.0,"0,03588","0,01659","-0,99922","-0,07267","0,02485","-0,99705",,,Valid,Valid,"233,5","100,5","517,2","291,9","100,4","514,5","252,1","109,1","254,4","113,3","0,4712","0,3761","0,4677","0,3691","0,4746","0,3832",thumbnail_grossTrial,thumbnail_grossTrial.png,1245.0,1080.0,337.0,0.0,798.0,692.0,Saccade,42.0,65.0,,,,,,
25655,17877090,1400457148377,Eye Tracker,Participant0058,17.09.2021,Participant0058,Recording4,17.09.2021,17.09.2021,14:48:45.713,12:48:45.713,64514,Timeline2,Tobii I-VT (Fixation),1.145.28180,1080,1920,"10,00",685741143.0,,,907.0,419.0,907.0,406.0,907.0,431.0,"0,02889","0,02052","-0,99937","-0,08402","0,03403","-0,99588","4,04","4,14",Valid,Valid,"233,6","100,5","517,2","292,0","100,4","514,5","248,5","111,1","248,6","118,0","0,4573","0,3875","0,4572","0,3759","0,4574","0,3992",thumbnail_grossTrial,thumbnail_grossTrial.png,1245.0,1080.0,337.0,0.0,798.0,692.0,Saccade,42.0,65.0,,,,,,
25656,17885425,1400457156712,Eye Tracker,Participant0058,17.09.2021,Participant0058,Recording4,17.09.2021,17.09.2021,14:48:45.713,12:48:45.713,64514,Timeline2,Tobii I-VT (Fixation),1.145.28180,1080,1920,"10,00",685749477.0,,,911.0,420.0,912.0,407.0,910.0,432.0,"0,03171","0,02093","-0,99928","-0,08226","0,03456","-0,99601",,,Valid,Valid,"233,6","100,5","517,1","292,0","100,5","514,4","250,0","111,4","249,5","118,3","0,4609","0,3886","0,4616","0,3768","0,4602","0,4004",thumbnail_grossTrial,thumbnail_grossTrial.png,1245.0,1080.0,337.0,0.0,798.0,692.0,Fixation,208.0,43.0,917.0,416.0,"0,4652","0,3851",,
25657,17893786,1400457165073,Eye Tracker,Participant0058,17.09.2021,Participant0058,Recording4,17.09.2021,17.09.2021,14:48:45.713,12:48:45.713,64514,Timeline2,Tobii I-VT (Fixation),1.145.28180,1080,1920,"10,00",685757838.0,,,913.0,416.0,913.0,403.0,914.0,430.0,"0,03207","0,01904","-0,99930","-0,08032","0,03304","-0,99622",,,Valid,Valid,"233,5","100,5","517,1","292,0","100,5","514,4","250,1","110,4","250,5","117,5","0,4625","0,3856","0,4620","0,3735","0,4630","0,3977",thumbnail_grossTrial,thumbnail_grossTrial.png,1245.0,1080.0,337.0,0.0,798.0,692.0,Fixation,208.0,43.0,917.0,416.0,"0,4652","0,3851",,
25658,17902089,1400457173376,Eye Tracker,Participant0058,17.09.2021,Participant0058,Recording4,17.09.2021,17.09.2021,14:48:45.713,12:48:45.713,64514,Timeline2,Tobii I-VT (Fixation),1.145.28180,1080,1920,"10,00",685766141.0,,,919.0,421.0,922.0,401.0,917.0,441.0,"0,03681","0,01810","-0,99916","-0,07894","0,03941","-0,99610","4,40","4,27",Valid,Valid,"233,6","100,5","517,1","292,0","100,4","514,4","252,6","109,9","251,2","120,7","0,4672","0,3901","0,4692","0,3717","0,4651","0,4085",thumbnail_grossTrial,thumbnail_grossTrial.png,1245.0,1080.0,337.0,0.0,798.0,692.0,Fixation,208.0,43.0,917.0,416.0,"0,4652","0,3851",,
25659,17910450,1400457181737,Eye Tracker,Participant0058,17.09.2021,Participant0058,Recording4,17.09.2021,17.09.2021,14:48:45.713,12:48:45.713,64514,Timeline2,Tobii I-VT (Fixation),1.145.28180,1080,1920,"10,00",685774502.0,,,924.0,401.0,923.0,400.0,926.0,402.0,"0,03719","0,01720","-0,99916","-0,07399","0,01834","-0,99709",,,Valid,Valid,"233,6","100,6","517,0","292,0","100,5","514,3","252,8","109,5","253,8","110,0","0,4714","0,3712","0,4699","0,3704","0,4728","0,3720",thumbnail_grossTrial,thumbnail_grossTrial.png,1245.0,1080.0,337.0,0.0,798.0,692.0,Fixation,208.0,43.0,917.0,416.0,"0,4652","0,3851",,
25660,17918794,1400457190081,Eye Tracker,Participant0058,17.09.2021,Participant0058,Recording4,17.09.2021,17.09.2021,14:48:45.713,12:48:45.713,64514,Timeline2,Tobii I-VT (Fixation),1.145.28180,1080,1920,"10,00",685782845.0,,,923.0,406.0,921.0,403.0,925.0,409.0,"0,03670","0,01871","-0,99915","-0,07433","0,02221","-0,99699",,,Valid,Valid,"233,5","100,6","517,0","292,0","100,5","514,4","252,5","110,3","253,6","111,9","0,4706","0,3759","0,4690","0,3730","0,4722","0,3787",thumbnail_grossTrial,thumbnail_grossTrial.png,1245.0,1080.0,337.0,0.0,798.0,692.0,Fixation,208.0,43.0,917.0,416.0,"0,4652","0,3851",,
25661,17927087,1400457198374,Eye Tracker,Participant0058,17.09.2021,Participant0058,Recording4,17.09.2021,17.09.2021,14:48:45.713,12:48:45.713,64514,Timeline2,Tobii I-VT (Fixation),1.145.28180,1080,1920,"10,00",685791138.0,,,920.0,416.0,921.0,405.0,918.0,426.0,"0,03656","0,01983","-0,99913","-0,07827","0,03155","-0,99643","4,27","4,32",Valid,Valid,"233,6","100,5","517,0","292,0","100,4","514,4","252,5","110,8","251,6","116,7","0,4676","0,3848","0,4689","0,3748","0,4663","0,3947",thumbnail_grossTrial,thumbnail_grossTrial.png,1245.0,1080.0,337.0,0.0,798.0,692.0,Fixation,208.0,43.0,917.0,416.0,"0,4652","0,3851",,
25662,17935421,1400457206708,Eye Tracker,Participant0058,17.09.2021,Participant0058,Recording4,17.09.2021,17.09.2021,14:48:45.713,12:48:45.713,64514,Timeline2,Tobii I-VT (Fixation),1.145.28180,1080,1920,"10,00",685799472.0,,,916.0,417.0,917.0,402.0,916.0,432.0,"0,03420","0,01845","-0,99924","-0,07936","0,03435","-0,99625",,,Valid,Valid,"233,6","100,6","517,0","292,0","100,4","514,4","251,3","110,1","251,0","118,1","0,4650","0,3861","0,4654","0,3725","0,4647","0,3997",thumbnail_grossTrial,thumbnail_grossTrial.png,1245.0,1080.0,337.0,0.0,798.0,692.0,Fixation,208.0,43.0,917.0,416.0,"0,4652","0,3851",,
25663,17943758,1400457215045,Eye Tracker,Participant0058,17.09.2021,Participant0058,Recording4,17.09.2021,17.09.2021,14:48:45.713,12:48:45.713,64514,Timeline2,Tobii I-VT (Fixation),1.145.28180,1080,1920,"10,00",685807809.0,,,919.0,414.0,920.0,400.0,918.0,429.0,"0,03609","0,01724","-0,99920","-0,07831","0,03300","-0,99638",,,Valid,Valid,"233,5","100,5","517,0","292,0","100,3","514,5","252,2","109,5","251,6","117,4","0,4671","0,3838","0,4681","0,3704","0,4662","0,3972",thumbnail_grossTrial,thumbnail_grossTrial.png,1245.0,1080.0,337.0,0.0,798.0,692.0,Fixation,208.0,43.0,917.0,416.0,"0,4652","0,3851",,
25664,17952085,1400457223372,Eye Tracker,Participant0058,17.09.2021,Participant0058,Recording4,17.09.2021,17.09.2021,14:48:45.713,12:48:45.713,64514,Timeline2,Tobii I-VT (Fixation),1.145.28180,1080,1920,"10,00",685816135.0,,,912.0,416.0,912.0,402.0,912.0,430.0,"0,03146","0,01835","-0,99934","-0,08169","0,03388","-0,99608","4,07","3,89",Valid,Valid,"233,6","100,5","517,0","292,0","100,2","514,7","249,8","110,0","249,8","117,7","0,4611","0,3852","0,4611","0,3721","0,4611","0,3983",thumbnail_grossTrial,thumbnail_grossTrial.png,1245.0,1080.0,337.0,0.0,798.0,692.0,Fixation,208.0,43.0,917.0,416.0,"0,4652","0,3851",,
25665,17960416,1400457231703,Eye Tracker,Participant0058,17.09.2021,Participant0058,Recording4,17.09.2021,17.09.2021,14:48:45.713,12:48:45.713,64514,Timeline2,Tobii I-VT (Fixation),1.145.28180,1080,1920,"10,00",685824466.0,,,912.0,418.0,916.0,405.0,908.0,431.0,"0,03366","0,02002","-0,99923","-0,08336","0,03431","-0,99593",,,Valid,Valid,"233,6","100,5","516,9","292,1","100,2","514,7","251,0","110,9","249,0","117,9","0,4616","0,3871","0,4646","0,3752","0,4586","0,3990",thumbnail_grossTrial,thumbnail_grossTrial.png,1245.0,1080.0,337.0,0.0,798.0,692.0,Fixation,208.0,43.0,917.0,416.0,"0,4652","0,3851",,
25666,17968755,1400457240042,Eye Tracker,Participant0058,17.09.2021,Participant0058,Recording4,17.09.2021,17.09.2021,14:48:45.713,12:48:45.713,64514,Timeline2,Tobii I-VT (Fixation),1.145.28180,1080,1920,"10,00",685832805.0,,,912.0,414.0,917.0,392.0,906.0,436.0,"0,03447","0,01310","-0,99932","-0,08448","0,03726","-0,99573",,,Valid,Valid,"233,5","100,5","516,9","292,0","100,1","514,9","251,4","107,3","248,3","119,4","0,4612","0,3835","0,4656","0,3630","0,4567","0,4040",thumbnail_grossTrial,thumbnail_grossTrial.png,1245.0,1080.0,337.0,0.0,798.0,692.0,Fixation,208.0,43.0,917.0,416.0,"0,4652","0,3851",,
25667,17977083,1400457248370,Eye Tracker,Participant0058,17.09.2021,Participant0058,Recording4,17.09.2021,17.09.2021,14:48:45.713,12:48:45.713,64514,Timeline2,Tobii I-VT (Fixation),1.145.28180,1080,1920,"10,00",685841133.0,,,916.0,417.0,921.0,397.0,911.0,437.0,"0,03639","0,01599","-0,99921","-0,08204","0,03776","-0,99591","4,09","4,35",Valid,Valid,"233,5","100,4","517,0","292,1","100,0","515,1","252,4","108,7","249,6","119,5","0,4645","0,3860","0,4685","0,3677","0,4605","0,4044",thumbnail_grossTrial,thumbnail_grossTrial.png,1245.0,1080.0,337.0,0.0,798.0,692.0,Fixation,208.0,43.0,917.0,416.0,"0,4652","0,3851",,
25668,17985416,1400457256703,Eye Tracker,Participant0058,17.09.2021,Participant0058,Recording4,17.09.2021,17.09.2021,14:48:45.713,12:48:45.713,64514,Timeline2,Tobii I-VT (Fixation),1.145.28180,1080,1920,"10,00",685849465.0,,,913.0,414.0,916.0,393.0,910.0,436.0,"0,03397","0,01359","-0,99933","-0,08228","0,03725","-0,99591",,,Valid,Valid,"233,6","100,5","516,9","292,1","100,0","515,2","251,2","107,5","249,5","119,2","0,4626","0,3836","0,4650","0,3638","0,4602","0,4035",thumbnail_grossTrial,thumbnail_grossTrial.png,1245.0,1080.0,337.0,0.0,798.0,692.0,Fixation,208.0,43.0,917.0,416.0,"0,4652","0,3851",,
25669,17993752,1400457265039,Eye Tracker,Participant0058,17.09.2021,Participant0058,Recording4,17.09.2021,17.09.2021,14:48:45.713,12:48:45.713,64514,Timeline2,Tobii I-VT (Fixation),1.145.28180,1080,1920,"10,00",685857801.0,,,917.0,405.0,913.0,396.0,920.0,415.0,"0,03246","0,01530","-0,99936","-0,07722","0,02636","-0,99667",,,Valid,Valid,"233,5","100,5","516,9","292,1","99,9","515,4","250,3","108,4","252,1","113,5","0,4652","0,3754","0,4625","0,3667","0,4678","0,3841",thumbnail_grossTrial,thumbnail_grossTrial.png,1245.0,1080.0,337.0,0.0,798.0,692.0,Fixation,208.0,43.0,917.0,416.0,"0,4652","0,3851",,
25670,18002121,1400457273408,Eye Tracker,Participant0058,17.09.2021,Participant0058,Recording4,17.09.2021,17.09.2021,14:48:45.713,12:48:45.713,64514,Timeline2,Tobii I-VT (Fixation),1.145.28180,1080,1920,"10,00",685866170.0,,,917.0,406.0,911.0,390.0,923.0,422.0,"0,03103","0,01248","-0,99944","-0,07583","0,03066","-0,99665","4,08","3,89",Valid,Valid,"233,5","100,4","517,0","292,1","99,7","515,5","249,6","106,9","252,8","115,6","0,4651","0,3763","0,4604","0,3615","0,4699","0,3910",thumbnail_grossTrial,thumbnail_grossTrial.png,1245.0,1080.0,337.0,0.0,798.0,692.0,Fixation,208.0,43.0,917.0,416.0,"0,4652","0,3851",,
25671,18010414,1400457281701,Eye Tracker,Participant0058,17.09.2021,Participant0058,Recording4,17.09.2021,17.09.2021,14:48:45.713,12:48:45.713,64514,Timeline2,Tobii I-VT (Fixation),1.145.28180,1080,1920,"10,00",685874463.0,,,920.0,411.0,917.0,404.0,923.0,418.0,"0,03435","0,01976","-0,99921","-0,07555","0,02820","-0,99674",,,Valid,Valid,"233,6","100,5","516,9","292,1","99,8","515,6","251,3","110,7","253,0","114,4","0,4680","0,3807","0,4655","0,3745","0,4705","0,3869",thumbnail_grossTrial,thumbnail_grossTrial.png,1245.0,1080.0,337.0,0.0,798.0,692.0,Fixation,208.0,43.0,917.0,416.0,"0,4652","0,3851",,
25672,18018790,1400457290077,Eye Tracker,Participant0058,17.09.2021,Participant0058,Recording4,17.09.2021,17.09.2021,14:48:45.713,12:48:45.713,64514,Timeline2,Tobii I-VT (Fixation),1.145.28180,1080,1920,"10,00",685882838.0,,,914.0,424.0,917.0,413.0,912.0,435.0,"0,03427","0,02426","-0,99912","-0,08127","0,03726","-0,99600",,,Valid,Valid,"233,5","100,5","517,0","292,1","99,7","515,8","251,2","113,0","250,0","119,0","0,4634","0,3925","0,4652","0,3823","0,4616","0,4027",thumbnail_grossTrial,thumbnail_grossTrial.png,1245.0,1080.0,337.0,0.0,798.0,692.0,Fixation,208.0,43.0,917.0,416.0,"0,4652","0,3851",,
25673,18027088,1400457298375,Eye Tracker,Participant0058,17.09.2021,Participant0058,Recording4,17.09.2021,17.09.2021,14:48:45.713,12:48:45.713,64514,Timeline2,Tobii I-VT (Fixation),1.145.28180,1080,1920,"10,00",685891136.0,,,920.0,420.0,927.0,409.0,913.0,430.0,"0,03949","0,02250","-0,99897","-0,08114","0,03504","-0,99609","4,54","4,40",Valid,Valid,"233,5","100,4","517,0","292,1","99,6","515,9","254,0","112,0","250,1","117,8","0,4676","0,3888","0,4732","0,3791","0,4619","0,3985",thumbnail_grossTrial,thumbnail_grossTrial.png,1245.0,1080.0,337.0,0.0,798.0,692.0,Fixation,208.0,43.0,917.0,416.0,"0,4652","0,3851",,
25674,18035411,1400457306698,Eye Tracker,Participant0058,17.09.2021,Participant0058,Recording4,17.09.2021,17.09.2021,14:48:45.713,12:48:45.713,64514,Timeline2,Tobii I-VT (Fixation),1.145.28180,1080,1920,"10,00",685899459.0,,,920.0,421.0,927.0,403.0,913.0,439.0,"0,03972","0,01896","-0,99903","-0,08091","0,03934","-0,99594",,,Valid,Valid,"233,6","100,5","517,0","292,2","99,7","515,9","254,1","110,3","250,2","120,0","0,4680","0,3897","0,4737","0,3732","0,4623","0,4062",thumbnail_grossTrial,thumbnail_grossTrial.png,1245.0,1080.0,337.0,0.0,798.0,692.0,Fixation,208.0,43.0,917.0,416.0,"0,4652","0,3851",,
25675,18043746,1400457315033,Eye Tracker,Participant0058,17.09.2021,Participant0058,Recording4,17.09.2021,17.09.2021,14:48:45.713,12:48:45.713,64514,Timeline2,Tobii I-VT (Fixation),1.145.28180,1080,1920,"10,00",685907794.0,,,922.0,420.0,929.0,405.0,915.0,435.0,"0,04082","0,01976","-0,99897","-0,07971","0,03752","-0,99611",,,Valid,Valid,"233,5","100,5","517,0","292,1","99,6","516,1","254,6","110,7","250,8","119,1","0,4696","0,3887","0,4752","0,3745","0,4640","0,4029",thumbnail_grossTrial,thumbnail_grossTrial.png,1245.0,1080.0,337.0,0.0,798.0,692.0,Fixation,208.0,43.0,917.0,416.0,"0,4652","0,3851",,
25676,18052076,1400457323363,Eye Tracker,Participant0058,17.09.2021,Participant0058,Recording4,17.09.2021,17.09.2021,14:48:45.713,12:48:45.713,64514,Timeline2,Tobii I-VT (Fixation),1.145.28180,1080,1920,"10,00",685916123.0,,,917.0,421.0,921.0,412.0,912.0,431.0,"0,03675","0,02401","-0,99904","-0,08124","0,03523","-0,99607","4,11","3,95",Valid,Valid,"233,5","100,4","517,0","292,2","99,6","516,1","252,5","112,8","250,1","117,8","0,4654","0,3902","0,4691","0,3818","0,4618","0,3987",thumbnail_grossTrial,thumbnail_grossTrial.png,1245.0,1080.0,337.0,0.0,798.0,692.0,Fixation,208.0,43.0,917.0,416.0,"0,4652","0,3851",,
25677,18060443,1400457331730,Eye Tracker,Participant0058,17.09.2021,Participant0058,Recording4,17.09.2021,17.09.2021,14:48:45.713,12:48:45.713,64514,Timeline2,Tobii I-VT (Fixation),1.145.28180,1080,1920,"10,00",685924490.0,,,917.0,420.0,918.0,416.0,915.0,424.0,"0,03473","0,02596","-0,99906","-0,07970","0,03147","-0,99632",,,Valid,Valid,"233,6","100,5","516,9","292,2","99,6","516,1","251,6","113,9","250,9","115,9","0,4652","0,3889","0,4662","0,3855","0,4642","0,3923",thumbnail_grossTrial,thumbnail_grossTrial.png,1245.0,1080.0,337.0,0.0,798.0,692.0,Fixation,208.0,43.0,917.0,416.0,"0,4652","0,3851",,
25678,18068792,1400457340079,Eye Tracker,Participant0058,17.09.2021,Participant0058,Recording4,17.09.2021,17.09.2021,14:48:45.713,12:48:45.713,64514,Timeline2,Tobii I-VT (Fixation),1.145.28180,1080,1920,"10,00",685932839.0,,,915.0,419.0,916.0,414.0,914.0,424.0,"0,03391","0,02475","-0,99912","-0,08021","0,03160","-0,99628",,,Valid,Valid,"233,5","100,5","516,9","292,1","99,6","516,2","251,1","113,3","250,6","116,0","0,4640","0,3880","0,4647","0,3835","0,4633","0,3924",thumbnail_grossTrial,thumbnail_grossTrial.png,1245.0,1080.0,337.0,0.0,798.0,692.0,Fixation,208.0,43.0,917.0,416.0,"0,4652","0,3851",,
25679,18077112,1400457348399,Eye Tracker,Participant0058,17.09.2021,Participant0058,Recording4,17.09.2021,17.09.2021,14:48:45.713,12:48:45.713,64514,Timeline2,Tobii I-VT (Fixation),1.145.28180,1080,1920,"10,00",685941158.0,,,913.0,420.0,915.0,414.0,911.0,426.0,"0,03308","0,02488","-0,99914","-0,08193","0,03283","-0,99610","4,11","3,95",Valid,Valid,"233,5","100,5","516,9","292,2","99,6","516,3","250,6","113,4","249,7","116,6","0,4621","0,3890","0,4635","0,3835","0,4608","0,3944",thumbnail_grossTrial,thumbnail_grossTrial.png,1245.0,1080.0,337.0,0.0,798.0,692.0,Fixation,208.0,43.0,917.0,416.0,"0,4652","0,3851",,
25680,18085411,1400457356698,Eye Tracker,Participant0058,17.09.2021,Participant0058,Recording4,17.09.2021,17.09.2021,14:48:45.713,12:48:45.713,64514,Timeline2,Tobii I-VT (Fixation),1.145.28180,1080,1920,"10,00",685949457.0,,,913.0,420.0,920.0,412.0,907.0,428.0,"0,03601","0,02354","-0,99907","-0,08442","0,03393","-0,99585",,,Valid,Valid,"233,6","100,6","516,8","292,2","99,6","516,3","252,2","112,8","248,5","117,2","0,4626","0,3891","0,4682","0,3816","0,4571","0,3966",thumbnail_grossTrial,thumbnail_grossTrial.png,1245.0,1080.0,337.0,0.0,798.0,692.0,Fixation,208.0,43.0,917.0,416.0,"0,4652","0,3851",,
25681,18093791,1400457365078,Eye Tracker,Participant0058,17.09.2021,Participant0058,Recording4,17.09.2021,17.09.2021,14:48:45.713,12:48:45.713,64514,Timeline2,Tobii I-VT (Fixation),1.145.28180,1080,1920,"10,00",685957837.0,,,921.0,424.0,928.0,418.0,914.0,430.0,"0,04006","0,02682","-0,99884","-0,08038","0,03458","-0,99616",,,Valid,Valid,"233,6","100,6","516,8","292,2","99,6","516,3","254,3","114,5","250,6","117,6","0,4687","0,3926","0,4743","0,3875","0,4632","0,3977",thumbnail_grossTrial,thumbnail_grossTrial.png,1245.0,1080.0,337.0,0.0,798.0,692.0,Saccade,17.0,66.0,,,,,,
25682,18102073,1400457373360,Eye Tracker,Participant0058,17.09.2021,Participant0058,Recording4,17.09.2021,17.09.2021,14:48:45.713,12:48:45.713,64514,Timeline2,Tobii I-VT (Fixation),1.145.28180,1080,1920,"10,00",685966119.0,,,935.0,430.0,946.0,426.0,925.0,434.0,"0,04946","0,03103","-0,99829","-0,07491","0,03724","-0,99650","4,58","3,97",Valid,Valid,"233,6","100,6","516,7","292,3","99,6","516,4","259,2","116,7","253,5","118,9","0,4802","0,3985","0,4887","0,3948","0,4717","0,4023",thumbnail_grossTrial,thumbnail_grossTrial.png,1245.0,1080.0,337.0,0.0,798.0,692.0,Saccade,17.0,66.0,,,,,,
25683,18110407,1400457381694,Eye Tracker,Participant0058,17.09.2021,Participant0058,Recording4,17.09.2021,17.09.2021,14:48:45.713,12:48:45.713,64514,Timeline2,Tobii I-VT (Fixation),1.145.28180,1080,1920,"10,00",685974452.0,,,950.0,436.0,956.0,434.0,944.0,438.0,"0,05455","0,03507","-0,99790","-0,06474","0,03886","-0,99715",,,Valid,Valid,"233,7","100,7","516,6","292,3","99,7","516,3","261,9","118,9","258,8","119,8","0,4919","0,4037","0,4965","0,4022","0,4873","0,4052",thumbnail_grossTrial,thumbnail_grossTrial.png,1245.0,1080.0,337.0,0.0,798.0,692.0,Fixation,358.0,44.0,945.0,435.0,"0,4878","0,4029",,
25684,18118754,1400457390041,Eye Tracker,Participant0058,17.09.2021,Participant0058,Recording4,17.09.2021,17.09.2021,14:48:45.713,12:48:45.713,64514,Timeline2,Tobii I-VT (Fixation),1.145.28180,1080,1920,"10,00",685982799.0,,,950.0,436.0,955.0,436.0,946.0,437.0,"0,05404","0,03572","-0,99790","-0,06356","0,03843","-0,99724",,,Valid,Valid,"233,6","100,7","516,6","292,2","99,6","516,4","261,6","119,2","259,3","119,5","0,4923","0,4039","0,4956","0,4034","0,4889","0,4044",thumbnail_grossTrial,thumbnail_grossTrial.png,1245.0,1080.0,337.0,0.0,798.0,692.0,Fixation,358.0,44.0,945.0,435.0,"0,4878","0,4029",,
25685,18127116,1400457398403,Eye Tracker,Participant0058,17.09.2021,Participant0058,Recording4,17.09.2021,17.09.2021,14:48:45.713,12:48:45.713,64514,Timeline2,Tobii I-VT (Fixation),1.145.28180,1080,1920,"10,00",685991161.0,,,947.0,434.0,945.0,431.0,949.0,436.0,"0,04900","0,03360","-0,99823","-0,06230","0,03836","-0,99732","4,12","4,35",Valid,Valid,"233,7","100,7","516,5","292,3","99,5","516,4","259,0","118,1","260,0","119,4","0,4895","0,4017","0,4880","0,3994","0,4910","0,4040",thumbnail_grossTrial,thumbnail_grossTrial.png,1245.0,1080.0,337.0,0.0,798.0,692.0,Fixation,358.0,44.0,945.0,435.0,"0,4878","0,4029",,
25686,18135403,1400457406690,Eye Tracker,Participant0058,17.09.2021,Participant0058,Recording4,17.09.2021,17.09.2021,14:48:45.713,12:48:45.713,64514,Timeline2,Tobii I-VT (Fixation),1.145.28180,1080,1920,"10,00",685999448.0,,,943.0,439.0,945.0,432.0,941.0,445.0,"0,04870","0,03404","-0,99823","-0,06653","0,04297","-0,99686",,,Valid,Valid,"233,7","100,7","516,4","292,3","99,6","516,3","258,9","118,3","257,9","121,8","0,4861","0,4063","0,4877","0,4004","0,4846","0,4122",thumbnail_grossTrial,thumbnail_grossTrial.png,1245.0,1080.0,337.0,0.0,798.0,692.0,Fixation,358.0,44.0,945.0,435.0,"0,4878","0,4029",,
25687,18143780,1400457415067,Eye Tracker,Participant0058,17.09.2021,Participant0058,Recording4,17.09.2021,17.09.2021,14:48:45.713,12:48:45.713,64514,Timeline2,Tobii I-VT (Fixation),1.145.28180,1080,1920,"10,00",686007824.0,,,941.0,440.0,942.0,433.0,941.0,447.0,"0,04726","0,03413","-0,99830","-0,06653","0,04407","-0,99681",,,Valid,Valid,"233,7","100,7","516,4","292,3","99,6","516,4","258,1","118,4","257,8","122,4","0,4849","0,4073","0,4853","0,4006","0,4845","0,4141",thumbnail_grossTrial,thumbnail_grossTrial.png,1245.0,1080.0,337.0,0.0,798.0,692.0,Fixation,358.0,44.0,945.0,435.0,"0,4878","0,4029",,
25688,18152070,1400457423357,Eye Tracker,Participant0058,17.09.2021,Participant0058,Recording4,17.09.2021,17.09.2021,14:48:45.713,12:48:45.713,64514,Timeline2,Tobii I-VT (Fixation),1.145.28180,1080,1920,"10,00",686016114.0,,,940.0,442.0,940.0,431.0,940.0,453.0,"0,04627","0,03364","-0,99836","-0,06677","0,04742","-0,99664","4,15","4,24",Valid,Valid,"233,7","100,7","516,4","292,3","99,5","516,4","257,6","118,1","257,7","124,1","0,4841","0,4096","0,4839","0,3995","0,4842","0,4197",thumbnail_grossTrial,thumbnail_grossTrial.png,1245.0,1080.0,337.0,0.0,798.0,692.0,Fixation,358.0,44.0,945.0,435.0,"0,4878","0,4029",,
25689,18160401,1400457431688,Eye Tracker,Participant0058,17.09.2021,Participant0058,Recording4,17.09.2021,17.09.2021,14:48:45.713,12:48:45.713,64514,Timeline2,Tobii I-VT (Fixation),1.145.28180,1080,1920,"10,00",686024445.0,,,939.0,441.0,935.0,432.0,942.0,450.0,"0,04377","0,03372","-0,99847","-0,06582","0,04581","-0,99678",,,Valid,Valid,"233,7","100,7","516,4","292,3","99,5","516,4","256,4","118,1","258,2","123,2","0,4830","0,4083","0,4802","0,3997","0,4857","0,4170",thumbnail_grossTrial,thumbnail_grossTrial.png,1245.0,1080.0,337.0,0.0,798.0,692.0,Fixation,358.0,44.0,945.0,435.0,"0,4878","0,4029",,
25690,18168776,1400457440063,Eye Tracker,Participant0058,17.09.2021,Participant0058,Recording4,17.09.2021,17.09.2021,14:48:45.713,12:48:45.713,64514,Timeline2,Tobii I-VT (Fixation),1.145.28180,1080,1920,"10,00",686032820.0,,,938.0,443.0,937.0,432.0,939.0,455.0,"0,04481","0,03380","-0,99842","-0,06742","0,04808","-0,99657",,,Valid,Valid,"233,7","100,7","516,4","292,3","99,5","516,4","256,8","118,1","257,3","124,4","0,4824","0,4103","0,4816","0,3997","0,4831","0,4209",thumbnail_grossTrial,thumbnail_grossTrial.png,1245.0,1080.0,337.0,0.0,798.0,692.0,Fixation,358.0,44.0,945.0,435.0,"0,4878","0,4029",,
25691,18177070,1400457448357,Eye Tracker,Participant0058,17.09.2021,Participant0058,Recording4,17.09.2021,17.09.2021,14:48:45.713,12:48:45.713,64514,Timeline2,Tobii I-VT (Fixation),1.145.28180,1080,1920,"10,00",686041113.0,,,938.0,441.0,936.0,430.0,940.0,452.0,"0,04428","0,03330","-0,99846","-0,06719","0,04684","-0,99664","4,13","4,34",Valid,Valid,"233,7","100,6","516,5","292,3","99,4","516,5","256,6","117,8","257,5","123,7","0,4823","0,4085","0,4809","0,3986","0,4836","0,4184",thumbnail_grossTrial,thumbnail_grossTrial.png,1245.0,1080.0,337.0,0.0,798.0,692.0,Fixation,358.0,44.0,945.0,435.0,"0,4878","0,4029",,
25692,18185493,1400457456780,Eye Tracker,Participant0058,17.09.2021,Participant0058,Recording4,17.09.2021,17.09.2021,14:48:45.713,12:48:45.713,64514,Timeline2,Tobii I-VT (Fixation),1.145.28180,1080,1920,"10,00",686049536.0,,,941.0,439.0,941.0,430.0,941.0,448.0,"0,04652","0,03279","-0,99838","-0,06646","0,04486","-0,99678",,,Valid,Valid,"233,7","100,6","516,5","292,3","99,4","516,4","257,8","117,6","257,9","122,7","0,4846","0,4064","0,4844","0,3977","0,4848","0,4151",thumbnail_grossTrial,thumbnail_grossTrial.png,1245.0,1080.0,337.0,0.0,798.0,692.0,Fixation,358.0,44.0,945.0,435.0,"0,4878","0,4029",,
25693,18193772,1400457465059,Eye Tracker,Participant0058,17.09.2021,Participant0058,Recording4,17.09.2021,17.09.2021,14:48:45.713,12:48:45.713,64514,Timeline2,Tobii I-VT (Fixation),1.145.28180,1080,1920,"10,00",686057815.0,,,942.0,435.0,941.0,426.0,944.0,445.0,"0,04691","0,03105","-0,99842","-0,06481","0,04296","-0,99697",,,Valid,Valid,"233,6","100,6","516,6","292,3","99,4","516,5","257,9","116,6","258,7","121,7","0,4859","0,4031","0,4848","0,3946","0,4871","0,4117",thumbnail_grossTrial,thumbnail_grossTrial.png,1245.0,1080.0,337.0,0.0,798.0,692.0,Fixation,358.0,44.0,945.0,435.0,"0,4878","0,4029",,
25694,18202063,1400457473350,Eye Tracker,Participant0058,17.09.2021,Participant0058,Recording4,17.09.2021,17.09.2021,14:48:45.713,12:48:45.713,64514,Timeline2,Tobii I-VT (Fixation),1.145.28180,1080,1920,"10,00",686066106.0,,,942.0,432.0,942.0,427.0,942.0,436.0,"0,04738","0,03169","-0,99837","-0,06603","0,03851","-0,99707","4,16","4,42",Valid,Valid,"233,7","100,5","516,8","292,3","99,4","516,5","258,2","116,9","258,1","119,3","0,4855","0,3996","0,4856","0,3955","0,4853","0,4037",thumbnail_grossTrial,thumbnail_grossTrial.png,1245.0,1080.0,337.0,0.0,798.0,692.0,Fixation,358.0,44.0,945.0,435.0,"0,4878","0,4029",,
25695,18210437,1400457481724,Eye Tracker,Participant0058,17.09.2021,Participant0058,Recording4,17.09.2021,17.09.2021,14:48:45.713,12:48:45.713,64514,Timeline2,Tobii I-VT (Fixation),1.145.28180,1080,1920,"10,00",686074479.0,,,941.0,431.0,942.0,427.0,940.0,434.0,"0,04760","0,03177","-0,99836","-0,06700","0,03741","-0,99705",,,Valid,Valid,"233,7","100,5","516,8","292,3","99,4","516,5","258,3","117,0","257,6","118,8","0,4849","0,3988","0,4859","0,3957","0,4839","0,4019",thumbnail_grossTrial,thumbnail_grossTrial.png,1245.0,1080.0,337.0,0.0,798.0,692.0,Fixation,358.0,44.0,945.0,435.0,"0,4878","0,4029",,
25696,18218740,1400457490027,Eye Tracker,Participant0058,17.09.2021,Participant0058,Recording4,17.09.2021,17.09.2021,14:48:45.713,12:48:45.713,64514,Timeline2,Tobii I-VT (Fixation),1.145.28180,1080,1920,"10,00",686082782.0,,,941.0,432.0,943.0,430.0,939.0,434.0,"0,04794","0,03341","-0,99829","-0,06757","0,03758","-0,99701",,,Valid,Valid,"233,6","100,5","516,9","292,3","99,4","516,5","258,4","117,8","257,2","118,9","0,4846","0,4004","0,4863","0,3986","0,4828","0,4022",thumbnail_grossTrial,thumbnail_grossTrial.png,1245.0,1080.0,337.0,0.0,798.0,692.0,Fixation,358.0,44.0,945.0,435.0,"0,4878","0,4029",,
25697,18227101,1400457498388,Eye Tracker,Participant0058,17.09.2021,Participant0058,Recording4,17.09.2021,17.09.2021,14:48:45.713,12:48:45.713,64514,Timeline2,Tobii I-VT (Fixation),1.145.28180,1080,1920,"10,00",686091143.0,,,946.0,434.0,953.0,428.0,938.0,439.0,"0,05334","0,03228","-0,99805","-0,06786","0,04019","-0,99689","4,49","3,98",Valid,Valid,"233,6","100,5","517,0","292,3","99,4","516,6","261,2","117,2","257,1","120,2","0,4885","0,4016","0,4945","0,3964","0,4825","0,4067",thumbnail_grossTrial,thumbnail_grossTrial.png,1245.0,1080.0,337.0,0.0,798.0,692.0,Fixation,358.0,44.0,945.0,435.0,"0,4878","0,4029",,
25698,18235399,1400457506686,Eye Tracker,Participant0058,17.09.2021,Participant0058,Recording4,17.09.2021,17.09.2021,14:48:45.713,12:48:45.713,64514,Timeline2,Tobii I-VT (Fixation),1.145.28180,1080,1920,"10,00",686099441.0,,,948.0,438.0,957.0,434.0,938.0,441.0,"0,05525","0,03545","-0,99784","-0,06785","0,04114","-0,99685",,,Valid,Valid,"233,6","100,5","517,0","292,3","99,5","516,5","262,3","118,8","257,1","120,8","0,4900","0,4053","0,4975","0,4020","0,4825","0,4086",thumbnail_grossTrial,thumbnail_grossTrial.png,1245.0,1080.0,337.0,0.0,798.0,692.0,Fixation,358.0,44.0,945.0,435.0,"0,4878","0,4029",,
25699,18243736,1400457515023,Eye Tracker,Participant0058,17.09.2021,Participant0058,Recording4,17.09.2021,17.09.2021,14:48:45.713,12:48:45.713,64514,Timeline2,Tobii I-VT (Fixation),1.145.28180,1080,1920,"10,00",686107777.0,,,950.0,437.0,962.0,430.0,937.0,443.0,"0,05795","0,03310","-0,99777","-0,06826","0,04219","-0,99678",,,Valid,Valid,"233,6","100,5","517,1","292,2","99,5","516,5","263,6","117,6","256,9","121,3","0,4916","0,4043","0,5015","0,3980","0,4817","0,4105",thumbnail_grossTrial,thumbnail_grossTrial.png,1245.0,1080.0,337.0,0.0,798.0,692.0,Fixation,358.0,44.0,945.0,435.0,"0,4878","0,4029",,
25700,18252060,1400457523347,Eye Tracker,Participant0058,17.09.2021,Participant0058,Recording4,17.09.2021,17.09.2021,14:48:45.713,12:48:45.713,64514,Timeline2,Tobii I-VT (Fixation),1.145.28180,1080,1920,"10,00",686116101.0,,,947.0,434.0,952.0,431.0,943.0,438.0,"0,05287","0,03371","-0,99803","-0,06554","0,03924","-0,99708","4,20","4,40",Valid,Valid,"233,6","100,4","517,2","292,3","99,4","516,6","261,0","117,9","258,3","119,8","0,4899","0,4020","0,4938","0,3989","0,4860","0,4052",thumbnail_grossTrial,thumbnail_grossTrial.png,1245.0,1080.0,337.0,0.0,798.0,692.0,Fixation,358.0,44.0,945.0,435.0,"0,4878","0,4029",,
25701,18260431,1400457531718,Eye Tracker,Participant0058,17.09.2021,Participant0058,Recording4,17.09.2021,17.09.2021,14:48:45.713,12:48:45.713,64514,Timeline2,Tobii I-VT (Fixation),1.145.28180,1080,1920,"10,00",686124472.0,,,946.0,432.0,950.0,426.0,942.0,438.0,"0,05154","0,03127","-0,99818","-0,06570","0,03956","-0,99706",,,Valid,Valid,"233,6","100,5","517,2","292,3","99,5","516,5","260,3","116,7","258,3","120,0","0,4889","0,4003","0,4919","0,3947","0,4858","0,4059",thumbnail_grossTrial,thumbnail_grossTrial.png,1245.0,1080.0,337.0,0.0,798.0,692.0,Fixation,358.0,44.0,945.0,435.0,"0,4878","0,4029",,
25702,18268821,1400457540108,Eye Tracker,Participant0058,17.09.2021,Participant0058,Recording4,17.09.2021,17.09.2021,14:48:45.713,12:48:45.713,64514,Timeline2,Tobii I-VT (Fixation),1.145.28180,1080,1920,"10,00",686132862.0,,,948.0,432.0,949.0,432.0,946.0,433.0,"0,05103","0,03423","-0,99811","-0,06345","0,03648","-0,99732",,,Valid,Valid,"233,6","100,4","517,4","292,2","99,5","516,5","260,0","118,2","259,4","118,4","0,4900","0,4002","0,4910","0,3998","0,4891","0,4005",thumbnail_grossTrial,thumbnail_grossTrial.png,1245.0,1080.0,337.0,0.0,798.0,692.0,Fixation,358.0,44.0,945.0,435.0,"0,4878","0,4029",,
25703,18277096,1400457548383,Eye Tracker,Participant0058,17.09.2021,Participant0058,Recording4,17.09.2021,17.09.2021,14:48:45.713,12:48:45.713,64514,Timeline2,Tobii I-VT (Fixation),1.145.28180,1080,1920,"10,00",686141136.0,,,946.0,434.0,951.0,432.0,942.0,437.0,"0,05196","0,03443","-0,99806","-0,06591","0,03875","-0,99707","4,18","4,00",Valid,Valid,"233,6","100,3","517,5","292,3","99,4","516,6","260,5","118,2","258,1","119,5","0,4890","0,4021","0,4925","0,3999","0,4855","0,4043",thumbnail_grossTrial,thumbnail_grossTrial.png,1245.0,1080.0,337.0,0.0,798.0,692.0,Fixation,358.0,44.0,945.0,435.0,"0,4878","0,4029",,
25704,18285419,1400457556706,Eye Tracker,Participant0058,17.09.2021,Participant0058,Recording4,17.09.2021,17.09.2021,14:48:45.713,12:48:45.713,64514,Timeline2,Tobii I-VT (Fixation),1.145.28180,1080,1920,"10,00",686149459.0,,,945.0,432.0,949.0,429.0,942.0,436.0,"0,05103","0,03267","-0,99816","-0,06598","0,03852","-0,99708",,,Valid,Valid,"233,6","100,3","517,5","292,3","99,5","516,5","260,1","117,3","258,1","119,4","0,4883","0,4004","0,4911","0,3968","0,4854","0,4041",thumbnail_grossTrial,thumbnail_grossTrial.png,1245.0,1080.0,337.0,0.0,798.0,692.0,Fixation,358.0,44.0,945.0,435.0,"0,4878","0,4029",,
25705,18293727,1400457565014,Eye Tracker,Participant0058,17.09.2021,Participant0058,Recording4,17.09.2021,17.09.2021,14:48:45.713,12:48:45.713,64514,Timeline2,Tobii I-VT (Fixation),1.145.28180,1080,1920,"10,00",686157767.0,,,944.0,432.0,948.0,422.0,941.0,442.0,"0,05081","0,02910","-0,99828","-0,06650","0,04149","-0,99692",,,Valid,Valid,"233,6","100,3","517,6","292,2","99,4","516,5","259,9","115,4","257,8","120,9","0,4875","0,3998","0,4906","0,3904","0,4844","0,4092",thumbnail_grossTrial,thumbnail_grossTrial.png,1245.0,1080.0,337.0,0.0,798.0,692.0,Fixation,358.0,44.0,945.0,435.0,"0,4878","0,4029",,
25706,18302055,1400457573342,Eye Tracker,Participant0058,17.09.2021,Participant0058,Recording4,17.09.2021,17.09.2021,14:48:45.713,12:48:45.713,64514,Timeline2,Tobii I-VT (Fixation),1.145.28180,1080,1920,"10,00",686166095.0,,,949.0,429.0,956.0,415.0,941.0,442.0,"0,05499","0,02596","-0,99815","-0,06615","0,04154","-0,99694","4,51","3,99",Valid,Valid,"233,6","100,2","517,8","292,3","99,4","516,6","262,1","113,7","258,0","120,9","0,4910","0,3968","0,4970","0,3845","0,4851","0,4091",thumbnail_grossTrial,thumbnail_grossTrial.png,1245.0,1080.0,337.0,0.0,798.0,692.0,Fixation,358.0,44.0,945.0,435.0,"0,4878","0,4029",,
25707,18310426,1400457581713,Eye Tracker,Participant0058,17.09.2021,Participant0058,Recording4,17.09.2021,17.09.2021,14:48:45.713,12:48:45.713,64514,Timeline2,Tobii I-VT (Fixation),1.145.28180,1080,1920,"10,00",686174465.0,,,947.0,429.0,951.0,419.0,943.0,439.0,"0,05238","0,02807","-0,99823","-0,06543","0,03971","-0,99707",,,Valid,Valid,"233,6","100,2","517,8","292,3","99,4","516,5","260,8","114,7","258,4","120,0","0,4896","0,3971","0,4931","0,3881","0,4862","0,4060",thumbnail_grossTrial,thumbnail_grossTrial.png,1245.0,1080.0,337.0,0.0,798.0,692.0,Fixation,358.0,44.0,945.0,435.0,"0,4878","0,4029",,
25708,18318766,1400457590053,Eye Tracker,Participant0058,17.09.2021,Participant0058,Recording4,17.09.2021,17.09.2021,14:48:45.713,12:48:45.713,64514,Timeline2,Tobii I-VT (Fixation),1.145.28180,1080,1920,"10,00",686182805.0,,,950.0,431.0,952.0,422.0,949.0,441.0,"0,05302","0,02934","-0,99816","-0,06228","0,04118","-0,99721",,,Valid,Valid,"233,5","100,1","517,9","292,2","99,4","516,5","261,0","115,4","260,0","120,7","0,4923","0,3994","0,4939","0,3903","0,4908","0,4085",thumbnail_grossTrial,thumbnail_grossTrial.png,1245.0,1080.0,337.0,0.0,798.0,692.0,Fixation,358.0,44.0,945.0,435.0,"0,4878","0,4029",,
25709,18327110,1400457598397,Eye Tracker,Participant0058,17.09.2021,Participant0058,Recording4,17.09.2021,17.09.2021,14:48:45.713,12:48:45.713,64514,Timeline2,Tobii I-VT (Fixation),1.145.28180,1080,1920,"10,00",686191149.0,,,950.0,436.0,950.0,429.0,949.0,442.0,"0,05180","0,03370","-0,99809","-0,06216","0,04186","-0,99719","4,49","3,99",Valid,Valid,"233,5","100,0","518,0","292,3","99,4","516,5","260,4","117,5","260,1","121,0","0,4916","0,4036","0,4922","0,3977","0,4911","0,4096",thumbnail_grossTrial,thumbnail_grossTrial.png,1245.0,1080.0,337.0,0.0,798.0,692.0,Fixation,358.0,44.0,945.0,435.0,"0,4878","0,4029",,
25710,18335387,1400457606674,Eye Tracker,Participant0058,17.09.2021,Participant0058,Recording4,17.09.2021,17.09.2021,14:48:45.713,12:48:45.713,64514,Timeline2,Tobii I-VT (Fixation),1.145.28180,1080,1920,"10,00",686199426.0,,,951.0,437.0,952.0,425.0,951.0,449.0,"0,05272","0,03127","-0,99812","-0,06133","0,04537","-0,99709",,,Valid,Valid,"233,6","100,1","518,0","292,3","99,4","516,3","260,9","116,3","260,5","122,9","0,4930","0,4046","0,4937","0,3934","0,4924","0,4158",thumbnail_grossTrial,thumbnail_grossTrial.png,1245.0,1080.0,337.0,0.0,798.0,692.0,Fixation,358.0,44.0,945.0,435.0,"0,4878","0,4029",,
25711,18343798,1400457615085,Eye Tracker,Participant0058,17.09.2021,Participant0058,Recording4,17.09.2021,17.09.2021,14:48:45.713,12:48:45.713,64514,Timeline2,Tobii I-VT (Fixation),1.145.28180,1080,1920,"10,00",686207836.0,,,948.0,437.0,951.0,431.0,945.0,443.0,"0,05211","0,03455","-0,99804","-0,06417","0,04187","-0,99706",,,Valid,Valid,"233,5","100,0","518,1","292,2","99,4","516,3","260,6","118,0","259,0","121,1","0,4902","0,4044","0,4925","0,3991","0,4879","0,4098",thumbnail_grossTrial,thumbnail_grossTrial.png,1245.0,1080.0,337.0,0.0,798.0,692.0,Fixation,358.0,44.0,945.0,435.0,"0,4878","0,4029",,
25712,18352082,1400457623369,Eye Tracker,Participant0058,17.09.2021,Participant0058,Recording4,17.09.2021,17.09.2021,14:48:45.713,12:48:45.713,64514,Timeline2,Tobii I-VT (Fixation),1.145.28180,1080,1920,"10,00",686216120.0,,,949.0,432.0,947.0,422.0,950.0,442.0,"0,05029","0,02986","-0,99829","-0,06139","0,04191","-0,99723","4,19","4,41",Valid,Valid,"233,5","100,0","518,2","292,3","99,4","516,3","259,6","115,5","260,5","121,1","0,4911","0,4002","0,4898","0,3907","0,4923","0,4097",thumbnail_grossTrial,thumbnail_grossTrial.png,1245.0,1080.0,337.0,0.0,798.0,692.0,Fixation,358.0,44.0,945.0,435.0,"0,4878","0,4029",,
25713,18360386,1400457631673,Eye Tracker,Participant0058,17.09.2021,Participant0058,Recording4,17.09.2021,17.09.2021,14:48:45.713,12:48:45.713,64514,Timeline2,Tobii I-VT (Fixation),1.145.28180,1080,1920,"10,00",686224424.0,,,944.0,433.0,942.0,426.0,945.0,440.0,"0,04743","0,03191","-0,99836","-0,06427","0,04069","-0,99710",,,Valid,Valid,"233,6","100,0","518,1","292,3","99,5","516,2","258,2","116,5","259,0","120,5","0,4868","0,4011","0,4856","0,3943","0,4880","0,4078",thumbnail_grossTrial,thumbnail_grossTrial.png,1245.0,1080.0,337.0,0.0,798.0,692.0,Fixation,358.0,44.0,945.0,435.0,"0,4878","0,4029",,
25714,18368735,1400457640022,Eye Tracker,Participant0058,17.09.2021,Participant0058,Recording4,17.09.2021,17.09.2021,14:48:45.713,12:48:45.713,64514,Timeline2,Tobii I-VT (Fixation),1.145.28180,1080,1920,"10,00",686232773.0,,,942.0,434.0,942.0,425.0,943.0,444.0,"0,04734","0,03127","-0,99839","-0,06508","0,04274","-0,99696",,,Valid,Valid,"233,5","100,0","518,1","292,2","99,5","516,1","258,1","116,2","258,5","121,6","0,4859","0,4023","0,4853","0,3932","0,4866","0,4114",thumbnail_grossTrial,thumbnail_grossTrial.png,1245.0,1080.0,337.0,0.0,798.0,692.0,Fixation,358.0,44.0,945.0,435.0,"0,4878","0,4029",,
25715,18377059,1400457648346,Eye Tracker,Participant0058,17.09.2021,Participant0058,Recording4,17.09.2021,17.09.2021,14:48:45.713,12:48:45.713,64514,Timeline2,Tobii I-VT (Fixation),1.145.28180,1080,1920,"10,00",686241096.0,,,942.0,436.0,942.0,432.0,942.0,441.0,"0,04720","0,03499","-0,99827","-0,06575","0,04090","-0,99700","4,18","4,38",Valid,Valid,"233,6","100,0","518,1","292,3","99,4","516,1","258,1","118,1","258,2","120,6","0,4854","0,4039","0,4852","0,3996","0,4857","0,4081",thumbnail_grossTrial,thumbnail_grossTrial.png,1245.0,1080.0,337.0,0.0,798.0,692.0,Fixation,358.0,44.0,945.0,435.0,"0,4878","0,4029",,
25716,18385418,1400457656705,Eye Tracker,Participant0058,17.09.2021,Participant0058,Recording4,17.09.2021,17.09.2021,14:48:45.713,12:48:45.713,64514,Timeline2,Tobii I-VT (Fixation),1.145.28180,1080,1920,"10,00",686249455.0,,,948.0,434.0,948.0,424.0,948.0,444.0,"0,05043","0,03100","-0,99825","-0,06270","0,04240","-0,99713",,,Valid,Valid,"233,6","100,0","518,0","292,3","99,5","516,0","259,8","116,1","259,8","121,4","0,4903","0,4019","0,4902","0,3928","0,4904","0,4109",thumbnail_grossTrial,thumbnail_grossTrial.png,1245.0,1080.0,337.0,0.0,798.0,692.0,Fixation,358.0,44.0,945.0,435.0,"0,4878","0,4029",,
25717,18393761,1400457665048,Eye Tracker,Participant0058,17.09.2021,Participant0058,Recording4,17.09.2021,17.09.2021,14:48:45.713,12:48:45.713,64514,Timeline2,Tobii I-VT (Fixation),1.145.28180,1080,1920,"10,00",686257798.0,,,949.0,429.0,948.0,415.0,951.0,444.0,"0,05069","0,02589","-0,99838","-0,06124","0,04229","-0,99723",,,Valid,Valid,"233,5","100,0","518,0","292,2","99,5","516,1","259,8","113,5","260,5","121,4","0,4914","0,3973","0,4904","0,3839","0,4925","0,4107",thumbnail_grossTrial,thumbnail_grossTrial.png,1245.0,1080.0,337.0,0.0,798.0,692.0,Fixation,358.0,44.0,945.0,435.0,"0,4878","0,4029",,
25718,18402046,1400457673333,Eye Tracker,Participant0058,17.09.2021,Participant0058,Recording4,17.09.2021,17.09.2021,14:48:45.713,12:48:45.713,64514,Timeline2,Tobii I-VT (Fixation),1.145.28180,1080,1920,"10,00",686266083.0,,,949.0,430.0,947.0,414.0,951.0,447.0,"0,05003","0,02534","-0,99843","-0,06117","0,04438","-0,99714","4,16","4,36",Valid,Valid,"233,6","100,0","518,0","292,3","99,5","516,1","259,5","113,2","260,6","122,4","0,4911","0,3986","0,4895","0,3829","0,4927","0,4142",thumbnail_grossTrial,thumbnail_grossTrial.png,1245.0,1080.0,337.0,0.0,798.0,692.0,Fixation,358.0,44.0,945.0,435.0,"0,4878","0,4029",,
25719,18410380,1400457681667,Eye Tracker,Participant0058,17.09.2021,Participant0058,Recording4,17.09.2021,17.09.2021,14:48:45.713,12:48:45.713,64514,Timeline2,Tobii I-VT (Fixation),1.145.28180,1080,1920,"10,00",686274416.0,,,945.0,433.0,943.0,416.0,948.0,450.0,"0,04768","0,02649","-0,99851","-0,06259","0,04579","-0,99699",,,Valid,Valid,"233,6","100,1","517,8","292,3","99,5","516,0","258,3","113,8","259,9","123,2","0,4882","0,4010","0,4860","0,3852","0,4905","0,4169",thumbnail_grossTrial,thumbnail_grossTrial.png,1245.0,1080.0,337.0,0.0,798.0,692.0,Fixation,358.0,44.0,945.0,435.0,"0,4878","0,4029",,
25720,18418717,1400457690004,Eye Tracker,Participant0058,17.09.2021,Participant0058,Recording4,17.09.2021,17.09.2021,14:48:45.713,12:48:45.713,64514,Timeline2,Tobii I-VT (Fixation),1.145.28180,1080,1920,"10,00",686282753.0,,,945.0,434.0,946.0,421.0,945.0,448.0,"0,04960","0,02890","-0,99835","-0,06441","0,04435","-0,99694",,,Valid,Valid,"233,5","100,1","517,8","292,2","99,5","516,1","259,2","115,1","258,9","122,5","0,4881","0,4020","0,4887","0,3895","0,4876","0,4144",thumbnail_grossTrial,thumbnail_grossTrial.png,1245.0,1080.0,337.0,0.0,798.0,692.0,Fixation,358.0,44.0,945.0,435.0,"0,4878","0,4029",,
25721,18427083,1400457698370,Eye Tracker,Participant0058,17.09.2021,Participant0058,Recording4,17.09.2021,17.09.2021,14:48:45.713,12:48:45.713,64514,Timeline2,Tobii I-VT (Fixation),1.145.28180,1080,1920,"10,00",686291119.0,,,938.0,440.0,953.0,423.0,923.0,456.0,"0,05355","0,03005","-0,99811","-0,07561","0,04899","-0,99593","4,61","4,37",Valid,Valid,"233,5","100,1","517,8","292,2","99,5","516,1","261,3","115,7","253,1","124,9","0,4827","0,4070","0,4948","0,3915","0,4706","0,4225",thumbnail_grossTrial,thumbnail_grossTrial.png,1245.0,1080.0,337.0,0.0,798.0,692.0,Fixation,358.0,44.0,945.0,435.0,"0,4878","0,4029",,
25722,18435417,1400457706704,Eye Tracker,Participant0058,17.09.2021,Participant0058,Recording4,17.09.2021,17.09.2021,14:48:45.713,12:48:45.713,64514,Timeline2,Tobii I-VT (Fixation),1.145.28180,1080,1920,"10,00",686299453.0,,,940.0,445.0,958.0,433.0,922.0,457.0,"0,05597","0,03503","-0,99782","-0,07631","0,04914","-0,99587",,,Valid,Valid,"233,6","100,2","517,7","292,2","99,5","516,1","262,6","118,4","252,7","125,0","0,4841","0,4117","0,4986","0,4005","0,4695","0,4229",thumbnail_grossTrial,thumbnail_grossTrial.png,1245.0,1080.0,337.0,0.0,798.0,692.0,Fixation,358.0,44.0,945.0,435.0,"0,4878","0,4029",,
25723,18443756,1400457715043,Eye Tracker,Participant0058,17.09.2021,Participant0058,Recording4,17.09.2021,17.09.2021,14:48:45.713,12:48:45.713,64514,Timeline2,Tobii I-VT (Fixation),1.145.28180,1080,1920,"10,00",686307791.0,,,938.0,440.0,954.0,423.0,922.0,457.0,"0,05382","0,03016","-0,99810","-0,07621","0,04911","-0,99588",,,Valid,Valid,"233,5","100,2","517,6","292,2","99,5","516,1","261,4","115,9","252,7","125,0","0,4823","0,4074","0,4950","0,3920","0,4695","0,4228",thumbnail_grossTrial,thumbnail_grossTrial.png,1245.0,1080.0,337.0,0.0,798.0,692.0,Fixation,358.0,44.0,945.0,435.0,"0,4878","0,4029",,
25724,18452045,1400457723332,Eye Tracker,Participant0058,17.09.2021,Participant0058,Recording4,17.09.2021,17.09.2021,14:48:45.713,12:48:45.713,64514,Timeline2,Tobii I-VT (Fixation),1.145.28180,1080,1920,"10,00",686316080.0,,,945.0,436.0,946.0,420.0,943.0,451.0,"0,04969","0,02846","-0,99836","-0,06497","0,04630","-0,99681","4,14","4,34",Valid,Valid,"233,5","100,2","517,6","292,2","99,5","516,2","259,3","115,0","258,6","123,5","0,4878","0,4033","0,4888","0,3890","0,4867","0,4177",thumbnail_grossTrial,thumbnail_grossTrial.png,1245.0,1080.0,337.0,0.0,798.0,692.0,Fixation,358.0,44.0,945.0,435.0,"0,4878","0,4029",,
25725,18460378,1400457731665,Eye Tracker,Participant0058,17.09.2021,Participant0058,Recording4,17.09.2021,17.09.2021,14:48:45.713,12:48:45.713,64514,Timeline2,Tobii I-VT (Fixation),1.145.28180,1080,1920,"10,00",686324413.0,,,944.0,431.0,942.0,415.0,946.0,446.0,"0,04764","0,02589","-0,99853","-0,06358","0,04369","-0,99702",,,Valid,Valid,"233,6","100,3","517,5","292,2","99,5","516,1","258,3","113,7","259,3","122,1","0,4873","0,3990","0,4858","0,3847","0,4888","0,4132",thumbnail_grossTrial,thumbnail_grossTrial.png,1245.0,1080.0,337.0,0.0,798.0,692.0,Fixation,358.0,44.0,945.0,435.0,"0,4878","0,4029",,
25726,18468714,1400457740001,Eye Tracker,Participant0058,17.09.2021,Participant0058,Recording4,17.09.2021,17.09.2021,14:48:45.713,12:48:45.713,64514,Timeline2,Tobii I-VT (Fixation),1.145.28180,1080,1920,"10,00",686332749.0,,,948.0,440.0,945.0,432.0,950.0,447.0,"0,04912","0,03471","-0,99819","-0,06137","0,04402","-0,99714",,,Valid,Valid,"233,6","100,4","517,5","292,2","99,6","516,1","259,0","118,3","260,5","122,4","0,4902","0,4072","0,4881","0,4004","0,4923","0,4140",thumbnail_grossTrial,thumbnail_grossTrial.png,1245.0,1080.0,337.0,0.0,798.0,692.0,Saccade,33.0,67.0,,,,,,
25727,18477042,1400457748329,Eye Tracker,Participant0058,17.09.2021,Participant0058,Recording4,17.09.2021,17.09.2021,14:48:45.713,12:48:45.713,64514,Timeline2,Tobii I-VT (Fixation),1.145.28180,1080,1920,"10,00",686341076.0,,,971.0,448.0,970.0,444.0,973.0,451.0,"0,06163","0,04073","-0,99727","-0,04973","0,04628","-0,99769","4,14","4,41",Valid,Valid,"233,8","100,4","517,5","292,4","99,6","516,2","265,8","121,6","266,7","123,6","0,5091","0,4147","0,5078","0,4113","0,5104","0,4181",thumbnail_grossTrial,thumbnail_grossTrial.png,1245.0,1080.0,337.0,0.0,798.0,692.0,Saccade,33.0,67.0,,,,,,
25728,18485375,1400457756662,Eye Tracker,Participant0058,17.09.2021,Participant0058,Recording4,17.09.2021,17.09.2021,14:48:45.713,12:48:45.713,64514,Timeline2,Tobii I-VT (Fixation),1.145.28180,1080,1920,"10,00",686349409.0,,,1019.0,474.0,1021.0,476.0,1017.0,471.0,"0,08808","0,05701","-0,99448","-0,02637","0,05662","-0,99805",,,Valid,Valid,"234,0","100,7","517,0","292,5","99,7","516,1","279,8","130,3","278,9","129,0","0,5475","0,4387","0,5488","0,4408","0,5461","0,4365",thumbnail_grossTrial,thumbnail_grossTrial.png,1245.0,1080.0,337.0,0.0,798.0,692.0,Saccade,33.0,67.0,,,,,,
25729,18493738,1400457765025,Eye Tracker,Participant0058,17.09.2021,Participant0058,Recording4,17.09.2021,17.09.2021,14:48:45.713,12:48:45.713,64514,Timeline2,Tobii I-VT (Fixation),1.145.28180,1080,1920,"10,00",686357772.0,,,1062.0,499.0,1065.0,498.0,1059.0,499.0,"0,11100","0,06832","-0,99147","-0,00452","0,07128","-0,99745",,,Valid,Valid,"233,9","100,8","516,8","292,5","99,7","516,1","291,8","136,4","290,2","136,6","0,5817","0,4619","0,5841","0,4614","0,5792","0,4623",thumbnail_grossTrial,thumbnail_grossTrial.png,1245.0,1080.0,337.0,0.0,798.0,692.0,Saccade,33.0,67.0,,,,,,
25730,18502041,1400457773328,Eye Tracker,Participant0058,17.09.2021,Participant0058,Recording4,17.09.2021,17.09.2021,14:48:45.713,12:48:45.713,64514,Timeline2,Tobii I-VT (Fixation),1.145.28180,1080,1920,"10,00",686366075.0,,,1069.0,511.0,1060.0,516.0,1077.0,506.0,"0,10831","0,07777","-0,99107","0,00528","0,07487","-0,99718","4,12","4,31",Valid,Valid,"234,0","100,8","516,8","292,5","99,7","516,1","290,4","141,3","295,3","138,5","0,5872","0,4733","0,5801","0,4782","0,5942","0,4685",thumbnail_grossTrial,thumbnail_grossTrial.png,1245.0,1080.0,337.0,0.0,798.0,692.0,Fixation,192.0,45.0,1070.0,506.0,"0,5886","0,4683",,
25731,18510403,1400457781690,Eye Tracker,Participant0058,17.09.2021,Participant0058,Recording4,17.09.2021,17.09.2021,14:48:45.713,12:48:45.713,64514,Timeline2,Tobii I-VT (Fixation),1.145.28180,1080,1920,"10,00",686374436.0,,,1069.0,500.0,1069.0,494.0,1069.0,506.0,"0,11303","0,06598","-0,99140","0,00064","0,07499","-0,99718",,,Valid,Valid,"234,0","100,8","516,7","292,5","99,8","516,0","292,9","135,2","292,9","138,6","0,5872","0,4632","0,5872","0,4575","0,5872","0,4689",thumbnail_grossTrial,thumbnail_grossTrial.png,1245.0,1080.0,337.0,0.0,798.0,692.0,Fixation,192.0,45.0,1070.0,506.0,"0,5886","0,4683",,
25732,18518717,1400457790004,Eye Tracker,Participant0058,17.09.2021,Participant0058,Recording4,17.09.2021,17.09.2021,14:48:45.713,12:48:45.713,64514,Timeline2,Tobii I-VT (Fixation),1.145.28180,1080,1920,"10,00",686382750.0,,,1066.0,500.0,1067.0,495.0,1065.0,505.0,"0,11209","0,06633","-0,99148","-0,00104","0,07414","-0,99725",,,Valid,Valid,"233,9","100,9","516,6","292,5","99,8","516,0","292,3","135,4","291,9","138,2","0,5850","0,4628","0,5856","0,4582","0,5844","0,4674",thumbnail_grossTrial,thumbnail_grossTrial.png,1245.0,1080.0,337.0,0.0,798.0,692.0,Fixation,192.0,45.0,1070.0,506.0,"0,5886","0,4683",,
25733,18527077,1400457798364,Eye Tracker,Participant0058,17.09.2021,Participant0058,Recording4,17.09.2021,17.09.2021,14:48:45.713,12:48:45.713,64514,Timeline2,Tobii I-VT (Fixation),1.145.28180,1080,1920,"10,00",686391110.0,,,1069.0,506.0,1075.0,506.0,1063.0,506.0,"0,11634","0,07224","-0,99058","-0,00243","0,07501","-0,99718","4,56","4,27",Valid,Valid,"233,9","100,9","516,5","292,5","99,8","516,0","294,6","138,5","291,3","138,6","0,5874","0,4688","0,5923","0,4687","0,5825","0,4688",thumbnail_grossTrial,thumbnail_grossTrial.png,1245.0,1080.0,337.0,0.0,798.0,692.0,Fixation,192.0,45.0,1070.0,506.0,"0,5886","0,4683",,
25734,18535376,1400457806663,Eye Tracker,Participant0058,17.09.2021,Participant0058,Recording4,17.09.2021,17.09.2021,14:48:45.713,12:48:45.713,64514,Timeline2,Tobii I-VT (Fixation),1.145.28180,1080,1920,"10,00",686399408.0,,,1072.0,507.0,1080.0,507.0,1063.0,508.0,"0,11911","0,07254","-0,99023","-0,00233","0,07551","-0,99714",,,Valid,Valid,"234,0","101,0","516,4","292,5","99,8","516,0","296,1","138,8","291,3","138,9","0,5896","0,4698","0,5966","0,4696","0,5827","0,4699",thumbnail_grossTrial,thumbnail_grossTrial.png,1245.0,1080.0,337.0,0.0,798.0,692.0,Fixation,192.0,45.0,1070.0,506.0,"0,5886","0,4683",,
25735,18543834,1400457815121,Eye Tracker,Participant0058,17.09.2021,Participant0058,Recording4,17.09.2021,17.09.2021,14:48:45.713,12:48:45.713,64514,Timeline2,Tobii I-VT (Fixation),1.145.28180,1080,1920,"10,00",686407866.0,,,1071.0,512.0,1079.0,510.0,1062.0,513.0,"0,11851","0,07386","-0,99020","-0,00258","0,07857","-0,99691",,,Valid,Valid,"233,9","101,0","516,3","292,5","99,8","516,0","295,7","139,5","291,1","140,5","0,5888","0,4737","0,5955","0,4720","0,5822","0,4754",thumbnail_grossTrial,thumbnail_grossTrial.png,1245.0,1080.0,337.0,0.0,798.0,692.0,Fixation,192.0,45.0,1070.0,506.0,"0,5886","0,4683",,
25736,18552075,1400457823362,Eye Tracker,Participant0058,17.09.2021,Participant0058,Recording4,17.09.2021,17.09.2021,14:48:45.713,12:48:45.713,64514,Timeline2,Tobii I-VT (Fixation),1.145.28180,1080,1920,"10,00",686416107.0,,,1067.0,510.0,1074.0,509.0,1060.0,512.0,"0,11576","0,07363","-0,99054","-0,00384","0,07779","-0,99696","4,12","3,91",Valid,Valid,"233,9","100,9","516,4","292,5","99,8","516,0","294,3","139,3","290,6","140,1","0,5859","0,4726","0,5914","0,4713","0,5804","0,4739",thumbnail_grossTrial,thumbnail_grossTrial.png,1245.0,1080.0,337.0,0.0,798.0,692.0,Fixation,192.0,45.0,1070.0,506.0,"0,5886","0,4683",,
25737,18560450,1400457831737,Eye Tracker,Participant0058,17.09.2021,Participant0058,Recording4,17.09.2021,17.09.2021,14:48:45.713,12:48:45.713,64514,Timeline2,Tobii I-VT (Fixation),1.145.28180,1080,1920,"10,00",686424482.0,,,1066.0,513.0,1071.0,508.0,1060.0,517.0,"0,11426","0,07320","-0,99075","-0,00392","0,08042","-0,99675",,,Valid,Valid,"234,0","101,0","516,3","292,6","99,9","515,9","293,5","139,1","290,5","141,5","0,5847","0,4747","0,5892","0,4707","0,5803","0,4787",thumbnail_grossTrial,thumbnail_grossTrial.png,1245.0,1080.0,337.0,0.0,798.0,692.0,Fixation,192.0,45.0,1070.0,506.0,"0,5886","0,4683",,
25738,18568784,1400457840071,Eye Tracker,Participant0058,17.09.2021,Participant0058,Recording4,17.09.2021,17.09.2021,14:48:45.713,12:48:45.713,64514,Timeline2,Tobii I-VT (Fixation),1.145.28180,1080,1920,"10,00",686432815.0,,,1063.0,512.0,1069.0,505.0,1057.0,518.0,"0,11354","0,07169","-0,99094","-0,00536","0,08118","-0,99669",,,Valid,Valid,"233,9","100,9","516,4","292,5","99,9","515,9","293,1","138,3","289,7","141,9","0,5830","0,4740","0,5879","0,4679","0,5780","0,4801",thumbnail_grossTrial,thumbnail_grossTrial.png,1245.0,1080.0,337.0,0.0,798.0,692.0,Fixation,192.0,45.0,1070.0,506.0,"0,5886","0,4683",,
25739,18577035,1400457848322,Eye Tracker,Participant0058,17.09.2021,Participant0058,Recording4,17.09.2021,17.09.2021,14:48:45.713,12:48:45.713,64514,Timeline2,Tobii I-VT (Fixation),1.145.28180,1080,1920,"10,00",686441066.0,,,1066.0,507.0,1069.0,500.0,1062.0,514.0,"0,11318","0,06898","-0,99118","-0,00286","0,07879","-0,99689","4,12","4,42",Valid,Valid,"234,0","100,9","516,5","292,6","99,8","515,9","293,0","136,8","291,1","140,6","0,5847","0,4694","0,5875","0,4630","0,5820","0,4758",thumbnail_grossTrial,thumbnail_grossTrial.png,1245.0,1080.0,337.0,0.0,798.0,692.0,Fixation,192.0,45.0,1070.0,506.0,"0,5886","0,4683",,
25740,18585367,1400457856654,Eye Tracker,Participant0058,17.09.2021,Participant0058,Recording4,17.09.2021,17.09.2021,14:48:45.713,12:48:45.713,64514,Timeline2,Tobii I-VT (Fixation),1.145.28180,1080,1920,"10,00",686449398.0,,,1068.0,507.0,1075.0,507.0,1062.0,508.0,"0,11612","0,07260","-0,99058","-0,00310","0,07553","-0,99714",,,Valid,Valid,"234,0","100,9","516,5","292,6","99,9","515,8","294,5","138,8","291,0","139,0","0,5869","0,4698","0,5921","0,4695","0,5816","0,4702",thumbnail_grossTrial,thumbnail_grossTrial.png,1245.0,1080.0,337.0,0.0,798.0,692.0,Fixation,192.0,45.0,1070.0,506.0,"0,5886","0,4683",,
25741,18593701,1400457864988,Eye Tracker,Participant0058,17.09.2021,Participant0058,Recording4,17.09.2021,17.09.2021,14:48:45.713,12:48:45.713,64514,Timeline2,Tobii I-VT (Fixation),1.145.28180,1080,1920,"10,00",686457732.0,,,1074.0,507.0,1075.0,511.0,1072.0,502.0,"0,11657","0,07455","-0,99038","0,00246","0,07265","-0,99735",,,Valid,Valid,"234,0","100,9","516,5","292,5","99,9","515,8","294,8","139,8","293,8","137,5","0,5913","0,4690","0,5927","0,4729","0,5899","0,4652",thumbnail_grossTrial,thumbnail_grossTrial.png,1245.0,1080.0,337.0,0.0,798.0,692.0,Fixation,192.0,45.0,1070.0,506.0,"0,5886","0,4683",,
25742,18602067,1400457873354,Eye Tracker,Participant0058,17.09.2021,Participant0058,Recording4,17.09.2021,17.09.2021,14:48:45.713,12:48:45.713,64514,Timeline2,Tobii I-VT (Fixation),1.145.28180,1080,1920,"10,00",686466097.0,,,1073.0,507.0,1077.0,508.0,1069.0,505.0,"0,11742","0,07326","-0,99038","0,00059","0,07433","-0,99723","4,11","3,89",Valid,Valid,"234,0","100,8","516,7","292,6","99,9","515,8","295,2","139,0","292,9","138,3","0,5907","0,4693","0,5941","0,4705","0,5872","0,4681",thumbnail_grossTrial,thumbnail_grossTrial.png,1245.0,1080.0,337.0,0.0,798.0,692.0,Fixation,192.0,45.0,1070.0,506.0,"0,5886","0,4683",,
25743,18610372,1400457881659,Eye Tracker,Participant0058,17.09.2021,Participant0058,Recording4,17.09.2021,17.09.2021,14:48:45.713,12:48:45.713,64514,Timeline2,Tobii I-VT (Fixation),1.145.28180,1080,1920,"10,00",686474402.0,,,1074.0,504.0,1070.0,500.0,1078.0,508.0,"0,11386","0,06887","-0,99111","0,00557","0,07544","-0,99713",,,Valid,Valid,"234,0","100,8","516,7","292,6","99,9","515,7","293,4","136,7","295,5","139,0","0,5917","0,4664","0,5886","0,4626","0,5948","0,4702",thumbnail_grossTrial,thumbnail_grossTrial.png,1245.0,1080.0,337.0,0.0,798.0,692.0,Fixation,192.0,45.0,1070.0,506.0,"0,5886","0,4683",,
25744,18618712,1400457889999,Eye Tracker,Participant0058,17.09.2021,Participant0058,Recording4,17.09.2021,17.09.2021,14:48:45.713,12:48:45.713,64514,Timeline2,Tobii I-VT (Fixation),1.145.28180,1080,1920,"10,00",686482742.0,,,1070.0,510.0,1069.0,505.0,1071.0,514.0,"0,11325","0,07178","-0,99097","0,00191","0,07885","-0,99688",,,Valid,Valid,"233,9","100,8","516,8","292,5","100,0","515,7","293,0","138,2","293,5","140,7","0,5883","0,4719","0,5875","0,4676","0,5890","0,4762",thumbnail_grossTrial,thumbnail_grossTrial.png,1245.0,1080.0,337.0,0.0,798.0,692.0,Fixation,192.0,45.0,1070.0,506.0,"0,5886","0,4683",,
25745,18627030,1400457898317,Eye Tracker,Participant0058,17.09.2021,Participant0058,Recording4,17.09.2021,17.09.2021,14:48:45.713,12:48:45.713,64514,Timeline2,Tobii I-VT (Fixation),1.145.28180,1080,1920,"10,00",686491060.0,,,1073.0,511.0,1070.0,506.0,1077.0,516.0,"0,11349","0,07251","-0,99089","0,00498","0,07987","-0,99679","4,12","4,45",Valid,Valid,"234,0","100,7","517,0","292,6","99,9","515,8","293,2","138,6","295,1","141,3","0,5910","0,4734","0,5881","0,4688","0,5938","0,4779",thumbnail_grossTrial,thumbnail_grossTrial.png,1245.0,1080.0,337.0,0.0,798.0,692.0,Fixation,192.0,45.0,1070.0,506.0,"0,5886","0,4683",,
25746,18635364,1400457906651,Eye Tracker,Participant0058,17.09.2021,Participant0058,Recording4,17.09.2021,17.09.2021,14:48:45.713,12:48:45.713,64514,Timeline2,Tobii I-VT (Fixation),1.145.28180,1080,1920,"10,00",686499393.0,,,1068.0,510.0,1064.0,505.0,1072.0,515.0,"0,11053","0,07165","-0,99129","0,00230","0,07905","-0,99687",,,Valid,Valid,"234,0","100,7","517,0","292,5","100,0","515,7","291,6","138,1","293,7","140,9","0,5866","0,4720","0,5835","0,4672","0,5897","0,4767",thumbnail_grossTrial,thumbnail_grossTrial.png,1245.0,1080.0,337.0,0.0,798.0,692.0,Fixation,192.0,45.0,1070.0,506.0,"0,5886","0,4683",,
25747,18643697,1400457914984,Eye Tracker,Participant0058,17.09.2021,Participant0058,Recording4,17.09.2021,17.09.2021,14:48:45.713,12:48:45.713,64514,Timeline2,Tobii I-VT (Fixation),1.145.28180,1080,1920,"10,00",686507726.0,,,1071.0,502.0,1067.0,497.0,1074.0,507.0,"0,11233","0,06782","-0,99135","0,00374","0,07511","-0,99717",,,Valid,Valid,"233,9","100,7","517,1","292,5","100,0","515,7","292,5","136,1","294,4","138,8","0,5889","0,4651","0,5861","0,4604","0,5918","0,4698",thumbnail_grossTrial,thumbnail_grossTrial.png,1245.0,1080.0,337.0,0.0,798.0,692.0,Fixation,192.0,45.0,1070.0,506.0,"0,5886","0,4683",,
25748,18652059,1400457923346,Eye Tracker,Participant0058,17.09.2021,Participant0058,Recording4,17.09.2021,17.09.2021,14:48:45.713,12:48:45.713,64514,Timeline2,Tobii I-VT (Fixation),1.145.28180,1080,1920,"10,00",686516088.0,,,1071.0,504.0,1068.0,498.0,1074.0,509.0,"0,11239","0,06821","-0,99132","0,00371","0,07629","-0,99708","4,12","4,25",Valid,Valid,"233,9","100,6","517,2","292,6","100,0","515,8","292,6","136,2","294,5","139,4","0,5891","0,4663","0,5864","0,4609","0,5919","0,4717",thumbnail_grossTrial,thumbnail_grossTrial.png,1245.0,1080.0,337.0,0.0,798.0,692.0,Fixation,192.0,45.0,1070.0,506.0,"0,5886","0,4683",,
25749,18660398,1400457931685,Eye Tracker,Participant0058,17.09.2021,Participant0058,Recording4,17.09.2021,17.09.2021,14:48:45.713,12:48:45.713,64514,Timeline2,Tobii I-VT (Fixation),1.145.28180,1080,1920,"10,00",686524427.0,,,1071.0,504.0,1072.0,498.0,1071.0,510.0,"0,11442","0,06828","-0,99108","0,00164","0,07635","-0,99708",,,Valid,Valid,"234,0","100,7","517,2","292,6","100,0","515,7","293,7","136,3","293,4","139,5","0,5892","0,4666","0,5896","0,4611","0,5888","0,4720",thumbnail_grossTrial,thumbnail_grossTrial.png,1245.0,1080.0,337.0,0.0,798.0,692.0,Fixation,192.0,45.0,1070.0,506.0,"0,5886","0,4683",,
25750,18668696,1400457939983,Eye Tracker,Participant0058,17.09.2021,Participant0058,Recording4,17.09.2021,17.09.2021,14:48:45.713,12:48:45.713,64514,Timeline2,Tobii I-VT (Fixation),1.145.28180,1080,1920,"10,00",686532724.0,,,1071.0,502.0,1071.0,496.0,1070.0,509.0,"0,11440","0,06701","-0,99117","0,00138","0,07592","-0,99711",,,Valid,Valid,"233,9","100,6","517,3","292,5","100,0","515,8","293,6","135,6","293,2","139,3","0,5888","0,4650","0,5894","0,4588","0,5883","0,4712",thumbnail_grossTrial,thumbnail_grossTrial.png,1245.0,1080.0,337.0,0.0,798.0,692.0,Fixation,192.0,45.0,1070.0,506.0,"0,5886","0,4683",,
25751,18677083,1400457948370,Eye Tracker,Participant0058,17.09.2021,Participant0058,Recording4,17.09.2021,17.09.2021,14:48:45.713,12:48:45.713,64514,Timeline2,Tobii I-VT (Fixation),1.145.28180,1080,1920,"10,00",686541111.0,,,1077.0,497.0,1075.0,497.0,1079.0,498.0,"0,11595","0,06777","-0,99094","0,00576","0,07025","-0,99751","4,12","4,39",Valid,Valid,"234,0","100,6","517,4","292,6","100,0","515,8","294,5","136,0","295,6","136,3","0,5936","0,4606","0,5920","0,4600","0,5952","0,4611",thumbnail_grossTrial,thumbnail_grossTrial.png,1245.0,1080.0,337.0,0.0,798.0,692.0,Fixation,192.0,45.0,1070.0,506.0,"0,5886","0,4683",,
25752,18685420,1400457956707,Eye Tracker,Participant0058,17.09.2021,Participant0058,Recording4,17.09.2021,17.09.2021,14:48:45.713,12:48:45.713,64514,Timeline2,Tobii I-VT (Fixation),1.145.28180,1080,1920,"10,00",686549448.0,,,1076.0,497.0,1076.0,498.0,1077.0,496.0,"0,11637","0,06836","-0,99085","0,00515","0,06924","-0,99759",,,Valid,Valid,"234,0","100,6","517,4","292,6","100,0","515,8","294,8","136,3","295,3","135,8","0,5935","0,4603","0,5928","0,4611","0,5942","0,4595",thumbnail_grossTrial,thumbnail_grossTrial.png,1245.0,1080.0,337.0,0.0,798.0,692.0,Fixation,192.0,45.0,1070.0,506.0,"0,5886","0,4683",,
25753,18693695,1400457964982,Eye Tracker,Participant0058,17.09.2021,Participant0058,Recording4,17.09.2021,17.09.2021,14:48:45.713,12:48:45.713,64514,Timeline2,Tobii I-VT (Fixation),1.145.28180,1080,1920,"10,00",686557723.0,,,1078.0,500.0,1074.0,505.0,1081.0,495.0,"0,11592","0,07192","-0,99065","0,00742","0,06869","-0,99761",,,Valid,Valid,"233,9","100,6","517,4","292,6","100,0","515,8","294,5","138,1","296,4","135,5","0,5947","0,4628","0,5919","0,4673","0,5975","0,4584",thumbnail_grossTrial,thumbnail_grossTrial.png,1245.0,1080.0,337.0,0.0,798.0,692.0,Saccade,17.0,68.0,,,,,,
25754,18702051,1400457973338,Eye Tracker,Participant0058,17.09.2021,Participant0058,Recording4,17.09.2021,17.09.2021,14:48:45.713,12:48:45.713,64514,Timeline2,Tobii I-VT (Fixation),1.145.28180,1080,1920,"10,00",686566078.0,,,1095.0,508.0,1106.0,515.0,1085.0,502.0,"0,13193","0,07697","-0,98827","0,00921","0,07246","-0,99733","4,76","4,29",Valid,Valid,"234,0","100,5","517,5","292,6","99,9","515,9","303,1","140,8","297,4","137,4","0,6088","0,4707","0,6171","0,4764","0,6005","0,4649",thumbnail_grossTrial,thumbnail_grossTrial.png,1245.0,1080.0,337.0,0.0,798.0,692.0,Saccade,17.0,68.0,,,,,,
25755,18710385,1400457981672,Eye Tracker,Participant0058,17.09.2021,Participant0058,Recording4,17.09.2021,17.09.2021,14:48:45.713,12:48:45.713,64514,Timeline2,Tobii I-VT (Fixation),1.145.28180,1080,1920,"10,00",686574412.0,,,1098.0,511.0,1106.0,515.0,1091.0,508.0,"0,13189","0,07695","-0,98827","0,01222","0,07534","-0,99708",,,Valid,Valid,"234,0","100,5","517,4","292,6","99,9","515,8","303,1","140,8","299,0","138,9","0,6111","0,4732","0,6171","0,4764","0,6050","0,4700",thumbnail_grossTrial,thumbnail_grossTrial.png,1245.0,1080.0,337.0,0.0,798.0,692.0,Unclassified,8.0,84.0,,,,,,
25756,18718726,1400457990013,Eye Tracker,Participant0058,17.09.2021,Participant0058,Recording4,17.09.2021,17.09.2021,14:48:45.713,12:48:45.713,64514,Timeline2,Tobii I-VT (Fixation),1.145.28180,1080,1920,"10,00",686582753.0,,,1083.0,504.0,1081.0,498.0,1084.0,510.0,"0,11948","0,06860","-0,99046","0,00875","0,07649","-0,99703",,,Valid,Valid,"233,9","100,5","517,4","292,6","99,9","515,9","296,4","136,3","297,1","139,5","0,5985","0,4666","0,5974","0,4613","0,5996","0,4720",thumbnail_grossTrial,thumbnail_grossTrial.png,1245.0,1080.0,337.0,0.0,798.0,692.0,Saccade,8.0,69.0,,,,,,
25757,18727020,1400457998307,Eye Tracker,Participant0058,17.09.2021,Participant0058,Recording4,17.09.2021,17.09.2021,14:48:45.713,12:48:45.713,64514,Timeline2,Tobii I-VT (Fixation),1.145.28180,1080,1920,"10,00",686591047.0,,,1073.0,504.0,1072.0,499.0,1074.0,508.0,"0,11473","0,06908","-0,99099","0,00347","0,07591","-0,99711","4,13","3,93",Valid,Valid,"234,0","100,5","517,5","292,6","99,9","516,0","293,9","136,5","294,4","139,1","0,5910","0,4664","0,5902","0,4620","0,5918","0,4707",thumbnail_grossTrial,thumbnail_grossTrial.png,1245.0,1080.0,337.0,0.0,798.0,692.0,Fixation,308.0,46.0,1071.0,510.0,"0,5894","0,4719",,
25758,18735439,1400458006726,Eye Tracker,Participant0058,17.09.2021,Participant0058,Recording4,17.09.2021,17.09.2021,14:48:45.713,12:48:45.713,64514,Timeline2,Tobii I-VT (Fixation),1.145.28180,1080,1920,"10,00",686599465.0,,,1068.0,496.0,1063.0,493.0,1073.0,499.0,"0,10965","0,06599","-0,99178","0,00294","0,07118","-0,99746",,,Valid,Valid,"234,0","100,5","517,4","292,6","99,9","515,9","291,2","134,9","294,2","136,7","0,5867","0,4595","0,5824","0,4565","0,5910","0,4625",thumbnail_grossTrial,thumbnail_grossTrial.png,1245.0,1080.0,337.0,0.0,798.0,692.0,Fixation,308.0,46.0,1071.0,510.0,"0,5894","0,4719",,
25759,18743720,1400458015007,Eye Tracker,Participant0058,17.09.2021,Participant0058,Recording4,17.09.2021,17.09.2021,14:48:45.713,12:48:45.713,64514,Timeline2,Tobii I-VT (Fixation),1.145.28180,1080,1920,"10,00",686607746.0,,,1073.0,499.0,1066.0,498.0,1081.0,501.0,"0,11133","0,06843","-0,99142","0,00693","0,07200","-0,99738",,,Valid,Valid,"233,9","100,5","517,3","292,6","99,8","516,0","292,0","136,2","296,2","137,1","0,5908","0,4624","0,5847","0,4609","0,5969","0,4638",thumbnail_grossTrial,thumbnail_grossTrial.png,1245.0,1080.0,337.0,0.0,798.0,692.0,Fixation,308.0,46.0,1071.0,510.0,"0,5894","0,4719",,
25760,18752019,1400458023306,Eye Tracker,Participant0058,17.09.2021,Participant0058,Recording4,17.09.2021,17.09.2021,14:48:45.713,12:48:45.713,64514,Timeline2,Tobii I-VT (Fixation),1.145.28180,1080,1920,"10,00",686616045.0,,,1076.0,501.0,1065.0,501.0,1086.0,502.0,"0,11113","0,06992","-0,99134","0,00975","0,07254","-0,99732","4,12","4,48",Valid,Valid,"234,0","100,5","517,3","292,7","99,8","516,1","292,0","137,0","297,7","137,3","0,5930","0,4640","0,5846","0,4635","0,6013","0,4646",thumbnail_grossTrial,thumbnail_grossTrial.png,1245.0,1080.0,337.0,0.0,798.0,692.0,Fixation,308.0,46.0,1071.0,510.0,"0,5894","0,4719",,
25761,18760353,1400458031640,Eye Tracker,Participant0058,17.09.2021,Participant0058,Recording4,17.09.2021,17.09.2021,14:48:45.713,12:48:45.713,64514,Timeline2,Tobii I-VT (Fixation),1.145.28180,1080,1920,"10,00",686624379.0,,,1080.0,507.0,1076.0,506.0,1084.0,509.0,"0,11675","0,07243","-0,99052","0,00841","0,07637","-0,99704",,,Valid,Valid,"234,0","100,6","517,2","292,7","99,8","516,1","295,0","138,4","297,0","139,3","0,5963","0,4698","0,5934","0,4682","0,5993","0,4714",thumbnail_grossTrial,thumbnail_grossTrial.png,1245.0,1080.0,337.0,0.0,798.0,692.0,Fixation,308.0,46.0,1071.0,510.0,"0,5894","0,4719",,
25762,18768686,1400458039973,Eye Tracker,Participant0058,17.09.2021,Participant0058,Recording4,17.09.2021,17.09.2021,14:48:45.713,12:48:45.713,64514,Timeline2,Tobii I-VT (Fixation),1.145.28180,1080,1920,"10,00",686632711.0,,,1079.0,506.0,1078.0,503.0,1079.0,509.0,"0,11796","0,07102","-0,99047","0,00608","0,07616","-0,99708",,,Valid,Valid,"233,9","100,6","517,1","292,6","99,8","516,1","295,5","137,7","295,7","139,2","0,5953","0,4684","0,5950","0,4658","0,5956","0,4710",thumbnail_grossTrial,thumbnail_grossTrial.png,1245.0,1080.0,337.0,0.0,798.0,692.0,Fixation,308.0,46.0,1071.0,510.0,"0,5894","0,4719",,
25763,18777047,1400458048334,Eye Tracker,Participant0058,17.09.2021,Participant0058,Recording4,17.09.2021,17.09.2021,14:48:45.713,12:48:45.713,64514,Timeline2,Tobii I-VT (Fixation),1.145.28180,1080,1920,"10,00",686641072.0,,,1079.0,507.0,1077.0,505.0,1081.0,508.0,"0,11743","0,07181","-0,99048","0,00693","0,07607","-0,99708","4,13","4,34",Valid,Valid,"234,0","100,6","517,1","292,7","99,8","516,2","295,3","138,1","296,3","139,1","0,5957","0,4690","0,5943","0,4672","0,5971","0,4707",thumbnail_grossTrial,thumbnail_grossTrial.png,1245.0,1080.0,337.0,0.0,798.0,692.0,Fixation,308.0,46.0,1071.0,510.0,"0,5894","0,4719",,
25764,18785392,1400458056679,Eye Tracker,Participant0058,17.09.2021,Participant0058,Recording4,17.09.2021,17.09.2021,14:48:45.713,12:48:45.713,64514,Timeline2,Tobii I-VT (Fixation),1.145.28180,1080,1920,"10,00",686649417.0,,,1079.0,506.0,1075.0,508.0,1082.0,503.0,"0,11614","0,07375","-0,99049","0,00766","0,07331","-0,99728",,,Valid,Valid,"234,0","100,7","516,9","292,7","99,8","516,1","294,6","139,1","296,6","137,7","0,5953","0,4684","0,5924","0,4708","0,5982","0,4661",thumbnail_grossTrial,thumbnail_grossTrial.png,1245.0,1080.0,337.0,0.0,798.0,692.0,Fixation,308.0,46.0,1071.0,510.0,"0,5894","0,4719",,
25765,18793723,1400458065010,Eye Tracker,Participant0058,17.09.2021,Participant0058,Recording4,17.09.2021,17.09.2021,14:48:45.713,12:48:45.713,64514,Timeline2,Tobii I-VT (Fixation),1.145.28180,1080,1920,"10,00",686657748.0,,,1079.0,509.0,1078.0,511.0,1080.0,507.0,"0,11797","0,07474","-0,99020","0,00673","0,07510","-0,99715",,,Valid,Valid,"234,0","100,7","516,9","292,6","99,8","516,1","295,5","139,7","296,1","138,7","0,5958","0,4710","0,5950","0,4728","0,5966","0,4692",thumbnail_grossTrial,thumbnail_grossTrial.png,1245.0,1080.0,337.0,0.0,798.0,692.0,Fixation,308.0,46.0,1071.0,510.0,"0,5894","0,4719",,
25766,18802043,1400458073330,Eye Tracker,Participant0058,17.09.2021,Participant0058,Recording4,17.09.2021,17.09.2021,14:48:45.713,12:48:45.713,64514,Timeline2,Tobii I-VT (Fixation),1.145.28180,1080,1920,"10,00",686666067.0,,,1075.0,509.0,1079.0,510.0,1072.0,508.0,"0,11822","0,07458","-0,99018","0,00210","0,07563","-0,99713","4,14","3,95",Valid,Valid,"234,0","100,7","516,8","292,7","99,8","516,1","295,7","139,7","293,7","138,9","0,5926","0,4713","0,5955","0,4725","0,5898","0,4701",thumbnail_grossTrial,thumbnail_grossTrial.png,1245.0,1080.0,337.0,0.0,798.0,692.0,Fixation,308.0,46.0,1071.0,510.0,"0,5894","0,4719",,
25767,18810428,1400458081715,Eye Tracker,Participant0058,17.09.2021,Participant0058,Recording4,17.09.2021,17.09.2021,14:48:45.713,12:48:45.713,64514,Timeline2,Tobii I-VT (Fixation),1.145.28180,1080,1920,"10,00",686674452.0,,,1072.0,512.0,1076.0,508.0,1067.0,516.0,"0,11689","0,07330","-0,99044","-0,00033","0,08002","-0,99679",,,Valid,Valid,"234,0","100,8","516,6","292,7","99,8","516,0","295,0","139,0","292,5","141,3","0,5898","0,4742","0,5935","0,4704","0,5861","0,4780",thumbnail_grossTrial,thumbnail_grossTrial.png,1245.0,1080.0,337.0,0.0,798.0,692.0,Fixation,308.0,46.0,1071.0,510.0,"0,5894","0,4719",,
25768,18818712,1400458089999,Eye Tracker,Participant0058,17.09.2021,Participant0058,Recording4,17.09.2021,17.09.2021,14:48:45.713,12:48:45.713,64514,Timeline2,Tobii I-VT (Fixation),1.145.28180,1080,1920,"10,00",686682736.0,,,1061.0,513.0,1072.0,507.0,1049.0,519.0,"0,11495","0,07294","-0,99069","-0,00997","0,08126","-0,99664",,,Valid,Valid,"234,0","100,8","516,6","292,6","99,9","516,0","293,9","138,9","287,4","141,9","0,5807","0,4751","0,5902","0,4699","0,5713","0,4803",thumbnail_grossTrial,thumbnail_grossTrial.png,1245.0,1080.0,337.0,0.0,798.0,692.0,Fixation,308.0,46.0,1071.0,510.0,"0,5894","0,4719",,
25769,18827042,1400458098329,Eye Tracker,Participant0058,17.09.2021,Participant0058,Recording4,17.09.2021,17.09.2021,14:48:45.713,12:48:45.713,64514,Timeline2,Tobii I-VT (Fixation),1.145.28180,1080,1920,"10,00",686691066.0,,,1062.0,509.0,1071.0,506.0,1054.0,513.0,"0,11420","0,07210","-0,99084","-0,00752","0,07828","-0,99690","4,15","4,58",Valid,Valid,"234,0","100,9","516,5","292,6","99,9","516,0","293,5","138,4","288,8","140,4","0,5822","0,4717","0,5892","0,4684","0,5751","0,4750",thumbnail_grossTrial,thumbnail_grossTrial.png,1245.0,1080.0,337.0,0.0,798.0,692.0,Fixation,308.0,46.0,1071.0,510.0,"0,5894","0,4719",,
25770,18835347,1400458106634,Eye Tracker,Participant0058,17.09.2021,Participant0058,Recording4,17.09.2021,17.09.2021,14:48:45.713,12:48:45.713,64514,Timeline2,Tobii I-VT (Fixation),1.145.28180,1080,1920,"10,00",686699370.0,,,1066.0,509.0,1073.0,509.0,1059.0,509.0,"0,11491","0,07363","-0,99064","-0,00487","0,07587","-0,99711",,,Valid,Valid,"234,1","100,9","516,4","292,6","99,9","515,8","294,0","139,3","290,1","139,2","0,5847","0,4711","0,5904","0,4713","0,5791","0,4709",thumbnail_grossTrial,thumbnail_grossTrial.png,1245.0,1080.0,337.0,0.0,798.0,692.0,Fixation,308.0,46.0,1071.0,510.0,"0,5894","0,4719",,
25771,18843681,1400458114968,Eye Tracker,Participant0058,17.09.2021,Participant0058,Recording4,17.09.2021,17.09.2021,14:48:45.713,12:48:45.713,64514,Timeline2,Tobii I-VT (Fixation),1.145.28180,1080,1920,"10,00",686707704.0,,,1065.0,508.0,1071.0,507.0,1058.0,509.0,"0,11417","0,07252","-0,99081","-0,00480","0,07585","-0,99711",,,Valid,Valid,"234,0","101,0","516,3","292,6","100,0","515,8","293,5","138,8","290,1","139,2","0,5840","0,4702","0,5890","0,4695","0,5790","0,4710",thumbnail_grossTrial,thumbnail_grossTrial.png,1245.0,1080.0,337.0,0.0,798.0,692.0,Fixation,308.0,46.0,1071.0,510.0,"0,5894","0,4719",,
25772,18852010,1400458123297,Eye Tracker,Participant0058,17.09.2021,Participant0058,Recording4,17.09.2021,17.09.2021,14:48:45.713,12:48:45.713,64514,Timeline2,Tobii I-VT (Fixation),1.145.28180,1080,1920,"10,00",686716033.0,,,1076.0,509.0,1072.0,508.0,1081.0,509.0,"0,11461","0,07292","-0,99073","0,00692","0,07632","-0,99706","4,16","3,95",Valid,Valid,"234,0","101,0","516,3","292,6","100,0","515,8","293,7","139,0","296,2","139,4","0,5934","0,4710","0,5898","0,4702","0,5970","0,4718",thumbnail_grossTrial,thumbnail_grossTrial.png,1245.0,1080.0,337.0,0.0,798.0,692.0,Fixation,308.0,46.0,1071.0,510.0,"0,5894","0,4719",,
25773,18860439,1400458131726,Eye Tracker,Participant0058,17.09.2021,Participant0058,Recording4,17.09.2021,17.09.2021,14:48:45.713,12:48:45.713,64514,Timeline2,Tobii I-VT (Fixation),1.145.28180,1080,1920,"10,00",686724462.0,,,1075.0,508.0,1070.0,502.0,1079.0,515.0,"0,11380","0,06994","-0,99104","0,00616","0,07881","-0,99687",,,Valid,Valid,"234,1","101,0","516,1","292,6","100,0","515,7","293,3","137,4","295,8","140,8","0,5922","0,4707","0,5886","0,4650","0,5958","0,4764",thumbnail_grossTrial,thumbnail_grossTrial.png,1245.0,1080.0,337.0,0.0,798.0,692.0,Fixation,308.0,46.0,1071.0,510.0,"0,5894","0,4719",,
25774,18868718,1400458140005,Eye Tracker,Participant0058,17.09.2021,Participant0058,Recording4,17.09.2021,17.09.2021,14:48:45.713,12:48:45.713,64514,Timeline2,Tobii I-VT (Fixation),1.145.28180,1080,1920,"10,00",686732740.0,,,1068.0,515.0,1067.0,507.0,1070.0,523.0,"0,11233","0,07238","-0,99103","0,00106","0,08324","-0,99653",,,Valid,Valid,"234,0","101,1","516,1","292,6","100,0","515,7","292,5","138,8","293,1","143,1","0,5870","0,4769","0,5861","0,4695","0,5879","0,4842",thumbnail_grossTrial,thumbnail_grossTrial.png,1245.0,1080.0,337.0,0.0,798.0,692.0,Fixation,308.0,46.0,1071.0,510.0,"0,5894","0,4719",,
25775,18877009,1400458148296,Eye Tracker,Participant0058,17.09.2021,Participant0058,Recording4,17.09.2021,17.09.2021,14:48:45.713,12:48:45.713,64514,Timeline2,Tobii I-VT (Fixation),1.145.28180,1080,1920,"10,00",686741031.0,,,1072.0,513.0,1068.0,508.0,1076.0,519.0,"0,11280","0,07276","-0,99095","0,00452","0,08133","-0,99668","4,17","4,37",Valid,Valid,"234,0","101,1","516,1","292,6","100,0","515,7","292,8","139,0","295,0","142,1","0,5901","0,4754","0,5869","0,4701","0,5933","0,4808",thumbnail_grossTrial,thumbnail_grossTrial.png,1245.0,1080.0,337.0,0.0,798.0,692.0,Fixation,308.0,46.0,1071.0,510.0,"0,5894","0,4719",,
25776,18885371,1400458156658,Eye Tracker,Participant0058,17.09.2021,Participant0058,Recording4,17.09.2021,17.09.2021,14:48:45.713,12:48:45.713,64514,Timeline2,Tobii I-VT (Fixation),1.145.28180,1080,1920,"10,00",686749393.0,,,1072.0,513.0,1070.0,513.0,1075.0,512.0,"0,11343","0,07531","-0,99069","0,00362","0,07758","-0,99698",,,Valid,Valid,"234,1","101,1","515,9","292,6","100,1","515,6","293,2","140,3","294,5","140,2","0,5900","0,4746","0,5880","0,4749","0,5920","0,4744",thumbnail_grossTrial,thumbnail_grossTrial.png,1245.0,1080.0,337.0,0.0,798.0,692.0,Fixation,308.0,46.0,1071.0,510.0,"0,5894","0,4719",,
25777,18893676,1400458164963,Eye Tracker,Participant0058,17.09.2021,Participant0058,Recording4,17.09.2021,17.09.2021,14:48:45.713,12:48:45.713,64514,Timeline2,Tobii I-VT (Fixation),1.145.28180,1080,1920,"10,00",686757698.0,,,1072.0,510.0,1068.0,513.0,1077.0,508.0,"0,11251","0,07528","-0,99080","0,00507","0,07516","-0,99716",,,Valid,Valid,"234,0","101,2","515,9","292,6","100,1","515,6","292,6","140,3","295,2","138,9","0,5902","0,4725","0,5864","0,4749","0,5941","0,4701",thumbnail_grossTrial,thumbnail_grossTrial.png,1245.0,1080.0,337.0,0.0,798.0,692.0,Fixation,308.0,46.0,1071.0,510.0,"0,5894","0,4719",,
25778,18902036,1400458173323,Eye Tracker,Participant0058,17.09.2021,Participant0058,Recording4,17.09.2021,17.09.2021,14:48:45.713,12:48:45.713,64514,Timeline2,Tobii I-VT (Fixation),1.145.28180,1080,1920,"10,00",686766057.0,,,1072.0,511.0,1068.0,513.0,1076.0,508.0,"0,11276","0,07535","-0,99076","0,00452","0,07564","-0,99713","4,18","4,40",Valid,Valid,"234,1","101,2","515,8","292,6","100,0","515,7","292,8","140,4","295,0","139,2","0,5902","0,4729","0,5869","0,4750","0,5934","0,4708",thumbnail_grossTrial,thumbnail_grossTrial.png,1245.0,1080.0,337.0,0.0,798.0,692.0,Fixation,308.0,46.0,1071.0,510.0,"0,5894","0,4719",,
25779,18910380,1400458181667,Eye Tracker,Participant0058,17.09.2021,Participant0058,Recording4,17.09.2021,17.09.2021,14:48:45.713,12:48:45.713,64514,Timeline2,Tobii I-VT (Fixation),1.145.28180,1080,1920,"10,00",686774401.0,,,1064.0,521.0,1069.0,516.0,1058.0,526.0,"0,11330","0,07692","-0,99058","-0,00502","0,08493","-0,99637",,,Valid,Valid,"234,1","101,2","515,7","292,6","100,1","515,6","293,1","141,3","290,0","144,0","0,5834","0,4826","0,5878","0,4780","0,5789","0,4873",thumbnail_grossTrial,thumbnail_grossTrial.png,1245.0,1080.0,337.0,0.0,798.0,692.0,Fixation,308.0,46.0,1071.0,510.0,"0,5894","0,4719",,
25780,18918681,1400458189968,Eye Tracker,Participant0058,17.09.2021,Participant0058,Recording4,17.09.2021,17.09.2021,14:48:45.713,12:48:45.713,64514,Timeline2,Tobii I-VT (Fixation),1.145.28180,1080,1920,"10,00",686782702.0,,,1077.0,517.0,1077.0,515.0,1076.0,518.0,"0,11760","0,07642","-0,99012","0,00459","0,08078","-0,99672",,,Valid,Valid,"234,0","101,2","515,7","292,6","100,1","515,7","295,3","141,0","295,0","141,9","0,5938","0,4785","0,5943","0,4772","0,5934","0,4799",thumbnail_grossTrial,thumbnail_grossTrial.png,1245.0,1080.0,337.0,0.0,798.0,692.0,Fixation,308.0,46.0,1071.0,510.0,"0,5894","0,4719",,
25781,18927004,1400458198291,Eye Tracker,Participant0058,17.09.2021,Participant0058,Recording4,17.09.2021,17.09.2021,14:48:45.713,12:48:45.713,64514,Timeline2,Tobii I-VT (Fixation),1.145.28180,1080,1920,"10,00",686791025.0,,,1066.0,519.0,1079.0,517.0,1053.0,521.0,"0,11846","0,07703","-0,98997","-0,00808","0,08205","-0,99660","4,19","4,45",Valid,Valid,"234,1","101,2","515,7","292,7","100,0","515,8","295,8","141,4","288,5","142,5","0,5850","0,4802","0,5957","0,4783","0,5743","0,4821",thumbnail_grossTrial,thumbnail_grossTrial.png,1245.0,1080.0,337.0,0.0,798.0,692.0,Fixation,308.0,46.0,1071.0,510.0,"0,5894","0,4719",,
25782,18935367,1400458206654,Eye Tracker,Participant0058,17.09.2021,Participant0058,Recording4,17.09.2021,17.09.2021,14:48:45.713,12:48:45.713,64514,Timeline2,Tobii I-VT (Fixation),1.145.28180,1080,1920,"10,00",686799387.0,,,1081.0,512.0,1084.0,519.0,1077.0,506.0,"0,12094","0,07831","-0,98957","0,00512","0,07411","-0,99724",,,Valid,Valid,"234,1","101,3","515,6","292,7","100,0","515,8","297,1","142,1","295,3","138,4","0,5970","0,4744","0,5996","0,4807","0,5943","0,4681",thumbnail_grossTrial,thumbnail_grossTrial.png,1245.0,1080.0,337.0,0.0,798.0,692.0,Fixation,308.0,46.0,1071.0,510.0,"0,5894","0,4719",,
25783,18943704,1400458214991,Eye Tracker,Participant0058,17.09.2021,Participant0058,Recording4,17.09.2021,17.09.2021,14:48:45.713,12:48:45.713,64514,Timeline2,Tobii I-VT (Fixation),1.145.28180,1080,1920,"10,00",686807724.0,,,1080.0,515.0,1083.0,526.0,1077.0,503.0,"0,12043","0,08201","-0,98933","0,00520","0,07297","-0,99732",,,Valid,Valid,"234,1","101,3","515,6","292,6","100,0","515,9","296,8","144,0","295,3","137,8","0,5965","0,4767","0,5987","0,4873","0,5943","0,4661",thumbnail_grossTrial,thumbnail_grossTrial.png,1245.0,1080.0,337.0,0.0,798.0,692.0,Fixation,308.0,46.0,1071.0,510.0,"0,5894","0,4719",,
25784,18952002,1400458223289,Eye Tracker,Participant0058,17.09.2021,Participant0058,Recording4,17.09.2021,17.09.2021,14:48:45.713,12:48:45.713,64514,Timeline2,Tobii I-VT (Fixation),1.145.28180,1080,1920,"10,00",686816022.0,,,1079.0,507.0,,,1079.0,507.0,,,,"0,00603","0,07487","-0,99718",,"4,44",Invalid,Valid,,,,"292,7","100,0","516,0",,,"295,8","138,7","0,5958","0,4693",,,"0,5958","0,4693",thumbnail_grossTrial,thumbnail_grossTrial.png,1245.0,1080.0,337.0,0.0,798.0,692.0,Fixation,308.0,46.0,1071.0,510.0,"0,5894","0,4719",,
25785,18960363,1400458231650,Eye Tracker,Participant0058,17.09.2021,Participant0058,Recording4,17.09.2021,17.09.2021,14:48:45.713,12:48:45.713,64514,Timeline2,Tobii I-VT (Fixation),1.145.28180,1080,1920,"10,00",686824383.0,,,1078.0,520.0,1081.0,527.0,1075.0,512.0,"0,11935","0,08234","-0,98943","0,00380","0,07773","-0,99697",,,Valid,Valid,"234,1","101,3","515,6","292,7","100,0","516,0","296,3","144,2","294,6","140,2","0,5948","0,4812","0,5972","0,4879","0,5924","0,4744",thumbnail_grossTrial,thumbnail_grossTrial.png,1245.0,1080.0,337.0,0.0,798.0,692.0,Fixation,308.0,46.0,1071.0,510.0,"0,5894","0,4719",,
25786,18968700,1400458239987,Eye Tracker,Participant0058,17.09.2021,Participant0058,Recording4,17.09.2021,17.09.2021,14:48:45.713,12:48:45.713,64514,Timeline2,Tobii I-VT (Fixation),1.145.28180,1080,1920,"10,00",686832719.0,,,1071.0,521.0,1075.0,521.0,1066.0,521.0,"0,11636","0,07908","-0,99005","-0,00066","0,08248","-0,99659",,,Valid,Valid,"234,1","101,3","515,6","292,6","100,0","516,1","294,7","142,5","292,3","142,7","0,5890","0,4824","0,5924","0,4821","0,5855","0,4828",thumbnail_grossTrial,thumbnail_grossTrial.png,1245.0,1080.0,337.0,0.0,798.0,692.0,Fixation,308.0,46.0,1071.0,510.0,"0,5894","0,4719",,
25787,18977096,1400458248383,Eye Tracker,Participant0058,17.09.2021,Participant0058,Recording4,17.09.2021,17.09.2021,14:48:45.713,12:48:45.713,64514,Timeline2,Tobii I-VT (Fixation),1.145.28180,1080,1920,"10,00",686841115.0,,,1065.0,519.0,,,1065.0,519.0,,,,"-0,00172","0,08138","-0,99668",,"4,48",Invalid,Valid,,,,"292,7","99,9","516,1",,,"291,8","142,1","0,5841","0,4807",,,"0,5841","0,4807",thumbnail_grossTrial,thumbnail_grossTrial.png,1245.0,1080.0,337.0,0.0,798.0,692.0,Fixation,308.0,46.0,1071.0,510.0,"0,5894","0,4719",,
25788,18985402,1400458256689,Eye Tracker,Participant0058,17.09.2021,Participant0058,Recording4,17.09.2021,17.09.2021,14:48:45.713,12:48:45.713,64514,Timeline2,Tobii I-VT (Fixation),1.145.28180,1080,1920,"10,00",686849421.0,,,1068.0,511.0,1072.0,502.0,1064.0,520.0,"0,11469","0,06933","-0,99098","-0,00211","0,08183","-0,99664",,,Valid,Valid,"234,1","101,3","515,7","292,7","100,0","516,1","293,8","137,3","291,6","142,3","0,5867","0,4731","0,5899","0,4647","0,5835","0,4816",thumbnail_grossTrial,thumbnail_grossTrial.png,1245.0,1080.0,337.0,0.0,798.0,692.0,Fixation,308.0,46.0,1071.0,510.0,"0,5894","0,4719",,
25789,18993695,1400458264982,Eye Tracker,Participant0058,17.09.2021,Participant0058,Recording4,17.09.2021,17.09.2021,14:48:45.713,12:48:45.713,64514,Timeline2,Tobii I-VT (Fixation),1.145.28180,1080,1920,"10,00",686857714.0,,,1061.0,499.0,1062.0,483.0,1061.0,515.0,"0,10971","0,05938","-0,99219","-0,00379","0,07924","-0,99685",,,Valid,Valid,"234,0","101,2","515,8","292,6","99,9","516,2","291,1","132,1","290,7","141,0","0,5813","0,4620","0,5819","0,4470","0,5807","0,4770",thumbnail_grossTrial,thumbnail_grossTrial.png,1245.0,1080.0,337.0,0.0,798.0,692.0,Fixation,308.0,46.0,1071.0,510.0,"0,5894","0,4719",,
25790,19002031,1400458273318,Eye Tracker,Participant0058,17.09.2021,Participant0058,Recording4,17.09.2021,17.09.2021,14:48:45.713,12:48:45.713,64514,Timeline2,Tobii I-VT (Fixation),1.145.28180,1080,1920,"10,00",686866049.0,,,1056.0,517.0,,,1056.0,517.0,,,,"-0,00653","0,08041","-0,99674",,"4,00",Invalid,Valid,,,,"292,7","99,9","516,2",,,"289,3","141,5","0,5768","0,4789",,,"0,5768","0,4789",thumbnail_grossTrial,thumbnail_grossTrial.png,1245.0,1080.0,337.0,0.0,798.0,692.0,Fixation,308.0,46.0,1071.0,510.0,"0,5894","0,4719",,
25791,19010370,1400458281657,Eye Tracker,Participant0058,17.09.2021,Participant0058,Recording4,17.09.2021,17.09.2021,14:48:45.713,12:48:45.713,64514,Timeline2,Tobii I-VT (Fixation),1.145.28180,1080,1920,"10,00",686874388.0,,,1057.0,497.0,1060.0,476.0,1055.0,518.0,"0,10827","0,05621","-0,99253","-0,00688","0,08071","-0,99671",,,Valid,Valid,"234,1","101,2","515,9","292,7","99,9","516,2","290,4","130,4","289,1","141,7","0,5781","0,4604","0,5800","0,4412","0,5762","0,4795",thumbnail_grossTrial,thumbnail_grossTrial.png,1245.0,1080.0,337.0,0.0,798.0,692.0,Fixation,308.0,46.0,1071.0,510.0,"0,5894","0,4719",,
25792,19018695,1400458289982,Eye Tracker,Participant0058,17.09.2021,Participant0058,Recording4,17.09.2021,17.09.2021,14:48:45.713,12:48:45.713,64514,Timeline2,Tobii I-VT (Fixation),1.145.28180,1080,1920,"10,00",686882713.0,,,1062.0,503.0,1062.0,492.0,1061.0,514.0,"0,10979","0,06422","-0,99188","-0,00358","0,07891","-0,99688",,,Valid,Valid,"234,1","101,1","516,0","292,7","99,9","516,3","291,2","134,6","290,8","140,8","0,5817","0,4658","0,5823","0,4553","0,5811","0,4764",thumbnail_grossTrial,thumbnail_grossTrial.png,1245.0,1080.0,337.0,0.0,798.0,692.0,Fixation,308.0,46.0,1071.0,510.0,"0,5894","0,4719",,
25793,19026997,1400458298284,Eye Tracker,Participant0058,17.09.2021,Participant0058,Recording4,17.09.2021,17.09.2021,14:48:45.713,12:48:45.713,64514,Timeline2,Tobii I-VT (Fixation),1.145.28180,1080,1920,"10,00",686891014.0,,,1068.0,519.0,,,1068.0,519.0,,,,"0,00003","0,08149","-0,99667",,"4,41",Invalid,Valid,,,,"292,7","99,9","516,3",,,"292,7","142,1","0,5868","0,4807",,,"0,5868","0,4807",thumbnail_grossTrial,thumbnail_grossTrial.png,1245.0,1080.0,337.0,0.0,798.0,692.0,Fixation,308.0,46.0,1071.0,510.0,"0,5894","0,4719",,
25794,19035330,1400458306617,Eye Tracker,Participant0058,17.09.2021,Participant0058,Recording4,17.09.2021,17.09.2021,14:48:45.713,12:48:45.713,64514,Timeline2,Tobii I-VT (Fixation),1.145.28180,1080,1920,"10,00",686899347.0,,,1063.0,502.0,1058.0,487.0,1069.0,517.0,"0,10711","0,06186","-0,99232","0,00061","0,08031","-0,99677",,,Valid,Valid,"234,1","101,1","516,2","292,7","99,9","516,3","289,8","133,3","293,0","141,5","0,5830","0,4648","0,5783","0,4508","0,5877","0,4788",thumbnail_grossTrial,thumbnail_grossTrial.png,1245.0,1080.0,337.0,0.0,798.0,692.0,Saccade,8.0,70.0,,,,,,
25795,19043694,1400458314981,Eye Tracker,Participant0058,17.09.2021,Participant0058,Recording4,17.09.2021,17.09.2021,14:48:45.713,12:48:45.713,64514,Timeline2,Tobii I-VT (Fixation),1.145.28180,1080,1920,"10,00",686907711.0,,,1081.0,522.0,1087.0,526.0,1075.0,518.0,"0,12208","0,08216","-0,98911","0,00364","0,08066","-0,99674",,,Valid,Valid,"234,1","101,0","516,3","292,7","99,9","516,3","297,8","143,9","294,6","141,7","0,5969","0,4831","0,6016","0,4869","0,5921","0,4794",thumbnail_grossTrial,thumbnail_grossTrial.png,1245.0,1080.0,337.0,0.0,798.0,692.0,Fixation,858.0,47.0,1071.0,510.0,"0,5888","0,4719",,
25796,19052073,1400458323360,Eye Tracker,Participant0058,17.09.2021,Participant0058,Recording4,17.09.2021,17.09.2021,14:48:45.713,12:48:45.713,64514,Timeline2,Tobii I-VT (Fixation),1.145.28180,1080,1920,"10,00",686916090.0,,,1069.0,514.0,,,1069.0,514.0,,,,"0,00055","0,07869","-0,99690",,"4,44",Invalid,Valid,,,,"292,7","99,9","516,3",,,"293,0","140,6","0,5876","0,4757",,,"0,5876","0,4757",thumbnail_grossTrial,thumbnail_grossTrial.png,1245.0,1080.0,337.0,0.0,798.0,692.0,Fixation,858.0,47.0,1071.0,510.0,"0,5888","0,4719",,
25797,19060327,1400458331614,Eye Tracker,Participant0058,17.09.2021,Participant0058,Recording4,17.09.2021,17.09.2021,14:48:45.713,12:48:45.713,64514,Timeline2,Tobii I-VT (Fixation),1.145.28180,1080,1920,"10,00",686924343.0,,,1076.0,519.0,1087.0,526.0,1066.0,511.0,"0,12192","0,08230","-0,98912","-0,00133","0,07731","-0,99701",,,Valid,Valid,"234,1","100,9","516,4","292,8","99,9","516,3","297,8","143,9","292,1","139,9","0,5932","0,4801","0,6016","0,4869","0,5848","0,4734",thumbnail_grossTrial,thumbnail_grossTrial.png,1245.0,1080.0,337.0,0.0,798.0,692.0,Fixation,858.0,47.0,1071.0,510.0,"0,5888","0,4719",,
25798,19068662,1400458339949,Eye Tracker,Participant0058,17.09.2021,Participant0058,Recording4,17.09.2021,17.09.2021,14:48:45.713,12:48:45.713,64514,Timeline2,Tobii I-VT (Fixation),1.145.28180,1080,1920,"10,00",686932678.0,,,1063.0,499.0,1063.0,487.0,1064.0,510.0,"0,10983","0,06222","-0,99200","-0,00239","0,07680","-0,99704",,,Valid,Valid,"234,1","100,9","516,5","292,7","99,9","516,3","291,3","133,3","291,5","139,7","0,5828","0,4617","0,5825","0,4510","0,5831","0,4725",thumbnail_grossTrial,thumbnail_grossTrial.png,1245.0,1080.0,337.0,0.0,798.0,692.0,Fixation,858.0,47.0,1071.0,510.0,"0,5888","0,4719",,
25799,19076993,1400458348280,Eye Tracker,Participant0058,17.09.2021,Participant0058,Recording4,17.09.2021,17.09.2021,14:48:45.713,12:48:45.713,64514,Timeline2,Tobii I-VT (Fixation),1.145.28180,1080,1920,"10,00",686941009.0,,,1084.0,504.0,1103.0,500.0,1065.0,508.0,"0,13062","0,06884","-0,98904","-0,00196","0,07572","-0,99713","4,79","4,55",Valid,Valid,"234,1","100,8","516,6","292,8","99,8","516,4","302,4","136,8","291,8","139,1","0,5995","0,4666","0,6150","0,4628","0,5840","0,4705",thumbnail_grossTrial,thumbnail_grossTrial.png,1245.0,1080.0,337.0,0.0,798.0,692.0,Fixation,858.0,47.0,1071.0,510.0,"0,5888","0,4719",,
25800,19085410,1400458356697,Eye Tracker,Participant0058,17.09.2021,Participant0058,Recording4,17.09.2021,17.09.2021,14:48:45.713,12:48:45.713,64514,Timeline2,Tobii I-VT (Fixation),1.145.28180,1080,1920,"10,00",686949426.0,,,1089.0,500.0,1103.0,500.0,1075.0,501.0,"0,13036","0,06879","-0,98908","0,00362","0,07175","-0,99742",,,Valid,Valid,"234,2","100,8","516,6","292,8","99,9","516,3","302,3","136,7","294,7","137,0","0,6036","0,4631","0,6148","0,4626","0,5925","0,4636",thumbnail_grossTrial,thumbnail_grossTrial.png,1245.0,1080.0,337.0,0.0,798.0,692.0,Fixation,858.0,47.0,1071.0,510.0,"0,5888","0,4719",,
25801,19093711,1400458364998,Eye Tracker,Participant0058,17.09.2021,Participant0058,Recording4,17.09.2021,17.09.2021,14:48:45.713,12:48:45.713,64514,Timeline2,Tobii I-VT (Fixation),1.145.28180,1080,1920,"10,00",686957726.0,,,1075.0,500.0,1079.0,493.0,1072.0,508.0,"0,11810","0,06527","-0,99085","0,00187","0,07564","-0,99713",,,Valid,Valid,"234,1","100,8","516,7","292,7","99,9","516,3","295,7","134,8","293,7","139,0","0,5926","0,4633","0,5955","0,4562","0,5897","0,4704",thumbnail_grossTrial,thumbnail_grossTrial.png,1245.0,1080.0,337.0,0.0,798.0,692.0,Fixation,858.0,47.0,1071.0,510.0,"0,5888","0,4719",,
25802,19101991,1400458373278,Eye Tracker,Participant0058,17.09.2021,Participant0058,Recording4,17.09.2021,17.09.2021,14:48:45.713,12:48:45.713,64514,Timeline2,Tobii I-VT (Fixation),1.145.28180,1080,1920,"10,00",686966006.0,,,1070.0,506.0,1065.0,502.0,1076.0,511.0,"0,11064","0,07016","-0,99138","0,00392","0,07705","-0,99702","4,13","4,39",Valid,Valid,"234,2","100,7","516,8","292,8","99,8","516,4","291,8","137,3","294,9","139,7","0,5886","0,4687","0,5842","0,4646","0,5930","0,4728",thumbnail_grossTrial,thumbnail_grossTrial.png,1245.0,1080.0,337.0,0.0,798.0,692.0,Fixation,858.0,47.0,1071.0,510.0,"0,5888","0,4719",,
25803,19110324,1400458381611,Eye Tracker,Participant0058,17.09.2021,Participant0058,Recording4,17.09.2021,17.09.2021,14:48:45.713,12:48:45.713,64514,Timeline2,Tobii I-VT (Fixation),1.145.28180,1080,1920,"10,00",686974339.0,,,1070.0,514.0,1072.0,506.0,1067.0,523.0,"0,11441","0,07212","-0,99081","-0,00063","0,08344","-0,99651",,,Valid,Valid,"234,2","100,7","516,8","292,8","99,9","516,3","293,9","138,4","292,5","143,1","0,5881","0,4761","0,5901","0,4681","0,5861","0,4842",thumbnail_grossTrial,thumbnail_grossTrial.png,1245.0,1080.0,337.0,0.0,798.0,692.0,Fixation,858.0,47.0,1071.0,510.0,"0,5888","0,4719",,
25804,19118667,1400458389954,Eye Tracker,Participant0058,17.09.2021,Participant0058,Recording4,17.09.2021,17.09.2021,14:48:45.713,12:48:45.713,64514,Timeline2,Tobii I-VT (Fixation),1.145.28180,1080,1920,"10,00",686982682.0,,,1072.0,512.0,1071.0,511.0,1072.0,514.0,"0,11386","0,07477","-0,99068","0,00195","0,07874","-0,99689",,,Valid,Valid,"234,1","100,7","516,8","292,8","99,9","516,4","293,5","139,7","293,8","140,6","0,5895","0,4743","0,5892","0,4728","0,5899","0,4759",thumbnail_grossTrial,thumbnail_grossTrial.png,1245.0,1080.0,337.0,0.0,798.0,692.0,Fixation,858.0,47.0,1071.0,510.0,"0,5888","0,4719",,
25805,19127017,1400458398304,Eye Tracker,Participant0058,17.09.2021,Participant0058,Recording4,17.09.2021,17.09.2021,14:48:45.713,12:48:45.713,64514,Timeline2,Tobii I-VT (Fixation),1.145.28180,1080,1920,"10,00",686991031.0,,,1071.0,513.0,,,1071.0,513.0,,,,"0,00128","0,07852","-0,99691",,"4,36",Invalid,Valid,,,,"292,8","99,8","516,4",,,"293,5","140,5","0,5890","0,4753",,,"0,5890","0,4753",thumbnail_grossTrial,thumbnail_grossTrial.png,1245.0,1080.0,337.0,0.0,798.0,692.0,Fixation,858.0,47.0,1071.0,510.0,"0,5888","0,4719",,
25806,19135349,1400458406636,Eye Tracker,Participant0058,17.09.2021,Participant0058,Recording4,17.09.2021,17.09.2021,14:48:45.713,12:48:45.713,64514,Timeline2,Tobii I-VT (Fixation),1.145.28180,1080,1920,"10,00",686999363.0,,,1064.0,501.0,1056.0,495.0,1072.0,507.0,"0,10616","0,06654","-0,99212","0,00183","0,07489","-0,99719",,,Valid,Valid,"234,2","100,7","516,8","292,8","99,8","516,4","289,5","135,4","293,8","138,6","0,5836","0,4635","0,5773","0,4581","0,5899","0,4690",thumbnail_grossTrial,thumbnail_grossTrial.png,1245.0,1080.0,337.0,0.0,798.0,692.0,Fixation,858.0,47.0,1071.0,510.0,"0,5888","0,4719",,
25807,19143655,1400458414942,Eye Tracker,Participant0058,17.09.2021,Participant0058,Recording4,17.09.2021,17.09.2021,14:48:45.713,12:48:45.713,64514,Timeline2,Tobii I-VT (Fixation),1.145.28180,1080,1920,"10,00",687007669.0,,,1063.0,502.0,1058.0,493.0,1068.0,511.0,"0,10726","0,06550","-0,99207","-0,00027","0,07710","-0,99702",,,Valid,Valid,"234,1","100,7","516,9","292,8","99,8","516,4","290,0","134,8","292,6","139,8","0,5826","0,4645","0,5788","0,4562","0,5865","0,4729",thumbnail_grossTrial,thumbnail_grossTrial.png,1245.0,1080.0,337.0,0.0,798.0,692.0,Fixation,858.0,47.0,1071.0,510.0,"0,5888","0,4719",,
25808,19152028,1400458423315,Eye Tracker,Participant0058,17.09.2021,Participant0058,Recording4,17.09.2021,17.09.2021,14:48:45.713,12:48:45.713,64514,Timeline2,Tobii I-VT (Fixation),1.145.28180,1080,1920,"10,00",687016042.0,,,1064.0,502.0,1059.0,492.0,1069.0,512.0,"0,10788","0,06537","-0,99201","0,00049","0,07785","-0,99697","4,09","4,30",Valid,Valid,"234,1","100,7","516,9","292,8","99,8","516,4","290,4","134,7","293,1","140,1","0,5838","0,4650","0,5799","0,4559","0,5878","0,4741",thumbnail_grossTrial,thumbnail_grossTrial.png,1245.0,1080.0,337.0,0.0,798.0,692.0,Fixation,858.0,47.0,1071.0,510.0,"0,5888","0,4719",,
25809,19160366,1400458431653,Eye Tracker,Participant0058,17.09.2021,Participant0058,Recording4,17.09.2021,17.09.2021,14:48:45.713,12:48:45.713,64514,Timeline2,Tobii I-VT (Fixation),1.145.28180,1080,1920,"10,00",687024379.0,,,1070.0,504.0,1067.0,495.0,1073.0,513.0,"0,11166","0,06646","-0,99152","0,00217","0,07852","-0,99691",,,Valid,Valid,"234,2","100,7","516,9","292,8","99,8","516,4","292,4","135,3","293,9","140,5","0,5880","0,4666","0,5858","0,4579","0,5903","0,4754",thumbnail_grossTrial,thumbnail_grossTrial.png,1245.0,1080.0,337.0,0.0,798.0,692.0,Fixation,858.0,47.0,1071.0,510.0,"0,5888","0,4719",,
25810,19168713,1400458440000,Eye Tracker,Participant0058,17.09.2021,Participant0058,Recording4,17.09.2021,17.09.2021,14:48:45.713,12:48:45.713,64514,Timeline2,Tobii I-VT (Fixation),1.145.28180,1080,1920,"10,00",687032726.0,,,1069.0,500.0,1065.0,484.0,1074.0,515.0,"0,11080","0,06117","-0,99196","0,00288","0,07919","-0,99686",,,Valid,Valid,"234,1","100,7","517,0","292,8","99,9","516,4","291,8","132,5","294,2","140,9","0,5877","0,4625","0,5842","0,4484","0,5912","0,4766",thumbnail_grossTrial,thumbnail_grossTrial.png,1245.0,1080.0,337.0,0.0,798.0,692.0,Fixation,858.0,47.0,1071.0,510.0,"0,5888","0,4719",,
25811,19177023,1400458448310,Eye Tracker,Participant0058,17.09.2021,Participant0058,Recording4,17.09.2021,17.09.2021,14:48:45.713,12:48:45.713,64514,Timeline2,Tobii I-VT (Fixation),1.145.28180,1080,1920,"10,00",687041036.0,,,1068.0,498.0,1064.0,485.0,1072.0,511.0,"0,11040","0,06171","-0,99197","0,00213","0,07745","-0,99699","4,08","4,33",Valid,Valid,"234,1","100,6","517,1","292,8","99,8","516,3","291,7","132,8","293,9","139,9","0,5870","0,4613","0,5837","0,4492","0,5902","0,4735",thumbnail_grossTrial,thumbnail_grossTrial.png,1245.0,1080.0,337.0,0.0,798.0,692.0,Fixation,858.0,47.0,1071.0,510.0,"0,5888","0,4719",,
25812,19185348,1400458456635,Eye Tracker,Participant0058,17.09.2021,Participant0058,Recording4,17.09.2021,17.09.2021,14:48:45.713,12:48:45.713,64514,Timeline2,Tobii I-VT (Fixation),1.145.28180,1080,1920,"10,00",687049361.0,,,1064.0,500.0,1063.0,487.0,1066.0,512.0,"0,10984","0,06292","-0,99196","-0,00143","0,07770","-0,99698",,,Valid,Valid,"234,2","100,6","517,1","292,8","99,9","516,2","291,4","133,4","292,1","140,1","0,5839","0,4628","0,5830","0,4514","0,5848","0,4742",thumbnail_grossTrial,thumbnail_grossTrial.png,1245.0,1080.0,337.0,0.0,798.0,692.0,Fixation,858.0,47.0,1071.0,510.0,"0,5888","0,4719",,
25813,19193763,1400458465050,Eye Tracker,Participant0058,17.09.2021,Participant0058,Recording4,17.09.2021,17.09.2021,14:48:45.713,12:48:45.713,64514,Timeline2,Tobii I-VT (Fixation),1.145.28180,1080,1920,"10,00",687057775.0,,,1068.0,504.0,1060.0,501.0,1076.0,508.0,"0,10818","0,06983","-0,99168","0,00431","0,07534","-0,99715",,,Valid,Valid,"234,1","100,6","517,2","292,7","99,9","516,2","290,5","137,0","295,0","138,9","0,5868","0,4668","0,5804","0,4636","0,5933","0,4701",thumbnail_grossTrial,thumbnail_grossTrial.png,1245.0,1080.0,337.0,0.0,798.0,692.0,Fixation,858.0,47.0,1071.0,510.0,"0,5888","0,4719",,
25814,19202007,1400458473294,Eye Tracker,Participant0058,17.09.2021,Participant0058,Recording4,17.09.2021,17.09.2021,14:48:45.713,12:48:45.713,64514,Timeline2,Tobii I-VT (Fixation),1.145.28180,1080,1920,"10,00",687066019.0,,,1064.0,506.0,1060.0,500.0,1069.0,511.0,"0,10794","0,06955","-0,99172","0,00034","0,07719","-0,99702","4,08","3,91",Valid,Valid,"234,1","100,5","517,3","292,8","99,9","516,2","290,4","136,8","293,0","139,9","0,5838","0,4681","0,5801","0,4629","0,5875","0,4733",thumbnail_grossTrial,thumbnail_grossTrial.png,1245.0,1080.0,337.0,0.0,798.0,692.0,Fixation,858.0,47.0,1071.0,510.0,"0,5888","0,4719",,
25815,19210365,1400458481652,Eye Tracker,Participant0058,17.09.2021,Participant0058,Recording4,17.09.2021,17.09.2021,14:48:45.713,12:48:45.713,64514,Timeline2,Tobii I-VT (Fixation),1.145.28180,1080,1920,"10,00",687074377.0,,,1073.0,512.0,1070.0,510.0,1076.0,514.0,"0,11298","0,07496","-0,99077","0,00386","0,07843","-0,99691",,,Valid,Valid,"234,2","100,5","517,3","292,8","100,0","516,1","293,2","139,7","294,8","140,6","0,5904","0,4741","0,5881","0,4726","0,5928","0,4757",thumbnail_grossTrial,thumbnail_grossTrial.png,1245.0,1080.0,337.0,0.0,798.0,692.0,Fixation,858.0,47.0,1071.0,510.0,"0,5888","0,4719",,
25816,19218680,1400458489967,Eye Tracker,Participant0058,17.09.2021,Participant0058,Recording4,17.09.2021,17.09.2021,14:48:45.713,12:48:45.713,64514,Timeline2,Tobii I-VT (Fixation),1.145.28180,1080,1920,"10,00",687082692.0,,,1071.0,508.0,1074.0,502.0,1068.0,515.0,"0,11545","0,07055","-0,99080","-0,00002","0,07880","-0,99689",,,Valid,Valid,"234,1","100,5","517,4","292,7","100,0","516,0","294,4","137,4","292,7","140,8","0,5892","0,4706","0,5917","0,4648","0,5868","0,4765",thumbnail_grossTrial,thumbnail_grossTrial.png,1245.0,1080.0,337.0,0.0,798.0,692.0,Fixation,858.0,47.0,1071.0,510.0,"0,5888","0,4719",,
25817,19226980,1400458498267,Eye Tracker,Participant0058,17.09.2021,Participant0058,Recording4,17.09.2021,17.09.2021,14:48:45.713,12:48:45.713,64514,Timeline2,Tobii I-VT (Fixation),1.145.28180,1080,1920,"10,00",687090991.0,,,1077.0,506.0,1074.0,502.0,1079.0,510.0,"0,11526","0,07076","-0,99081","0,00586","0,07633","-0,99707","4,06","4,26",Valid,Valid,"234,2","100,5","517,5","292,8","100,0","516,0","294,3","137,4","295,8","139,5","0,5937","0,4685","0,5915","0,4650","0,5959","0,4721",thumbnail_grossTrial,thumbnail_grossTrial.png,1245.0,1080.0,337.0,0.0,798.0,692.0,Fixation,858.0,47.0,1071.0,510.0,"0,5888","0,4719",,
25818,19235344,1400458506631,Eye Tracker,Participant0058,17.09.2021,Participant0058,Recording4,17.09.2021,17.09.2021,14:48:45.713,12:48:45.713,64514,Timeline2,Tobii I-VT (Fixation),1.145.28180,1080,1920,"10,00",687099355.0,,,1074.0,503.0,1073.0,500.0,1074.0,506.0,"0,11456","0,06969","-0,99097","0,00325","0,07428","-0,99723",,,Valid,Valid,"234,2","100,5","517,5","292,8","100,1","515,9","294,0","136,9","294,5","138,5","0,5912","0,4659","0,5905","0,4631","0,5918","0,4687",thumbnail_grossTrial,thumbnail_grossTrial.png,1245.0,1080.0,337.0,0.0,798.0,692.0,Fixation,858.0,47.0,1071.0,510.0,"0,5888","0,4719",,
25819,19243647,1400458514934,Eye Tracker,Participant0058,17.09.2021,Participant0058,Recording4,17.09.2021,17.09.2021,14:48:45.713,12:48:45.713,64514,Timeline2,Tobii I-VT (Fixation),1.145.28180,1080,1920,"10,00",687107658.0,,,1071.0,506.0,1070.0,501.0,1072.0,511.0,"0,11314","0,07031","-0,99109","0,00213","0,07692","-0,99703",,,Valid,Valid,"234,1","100,5","517,6","292,7","100,1","515,9","293,2","137,2","293,8","139,9","0,5891","0,4687","0,5881","0,4641","0,5900","0,4734",thumbnail_grossTrial,thumbnail_grossTrial.png,1245.0,1080.0,337.0,0.0,798.0,692.0,Fixation,858.0,47.0,1071.0,510.0,"0,5888","0,4719",,
25820,19251997,1400458523284,Eye Tracker,Participant0058,17.09.2021,Participant0058,Recording4,17.09.2021,17.09.2021,14:48:45.713,12:48:45.713,64514,Timeline2,Tobii I-VT (Fixation),1.145.28180,1080,1920,"10,00",687116008.0,,,1068.0,510.0,1070.0,504.0,1066.0,517.0,"0,11336","0,07169","-0,99096","-0,00097","0,08001","-0,99679","4,06","4,25",Valid,Valid,"234,1","100,4","517,7","292,8","100,1","515,9","293,4","137,9","292,3","141,5","0,5870","0,4726","0,5886","0,4664","0,5855","0,4788",thumbnail_grossTrial,thumbnail_grossTrial.png,1245.0,1080.0,337.0,0.0,798.0,692.0,Fixation,858.0,47.0,1071.0,510.0,"0,5888","0,4719",,
25821,19260317,1400458531604,Eye Tracker,Participant0058,17.09.2021,Participant0058,Recording4,17.09.2021,17.09.2021,14:48:45.713,12:48:45.713,64514,Timeline2,Tobii I-VT (Fixation),1.145.28180,1080,1920,"10,00",687124327.0,,,1063.0,508.0,1062.0,497.0,1065.0,519.0,"0,10886","0,06830","-0,99171","-0,00182","0,08111","-0,99670",,,Valid,Valid,"234,2","100,4","517,7","292,8","100,1","515,8","291,0","136,1","291,8","142,1","0,5829","0,4706","0,5817","0,4604","0,5841","0,4809",thumbnail_grossTrial,thumbnail_grossTrial.png,1245.0,1080.0,337.0,0.0,798.0,692.0,Fixation,858.0,47.0,1071.0,510.0,"0,5888","0,4719",,
25822,19268651,1400458539938,Eye Tracker,Participant0058,17.09.2021,Participant0058,Recording4,17.09.2021,17.09.2021,14:48:45.713,12:48:45.713,64514,Timeline2,Tobii I-VT (Fixation),1.145.28180,1080,1920,"10,00",687132661.0,,,1067.0,508.0,1064.0,503.0,1070.0,514.0,"0,10990","0,07138","-0,99138","0,00094","0,07821","-0,99694",,,Valid,Valid,"234,1","100,4","517,7","292,7","100,1","515,8","291,5","137,7","293,2","140,6","0,5856","0,4708","0,5831","0,4658","0,5881","0,4757",thumbnail_grossTrial,thumbnail_grossTrial.png,1245.0,1080.0,337.0,0.0,798.0,692.0,Fixation,858.0,47.0,1071.0,510.0,"0,5888","0,4719",,
25823,19277064,1400458548351,Eye Tracker,Participant0058,17.09.2021,Participant0058,Recording4,17.09.2021,17.09.2021,14:48:45.713,12:48:45.713,64514,Timeline2,Tobii I-VT (Fixation),1.145.28180,1080,1920,"10,00",687141074.0,,,1067.0,505.0,1066.0,499.0,1069.0,511.0,"0,11096","0,06959","-0,99139","0,00016","0,07656","-0,99706","4,05","4,41",Valid,Valid,"234,1","100,3","517,8","292,8","100,1","515,8","292,1","136,7","292,9","139,7","0,5860","0,4676","0,5849","0,4625","0,5871","0,4727",thumbnail_grossTrial,thumbnail_grossTrial.png,1245.0,1080.0,337.0,0.0,798.0,692.0,Fixation,858.0,47.0,1071.0,510.0,"0,5888","0,4719",,
25824,19285346,1400458556633,Eye Tracker,Participant0058,17.09.2021,Participant0058,Recording4,17.09.2021,17.09.2021,14:48:45.713,12:48:45.713,64514,Timeline2,Tobii I-VT (Fixation),1.145.28180,1080,1920,"10,00",687149356.0,,,1070.0,505.0,1066.0,501.0,1075.0,509.0,"0,11086","0,07050","-0,99133","0,00346","0,07564","-0,99713",,,Valid,Valid,"234,2","100,4","517,8","292,8","100,1","515,8","292,1","137,2","294,5","139,3","0,5885","0,4677","0,5848","0,4641","0,5921","0,4712",thumbnail_grossTrial,thumbnail_grossTrial.png,1245.0,1080.0,337.0,0.0,798.0,692.0,Fixation,858.0,47.0,1071.0,510.0,"0,5888","0,4719",,
25825,19293682,1400458564969,Eye Tracker,Participant0058,17.09.2021,Participant0058,Recording4,17.09.2021,17.09.2021,14:48:45.713,12:48:45.713,64514,Timeline2,Tobii I-VT (Fixation),1.145.28180,1080,1920,"10,00",687157691.0,,,1068.0,504.0,1066.0,500.0,1070.0,509.0,"0,11095","0,06985","-0,99137","0,00119","0,07570","-0,99713",,,Valid,Valid,"234,1","100,4","517,8","292,7","100,1","515,9","292,0","136,8","293,3","139,3","0,5866","0,4671","0,5847","0,4630","0,5885","0,4712",thumbnail_grossTrial,thumbnail_grossTrial.png,1245.0,1080.0,337.0,0.0,798.0,692.0,Fixation,858.0,47.0,1071.0,510.0,"0,5888","0,4719",,
25826,19302010,1400458573297,Eye Tracker,Participant0058,17.09.2021,Participant0058,Recording4,17.09.2021,17.09.2021,14:48:45.713,12:48:45.713,64514,Timeline2,Tobii I-VT (Fixation),1.145.28180,1080,1920,"10,00",687166019.0,,,1070.0,508.0,1065.0,504.0,1074.0,512.0,"0,11070","0,07175","-0,99126","0,00308","0,07758","-0,99698","4,05","4,22",Valid,Valid,"234,1","100,3","517,9","292,8","100,1","515,9","292,0","137,8","294,4","140,2","0,5881","0,4703","0,5845","0,4662","0,5916","0,4743",thumbnail_grossTrial,thumbnail_grossTrial.png,1245.0,1080.0,337.0,0.0,798.0,692.0,Fixation,858.0,47.0,1071.0,510.0,"0,5888","0,4719",,
25827,19310372,1400458581659,Eye Tracker,Participant0058,17.09.2021,Participant0058,Recording4,17.09.2021,17.09.2021,14:48:45.713,12:48:45.713,64514,Timeline2,Tobii I-VT (Fixation),1.145.28180,1080,1920,"10,00",687174381.0,,,1075.0,509.0,1072.0,512.0,1077.0,507.0,"0,11425","0,07612","-0,99053","0,00478","0,07464","-0,99720",,,Valid,Valid,"234,2","100,3","517,8","292,8","100,1","515,9","293,9","140,1","295,2","138,7","0,5921","0,4717","0,5902","0,4741","0,5941","0,4692",thumbnail_grossTrial,thumbnail_grossTrial.png,1245.0,1080.0,337.0,0.0,798.0,692.0,Fixation,858.0,47.0,1071.0,510.0,"0,5888","0,4719",,
25828,19318669,1400458589956,Eye Tracker,Participant0058,17.09.2021,Participant0058,Recording4,17.09.2021,17.09.2021,14:48:45.713,12:48:45.713,64514,Timeline2,Tobii I-VT (Fixation),1.145.28180,1080,1920,"10,00",687182678.0,,,1070.0,516.0,1064.0,520.0,1075.0,511.0,"0,11004","0,08052","-0,99066","0,00386","0,07692","-0,99703",,,Valid,Valid,"234,1","100,4","517,8","292,7","100,0","516,0","291,6","142,4","294,7","139,8","0,5880","0,4775","0,5835","0,4819","0,5926","0,4731",thumbnail_grossTrial,thumbnail_grossTrial.png,1245.0,1080.0,337.0,0.0,798.0,692.0,Fixation,858.0,47.0,1071.0,510.0,"0,5888","0,4719",,
25829,19327004,1400458598291,Eye Tracker,Participant0058,17.09.2021,Participant0058,Recording4,17.09.2021,17.09.2021,14:48:45.713,12:48:45.713,64514,Timeline2,Tobii I-VT (Fixation),1.145.28180,1080,1920,"10,00",687191012.0,,,1074.0,506.0,1073.0,508.0,1075.0,504.0,"0,11473","0,07404","-0,99063","0,00331","0,07330","-0,99730","4,03","4,40",Valid,Valid,"234,1","100,3","517,8","292,8","100,0","516,1","294,1","139,0","294,5","137,9","0,5914","0,4685","0,5908","0,4704","0,5920","0,4666",thumbnail_grossTrial,thumbnail_grossTrial.png,1245.0,1080.0,337.0,0.0,798.0,692.0,Fixation,858.0,47.0,1071.0,510.0,"0,5888","0,4719",,
25830,19335368,1400458606655,Eye Tracker,Participant0058,17.09.2021,Participant0058,Recording4,17.09.2021,17.09.2021,14:48:45.713,12:48:45.713,64514,Timeline2,Tobii I-VT (Fixation),1.145.28180,1080,1920,"10,00",687199376.0,,,1067.0,503.0,1066.0,499.0,1068.0,507.0,"0,11109","0,06953","-0,99138","-0,00002","0,07464","-0,99721",,,Valid,Valid,"234,2","100,4","517,7","292,8","100,0","516,2","292,2","136,7","292,8","138,6","0,5860","0,4657","0,5852","0,4625","0,5869","0,4690",thumbnail_grossTrial,thumbnail_grossTrial.png,1245.0,1080.0,337.0,0.0,798.0,692.0,Fixation,858.0,47.0,1071.0,510.0,"0,5888","0,4719",,
25831,19343676,1400458614963,Eye Tracker,Participant0058,17.09.2021,Participant0058,Recording4,17.09.2021,17.09.2021,14:48:45.713,12:48:45.713,64514,Timeline2,Tobii I-VT (Fixation),1.145.28180,1080,1920,"10,00",687207684.0,,,1071.0,502.0,1066.0,503.0,1077.0,502.0,"0,11109","0,07120","-0,99126","0,00461","0,07239","-0,99737",,,Valid,Valid,"234,1","100,4","517,7","292,7","99,9","516,3","292,1","137,6","295,1","137,4","0,5894","0,4652","0,5849","0,4655","0,5938","0,4649",thumbnail_grossTrial,thumbnail_grossTrial.png,1245.0,1080.0,337.0,0.0,798.0,692.0,Fixation,858.0,47.0,1071.0,510.0,"0,5888","0,4719",,
25832,19351969,1400458623256,Eye Tracker,Participant0058,17.09.2021,Participant0058,Recording4,17.09.2021,17.09.2021,14:48:45.713,12:48:45.713,64514,Timeline2,Tobii I-VT (Fixation),1.145.28180,1080,1920,"10,00",687215977.0,,,1072.0,508.0,1067.0,505.0,1077.0,510.0,"0,11145","0,07219","-0,99114","0,00461","0,07683","-0,99703","4,01","4,22",Valid,Valid,"234,1","100,4","517,6","292,8","99,9","516,4","292,3","138,1","295,2","139,7","0,5898","0,4699","0,5857","0,4673","0,5940","0,4726",thumbnail_grossTrial,thumbnail_grossTrial.png,1245.0,1080.0,337.0,0.0,798.0,692.0,Fixation,858.0,47.0,1071.0,510.0,"0,5888","0,4719",,
25833,19360343,1400458631630,Eye Tracker,Participant0058,17.09.2021,Participant0058,Recording4,17.09.2021,17.09.2021,14:48:45.713,12:48:45.713,64514,Timeline2,Tobii I-VT (Fixation),1.145.28180,1080,1920,"10,00",687224350.0,,,1076.0,512.0,1074.0,508.0,1078.0,516.0,"0,11505","0,07400","-0,99060","0,00521","0,07987","-0,99679",,,Valid,Valid,"234,2","100,5","517,5","292,8","99,9","516,4","294,3","139,1","295,5","141,3","0,5931","0,4744","0,5913","0,4707","0,5950","0,4780",thumbnail_grossTrial,thumbnail_grossTrial.png,1245.0,1080.0,337.0,0.0,798.0,692.0,Fixation,858.0,47.0,1071.0,510.0,"0,5888","0,4719",,
25834,19368680,1400458639967,Eye Tracker,Participant0058,17.09.2021,Participant0058,Recording4,17.09.2021,17.09.2021,14:48:45.713,12:48:45.713,64514,Timeline2,Tobii I-VT (Fixation),1.145.28180,1080,1920,"10,00",687232687.0,,,1074.0,514.0,1078.0,505.0,1069.0,522.0,"0,11759","0,07238","-0,99042","0,00049","0,08285","-0,99656",,,Valid,Valid,"234,1","100,5","517,4","292,8","99,9","516,5","295,5","138,3","293,0","142,8","0,5914","0,4756","0,5950","0,4680","0,5877","0,4832",thumbnail_grossTrial,thumbnail_grossTrial.png,1245.0,1080.0,337.0,0.0,798.0,692.0,Fixation,858.0,47.0,1071.0,510.0,"0,5888","0,4719",,
25835,19377049,1400458648336,Eye Tracker,Participant0058,17.09.2021,Participant0058,Recording4,17.09.2021,17.09.2021,14:48:45.713,12:48:45.713,64514,Timeline2,Tobii I-VT (Fixation),1.145.28180,1080,1920,"10,00",687241056.0,,,1066.0,517.0,,,1066.0,517.0,,,,"-0,00145","0,08042","-0,99676",,"3,85",Invalid,Valid,,,,"292,8","99,8","516,5",,,"292,1","141,5","0,5849","0,4788",,,"0,5849","0,4788",thumbnail_grossTrial,thumbnail_grossTrial.png,1245.0,1080.0,337.0,0.0,798.0,692.0,Fixation,858.0,47.0,1071.0,510.0,"0,5888","0,4719",,
25836,19385342,1400458656629,Eye Tracker,Participant0058,17.09.2021,Participant0058,Recording4,17.09.2021,17.09.2021,14:48:45.713,12:48:45.713,64514,Timeline2,Tobii I-VT (Fixation),1.145.28180,1080,1920,"10,00",687249349.0,,,1070.0,508.0,1076.0,503.0,1063.0,514.0,"0,11655","0,07089","-0,99065","-0,00313","0,07853","-0,99691",,,Valid,Valid,"234,2","100,6","517,2","292,9","99,9","516,4","295,0","137,6","291,2","140,6","0,5880","0,4706","0,5935","0,4655","0,5824","0,4756",thumbnail_grossTrial,thumbnail_grossTrial.png,1245.0,1080.0,337.0,0.0,798.0,692.0,Fixation,858.0,47.0,1071.0,510.0,"0,5888","0,4719",,
25837,19393719,1400458665006,Eye Tracker,Participant0058,17.09.2021,Participant0058,Recording4,17.09.2021,17.09.2021,14:48:45.713,12:48:45.713,64514,Timeline2,Tobii I-VT (Fixation),1.145.28180,1080,1920,"10,00",687257725.0,,,1069.0,505.0,1073.0,498.0,1066.0,512.0,"0,11482","0,06856","-0,99102","-0,00130","0,07781","-0,99697",,,Valid,Valid,"234,2","100,6","517,1","292,8","99,9","516,5","294,1","136,4","292,1","140,2","0,5879","0,4679","0,5907","0,4614","0,5850","0,4743",thumbnail_grossTrial,thumbnail_grossTrial.png,1245.0,1080.0,337.0,0.0,798.0,692.0,Fixation,858.0,47.0,1071.0,510.0,"0,5888","0,4719",,
25838,19402054,1400458673341,Eye Tracker,Participant0058,17.09.2021,Participant0058,Recording4,17.09.2021,17.09.2021,14:48:45.713,12:48:45.713,64514,Timeline2,Tobii I-VT (Fixation),1.145.28180,1080,1920,"10,00",687266060.0,,,1072.0,505.0,1075.0,502.0,1069.0,509.0,"0,11558","0,07063","-0,99078","0,00025","0,07605","-0,99710","3,99","4,35",Valid,Valid,"234,2","100,6","517,1","292,9","99,8","516,5","294,5","137,4","293,0","139,2","0,5898","0,4680","0,5920","0,4650","0,5876","0,4711",thumbnail_grossTrial,thumbnail_grossTrial.png,1245.0,1080.0,337.0,0.0,798.0,692.0,Fixation,858.0,47.0,1071.0,510.0,"0,5888","0,4719",,
25839,19410328,1400458681615,Eye Tracker,Participant0058,17.09.2021,Participant0058,Recording4,17.09.2021,17.09.2021,14:48:45.713,12:48:45.713,64514,Timeline2,Tobii I-VT (Fixation),1.145.28180,1080,1920,"10,00",687274334.0,,,1069.0,505.0,1071.0,501.0,1067.0,509.0,"0,11391","0,06974","-0,99104","-0,00069","0,07616","-0,99710",,,Valid,Valid,"234,2","100,7","517,0","292,9","99,9","516,4","293,6","137,0","292,5","139,3","0,5878","0,4675","0,5894","0,4637","0,5862","0,4714",thumbnail_grossTrial,thumbnail_grossTrial.png,1245.0,1080.0,337.0,0.0,798.0,692.0,Fixation,858.0,47.0,1071.0,510.0,"0,5888","0,4719",,
25840,19418664,1400458689951,Eye Tracker,Participant0058,17.09.2021,Participant0058,Recording4,17.09.2021,17.09.2021,14:48:45.713,12:48:45.713,64514,Timeline2,Tobii I-VT (Fixation),1.145.28180,1080,1920,"10,00",687282670.0,,,1066.0,510.0,1066.0,507.0,1066.0,512.0,"0,11141","0,07316","-0,99108","-0,00121","0,07763","-0,99698",,,Valid,Valid,"234,2","100,7","516,9","292,8","99,9","516,4","292,3","138,8","292,2","140,1","0,5853","0,4719","0,5855","0,4698","0,5852","0,4741",thumbnail_grossTrial,thumbnail_grossTrial.png,1245.0,1080.0,337.0,0.0,798.0,692.0,Fixation,858.0,47.0,1071.0,510.0,"0,5888","0,4719",,
25841,19426992,1400458698279,Eye Tracker,Participant0058,17.09.2021,Participant0058,Recording4,17.09.2021,17.09.2021,14:48:45.713,12:48:45.713,64514,Timeline2,Tobii I-VT (Fixation),1.145.28180,1080,1920,"10,00",687290997.0,,,1066.0,511.0,1067.0,507.0,1065.0,514.0,"0,11168","0,07321","-0,99104","-0,00180","0,07897","-0,99688","3,98","4,33",Valid,Valid,"234,2","100,7","516,9","292,9","99,9","516,4","292,5","138,9","291,9","140,8","0,5852","0,4731","0,5860","0,4698","0,5844","0,4763",thumbnail_grossTrial,thumbnail_grossTrial.png,1245.0,1080.0,337.0,0.0,798.0,692.0,Fixation,858.0,47.0,1071.0,510.0,"0,5888","0,4719",,
25842,19435334,1400458706621,Eye Tracker,Participant0058,17.09.2021,Participant0058,Recording4,17.09.2021,17.09.2021,14:48:45.713,12:48:45.713,64514,Timeline2,Tobii I-VT (Fixation),1.145.28180,1080,1920,"10,00",687299339.0,,,1068.0,513.0,1065.0,511.0,1071.0,516.0,"0,11060","0,07494","-0,99104","0,00149","0,07952","-0,99683",,,Valid,Valid,"234,2","100,7","516,8","292,9","100,0","516,2","291,9","139,8","293,6","141,1","0,5869","0,4752","0,5843","0,4730","0,5894","0,4775",thumbnail_grossTrial,thumbnail_grossTrial.png,1245.0,1080.0,337.0,0.0,798.0,692.0,Fixation,858.0,47.0,1071.0,510.0,"0,5888","0,4719",,
25843,19443697,1400458714984,Eye Tracker,Participant0058,17.09.2021,Participant0058,Recording4,17.09.2021,17.09.2021,14:48:45.713,12:48:45.713,64514,Timeline2,Tobii I-VT (Fixation),1.145.28180,1080,1920,"10,00",687307702.0,,,1071.0,513.0,1070.0,513.0,1072.0,513.0,"0,11332","0,07579","-0,99066","0,00206","0,07811","-0,99694",,,Valid,Valid,"234,2","100,7","516,8","292,8","100,0","516,2","293,3","140,3","293,9","140,4","0,5893","0,4748","0,5884","0,4746","0,5901","0,4751",thumbnail_grossTrial,thumbnail_grossTrial.png,1245.0,1080.0,337.0,0.0,798.0,692.0,Fixation,858.0,47.0,1071.0,510.0,"0,5888","0,4719",,
25844,19451960,1400458723247,Eye Tracker,Participant0058,17.09.2021,Participant0058,Recording4,17.09.2021,17.09.2021,14:48:45.713,12:48:45.713,64514,Timeline2,Tobii I-VT (Fixation),1.145.28180,1080,1920,"10,00",687315965.0,,,1073.0,514.0,1072.0,510.0,1074.0,518.0,"0,11402","0,07484","-0,99066","0,00282","0,08049","-0,99675","3,95","4,12",Valid,Valid,"234,2","100,6","516,9","292,8","100,0","516,1","293,7","139,7","294,3","141,7","0,5905","0,4760","0,5896","0,4726","0,5914","0,4793",thumbnail_grossTrial,thumbnail_grossTrial.png,1245.0,1080.0,337.0,0.0,798.0,692.0,Fixation,858.0,47.0,1071.0,510.0,"0,5888","0,4719",,
25845,19460334,1400458731621,Eye Tracker,Participant0058,17.09.2021,Participant0058,Recording4,17.09.2021,17.09.2021,14:48:45.713,12:48:45.713,64514,Timeline2,Tobii I-VT (Fixation),1.145.28180,1080,1920,"10,00",687324338.0,,,1070.0,512.0,1072.0,508.0,1068.0,516.0,"0,11404","0,07351","-0,99075","-0,00017","0,07933","-0,99685",,,Valid,Valid,"234,2","100,6","517,0","292,8","100,1","516,0","293,7","139,0","292,7","141,1","0,5883","0,4739","0,5897","0,4703","0,5868","0,4775",thumbnail_grossTrial,thumbnail_grossTrial.png,1245.0,1080.0,337.0,0.0,798.0,692.0,Fixation,858.0,47.0,1071.0,510.0,"0,5888","0,4719",,
25846,19468719,1400458740006,Eye Tracker,Participant0058,17.09.2021,Participant0058,Recording4,17.09.2021,17.09.2021,14:48:45.713,12:48:45.713,64514,Timeline2,Tobii I-VT (Fixation),1.145.28180,1080,1920,"10,00",687332723.0,,,1069.0,511.0,1070.0,510.0,1069.0,512.0,"0,11301","0,07468","-0,99078","0,00020","0,07725","-0,99701",,,Valid,Valid,"234,2","100,6","517,1","292,8","100,1","515,9","293,2","139,6","292,9","140,1","0,5876","0,4731","0,5880","0,4722","0,5872","0,4740",thumbnail_grossTrial,thumbnail_grossTrial.png,1245.0,1080.0,337.0,0.0,798.0,692.0,Fixation,858.0,47.0,1071.0,510.0,"0,5888","0,4719",,
25847,19477044,1400458748331,Eye Tracker,Participant0058,17.09.2021,Participant0058,Recording4,17.09.2021,17.09.2021,14:48:45.713,12:48:45.713,64514,Timeline2,Tobii I-VT (Fixation),1.145.28180,1080,1920,"10,00",687341048.0,,,1066.0,510.0,1068.0,508.0,1063.0,511.0,"0,11214","0,07406","-0,99093","-0,00268","0,07674","-0,99705","3,94","3,82",Valid,Valid,"234,2","100,5","517,3","292,8","100,1","515,8","292,7","139,1","291,4","139,8","0,5849","0,4719","0,5868","0,4707","0,5830","0,4730",thumbnail_grossTrial,thumbnail_grossTrial.png,1245.0,1080.0,337.0,0.0,798.0,692.0,Fixation,858.0,47.0,1071.0,510.0,"0,5888","0,4719",,
25848,19485339,1400458756626,Eye Tracker,Participant0058,17.09.2021,Participant0058,Recording4,17.09.2021,17.09.2021,14:48:45.713,12:48:45.713,64514,Timeline2,Tobii I-VT (Fixation),1.145.28180,1080,1920,"10,00",687349343.0,,,1068.0,510.0,1070.0,507.0,1065.0,512.0,"0,11302","0,07357","-0,99087","-0,00174","0,07698","-0,99703",,,Valid,Valid,"234,2","100,4","517,5","292,8","100,2","515,7","293,3","138,9","291,9","140,0","0,5864","0,4718","0,5883","0,4698","0,5844","0,4737",thumbnail_grossTrial,thumbnail_grossTrial.png,1245.0,1080.0,337.0,0.0,798.0,692.0,Fixation,858.0,47.0,1071.0,510.0,"0,5888","0,4719",,
25849,19493633,1400458764920,Eye Tracker,Participant0058,17.09.2021,Participant0058,Recording4,17.09.2021,17.09.2021,14:48:45.713,12:48:45.713,64514,Timeline2,Tobii I-VT (Fixation),1.145.28180,1080,1920,"10,00",687357636.0,,,1067.0,509.0,1074.0,501.0,1059.0,518.0,"0,11532","0,07018","-0,99085","-0,00486","0,08021","-0,99677",,,Valid,Valid,"234,2","100,4","517,7","292,8","100,2","515,6","294,4","137,0","290,3","141,7","0,5856","0,4716","0,5917","0,4636","0,5796","0,4795",thumbnail_grossTrial,thumbnail_grossTrial.png,1245.0,1080.0,337.0,0.0,798.0,692.0,Fixation,858.0,47.0,1071.0,510.0,"0,5888","0,4719",,
25850,19501991,1400458773278,Eye Tracker,Participant0058,17.09.2021,Participant0058,Recording4,17.09.2021,17.09.2021,14:48:45.713,12:48:45.713,64514,Timeline2,Tobii I-VT (Fixation),1.145.28180,1080,1920,"10,00",687365994.0,,,1067.0,509.0,1072.0,500.0,1063.0,517.0,"0,11378","0,07002","-0,99104","-0,00292","0,08001","-0,99679","3,94","4,14",Valid,Valid,"234,2","100,2","518,0","292,8","100,2","515,6","293,7","136,8","291,3","141,6","0,5861","0,4710","0,5896","0,4629","0,5827","0,4792",thumbnail_grossTrial,thumbnail_grossTrial.png,1245.0,1080.0,337.0,0.0,798.0,692.0,Fixation,858.0,47.0,1071.0,510.0,"0,5888","0,4719",,
25851,19510335,1400458781622,Eye Tracker,Participant0058,17.09.2021,Participant0058,Recording4,17.09.2021,17.09.2021,14:48:45.713,12:48:45.713,64514,Timeline2,Tobii I-VT (Fixation),1.145.28180,1080,1920,"10,00",687374338.0,,,1065.0,510.0,1069.0,500.0,1062.0,520.0,"0,11230","0,07029","-0,99118","-0,00354","0,08123","-0,99669",,,Valid,Valid,"234,2","100,2","518,1","292,8","100,3","515,4","293,0","136,9","291,0","142,3","0,5846","0,4724","0,5874","0,4632","0,5817","0,4815",thumbnail_grossTrial,thumbnail_grossTrial.png,1245.0,1080.0,337.0,0.0,798.0,692.0,Fixation,858.0,47.0,1071.0,510.0,"0,5888","0,4719",,
25852,19518698,1400458789985,Eye Tracker,Participant0058,17.09.2021,Participant0058,Recording4,17.09.2021,17.09.2021,14:48:45.713,12:48:45.713,64514,Timeline2,Tobii I-VT (Fixation),1.145.28180,1080,1920,"10,00",687382700.0,,,1069.0,508.0,1069.0,499.0,1069.0,517.0,"0,11252","0,06995","-0,99118","0,00013","0,07963","-0,99682",,,Valid,Valid,"234,2","100,1","518,3","292,8","100,3","515,4","293,0","136,7","292,8","141,5","0,5874","0,4706","0,5876","0,4624","0,5871","0,4788",thumbnail_grossTrial,thumbnail_grossTrial.png,1245.0,1080.0,337.0,0.0,798.0,692.0,Fixation,858.0,47.0,1071.0,510.0,"0,5888","0,4719",,
25853,19526955,1400458798242,Eye Tracker,Participant0058,17.09.2021,Participant0058,Recording4,17.09.2021,17.09.2021,14:48:45.713,12:48:45.713,64514,Timeline2,Tobii I-VT (Fixation),1.145.28180,1080,1920,"10,00",687390957.0,,,1069.0,505.0,1069.0,499.0,1069.0,511.0,"0,11245","0,06987","-0,99120","0,00047","0,07665","-0,99706","3,96","4,25",Valid,Valid,"234,2","100,0","518,5","292,8","100,3","515,4","293,0","136,5","293,1","139,9","0,5878","0,4677","0,5877","0,4620","0,5878","0,4734",thumbnail_grossTrial,thumbnail_grossTrial.png,1245.0,1080.0,337.0,0.0,798.0,692.0,Fixation,858.0,47.0,1071.0,510.0,"0,5888","0,4719",,
25854,19535326,1400458806613,Eye Tracker,Participant0058,17.09.2021,Participant0058,Recording4,17.09.2021,17.09.2021,14:48:45.713,12:48:45.713,64514,Timeline2,Tobii I-VT (Fixation),1.145.28180,1080,1920,"10,00",687399328.0,,,1070.0,503.0,1070.0,497.0,1071.0,508.0,"0,11283","0,06868","-0,99124","0,00117","0,07509","-0,99718",,,Valid,Valid,"234,2","100,0","518,6","292,8","100,3","515,3","293,3","135,9","293,4","139,2","0,5886","0,4653","0,5884","0,4598","0,5889","0,4708",thumbnail_grossTrial,thumbnail_grossTrial.png,1245.0,1080.0,337.0,0.0,798.0,692.0,Fixation,858.0,47.0,1071.0,510.0,"0,5888","0,4719",,
25855,19543663,1400458814950,Eye Tracker,Participant0058,17.09.2021,Participant0058,Recording4,17.09.2021,17.09.2021,14:48:45.713,12:48:45.713,64514,Timeline2,Tobii I-VT (Fixation),1.145.28180,1080,1920,"10,00",687407665.0,,,1070.0,506.0,1067.0,501.0,1073.0,511.0,"0,11133","0,07096","-0,99125","0,00232","0,07629","-0,99708",,,Valid,Valid,"234,2","99,9","518,7","292,8","100,3","515,3","292,4","137,0","294,0","139,8","0,5882","0,4683","0,5859","0,4637","0,5905","0,4728",thumbnail_grossTrial,thumbnail_grossTrial.png,1245.0,1080.0,337.0,0.0,798.0,692.0,Fixation,858.0,47.0,1071.0,510.0,"0,5888","0,4719",,
25856,19551997,1400458823284,Eye Tracker,Participant0058,17.09.2021,Participant0058,Recording4,17.09.2021,17.09.2021,14:48:45.713,12:48:45.713,64514,Timeline2,Tobii I-VT (Fixation),1.145.28180,1080,1920,"10,00",687415998.0,,,1069.0,507.0,1067.0,502.0,1070.0,513.0,"0,11144","0,07166","-0,99118","0,00067","0,07739","-0,99700","3,94","4,29",Valid,Valid,"234,2","99,9","518,8","292,9","100,3","515,4","292,5","137,4","293,2","140,3","0,5872","0,4697","0,5862","0,4648","0,5882","0,4747",thumbnail_grossTrial,thumbnail_grossTrial.png,1245.0,1080.0,337.0,0.0,798.0,692.0,Fixation,858.0,47.0,1071.0,510.0,"0,5888","0,4719",,
25857,19560333,1400458831620,Eye Tracker,Participant0058,17.09.2021,Participant0058,Recording4,17.09.2021,17.09.2021,14:48:45.713,12:48:45.713,64514,Timeline2,Tobii I-VT (Fixation),1.145.28180,1080,1920,"10,00",687424334.0,,,1069.0,511.0,1069.0,507.0,1070.0,514.0,"0,11205","0,07438","-0,99092","0,00078","0,07831","-0,99693",,,Valid,Valid,"234,3","99,9","518,7","292,9","100,3","515,4","292,9","138,9","293,3","140,8","0,5878","0,4731","0,5873","0,4698","0,5883","0,4764",thumbnail_grossTrial,thumbnail_grossTrial.png,1245.0,1080.0,337.0,0.0,798.0,692.0,Fixation,858.0,47.0,1071.0,510.0,"0,5888","0,4719",,
25858,19568665,1400458839952,Eye Tracker,Participant0058,17.09.2021,Participant0058,Recording4,17.09.2021,17.09.2021,14:48:45.713,12:48:45.713,64514,Timeline2,Tobii I-VT (Fixation),1.145.28180,1080,1920,"10,00",687432666.0,,,1067.0,512.0,1067.0,509.0,1066.0,515.0,"0,11152","0,07520","-0,99091","-0,00131","0,07843","-0,99692",,,Valid,Valid,"234,2","99,9","518,6","292,8","100,3","515,5","292,5","139,3","292,1","140,8","0,5856","0,4739","0,5862","0,4712","0,5850","0,4765",thumbnail_grossTrial,thumbnail_grossTrial.png,1245.0,1080.0,337.0,0.0,798.0,692.0,Fixation,858.0,47.0,1071.0,510.0,"0,5888","0,4719",,
25859,19576987,1400458848274,Eye Tracker,Participant0058,17.09.2021,Participant0058,Recording4,17.09.2021,17.09.2021,14:48:45.713,12:48:45.713,64514,Timeline2,Tobii I-VT (Fixation),1.145.28180,1080,1920,"10,00",687440988.0,,,1066.0,514.0,1066.0,510.0,1065.0,518.0,"0,11095","0,07573","-0,99094","-0,00165","0,08032","-0,99677","3,94","3,79",Valid,Valid,"234,2","100,0","518,5","292,9","100,2","515,5","292,3","139,6","292,0","141,7","0,5851","0,4759","0,5854","0,4722","0,5847","0,4796",thumbnail_grossTrial,thumbnail_grossTrial.png,1245.0,1080.0,337.0,0.0,798.0,692.0,Fixation,858.0,47.0,1071.0,510.0,"0,5888","0,4719",,
25860,19585315,1400458856602,Eye Tracker,Participant0058,17.09.2021,Participant0058,Recording4,17.09.2021,17.09.2021,14:48:45.713,12:48:45.713,64514,Timeline2,Tobii I-VT (Fixation),1.145.28180,1080,1920,"10,00",687449315.0,,,1064.0,511.0,1063.0,508.0,1064.0,514.0,"0,10942","0,07445","-0,99120","-0,00225","0,07814","-0,99694",,,Valid,Valid,"234,3","100,1","518,3","292,9","100,2","515,5","291,5","139,0","291,7","140,6","0,5834","0,4730","0,5831","0,4702","0,5838","0,4758",thumbnail_grossTrial,thumbnail_grossTrial.png,1245.0,1080.0,337.0,0.0,798.0,692.0,Fixation,858.0,47.0,1071.0,510.0,"0,5888","0,4719",,
25861,19593618,1400458864905,Eye Tracker,Participant0058,17.09.2021,Participant0058,Recording4,17.09.2021,17.09.2021,14:48:45.713,12:48:45.713,64514,Timeline2,Tobii I-VT (Fixation),1.145.28180,1080,1920,"10,00",687457618.0,,,1063.0,508.0,1061.0,505.0,1066.0,512.0,"0,10824","0,07287","-0,99145","-0,00137","0,07704","-0,99703",,,Valid,Valid,"234,2","100,1","518,1","292,8","100,2","515,6","290,8","138,2","292,1","140,0","0,5829","0,4707","0,5810","0,4676","0,5849","0,4738",thumbnail_grossTrial,thumbnail_grossTrial.png,1245.0,1080.0,337.0,0.0,798.0,692.0,Fixation,858.0,47.0,1071.0,510.0,"0,5888","0,4719",,
25862,19601973,1400458873260,Eye Tracker,Participant0058,17.09.2021,Participant0058,Recording4,17.09.2021,17.09.2021,14:48:45.713,12:48:45.713,64514,Timeline2,Tobii I-VT (Fixation),1.145.28180,1080,1920,"10,00",687465973.0,,,1062.0,507.0,1060.0,504.0,1065.0,511.0,"0,10787","0,07237","-0,99153","-0,00204","0,07654","-0,99706","3,93","3,77",Valid,Valid,"234,2","100,2","517,9","292,9","100,2","515,7","290,6","138,0","291,8","139,7","0,5823","0,4698","0,5805","0,4668","0,5841","0,4728",thumbnail_grossTrial,thumbnail_grossTrial.png,1245.0,1080.0,337.0,0.0,798.0,692.0,Fixation,858.0,47.0,1071.0,510.0,"0,5888","0,4719",,
25863,19610314,1400458881601,Eye Tracker,Participant0058,17.09.2021,Participant0058,Recording4,17.09.2021,17.09.2021,14:48:45.713,12:48:45.713,64514,Timeline2,Tobii I-VT (Fixation),1.145.28180,1080,1920,"10,00",687474314.0,,,1063.0,505.0,1053.0,502.0,1072.0,508.0,"0,10431","0,07126","-0,99199","0,00180","0,07507","-0,99718",,,Valid,Valid,"234,3","100,3","517,6","292,9","100,2","515,6","288,7","137,5","293,8","139,0","0,5824","0,4678","0,5749","0,4651","0,5899","0,4704",thumbnail_grossTrial,thumbnail_grossTrial.png,1245.0,1080.0,337.0,0.0,798.0,692.0,Fixation,858.0,47.0,1071.0,510.0,"0,5888","0,4719",,
25864,19618625,1400458889912,Eye Tracker,Participant0058,17.09.2021,Participant0058,Recording4,17.09.2021,17.09.2021,14:48:45.713,12:48:45.713,64514,Timeline2,Tobii I-VT (Fixation),1.145.28180,1080,1920,"10,00",687482624.0,,,1064.0,505.0,1055.0,506.0,1074.0,505.0,"0,10509","0,07310","-0,99177","0,00323","0,07333","-0,99730",,,Valid,Valid,"234,2","100,4","517,4","292,8","100,2","515,6","289,0","138,5","294,5","138,1","0,5839","0,4680","0,5759","0,4687","0,5919","0,4674",thumbnail_grossTrial,thumbnail_grossTrial.png,1245.0,1080.0,337.0,0.0,798.0,692.0,Fixation,858.0,47.0,1071.0,510.0,"0,5888","0,4719",,
25865,19626977,1400458898264,Eye Tracker,Participant0058,17.09.2021,Participant0058,Recording4,17.09.2021,17.09.2021,14:48:45.713,12:48:45.713,64514,Timeline2,Tobii I-VT (Fixation),1.145.28180,1080,1920,"10,00",687490976.0,,,1068.0,508.0,1056.0,507.0,1080.0,510.0,"0,10589","0,07339","-0,99167","0,00619","0,07589","-0,99710","3,92","4,08",Valid,Valid,"234,2","100,4","517,3","292,9","100,2","515,5","289,5","138,7","296,1","139,4","0,5869","0,4706","0,5773","0,4693","0,5965","0,4718",thumbnail_grossTrial,thumbnail_grossTrial.png,1245.0,1080.0,337.0,0.0,798.0,692.0,Fixation,858.0,47.0,1071.0,510.0,"0,5888","0,4719",,
25866,19635280,1400458906567,Eye Tracker,Participant0058,17.09.2021,Participant0058,Recording4,17.09.2021,17.09.2021,14:48:45.713,12:48:45.713,64514,Timeline2,Tobii I-VT (Fixation),1.145.28180,1080,1920,"10,00",687499279.0,,,1068.0,514.0,1062.0,509.0,1074.0,520.0,"0,10881","0,07432","-0,99128","0,00284","0,08106","-0,99671",,,Valid,Valid,"234,3","100,5","517,1","292,8","100,3","515,4","291,0","139,3","294,3","142,2","0,5866","0,4763","0,5818","0,4713","0,5914","0,4812",thumbnail_grossTrial,thumbnail_grossTrial.png,1245.0,1080.0,337.0,0.0,798.0,692.0,Fixation,858.0,47.0,1071.0,510.0,"0,5888","0,4719",,
25867,19643650,1400458914937,Eye Tracker,Participant0058,17.09.2021,Participant0058,Recording4,17.09.2021,17.09.2021,14:48:45.713,12:48:45.713,64514,Timeline2,Tobii I-VT (Fixation),1.145.28180,1080,1920,"10,00",687507649.0,,,1067.0,514.0,1062.0,505.0,1071.0,523.0,"0,10896","0,07214","-0,99143","0,00158","0,08290","-0,99656",,,Valid,Valid,"234,2","100,6","516,9","292,8","100,3","515,3","291,0","138,2","293,6","143,2","0,5856","0,4761","0,5818","0,4676","0,5893","0,4845",thumbnail_grossTrial,thumbnail_grossTrial.png,1245.0,1080.0,337.0,0.0,798.0,692.0,Fixation,858.0,47.0,1071.0,510.0,"0,5888","0,4719",,
25868,19651978,1400458923265,Eye Tracker,Participant0058,17.09.2021,Participant0058,Recording4,17.09.2021,17.09.2021,14:48:45.713,12:48:45.713,64514,Timeline2,Tobii I-VT (Fixation),1.145.28180,1080,1920,"10,00",687515976.0,,,1068.0,511.0,1062.0,507.0,1073.0,515.0,"0,10883","0,07325","-0,99136","0,00253","0,07876","-0,99689","3,94","4,04",Valid,Valid,"234,3","100,6","516,8","292,8","100,3","515,2","291,0","138,8","294,1","141,0","0,5863","0,4734","0,5817","0,4696","0,5909","0,4772",thumbnail_grossTrial,thumbnail_grossTrial.png,1245.0,1080.0,337.0,0.0,798.0,692.0,Fixation,858.0,47.0,1071.0,510.0,"0,5888","0,4719",,
25869,19660278,1400458931565,Eye Tracker,Participant0058,17.09.2021,Participant0058,Recording4,17.09.2021,17.09.2021,14:48:45.713,12:48:45.713,64514,Timeline2,Tobii I-VT (Fixation),1.145.28180,1080,1920,"10,00",687524276.0,,,1071.0,511.0,1067.0,514.0,1075.0,508.0,"0,11160","0,07664","-0,99079","0,00360","0,07450","-0,99721",,,Valid,Valid,"234,3","100,7","516,7","292,8","100,5","515,1","292,5","140,7","294,7","138,9","0,5893","0,4730","0,5861","0,4760","0,5925","0,4701",thumbnail_grossTrial,thumbnail_grossTrial.png,1245.0,1080.0,337.0,0.0,798.0,692.0,Fixation,858.0,47.0,1071.0,510.0,"0,5888","0,4719",,
25870,19668655,1400458939942,Eye Tracker,Participant0058,17.09.2021,Participant0058,Recording4,17.09.2021,17.09.2021,14:48:45.713,12:48:45.713,64514,Timeline2,Tobii I-VT (Fixation),1.145.28180,1080,1920,"10,00",687532653.0,,,1071.0,511.0,1068.0,517.0,1075.0,505.0,"0,11217","0,07791","-0,99063","0,00334","0,07283","-0,99734",,,Valid,Valid,"234,2","100,7","516,6","292,8","100,5","515,0","292,7","141,4","294,5","138,1","0,5894","0,4727","0,5868","0,4782","0,5919","0,4672",thumbnail_grossTrial,thumbnail_grossTrial.png,1245.0,1080.0,337.0,0.0,798.0,692.0,Fixation,858.0,47.0,1071.0,510.0,"0,5888","0,4719",,
25871,19676943,1400458948230,Eye Tracker,Participant0058,17.09.2021,Participant0058,Recording4,17.09.2021,17.09.2021,14:48:45.713,12:48:45.713,64514,Timeline2,Tobii I-VT (Fixation),1.145.28180,1080,1920,"10,00",687540941.0,,,1070.0,513.0,1069.0,516.0,1072.0,510.0,"0,11234","0,07749","-0,99064","0,00186","0,07553","-0,99714","3,92","4,11",Valid,Valid,"234,3","100,7","516,6","292,8","100,5","514,9","292,9","141,1","293,8","139,5","0,5885","0,4748","0,5872","0,4775","0,5898","0,4720",thumbnail_grossTrial,thumbnail_grossTrial.png,1245.0,1080.0,337.0,0.0,798.0,692.0,Fixation,858.0,47.0,1071.0,510.0,"0,5888","0,4719",,
25872,19685305,1400458956592,Eye Tracker,Participant0058,17.09.2021,Participant0058,Recording4,17.09.2021,17.09.2021,14:48:45.713,12:48:45.713,64514,Timeline2,Tobii I-VT (Fixation),1.145.28180,1080,1920,"10,00",687549302.0,,,1070.0,512.0,1068.0,509.0,1072.0,516.0,"0,11180","0,07404","-0,99097","0,00194","0,07846","-0,99692",,,Valid,Valid,"234,3","100,8","516,5","292,8","100,6","514,7","292,6","139,4","293,8","141,1","0,5882","0,4745","0,5864","0,4716","0,5899","0,4774",thumbnail_grossTrial,thumbnail_grossTrial.png,1245.0,1080.0,337.0,0.0,798.0,692.0,Fixation,858.0,47.0,1071.0,510.0,"0,5888","0,4719",,
25873,19693650,1400458964937,Eye Tracker,Participant0058,17.09.2021,Participant0058,Recording4,17.09.2021,17.09.2021,14:48:45.713,12:48:45.713,64514,Timeline2,Tobii I-VT (Fixation),1.145.28180,1080,1920,"10,00",687557647.0,,,1070.0,514.0,1067.0,510.0,1074.0,518.0,"0,11156","0,07452","-0,99096","0,00307","0,07952","-0,99683",,,Valid,Valid,"234,2","100,8","516,5","292,7","100,6","514,6","292,4","139,6","294,3","141,7","0,5886","0,4759","0,5858","0,4724","0,5915","0,4793",thumbnail_grossTrial,thumbnail_grossTrial.png,1245.0,1080.0,337.0,0.0,798.0,692.0,Fixation,858.0,47.0,1071.0,510.0,"0,5888","0,4719",,
25874,19701940,1400458973227,Eye Tracker,Participant0058,17.09.2021,Participant0058,Recording4,17.09.2021,17.09.2021,14:48:45.713,12:48:45.713,64514,Timeline2,Tobii I-VT (Fixation),1.145.28180,1080,1920,"10,00",687565937.0,,,1073.0,511.0,1076.0,505.0,1070.0,518.0,"0,11645","0,07160","-0,99061","0,00106","0,07961","-0,99683","4,26","3,78",Valid,Valid,"234,3","100,8","516,5","292,8","100,6","514,6","295,0","138,1","293,3","141,7","0,5910","0,4734","0,5935","0,4673","0,5886","0,4795",thumbnail_grossTrial,thumbnail_grossTrial.png,1245.0,1080.0,337.0,0.0,798.0,692.0,Fixation,858.0,47.0,1071.0,510.0,"0,5888","0,4719",,
25875,19710385,1400458981672,Eye Tracker,Participant0058,17.09.2021,Participant0058,Recording4,17.09.2021,17.09.2021,14:48:45.713,12:48:45.713,64514,Timeline2,Tobii I-VT (Fixation),1.145.28180,1080,1920,"10,00",687574382.0,,,1078.0,517.0,1081.0,513.0,1076.0,520.0,"0,11869","0,07600","-0,99002","0,00404","0,08074","-0,99673",,,Valid,Valid,"234,3","100,8","516,3","292,8","100,7","514,5","296,2","140,5","294,9","142,4","0,5950","0,4785","0,5970","0,4753","0,5930","0,4817",thumbnail_grossTrial,thumbnail_grossTrial.png,1245.0,1080.0,337.0,0.0,798.0,692.0,Fixation,858.0,47.0,1071.0,510.0,"0,5888","0,4719",,
25876,19718637,1400458989924,Eye Tracker,Participant0058,17.09.2021,Participant0058,Recording4,17.09.2021,17.09.2021,14:48:45.713,12:48:45.713,64514,Timeline2,Tobii I-VT (Fixation),1.145.28180,1080,1920,"10,00",687582633.0,,,1081.0,515.0,1084.0,508.0,1079.0,521.0,"0,12045","0,07334","-0,99001","0,00571","0,08102","-0,99670",,,Valid,Valid,"234,3","100,9","516,3","292,7","100,7","514,5","297,1","139,1","295,7","142,5","0,5975","0,4764","0,5995","0,4707","0,5954","0,4822",thumbnail_grossTrial,thumbnail_grossTrial.png,1245.0,1080.0,337.0,0.0,798.0,692.0,Fixation,858.0,47.0,1071.0,510.0,"0,5888","0,4719",,
25877,19726937,1400458998224,Eye Tracker,Participant0058,17.09.2021,Participant0058,Recording4,17.09.2021,17.09.2021,14:48:45.713,12:48:45.713,64514,Timeline2,Tobii I-VT (Fixation),1.145.28180,1080,1920,"10,00",687590933.0,,,1083.0,516.0,1083.0,513.0,1084.0,519.0,"0,11967","0,07567","-0,98993","0,00814","0,08036","-0,99673","4,29","4,08",Valid,Valid,"234,3","100,9","516,2","292,8","100,6","514,6","296,7","140,4","297,0","142,1","0,5988","0,4779","0,5984","0,4749","0,5993","0,4809",thumbnail_grossTrial,thumbnail_grossTrial.png,1245.0,1080.0,337.0,0.0,798.0,692.0,Fixation,858.0,47.0,1071.0,510.0,"0,5888","0,4719",,
25878,19735269,1400459006556,Eye Tracker,Participant0058,17.09.2021,Participant0058,Recording4,17.09.2021,17.09.2021,14:48:45.713,12:48:45.713,64514,Timeline2,Tobii I-VT (Fixation),1.145.28180,1080,1920,"10,00",687599265.0,,,1078.0,513.0,1079.0,505.0,1077.0,520.0,"0,11800","0,07164","-0,99043","0,00472","0,08057","-0,99674",,,Valid,Valid,"234,3","101,0","516,0","292,8","100,7","514,5","295,8","138,3","295,2","142,3","0,5949","0,4746","0,5958","0,4679","0,5941","0,4813",thumbnail_grossTrial,thumbnail_grossTrial.png,1245.0,1080.0,337.0,0.0,798.0,692.0,Fixation,858.0,47.0,1071.0,510.0,"0,5888","0,4719",,
25879,19743634,1400459014921,Eye Tracker,Participant0058,17.09.2021,Participant0058,Recording4,17.09.2021,17.09.2021,14:48:45.713,12:48:45.713,64514,Timeline2,Tobii I-VT (Fixation),1.145.28180,1080,1920,"10,00",687607630.0,,,1077.0,513.0,1083.0,505.0,1071.0,520.0,"0,12013","0,07156","-0,99018","0,00146","0,08084","-0,99673",,,Valid,Valid,"234,3","101,0","515,9","292,7","100,6","514,7","296,9","138,3","293,5","142,4","0,5939","0,4748","0,5989","0,4680","0,5890","0,4817",thumbnail_grossTrial,thumbnail_grossTrial.png,1245.0,1080.0,337.0,0.0,798.0,692.0,Fixation,858.0,47.0,1071.0,510.0,"0,5888","0,4719",,
25880,19751937,1400459023224,Eye Tracker,Participant0058,17.09.2021,Participant0058,Recording4,17.09.2021,17.09.2021,14:48:45.713,12:48:45.713,64514,Timeline2,Tobii I-VT (Fixation),1.145.28180,1080,1920,"10,00",687615932.0,,,1074.0,513.0,1077.0,506.0,1071.0,521.0,"0,11693","0,07177","-0,99054","0,00139","0,08134","-0,99669","3,95","4,12",Valid,Valid,"234,3","101,0","515,8","292,8","100,5","514,8","295,2","138,4","293,5","142,5","0,5915","0,4753","0,5940","0,4683","0,5891","0,4823",thumbnail_grossTrial,thumbnail_grossTrial.png,1245.0,1080.0,337.0,0.0,798.0,692.0,Fixation,858.0,47.0,1071.0,510.0,"0,5888","0,4719",,
25881,19760270,1400459031557,Eye Tracker,Participant0058,17.09.2021,Participant0058,Recording4,17.09.2021,17.09.2021,14:48:45.713,12:48:45.713,64514,Timeline2,Tobii I-VT (Fixation),1.145.28180,1080,1920,"10,00",687624265.0,,,1073.0,509.0,1074.0,503.0,1072.0,515.0,"0,11557","0,06990","-0,99084","0,00188","0,07816","-0,99694",,,Valid,Valid,"234,3","101,1","515,7","292,8","100,5","514,9","294,5","137,5","293,8","140,9","0,5909","0,4710","0,5919","0,4653","0,5898","0,4767",thumbnail_grossTrial,thumbnail_grossTrial.png,1245.0,1080.0,337.0,0.0,798.0,692.0,Fixation,858.0,47.0,1071.0,510.0,"0,5888","0,4719",,
25882,19768633,1400459039920,Eye Tracker,Participant0058,17.09.2021,Participant0058,Recording4,17.09.2021,17.09.2021,14:48:45.713,12:48:45.713,64514,Timeline2,Tobii I-VT (Fixation),1.145.28180,1080,1920,"10,00",687632628.0,,,1072.0,516.0,1074.0,510.0,1070.0,521.0,"0,11567","0,07370","-0,99055","0,00072","0,08169","-0,99666",,,Valid,Valid,"234,3","101,2","515,6","292,8","100,5","515,0","294,5","139,5","293,1","142,7","0,5899","0,4774","0,5919","0,4721","0,5879","0,4827",thumbnail_grossTrial,thumbnail_grossTrial.png,1245.0,1080.0,337.0,0.0,798.0,692.0,Fixation,858.0,47.0,1071.0,510.0,"0,5888","0,4719",,
25883,19776963,1400459048250,Eye Tracker,Participant0058,17.09.2021,Participant0058,Recording4,17.09.2021,17.09.2021,14:48:45.713,12:48:45.713,64514,Timeline2,Tobii I-VT (Fixation),1.145.28180,1080,1920,"10,00",687640957.0,,,1072.0,514.0,1072.0,508.0,1072.0,521.0,"0,11449","0,07289","-0,99075","0,00207","0,08150","-0,99667","3,95","4,09",Valid,Valid,"234,3","101,2","515,5","292,8","100,4","515,2","293,9","139,1","293,9","142,5","0,5902","0,4763","0,5902","0,4706","0,5902","0,4821",thumbnail_grossTrial,thumbnail_grossTrial.png,1245.0,1080.0,337.0,0.0,798.0,692.0,Fixation,858.0,47.0,1071.0,510.0,"0,5888","0,4719",,
25884,19785275,1400459056562,Eye Tracker,Participant0058,17.09.2021,Participant0058,Recording4,17.09.2021,17.09.2021,14:48:45.713,12:48:45.713,64514,Timeline2,Tobii I-VT (Fixation),1.145.28180,1080,1920,"10,00",687649268.0,,,1073.0,519.0,1075.0,512.0,1070.0,527.0,"0,11583","0,07481","-0,99045","0,00095","0,08473","-0,99640",,,Valid,Valid,"234,3","101,2","515,4","292,8","100,4","515,3","294,6","140,2","293,3","144,2","0,5904","0,4810","0,5923","0,4742","0,5886","0,4878",thumbnail_grossTrial,thumbnail_grossTrial.png,1245.0,1080.0,337.0,0.0,798.0,692.0,Fixation,858.0,47.0,1071.0,510.0,"0,5888","0,4719",,
25885,19793646,1400459064933,Eye Tracker,Participant0058,17.09.2021,Participant0058,Recording4,17.09.2021,17.09.2021,14:48:45.713,12:48:45.713,64514,Timeline2,Tobii I-VT (Fixation),1.145.28180,1080,1920,"10,00",687657639.0,,,1073.0,515.0,1069.0,510.0,1076.0,520.0,"0,11295","0,07378","-0,99086","0,00409","0,08111","-0,99670",,,Valid,Valid,"234,3","101,2","515,3","292,8","100,3","515,4","293,0","139,6","294,9","142,2","0,5904","0,4768","0,5877","0,4724","0,5932","0,4812",thumbnail_grossTrial,thumbnail_grossTrial.png,1245.0,1080.0,337.0,0.0,798.0,692.0,Fixation,858.0,47.0,1071.0,510.0,"0,5888","0,4719",,
25886,19801968,1400459073255,Eye Tracker,Participant0058,17.09.2021,Participant0058,Recording4,17.09.2021,17.09.2021,14:48:45.713,12:48:45.713,64514,Timeline2,Tobii I-VT (Fixation),1.145.28180,1080,1920,"10,00",687665961.0,,,1072.0,514.0,1072.0,508.0,1073.0,520.0,"0,11444","0,07257","-0,99078","0,00211","0,08131","-0,99669","3,95","4,27",Valid,Valid,"234,3","101,2","515,4","292,9","100,2","515,6","293,9","139,0","294,0","142,3","0,5903","0,4757","0,5901","0,4702","0,5904","0,4813",thumbnail_grossTrial,thumbnail_grossTrial.png,1245.0,1080.0,337.0,0.0,798.0,692.0,Fixation,858.0,47.0,1071.0,510.0,"0,5888","0,4719",,
25887,19810268,1400459081555,Eye Tracker,Participant0058,17.09.2021,Participant0058,Recording4,17.09.2021,17.09.2021,14:48:45.713,12:48:45.713,64514,Timeline2,Tobii I-VT (Fixation),1.145.28180,1080,1920,"10,00",687674261.0,,,1073.0,513.0,1072.0,508.0,1075.0,518.0,"0,11415","0,07276","-0,99080","0,00324","0,08016","-0,99678",,,Valid,Valid,"234,4","101,2","515,3","292,9","100,2","515,6","293,7","139,1","294,6","141,7","0,5909","0,4749","0,5897","0,4706","0,5921","0,4793",thumbnail_grossTrial,thumbnail_grossTrial.png,1245.0,1080.0,337.0,0.0,798.0,692.0,Fixation,858.0,47.0,1071.0,510.0,"0,5888","0,4719",,
25888,19818603,1400459089890,Eye Tracker,Participant0058,17.09.2021,Participant0058,Recording4,17.09.2021,17.09.2021,14:48:45.713,12:48:45.713,64514,Timeline2,Tobii I-VT (Fixation),1.145.28180,1080,1920,"10,00",687682595.0,,,1074.0,515.0,1073.0,508.0,1076.0,521.0,"0,11471","0,07282","-0,99073","0,00386","0,08221","-0,99661",,,Valid,Valid,"234,3","101,2","515,4","292,8","100,2","515,7","294,0","139,1","294,8","142,7","0,5917","0,4767","0,5904","0,4707","0,5929","0,4828",thumbnail_grossTrial,thumbnail_grossTrial.png,1245.0,1080.0,337.0,0.0,798.0,692.0,Fixation,858.0,47.0,1071.0,510.0,"0,5888","0,4719",,
25889,19826930,1400459098217,Eye Tracker,Participant0058,17.09.2021,Participant0058,Recording4,17.09.2021,17.09.2021,14:48:45.713,12:48:45.713,64514,Timeline2,Tobii I-VT (Fixation),1.145.28180,1080,1920,"10,00",687690922.0,,,1070.0,517.0,1070.0,512.0,1070.0,522.0,"0,11306","0,07473","-0,99077","0,00089","0,08243","-0,99660","3,97","3,86",Valid,Valid,"234,3","101,2","515,5","292,9","100,1","515,8","293,1","140,1","293,4","142,8","0,5883","0,4784","0,5880","0,4739","0,5886","0,4830",thumbnail_grossTrial,thumbnail_grossTrial.png,1245.0,1080.0,337.0,0.0,798.0,692.0,Fixation,858.0,47.0,1071.0,510.0,"0,5888","0,4719",,
25890,19835293,1400459106580,Eye Tracker,Participant0058,17.09.2021,Participant0058,Recording4,17.09.2021,17.09.2021,14:48:45.713,12:48:45.713,64514,Timeline2,Tobii I-VT (Fixation),1.145.28180,1080,1920,"10,00",687699284.0,,,1073.0,518.0,1073.0,514.0,1073.0,523.0,"0,11474","0,07564","-0,99051","0,00213","0,08281","-0,99656",,,Valid,Valid,"234,3","101,2","515,5","292,9","100,1","515,8","294,1","140,5","294,0","143,0","0,5905","0,4797","0,5907","0,4755","0,5904","0,4838",thumbnail_grossTrial,thumbnail_grossTrial.png,1245.0,1080.0,337.0,0.0,798.0,692.0,Fixation,858.0,47.0,1071.0,510.0,"0,5888","0,4719",,
25891,19843599,1400459114886,Eye Tracker,Participant0058,17.09.2021,Participant0058,Recording4,17.09.2021,17.09.2021,14:48:45.713,12:48:45.713,64514,Timeline2,Tobii I-VT (Fixation),1.145.28180,1080,1920,"10,00",687707590.0,,,1068.0,519.0,1067.0,516.0,1069.0,521.0,"0,11184","0,07722","-0,99072","0,00019","0,08189","-0,99664",,,Valid,Valid,"234,3","101,2","515,5","292,8","100,1","515,8","292,5","141,3","292,9","142,5","0,5867","0,4802","0,5860","0,4782","0,5874","0,4822",thumbnail_grossTrial,thumbnail_grossTrial.png,1245.0,1080.0,337.0,0.0,798.0,692.0,Fixation,858.0,47.0,1071.0,510.0,"0,5888","0,4719",,
25892,19852020,1400459123307,Eye Tracker,Participant0058,17.09.2021,Participant0058,Recording4,17.09.2021,17.09.2021,14:48:45.713,12:48:45.713,64514,Timeline2,Tobii I-VT (Fixation),1.145.28180,1080,1920,"10,00",687716010.0,,,1072.0,518.0,1068.0,518.0,1076.0,519.0,"0,11217","0,07789","-0,99063","0,00383","0,08114","-0,99670","3,99","4,17",Valid,Valid,"234,3","101,1","515,7","292,9","100,1","515,8","292,7","141,6","294,9","142,1","0,5899","0,4800","0,5867","0,4792","0,5931","0,4807",thumbnail_grossTrial,thumbnail_grossTrial.png,1245.0,1080.0,337.0,0.0,798.0,692.0,Fixation,858.0,47.0,1071.0,510.0,"0,5888","0,4719",,
25893,19860264,1400459131551,Eye Tracker,Participant0058,17.09.2021,Participant0058,Recording4,17.09.2021,17.09.2021,14:48:45.713,12:48:45.713,64514,Timeline2,Tobii I-VT (Fixation),1.145.28180,1080,1920,"10,00",687724254.0,,,1071.0,520.0,1070.0,517.0,1073.0,523.0,"0,11317","0,07742","-0,99055","0,00223","0,08280","-0,99656",,,Valid,Valid,"234,3","101,1","515,7","292,9","100,2","515,7","293,2","141,4","294,0","143,0","0,5895","0,4812","0,5883","0,4785","0,5906","0,4839",thumbnail_grossTrial,thumbnail_grossTrial.png,1245.0,1080.0,337.0,0.0,798.0,692.0,Fixation,858.0,47.0,1071.0,510.0,"0,5888","0,4719",,
25894,19868608,1400459139895,Eye Tracker,Participant0058,17.09.2021,Participant0058,Recording4,17.09.2021,17.09.2021,14:48:45.713,12:48:45.713,64514,Timeline2,Tobii I-VT (Fixation),1.145.28180,1080,1920,"10,00",687732598.0,,,1076.0,515.0,1077.0,513.0,1075.0,517.0,"0,11705","0,07546","-0,99025","0,00353","0,07970","-0,99681",,,Valid,Valid,"234,3","101,1","515,7","292,8","100,2","515,7","295,2","140,4","294,6","141,4","0,5932","0,4767","0,5941","0,4750","0,5924","0,4785",thumbnail_grossTrial,thumbnail_grossTrial.png,1245.0,1080.0,337.0,0.0,798.0,692.0,Fixation,858.0,47.0,1071.0,510.0,"0,5888","0,4719",,
25895,19876927,1400459148214,Eye Tracker,Participant0058,17.09.2021,Participant0058,Recording4,17.09.2021,17.09.2021,14:48:45.713,12:48:45.713,64514,Timeline2,Tobii I-VT (Fixation),1.145.28180,1080,1920,"10,00",687740917.0,,,1077.0,516.0,1079.0,512.0,1075.0,519.0,"0,11777","0,07526","-0,99018","0,00345","0,08068","-0,99673","4,01","4,18",Valid,Valid,"234,3","101,0","515,8","292,9","100,2","515,6","295,7","140,2","294,7","141,9","0,5939","0,4773","0,5954","0,4745","0,5924","0,4801",thumbnail_grossTrial,thumbnail_grossTrial.png,1245.0,1080.0,337.0,0.0,798.0,692.0,Fixation,858.0,47.0,1071.0,510.0,"0,5888","0,4719",,
25896,19885297,1400459156584,Eye Tracker,Participant0058,17.09.2021,Participant0058,Recording4,17.09.2021,17.09.2021,14:48:45.713,12:48:45.713,64514,Timeline2,Tobii I-VT (Fixation),1.145.28180,1080,1920,"10,00",687749285.0,,,1072.0,514.0,1070.0,510.0,1074.0,517.0,"0,11339","0,07413","-0,99078","0,00272","0,07984","-0,99680",,,Valid,Valid,"234,3","101,1","515,8","292,9","100,3","515,5","293,4","139,7","294,3","141,5","0,5900","0,4757","0,5886","0,4725","0,5913","0,4789",thumbnail_grossTrial,thumbnail_grossTrial.png,1245.0,1080.0,337.0,0.0,798.0,692.0,Fixation,858.0,47.0,1071.0,510.0,"0,5888","0,4719",,
25897,19893626,1400459164913,Eye Tracker,Participant0058,17.09.2021,Participant0058,Recording4,17.09.2021,17.09.2021,14:48:45.713,12:48:45.713,64514,Timeline2,Tobii I-VT (Fixation),1.145.28180,1080,1920,"10,00",687757614.0,,,1074.0,513.0,1070.0,509.0,1078.0,518.0,"0,11346","0,07335","-0,99083","0,00502","0,08007","-0,99678",,,Valid,Valid,"234,2","101,0","515,9","292,8","100,3","515,5","293,3","139,2","295,4","141,7","0,5915","0,4752","0,5885","0,4711","0,5946","0,4794",thumbnail_grossTrial,thumbnail_grossTrial.png,1245.0,1080.0,337.0,0.0,798.0,692.0,Fixation,858.0,47.0,1071.0,510.0,"0,5888","0,4719",,
25898,19901944,1400459173231,Eye Tracker,Participant0058,17.09.2021,Participant0058,Recording4,17.09.2021,17.09.2021,14:48:45.713,12:48:45.713,64514,Timeline2,Tobii I-VT (Fixation),1.145.28180,1080,1920,"10,00",687765932.0,,,1064.0,516.0,1066.0,512.0,1062.0,520.0,"0,11150","0,07502","-0,99093","-0,00346","0,08106","-0,99670","4,32","3,87",Valid,Valid,"234,2","101,0","516,0","292,7","100,3","515,5","292,3","140,1","290,9","142,2","0,5835","0,4776","0,5855","0,4740","0,5816","0,4812",thumbnail_grossTrial,thumbnail_grossTrial.png,1245.0,1080.0,337.0,0.0,798.0,692.0,Saccade,25.0,71.0,,,,,,
25899,19910289,1400459181576,Eye Tracker,Participant0058,17.09.2021,Participant0058,Recording4,17.09.2021,17.09.2021,14:48:45.713,12:48:45.713,64514,Timeline2,Tobii I-VT (Fixation),1.145.28180,1080,1920,"10,00",687774277.0,,,1028.0,535.0,1056.0,525.0,1000.0,545.0,"0,10632","0,08178","-0,99096","-0,03586","0,09392","-0,99493",,,Valid,Valid,"234,2","101,1","515,9","292,6","100,4","515,4","289,5","143,6","274,1","149,0","0,5547","0,4951","0,5773","0,4860","0,5321","0,5042",thumbnail_grossTrial,thumbnail_grossTrial.png,1245.0,1080.0,337.0,0.0,798.0,692.0,Saccade,25.0,71.0,,,,,,
25900,19918604,1400459189891,Eye Tracker,Participant0058,17.09.2021,Participant0058,Recording4,17.09.2021,17.09.2021,14:48:45.713,12:48:45.713,64514,Timeline2,Tobii I-VT (Fixation),1.145.28180,1080,1920,"10,00",687782591.0,,,1016.0,545.0,1019.0,544.0,1013.0,546.0,"0,08712","0,09172","-0,99197","-0,02867","0,09491","-0,99507",,,Valid,Valid,"234,1","101,1","516,0","292,6","100,4","515,4","279,4","148,8","277,7","149,5","0,5453","0,5047","0,5477","0,5034","0,5429","0,5060",thumbnail_grossTrial,thumbnail_grossTrial.png,1245.0,1080.0,337.0,0.0,798.0,692.0,Saccade,25.0,71.0,,,,,,
25901,19926954,1400459198241,Eye Tracker,Participant0058,17.09.2021,Participant0058,Recording4,17.09.2021,17.09.2021,14:48:45.713,12:48:45.713,64514,Timeline2,Tobii I-VT (Fixation),1.145.28180,1080,1920,"10,00",687790941.0,,,994.0,553.0,990.0,551.0,997.0,554.0,"0,07163","0,09579","-0,99282","-0,03736","0,09896","-0,99439","4,03","4,29",Valid,Valid,"234,1","101,0","516,1","292,6","100,4","515,4","271,4","150,8","273,3","151,7","0,5270","0,5117","0,5242","0,5103","0,5298","0,5131",thumbnail_grossTrial,thumbnail_grossTrial.png,1245.0,1080.0,337.0,0.0,798.0,692.0,Fixation,317.0,48.0,1005.0,547.0,"0,5359","0,5068",,
25902,19935282,1400459206569,Eye Tracker,Participant0058,17.09.2021,Participant0058,Recording4,17.09.2021,17.09.2021,14:48:45.713,12:48:45.713,64514,Timeline2,Tobii I-VT (Fixation),1.145.28180,1080,1920,"10,00",687799269.0,,,1004.0,551.0,997.0,552.0,1010.0,550.0,"0,07545","0,09620","-0,99250","-0,03041","0,09702","-0,99482",,,Valid,Valid,"234,1","101,0","516,0","292,6","100,4","515,3","273,4","151,0","276,9","150,6","0,5352","0,5104","0,5301","0,5111","0,5404","0,5097",thumbnail_grossTrial,thumbnail_grossTrial.png,1245.0,1080.0,337.0,0.0,798.0,692.0,Fixation,317.0,48.0,1005.0,547.0,"0,5359","0,5068",,
25903,19943631,1400459214918,Eye Tracker,Participant0058,17.09.2021,Participant0058,Recording4,17.09.2021,17.09.2021,14:48:45.713,12:48:45.713,64514,Timeline2,Tobii I-VT (Fixation),1.145.28180,1080,1920,"10,00",687807617.0,,,1009.0,549.0,1002.0,546.0,1016.0,553.0,"0,07808","0,09288","-0,99261","-0,02714","0,09821","-0,99480",,,Valid,Valid,"234,1","101,0","516,1","292,6","100,4","515,4","274,7","149,3","278,5","151,3","0,5396","0,5085","0,5339","0,5052","0,5452","0,5118",thumbnail_grossTrial,thumbnail_grossTrial.png,1245.0,1080.0,337.0,0.0,798.0,692.0,Fixation,317.0,48.0,1005.0,547.0,"0,5359","0,5068",,
25904,19951960,1400459223247,Eye Tracker,Participant0058,17.09.2021,Participant0058,Recording4,17.09.2021,17.09.2021,14:48:45.713,12:48:45.713,64514,Timeline2,Tobii I-VT (Fixation),1.145.28180,1080,1920,"10,00",687815945.0,,,1009.0,548.0,1004.0,544.0,1014.0,553.0,"0,07886","0,09185","-0,99265","-0,02836","0,09857","-0,99473","4,00","4,29",Valid,Valid,"234,1","101,0","516,1","292,6","100,3","515,4","275,1","148,7","277,9","151,4","0,5393","0,5078","0,5352","0,5032","0,5435","0,5123",thumbnail_grossTrial,thumbnail_grossTrial.png,1245.0,1080.0,337.0,0.0,798.0,692.0,Fixation,317.0,48.0,1005.0,547.0,"0,5359","0,5068",,
25905,19960284,1400459231571,Eye Tracker,Participant0058,17.09.2021,Participant0058,Recording4,17.09.2021,17.09.2021,14:48:45.713,12:48:45.713,64514,Timeline2,Tobii I-VT (Fixation),1.145.28180,1080,1920,"10,00",687824269.0,,,1005.0,545.0,1002.0,540.0,1008.0,550.0,"0,07805","0,08977","-0,99290","-0,03174","0,09676","-0,99480",,,Valid,Valid,"234,1","101,0","516,1","292,6","100,4","515,3","274,7","147,7","276,2","150,5","0,5362","0,5044","0,5340","0,4996","0,5384","0,5091",thumbnail_grossTrial,thumbnail_grossTrial.png,1245.0,1080.0,337.0,0.0,798.0,692.0,Fixation,317.0,48.0,1005.0,547.0,"0,5359","0,5068",,
25906,19968620,1400459239907,Eye Tracker,Participant0058,17.09.2021,Participant0058,Recording4,17.09.2021,17.09.2021,14:48:45.713,12:48:45.713,64514,Timeline2,Tobii I-VT (Fixation),1.145.28180,1080,1920,"10,00",687832605.0,,,1002.0,546.0,998.0,544.0,1006.0,549.0,"0,07568","0,09207","-0,99287","-0,03257","0,09620","-0,99483",,,Valid,Valid,"234,1","101,0","516,1","292,6","100,3","515,4","273,4","148,8","275,7","150,2","0,5336","0,5058","0,5302","0,5035","0,5370","0,5081",thumbnail_grossTrial,thumbnail_grossTrial.png,1245.0,1080.0,337.0,0.0,798.0,692.0,Fixation,317.0,48.0,1005.0,547.0,"0,5359","0,5068",,
25907,19976950,1400459248237,Eye Tracker,Participant0058,17.09.2021,Participant0058,Recording4,17.09.2021,17.09.2021,14:48:45.713,12:48:45.713,64514,Timeline2,Tobii I-VT (Fixation),1.145.28180,1080,1920,"10,00",687840935.0,,,1005.0,547.0,1005.0,548.0,1005.0,547.0,"0,07966","0,09419","-0,99236","-0,03325","0,09543","-0,99488","4,30","4,31",Valid,Valid,"234,1","100,9","516,2","292,7","100,3","515,5","275,6","149,9","275,4","149,7","0,5363","0,5069","0,5365","0,5072","0,5361","0,5066",thumbnail_grossTrial,thumbnail_grossTrial.png,1245.0,1080.0,337.0,0.0,798.0,692.0,Fixation,317.0,48.0,1005.0,547.0,"0,5359","0,5068",,
25908,19985255,1400459256542,Eye Tracker,Participant0058,17.09.2021,Participant0058,Recording4,17.09.2021,17.09.2021,14:48:45.713,12:48:45.713,64514,Timeline2,Tobii I-VT (Fixation),1.145.28180,1080,1920,"10,00",687849239.0,,,1006.0,547.0,1006.0,549.0,1005.0,546.0,"0,08015","0,09458","-0,99229","-0,03326","0,09474","-0,99495",,,Valid,Valid,"234,1","100,9","516,3","292,7","100,3","515,5","275,8","150,1","275,4","149,4","0,5367","0,5066","0,5373","0,5079","0,5361","0,5053",thumbnail_grossTrial,thumbnail_grossTrial.png,1245.0,1080.0,337.0,0.0,798.0,692.0,Fixation,317.0,48.0,1005.0,547.0,"0,5359","0,5068",,
25909,19993619,1400459264906,Eye Tracker,Participant0058,17.09.2021,Participant0058,Recording4,17.09.2021,17.09.2021,14:48:45.713,12:48:45.713,64514,Timeline2,Tobii I-VT (Fixation),1.145.28180,1080,1920,"10,00",687857603.0,,,1007.0,547.0,1008.0,549.0,1007.0,545.0,"0,08090","0,09492","-0,99219","-0,03209","0,09422","-0,99503",,,Valid,Valid,"234,1","100,8","516,4","292,6","100,2","515,6","276,2","150,2","276,0","149,1","0,5381","0,5063","0,5383","0,5083","0,5378","0,5043",thumbnail_grossTrial,thumbnail_grossTrial.png,1245.0,1080.0,337.0,0.0,798.0,692.0,Fixation,317.0,48.0,1005.0,547.0,"0,5359","0,5068",,
25910,20001959,1400459273246,Eye Tracker,Participant0058,17.09.2021,Participant0058,Recording4,17.09.2021,17.09.2021,14:48:45.713,12:48:45.713,64514,Timeline2,Tobii I-VT (Fixation),1.145.28180,1080,1920,"10,00",687865942.0,,,1007.0,545.0,,,1007.0,545.0,,,,"-0,03240","0,09477","-0,99497",,"4,34",Invalid,Valid,,,,"292,7","100,1","515,8",,,"275,9","149,3","0,5375","0,5050",,,"0,5375","0,5050",thumbnail_grossTrial,thumbnail_grossTrial.png,1245.0,1080.0,337.0,0.0,798.0,692.0,Fixation,317.0,48.0,1005.0,547.0,"0,5359","0,5068",,
25911,20010253,1400459281540,Eye Tracker,Participant0058,17.09.2021,Participant0058,Recording4,17.09.2021,17.09.2021,14:48:45.713,12:48:45.713,64514,Timeline2,Tobii I-VT (Fixation),1.145.28180,1080,1920,"10,00",687874235.0,,,1008.0,547.0,1006.0,546.0,1009.0,548.0,"0,07982","0,09332","-0,99243","-0,03104","0,09620","-0,99488",,,Valid,Valid,"234,1","100,7","516,6","292,7","100,1","515,8","275,7","149,3","276,6","150,0","0,5382","0,5064","0,5368","0,5052","0,5396","0,5075",thumbnail_grossTrial,thumbnail_grossTrial.png,1245.0,1080.0,337.0,0.0,798.0,692.0,Fixation,317.0,48.0,1005.0,547.0,"0,5359","0,5068",,
25912,20018627,1400459289914,Eye Tracker,Participant0058,17.09.2021,Participant0058,Recording4,17.09.2021,17.09.2021,14:48:45.713,12:48:45.713,64514,Timeline2,Tobii I-VT (Fixation),1.145.28180,1080,1920,"10,00",687882609.0,,,1006.0,550.0,1006.0,547.0,1006.0,552.0,"0,07973","0,09439","-0,99234","-0,03288","0,09831","-0,99461",,,Valid,Valid,"234,1","100,7","516,8","292,7","100,1","516,0","275,6","149,8","275,6","151,1","0,5366","0,5090","0,5366","0,5069","0,5367","0,5112",thumbnail_grossTrial,thumbnail_grossTrial.png,1245.0,1080.0,337.0,0.0,798.0,692.0,Fixation,317.0,48.0,1005.0,547.0,"0,5359","0,5068",,
25913,20026948,1400459298235,Eye Tracker,Participant0058,17.09.2021,Participant0058,Recording4,17.09.2021,17.09.2021,14:48:45.713,12:48:45.713,64514,Timeline2,Tobii I-VT (Fixation),1.145.28180,1080,1920,"10,00",687890930.0,,,1003.0,550.0,998.0,545.0,1009.0,556.0,"0,07545","0,09328","-0,99278","-0,03131","0,10041","-0,99445","4,05","4,31",Valid,Valid,"234,1","100,6","516,9","292,7","100,0","516,2","273,4","149,2","276,5","152,1","0,5347","0,5097","0,5301","0,5047","0,5392","0,5146",thumbnail_grossTrial,thumbnail_grossTrial.png,1245.0,1080.0,337.0,0.0,798.0,692.0,Fixation,317.0,48.0,1005.0,547.0,"0,5359","0,5068",,
25914,20035250,1400459306537,Eye Tracker,Participant0058,17.09.2021,Participant0058,Recording4,17.09.2021,17.09.2021,14:48:45.713,12:48:45.713,64514,Timeline2,Tobii I-VT (Fixation),1.145.28180,1080,1920,"10,00",687899232.0,,,1004.0,553.0,999.0,548.0,1008.0,558.0,"0,07615","0,09458","-0,99260","-0,03177","0,10159","-0,99432",,,Valid,Valid,"234,1","100,6","517,0","292,8","100,0","516,3","273,8","149,8","276,3","152,7","0,5349","0,5118","0,5313","0,5070","0,5386","0,5167",thumbnail_grossTrial,thumbnail_grossTrial.png,1245.0,1080.0,337.0,0.0,798.0,692.0,Fixation,317.0,48.0,1005.0,547.0,"0,5359","0,5068",,
25915,20043697,1400459314984,Eye Tracker,Participant0058,17.09.2021,Participant0058,Recording4,17.09.2021,17.09.2021,14:48:45.713,12:48:45.713,64514,Timeline2,Tobii I-VT (Fixation),1.145.28180,1080,1920,"10,00",687907678.0,,,1009.0,550.0,1005.0,542.0,1012.0,559.0,"0,07952","0,09173","-0,99260","-0,02970","0,10207","-0,99433",,,Valid,Valid,"234,1","100,5","517,2","292,7","99,9","516,5","275,5","148,3","277,3","152,9","0,5389","0,5096","0,5363","0,5017","0,5416","0,5175",thumbnail_grossTrial,thumbnail_grossTrial.png,1245.0,1080.0,337.0,0.0,798.0,692.0,Fixation,317.0,48.0,1005.0,547.0,"0,5359","0,5068",,
25916,20051956,1400459323243,Eye Tracker,Participant0058,17.09.2021,Participant0058,Recording4,17.09.2021,17.09.2021,14:48:45.713,12:48:45.713,64514,Timeline2,Tobii I-VT (Fixation),1.145.28180,1080,1920,"10,00",687915937.0,,,1005.0,548.0,1005.0,543.0,1005.0,554.0,"0,07947","0,09221","-0,99256","-0,03335","0,09982","-0,99445","4,05","3,91",Valid,Valid,"234,1","100,4","517,4","292,8","99,8","516,6","275,5","148,5","275,5","151,7","0,5363","0,5078","0,5364","0,5024","0,5362","0,5133",thumbnail_grossTrial,thumbnail_grossTrial.png,1245.0,1080.0,337.0,0.0,798.0,692.0,Fixation,317.0,48.0,1005.0,547.0,"0,5359","0,5068",,
25917,20060278,1400459331565,Eye Tracker,Participant0058,17.09.2021,Participant0058,Recording4,17.09.2021,17.09.2021,14:48:45.713,12:48:45.713,64514,Timeline2,Tobii I-VT (Fixation),1.145.28180,1080,1920,"10,00",687924258.0,,,1004.0,549.0,1007.0,544.0,1001.0,553.0,"0,08004","0,09316","-0,99243","-0,03561","0,09929","-0,99442",,,Valid,Valid,"234,1","100,4","517,5","292,8","99,8","516,7","275,9","149,0","274,3","151,4","0,5351","0,5082","0,5374","0,5041","0,5328","0,5123",thumbnail_grossTrial,thumbnail_grossTrial.png,1245.0,1080.0,337.0,0.0,798.0,692.0,Fixation,317.0,48.0,1005.0,547.0,"0,5359","0,5068",,
25918,20068620,1400459339907,Eye Tracker,Participant0058,17.09.2021,Participant0058,Recording4,17.09.2021,17.09.2021,14:48:45.713,12:48:45.713,64514,Timeline2,Tobii I-VT (Fixation),1.145.28180,1080,1920,"10,00",687932600.0,,,1003.0,547.0,1005.0,544.0,1002.0,549.0,"0,07916","0,09304","-0,99251","-0,03508","0,09729","-0,99464",,,Valid,Valid,"234,1","100,3","517,6","292,8","99,8","516,9","275,4","148,9","274,5","150,3","0,5347","0,5062","0,5359","0,5037","0,5335","0,5087",thumbnail_grossTrial,thumbnail_grossTrial.png,1245.0,1080.0,337.0,0.0,798.0,692.0,Fixation,317.0,48.0,1005.0,547.0,"0,5359","0,5068",,
25919,20077028,1400459348315,Eye Tracker,Participant0058,17.09.2021,Participant0058,Recording4,17.09.2021,17.09.2021,14:48:45.713,12:48:45.713,64514,Timeline2,Tobii I-VT (Fixation),1.145.28180,1080,1920,"10,00",687941007.0,,,1003.0,546.0,1006.0,543.0,1001.0,549.0,"0,07966","0,09247","-0,99252","-0,03579","0,09722","-0,99462","4,06","3,92",Valid,Valid,"234,1","100,3","517,8","292,8","99,7","517,0","275,7","148,5","274,2","150,2","0,5347","0,5054","0,5368","0,5025","0,5326","0,5084",thumbnail_grossTrial,thumbnail_grossTrial.png,1245.0,1080.0,337.0,0.0,798.0,692.0,Fixation,317.0,48.0,1005.0,547.0,"0,5359","0,5068",,
25920,20085299,1400459356586,Eye Tracker,Participant0058,17.09.2021,Participant0058,Recording4,17.09.2021,17.09.2021,14:48:45.713,12:48:45.713,64514,Timeline2,Tobii I-VT (Fixation),1.145.28180,1080,1920,"10,00",687949278.0,,,1004.0,548.0,1005.0,548.0,1003.0,548.0,"0,07906","0,09544","-0,99229","-0,03477","0,09648","-0,99473",,,Valid,Valid,"234,1","100,3","517,8","292,9","99,7","517,0","275,4","150,1","274,8","149,9","0,5351","0,5074","0,5360","0,5078","0,5342","0,5070",thumbnail_grossTrial,thumbnail_grossTrial.png,1245.0,1080.0,337.0,0.0,798.0,692.0,Fixation,317.0,48.0,1005.0,547.0,"0,5359","0,5068",,
25921,20093623,1400459364910,Eye Tracker,Participant0058,17.09.2021,Participant0058,Recording4,17.09.2021,17.09.2021,14:48:45.713,12:48:45.713,64514,Timeline2,Tobii I-VT (Fixation),1.145.28180,1080,1920,"10,00",687957602.0,,,1004.0,546.0,1005.0,547.0,1002.0,546.0,"0,07936","0,09494","-0,99231","-0,03477","0,09542","-0,99483",,,Valid,Valid,"234,1","100,2","517,9","292,8","99,7","517,1","275,5","149,8","274,7","149,3","0,5352","0,5060","0,5363","0,5068","0,5341","0,5052",thumbnail_grossTrial,thumbnail_grossTrial.png,1245.0,1080.0,337.0,0.0,798.0,692.0,Fixation,317.0,48.0,1005.0,547.0,"0,5359","0,5068",,
25922,20101945,1400459373232,Eye Tracker,Participant0058,17.09.2021,Participant0058,Recording4,17.09.2021,17.09.2021,14:48:45.713,12:48:45.713,64514,Timeline2,Tobii I-VT (Fixation),1.145.28180,1080,1920,"10,00",687965924.0,,,1002.0,548.0,1004.0,547.0,1000.0,549.0,"0,07885","0,09475","-0,99237","-0,03628","0,09746","-0,99458","4,06","3,93",Valid,Valid,"234,1","100,2","518,0","292,8","99,7","517,1","275,3","149,6","274,0","150,3","0,5337","0,5075","0,5356","0,5063","0,5319","0,5086",thumbnail_grossTrial,thumbnail_grossTrial.png,1245.0,1080.0,337.0,0.0,798.0,692.0,Fixation,317.0,48.0,1005.0,547.0,"0,5359","0,5068",,
25923,20110247,1400459381534,Eye Tracker,Participant0058,17.09.2021,Participant0058,Recording4,17.09.2021,17.09.2021,14:48:45.713,12:48:45.713,64514,Timeline2,Tobii I-VT (Fixation),1.145.28180,1080,1920,"10,00",687974224.0,,,997.0,544.0,1001.0,539.0,993.0,548.0,"0,07689","0,09091","-0,99289","-0,03975","0,09683","-0,99451",,,Valid,Valid,"234,1","100,2","518,0","292,9","99,7","517,0","274,2","147,6","272,2","150,0","0,5296","0,5036","0,5326","0,4995","0,5266","0,5076",thumbnail_grossTrial,thumbnail_grossTrial.png,1245.0,1080.0,337.0,0.0,798.0,692.0,Fixation,317.0,48.0,1005.0,547.0,"0,5359","0,5068",,
25924,20118613,1400459389900,Eye Tracker,Participant0058,17.09.2021,Participant0058,Recording4,17.09.2021,17.09.2021,14:48:45.713,12:48:45.713,64514,Timeline2,Tobii I-VT (Fixation),1.145.28180,1080,1920,"10,00",687982590.0,,,995.0,542.0,998.0,538.0,993.0,547.0,"0,07540","0,09041","-0,99305","-0,03955","0,09591","-0,99460",,,Valid,Valid,"234,1","100,2","518,0","292,8","99,7","517,0","273,4","147,3","272,2","149,6","0,5284","0,5023","0,5301","0,4985","0,5268","0,5060",thumbnail_grossTrial,thumbnail_grossTrial.png,1245.0,1080.0,337.0,0.0,798.0,692.0,Fixation,317.0,48.0,1005.0,547.0,"0,5359","0,5068",,
25925,20126912,1400459398199,Eye Tracker,Participant0058,17.09.2021,Participant0058,Recording4,17.09.2021,17.09.2021,14:48:45.713,12:48:45.713,64514,Timeline2,Tobii I-VT (Fixation),1.145.28180,1080,1920,"10,00",687990889.0,,,1001.0,541.0,1003.0,538.0,1000.0,543.0,"0,07800","0,09051","-0,99284","-0,03598","0,09425","-0,99490","4,05","3,91",Valid,Valid,"234,1","100,1","518,1","292,8","99,7","517,0","274,8","147,4","274,1","148,7","0,5333","0,5008","0,5342","0,4986","0,5323","0,5030",thumbnail_grossTrial,thumbnail_grossTrial.png,1245.0,1080.0,337.0,0.0,798.0,692.0,Fixation,317.0,48.0,1005.0,547.0,"0,5359","0,5068",,
25926,20135331,1400459406618,Eye Tracker,Participant0058,17.09.2021,Participant0058,Recording4,17.09.2021,17.09.2021,14:48:45.713,12:48:45.713,64514,Timeline2,Tobii I-VT (Fixation),1.145.28180,1080,1920,"10,00",687999308.0,,,1002.0,542.0,1003.0,537.0,1002.0,548.0,"0,07792","0,08986","-0,99290","-0,03498","0,09641","-0,99473",,,Valid,Valid,"234,1","100,1","518,1","292,8","99,7","516,9","274,8","147,0","274,7","149,8","0,5340","0,5022","0,5342","0,4975","0,5339","0,5070",thumbnail_grossTrial,thumbnail_grossTrial.png,1245.0,1080.0,337.0,0.0,798.0,692.0,Fixation,317.0,48.0,1005.0,547.0,"0,5359","0,5068",,
25927,20143611,1400459414898,Eye Tracker,Participant0058,17.09.2021,Participant0058,Recording4,17.09.2021,17.09.2021,14:48:45.713,12:48:45.713,64514,Timeline2,Tobii I-VT (Fixation),1.145.28180,1080,1920,"10,00",688007587.0,,,1001.0,545.0,1003.0,542.0,998.0,548.0,"0,07836","0,09224","-0,99265","-0,03696","0,09669","-0,99463",,,Valid,Valid,"234,1","100,1","518,1","292,8","99,8","516,9","275,0","148,3","273,6","150,0","0,5327","0,5046","0,5347","0,5016","0,5307","0,5076",thumbnail_grossTrial,thumbnail_grossTrial.png,1245.0,1080.0,337.0,0.0,798.0,692.0,Fixation,317.0,48.0,1005.0,547.0,"0,5359","0,5068",,
25928,20151937,1400459423224,Eye Tracker,Participant0058,17.09.2021,Participant0058,Recording4,17.09.2021,17.09.2021,14:48:45.713,12:48:45.713,64514,Timeline2,Tobii I-VT (Fixation),1.145.28180,1080,1920,"10,00",688015913.0,,,1006.0,549.0,1006.0,546.0,1005.0,552.0,"0,07990","0,09458","-0,99231","-0,03344","0,09894","-0,99453","4,23","4,28",Valid,Valid,"234,1","100,1","518,2","292,8","99,8","516,8","275,8","149,5","275,4","151,2","0,5367","0,5086","0,5372","0,5057","0,5361","0,5115",thumbnail_grossTrial,thumbnail_grossTrial.png,1245.0,1080.0,337.0,0.0,798.0,692.0,Fixation,317.0,48.0,1005.0,547.0,"0,5359","0,5068",,
25929,20160329,1400459431616,Eye Tracker,Participant0058,17.09.2021,Participant0058,Recording4,17.09.2021,17.09.2021,14:48:45.713,12:48:45.713,64514,Timeline2,Tobii I-VT (Fixation),1.145.28180,1080,1920,"10,00",688024304.0,,,1006.0,554.0,1005.0,552.0,1006.0,556.0,"0,07921","0,09740","-0,99209","-0,03268","0,10069","-0,99438",,,Valid,Valid,"234,1","100,1","518,2","292,8","99,8","516,7","275,5","151,0","275,8","152,1","0,5368","0,5128","0,5363","0,5108","0,5373","0,5147",thumbnail_grossTrial,thumbnail_grossTrial.png,1245.0,1080.0,337.0,0.0,798.0,692.0,Fixation,317.0,48.0,1005.0,547.0,"0,5359","0,5068",,
25930,20168608,1400459439895,Eye Tracker,Participant0058,17.09.2021,Participant0058,Recording4,17.09.2021,17.09.2021,14:48:45.713,12:48:45.713,64514,Timeline2,Tobii I-VT (Fixation),1.145.28180,1080,1920,"10,00",688032583.0,,,1004.0,552.0,1001.0,548.0,1006.0,557.0,"0,07728","0,09540","-0,99243","-0,03255","0,10095","-0,99436",,,Valid,Valid,"234,1","100,1","518,2","292,8","99,9","516,6","274,4","149,9","275,8","152,3","0,5352","0,5112","0,5331","0,5071","0,5373","0,5153",thumbnail_grossTrial,thumbnail_grossTrial.png,1245.0,1080.0,337.0,0.0,798.0,692.0,Fixation,317.0,48.0,1005.0,547.0,"0,5359","0,5068",,
25931,20176938,1400459448225,Eye Tracker,Participant0058,17.09.2021,Participant0058,Recording4,17.09.2021,17.09.2021,14:48:45.713,12:48:45.713,64514,Timeline2,Tobii I-VT (Fixation),1.145.28180,1080,1920,"10,00",688040912.0,,,1003.0,547.0,998.0,545.0,1009.0,550.0,"0,07526","0,09383","-0,99274","-0,03109","0,09729","-0,99477","4,06","4,25",Valid,Valid,"234,1","100,0","518,3","292,8","99,9","516,6","273,4","149,0","276,7","150,4","0,5349","0,5065","0,5301","0,5042","0,5397","0,5088",thumbnail_grossTrial,thumbnail_grossTrial.png,1245.0,1080.0,337.0,0.0,798.0,692.0,Fixation,317.0,48.0,1005.0,547.0,"0,5359","0,5068",,
25932,20185248,1400459456535,Eye Tracker,Participant0058,17.09.2021,Participant0058,Recording4,17.09.2021,17.09.2021,14:48:45.713,12:48:45.713,64514,Timeline2,Tobii I-VT (Fixation),1.145.28180,1080,1920,"10,00",688049222.0,,,1003.0,547.0,997.0,544.0,1008.0,550.0,"0,07518","0,09340","-0,99279","-0,03166","0,09765","-0,99472",,,Valid,Valid,"234,1","100,1","518,3","292,8","99,9","516,4","273,4","148,8","276,4","150,6","0,5345","0,5066","0,5301","0,5035","0,5389","0,5096",thumbnail_grossTrial,thumbnail_grossTrial.png,1245.0,1080.0,337.0,0.0,798.0,692.0,Fixation,317.0,48.0,1005.0,547.0,"0,5359","0,5068",,
25933,20193609,1400459464896,Eye Tracker,Participant0058,17.09.2021,Participant0058,Recording4,17.09.2021,17.09.2021,14:48:45.713,12:48:45.713,64514,Timeline2,Tobii I-VT (Fixation),1.145.28180,1080,1920,"10,00",688057583.0,,,1008.0,547.0,1010.0,540.0,1007.0,554.0,"0,08201","0,09166","-0,99241","-0,03252","0,09933","-0,99452",,,Valid,Valid,"234,1","100,0","518,3","292,8","100,0","516,4","276,9","147,9","275,9","151,5","0,5389","0,5066","0,5404","0,5004","0,5374","0,5127",thumbnail_grossTrial,thumbnail_grossTrial.png,1245.0,1080.0,337.0,0.0,798.0,692.0,Fixation,317.0,48.0,1005.0,547.0,"0,5359","0,5068",,
25934,20201987,1400459473274,Eye Tracker,Participant0058,17.09.2021,Participant0058,Recording4,17.09.2021,17.09.2021,14:48:45.713,12:48:45.713,64514,Timeline2,Tobii I-VT (Fixation),1.145.28180,1080,1920,"10,00",688065961.0,,,1010.0,549.0,1018.0,540.0,1002.0,558.0,"0,08583","0,09123","-0,99212","-0,03511","0,10150","-0,99422","4,30","4,30",Valid,Valid,"234,1","100,0","518,4","292,8","99,9","516,4","278,9","147,7","274,6","152,7","0,5400","0,5081","0,5464","0,4997","0,5336","0,5165",thumbnail_grossTrial,thumbnail_grossTrial.png,1245.0,1080.0,337.0,0.0,798.0,692.0,Fixation,317.0,48.0,1005.0,547.0,"0,5359","0,5068",,
25935,20210239,1400459481526,Eye Tracker,Participant0058,17.09.2021,Participant0058,Recording4,17.09.2021,17.09.2021,14:48:45.713,12:48:45.713,64514,Timeline2,Tobii I-VT (Fixation),1.145.28180,1080,1920,"10,00",688074212.0,,,1011.0,544.0,1020.0,536.0,1002.0,552.0,"0,08696","0,08943","-0,99219","-0,03523","0,09840","-0,99452",,,Valid,Valid,"234,1","100,0","518,3","292,8","100,0","516,3","279,6","146,8","274,5","151,1","0,5408","0,5038","0,5482","0,4965","0,5334","0,5111",thumbnail_grossTrial,thumbnail_grossTrial.png,1245.0,1080.0,337.0,0.0,798.0,692.0,Fixation,317.0,48.0,1005.0,547.0,"0,5359","0,5068",,
25936,20218579,1400459489866,Eye Tracker,Participant0058,17.09.2021,Participant0058,Recording4,17.09.2021,17.09.2021,14:48:45.713,12:48:45.713,64514,Timeline2,Tobii I-VT (Fixation),1.145.28180,1080,1920,"10,00",688082552.0,,,1007.0,545.0,1012.0,543.0,1003.0,547.0,"0,08289","0,09276","-0,99223","-0,03460","0,09567","-0,99481",,,Valid,Valid,"234,1","100,0","518,4","292,8","100,0","516,3","277,4","148,5","274,8","149,7","0,5380","0,5044","0,5418","0,5024","0,5343","0,5064",thumbnail_grossTrial,thumbnail_grossTrial.png,1245.0,1080.0,337.0,0.0,798.0,692.0,Fixation,317.0,48.0,1005.0,547.0,"0,5359","0,5068",,
25937,20226934,1400459498221,Eye Tracker,Participant0058,17.09.2021,Participant0058,Recording4,17.09.2021,17.09.2021,14:48:45.713,12:48:45.713,64514,Timeline2,Tobii I-VT (Fixation),1.145.28180,1080,1920,"10,00",688090906.0,,,1008.0,544.0,1012.0,540.0,1005.0,549.0,"0,08293","0,09135","-0,99236","-0,03360","0,09679","-0,99474","4,37","4,31",Valid,Valid,"234,1","100,0","518,4","292,8","100,0","516,3","277,4","147,7","275,3","150,2","0,5389","0,5040","0,5419","0,4998","0,5358","0,5083",thumbnail_grossTrial,thumbnail_grossTrial.png,1245.0,1080.0,337.0,0.0,798.0,692.0,Fixation,317.0,48.0,1005.0,547.0,"0,5359","0,5068",,
25938,20235239,1400459506526,Eye Tracker,Participant0058,17.09.2021,Participant0058,Recording4,17.09.2021,17.09.2021,14:48:45.713,12:48:45.713,64514,Timeline2,Tobii I-VT (Fixation),1.145.28180,1080,1920,"10,00",688099211.0,,,1005.0,547.0,1011.0,547.0,1000.0,547.0,"0,08208","0,09515","-0,99207","-0,03601","0,09585","-0,99474",,,Valid,Valid,"234,1","100,0","518,4","292,7","100,0","516,2","277,0","149,8","274,0","149,8","0,5363","0,5067","0,5406","0,5067","0,5320","0,5068",thumbnail_grossTrial,thumbnail_grossTrial.png,1245.0,1080.0,337.0,0.0,798.0,692.0,Fixation,317.0,48.0,1005.0,547.0,"0,5359","0,5068",,
25939,20243577,1400459514864,Eye Tracker,Participant0058,17.09.2021,Participant0058,Recording4,17.09.2021,17.09.2021,14:48:45.713,12:48:45.713,64514,Timeline2,Tobii I-VT (Fixation),1.145.28180,1080,1920,"10,00",688107548.0,,,997.0,553.0,998.0,548.0,996.0,557.0,"0,07585","0,09584","-0,99250","-0,03779","0,10085","-0,99418",,,Valid,Valid,"234,0","100,0","518,4","292,7","100,1","516,3","273,6","150,1","273,1","152,4","0,5299","0,5118","0,5308","0,5078","0,5291","0,5157",thumbnail_grossTrial,thumbnail_grossTrial.png,1245.0,1080.0,337.0,0.0,798.0,692.0,Saccade,8.0,72.0,,,,,,
25940,20251945,1400459523232,Eye Tracker,Participant0058,17.09.2021,Participant0058,Recording4,17.09.2021,17.09.2021,14:48:45.713,12:48:45.713,64514,Timeline2,Tobii I-VT (Fixation),1.145.28180,1080,1920,"10,00",688115916.0,,,988.0,552.0,983.0,553.0,993.0,552.0,"0,06789","0,09805","-0,99286","-0,03938","0,09844","-0,99436","4,07","4,27",Valid,Valid,"234,0","100,0","518,5","292,7","100,0","516,3","269,5","151,2","272,3","151,1","0,5228","0,5115","0,5187","0,5116","0,5268","0,5113",thumbnail_grossTrial,thumbnail_grossTrial.png,1245.0,1080.0,337.0,0.0,798.0,692.0,Fixation,292.0,49.0,983.0,554.0,"0,5185","0,5127",,
25941,20260275,1400459531562,Eye Tracker,Participant0058,17.09.2021,Participant0058,Recording4,17.09.2021,17.09.2021,14:48:45.713,12:48:45.713,64514,Timeline2,Tobii I-VT (Fixation),1.145.28180,1080,1920,"10,00",688124246.0,,,985.0,555.0,978.0,552.0,991.0,558.0,"0,06522","0,09773","-0,99307","-0,04064","0,10139","-0,99402",,,Valid,Valid,"234,1","100,0","518,4","292,7","100,1","516,2","268,1","151,1","271,6","152,7","0,5198","0,5139","0,5146","0,5111","0,5249","0,5167",thumbnail_grossTrial,thumbnail_grossTrial.png,1245.0,1080.0,337.0,0.0,798.0,692.0,Fixation,292.0,49.0,983.0,554.0,"0,5185","0,5127",,
25942,20268645,1400459539932,Eye Tracker,Participant0058,17.09.2021,Participant0058,Recording4,17.09.2021,17.09.2021,14:48:45.713,12:48:45.713,64514,Timeline2,Tobii I-VT (Fixation),1.145.28180,1080,1920,"10,00",688132616.0,,,983.0,555.0,977.0,555.0,989.0,555.0,"0,06483","0,09955","-0,99292","-0,04160","0,09952","-0,99417",,,Valid,Valid,"234,0","100,0","518,4","292,7","100,1","516,2","267,8","152,0","271,1","151,7","0,5186","0,5139","0,5139","0,5143","0,5233","0,5134",thumbnail_grossTrial,thumbnail_grossTrial.png,1245.0,1080.0,337.0,0.0,798.0,692.0,Fixation,292.0,49.0,983.0,554.0,"0,5185","0,5127",,
25943,20276974,1400459548261,Eye Tracker,Participant0058,17.09.2021,Participant0058,Recording4,17.09.2021,17.09.2021,14:48:45.713,12:48:45.713,64514,Timeline2,Tobii I-VT (Fixation),1.145.28180,1080,1920,"10,00",688140944.0,,,982.0,558.0,977.0,556.0,987.0,560.0,"0,06477","0,09984","-0,99289","-0,04283","0,10270","-0,99379","4,08","4,30",Valid,Valid,"234,0","100,0","518,5","292,7","100,0","516,3","267,9","152,1","270,5","153,4","0,5177","0,5168","0,5139","0,5147","0,5216","0,5190",thumbnail_grossTrial,thumbnail_grossTrial.png,1245.0,1080.0,337.0,0.0,798.0,692.0,Fixation,292.0,49.0,983.0,554.0,"0,5185","0,5127",,
25944,20285316,1400459556603,Eye Tracker,Participant0058,17.09.2021,Participant0058,Recording4,17.09.2021,17.09.2021,14:48:45.713,12:48:45.713,64514,Timeline2,Tobii I-VT (Fixation),1.145.28180,1080,1920,"10,00",688149285.0,,,985.0,555.0,978.0,551.0,991.0,559.0,"0,06495","0,09722","-0,99314","-0,04051","0,10168","-0,99399",,,Valid,Valid,"234,1","100,0","518,4","292,7","100,1","516,2","268,0","150,8","271,7","152,9","0,5197","0,5137","0,5142","0,5101","0,5251","0,5172",thumbnail_grossTrial,thumbnail_grossTrial.png,1245.0,1080.0,337.0,0.0,798.0,692.0,Fixation,292.0,49.0,983.0,554.0,"0,5185","0,5127",,
25945,20293656,1400459564943,Eye Tracker,Participant0058,17.09.2021,Participant0058,Recording4,17.09.2021,17.09.2021,14:48:45.713,12:48:45.713,64514,Timeline2,Tobii I-VT (Fixation),1.145.28180,1080,1920,"10,00",688157625.0,,,982.0,555.0,982.0,547.0,982.0,562.0,"0,06722","0,09533","-0,99317","-0,04535","0,10345","-0,99360",,,Valid,Valid,"234,0","100,0","518,5","292,7","100,1","516,2","269,1","149,8","269,1","153,8","0,5176","0,5136","0,5176","0,5067","0,5177","0,5204",thumbnail_grossTrial,thumbnail_grossTrial.png,1245.0,1080.0,337.0,0.0,798.0,692.0,Fixation,292.0,49.0,983.0,554.0,"0,5185","0,5127",,
25946,20301902,1400459573189,Eye Tracker,Participant0058,17.09.2021,Participant0058,Recording4,17.09.2021,17.09.2021,14:48:45.713,12:48:45.713,64514,Timeline2,Tobii I-VT (Fixation),1.145.28180,1080,1920,"10,00",688165871.0,,,980.0,556.0,982.0,549.0,979.0,562.0,"0,06718","0,09604","-0,99311","-0,04721","0,10377","-0,99348","4,06","4,31",Valid,Valid,"234,1","100,0","518,6","292,7","100,0","516,3","269,1","150,1","268,2","153,9","0,5163","0,5144","0,5176","0,5079","0,5149","0,5208",thumbnail_grossTrial,thumbnail_grossTrial.png,1245.0,1080.0,337.0,0.0,798.0,692.0,Fixation,292.0,49.0,983.0,554.0,"0,5185","0,5127",,
25947,20310236,1400459581523,Eye Tracker,Participant0058,17.09.2021,Participant0058,Recording4,17.09.2021,17.09.2021,14:48:45.713,12:48:45.713,64514,Timeline2,Tobii I-VT (Fixation),1.145.28180,1080,1920,"10,00",688174204.0,,,986.0,553.0,981.0,552.0,990.0,553.0,"0,06680","0,09805","-0,99294","-0,04141","0,09889","-0,99424",,,Valid,Valid,"234,1","100,0","518,5","292,8","100,0","516,3","269,0","151,2","271,3","151,4","0,5205","0,5118","0,5172","0,5115","0,5239","0,5121",thumbnail_grossTrial,thumbnail_grossTrial.png,1245.0,1080.0,337.0,0.0,798.0,692.0,Fixation,292.0,49.0,983.0,554.0,"0,5185","0,5127",,
25948,20318581,1400459589868,Eye Tracker,Participant0058,17.09.2021,Participant0058,Recording4,17.09.2021,17.09.2021,14:48:45.713,12:48:45.713,64514,Timeline2,Tobii I-VT (Fixation),1.145.28180,1080,1920,"10,00",688182549.0,,,990.0,558.0,978.0,555.0,1001.0,561.0,"0,06536","0,09940","-0,99290","-0,03526","0,10314","-0,99404",,,Valid,Valid,"234,0","99,9","518,6","292,7","100,0","516,4","268,2","151,9","274,4","153,6","0,5239","0,5167","0,5148","0,5138","0,5331","0,5195",thumbnail_grossTrial,thumbnail_grossTrial.png,1245.0,1080.0,337.0,0.0,798.0,692.0,Fixation,292.0,49.0,983.0,554.0,"0,5185","0,5127",,
25949,20326901,1400459598188,Eye Tracker,Participant0058,17.09.2021,Participant0058,Recording4,17.09.2021,17.09.2021,14:48:45.713,12:48:45.713,64514,Timeline2,Tobii I-VT (Fixation),1.145.28180,1080,1920,"10,00",688190868.0,,,993.0,556.0,984.0,554.0,1002.0,559.0,"0,06833","0,09905","-0,99273","-0,03471","0,10202","-0,99418","4,40","4,28",Valid,Valid,"234,1","99,9","518,7","292,8","99,9","516,5","269,8","151,6","274,8","152,9","0,5268","0,5152","0,5195","0,5130","0,5341","0,5174",thumbnail_grossTrial,thumbnail_grossTrial.png,1245.0,1080.0,337.0,0.0,798.0,692.0,Fixation,292.0,49.0,983.0,554.0,"0,5185","0,5127",,
25950,20335233,1400459606520,Eye Tracker,Participant0058,17.09.2021,Participant0058,Recording4,17.09.2021,17.09.2021,14:48:45.713,12:48:45.713,64514,Timeline2,Tobii I-VT (Fixation),1.145.28180,1080,1920,"10,00",688199200.0,,,990.0,557.0,985.0,554.0,994.0,560.0,"0,06870","0,09875","-0,99274","-0,03904","0,10246","-0,99397",,,Valid,Valid,"234,1","99,9","518,7","292,8","99,9","516,5","270,0","151,5","272,5","153,2","0,5239","0,5154","0,5202","0,5125","0,5276","0,5182",thumbnail_grossTrial,thumbnail_grossTrial.png,1245.0,1080.0,337.0,0.0,798.0,692.0,Fixation,292.0,49.0,983.0,554.0,"0,5185","0,5127",,
25951,20343571,1400459614858,Eye Tracker,Participant0058,17.09.2021,Participant0058,Recording4,17.09.2021,17.09.2021,14:48:45.713,12:48:45.713,64514,Timeline2,Tobii I-VT (Fixation),1.145.28180,1080,1920,"10,00",688207537.0,,,987.0,555.0,987.0,551.0,987.0,560.0,"0,06956","0,09728","-0,99282","-0,04306","0,10249","-0,99380",,,Valid,Valid,"234,0","99,8","518,8","292,8","99,9","516,7","270,4","150,7","270,4","153,2","0,5213","0,5140","0,5213","0,5098","0,5213","0,5182",thumbnail_grossTrial,thumbnail_grossTrial.png,1245.0,1080.0,337.0,0.0,798.0,692.0,Fixation,292.0,49.0,983.0,554.0,"0,5185","0,5127",,
25952,20351898,1400459623185,Eye Tracker,Participant0058,17.09.2021,Participant0058,Recording4,17.09.2021,17.09.2021,14:48:45.713,12:48:45.713,64514,Timeline2,Tobii I-VT (Fixation),1.145.28180,1080,1920,"10,00",688215864.0,,,985.0,556.0,979.0,552.0,991.0,560.0,"0,06562","0,09797","-0,99302","-0,04103","0,10294","-0,99384","4,06","4,20",Valid,Valid,"234,1","99,8","518,9","292,8","99,8","516,8","268,4","151,0","271,5","153,3","0,5200","0,5148","0,5154","0,5108","0,5246","0,5187",thumbnail_grossTrial,thumbnail_grossTrial.png,1245.0,1080.0,337.0,0.0,798.0,692.0,Fixation,292.0,49.0,983.0,554.0,"0,5185","0,5127",,
25953,20360263,1400459631550,Eye Tracker,Participant0058,17.09.2021,Participant0058,Recording4,17.09.2021,17.09.2021,14:48:45.713,12:48:45.713,64514,Timeline2,Tobii I-VT (Fixation),1.145.28180,1080,1920,"10,00",688224229.0,,,988.0,553.0,977.0,551.0,1000.0,555.0,"0,06425","0,09736","-0,99317","-0,03627","0,09999","-0,99433",,,Valid,Valid,"234,1","99,8","518,9","292,8","99,8","516,8","267,7","150,7","274,0","151,8","0,5226","0,5116","0,5134","0,5097","0,5319","0,5135",thumbnail_grossTrial,thumbnail_grossTrial.png,1245.0,1080.0,337.0,0.0,798.0,692.0,Fixation,292.0,49.0,983.0,554.0,"0,5185","0,5127",,
25954,20368566,1400459639853,Eye Tracker,Participant0058,17.09.2021,Participant0058,Recording4,17.09.2021,17.09.2021,14:48:45.713,12:48:45.713,64514,Timeline2,Tobii I-VT (Fixation),1.145.28180,1080,1920,"10,00",688232532.0,,,989.0,549.0,978.0,543.0,1001.0,554.0,"0,06495","0,09341","-0,99351","-0,03545","0,09996","-0,99436",,,Valid,Valid,"234,0","99,7","519,0","292,8","99,8","516,9","268,0","148,5","274,4","151,7","0,5236","0,5080","0,5142","0,5026","0,5330","0,5134",thumbnail_grossTrial,thumbnail_grossTrial.png,1245.0,1080.0,337.0,0.0,798.0,692.0,Fixation,292.0,49.0,983.0,554.0,"0,5185","0,5127",,
25955,20376931,1400459648218,Eye Tracker,Participant0058,17.09.2021,Participant0058,Recording4,17.09.2021,17.09.2021,14:48:45.713,12:48:45.713,64514,Timeline2,Tobii I-VT (Fixation),1.145.28180,1080,1920,"10,00",688240896.0,,,990.0,553.0,,,990.0,553.0,,,,"-0,04122","0,09933","-0,99420",,"3,86",Invalid,Valid,,,,"292,9","99,7","517,0",,,"271,4","151,3","0,5244","0,5121",,,"0,5244","0,5121",thumbnail_grossTrial,thumbnail_grossTrial.png,1245.0,1080.0,337.0,0.0,798.0,692.0,Fixation,292.0,49.0,983.0,554.0,"0,5185","0,5127",,
25956,20385258,1400459656545,Eye Tracker,Participant0058,17.09.2021,Participant0058,Recording4,17.09.2021,17.09.2021,14:48:45.713,12:48:45.713,64514,Timeline2,Tobii I-VT (Fixation),1.145.28180,1080,1920,"10,00",688249222.0,,,982.0,550.0,981.0,542.0,982.0,557.0,"0,06679","0,09306","-0,99342","-0,04545","0,10159","-0,99379",,,Valid,Valid,"234,1","99,7","519,1","292,9","99,7","516,9","269,0","148,3","269,2","152,6","0,5176","0,5090","0,5173","0,5019","0,5179","0,5162",thumbnail_grossTrial,thumbnail_grossTrial.png,1245.0,1080.0,337.0,0.0,798.0,692.0,Fixation,292.0,49.0,983.0,554.0,"0,5185","0,5127",,
25957,20393611,1400459664898,Eye Tracker,Participant0058,17.09.2021,Participant0058,Recording4,17.09.2021,17.09.2021,14:48:45.713,12:48:45.713,64514,Timeline2,Tobii I-VT (Fixation),1.145.28180,1080,1920,"10,00",688257575.0,,,979.0,546.0,977.0,539.0,982.0,554.0,"0,06441","0,09158","-0,99371","-0,04574","0,09956","-0,99398",,,Valid,Valid,"234,0","99,7","519,1","292,8","99,7","517,0","267,7","147,5","269,0","151,5","0,5154","0,5058","0,5134","0,4991","0,5173","0,5126",thumbnail_grossTrial,thumbnail_grossTrial.png,1245.0,1080.0,337.0,0.0,798.0,692.0,Fixation,292.0,49.0,983.0,554.0,"0,5185","0,5127",,
25958,20401938,1400459673225,Eye Tracker,Participant0058,17.09.2021,Participant0058,Recording4,17.09.2021,17.09.2021,14:48:45.713,12:48:45.713,64514,Timeline2,Tobii I-VT (Fixation),1.145.28180,1080,1920,"10,00",688265902.0,,,982.0,546.0,983.0,539.0,982.0,552.0,"0,06781","0,09172","-0,99347","-0,04585","0,09890","-0,99404","4,30","3,85",Valid,Valid,"234,1","99,6","519,2","292,9","99,7","517,0","269,5","147,6","269,0","151,1","0,5181","0,5053","0,5188","0,4993","0,5173","0,5113",thumbnail_grossTrial,thumbnail_grossTrial.png,1245.0,1080.0,337.0,0.0,798.0,692.0,Fixation,292.0,49.0,983.0,554.0,"0,5185","0,5127",,
25959,20410240,1400459681527,Eye Tracker,Participant0058,17.09.2021,Participant0058,Recording4,17.09.2021,17.09.2021,14:48:45.713,12:48:45.713,64514,Timeline2,Tobii I-VT (Fixation),1.145.28180,1080,1920,"10,00",688274203.0,,,978.0,543.0,980.0,539.0,977.0,547.0,"0,06598","0,09137","-0,99363","-0,04848","0,09598","-0,99420",,,Valid,Valid,"234,1","99,7","519,1","292,9","99,7","516,9","268,6","147,4","267,7","149,6","0,5147","0,5025","0,5161","0,4987","0,5134","0,5063",thumbnail_grossTrial,thumbnail_grossTrial.png,1245.0,1080.0,337.0,0.0,798.0,692.0,Fixation,292.0,49.0,983.0,554.0,"0,5185","0,5127",,
25960,20418596,1400459689883,Eye Tracker,Participant0058,17.09.2021,Participant0058,Recording4,17.09.2021,17.09.2021,14:48:45.713,12:48:45.713,64514,Timeline2,Tobii I-VT (Fixation),1.145.28180,1080,1920,"10,00",688282559.0,,,977.0,552.0,982.0,551.0,971.0,553.0,"0,06728","0,09805","-0,99290","-0,05126","0,09922","-0,99374",,,Valid,Valid,"234,1","99,6","519,2","292,8","99,7","516,9","269,2","150,9","266,2","151,3","0,5135","0,5113","0,5180","0,5106","0,5090","0,5121",thumbnail_grossTrial,thumbnail_grossTrial.png,1245.0,1080.0,337.0,0.0,798.0,692.0,Fixation,292.0,49.0,983.0,554.0,"0,5185","0,5127",,
25961,20426893,1400459698180,Eye Tracker,Participant0058,17.09.2021,Participant0058,Recording4,17.09.2021,17.09.2021,14:48:45.713,12:48:45.713,64514,Timeline2,Tobii I-VT (Fixation),1.145.28180,1080,1920,"10,00",688290856.0,,,977.0,560.0,,,977.0,560.0,,,,"-0,04829","0,10298","-0,99351",,"4,23",Invalid,Valid,,,,"292,9","99,7","516,9",,,"267,8","153,3","0,5136","0,5187",,,"0,5136","0,5187",thumbnail_grossTrial,thumbnail_grossTrial.png,1245.0,1080.0,337.0,0.0,798.0,692.0,Fixation,292.0,49.0,983.0,554.0,"0,5185","0,5127",,
25962,20435279,1400459706566,Eye Tracker,Participant0058,17.09.2021,Participant0058,Recording4,17.09.2021,17.09.2021,14:48:45.713,12:48:45.713,64514,Timeline2,Tobii I-VT (Fixation),1.145.28180,1080,1920,"10,00",688299241.0,,,984.0,551.0,977.0,553.0,992.0,549.0,"0,06420","0,09883","-0,99303","-0,04048","0,09688","-0,99447",,,Valid,Valid,"234,1","99,6","519,2","292,9","99,8","516,7","267,7","151,3","271,8","150,1","0,5195","0,5100","0,5134","0,5120","0,5256","0,5079",thumbnail_grossTrial,thumbnail_grossTrial.png,1245.0,1080.0,337.0,0.0,798.0,692.0,Fixation,292.0,49.0,983.0,554.0,"0,5185","0,5127",,
25963,20443565,1400459714852,Eye Tracker,Participant0058,17.09.2021,Participant0058,Recording4,17.09.2021,17.09.2021,14:48:45.713,12:48:45.713,64514,Timeline2,Tobii I-VT (Fixation),1.145.28180,1080,1920,"10,00",688307526.0,,,983.0,558.0,976.0,553.0,991.0,563.0,"0,06380","0,09903","-0,99304","-0,04102","0,10410","-0,99372",,,Valid,Valid,"234,1","99,6","519,2","292,8","99,8","516,7","267,4","151,4","271,5","154,0","0,5186","0,5166","0,5126","0,5123","0,5246","0,5209",thumbnail_grossTrial,thumbnail_grossTrial.png,1245.0,1080.0,337.0,0.0,798.0,692.0,Fixation,292.0,49.0,983.0,554.0,"0,5185","0,5127",,
25964,20451937,1400459723224,Eye Tracker,Participant0058,17.09.2021,Participant0058,Recording4,17.09.2021,17.09.2021,14:48:45.713,12:48:45.713,64514,Timeline2,Tobii I-VT (Fixation),1.145.28180,1080,1920,"10,00",688315898.0,,,982.0,557.0,970.0,552.0,993.0,561.0,"0,06093","0,09843","-0,99328","-0,03964","0,10336","-0,99385","4,01","4,22",Valid,Valid,"234,1","99,6","519,2","292,9","99,8","516,7","266,0","151,1","272,3","153,5","0,5176","0,5153","0,5083","0,5111","0,5268","0,5195",thumbnail_grossTrial,thumbnail_grossTrial.png,1245.0,1080.0,337.0,0.0,798.0,692.0,Fixation,292.0,49.0,983.0,554.0,"0,5185","0,5127",,
25965,20460264,1400459731551,Eye Tracker,Participant0058,17.09.2021,Participant0058,Recording4,17.09.2021,17.09.2021,14:48:45.713,12:48:45.713,64514,Timeline2,Tobii I-VT (Fixation),1.145.28180,1080,1920,"10,00",688324225.0,,,978.0,556.0,966.0,549.0,990.0,563.0,"0,05847","0,09693","-0,99357","-0,04141","0,10432","-0,99368",,,Valid,Valid,"234,1","99,7","519,1","292,9","99,9","516,6","264,7","150,3","271,3","154,1","0,5144","0,5149","0,5046","0,5085","0,5241","0,5214",thumbnail_grossTrial,thumbnail_grossTrial.png,1245.0,1080.0,337.0,0.0,798.0,692.0,Fixation,292.0,49.0,983.0,554.0,"0,5185","0,5127",,
25966,20468593,1400459739880,Eye Tracker,Participant0058,17.09.2021,Participant0058,Recording4,17.09.2021,17.09.2021,14:48:45.713,12:48:45.713,64514,Timeline2,Tobii I-VT (Fixation),1.145.28180,1080,1920,"10,00",688332553.0,,,977.0,555.0,966.0,547.0,988.0,563.0,"0,05891","0,09552","-0,99368","-0,04262","0,10439","-0,99362",,,Valid,Valid,"234,1","99,7","519,1","292,8","99,9","516,7","264,9","149,6","270,7","154,2","0,5136","0,5138","0,5051","0,5060","0,5221","0,5216",thumbnail_grossTrial,thumbnail_grossTrial.png,1245.0,1080.0,337.0,0.0,798.0,692.0,Fixation,292.0,49.0,983.0,554.0,"0,5185","0,5127",,
25967,20476898,1400459748185,Eye Tracker,Participant0058,17.09.2021,Participant0058,Recording4,17.09.2021,17.09.2021,14:48:45.713,12:48:45.713,64514,Timeline2,Tobii I-VT (Fixation),1.145.28180,1080,1920,"10,00",688340858.0,,,977.0,553.0,965.0,544.0,988.0,562.0,"0,05824","0,09419","-0,99385","-0,04234","0,10368","-0,99371","3,98","4,21",Valid,Valid,"234,1","99,6","519,2","292,9","99,8","516,7","264,5","148,8","270,8","153,7","0,5134","0,5119","0,5042","0,5036","0,5227","0,5201",thumbnail_grossTrial,thumbnail_grossTrial.png,1245.0,1080.0,337.0,0.0,798.0,692.0,Fixation,292.0,49.0,983.0,554.0,"0,5185","0,5127",,
25968,20485261,1400459756548,Eye Tracker,Participant0058,17.09.2021,Participant0058,Recording4,17.09.2021,17.09.2021,14:48:45.713,12:48:45.713,64514,Timeline2,Tobii I-VT (Fixation),1.145.28180,1080,1920,"10,00",688349221.0,,,983.0,555.0,977.0,548.0,989.0,563.0,"0,06412","0,09625","-0,99329","-0,04211","0,10420","-0,99366",,,Valid,Valid,"234,1","99,7","519,1","292,9","99,8","516,7","267,6","150,0","271,0","154,0","0,5182","0,5143","0,5133","0,5074","0,5231","0,5211",thumbnail_grossTrial,thumbnail_grossTrial.png,1245.0,1080.0,337.0,0.0,798.0,692.0,Fixation,292.0,49.0,983.0,554.0,"0,5185","0,5127",,
25969,20493557,1400459764844,Eye Tracker,Participant0058,17.09.2021,Participant0058,Recording4,17.09.2021,17.09.2021,14:48:45.713,12:48:45.713,64514,Timeline2,Tobii I-VT (Fixation),1.145.28180,1080,1920,"10,00",688357516.0,,,983.0,553.0,977.0,545.0,990.0,562.0,"0,06422","0,09460","-0,99344","-0,04122","0,10371","-0,99375",,,Valid,Valid,"234,1","99,7","519,1","292,8","99,8","516,8","267,6","149,1","271,4","153,8","0,5188","0,5123","0,5133","0,5045","0,5243","0,5202",thumbnail_grossTrial,thumbnail_grossTrial.png,1245.0,1080.0,337.0,0.0,798.0,692.0,Fixation,292.0,49.0,983.0,554.0,"0,5185","0,5127",,
25970,20501888,1400459773175,Eye Tracker,Participant0058,17.09.2021,Participant0058,Recording4,17.09.2021,17.09.2021,14:48:45.713,12:48:45.713,64514,Timeline2,Tobii I-VT (Fixation),1.145.28180,1080,1920,"10,00",688365846.0,,,991.0,561.0,,,991.0,561.0,,,,"-0,04107","0,10357","-0,99377",,"4,17",Invalid,Valid,,,,"292,9","99,7","516,9",,,"271,5","153,6","0,5246","0,5197",,,"0,5246","0,5197",thumbnail_grossTrial,thumbnail_grossTrial.png,1245.0,1080.0,337.0,0.0,798.0,692.0,Fixation,292.0,49.0,983.0,554.0,"0,5185","0,5127",,
25971,20510249,1400459781536,Eye Tracker,Participant0058,17.09.2021,Participant0058,Recording4,17.09.2021,17.09.2021,14:48:45.713,12:48:45.713,64514,Timeline2,Tobii I-VT (Fixation),1.145.28180,1080,1920,"10,00",688374207.0,,,981.0,554.0,977.0,546.0,985.0,562.0,"0,06448","0,09519","-0,99337","-0,04401","0,10396","-0,99361",,,Valid,Valid,"234,1","99,7","519,1","292,9","99,8","516,9","267,8","149,4","270,0","153,8","0,5170","0,5130","0,5138","0,5055","0,5202","0,5205",thumbnail_grossTrial,thumbnail_grossTrial.png,1245.0,1080.0,337.0,0.0,798.0,692.0,Fixation,292.0,49.0,983.0,554.0,"0,5185","0,5127",,
25972,20518585,1400459789872,Eye Tracker,Participant0058,17.09.2021,Participant0058,Recording4,17.09.2021,17.09.2021,14:48:45.713,12:48:45.713,64514,Timeline2,Tobii I-VT (Fixation),1.145.28180,1080,1920,"10,00",688382543.0,,,979.0,554.0,974.0,545.0,985.0,564.0,"0,06296","0,09487","-0,99350","-0,04419","0,10472","-0,99352",,,Valid,Valid,"234,1","99,6","519,1","292,9","99,7","517,0","267,0","149,2","269,9","154,2","0,5156","0,5133","0,5114","0,5048","0,5198","0,5218",thumbnail_grossTrial,thumbnail_grossTrial.png,1245.0,1080.0,337.0,0.0,798.0,692.0,Fixation,292.0,49.0,983.0,554.0,"0,5185","0,5127",,
25973,20526925,1400459798212,Eye Tracker,Participant0058,17.09.2021,Participant0058,Recording4,17.09.2021,17.09.2021,14:48:45.713,12:48:45.713,64514,Timeline2,Tobii I-VT (Fixation),1.145.28180,1080,1920,"10,00",688390883.0,,,979.0,555.0,973.0,547.0,984.0,563.0,"0,06242","0,09573","-0,99345","-0,04438","0,10433","-0,99355","3,98","4,11",Valid,Valid,"234,1","99,6","519,2","292,9","99,6","517,1","266,7","149,6","269,8","153,9","0,5151","0,5136","0,5107","0,5063","0,5196","0,5209",thumbnail_grossTrial,thumbnail_grossTrial.png,1245.0,1080.0,337.0,0.0,798.0,692.0,Fixation,292.0,49.0,983.0,554.0,"0,5185","0,5127",,
25974,20535221,1400459806508,Eye Tracker,Participant0058,17.09.2021,Participant0058,Recording4,17.09.2021,17.09.2021,14:48:45.713,12:48:45.713,64514,Timeline2,Tobii I-VT (Fixation),1.145.28180,1080,1920,"10,00",688399178.0,,,980.0,549.0,972.0,542.0,988.0,555.0,"0,06168","0,09345","-0,99371","-0,04248","0,10063","-0,99402",,,Valid,Valid,"234,1","99,6","519,1","292,9","99,6","517,2","266,4","148,4","270,8","152,0","0,5161","0,5083","0,5095","0,5023","0,5226","0,5142",thumbnail_grossTrial,thumbnail_grossTrial.png,1245.0,1080.0,337.0,0.0,798.0,692.0,Fixation,292.0,49.0,983.0,554.0,"0,5185","0,5127",,
25975,20543585,1400459814872,Eye Tracker,Participant0058,17.09.2021,Participant0058,Recording4,17.09.2021,17.09.2021,14:48:45.713,12:48:45.713,64514,Timeline2,Tobii I-VT (Fixation),1.145.28180,1080,1920,"10,00",688407542.0,,,981.0,554.0,974.0,551.0,988.0,556.0,"0,06292","0,09802","-0,99319","-0,04238","0,10091","-0,99399",,,Valid,Valid,"234,1","99,6","519,2","292,9","99,6","517,3","267,0","150,8","270,8","152,1","0,5170","0,5125","0,5113","0,5104","0,5226","0,5147",thumbnail_grossTrial,thumbnail_grossTrial.png,1245.0,1080.0,337.0,0.0,798.0,692.0,Saccade,17.0,73.0,,,,,,
25976,20551921,1400459823208,Eye Tracker,Participant0058,17.09.2021,Participant0058,Recording4,17.09.2021,17.09.2021,14:48:45.713,12:48:45.713,64514,Timeline2,Tobii I-VT (Fixation),1.145.28180,1080,1920,"10,00",688415877.0,,,999.0,564.0,1006.0,570.0,991.0,559.0,"0,07948","0,10773","-0,99100","-0,04102","0,10243","-0,99389","4,17","4,13",Valid,Valid,"234,1","99,5","519,3","292,9","99,5","517,4","275,8","156,0","271,6","152,8","0,5309","0,5225","0,5371","0,5278","0,5248","0,5171",thumbnail_grossTrial,thumbnail_grossTrial.png,1245.0,1080.0,337.0,0.0,798.0,692.0,Saccade,17.0,73.0,,,,,,
25977,20560217,1400459831504,Eye Tracker,Participant0058,17.09.2021,Participant0058,Recording4,17.09.2021,17.09.2021,14:48:45.713,12:48:45.713,64514,Timeline2,Tobii I-VT (Fixation),1.145.28180,1080,1920,"10,00",688424173.0,,,999.0,567.0,1006.0,570.0,992.0,564.0,"0,07944","0,10768","-0,99101","-0,04056","0,10534","-0,99361",,,Valid,Valid,"234,1","99,6","519,3","292,9","99,5","517,4","275,8","156,0","271,8","154,4","0,5313","0,5251","0,5371","0,5278","0,5255","0,5224",thumbnail_grossTrial,thumbnail_grossTrial.png,1245.0,1080.0,337.0,0.0,798.0,692.0,Unclassified,8.0,85.0,,,,,,
25978,20568588,1400459839875,Eye Tracker,Participant0058,17.09.2021,Participant0058,Recording4,17.09.2021,17.09.2021,14:48:45.713,12:48:45.713,64514,Timeline2,Tobii I-VT (Fixation),1.145.28180,1080,1920,"10,00",688432543.0,,,990.0,551.0,983.0,546.0,996.0,557.0,"0,06763","0,09518","-0,99316","-0,03829","0,10168","-0,99408",,,Valid,Valid,"234,1","99,5","519,3","292,9","99,5","517,5","269,4","149,3","273,0","152,5","0,5237","0,5105","0,5185","0,5051","0,5289","0,5158",thumbnail_grossTrial,thumbnail_grossTrial.png,1245.0,1080.0,337.0,0.0,798.0,692.0,Saccade,8.0,74.0,,,,,,
25979,20576912,1400459848199,Eye Tracker,Participant0058,17.09.2021,Participant0058,Recording4,17.09.2021,17.09.2021,14:48:45.713,12:48:45.713,64514,Timeline2,Tobii I-VT (Fixation),1.145.28180,1080,1920,"10,00",688440867.0,,,985.0,551.0,974.0,548.0,996.0,553.0,"0,06292","0,09684","-0,99331","-0,03847","0,09954","-0,99429","3,97","4,08",Valid,Valid,"234,1","99,5","519,5","292,9","99,5","517,6","267,0","150,1","272,9","151,3","0,5201","0,5098","0,5114","0,5079","0,5287","0,5118",thumbnail_grossTrial,thumbnail_grossTrial.png,1245.0,1080.0,337.0,0.0,798.0,692.0,Fixation,108.0,50.0,985.0,552.0,"0,5200","0,5110",,
25980,20585216,1400459856503,Eye Tracker,Participant0058,17.09.2021,Participant0058,Recording4,17.09.2021,17.09.2021,14:48:45.713,12:48:45.713,64514,Timeline2,Tobii I-VT (Fixation),1.145.28180,1080,1920,"10,00",688449171.0,,,984.0,547.0,975.0,548.0,993.0,547.0,"0,06335","0,09635","-0,99333","-0,04000","0,09646","-0,99453",,,Valid,Valid,"234,1","99,5","519,5","292,9","99,5","517,5","267,3","149,9","272,1","149,7","0,5193","0,5067","0,5122","0,5070","0,5265","0,5064",thumbnail_grossTrial,thumbnail_grossTrial.png,1245.0,1080.0,337.0,0.0,798.0,692.0,Fixation,108.0,50.0,985.0,552.0,"0,5200","0,5110",,
25981,20593550,1400459864837,Eye Tracker,Participant0058,17.09.2021,Participant0058,Recording4,17.09.2021,17.09.2021,14:48:45.713,12:48:45.713,64514,Timeline2,Tobii I-VT (Fixation),1.145.28180,1080,1920,"10,00",688457505.0,,,983.0,549.0,975.0,551.0,991.0,546.0,"0,06356","0,09830","-0,99313","-0,04107","0,09591","-0,99454",,,Valid,Valid,"234,1","99,4","519,6","292,9","99,5","517,6","267,3","150,8","271,5","149,4","0,5185","0,5079","0,5123","0,5104","0,5247","0,5055",thumbnail_grossTrial,thumbnail_grossTrial.png,1245.0,1080.0,337.0,0.0,798.0,692.0,Fixation,108.0,50.0,985.0,552.0,"0,5200","0,5110",,
25982,20601926,1400459873213,Eye Tracker,Participant0058,17.09.2021,Participant0058,Recording4,17.09.2021,17.09.2021,14:48:45.713,12:48:45.713,64514,Timeline2,Tobii I-VT (Fixation),1.145.28180,1080,1920,"10,00",688465880.0,,,980.0,549.0,977.0,551.0,983.0,548.0,"0,06430","0,09804","-0,99310","-0,04545","0,09725","-0,99422","3,97","3,78",Valid,Valid,"234,1","99,3","519,8","292,9","99,4","517,7","267,8","150,7","269,3","150,1","0,5158","0,5087","0,5136","0,5097","0,5181","0,5077",thumbnail_grossTrial,thumbnail_grossTrial.png,1245.0,1080.0,337.0,0.0,798.0,692.0,Fixation,108.0,50.0,985.0,552.0,"0,5200","0,5110",,
25983,20610256,1400459881543,Eye Tracker,Participant0058,17.09.2021,Participant0058,Recording4,17.09.2021,17.09.2021,14:48:45.713,12:48:45.713,64514,Timeline2,Tobii I-VT (Fixation),1.145.28180,1080,1920,"10,00",688474209.0,,,983.0,552.0,986.0,555.0,981.0,549.0,"0,06898","0,10033","-0,99256","-0,04637","0,09760","-0,99415",,,Valid,Valid,"234,1","99,4","519,8","293,0","99,5","517,6","270,3","151,9","268,8","150,3","0,5188","0,5112","0,5209","0,5140","0,5167","0,5084",thumbnail_grossTrial,thumbnail_grossTrial.png,1245.0,1080.0,337.0,0.0,798.0,692.0,Fixation,108.0,50.0,985.0,552.0,"0,5200","0,5110",,
25984,20618621,1400459889908,Eye Tracker,Participant0058,17.09.2021,Participant0058,Recording4,17.09.2021,17.09.2021,14:48:45.713,12:48:45.713,64514,Timeline2,Tobii I-VT (Fixation),1.145.28180,1080,1920,"10,00",688482574.0,,,983.0,554.0,985.0,553.0,981.0,555.0,"0,06853","0,09949","-0,99268","-0,04618","0,10058","-0,99386",,,Valid,Valid,"234,1","99,3","519,9","292,9","99,5","517,7","269,9","151,4","268,9","151,8","0,5185","0,5130","0,5200","0,5123","0,5169","0,5138",thumbnail_grossTrial,thumbnail_grossTrial.png,1245.0,1080.0,337.0,0.0,798.0,692.0,Fixation,108.0,50.0,985.0,552.0,"0,5200","0,5110",,
25985,20626879,1400459898166,Eye Tracker,Participant0058,17.09.2021,Participant0058,Recording4,17.09.2021,17.09.2021,14:48:45.713,12:48:45.713,64514,Timeline2,Tobii I-VT (Fixation),1.145.28180,1080,1920,"10,00",688490832.0,,,988.0,551.0,996.0,549.0,981.0,553.0,"0,07404","0,09716","-0,99251","-0,04619","0,09961","-0,99395","4,34","3,78",Valid,Valid,"234,1","99,3","519,9","293,0","99,4","517,7","272,9","150,2","268,9","151,3","0,5228","0,5100","0,5287","0,5081","0,5170","0,5119",thumbnail_grossTrial,thumbnail_grossTrial.png,1245.0,1080.0,337.0,0.0,798.0,692.0,Fixation,108.0,50.0,985.0,552.0,"0,5200","0,5110",,
25986,20635212,1400459906499,Eye Tracker,Participant0058,17.09.2021,Participant0058,Recording4,17.09.2021,17.09.2021,14:48:45.713,12:48:45.713,64514,Timeline2,Tobii I-VT (Fixation),1.145.28180,1080,1920,"10,00",688499164.0,,,988.0,550.0,988.0,545.0,987.0,555.0,"0,06996","0,09541","-0,99298","-0,04291","0,10085","-0,99398",,,Valid,Valid,"234,1","99,3","519,9","293,0","99,4","517,7","270,8","149,3","270,6","152,0","0,5222","0,5096","0,5224","0,5051","0,5220","0,5142",thumbnail_grossTrial,thumbnail_grossTrial.png,1245.0,1080.0,337.0,0.0,798.0,692.0,Fixation,108.0,50.0,985.0,552.0,"0,5200","0,5110",,
25987,20643548,1400459914835,Eye Tracker,Participant0058,17.09.2021,Participant0058,Recording4,17.09.2021,17.09.2021,14:48:45.713,12:48:45.713,64514,Timeline2,Tobii I-VT (Fixation),1.145.28180,1080,1920,"10,00",688507500.0,,,991.0,548.0,994.0,541.0,988.0,554.0,"0,07323","0,09289","-0,99298","-0,04235","0,10038","-0,99405",,,Valid,Valid,"234,1","99,3","519,9","292,9","99,4","517,7","272,4","147,9","270,9","151,7","0,5250","0,5070","0,5272","0,5006","0,5228","0,5134",thumbnail_grossTrial,thumbnail_grossTrial.png,1245.0,1080.0,337.0,0.0,798.0,692.0,Fixation,108.0,50.0,985.0,552.0,"0,5200","0,5110",,
25988,20651880,1400459923167,Eye Tracker,Participant0058,17.09.2021,Participant0058,Recording4,17.09.2021,17.09.2021,14:48:45.713,12:48:45.713,64514,Timeline2,Tobii I-VT (Fixation),1.145.28180,1080,1920,"10,00",688515831.0,,,986.0,552.0,985.0,545.0,988.0,560.0,"0,06826","0,09506","-0,99313","-0,04278","0,10313","-0,99375","3,94","3,77",Valid,Valid,"234,1","99,3","519,9","293,0","99,4","517,8","269,8","149,1","270,7","153,1","0,5209","0,5112","0,5197","0,5043","0,5222","0,5181",thumbnail_grossTrial,thumbnail_grossTrial.png,1245.0,1080.0,337.0,0.0,798.0,692.0,Fixation,108.0,50.0,985.0,552.0,"0,5200","0,5110",,
25989,20660212,1400459931499,Eye Tracker,Participant0058,17.09.2021,Participant0058,Recording4,17.09.2021,17.09.2021,14:48:45.713,12:48:45.713,64514,Timeline2,Tobii I-VT (Fixation),1.145.28180,1080,1920,"10,00",688524163.0,,,987.0,556.0,987.0,548.0,987.0,564.0,"0,06945","0,09640","-0,99292","-0,04299","0,10524","-0,99352",,,Valid,Valid,"234,1","99,4","519,7","293,0","99,4","517,7","270,5","149,8","270,6","154,3","0,5218","0,5145","0,5216","0,5070","0,5219","0,5220",thumbnail_grossTrial,thumbnail_grossTrial.png,1245.0,1080.0,337.0,0.0,798.0,692.0,Fixation,108.0,50.0,985.0,552.0,"0,5200","0,5110",,
25990,20668548,1400459939835,Eye Tracker,Participant0058,17.09.2021,Participant0058,Recording4,17.09.2021,17.09.2021,14:48:45.713,12:48:45.713,64514,Timeline2,Tobii I-VT (Fixation),1.145.28180,1080,1920,"10,00",688532498.0,,,983.0,560.0,981.0,556.0,984.0,563.0,"0,06645","0,10090","-0,99267","-0,04434","0,10508","-0,99347",,,Valid,Valid,"234,1","99,4","519,6","292,9","99,4","517,8","268,8","152,2","269,8","154,2","0,5182","0,5184","0,5168","0,5150","0,5197","0,5217",thumbnail_grossTrial,thumbnail_grossTrial.png,1245.0,1080.0,337.0,0.0,798.0,692.0,Fixation,108.0,50.0,985.0,552.0,"0,5200","0,5110",,
25991,20676877,1400459948164,Eye Tracker,Participant0058,17.09.2021,Participant0058,Recording4,17.09.2021,17.09.2021,14:48:45.713,12:48:45.713,64514,Timeline2,Tobii I-VT (Fixation),1.145.28180,1080,1920,"10,00",688540827.0,,,983.0,557.0,983.0,555.0,984.0,558.0,"0,06723","0,10050","-0,99266","-0,04453","0,10243","-0,99374","3,95","3,77",Valid,Valid,"234,1","99,4","519,6","293,0","99,4","517,8","269,3","152,0","269,8","152,8","0,5188","0,5156","0,5181","0,5143","0,5195","0,5168",thumbnail_grossTrial,thumbnail_grossTrial.png,1245.0,1080.0,337.0,0.0,798.0,692.0,Fixation,108.0,50.0,985.0,552.0,"0,5200","0,5110",,
25992,20685216,1400459956503,Eye Tracker,Participant0058,17.09.2021,Participant0058,Recording4,17.09.2021,17.09.2021,14:48:45.713,12:48:45.713,64514,Timeline2,Tobii I-VT (Fixation),1.145.28180,1080,1920,"10,00",688549166.0,,,974.0,547.0,974.0,546.0,974.0,548.0,"0,06291","0,09543","-0,99345","-0,04965","0,09731","-0,99401",,,Valid,Valid,"234,0","99,5","519,4","292,9","99,4","517,7","266,9","149,4","267,0","150,1","0,5113","0,5065","0,5112","0,5053","0,5114","0,5077",thumbnail_grossTrial,thumbnail_grossTrial.png,1245.0,1080.0,337.0,0.0,798.0,692.0,Saccade,25.0,75.0,,,,,,
25993,20693584,1400459964871,Eye Tracker,Participant0058,17.09.2021,Participant0058,Recording4,17.09.2021,17.09.2021,14:48:45.713,12:48:45.713,64514,Timeline2,Tobii I-VT (Fixation),1.145.28180,1080,1920,"10,00",688557534.0,,,944.0,508.0,933.0,501.0,955.0,515.0,"0,04180","0,07207","-0,99652","-0,05955","0,07989","-0,99502",,,Valid,Valid,"233,9","99,5","519,2","292,7","99,3","517,8","255,7","137,0","261,7","140,9","0,4871","0,4702","0,4783","0,4636","0,4960","0,4767",thumbnail_grossTrial,thumbnail_grossTrial.png,1245.0,1080.0,337.0,0.0,798.0,692.0,Saccade,25.0,75.0,,,,,,
25994,20701875,1400459973162,Eye Tracker,Participant0058,17.09.2021,Participant0058,Recording4,17.09.2021,17.09.2021,14:48:45.713,12:48:45.713,64514,Timeline2,Tobii I-VT (Fixation),1.145.28180,1080,1920,"10,00",688565824.0,,,937.0,514.0,933.0,510.0,940.0,519.0,"0,04193","0,07685","-0,99616","-0,06731","0,08205","-0,99435","3,90","3,77",Valid,Valid,"234,0","99,5","519,1","292,8","99,3","517,8","255,8","139,5","257,7","142,0","0,4814","0,4763","0,4786","0,4720","0,4842","0,4805",thumbnail_grossTrial,thumbnail_grossTrial.png,1245.0,1080.0,337.0,0.0,798.0,692.0,Saccade,25.0,75.0,,,,,,
25995,20710244,1400459981531,Eye Tracker,Participant0058,17.09.2021,Participant0058,Recording4,17.09.2021,17.09.2021,14:48:45.713,12:48:45.713,64514,Timeline2,Tobii I-VT (Fixation),1.145.28180,1080,1920,"10,00",688574193.0,,,926.0,512.0,926.0,512.0,926.0,511.0,"0,03825","0,07772","-0,99624","-0,07490","0,07798","-0,99414",,,Valid,Valid,"234,0","99,7","518,7","292,8","99,3","517,8","253,9","140,1","253,8","139,9","0,4729","0,4737","0,4731","0,4741","0,4726","0,4733",thumbnail_grossTrial,thumbnail_grossTrial.png,1245.0,1080.0,337.0,0.0,798.0,692.0,Fixation,317.0,51.0,931.0,513.0,"0,4768","0,4750",,
25996,20718574,1400459989861,Eye Tracker,Participant0058,17.09.2021,Participant0058,Recording4,17.09.2021,17.09.2021,14:48:45.713,12:48:45.713,64514,Timeline2,Tobii I-VT (Fixation),1.145.28180,1080,1920,"10,00",688582522.0,,,926.0,512.0,931.0,514.0,921.0,510.0,"0,04099","0,07867","-0,99606","-0,07736","0,07731","-0,99400",,,Valid,Valid,"233,9","99,7","518,6","292,7","99,3","517,9","255,3","140,6","252,4","139,5","0,4729","0,4740","0,4771","0,4758","0,4686","0,4721",thumbnail_grossTrial,thumbnail_grossTrial.png,1245.0,1080.0,337.0,0.0,798.0,692.0,Fixation,317.0,51.0,931.0,513.0,"0,4768","0,4750",,
25997,20726886,1400459998173,Eye Tracker,Participant0058,17.09.2021,Participant0058,Recording4,17.09.2021,17.09.2021,14:48:45.713,12:48:45.713,64514,Timeline2,Tobii I-VT (Fixation),1.145.28180,1080,1920,"10,00",688590834.0,,,931.0,513.0,934.0,516.0,928.0,509.0,"0,04197","0,07976","-0,99593","-0,07407","0,07717","-0,99426","3,89","3,94",Valid,Valid,"234,0","99,7","518,6","292,8","99,2","517,9","255,8","141,2","254,2","139,4","0,4763","0,4747","0,4787","0,4777","0,4739","0,4717",thumbnail_grossTrial,thumbnail_grossTrial.png,1245.0,1080.0,337.0,0.0,798.0,692.0,Fixation,317.0,51.0,931.0,513.0,"0,4768","0,4750",,
25998,20735217,1400460006504,Eye Tracker,Participant0058,17.09.2021,Participant0058,Recording4,17.09.2021,17.09.2021,14:48:45.713,12:48:45.713,64514,Timeline2,Tobii I-VT (Fixation),1.145.28180,1080,1920,"10,00",688599164.0,,,931.0,513.0,932.0,511.0,931.0,515.0,"0,04091","0,07729","-0,99617","-0,07250","0,07984","-0,99417",,,Valid,Valid,"234,0","99,7","518,5","292,8","99,3","517,8","255,3","139,9","255,0","140,8","0,4768","0,4750","0,4773","0,4735","0,4764","0,4765",thumbnail_grossTrial,thumbnail_grossTrial.png,1245.0,1080.0,337.0,0.0,798.0,692.0,Fixation,317.0,51.0,931.0,513.0,"0,4768","0,4750",,
25999,20743598,1400460014885,Eye Tracker,Participant0058,17.09.2021,Participant0058,Recording4,17.09.2021,17.09.2021,14:48:45.713,12:48:45.713,64514,Timeline2,Tobii I-VT (Fixation),1.145.28180,1080,1920,"10,00",688607545.0,,,929.0,510.0,926.0,509.0,931.0,512.0,"0,03825","0,07588","-0,99638","-0,07225","0,07859","-0,99429",,,Valid,Valid,"234,0","99,7","518,5","292,8","99,2","517,9","253,9","139,2","255,1","140,2","0,4748","0,4726","0,4729","0,4709","0,4766","0,4743",thumbnail_grossTrial,thumbnail_grossTrial.png,1245.0,1080.0,337.0,0.0,798.0,692.0,Fixation,317.0,51.0,931.0,513.0,"0,4768","0,4750",,
26000,20751879,1400460023166,Eye Tracker,Participant0058,17.09.2021,Participant0058,Recording4,17.09.2021,17.09.2021,14:48:45.713,12:48:45.713,64514,Timeline2,Tobii I-VT (Fixation),1.145.28180,1080,1920,"10,00",688615826.0,,,928.0,511.0,927.0,509.0,929.0,513.0,"0,03837","0,07638","-0,99634","-0,07320","0,07913","-0,99417","3,88","3,93",Valid,Valid,"234,0","99,7","518,5","292,8","99,2","517,9","254,0","139,4","254,7","140,4","0,4743","0,4735","0,4733","0,4717","0,4753","0,4752",thumbnail_grossTrial,thumbnail_grossTrial.png,1245.0,1080.0,337.0,0.0,798.0,692.0,Fixation,317.0,51.0,931.0,513.0,"0,4768","0,4750",,
26001,20760237,1400460031524,Eye Tracker,Participant0058,17.09.2021,Participant0058,Recording4,17.09.2021,17.09.2021,14:48:45.713,12:48:45.713,64514,Timeline2,Tobii I-VT (Fixation),1.145.28180,1080,1920,"10,00",688624183.0,,,930.0,509.0,931.0,511.0,928.0,507.0,"0,04054","0,07694","-0,99621","-0,07386","0,07583","-0,99438",,,Valid,Valid,"234,1","99,7","518,4","292,8","99,3","517,7","255,2","139,8","254,4","138,8","0,4755","0,4712","0,4767","0,4729","0,4744","0,4695",thumbnail_grossTrial,thumbnail_grossTrial.png,1245.0,1080.0,337.0,0.0,798.0,692.0,Fixation,317.0,51.0,931.0,513.0,"0,4768","0,4750",,
26002,20768539,1400460039826,Eye Tracker,Participant0058,17.09.2021,Participant0058,Recording4,17.09.2021,17.09.2021,14:48:45.713,12:48:45.713,64514,Timeline2,Tobii I-VT (Fixation),1.145.28180,1080,1920,"10,00",688632485.0,,,930.0,511.0,930.0,514.0,931.0,508.0,"0,03989","0,07881","-0,99609","-0,07214","0,07604","-0,99449",,,Valid,Valid,"234,0","99,7","518,3","292,8","99,3","517,7","254,7","140,7","255,2","138,9","0,4762","0,4731","0,4755","0,4762","0,4769","0,4699",thumbnail_grossTrial,thumbnail_grossTrial.png,1245.0,1080.0,337.0,0.0,798.0,692.0,Fixation,317.0,51.0,931.0,513.0,"0,4768","0,4750",,
26003,20776900,1400460048187,Eye Tracker,Participant0058,17.09.2021,Participant0058,Recording4,17.09.2021,17.09.2021,14:48:45.713,12:48:45.713,64514,Timeline2,Tobii I-VT (Fixation),1.145.28180,1080,1920,"10,00",688640845.0,,,934.0,508.0,936.0,509.0,932.0,507.0,"0,04310","0,07590","-0,99618","-0,07190","0,07560","-0,99454","4,12","3,90",Valid,Valid,"234,0","99,7","518,3","292,8","99,3","517,6","256,4","139,2","255,4","138,7","0,4789","0,4701","0,4805","0,4711","0,4774","0,4691",thumbnail_grossTrial,thumbnail_grossTrial.png,1245.0,1080.0,337.0,0.0,798.0,692.0,Fixation,317.0,51.0,931.0,513.0,"0,4768","0,4750",,
26004,20785202,1400460056489,Eye Tracker,Participant0058,17.09.2021,Participant0058,Recording4,17.09.2021,17.09.2021,14:48:45.713,12:48:45.713,64514,Timeline2,Tobii I-VT (Fixation),1.145.28180,1080,1920,"10,00",688649147.0,,,934.0,509.0,935.0,505.0,933.0,513.0,"0,04243","0,07373","-0,99638","-0,07132","0,07889","-0,99433",,,Valid,Valid,"234,1","99,8","518,1","292,8","99,4","517,5","256,1","138,2","255,7","140,4","0,4789","0,4713","0,4796","0,4675","0,4783","0,4752",thumbnail_grossTrial,thumbnail_grossTrial.png,1245.0,1080.0,337.0,0.0,798.0,692.0,Fixation,317.0,51.0,931.0,513.0,"0,4768","0,4750",,
26005,20793552,1400460064839,Eye Tracker,Participant0058,17.09.2021,Participant0058,Recording4,17.09.2021,17.09.2021,14:48:45.713,12:48:45.713,64514,Timeline2,Tobii I-VT (Fixation),1.145.28180,1080,1920,"10,00",688657497.0,,,934.0,509.0,935.0,504.0,934.0,513.0,"0,04269","0,07339","-0,99639","-0,07068","0,07875","-0,99439",,,Valid,Valid,"234,0","99,9","518,0","292,7","99,4","517,4","256,2","138,0","256,0","140,4","0,4794","0,4710","0,4798","0,4670","0,4791","0,4750",thumbnail_grossTrial,thumbnail_grossTrial.png,1245.0,1080.0,337.0,0.0,798.0,692.0,Fixation,317.0,51.0,931.0,513.0,"0,4768","0,4750",,
26006,20801881,1400460073168,Eye Tracker,Participant0058,17.09.2021,Participant0058,Recording4,17.09.2021,17.09.2021,14:48:45.713,12:48:45.713,64514,Timeline2,Tobii I-VT (Fixation),1.145.28180,1080,1920,"10,00",688665825.0,,,931.0,513.0,929.0,509.0,933.0,516.0,"0,03976","0,07602","-0,99631","-0,07113","0,08027","-0,99423","3,88","3,95",Valid,Valid,"234,0","99,9","517,9","292,8","99,4","517,3","254,7","139,4","255,8","141,2","0,4769","0,4747","0,4754","0,4717","0,4785","0,4777",thumbnail_grossTrial,thumbnail_grossTrial.png,1245.0,1080.0,337.0,0.0,798.0,692.0,Fixation,317.0,51.0,931.0,513.0,"0,4768","0,4750",,
26007,20810260,1400460081547,Eye Tracker,Participant0058,17.09.2021,Participant0058,Recording4,17.09.2021,17.09.2021,14:48:45.713,12:48:45.713,64514,Timeline2,Tobii I-VT (Fixation),1.145.28180,1080,1920,"10,00",688674204.0,,,933.0,515.0,932.0,515.0,934.0,516.0,"0,04093","0,07858","-0,99607","-0,07062","0,08010","-0,99428",,,Valid,Valid,"234,1","100,0","517,7","292,8","99,5","517,2","255,3","140,9","256,0","141,2","0,4783","0,4771","0,4773","0,4766","0,4793","0,4777",thumbnail_grossTrial,thumbnail_grossTrial.png,1245.0,1080.0,337.0,0.0,798.0,692.0,Fixation,317.0,51.0,931.0,513.0,"0,4768","0,4750",,
26008,20818537,1400460089824,Eye Tracker,Participant0058,17.09.2021,Participant0058,Recording4,17.09.2021,17.09.2021,14:48:45.713,12:48:45.713,64514,Timeline2,Tobii I-VT (Fixation),1.145.28180,1080,1920,"10,00",688682480.0,,,931.0,519.0,934.0,516.0,929.0,522.0,"0,04219","0,07929","-0,99596","-0,07348","0,08326","-0,99382",,,Valid,Valid,"234,0","100,1","517,5","292,7","99,6","517,1","255,9","141,3","254,5","142,9","0,4769","0,4807","0,4790","0,4780","0,4748","0,4834",thumbnail_grossTrial,thumbnail_grossTrial.png,1245.0,1080.0,337.0,0.0,798.0,692.0,Fixation,317.0,51.0,931.0,513.0,"0,4768","0,4750",,
26009,20826893,1400460098180,Eye Tracker,Participant0058,17.09.2021,Participant0058,Recording4,17.09.2021,17.09.2021,14:48:45.713,12:48:45.713,64514,Timeline2,Tobii I-VT (Fixation),1.145.28180,1080,1920,"10,00",688690836.0,,,931.0,519.0,938.0,516.0,925.0,521.0,"0,04422","0,07911","-0,99588","-0,07542","0,08274","-0,99371","4,12","3,73",Valid,Valid,"234,0","100,1","517,4","292,8","99,6","517,1","257,0","141,2","253,5","142,6","0,4770","0,4801","0,4822","0,4778","0,4719","0,4825",thumbnail_grossTrial,thumbnail_grossTrial.png,1245.0,1080.0,337.0,0.0,798.0,692.0,Fixation,317.0,51.0,931.0,513.0,"0,4768","0,4750",,
26010,20835201,1400460106488,Eye Tracker,Participant0058,17.09.2021,Participant0058,Recording4,17.09.2021,17.09.2021,14:48:45.713,12:48:45.713,64514,Timeline2,Tobii I-VT (Fixation),1.145.28180,1080,1920,"10,00",688699143.0,,,929.0,516.0,932.0,513.0,926.0,519.0,"0,04126","0,07713","-0,99617","-0,07505","0,08158","-0,99384",,,Valid,Valid,"234,1","100,2","517,2","292,8","99,6","516,9","255,5","140,3","253,7","142,1","0,4751","0,4776","0,4777","0,4745","0,4725","0,4806",thumbnail_grossTrial,thumbnail_grossTrial.png,1245.0,1080.0,337.0,0.0,798.0,692.0,Fixation,317.0,51.0,931.0,513.0,"0,4768","0,4750",,
26011,20843536,1400460114823,Eye Tracker,Participant0058,17.09.2021,Participant0058,Recording4,17.09.2021,17.09.2021,14:48:45.713,12:48:45.713,64514,Timeline2,Tobii I-VT (Fixation),1.145.28180,1080,1920,"10,00",688707478.0,,,928.0,516.0,931.0,515.0,925.0,518.0,"0,04077","0,07819","-0,99610","-0,07536","0,08105","-0,99386",,,Valid,Valid,"234,0","100,2","517,1","292,7","99,6","516,9","255,2","140,8","253,5","141,8","0,4743","0,4781","0,4768","0,4765","0,4719","0,4797",thumbnail_grossTrial,thumbnail_grossTrial.png,1245.0,1080.0,337.0,0.0,798.0,692.0,Fixation,317.0,51.0,931.0,513.0,"0,4768","0,4750",,
26012,20851891,1400460123178,Eye Tracker,Participant0058,17.09.2021,Participant0058,Recording4,17.09.2021,17.09.2021,14:48:45.713,12:48:45.713,64514,Timeline2,Tobii I-VT (Fixation),1.145.28180,1080,1920,"10,00",688715833.0,,,929.0,516.0,928.0,515.0,930.0,517.0,"0,03896","0,07821","-0,99618","-0,07259","0,08071","-0,99409","3,86","3,92",Valid,Valid,"234,0","100,3","517,1","292,8","99,6","517,0","254,3","140,8","255,0","141,6","0,4752","0,4778","0,4741","0,4765","0,4763","0,4790",thumbnail_grossTrial,thumbnail_grossTrial.png,1245.0,1080.0,337.0,0.0,798.0,692.0,Fixation,317.0,51.0,931.0,513.0,"0,4768","0,4750",,
26013,20860197,1400460131484,Eye Tracker,Participant0058,17.09.2021,Participant0058,Recording4,17.09.2021,17.09.2021,14:48:45.713,12:48:45.713,64514,Timeline2,Tobii I-VT (Fixation),1.145.28180,1080,1920,"10,00",688724139.0,,,927.0,515.0,928.0,513.0,927.0,516.0,"0,03907","0,07735","-0,99624","-0,07464","0,08006","-0,99399",,,Valid,Valid,"234,1","100,3","517,0","292,8","99,6","516,9","254,4","140,5","253,9","141,3","0,4738","0,4766","0,4744","0,4752","0,4731","0,4780",thumbnail_grossTrial,thumbnail_grossTrial.png,1245.0,1080.0,337.0,0.0,798.0,692.0,Fixation,317.0,51.0,931.0,513.0,"0,4768","0,4750",,
26014,20868534,1400460139821,Eye Tracker,Participant0058,17.09.2021,Participant0058,Recording4,17.09.2021,17.09.2021,14:48:45.713,12:48:45.713,64514,Timeline2,Tobii I-VT (Fixation),1.145.28180,1080,1920,"10,00",688732475.0,,,928.0,512.0,929.0,509.0,927.0,514.0,"0,03967","0,07516","-0,99638","-0,07441","0,07903","-0,99409",,,Valid,Valid,"234,0","100,3","517,0","292,7","99,6","516,9","254,6","139,3","254,0","140,7","0,4742","0,4737","0,4751","0,4713","0,4734","0,4761",thumbnail_grossTrial,thumbnail_grossTrial.png,1245.0,1080.0,337.0,0.0,798.0,692.0,Fixation,317.0,51.0,931.0,513.0,"0,4768","0,4750",,
26015,20876865,1400460148152,Eye Tracker,Participant0058,17.09.2021,Participant0058,Recording4,17.09.2021,17.09.2021,14:48:45.713,12:48:45.713,64514,Timeline2,Tobii I-VT (Fixation),1.145.28180,1080,1920,"10,00",688740805.0,,,927.0,512.0,930.0,508.0,924.0,517.0,"0,04011","0,07463","-0,99640","-0,07602","0,08051","-0,99385","3,87","3,75",Valid,Valid,"234,1","100,3","517,0","292,8","99,6","517,0","254,9","139,0","253,2","141,5","0,4734","0,4744","0,4759","0,4703","0,4710","0,4786",thumbnail_grossTrial,thumbnail_grossTrial.png,1245.0,1080.0,337.0,0.0,798.0,692.0,Fixation,317.0,51.0,931.0,513.0,"0,4768","0,4750",,
26016,20885197,1400460156484,Eye Tracker,Participant0058,17.09.2021,Participant0058,Recording4,17.09.2021,17.09.2021,14:48:45.713,12:48:45.713,64514,Timeline2,Tobii I-VT (Fixation),1.145.28180,1080,1920,"10,00",688749137.0,,,930.0,513.0,931.0,508.0,928.0,518.0,"0,04062","0,07481","-0,99637","-0,07386","0,08087","-0,99398",,,Valid,Valid,"234,1","100,3","517,0","292,8","99,6","517,0","255,2","139,1","254,4","141,7","0,4756","0,4750","0,4767","0,4707","0,4744","0,4793",thumbnail_grossTrial,thumbnail_grossTrial.png,1245.0,1080.0,337.0,0.0,798.0,692.0,Fixation,317.0,51.0,931.0,513.0,"0,4768","0,4750",,
26017,20893568,1400460164855,Eye Tracker,Participant0058,17.09.2021,Participant0058,Recording4,17.09.2021,17.09.2021,14:48:45.713,12:48:45.713,64514,Timeline2,Tobii I-VT (Fixation),1.145.28180,1080,1920,"10,00",688757508.0,,,933.0,509.0,931.0,506.0,935.0,512.0,"0,04060","0,07350","-0,99647","-0,06992","0,07771","-0,99452",,,Valid,Valid,"234,0","100,3","517,0","292,7","99,6","517,0","255,1","138,4","256,4","140,0","0,4784","0,4710","0,4765","0,4683","0,4803","0,4736",thumbnail_grossTrial,thumbnail_grossTrial.png,1245.0,1080.0,337.0,0.0,798.0,692.0,Fixation,317.0,51.0,931.0,513.0,"0,4768","0,4750",,
26018,20901905,1400460173192,Eye Tracker,Participant0058,17.09.2021,Participant0058,Recording4,17.09.2021,17.09.2021,14:48:45.713,12:48:45.713,64514,Timeline2,Tobii I-VT (Fixation),1.145.28180,1080,1920,"10,00",688765844.0,,,934.0,513.0,932.0,511.0,937.0,515.0,"0,04119","0,07637","-0,99623","-0,06931","0,07986","-0,99439","3,87","3,94",Valid,Valid,"234,1","100,2","517,1","292,8","99,5","517,1","255,4","139,9","256,7","141,1","0,4794","0,4753","0,4775","0,4733","0,4813","0,4773",thumbnail_grossTrial,thumbnail_grossTrial.png,1245.0,1080.0,337.0,0.0,798.0,692.0,Fixation,317.0,51.0,931.0,513.0,"0,4768","0,4750",,
26019,20910208,1400460181495,Eye Tracker,Participant0058,17.09.2021,Participant0058,Recording4,17.09.2021,17.09.2021,14:48:45.713,12:48:45.713,64514,Timeline2,Tobii I-VT (Fixation),1.145.28180,1080,1920,"10,00",688774147.0,,,931.0,515.0,931.0,514.0,931.0,515.0,"0,04066","0,07797","-0,99613","-0,07226","0,07952","-0,99421",,,Valid,Valid,"234,1","100,3","517,1","292,8","99,6","517,1","255,2","140,7","255,2","140,9","0,4768","0,4765","0,4768","0,4762","0,4769","0,4768",thumbnail_grossTrial,thumbnail_grossTrial.png,1245.0,1080.0,337.0,0.0,798.0,692.0,Fixation,317.0,51.0,931.0,513.0,"0,4768","0,4750",,
26020,20918552,1400460189839,Eye Tracker,Participant0058,17.09.2021,Participant0058,Recording4,17.09.2021,17.09.2021,14:48:45.713,12:48:45.713,64514,Timeline2,Tobii I-VT (Fixation),1.145.28180,1080,1920,"10,00",688782491.0,,,929.0,514.0,932.0,512.0,926.0,516.0,"0,04137","0,07675","-0,99619","-0,07487","0,08017","-0,99397",,,Valid,Valid,"234,0","100,2","517,1","292,7","99,5","517,1","255,5","140,1","253,8","141,3","0,4752","0,4759","0,4777","0,4740","0,4727","0,4779",thumbnail_grossTrial,thumbnail_grossTrial.png,1245.0,1080.0,337.0,0.0,798.0,692.0,Fixation,317.0,51.0,931.0,513.0,"0,4768","0,4750",,
26021,20926897,1400460198184,Eye Tracker,Participant0058,17.09.2021,Participant0058,Recording4,17.09.2021,17.09.2021,14:48:45.713,12:48:45.713,64514,Timeline2,Tobii I-VT (Fixation),1.145.28180,1080,1920,"10,00",688790835.0,,,933.0,515.0,938.0,511.0,928.0,518.0,"0,04430","0,07637","-0,99610","-0,07399","0,08124","-0,99394","4,10","3,96",Valid,Valid,"234,0","100,2","517,2","292,8","99,5","517,2","257,0","139,9","254,3","141,8","0,4782","0,4764","0,4822","0,4732","0,4741","0,4797",thumbnail_grossTrial,thumbnail_grossTrial.png,1245.0,1080.0,337.0,0.0,798.0,692.0,Fixation,317.0,51.0,931.0,513.0,"0,4768","0,4750",,
26022,20935195,1400460206482,Eye Tracker,Participant0058,17.09.2021,Participant0058,Recording4,17.09.2021,17.09.2021,14:48:45.713,12:48:45.713,64514,Timeline2,Tobii I-VT (Fixation),1.145.28180,1080,1920,"10,00",688799132.0,,,932.0,517.0,934.0,510.0,930.0,523.0,"0,04214","0,07603","-0,99621","-0,07286","0,08387","-0,99381",,,Valid,Valid,"234,1","100,2","517,1","292,8","99,5","517,1","256,0","139,7","254,9","143,2","0,4775","0,4786","0,4791","0,4727","0,4759","0,4844",thumbnail_grossTrial,thumbnail_grossTrial.png,1245.0,1080.0,337.0,0.0,798.0,692.0,Fixation,317.0,51.0,931.0,513.0,"0,4768","0,4750",,
26023,20943532,1400460214819,Eye Tracker,Participant0058,17.09.2021,Participant0058,Recording4,17.09.2021,17.09.2021,14:48:45.713,12:48:45.713,64514,Timeline2,Tobii I-VT (Fixation),1.145.28180,1080,1920,"10,00",688807469.0,,,931.0,515.0,930.0,508.0,931.0,523.0,"0,04022","0,07485","-0,99638","-0,07214","0,08366","-0,99388",,,Valid,Valid,"234,0","100,2","517,1","292,7","99,5","517,2","254,9","139,1","255,2","143,0","0,4764","0,4773","0,4759","0,4705","0,4768","0,4840",thumbnail_grossTrial,thumbnail_grossTrial.png,1245.0,1080.0,337.0,0.0,798.0,692.0,Fixation,317.0,51.0,931.0,513.0,"0,4768","0,4750",,
26024,20951889,1400460223176,Eye Tracker,Participant0058,17.09.2021,Participant0058,Recording4,17.09.2021,17.09.2021,14:48:45.713,12:48:45.713,64514,Timeline2,Tobii I-VT (Fixation),1.145.28180,1080,1920,"10,00",688815826.0,,,929.0,510.0,931.0,503.0,928.0,517.0,"0,04063","0,07218","-0,99656","-0,07405","0,08090","-0,99397","4,09","3,91",Valid,Valid,"234,1","100,2","517,2","292,8","99,5","517,2","255,1","137,7","254,3","141,6","0,4753","0,4724","0,4766","0,4658","0,4741","0,4790",thumbnail_grossTrial,thumbnail_grossTrial.png,1245.0,1080.0,337.0,0.0,798.0,692.0,Fixation,317.0,51.0,931.0,513.0,"0,4768","0,4750",,
26025,20960193,1400460231480,Eye Tracker,Participant0058,17.09.2021,Participant0058,Recording4,17.09.2021,17.09.2021,14:48:45.713,12:48:45.713,64514,Timeline2,Tobii I-VT (Fixation),1.145.28180,1080,1920,"10,00",688824129.0,,,933.0,510.0,936.0,506.0,929.0,515.0,"0,04349","0,07377","-0,99633","-0,07317","0,07939","-0,99415",,,Valid,Valid,"234,1","100,2","517,1","292,8","99,5","517,1","256,7","138,5","254,7","140,8","0,4783","0,4725","0,4811","0,4687","0,4754","0,4764",thumbnail_grossTrial,thumbnail_grossTrial.png,1245.0,1080.0,337.0,0.0,798.0,692.0,Fixation,317.0,51.0,931.0,513.0,"0,4768","0,4750",,
26026,20968560,1400460239847,Eye Tracker,Participant0058,17.09.2021,Participant0058,Recording4,17.09.2021,17.09.2021,14:48:45.713,12:48:45.713,64514,Timeline2,Tobii I-VT (Fixation),1.145.28180,1080,1920,"10,00",688832496.0,,,935.0,510.0,941.0,507.0,929.0,514.0,"0,04618","0,07415","-0,99618","-0,07338","0,07895","-0,99417",,,Valid,Valid,"234,0","100,2","517,1","292,7","99,5","517,2","258,0","138,7","254,6","140,6","0,4800","0,4725","0,4850","0,4694","0,4750","0,4756",thumbnail_grossTrial,thumbnail_grossTrial.png,1245.0,1080.0,337.0,0.0,798.0,692.0,Fixation,317.0,51.0,931.0,513.0,"0,4768","0,4750",,
26027,20976893,1400460248180,Eye Tracker,Participant0058,17.09.2021,Participant0058,Recording4,17.09.2021,17.09.2021,14:48:45.713,12:48:45.713,64514,Timeline2,Tobii I-VT (Fixation),1.145.28180,1080,1920,"10,00",688840829.0,,,935.0,515.0,941.0,512.0,929.0,519.0,"0,04604","0,07689","-0,99598","-0,07340","0,08168","-0,99395","4,10","3,94",Valid,Valid,"234,0","100,2","517,1","292,8","99,5","517,2","257,9","140,1","254,6","142,0","0,4800","0,4773","0,4849","0,4741","0,4751","0,4804",thumbnail_grossTrial,thumbnail_grossTrial.png,1245.0,1080.0,337.0,0.0,798.0,692.0,Fixation,317.0,51.0,931.0,513.0,"0,4768","0,4750",,
26028,20985192,1400460256479,Eye Tracker,Participant0058,17.09.2021,Participant0058,Recording4,17.09.2021,17.09.2021,14:48:45.713,12:48:45.713,64514,Timeline2,Tobii I-VT (Fixation),1.145.28180,1080,1920,"10,00",688849127.0,,,933.0,509.0,937.0,504.0,929.0,514.0,"0,04400","0,07238","-0,99641","-0,07359","0,07896","-0,99416",,,Valid,Valid,"234,1","100,2","517,1","292,8","99,5","517,1","256,9","137,8","254,5","140,6","0,4784","0,4710","0,4819","0,4662","0,4749","0,4757",thumbnail_grossTrial,thumbnail_grossTrial.png,1245.0,1080.0,337.0,0.0,798.0,692.0,Fixation,317.0,51.0,931.0,513.0,"0,4768","0,4750",,
26029,20993552,1400460264839,Eye Tracker,Participant0058,17.09.2021,Participant0058,Recording4,17.09.2021,17.09.2021,14:48:45.713,12:48:45.713,64514,Timeline2,Tobii I-VT (Fixation),1.145.28180,1080,1920,"10,00",688857486.0,,,931.0,510.0,930.0,507.0,931.0,514.0,"0,04043","0,07407","-0,99643","-0,07228","0,07923","-0,99423",,,Valid,Valid,"234,0","100,2","517,1","292,8","99,5","517,1","255,0","138,7","255,2","140,8","0,4765","0,4727","0,4763","0,4691","0,4767","0,4762",thumbnail_grossTrial,thumbnail_grossTrial.png,1245.0,1080.0,337.0,0.0,798.0,692.0,Fixation,317.0,51.0,931.0,513.0,"0,4768","0,4750",,
26030,21001867,1400460273154,Eye Tracker,Participant0058,17.09.2021,Participant0058,Recording4,17.09.2021,17.09.2021,14:48:45.713,12:48:45.713,64514,Timeline2,Tobii I-VT (Fixation),1.145.28180,1080,1920,"10,00",688865801.0,,,930.0,512.0,927.0,510.0,932.0,514.0,"0,03868","0,07591","-0,99636","-0,07189","0,07917","-0,99427","4,09","3,93",Valid,Valid,"234,1","100,2","517,1","292,8","99,5","517,1","254,1","139,6","255,4","140,7","0,4756","0,4742","0,4737","0,4723","0,4775","0,4761",thumbnail_grossTrial,thumbnail_grossTrial.png,1245.0,1080.0,337.0,0.0,798.0,692.0,Fixation,317.0,51.0,931.0,513.0,"0,4768","0,4750",,
26031,21010199,1400460281486,Eye Tracker,Participant0058,17.09.2021,Participant0058,Recording4,17.09.2021,17.09.2021,14:48:45.713,12:48:45.713,64514,Timeline2,Tobii I-VT (Fixation),1.145.28180,1080,1920,"10,00",688874133.0,,,936.0,524.0,942.0,529.0,931.0,519.0,"0,04608","0,08563","-0,99526","-0,07224","0,08137","-0,99406",,,Valid,Valid,"234,1","100,2","517,1","292,8","99,6","517,0","258,1","144,7","255,2","141,9","0,4811","0,4849","0,4852","0,4897","0,4770","0,4801",thumbnail_grossTrial,thumbnail_grossTrial.png,1245.0,1080.0,337.0,0.0,798.0,692.0,Fixation,317.0,51.0,931.0,513.0,"0,4768","0,4750",,
26032,21018533,1400460289820,Eye Tracker,Participant0058,17.09.2021,Participant0058,Recording4,17.09.2021,17.09.2021,14:48:45.713,12:48:45.713,64514,Timeline2,Tobii I-VT (Fixation),1.145.28180,1080,1920,"10,00",688882467.0,,,940.0,519.0,949.0,527.0,931.0,511.0,"0,05005","0,08466","-0,99515","-0,07245","0,07753","-0,99435",,,Valid,Valid,"234,0","100,2","517,1","292,8","99,6","517,0","260,1","144,2","255,1","139,9","0,4838","0,4807","0,4911","0,4879","0,4765","0,4734",thumbnail_grossTrial,thumbnail_grossTrial.png,1245.0,1080.0,337.0,0.0,798.0,692.0,Fixation,317.0,51.0,931.0,513.0,"0,4768","0,4750",,
26033,21026891,1400460298178,Eye Tracker,Participant0058,17.09.2021,Participant0058,Recording4,17.09.2021,17.09.2021,14:48:45.713,12:48:45.713,64514,Timeline2,Tobii I-VT (Fixation),1.145.28180,1080,1920,"10,00",688890824.0,,,937.0,513.0,951.0,521.0,923.0,505.0,"0,05124","0,08165","-0,99534","-0,07647","0,07460","-0,99428","4,17","3,76",Valid,Valid,"234,1","100,2","517,1","292,8","99,5","517,0","260,7","142,6","253,0","138,3","0,4817","0,4752","0,4929","0,4825","0,4705","0,4680",thumbnail_grossTrial,thumbnail_grossTrial.png,1245.0,1080.0,337.0,0.0,798.0,692.0,Saccade,33.0,76.0,,,,,,
26034,21035189,1400460306476,Eye Tracker,Participant0058,17.09.2021,Participant0058,Recording4,17.09.2021,17.09.2021,14:48:45.713,12:48:45.713,64514,Timeline2,Tobii I-VT (Fixation),1.145.28180,1080,1920,"10,00",688899121.0,,,932.0,498.0,944.0,502.0,921.0,494.0,"0,04752","0,07176","-0,99629","-0,07784","0,06847","-0,99461",,,Valid,Valid,"234,1","100,1","517,1","292,8","99,5","516,9","258,7","137,4","252,3","135,1","0,4778","0,4610","0,4872","0,4649","0,4684","0,4571",thumbnail_grossTrial,thumbnail_grossTrial.png,1245.0,1080.0,337.0,0.0,798.0,692.0,Saccade,33.0,76.0,,,,,,
26035,21043523,1400460314810,Eye Tracker,Participant0058,17.09.2021,Participant0058,Recording4,17.09.2021,17.09.2021,14:48:45.713,12:48:45.713,64514,Timeline2,Tobii I-VT (Fixation),1.145.28180,1080,1920,"10,00",688907455.0,,,914.0,483.0,921.0,481.0,907.0,486.0,"0,03552","0,06074","-0,99752","-0,08479","0,06446","-0,99431",,,Valid,Valid,"234,0","100,1","517,1","292,7","99,5","516,9","252,4","131,6","248,6","133,0","0,4631","0,4476","0,4687","0,4452","0,4575","0,4500",thumbnail_grossTrial,thumbnail_grossTrial.png,1245.0,1080.0,337.0,0.0,798.0,692.0,Saccade,33.0,76.0,,,,,,
26036,21051863,1400460323150,Eye Tracker,Participant0058,17.09.2021,Participant0058,Recording4,17.09.2021,17.09.2021,14:48:45.713,12:48:45.713,64514,Timeline2,Tobii I-VT (Fixation),1.145.28180,1080,1920,"10,00",688915795.0,,,908.0,460.0,909.0,455.0,908.0,464.0,"0,02917","0,04749","-0,99845","-0,08448","0,05306","-0,99501","4,14","4,10",Valid,Valid,"234,0","99,9","517,3","292,7","99,4","516,9","249,1","124,6","248,8","127,0","0,4586","0,4255","0,4591","0,4214","0,4580","0,4296",thumbnail_grossTrial,thumbnail_grossTrial.png,1245.0,1080.0,337.0,0.0,798.0,692.0,Saccade,33.0,76.0,,,,,,
26037,21060193,1400460331480,Eye Tracker,Participant0058,17.09.2021,Participant0058,Recording4,17.09.2021,17.09.2021,14:48:45.713,12:48:45.713,64514,Timeline2,Tobii I-VT (Fixation),1.145.28180,1080,1920,"10,00",688924124.0,,,914.0,447.0,913.0,447.0,914.0,447.0,"0,03145","0,04310","-0,99858","-0,08118","0,04384","-0,99573",,,Valid,Valid,"234,0","99,9","517,5","292,7","99,5","516,9","250,3","122,2","250,5","122,2","0,4629","0,4136","0,4626","0,4136","0,4632","0,4135",thumbnail_grossTrial,thumbnail_grossTrial.png,1245.0,1080.0,337.0,0.0,798.0,692.0,Fixation,300.0,52.0,909.0,449.0,"0,4592","0,4156",,
26038,21068520,1400460339807,Eye Tracker,Participant0058,17.09.2021,Participant0058,Recording4,17.09.2021,17.09.2021,14:48:45.713,12:48:45.713,64514,Timeline2,Tobii I-VT (Fixation),1.145.28180,1080,1920,"10,00",688932451.0,,,913.0,448.0,919.0,445.0,908.0,452.0,"0,03425","0,04216","-0,99852","-0,08436","0,04667","-0,99534",,,Valid,Valid,"234,0","99,9","517,5","292,6","99,5","516,9","251,7","121,7","248,8","123,7","0,4624","0,4152","0,4667","0,4119","0,4581","0,4185",thumbnail_grossTrial,thumbnail_grossTrial.png,1245.0,1080.0,337.0,0.0,798.0,692.0,Fixation,300.0,52.0,909.0,449.0,"0,4592","0,4156",,
26039,21076882,1400460348169,Eye Tracker,Participant0058,17.09.2021,Participant0058,Recording4,17.09.2021,17.09.2021,14:48:45.713,12:48:45.713,64514,Timeline2,Tobii I-VT (Fixation),1.145.28180,1080,1920,"10,00",688940813.0,,,911.0,448.0,918.0,446.0,903.0,450.0,"0,03418","0,04264","-0,99851","-0,08677","0,04568","-0,99518","4,11","3,78",Valid,Valid,"234,0","99,8","517,6","292,7","99,4","517,0","251,7","121,9","247,6","123,1","0,4606","0,4146","0,4667","0,4126","0,4546","0,4166",thumbnail_grossTrial,thumbnail_grossTrial.png,1245.0,1080.0,337.0,0.0,798.0,692.0,Fixation,300.0,52.0,909.0,449.0,"0,4592","0,4156",,
26040,21085184,1400460356471,Eye Tracker,Participant0058,17.09.2021,Participant0058,Recording4,17.09.2021,17.09.2021,14:48:45.713,12:48:45.713,64514,Timeline2,Tobii I-VT (Fixation),1.145.28180,1080,1920,"10,00",688949114.0,,,908.0,453.0,918.0,448.0,897.0,458.0,"0,03399","0,04371","-0,99847","-0,08994","0,05000","-0,99469",,,Valid,Valid,"234,0","99,9","517,6","292,7","99,5","516,9","251,7","122,5","246,0","125,5","0,4581","0,4195","0,4664","0,4146","0,4497","0,4245",thumbnail_grossTrial,thumbnail_grossTrial.png,1245.0,1080.0,337.0,0.0,798.0,692.0,Fixation,300.0,52.0,909.0,449.0,"0,4592","0,4156",,
26041,21093553,1400460364840,Eye Tracker,Participant0058,17.09.2021,Participant0058,Recording4,17.09.2021,17.09.2021,14:48:45.713,12:48:45.713,64514,Timeline2,Tobii I-VT (Fixation),1.145.28180,1080,1920,"10,00",688957482.0,,,906.0,446.0,913.0,439.0,898.0,453.0,"0,03157","0,03898","-0,99874","-0,08972","0,04740","-0,99484",,,Valid,Valid,"234,0","99,8","517,6","292,6","99,5","516,9","250,3","120,0","246,0","124,1","0,4563","0,4130","0,4626","0,4062","0,4499","0,4199",thumbnail_grossTrial,thumbnail_grossTrial.png,1245.0,1080.0,337.0,0.0,798.0,692.0,Fixation,300.0,52.0,909.0,449.0,"0,4592","0,4156",,
26042,21101851,1400460373138,Eye Tracker,Participant0058,17.09.2021,Participant0058,Recording4,17.09.2021,17.09.2021,14:48:45.713,12:48:45.713,64514,Timeline2,Tobii I-VT (Fixation),1.145.28180,1080,1920,"10,00",688965780.0,,,906.0,443.0,915.0,437.0,897.0,450.0,"0,03242","0,03800","-0,99875","-0,09005","0,04587","-0,99488","4,18","3,78",Valid,Valid,"234,0","99,8","517,7","292,7","99,4","516,9","250,8","119,5","245,9","123,2","0,4568","0,4106","0,4639","0,4043","0,4496","0,4170",thumbnail_grossTrial,thumbnail_grossTrial.png,1245.0,1080.0,337.0,0.0,798.0,692.0,Fixation,300.0,52.0,909.0,449.0,"0,4592","0,4156",,
26043,21110183,1400460381470,Eye Tracker,Participant0058,17.09.2021,Participant0058,Recording4,17.09.2021,17.09.2021,14:48:45.713,12:48:45.713,64514,Timeline2,Tobii I-VT (Fixation),1.145.28180,1080,1920,"10,00",688974112.0,,,908.0,444.0,917.0,437.0,899.0,451.0,"0,03327","0,03807","-0,99872","-0,08914","0,04635","-0,99494",,,Valid,Valid,"234,0","99,8","517,7","292,7","99,5","516,8","251,3","119,5","246,4","123,6","0,4582","0,4113","0,4653","0,4045","0,4511","0,4180",thumbnail_grossTrial,thumbnail_grossTrial.png,1245.0,1080.0,337.0,0.0,798.0,692.0,Fixation,300.0,52.0,909.0,449.0,"0,4592","0,4156",,
26044,21118543,1400460389830,Eye Tracker,Participant0058,17.09.2021,Participant0058,Recording4,17.09.2021,17.09.2021,14:48:45.713,12:48:45.713,64514,Timeline2,Tobii I-VT (Fixation),1.145.28180,1080,1920,"10,00",688982472.0,,,914.0,450.0,922.0,449.0,906.0,450.0,"0,03592","0,04455","-0,99836","-0,08561","0,04573","-0,99528",,,Valid,Valid,"234,0","99,8","517,7","292,7","99,5","516,8","252,6","122,9","248,2","123,2","0,4628","0,4163","0,4692","0,4157","0,4563","0,4169",thumbnail_grossTrial,thumbnail_grossTrial.png,1245.0,1080.0,337.0,0.0,798.0,692.0,Fixation,300.0,52.0,909.0,449.0,"0,4592","0,4156",,
26045,21126856,1400460398143,Eye Tracker,Participant0058,17.09.2021,Participant0058,Recording4,17.09.2021,17.09.2021,14:48:45.713,12:48:45.713,64514,Timeline2,Tobii I-VT (Fixation),1.145.28180,1080,1920,"10,00",688990784.0,,,913.0,451.0,922.0,449.0,905.0,453.0,"0,03579","0,04467","-0,99836","-0,08616","0,04749","-0,99515","4,16","3,79",Valid,Valid,"234,0","99,7","517,8","292,7","99,4","516,8","252,6","122,9","248,0","124,1","0,4624","0,4178","0,4691","0,4157","0,4556","0,4198",thumbnail_grossTrial,thumbnail_grossTrial.png,1245.0,1080.0,337.0,0.0,798.0,692.0,Fixation,300.0,52.0,909.0,449.0,"0,4592","0,4156",,
26046,21135184,1400460406471,Eye Tracker,Participant0058,17.09.2021,Participant0058,Recording4,17.09.2021,17.09.2021,14:48:45.713,12:48:45.713,64514,Timeline2,Tobii I-VT (Fixation),1.145.28180,1080,1920,"10,00",688999112.0,,,911.0,453.0,919.0,452.0,903.0,455.0,"0,03423","0,04606","-0,99835","-0,08704","0,04806","-0,99505",,,Valid,Valid,"234,0","99,7","517,9","292,7","99,5","516,7","251,8","123,6","247,5","124,5","0,4606","0,4197","0,4669","0,4182","0,4543","0,4211",thumbnail_grossTrial,thumbnail_grossTrial.png,1245.0,1080.0,337.0,0.0,798.0,692.0,Fixation,300.0,52.0,909.0,449.0,"0,4592","0,4156",,
26047,21143549,1400460414836,Eye Tracker,Participant0058,17.09.2021,Participant0058,Recording4,17.09.2021,17.09.2021,14:48:45.713,12:48:45.713,64514,Timeline2,Tobii I-VT (Fixation),1.145.28180,1080,1920,"10,00",689007476.0,,,908.0,460.0,918.0,450.0,897.0,470.0,"0,03411","0,04514","-0,99840","-0,09002","0,05609","-0,99436",,,Valid,Valid,"234,0","99,7","518,0","292,7","99,5","516,7","251,7","123,1","245,9","128,7","0,4580","0,4259","0,4665","0,4164","0,4495","0,4353",thumbnail_grossTrial,thumbnail_grossTrial.png,1245.0,1080.0,337.0,0.0,798.0,692.0,Fixation,300.0,52.0,909.0,449.0,"0,4592","0,4156",,
26048,21151874,1400460423161,Eye Tracker,Participant0058,17.09.2021,Participant0058,Recording4,17.09.2021,17.09.2021,14:48:45.713,12:48:45.713,64514,Timeline2,Tobii I-VT (Fixation),1.145.28180,1080,1920,"10,00",689015801.0,,,903.0,456.0,908.0,444.0,898.0,468.0,"0,02880","0,04234","-0,99869","-0,08986","0,05527","-0,99442","3,95","3,78",Valid,Valid,"234,0","99,6","518,1","292,7","99,5","516,6","248,9","121,5","246,0","128,2","0,4542","0,4225","0,4585","0,4112","0,4499","0,4337",thumbnail_grossTrial,thumbnail_grossTrial.png,1245.0,1080.0,337.0,0.0,798.0,692.0,Fixation,300.0,52.0,909.0,449.0,"0,4592","0,4156",,
26049,21160223,1400460431510,Eye Tracker,Participant0058,17.09.2021,Participant0058,Recording4,17.09.2021,17.09.2021,14:48:45.713,12:48:45.713,64514,Timeline2,Tobii I-VT (Fixation),1.145.28180,1080,1920,"10,00",689024149.0,,,906.0,458.0,914.0,447.0,897.0,469.0,"0,03193","0,04390","-0,99853","-0,09009","0,05531","-0,99440",,,Valid,Valid,"234,0","99,6","518,1","292,7","99,6","516,5","250,6","122,4","245,9","128,3","0,4565","0,4240","0,4633","0,4140","0,4496","0,4341",thumbnail_grossTrial,thumbnail_grossTrial.png,1245.0,1080.0,337.0,0.0,798.0,692.0,Fixation,300.0,52.0,909.0,449.0,"0,4592","0,4156",,
26050,21168564,1400460439851,Eye Tracker,Participant0058,17.09.2021,Participant0058,Recording4,17.09.2021,17.09.2021,14:48:45.713,12:48:45.713,64514,Timeline2,Tobii I-VT (Fixation),1.145.28180,1080,1920,"10,00",689032490.0,,,908.0,453.0,914.0,451.0,901.0,455.0,"0,03203","0,04586","-0,99843","-0,08801","0,04789","-0,99497",,,Valid,Valid,"234,0","99,5","518,2","292,7","99,6","516,4","250,6","123,3","247,0","124,4","0,4580","0,4192","0,4633","0,4173","0,4527","0,4210",thumbnail_grossTrial,thumbnail_grossTrial.png,1245.0,1080.0,337.0,0.0,798.0,692.0,Fixation,300.0,52.0,909.0,449.0,"0,4592","0,4156",,
26051,21176850,1400460448137,Eye Tracker,Participant0058,17.09.2021,Participant0058,Recording4,17.09.2021,17.09.2021,14:48:45.713,12:48:45.713,64514,Timeline2,Tobii I-VT (Fixation),1.145.28180,1080,1920,"10,00",689040776.0,,,908.0,454.0,915.0,453.0,901.0,455.0,"0,03238","0,04699","-0,99837","-0,08816","0,04825","-0,99494","3,95","3,77",Valid,Valid,"234,0","99,5","518,3","292,7","99,6","516,4","250,8","123,9","246,9","124,6","0,4583","0,4203","0,4639","0,4191","0,4526","0,4216",thumbnail_grossTrial,thumbnail_grossTrial.png,1245.0,1080.0,337.0,0.0,798.0,692.0,Fixation,300.0,52.0,909.0,449.0,"0,4592","0,4156",,
26052,21185205,1400460456492,Eye Tracker,Participant0058,17.09.2021,Participant0058,Recording4,17.09.2021,17.09.2021,14:48:45.713,12:48:45.713,64514,Timeline2,Tobii I-VT (Fixation),1.145.28180,1080,1920,"10,00",689049130.0,,,903.0,447.0,909.0,444.0,898.0,451.0,"0,02904","0,04254","-0,99867","-0,08974","0,04565","-0,99492",,,Valid,Valid,"234,0","99,5","518,3","292,7","99,6","516,3","249,1","121,6","246,1","123,3","0,4546","0,4143","0,4590","0,4113","0,4502","0,4173",thumbnail_grossTrial,thumbnail_grossTrial.png,1245.0,1080.0,337.0,0.0,798.0,692.0,Fixation,300.0,52.0,909.0,449.0,"0,4592","0,4156",,
26053,21193518,1400460464805,Eye Tracker,Participant0058,17.09.2021,Participant0058,Recording4,17.09.2021,17.09.2021,14:48:45.713,12:48:45.713,64514,Timeline2,Tobii I-VT (Fixation),1.145.28180,1080,1920,"10,00",689057443.0,,,906.0,437.0,909.0,430.0,903.0,445.0,"0,02925","0,03493","-0,99896","-0,08713","0,04270","-0,99528",,,Valid,Valid,"233,9","99,4","518,4","292,6","99,7","516,2","249,1","117,6","247,4","121,8","0,4566","0,4049","0,4590","0,3978","0,4541","0,4121",thumbnail_grossTrial,thumbnail_grossTrial.png,1245.0,1080.0,337.0,0.0,798.0,692.0,Fixation,300.0,52.0,909.0,449.0,"0,4592","0,4156",,
26054,21201874,1400460473161,Eye Tracker,Participant0058,17.09.2021,Participant0058,Recording4,17.09.2021,17.09.2021,14:48:45.713,12:48:45.713,64514,Timeline2,Tobii I-VT (Fixation),1.145.28180,1080,1920,"10,00",689065798.0,,,913.0,438.0,917.0,427.0,909.0,450.0,"0,03325","0,03342","-0,99889","-0,08405","0,04521","-0,99544","4,22","4,17",Valid,Valid,"234,0","99,4","518,5","292,7","99,6","516,2","251,2","116,7","249,1","123,1","0,4621","0,4057","0,4652","0,3950","0,4589","0,4164",thumbnail_grossTrial,thumbnail_grossTrial.png,1245.0,1080.0,337.0,0.0,798.0,692.0,Fixation,300.0,52.0,909.0,449.0,"0,4592","0,4156",,
26055,21210206,1400460481493,Eye Tracker,Participant0058,17.09.2021,Participant0058,Recording4,17.09.2021,17.09.2021,14:48:45.713,12:48:45.713,64514,Timeline2,Tobii I-VT (Fixation),1.145.28180,1080,1920,"10,00",689074130.0,,,913.0,439.0,918.0,427.0,908.0,450.0,"0,03392","0,03372","-0,99886","-0,08466","0,04505","-0,99539",,,Valid,Valid,"234,0","99,4","518,5","292,7","99,7","516,1","251,6","116,9","248,8","123,1","0,4622","0,4060","0,4664","0,3956","0,4581","0,4164",thumbnail_grossTrial,thumbnail_grossTrial.png,1245.0,1080.0,337.0,0.0,798.0,692.0,Fixation,300.0,52.0,909.0,449.0,"0,4592","0,4156",,
26056,21218579,1400460489866,Eye Tracker,Participant0058,17.09.2021,Participant0058,Recording4,17.09.2021,17.09.2021,14:48:45.713,12:48:45.713,64514,Timeline2,Tobii I-VT (Fixation),1.145.28180,1080,1920,"10,00",689082503.0,,,912.0,446.0,918.0,437.0,906.0,455.0,"0,03374","0,03860","-0,99868","-0,08573","0,04764","-0,99518",,,Valid,Valid,"233,9","99,4","518,5","292,6","99,7","516,1","251,5","119,5","248,2","124,4","0,4611","0,4126","0,4659","0,4042","0,4563","0,4210",thumbnail_grossTrial,thumbnail_grossTrial.png,1245.0,1080.0,337.0,0.0,798.0,692.0,Fixation,300.0,52.0,909.0,449.0,"0,4592","0,4156",,
26057,21226881,1400460498168,Eye Tracker,Participant0058,17.09.2021,Participant0058,Recording4,17.09.2021,17.09.2021,14:48:45.713,12:48:45.713,64514,Timeline2,Tobii I-VT (Fixation),1.145.28180,1080,1920,"10,00",689090804.0,,,909.0,449.0,911.0,441.0,907.0,457.0,"0,03016","0,04102","-0,99870","-0,08501","0,04912","-0,99517","3,97","4,16",Valid,Valid,"234,0","99,4","518,5","292,7","99,7","516,1","249,6","120,7","248,6","125,2","0,4590","0,4159","0,4605","0,4084","0,4575","0,4235",thumbnail_grossTrial,thumbnail_grossTrial.png,1245.0,1080.0,337.0,0.0,798.0,692.0,Fixation,300.0,52.0,909.0,449.0,"0,4592","0,4156",,
26058,21235289,1400460506576,Eye Tracker,Participant0058,17.09.2021,Participant0058,Recording4,17.09.2021,17.09.2021,14:48:45.713,12:48:45.713,64514,Timeline2,Tobii I-VT (Fixation),1.145.28180,1080,1920,"10,00",689099212.0,,,908.0,448.0,909.0,437.0,908.0,458.0,"0,02903","0,03898","-0,99882","-0,08479","0,04920","-0,99518",,,Valid,Valid,"234,0","99,5","518,4","292,7","99,8","516,1","249,1","119,7","248,7","125,3","0,4584","0,4145","0,4590","0,4050","0,4578","0,4239",thumbnail_grossTrial,thumbnail_grossTrial.png,1245.0,1080.0,337.0,0.0,798.0,692.0,Fixation,300.0,52.0,909.0,449.0,"0,4592","0,4156",,
26059,21243511,1400460514798,Eye Tracker,Participant0058,17.09.2021,Participant0058,Recording4,17.09.2021,17.09.2021,14:48:45.713,12:48:45.713,64514,Timeline2,Tobii I-VT (Fixation),1.145.28180,1080,1920,"10,00",689107433.0,,,910.0,443.0,909.0,431.0,911.0,455.0,"0,02921","0,03570","-0,99894","-0,08287","0,04792","-0,99541",,,Valid,Valid,"234,0","99,5","518,4","292,7","99,7","516,1","249,1","118,0","249,7","124,6","0,4598","0,4104","0,4590","0,3993","0,4607","0,4215",thumbnail_grossTrial,thumbnail_grossTrial.png,1245.0,1080.0,337.0,0.0,798.0,692.0,Fixation,300.0,52.0,909.0,449.0,"0,4592","0,4156",,
26060,21251841,1400460523128,Eye Tracker,Participant0058,17.09.2021,Participant0058,Recording4,17.09.2021,17.09.2021,14:48:45.713,12:48:45.713,64514,Timeline2,Tobii I-VT (Fixation),1.145.28180,1080,1920,"10,00",689115763.0,,,914.0,441.0,917.0,428.0,912.0,453.0,"0,03332","0,03390","-0,99887","-0,08239","0,04697","-0,99549","4,22","4,17",Valid,Valid,"234,0","99,5","518,3","292,7","99,7","516,2","251,3","117,1","250,0","124,0","0,4634","0,4079","0,4654","0,3961","0,4615","0,4197",thumbnail_grossTrial,thumbnail_grossTrial.png,1245.0,1080.0,337.0,0.0,798.0,692.0,Fixation,300.0,52.0,909.0,449.0,"0,4592","0,4156",,
26061,21260235,1400460531522,Eye Tracker,Participant0058,17.09.2021,Participant0058,Recording4,17.09.2021,17.09.2021,14:48:45.713,12:48:45.713,64514,Timeline2,Tobii I-VT (Fixation),1.145.28180,1080,1920,"10,00",689124156.0,,,912.0,444.0,911.0,427.0,912.0,461.0,"0,03020","0,03338","-0,99899","-0,08219","0,05079","-0,99532",,,Valid,Valid,"234,0","99,6","518,2","292,7","99,7","516,1","249,7","116,9","250,1","126,1","0,4613","0,4111","0,4608","0,3955","0,4618","0,4266",thumbnail_grossTrial,thumbnail_grossTrial.png,1245.0,1080.0,337.0,0.0,798.0,692.0,Fixation,300.0,52.0,909.0,449.0,"0,4592","0,4156",,
26062,21268508,1400460539795,Eye Tracker,Participant0058,17.09.2021,Participant0058,Recording4,17.09.2021,17.09.2021,14:48:45.713,12:48:45.713,64514,Timeline2,Tobii I-VT (Fixation),1.145.28180,1080,1920,"10,00",689132429.0,,,911.0,449.0,912.0,434.0,910.0,464.0,"0,03056","0,03673","-0,99886","-0,08318","0,05255","-0,99515",,,Valid,Valid,"234,0","99,6","518,1","292,7","99,7","516,2","249,8","118,6","249,5","127,0","0,4606","0,4155","0,4611","0,4014","0,4602","0,4296",thumbnail_grossTrial,thumbnail_grossTrial.png,1245.0,1080.0,337.0,0.0,798.0,692.0,Fixation,300.0,52.0,909.0,449.0,"0,4592","0,4156",,
26063,21276837,1400460548124,Eye Tracker,Participant0058,17.09.2021,Participant0058,Recording4,17.09.2021,17.09.2021,14:48:45.713,12:48:45.713,64514,Timeline2,Tobii I-VT (Fixation),1.145.28180,1080,1920,"10,00",689140758.0,,,907.0,448.0,910.0,437.0,904.0,459.0,"0,02952","0,03873","-0,99881","-0,08648","0,04982","-0,99501","4,20","3,78",Valid,Valid,"234,0","99,6","518,0","292,7","99,6","516,3","249,3","119,7","247,8","125,5","0,4574","0,4147","0,4596","0,4049","0,4553","0,4245",thumbnail_grossTrial,thumbnail_grossTrial.png,1245.0,1080.0,337.0,0.0,798.0,692.0,Fixation,300.0,52.0,909.0,449.0,"0,4592","0,4156",,
26064,21285172,1400460556459,Eye Tracker,Participant0058,17.09.2021,Participant0058,Recording4,17.09.2021,17.09.2021,14:48:45.713,12:48:45.713,64514,Timeline2,Tobii I-VT (Fixation),1.145.28180,1080,1920,"10,00",689149093.0,,,906.0,452.0,914.0,448.0,899.0,456.0,"0,03158","0,04404","-0,99853","-0,08938","0,04839","-0,99482",,,Valid,Valid,"234,1","99,7","517,9","292,7","99,7","516,3","250,4","122,5","246,4","124,8","0,4569","0,4183","0,4629","0,4145","0,4509","0,4222",thumbnail_grossTrial,thumbnail_grossTrial.png,1245.0,1080.0,337.0,0.0,798.0,692.0,Fixation,300.0,52.0,909.0,449.0,"0,4592","0,4156",,
26065,21293541,1400460564828,Eye Tracker,Participant0058,17.09.2021,Participant0058,Recording4,17.09.2021,17.09.2021,14:48:45.713,12:48:45.713,64514,Timeline2,Tobii I-VT (Fixation),1.145.28180,1080,1920,"10,00",689157461.0,,,903.0,452.0,913.0,451.0,894.0,453.0,"0,03110","0,04562","-0,99848","-0,09208","0,04693","-0,99465",,,Valid,Valid,"234,0","99,7","517,8","292,7","99,6","516,4","250,1","123,3","244,9","124,0","0,4543","0,4184","0,4619","0,4173","0,4466","0,4195",thumbnail_grossTrial,thumbnail_grossTrial.png,1245.0,1080.0,337.0,0.0,798.0,692.0,Fixation,300.0,52.0,909.0,449.0,"0,4592","0,4156",,
26066,21301838,1400460573125,Eye Tracker,Participant0058,17.09.2021,Participant0058,Recording4,17.09.2021,17.09.2021,14:48:45.713,12:48:45.713,64514,Timeline2,Tobii I-VT (Fixation),1.145.28180,1080,1920,"10,00",689165757.0,,,903.0,454.0,907.0,449.0,900.0,458.0,"0,02796","0,04486","-0,99860","-0,08889","0,04966","-0,99480","3,98","4,18",Valid,Valid,"234,0","99,7","517,7","292,7","99,5","516,4","248,5","123,0","246,6","125,3","0,4544","0,4200","0,4573","0,4160","0,4516","0,4240",thumbnail_grossTrial,thumbnail_grossTrial.png,1245.0,1080.0,337.0,0.0,798.0,692.0,Fixation,300.0,52.0,909.0,449.0,"0,4592","0,4156",,
26067,21310169,1400460581456,Eye Tracker,Participant0058,17.09.2021,Participant0058,Recording4,17.09.2021,17.09.2021,14:48:45.713,12:48:45.713,64514,Timeline2,Tobii I-VT (Fixation),1.145.28180,1080,1920,"10,00",689174088.0,,,908.0,451.0,911.0,449.0,905.0,452.0,"0,03034","0,04476","-0,99854","-0,08606","0,04671","-0,99519",,,Valid,Valid,"234,1","99,8","517,6","292,8","99,6","516,4","249,8","123,0","248,1","123,8","0,4585","0,4175","0,4610","0,4161","0,4561","0,4189",thumbnail_grossTrial,thumbnail_grossTrial.png,1245.0,1080.0,337.0,0.0,798.0,692.0,Fixation,300.0,52.0,909.0,449.0,"0,4592","0,4156",,
26068,21318542,1400460589829,Eye Tracker,Participant0058,17.09.2021,Participant0058,Recording4,17.09.2021,17.09.2021,14:48:45.713,12:48:45.713,64514,Timeline2,Tobii I-VT (Fixation),1.145.28180,1080,1920,"10,00",689182461.0,,,910.0,449.0,913.0,446.0,907.0,451.0,"0,03145","0,04314","-0,99857","-0,08525","0,04600","-0,99530",,,Valid,Valid,"234,0","99,8","517,5","292,7","99,5","516,5","250,3","122,1","248,5","123,4","0,4598","0,4154","0,4625","0,4133","0,4572","0,4175",thumbnail_grossTrial,thumbnail_grossTrial.png,1245.0,1080.0,337.0,0.0,798.0,692.0,Fixation,300.0,52.0,909.0,449.0,"0,4592","0,4156",,
26069,21326897,1400460598184,Eye Tracker,Participant0058,17.09.2021,Participant0058,Recording4,17.09.2021,17.09.2021,14:48:45.713,12:48:45.713,64514,Timeline2,Tobii I-VT (Fixation),1.145.28180,1080,1920,"10,00",689190815.0,,,914.0,446.0,923.0,444.0,904.0,448.0,"0,03642","0,04205","-0,99845","-0,08647","0,04484","-0,99524","4,18","4,16",Valid,Valid,"234,0","99,8","517,4","292,8","99,4","516,6","252,9","121,6","247,9","122,7","0,4628","0,4133","0,4701","0,4113","0,4554","0,4152",thumbnail_grossTrial,thumbnail_grossTrial.png,1245.0,1080.0,337.0,0.0,798.0,692.0,Fixation,300.0,52.0,909.0,449.0,"0,4592","0,4156",,
26070,21335250,1400460606537,Eye Tracker,Participant0058,17.09.2021,Participant0058,Recording4,17.09.2021,17.09.2021,14:48:45.713,12:48:45.713,64514,Timeline2,Tobii I-VT (Fixation),1.145.28180,1080,1920,"10,00",689199168.0,,,910.0,448.0,917.0,444.0,902.0,452.0,"0,03316","0,04152","-0,99859","-0,08762","0,04637","-0,99507",,,Valid,Valid,"234,1","99,9","517,3","292,8","99,5","516,6","251,3","121,4","247,3","123,6","0,4595","0,4144","0,4653","0,4107","0,4537","0,4181",thumbnail_grossTrial,thumbnail_grossTrial.png,1245.0,1080.0,337.0,0.0,798.0,692.0,Fixation,300.0,52.0,909.0,449.0,"0,4592","0,4156",,
26071,21343504,1400460614791,Eye Tracker,Participant0058,17.09.2021,Participant0058,Recording4,17.09.2021,17.09.2021,14:48:45.713,12:48:45.713,64514,Timeline2,Tobii I-VT (Fixation),1.145.28180,1080,1920,"10,00",689207422.0,,,908.0,457.0,914.0,460.0,901.0,455.0,"0,03178","0,05018","-0,99823","-0,08812","0,04825","-0,99494",,,Valid,Valid,"234,0","99,9","517,2","292,7","99,5","516,7","250,5","125,9","247,0","124,5","0,4579","0,4236","0,4630","0,4259","0,4528","0,4213",thumbnail_grossTrial,thumbnail_grossTrial.png,1245.0,1080.0,337.0,0.0,798.0,692.0,Fixation,300.0,52.0,909.0,449.0,"0,4592","0,4156",,
26072,21351862,1400460623149,Eye Tracker,Participant0058,17.09.2021,Participant0058,Recording4,17.09.2021,17.09.2021,14:48:45.713,12:48:45.713,64514,Timeline2,Tobii I-VT (Fixation),1.145.28180,1080,1920,"10,00",689215779.0,,,918.0,465.0,941.0,482.0,895.0,447.0,"0,04593","0,06189","-0,99703","-0,09139","0,04402","-0,99484","4,19","3,83",Valid,Valid,"234,0","99,9","517,2","292,8","99,4","516,8","257,9","132,0","245,3","122,3","0,4663","0,4302","0,4847","0,4465","0,4479","0,4138",thumbnail_grossTrial,thumbnail_grossTrial.png,1245.0,1080.0,337.0,0.0,798.0,692.0,Fixation,300.0,52.0,909.0,449.0,"0,4592","0,4156",,
26073,21360193,1400460631480,Eye Tracker,Participant0058,17.09.2021,Participant0058,Recording4,17.09.2021,17.09.2021,14:48:45.713,12:48:45.713,64514,Timeline2,Tobii I-VT (Fixation),1.145.28180,1080,1920,"10,00",689224109.0,,,915.0,461.0,941.0,482.0,890.0,440.0,"0,04595","0,06179","-0,99703","-0,09403","0,04060","-0,99474",,,Valid,Valid,"234,0","99,9","517,1","292,7","99,4","516,7","257,9","132,0","243,9","120,5","0,4642","0,4271","0,4847","0,4465","0,4437","0,4076",thumbnail_grossTrial,thumbnail_grossTrial.png,1245.0,1080.0,337.0,0.0,798.0,692.0,Saccade,42.0,77.0,,,,,,
26074,21368503,1400460639790,Eye Tracker,Participant0058,17.09.2021,Participant0058,Recording4,17.09.2021,17.09.2021,14:48:45.713,12:48:45.713,64514,Timeline2,Tobii I-VT (Fixation),1.145.28180,1080,1920,"10,00",689232419.0,,,892.0,434.0,903.0,438.0,881.0,430.0,"0,02595","0,03852","-0,99892","-0,09842","0,03514","-0,99452",,,Valid,Valid,"233,9","99,9","517,0","292,6","99,3","516,8","247,4","119,8","241,5","117,6","0,4453","0,4016","0,4539","0,4054","0,4367","0,3978",thumbnail_grossTrial,thumbnail_grossTrial.png,1245.0,1080.0,337.0,0.0,798.0,692.0,Saccade,42.0,77.0,,,,,,
26075,21376866,1400460648153,Eye Tracker,Participant0058,17.09.2021,Participant0058,Recording4,17.09.2021,17.09.2021,14:48:45.713,12:48:45.713,64514,Timeline2,Tobii I-VT (Fixation),1.145.28180,1080,1920,"10,00",689240782.0,,,878.0,417.0,881.0,412.0,874.0,421.0,"0,01475","0,02508","-0,99958","-0,10195","0,03094","-0,99431","4,19","3,82",Valid,Valid,"234,0","99,8","516,9","292,6","99,2","516,8","241,6","112,8","239,6","115,2","0,4341","0,3858","0,4369","0,3816","0,4312","0,3899",thumbnail_grossTrial,thumbnail_grossTrial.png,1245.0,1080.0,337.0,0.0,798.0,692.0,Saccade,42.0,77.0,,,,,,
26076,21385200,1400460656487,Eye Tracker,Participant0058,17.09.2021,Participant0058,Recording4,17.09.2021,17.09.2021,14:48:45.713,12:48:45.713,64514,Timeline2,Tobii I-VT (Fixation),1.145.28180,1080,1920,"10,00",689249116.0,,,870.0,397.0,871.0,386.0,869.0,408.0,"0,00928","0,01080","-0,99990","-0,10493","0,02370","-0,99420",,,Valid,Valid,"234,0","99,9","516,7","292,7","99,2","516,8","238,8","105,5","238,1","111,6","0,4278","0,3673","0,4289","0,3571","0,4268","0,3775",thumbnail_grossTrial,thumbnail_grossTrial.png,1245.0,1080.0,337.0,0.0,798.0,692.0,Saccade,42.0,77.0,,,,,,
26077,21393500,1400460664787,Eye Tracker,Participant0058,17.09.2021,Participant0058,Recording4,17.09.2021,17.09.2021,14:48:45.713,12:48:45.713,64514,Timeline2,Tobii I-VT (Fixation),1.145.28180,1080,1920,"10,00",689257415.0,,,874.0,381.0,874.0,373.0,873.0,390.0,"0,01104","0,00419","-0,99993","-0,10268","0,01411","-0,99461",,,Valid,Valid,"234,0","100,0","516,6","292,6","99,3","516,8","239,7","102,1","239,2","106,6","0,4307","0,3531","0,4313","0,3456","0,4301","0,3607",thumbnail_grossTrial,thumbnail_grossTrial.png,1245.0,1080.0,337.0,0.0,798.0,692.0,Saccade,42.0,77.0,,,,,,
26078,21401861,1400460673148,Eye Tracker,Participant0058,17.09.2021,Participant0058,Recording4,17.09.2021,17.09.2021,14:48:45.713,12:48:45.713,64514,Timeline2,Tobii I-VT (Fixation),1.145.28180,1080,1920,"10,00",689265775.0,,,877.0,374.0,877.0,373.0,877.0,375.0,"0,01247","0,00408","-0,99991","-0,10074","0,00660","-0,99489","4,19","4,23",Valid,Valid,"234,0","99,9","516,6","292,6","99,2","516,8","240,4","102,0","240,3","102,6","0,4334","0,3462","0,4336","0,3452","0,4332","0,3473",thumbnail_grossTrial,thumbnail_grossTrial.png,1245.0,1080.0,337.0,0.0,798.0,692.0,Fixation,442.0,53.0,874.0,384.0,"0,4312","0,3554",,
26079,21410186,1400460681473,Eye Tracker,Participant0058,17.09.2021,Participant0058,Recording4,17.09.2021,17.09.2021,14:48:45.713,12:48:45.713,64514,Timeline2,Tobii I-VT (Fixation),1.145.28180,1080,1920,"10,00",689274100.0,,,883.0,376.0,885.0,379.0,882.0,373.0,"0,01626","0,00740","-0,99984","-0,09833","0,00548","-0,99514",,,Valid,Valid,"234,0","100,0","516,5","292,7","99,3","516,7","242,4","103,8","241,6","102,1","0,4382","0,3484","0,4394","0,3512","0,4370","0,3455",thumbnail_grossTrial,thumbnail_grossTrial.png,1245.0,1080.0,337.0,0.0,798.0,692.0,Fixation,442.0,53.0,874.0,384.0,"0,4312","0,3554",,
26080,21418539,1400460689826,Eye Tracker,Participant0058,17.09.2021,Participant0058,Recording4,17.09.2021,17.09.2021,14:48:45.713,12:48:45.713,64514,Timeline2,Tobii I-VT (Fixation),1.145.28180,1080,1920,"10,00",689282453.0,,,882.0,378.0,887.0,385.0,878.0,372.0,"0,01748","0,01041","-0,99979","-0,10022","0,00491","-0,99495",,,Valid,Valid,"234,0","100,0","516,5","292,6","99,2","516,8","243,0","105,4","240,6","101,8","0,4375","0,3504","0,4411","0,3565","0,4340","0,3444",thumbnail_grossTrial,thumbnail_grossTrial.png,1245.0,1080.0,337.0,0.0,798.0,692.0,Fixation,442.0,53.0,874.0,384.0,"0,4312","0,3554",,
26081,21426843,1400460698130,Eye Tracker,Participant0058,17.09.2021,Participant0058,Recording4,17.09.2021,17.09.2021,14:48:45.713,12:48:45.713,64514,Timeline2,Tobii I-VT (Fixation),1.145.28180,1080,1920,"10,00",689290756.0,,,882.0,380.0,886.0,387.0,878.0,374.0,"0,01722","0,01144","-0,99979","-0,10008","0,00605","-0,99496","4,16","4,30",Valid,Valid,"234,0","99,9","516,5","292,7","99,2","516,8","242,9","105,8","240,7","102,3","0,4376","0,3521","0,4408","0,3580","0,4343","0,3462",thumbnail_grossTrial,thumbnail_grossTrial.png,1245.0,1080.0,337.0,0.0,798.0,692.0,Fixation,442.0,53.0,874.0,384.0,"0,4312","0,3554",,
26082,21435171,1400460706458,Eye Tracker,Participant0058,17.09.2021,Participant0058,Recording4,17.09.2021,17.09.2021,14:48:45.713,12:48:45.713,64514,Timeline2,Tobii I-VT (Fixation),1.145.28180,1080,1920,"10,00",689299084.0,,,882.0,378.0,887.0,389.0,877.0,368.0,"0,01743","0,01225","-0,99977","-0,10075","0,00267","-0,99491",,,Valid,Valid,"234,1","100,0","516,5","292,7","99,3","516,7","243,1","106,3","240,4","100,6","0,4373","0,3501","0,4413","0,3597","0,4334","0,3405",thumbnail_grossTrial,thumbnail_grossTrial.png,1245.0,1080.0,337.0,0.0,798.0,692.0,Fixation,442.0,53.0,874.0,384.0,"0,4312","0,3554",,
26083,21443498,1400460714785,Eye Tracker,Participant0058,17.09.2021,Participant0058,Recording4,17.09.2021,17.09.2021,14:48:45.713,12:48:45.713,64514,Timeline2,Tobii I-VT (Fixation),1.145.28180,1080,1920,"10,00",689307411.0,,,883.0,379.0,892.0,378.0,875.0,381.0,"0,02013","0,00660","-0,99978","-0,10176","0,00957","-0,99476",,,Valid,Valid,"234,0","100,0","516,5","292,6","99,3","516,6","244,4","103,4","239,8","104,3","0,4384","0,3513","0,4452","0,3498","0,4317","0,3527",thumbnail_grossTrial,thumbnail_grossTrial.png,1245.0,1080.0,337.0,0.0,798.0,692.0,Fixation,442.0,53.0,874.0,384.0,"0,4312","0,3554",,
26084,21451827,1400460723114,Eye Tracker,Participant0058,17.09.2021,Participant0058,Recording4,17.09.2021,17.09.2021,14:48:45.713,12:48:45.713,64514,Timeline2,Tobii I-VT (Fixation),1.145.28180,1080,1920,"10,00",689315739.0,,,880.0,381.0,885.0,376.0,875.0,386.0,"0,01640","0,00597","-0,99985","-0,10195","0,01263","-0,99471","3,96","3,83",Valid,Valid,"234,0","99,9","516,5","292,7","99,2","516,6","242,5","103,0","239,7","105,8","0,4356","0,3532","0,4396","0,3485","0,4315","0,3579",thumbnail_grossTrial,thumbnail_grossTrial.png,1245.0,1080.0,337.0,0.0,798.0,692.0,Fixation,442.0,53.0,874.0,384.0,"0,4312","0,3554",,
26085,21460201,1400460731488,Eye Tracker,Participant0058,17.09.2021,Participant0058,Recording4,17.09.2021,17.09.2021,14:48:45.713,12:48:45.713,64514,Timeline2,Tobii I-VT (Fixation),1.145.28180,1080,1920,"10,00",689324112.0,,,877.0,381.0,886.0,380.0,867.0,381.0,"0,01707","0,00771","-0,99982","-0,10584","0,00966","-0,99434",,,Valid,Valid,"234,1","100,0","516,4","292,7","99,3","516,4","242,9","104,0","237,7","104,4","0,4332","0,3524","0,4407","0,3518","0,4257","0,3531",thumbnail_grossTrial,thumbnail_grossTrial.png,1245.0,1080.0,337.0,0.0,798.0,692.0,Fixation,442.0,53.0,874.0,384.0,"0,4312","0,3554",,
26086,21468562,1400460739849,Eye Tracker,Participant0058,17.09.2021,Participant0058,Recording4,17.09.2021,17.09.2021,14:48:45.713,12:48:45.713,64514,Timeline2,Tobii I-VT (Fixation),1.145.28180,1080,1920,"10,00",689332473.0,,,868.0,384.0,875.0,388.0,862.0,380.0,"0,01101","0,01199","-0,99987","-0,10865","0,00892","-0,99404",,,Valid,Valid,"234,0","100,0","516,4","292,6","99,4","516,3","239,7","106,2","236,2","104,1","0,4263","0,3557","0,4314","0,3593","0,4212","0,3521",thumbnail_grossTrial,thumbnail_grossTrial.png,1245.0,1080.0,337.0,0.0,798.0,692.0,Fixation,442.0,53.0,874.0,384.0,"0,4312","0,3554",,
26087,21476865,1400460748152,Eye Tracker,Participant0058,17.09.2021,Participant0058,Recording4,17.09.2021,17.09.2021,14:48:45.713,12:48:45.713,64514,Timeline2,Tobii I-VT (Fixation),1.145.28180,1080,1920,"10,00",689340776.0,,,871.0,377.0,883.0,385.0,859.0,370.0,"0,01555","0,01027","-0,99983","-0,11019","0,00363","-0,99390","4,16","3,82",Valid,Valid,"234,0","100,0","516,4","292,7","99,4","516,2","242,1","105,3","235,4","101,3","0,4286","0,3495","0,4383","0,3561","0,4189","0,3428",thumbnail_grossTrial,thumbnail_grossTrial.png,1245.0,1080.0,337.0,0.0,798.0,692.0,Fixation,442.0,53.0,874.0,384.0,"0,4312","0,3554",,
26088,21485260,1400460756547,Eye Tracker,Participant0058,17.09.2021,Participant0058,Recording4,17.09.2021,17.09.2021,14:48:45.713,12:48:45.713,64514,Timeline2,Tobii I-VT (Fixation),1.145.28180,1080,1920,"10,00",689349170.0,,,872.0,375.0,880.0,379.0,864.0,370.0,"0,01354","0,00718","-0,99988","-0,10759","0,00342","-0,99419",,,Valid,Valid,"234,1","100,0","516,3","292,6","99,5","515,9","241,0","103,8","236,8","101,3","0,4292","0,3469","0,4354","0,3510","0,4230","0,3428",thumbnail_grossTrial,thumbnail_grossTrial.png,1245.0,1080.0,337.0,0.0,798.0,692.0,Fixation,442.0,53.0,874.0,384.0,"0,4312","0,3554",,
26089,21493526,1400460764813,Eye Tracker,Participant0058,17.09.2021,Participant0058,Recording4,17.09.2021,17.09.2021,14:48:45.713,12:48:45.713,64514,Timeline2,Tobii I-VT (Fixation),1.145.28180,1080,1920,"10,00",689357436.0,,,873.0,371.0,880.0,373.0,866.0,370.0,"0,01402","0,00393","-0,99989","-0,10654","0,00311","-0,99430",,,Valid,Valid,"234,0","100,1","516,3","292,6","99,6","515,8","241,2","102,1","237,3","101,2","0,4302","0,3440","0,4359","0,3454","0,4244","0,3426",thumbnail_grossTrial,thumbnail_grossTrial.png,1245.0,1080.0,337.0,0.0,798.0,692.0,Fixation,442.0,53.0,874.0,384.0,"0,4312","0,3554",,
26090,21501852,1400460773139,Eye Tracker,Participant0058,17.09.2021,Participant0058,Recording4,17.09.2021,17.09.2021,14:48:45.713,12:48:45.713,64514,Timeline2,Tobii I-VT (Fixation),1.145.28180,1080,1920,"10,00",689365762.0,,,869.0,376.0,871.0,378.0,866.0,373.0,"0,00935","0,00651","-0,99994","-0,10632","0,00495","-0,99432","3,97","3,83",Valid,Valid,"234,0","100,0","516,3","292,6","99,6","515,7","238,8","103,4","237,5","102,2","0,4269","0,3478","0,4289","0,3497","0,4249","0,3458",thumbnail_grossTrial,thumbnail_grossTrial.png,1245.0,1080.0,337.0,0.0,798.0,692.0,Fixation,442.0,53.0,874.0,384.0,"0,4312","0,3554",,
26091,21510229,1400460781516,Eye Tracker,Participant0058,17.09.2021,Participant0058,Recording4,17.09.2021,17.09.2021,14:48:45.713,12:48:45.713,64514,Timeline2,Tobii I-VT (Fixation),1.145.28180,1080,1920,"10,00",689374138.0,,,868.0,383.0,868.0,379.0,868.0,386.0,"0,00724","0,00714","-0,99995","-0,10559","0,01129","-0,99435",,,Valid,Valid,"234,0","100,1","516,2","292,6","99,8","515,4","237,8","103,8","237,9","105,6","0,4259","0,3542","0,4258","0,3511","0,4260","0,3573",thumbnail_grossTrial,thumbnail_grossTrial.png,1245.0,1080.0,337.0,0.0,798.0,692.0,Fixation,442.0,53.0,874.0,384.0,"0,4312","0,3554",,
26092,21518522,1400460789809,Eye Tracker,Participant0058,17.09.2021,Participant0058,Recording4,17.09.2021,17.09.2021,14:48:45.713,12:48:45.713,64514,Timeline2,Tobii I-VT (Fixation),1.145.28180,1080,1920,"10,00",689382430.0,,,871.0,387.0,873.0,386.0,870.0,388.0,"0,01009","0,01074","-0,99989","-0,10430","0,01242","-0,99447",,,Valid,Valid,"234,0","100,1","516,2","292,5","99,8","515,3","239,2","105,6","238,5","106,2","0,4288","0,3584","0,4298","0,3574","0,4278","0,3595",thumbnail_grossTrial,thumbnail_grossTrial.png,1245.0,1080.0,337.0,0.0,798.0,692.0,Fixation,442.0,53.0,874.0,384.0,"0,4312","0,3554",,
26093,21526824,1400460798111,Eye Tracker,Participant0058,17.09.2021,Participant0058,Recording4,17.09.2021,17.09.2021,14:48:45.713,12:48:45.713,64514,Timeline2,Tobii I-VT (Fixation),1.145.28180,1080,1920,"10,00",689390732.0,,,876.0,387.0,882.0,383.0,871.0,392.0,"0,01502","0,00917","-0,99985","-0,10396","0,01441","-0,99448","4,14","3,83",Valid,Valid,"234,0","100,0","516,2","292,6","99,8","515,3","241,7","104,8","238,7","107,3","0,4329","0,3587","0,4374","0,3544","0,4285","0,3629",thumbnail_grossTrial,thumbnail_grossTrial.png,1245.0,1080.0,337.0,0.0,798.0,692.0,Fixation,442.0,53.0,874.0,384.0,"0,4312","0,3554",,
26094,21535156,1400460806443,Eye Tracker,Participant0058,17.09.2021,Participant0058,Recording4,17.09.2021,17.09.2021,14:48:45.713,12:48:45.713,64514,Timeline2,Tobii I-VT (Fixation),1.145.28180,1080,1920,"10,00",689399064.0,,,877.0,384.0,886.0,386.0,868.0,381.0,"0,01722","0,01069","-0,99979","-0,10576","0,00857","-0,99436",,,Valid,Valid,"234,0","100,1","516,2","292,6","99,9","515,2","242,9","105,6","237,8","104,3","0,4333","0,3551","0,4409","0,3573","0,4258","0,3530",thumbnail_grossTrial,thumbnail_grossTrial.png,1245.0,1080.0,337.0,0.0,798.0,692.0,Fixation,442.0,53.0,874.0,384.0,"0,4312","0,3554",,
26095,21543530,1400460814817,Eye Tracker,Participant0058,17.09.2021,Participant0058,Recording4,17.09.2021,17.09.2021,14:48:45.713,12:48:45.713,64514,Timeline2,Tobii I-VT (Fixation),1.145.28180,1080,1920,"10,00",689407437.0,,,881.0,368.0,894.0,373.0,868.0,363.0,"0,02130","0,00394","-0,99977","-0,10530","-0,00109","-0,99444",,,Valid,Valid,"234,0","100,1","516,2","292,5","99,9","515,2","245,0","102,1","238,0","99,3","0,4366","0,3408","0,4468","0,3455","0,4264","0,3361",thumbnail_grossTrial,thumbnail_grossTrial.png,1245.0,1080.0,337.0,0.0,798.0,692.0,Fixation,442.0,53.0,874.0,384.0,"0,4312","0,3554",,
26096,21551865,1400460823152,Eye Tracker,Participant0058,17.09.2021,Participant0058,Recording4,17.09.2021,17.09.2021,14:48:45.713,12:48:45.713,64514,Timeline2,Tobii I-VT (Fixation),1.145.28180,1080,1920,"10,00",689415772.0,,,882.0,369.0,893.0,370.0,871.0,367.0,"0,02069","0,00228","-0,99978","-0,10392","0,00153","-0,99458","4,18","3,84",Valid,Valid,"234,0","100,0","516,2","292,6","99,8","515,2","244,7","101,2","238,7","100,6","0,4373","0,3413","0,4460","0,3424","0,4285","0,3402",thumbnail_grossTrial,thumbnail_grossTrial.png,1245.0,1080.0,337.0,0.0,798.0,692.0,Fixation,442.0,53.0,874.0,384.0,"0,4312","0,3554",,
26097,21560165,1400460831452,Eye Tracker,Participant0058,17.09.2021,Participant0058,Recording4,17.09.2021,17.09.2021,14:48:45.713,12:48:45.713,64514,Timeline2,Tobii I-VT (Fixation),1.145.28180,1080,1920,"10,00",689424072.0,,,879.0,370.0,894.0,371.0,865.0,369.0,"0,02111","0,00277","-0,99977","-0,10733","0,00196","-0,99422",,,Valid,Valid,"234,0","100,1","516,2","292,6","99,8","515,2","244,9","101,5","237,0","100,9","0,4351","0,3424","0,4468","0,3435","0,4235","0,3413",thumbnail_grossTrial,thumbnail_grossTrial.png,1245.0,1080.0,337.0,0.0,798.0,692.0,Fixation,442.0,53.0,874.0,384.0,"0,4312","0,3554",,
26098,21568492,1400460839779,Eye Tracker,Participant0058,17.09.2021,Participant0058,Recording4,17.09.2021,17.09.2021,14:48:45.713,12:48:45.713,64514,Timeline2,Tobii I-VT (Fixation),1.145.28180,1080,1920,"10,00",689432398.0,,,870.0,383.0,881.0,389.0,859.0,378.0,"0,01449","0,01226","-0,99982","-0,11005","0,00702","-0,99390",,,Valid,Valid,"234,0","100,1","516,2","292,6","99,8","515,3","241,5","106,4","235,5","103,5","0,4279","0,3550","0,4366","0,3600","0,4192","0,3500",thumbnail_grossTrial,thumbnail_grossTrial.png,1245.0,1080.0,337.0,0.0,798.0,692.0,Fixation,442.0,53.0,874.0,384.0,"0,4312","0,3554",,
26099,21576819,1400460848106,Eye Tracker,Participant0058,17.09.2021,Participant0058,Recording4,17.09.2021,17.09.2021,14:48:45.713,12:48:45.713,64514,Timeline2,Tobii I-VT (Fixation),1.145.28180,1080,1920,"10,00",689440725.0,,,871.0,378.0,881.0,387.0,861.0,369.0,"0,01455","0,01146","-0,99983","-0,10917","0,00267","-0,99402","4,23","4,25",Valid,Valid,"234,0","100,0","516,2","292,6","99,7","515,5","241,5","105,9","236,0","101,1","0,4287","0,3503","0,4368","0,3584","0,4206","0,3421",thumbnail_grossTrial,thumbnail_grossTrial.png,1245.0,1080.0,337.0,0.0,798.0,692.0,Fixation,442.0,53.0,874.0,384.0,"0,4312","0,3554",,
26100,21585279,1400460856566,Eye Tracker,Participant0058,17.09.2021,Participant0058,Recording4,17.09.2021,17.09.2021,14:48:45.713,12:48:45.713,64514,Timeline2,Tobii I-VT (Fixation),1.145.28180,1080,1920,"10,00",689449184.0,,,876.0,386.0,884.0,389.0,869.0,382.0,"0,01579","0,01217","-0,99980","-0,10508","0,00953","-0,99442",,,Valid,Valid,"234,0","100,1","516,1","292,6","99,7","515,5","242,2","106,4","238,2","104,7","0,4328","0,3570","0,4387","0,3599","0,4269","0,3541",thumbnail_grossTrial,thumbnail_grossTrial.png,1245.0,1080.0,337.0,0.0,798.0,692.0,Fixation,442.0,53.0,874.0,384.0,"0,4312","0,3554",,
26101,21593551,1400460864838,Eye Tracker,Participant0058,17.09.2021,Participant0058,Recording4,17.09.2021,17.09.2021,14:48:45.713,12:48:45.713,64514,Timeline2,Tobii I-VT (Fixation),1.145.28180,1080,1920,"10,00",689457456.0,,,884.0,396.0,901.0,404.0,866.0,389.0,"0,02525","0,02010","-0,99948","-0,10655","0,01316","-0,99422",,,Valid,Valid,"234,0","100,1","516,1","292,6","99,7","515,6","247,0","110,5","237,3","106,5","0,4387","0,3671","0,4529","0,3738","0,4245","0,3604",thumbnail_grossTrial,thumbnail_grossTrial.png,1245.0,1080.0,337.0,0.0,798.0,692.0,Fixation,442.0,53.0,874.0,384.0,"0,4312","0,3554",,
26102,21601818,1400460873105,Eye Tracker,Participant0058,17.09.2021,Participant0058,Recording4,17.09.2021,17.09.2021,14:48:45.713,12:48:45.713,64514,Timeline2,Tobii I-VT (Fixation),1.145.28180,1080,1920,"10,00",689465723.0,,,883.0,394.0,902.0,403.0,863.0,384.0,"0,02582","0,02004","-0,99947","-0,10826","0,01062","-0,99407","4,18","3,83",Valid,Valid,"234,0","100,1","516,1","292,6","99,6","515,7","247,3","110,4","236,5","105,1","0,4378","0,3646","0,4537","0,3736","0,4219","0,3556",thumbnail_grossTrial,thumbnail_grossTrial.png,1245.0,1080.0,337.0,0.0,798.0,692.0,Fixation,442.0,53.0,874.0,384.0,"0,4312","0,3554",,
26103,21610149,1400460881436,Eye Tracker,Participant0058,17.09.2021,Participant0058,Recording4,17.09.2021,17.09.2021,14:48:45.713,12:48:45.713,64514,Timeline2,Tobii I-VT (Fixation),1.145.28180,1080,1920,"10,00",689474053.0,,,882.0,395.0,902.0,403.0,862.0,387.0,"0,02578","0,01992","-0,99947","-0,10857","0,01240","-0,99401",,,Valid,Valid,"234,0","100,1","516,0","292,6","99,6","515,7","247,3","110,4","236,3","106,0","0,4376","0,3661","0,4537","0,3735","0,4215","0,3588",thumbnail_grossTrial,thumbnail_grossTrial.png,1245.0,1080.0,337.0,0.0,798.0,692.0,Fixation,442.0,53.0,874.0,384.0,"0,4312","0,3554",,
26104,21618522,1400460889809,Eye Tracker,Participant0058,17.09.2021,Participant0058,Recording4,17.09.2021,17.09.2021,14:48:45.713,12:48:45.713,64514,Timeline2,Tobii I-VT (Fixation),1.145.28180,1080,1920,"10,00",689482425.0,,,869.0,376.0,874.0,367.0,863.0,385.0,"0,01078","0,00076","-0,99994","-0,10796","0,01124","-0,99409",,,Valid,Valid,"234,0","100,1","516,0","292,6","99,6","515,9","239,5","100,5","236,5","105,4","0,4265","0,3484","0,4309","0,3402","0,4222","0,3566",thumbnail_grossTrial,thumbnail_grossTrial.png,1245.0,1080.0,337.0,0.0,798.0,692.0,Fixation,442.0,53.0,874.0,384.0,"0,4312","0,3554",,
26105,21626817,1400460898104,Eye Tracker,Participant0058,17.09.2021,Participant0058,Recording4,17.09.2021,17.09.2021,14:48:45.713,12:48:45.713,64514,Timeline2,Tobii I-VT (Fixation),1.145.28180,1080,1920,"10,00",689490720.0,,,865.0,381.0,867.0,374.0,863.0,388.0,"0,00680","0,00414","-0,99997","-0,10816","0,01305","-0,99405","3,95","3,84",Valid,Valid,"234,0","100,1","516,0","292,6","99,5","515,9","237,5","102,2","236,5","106,3","0,4235","0,3528","0,4249","0,3459","0,4220","0,3596",thumbnail_grossTrial,thumbnail_grossTrial.png,1245.0,1080.0,337.0,0.0,798.0,692.0,Fixation,442.0,53.0,874.0,384.0,"0,4312","0,3554",,
26106,21635151,1400460906438,Eye Tracker,Participant0058,17.09.2021,Participant0058,Recording4,17.09.2021,17.09.2021,14:48:45.713,12:48:45.713,64514,Timeline2,Tobii I-VT (Fixation),1.145.28180,1080,1920,"10,00",689499054.0,,,867.0,384.0,869.0,376.0,865.0,392.0,"0,00819","0,00536","-0,99995","-0,10712","0,01505","-0,99413",,,Valid,Valid,"234,0","100,2","515,9","292,6","99,5","515,9","238,2","103,0","237,0","107,3","0,4254","0,3558","0,4271","0,3483","0,4237","0,3632",thumbnail_grossTrial,thumbnail_grossTrial.png,1245.0,1080.0,337.0,0.0,798.0,692.0,Fixation,442.0,53.0,874.0,384.0,"0,4312","0,3554",,
26107,21643512,1400460914799,Eye Tracker,Participant0058,17.09.2021,Participant0058,Recording4,17.09.2021,17.09.2021,14:48:45.713,12:48:45.713,64514,Timeline2,Tobii I-VT (Fixation),1.145.28180,1080,1920,"10,00",689507415.0,,,870.0,388.0,873.0,383.0,868.0,393.0,"0,01013","0,00875","-0,99991","-0,10557","0,01553","-0,99429",,,Valid,Valid,"234,0","100,2","515,9","292,6","99,5","516,0","239,2","104,7","237,8","107,6","0,4279","0,3591","0,4299","0,3543","0,4259","0,3640",thumbnail_grossTrial,thumbnail_grossTrial.png,1245.0,1080.0,337.0,0.0,798.0,692.0,Fixation,442.0,53.0,874.0,384.0,"0,4312","0,3554",,
26108,21651845,1400460923132,Eye Tracker,Participant0058,17.09.2021,Participant0058,Recording4,17.09.2021,17.09.2021,14:48:45.713,12:48:45.713,64514,Timeline2,Tobii I-VT (Fixation),1.145.28180,1080,1920,"10,00",689515747.0,,,876.0,389.0,882.0,383.0,870.0,395.0,"0,01506","0,00930","-0,99984","-0,10447","0,01683","-0,99439","4,20","4,11",Valid,Valid,"234,0","100,1","515,9","292,6","99,5","516,0","241,7","104,9","238,4","108,2","0,4326","0,3606","0,4374","0,3551","0,4277","0,3661",thumbnail_grossTrial,thumbnail_grossTrial.png,1245.0,1080.0,337.0,0.0,798.0,692.0,Fixation,442.0,53.0,874.0,384.0,"0,4312","0,3554",,
26109,21660189,1400460931476,Eye Tracker,Participant0058,17.09.2021,Participant0058,Recording4,17.09.2021,17.09.2021,14:48:45.713,12:48:45.713,64514,Timeline2,Tobii I-VT (Fixation),1.145.28180,1080,1920,"10,00",689524091.0,,,878.0,391.0,888.0,392.0,869.0,390.0,"0,01793","0,01362","-0,99975","-0,10484","0,01369","-0,99440",,,Valid,Valid,"234,0","100,2","515,9","292,7","99,5","515,9","243,3","107,2","238,3","106,6","0,4345","0,3618","0,4418","0,3628","0,4272","0,3608",thumbnail_grossTrial,thumbnail_grossTrial.png,1245.0,1080.0,337.0,0.0,798.0,692.0,Fixation,442.0,53.0,874.0,384.0,"0,4312","0,3554",,
26110,21668524,1400460939811,Eye Tracker,Participant0058,17.09.2021,Participant0058,Recording4,17.09.2021,17.09.2021,14:48:45.713,12:48:45.713,64514,Timeline2,Tobii I-VT (Fixation),1.145.28180,1080,1920,"10,00",689532425.0,,,881.0,384.0,884.0,396.0,877.0,371.0,"0,01625","0,01583","-0,99974","-0,10086","0,00400","-0,99489",,,Valid,Valid,"234,0","100,2","515,9","292,6","99,5","516,0","242,4","108,4","240,3","101,6","0,4362","0,3552","0,4392","0,3666","0,4332","0,3438",thumbnail_grossTrial,thumbnail_grossTrial.png,1245.0,1080.0,337.0,0.0,798.0,692.0,Fixation,442.0,53.0,874.0,384.0,"0,4312","0,3554",,
26111,21676842,1400460948129,Eye Tracker,Participant0058,17.09.2021,Participant0058,Recording4,17.09.2021,17.09.2021,14:48:45.713,12:48:45.713,64514,Timeline2,Tobii I-VT (Fixation),1.145.28180,1080,1920,"10,00",689540743.0,,,882.0,385.0,883.0,394.0,881.0,376.0,"0,01529","0,01486","-0,99977","-0,09893","0,00689","-0,99507","4,24","4,22",Valid,Valid,"234,0","100,1","516,1","292,6","99,5","516,0","241,9","107,8","241,3","103,0","0,4370","0,3566","0,4378","0,3646","0,4362","0,3486",thumbnail_grossTrial,thumbnail_grossTrial.png,1245.0,1080.0,337.0,0.0,798.0,692.0,Fixation,442.0,53.0,874.0,384.0,"0,4312","0,3554",,
26112,21685171,1400460956458,Eye Tracker,Participant0058,17.09.2021,Participant0058,Recording4,17.09.2021,17.09.2021,14:48:45.713,12:48:45.713,64514,Timeline2,Tobii I-VT (Fixation),1.145.28180,1080,1920,"10,00",689549071.0,,,879.0,383.0,879.0,390.0,878.0,375.0,"0,01346","0,01295","-0,99983","-0,10017","0,00591","-0,99495",,,Valid,Valid,"234,0","100,1","516,1","292,7","99,6","515,9","241,0","106,8","240,7","102,6","0,4348","0,3543","0,4352","0,3613","0,4344","0,3473",thumbnail_grossTrial,thumbnail_grossTrial.png,1245.0,1080.0,337.0,0.0,798.0,692.0,Fixation,442.0,53.0,874.0,384.0,"0,4312","0,3554",,
26113,21693512,1400460964799,Eye Tracker,Participant0058,17.09.2021,Participant0058,Recording4,17.09.2021,17.09.2021,14:48:45.713,12:48:45.713,64514,Timeline2,Tobii I-VT (Fixation),1.145.28180,1080,1920,"10,00",689557412.0,,,875.0,395.0,882.0,389.0,868.0,401.0,"0,01506","0,01225","-0,99981","-0,10553","0,01952","-0,99423",,,Valid,Valid,"234,0","100,1","516,3","292,6","99,6","515,9","241,7","106,4","237,9","109,7","0,4317","0,3656","0,4374","0,3599","0,4260","0,3713",thumbnail_grossTrial,thumbnail_grossTrial.png,1245.0,1080.0,337.0,0.0,798.0,692.0,Fixation,442.0,53.0,874.0,384.0,"0,4312","0,3554",,
26114,21701811,1400460973098,Eye Tracker,Participant0058,17.09.2021,Participant0058,Recording4,17.09.2021,17.09.2021,14:48:45.713,12:48:45.713,64514,Timeline2,Tobii I-VT (Fixation),1.145.28180,1080,1920,"10,00",689565711.0,,,875.0,398.0,883.0,393.0,866.0,404.0,"0,01552","0,01474","-0,99977","-0,10641","0,02126","-0,99410","4,24","3,84",Valid,Valid,"234,0","99,9","516,5","292,6","99,5","515,8","242,0","107,5","237,4","110,5","0,4314","0,3689","0,4382","0,3638","0,4247","0,3740",thumbnail_grossTrial,thumbnail_grossTrial.png,1245.0,1080.0,337.0,0.0,798.0,692.0,Fixation,442.0,53.0,874.0,384.0,"0,4312","0,3554",,
26115,21710174,1400460981461,Eye Tracker,Participant0058,17.09.2021,Participant0058,Recording4,17.09.2021,17.09.2021,14:48:45.713,12:48:45.713,64514,Timeline2,Tobii I-VT (Fixation),1.145.28180,1080,1920,"10,00",689574073.0,,,873.0,398.0,878.0,384.0,868.0,412.0,"0,01304","0,01026","-0,99986","-0,10557","0,02545","-0,99409",,,Valid,Valid,"234,0","99,9","516,6","292,6","99,6","515,7","240,8","105,2","237,9","112,8","0,4303","0,3689","0,4345","0,3560","0,4261","0,3818",thumbnail_grossTrial,thumbnail_grossTrial.png,1245.0,1080.0,337.0,0.0,798.0,692.0,Fixation,442.0,53.0,874.0,384.0,"0,4312","0,3554",,
26116,21718479,1400460989766,Eye Tracker,Participant0058,17.09.2021,Participant0058,Recording4,17.09.2021,17.09.2021,14:48:45.713,12:48:45.713,64514,Timeline2,Tobii I-VT (Fixation),1.145.28180,1080,1920,"10,00",689582378.0,,,872.0,395.0,877.0,385.0,867.0,405.0,"0,01266","0,01061","-0,99986","-0,10579","0,02150","-0,99416",,,Valid,Valid,"233,9","99,9","516,8","292,6","99,7","515,7","240,5","105,3","237,7","110,8","0,4297","0,3657","0,4337","0,3564","0,4256","0,3750",thumbnail_grossTrial,thumbnail_grossTrial.png,1245.0,1080.0,337.0,0.0,798.0,692.0,Fixation,442.0,53.0,874.0,384.0,"0,4312","0,3554",,
26117,21726811,1400460998098,Eye Tracker,Participant0058,17.09.2021,Participant0058,Recording4,17.09.2021,17.09.2021,14:48:45.713,12:48:45.713,64514,Timeline2,Tobii I-VT (Fixation),1.145.28180,1080,1920,"10,00",689590709.0,,,869.0,393.0,868.0,382.0,870.0,403.0,"0,00763","0,00949","-0,99993","-0,10445","0,02086","-0,99431","4,03","4,32",Valid,Valid,"234,0","99,7","517,0","292,6","99,6","515,7","237,9","104,6","238,4","110,4","0,4269","0,3637","0,4262","0,3540","0,4277","0,3735",thumbnail_grossTrial,thumbnail_grossTrial.png,1245.0,1080.0,337.0,0.0,798.0,692.0,Fixation,442.0,53.0,874.0,384.0,"0,4312","0,3554",,
26118,21735170,1400461006457,Eye Tracker,Participant0058,17.09.2021,Participant0058,Recording4,17.09.2021,17.09.2021,14:48:45.713,12:48:45.713,64514,Timeline2,Tobii I-VT (Fixation),1.145.28180,1080,1920,"10,00",689599068.0,,,868.0,394.0,867.0,390.0,868.0,399.0,"0,00724","0,01367","-0,99988","-0,10572","0,01820","-0,99423",,,Valid,Valid,"234,0","99,7","517,1","292,6","99,7","515,6","237,7","106,8","237,8","109,1","0,4258","0,3653","0,4256","0,3613","0,4259","0,3692",thumbnail_grossTrial,thumbnail_grossTrial.png,1245.0,1080.0,337.0,0.0,798.0,692.0,Fixation,442.0,53.0,874.0,384.0,"0,4312","0,3554",,
26119,21743562,1400461014849,Eye Tracker,Participant0058,17.09.2021,Participant0058,Recording4,17.09.2021,17.09.2021,14:48:45.713,12:48:45.713,64514,Timeline2,Tobii I-VT (Fixation),1.145.28180,1080,1920,"10,00",689607460.0,,,871.0,388.0,870.0,387.0,872.0,390.0,"0,00867","0,01179","-0,99989","-0,10315","0,01345","-0,99458",,,Valid,Valid,"233,9","99,7","517,2","292,6","99,7","515,6","238,4","105,8","239,1","106,7","0,4287","0,3594","0,4276","0,3579","0,4297","0,3609",thumbnail_grossTrial,thumbnail_grossTrial.png,1245.0,1080.0,337.0,0.0,798.0,692.0,Fixation,442.0,53.0,874.0,384.0,"0,4312","0,3554",,
26120,21751845,1400461023132,Eye Tracker,Participant0058,17.09.2021,Participant0058,Recording4,17.09.2021,17.09.2021,14:48:45.713,12:48:45.713,64514,Timeline2,Tobii I-VT (Fixation),1.145.28180,1080,1920,"10,00",689615742.0,,,873.0,380.0,879.0,380.0,867.0,379.0,"0,01327","0,00837","-0,99988","-0,10617","0,00809","-0,99432","4,24","4,20",Valid,Valid,"233,9","99,6","517,3","292,6","99,6","515,6","240,8","103,9","237,6","103,8","0,4299","0,3515","0,4347","0,3516","0,4252","0,3513",thumbnail_grossTrial,thumbnail_grossTrial.png,1245.0,1080.0,337.0,0.0,798.0,692.0,Fixation,442.0,53.0,874.0,384.0,"0,4312","0,3554",,
26121,21760170,1400461031457,Eye Tracker,Participant0058,17.09.2021,Participant0058,Recording4,17.09.2021,17.09.2021,14:48:45.713,12:48:45.713,64514,Timeline2,Tobii I-VT (Fixation),1.145.28180,1080,1920,"10,00",689624066.0,,,874.0,377.0,880.0,373.0,867.0,381.0,"0,01406","0,00458","-0,99989","-0,10600","0,00863","-0,99433",,,Valid,Valid,"234,0","99,6","517,3","292,6","99,7","515,6","241,3","102,0","237,7","104,1","0,4308","0,3487","0,4360","0,3451","0,4255","0,3524",thumbnail_grossTrial,thumbnail_grossTrial.png,1245.0,1080.0,337.0,0.0,798.0,692.0,Fixation,442.0,53.0,874.0,384.0,"0,4312","0,3554",,
26122,21768501,1400461039788,Eye Tracker,Participant0058,17.09.2021,Participant0058,Recording4,17.09.2021,17.09.2021,14:48:45.713,12:48:45.713,64514,Timeline2,Tobii I-VT (Fixation),1.145.28180,1080,1920,"10,00",689632397.0,,,865.0,386.0,880.0,373.0,851.0,400.0,"0,01413","0,00478","-0,99989","-0,11450","0,01871","-0,99325",,,Valid,Valid,"233,9","99,6","517,3","292,6","99,7","515,6","241,2","102,1","233,2","109,4","0,4241","0,3577","0,4359","0,3454","0,4122","0,3701",thumbnail_grossTrial,thumbnail_grossTrial.png,1245.0,1080.0,337.0,0.0,798.0,692.0,Fixation,442.0,53.0,874.0,384.0,"0,4312","0,3554",,
26123,21776835,1400461048122,Eye Tracker,Participant0058,17.09.2021,Participant0058,Recording4,17.09.2021,17.09.2021,14:48:45.713,12:48:45.713,64514,Timeline2,Tobii I-VT (Fixation),1.145.28180,1080,1920,"10,00",689640731.0,,,880.0,376.0,880.0,376.0,,,"0,01396","0,00664","-0,99988",,,,"4,35",,Valid,Invalid,"234,0","99,5","517,3",,,,"241,2","103,0",,,"0,4358","0,3484","0,4358","0,3484",,,thumbnail_grossTrial,thumbnail_grossTrial.png,1245.0,1080.0,337.0,0.0,798.0,692.0,Fixation,442.0,53.0,874.0,384.0,"0,4312","0,3554",,
26124,21785231,1400461056518,Eye Tracker,Participant0058,17.09.2021,Participant0058,Recording4,17.09.2021,17.09.2021,14:48:45.713,12:48:45.713,64514,Timeline2,Tobii I-VT (Fixation),1.145.28180,1080,1920,"10,00",689649126.0,,,869.0,394.0,885.0,385.0,854.0,402.0,"0,01644","0,01128","-0,99980","-0,11290","0,02013","-0,99340",,,Valid,Valid,"234,0","99,6","517,2","292,6","99,6","515,6","242,5","105,5","234,0","110,1","0,4273","0,3646","0,4397","0,3568","0,4149","0,3725",thumbnail_grossTrial,thumbnail_grossTrial.png,1245.0,1080.0,337.0,0.0,798.0,692.0,Fixation,442.0,53.0,874.0,384.0,"0,4312","0,3554",,
26125,21793505,1400461064792,Eye Tracker,Participant0058,17.09.2021,Participant0058,Recording4,17.09.2021,17.09.2021,14:48:45.713,12:48:45.713,64514,Timeline2,Tobii I-VT (Fixation),1.145.28180,1080,1920,"10,00",689657400.0,,,872.0,388.0,882.0,380.0,861.0,396.0,"0,01529","0,00843","-0,99985","-0,10906","0,01700","-0,99389",,,Valid,Valid,"233,9","99,6","517,2","292,6","99,7","515,7","241,8","104,0","236,0","108,5","0,4292","0,3594","0,4377","0,3518","0,4207","0,3670",thumbnail_grossTrial,thumbnail_grossTrial.png,1245.0,1080.0,337.0,0.0,798.0,692.0,Fixation,442.0,53.0,874.0,384.0,"0,4312","0,3554",,
26126,21801803,1400461073090,Eye Tracker,Participant0058,17.09.2021,Participant0058,Recording4,17.09.2021,17.09.2021,14:48:45.713,12:48:45.713,64514,Timeline2,Tobii I-VT (Fixation),1.145.28180,1080,1920,"10,00",689665698.0,,,874.0,382.0,874.0,382.0,,,"0,01077","0,00980","-0,99989",,,,"4,09",,Valid,Invalid,"234,0","99,6","517,2",,,,"239,5","104,7",,,"0,4310","0,3541","0,4310","0,3541",,,thumbnail_grossTrial,thumbnail_grossTrial.png,1245.0,1080.0,337.0,0.0,798.0,692.0,Fixation,442.0,53.0,874.0,384.0,"0,4312","0,3554",,
26127,21810165,1400461081452,Eye Tracker,Participant0058,17.09.2021,Participant0058,Recording4,17.09.2021,17.09.2021,14:48:45.713,12:48:45.713,64514,Timeline2,Tobii I-VT (Fixation),1.145.28180,1080,1920,"10,00",689674060.0,,,864.0,386.0,872.0,385.0,855.0,386.0,"0,00977","0,01112","-0,99989","-0,11247","0,01166","-0,99359",,,Valid,Valid,"234,0","99,7","517,1","292,7","99,6","515,6","239,1","105,4","234,3","105,7","0,4226","0,3571","0,4296","0,3567","0,4156","0,3575",thumbnail_grossTrial,thumbnail_grossTrial.png,1245.0,1080.0,337.0,0.0,798.0,692.0,Fixation,442.0,53.0,874.0,384.0,"0,4312","0,3554",,
26128,21818475,1400461089762,Eye Tracker,Participant0058,17.09.2021,Participant0058,Recording4,17.09.2021,17.09.2021,14:48:45.713,12:48:45.713,64514,Timeline2,Tobii I-VT (Fixation),1.145.28180,1080,1920,"10,00",689682368.0,,,858.0,388.0,871.0,384.0,845.0,391.0,"0,00929","0,01067","-0,99990","-0,11755","0,01416","-0,99297",,,Valid,Valid,"233,9","99,7","517,0","292,6","99,6","515,7","238,7","105,2","231,6","107,0","0,4181","0,3590","0,4286","0,3560","0,4076","0,3620",thumbnail_grossTrial,thumbnail_grossTrial.png,1245.0,1080.0,337.0,0.0,798.0,692.0,Fixation,442.0,53.0,874.0,384.0,"0,4312","0,3554",,
26129,21826836,1400461098123,Eye Tracker,Participant0058,17.09.2021,Participant0058,Recording4,17.09.2021,17.09.2021,14:48:45.713,12:48:45.713,64514,Timeline2,Tobii I-VT (Fixation),1.145.28180,1080,1920,"10,00",689690729.0,,,872.0,381.0,872.0,381.0,,,"0,00982","0,00888","-0,99991",,,,"4,10",,Valid,Invalid,"234,0","99,7","517,0",,,,"239,0","104,3",,,"0,4295","0,3528","0,4295","0,3528",,,thumbnail_grossTrial,thumbnail_grossTrial.png,1245.0,1080.0,337.0,0.0,798.0,692.0,Fixation,442.0,53.0,874.0,384.0,"0,4312","0,3554",,
26130,21835182,1400461106469,Eye Tracker,Participant0058,17.09.2021,Participant0058,Recording4,17.09.2021,17.09.2021,14:48:45.713,12:48:45.713,64514,Timeline2,Tobii I-VT (Fixation),1.145.28180,1080,1920,"10,00",689699075.0,,,864.0,385.0,879.0,380.0,849.0,390.0,"0,01346","0,00840","-0,99987","-0,11546","0,01373","-0,99322",,,Valid,Valid,"234,1","99,8","516,9","292,7","99,6","515,7","241,0","104,1","232,8","106,8","0,4232","0,3567","0,4353","0,3522","0,4111","0,3612",thumbnail_grossTrial,thumbnail_grossTrial.png,1245.0,1080.0,337.0,0.0,798.0,692.0,Fixation,442.0,53.0,874.0,384.0,"0,4312","0,3554",,
26131,21843501,1400461114788,Eye Tracker,Participant0058,17.09.2021,Participant0058,Recording4,17.09.2021,17.09.2021,14:48:45.713,12:48:45.713,64514,Timeline2,Tobii I-VT (Fixation),1.145.28180,1080,1920,"10,00",689707394.0,,,874.0,389.0,899.0,389.0,849.0,390.0,"0,02377","0,01275","-0,99964","-0,11553","0,01370","-0,99321",,,Valid,Valid,"234,1","99,8","516,9","292,8","99,6","515,7","246,4","106,4","232,8","106,8","0,4311","0,3605","0,4511","0,3599","0,4111","0,3612",thumbnail_grossTrial,thumbnail_grossTrial.png,1245.0,1080.0,337.0,0.0,798.0,692.0,Saccade,25.0,78.0,,,,,,
26132,21851836,1400461123123,Eye Tracker,Participant0058,17.09.2021,Participant0058,Recording4,17.09.2021,17.09.2021,14:48:45.713,12:48:45.713,64514,Timeline2,Tobii I-VT (Fixation),1.145.28180,1080,1920,"10,00",689715728.0,,,931.0,376.0,941.0,382.0,920.0,370.0,"0,04576","0,00903","-0,99891","-0,07866","0,00304","-0,99690","4,41","4,27",Valid,Valid,"234,3","99,7","516,9","292,9","99,6","515,8","257,9","104,4","252,2","101,2","0,4765","0,3477","0,4849","0,3532","0,4681","0,3422",thumbnail_grossTrial,thumbnail_grossTrial.png,1245.0,1080.0,337.0,0.0,798.0,692.0,Saccade,25.0,78.0,,,,,,
26133,21860166,1400461131453,Eye Tracker,Participant0058,17.09.2021,Participant0058,Recording4,17.09.2021,17.09.2021,14:48:45.713,12:48:45.713,64514,Timeline2,Tobii I-VT (Fixation),1.145.28180,1080,1920,"10,00",689724058.0,,,966.0,353.0,971.0,368.0,961.0,338.0,"0,06126","0,00194","-0,99812","-0,05711","-0,01397","-0,99827",,,Valid,Valid,"234,3","99,8","516,8","292,9","99,6","515,7","266,0","100,8","263,4","92,4","0,5048","0,3269","0,5086","0,3411","0,5010","0,3127",thumbnail_grossTrial,thumbnail_grossTrial.png,1245.0,1080.0,337.0,0.0,798.0,692.0,Saccade,25.0,78.0,,,,,,
26134,21868471,1400461139758,Eye Tracker,Participant0058,17.09.2021,Participant0058,Recording4,17.09.2021,17.09.2021,14:48:45.713,12:48:45.713,64514,Timeline2,Tobii I-VT (Fixation),1.145.28180,1080,1920,"10,00",689732362.0,,,969.0,356.0,978.0,357.0,959.0,355.0,"0,06514","-0,00396","-0,99787","-0,05794","-0,00498","-0,99831",,,Valid,Valid,"234,3","99,8","516,8","292,9","99,6","515,8","268,0","97,8","263,0","97,1","0,5070","0,3296","0,5143","0,3308","0,4996","0,3284",thumbnail_grossTrial,thumbnail_grossTrial.png,1245.0,1080.0,337.0,0.0,798.0,692.0,Unclassified,8.0,86.0,,,,,,
26135,21876798,1400461148085,Eye Tracker,Participant0058,17.09.2021,Participant0058,Recording4,17.09.2021,17.09.2021,14:48:45.713,12:48:45.713,64514,Timeline2,Tobii I-VT (Fixation),1.145.28180,1080,1920,"10,00",689740689.0,,,963.0,360.0,970.0,362.0,957.0,358.0,"0,06088","-0,00115","-0,99814","-0,05939","-0,00299","-0,99823","4,17","4,42",Valid,Valid,"234,3","99,8","516,8","292,9","99,6","515,8","265,8","99,2","262,3","98,0","0,5027","0,3336","0,5079","0,3356","0,4975","0,3317",thumbnail_grossTrial,thumbnail_grossTrial.png,1245.0,1080.0,337.0,0.0,798.0,692.0,Saccade,17.0,79.0,,,,,,
26136,21885134,1400461156421,Eye Tracker,Participant0058,17.09.2021,Participant0058,Recording4,17.09.2021,17.09.2021,14:48:45.713,12:48:45.713,64514,Timeline2,Tobii I-VT (Fixation),1.145.28180,1080,1920,"10,00",689749024.0,,,966.0,374.0,973.0,375.0,959.0,373.0,"0,06271","0,00554","-0,99802","-0,05805","0,00487","-0,99830",,,Valid,Valid,"234,3","99,9","516,7","293,0","99,6","515,7","266,8","102,7","263,0","102,2","0,5052","0,3466","0,5108","0,3476","0,4996","0,3456",thumbnail_grossTrial,thumbnail_grossTrial.png,1245.0,1080.0,337.0,0.0,798.0,692.0,Saccade,17.0,79.0,,,,,,
26137,21893468,1400461164755,Eye Tracker,Participant0058,17.09.2021,Participant0058,Recording4,17.09.2021,17.09.2021,14:48:45.713,12:48:45.713,64514,Timeline2,Tobii I-VT (Fixation),1.145.28180,1080,1920,"10,00",689757358.0,,,977.0,376.0,974.0,394.0,979.0,359.0,"0,06326","0,01518","-0,99788","-0,04752","-0,00274","-0,99887",,,Valid,Valid,"234,3","99,9","516,7","292,9","99,6","515,8","267,0","107,7","268,4","98,2","0,5134","0,3484","0,5115","0,3645","0,5154","0,3323",thumbnail_grossTrial,thumbnail_grossTrial.png,1245.0,1080.0,337.0,0.0,798.0,692.0,Fixation,700.0,54.0,973.0,385.0,"0,5100","0,3567",,
26138,21901827,1400461173114,Eye Tracker,Participant0058,17.09.2021,Participant0058,Recording4,17.09.2021,17.09.2021,14:48:45.713,12:48:45.713,64514,Timeline2,Tobii I-VT (Fixation),1.145.28180,1080,1920,"10,00",689765717.0,,,976.0,375.0,974.0,394.0,977.0,357.0,"0,06292","0,01522","-0,99790","-0,04849","-0,00355","-0,99882","4,17","3,99",Valid,Valid,"234,3","99,8","516,6","292,9","99,6","515,8","266,9","107,7","267,9","97,7","0,5125","0,3475","0,5110","0,3644","0,5140","0,3307",thumbnail_grossTrial,thumbnail_grossTrial.png,1245.0,1080.0,337.0,0.0,798.0,692.0,Fixation,700.0,54.0,973.0,385.0,"0,5100","0,3567",,
26139,21910180,1400461181467,Eye Tracker,Participant0058,17.09.2021,Participant0058,Recording4,17.09.2021,17.09.2021,14:48:45.713,12:48:45.713,64514,Timeline2,Tobii I-VT (Fixation),1.145.28180,1080,1920,"10,00",689774069.0,,,973.0,372.0,968.0,384.0,978.0,360.0,"0,06008","0,00980","-0,99815","-0,04809","-0,00216","-0,99884",,,Valid,Valid,"234,3","99,9","516,6","293,0","99,6","515,8","265,4","105,0","268,1","98,5","0,5107","0,3442","0,5068","0,3552","0,5147","0,3332",thumbnail_grossTrial,thumbnail_grossTrial.png,1245.0,1080.0,337.0,0.0,798.0,692.0,Fixation,700.0,54.0,973.0,385.0,"0,5100","0,3567",,
26140,21918543,1400461189830,Eye Tracker,Participant0058,17.09.2021,Participant0058,Recording4,17.09.2021,17.09.2021,14:48:45.713,12:48:45.713,64514,Timeline2,Tobii I-VT (Fixation),1.145.28180,1080,1920,"10,00",689782432.0,,,965.0,379.0,967.0,384.0,964.0,374.0,"0,05955","0,01026","-0,99817","-0,05577","0,00514","-0,99843",,,Valid,Valid,"234,3","99,9","516,6","292,9","99,6","515,8","265,1","105,2","264,1","102,3","0,5043","0,3510","0,5058","0,3560","0,5028","0,3460",thumbnail_grossTrial,thumbnail_grossTrial.png,1245.0,1080.0,337.0,0.0,798.0,692.0,Fixation,700.0,54.0,973.0,385.0,"0,5100","0,3567",,
26141,21926825,1400461198112,Eye Tracker,Participant0058,17.09.2021,Participant0058,Recording4,17.09.2021,17.09.2021,14:48:45.713,12:48:45.713,64514,Timeline2,Tobii I-VT (Fixation),1.145.28180,1080,1920,"10,00",689790713.0,,,966.0,378.0,968.0,381.0,963.0,375.0,"0,06014","0,00860","-0,99815","-0,05607","0,00577","-0,99841","4,20","4,00",Valid,Valid,"234,3","99,9","516,6","292,9","99,6","515,8","265,4","104,3","263,9","102,5","0,5046","0,3499","0,5067","0,3529","0,5024","0,3469",thumbnail_grossTrial,thumbnail_grossTrial.png,1245.0,1080.0,337.0,0.0,798.0,692.0,Fixation,700.0,54.0,973.0,385.0,"0,5100","0,3567",,
26142,21935130,1400461206417,Eye Tracker,Participant0058,17.09.2021,Participant0058,Recording4,17.09.2021,17.09.2021,14:48:45.713,12:48:45.713,64514,Timeline2,Tobii I-VT (Fixation),1.145.28180,1080,1920,"10,00",689799018.0,,,972.0,382.0,974.0,389.0,971.0,375.0,"0,06284","0,01271","-0,99794","-0,05174","0,00603","-0,99864",,,Valid,Valid,"234,3","99,9","516,6","292,9","99,6","515,7","266,8","106,5","266,2","102,7","0,5100","0,3540","0,5109","0,3603","0,5090","0,3476",thumbnail_grossTrial,thumbnail_grossTrial.png,1245.0,1080.0,337.0,0.0,798.0,692.0,Fixation,700.0,54.0,973.0,385.0,"0,5100","0,3567",,
26143,21943489,1400461214776,Eye Tracker,Participant0058,17.09.2021,Participant0058,Recording4,17.09.2021,17.09.2021,14:48:45.713,12:48:45.713,64514,Timeline2,Tobii I-VT (Fixation),1.145.28180,1080,1920,"10,00",689807376.0,,,972.0,383.0,974.0,390.0,970.0,377.0,"0,06343","0,01328","-0,99790","-0,05199","0,00663","-0,99863",,,Valid,Valid,"234,2","99,9","516,6","292,8","99,6","515,7","267,0","106,8","266,0","103,1","0,5100","0,3550","0,5115","0,3613","0,5084","0,3487",thumbnail_grossTrial,thumbnail_grossTrial.png,1245.0,1080.0,337.0,0.0,798.0,692.0,Fixation,700.0,54.0,973.0,385.0,"0,5100","0,3567",,
26144,21951795,1400461223082,Eye Tracker,Participant0058,17.09.2021,Participant0058,Recording4,17.09.2021,17.09.2021,14:48:45.713,12:48:45.713,64514,Timeline2,Tobii I-VT (Fixation),1.145.28180,1080,1920,"10,00",689815682.0,,,973.0,388.0,973.0,396.0,974.0,379.0,"0,06249","0,01624","-0,99791","-0,05020","0,00815","-0,99871","4,22","4,36",Valid,Valid,"234,2","99,9","516,6","292,9","99,6","515,7","266,6","108,3","267,0","103,8","0,5108","0,3588","0,5102","0,3663","0,5113","0,3513",thumbnail_grossTrial,thumbnail_grossTrial.png,1245.0,1080.0,337.0,0.0,798.0,692.0,Fixation,700.0,54.0,973.0,385.0,"0,5100","0,3567",,
26145,21960156,1400461231443,Eye Tracker,Participant0058,17.09.2021,Participant0058,Recording4,17.09.2021,17.09.2021,14:48:45.713,12:48:45.713,64514,Timeline2,Tobii I-VT (Fixation),1.145.28180,1080,1920,"10,00",689824043.0,,,971.0,390.0,973.0,399.0,969.0,381.0,"0,06282","0,01781","-0,99787","-0,05293","0,00891","-0,99856",,,Valid,Valid,"234,3","99,9","516,6","292,9","99,7","515,5","266,8","109,1","265,5","104,3","0,5090","0,3611","0,5108","0,3692","0,5072","0,3529",thumbnail_grossTrial,thumbnail_grossTrial.png,1245.0,1080.0,337.0,0.0,798.0,692.0,Fixation,700.0,54.0,973.0,385.0,"0,5100","0,3567",,
26146,21968490,1400461239777,Eye Tracker,Participant0058,17.09.2021,Participant0058,Recording4,17.09.2021,17.09.2021,14:48:45.713,12:48:45.713,64514,Timeline2,Tobii I-VT (Fixation),1.145.28180,1080,1920,"10,00",689832377.0,,,972.0,388.0,975.0,395.0,970.0,380.0,"0,06368","0,01589","-0,99784","-0,05217","0,00819","-0,99860",,,Valid,Valid,"234,2","99,9","516,7","292,8","99,8","515,5","267,2","108,1","265,9","104,0","0,5100","0,3589","0,5119","0,3659","0,5081","0,3519",thumbnail_grossTrial,thumbnail_grossTrial.png,1245.0,1080.0,337.0,0.0,798.0,692.0,Fixation,700.0,54.0,973.0,385.0,"0,5100","0,3567",,
26147,21976824,1400461248111,Eye Tracker,Participant0058,17.09.2021,Participant0058,Recording4,17.09.2021,17.09.2021,14:48:45.713,12:48:45.713,64514,Timeline2,Tobii I-VT (Fixation),1.145.28180,1080,1920,"10,00",689840709.0,,,974.0,388.0,976.0,395.0,971.0,382.0,"0,06405","0,01582","-0,99782","-0,05155","0,00923","-0,99863","4,22","4,34",Valid,Valid,"234,2","99,8","516,7","292,8","99,8","515,4","267,4","108,0","266,2","104,5","0,5109","0,3596","0,5126","0,3655","0,5092","0,3536",thumbnail_grossTrial,thumbnail_grossTrial.png,1245.0,1080.0,337.0,0.0,798.0,692.0,Fixation,700.0,54.0,973.0,385.0,"0,5100","0,3567",,
26148,21985156,1400461256443,Eye Tracker,Participant0058,17.09.2021,Participant0058,Recording4,17.09.2021,17.09.2021,14:48:45.713,12:48:45.713,64514,Timeline2,Tobii I-VT (Fixation),1.145.28180,1080,1920,"10,00",689849041.0,,,974.0,388.0,979.0,389.0,970.0,386.0,"0,06548","0,01283","-0,99777","-0,05245","0,01129","-0,99856",,,Valid,Valid,"234,3","99,9","516,7","292,8","99,9","515,2","268,2","106,6","265,8","105,7","0,5113","0,3590","0,5149","0,3605","0,5078","0,3576",thumbnail_grossTrial,thumbnail_grossTrial.png,1245.0,1080.0,337.0,0.0,798.0,692.0,Fixation,700.0,54.0,973.0,385.0,"0,5100","0,3567",,
26149,21993539,1400461264826,Eye Tracker,Participant0058,17.09.2021,Participant0058,Recording4,17.09.2021,17.09.2021,14:48:45.713,12:48:45.713,64514,Timeline2,Tobii I-VT (Fixation),1.145.28180,1080,1920,"10,00",689857424.0,,,980.0,383.0,977.0,389.0,982.0,377.0,"0,06459","0,01272","-0,99783","-0,04558","0,00623","-0,99894",,,Valid,Valid,"234,2","99,9","516,8","292,8","99,9","515,1","267,7","106,5","269,3","103,1","0,5157","0,3546","0,5134","0,3603","0,5180","0,3488",thumbnail_grossTrial,thumbnail_grossTrial.png,1245.0,1080.0,337.0,0.0,798.0,692.0,Fixation,700.0,54.0,973.0,385.0,"0,5100","0,3567",,
26150,22001822,1400461273109,Eye Tracker,Participant0058,17.09.2021,Participant0058,Recording4,17.09.2021,17.09.2021,14:48:45.713,12:48:45.713,64514,Timeline2,Tobii I-VT (Fixation),1.145.28180,1080,1920,"10,00",689865707.0,,,979.0,381.0,978.0,387.0,979.0,375.0,"0,06515","0,01160","-0,99781","-0,04735","0,00530","-0,99886","4,23","4,36",Valid,Valid,"234,2","99,8","516,8","292,8","99,9","515,0","268,0","105,8","268,4","102,6","0,5149","0,3526","0,5143","0,3581","0,5155","0,3472",thumbnail_grossTrial,thumbnail_grossTrial.png,1245.0,1080.0,337.0,0.0,798.0,692.0,Fixation,700.0,54.0,973.0,385.0,"0,5100","0,3567",,
26151,22010158,1400461281445,Eye Tracker,Participant0058,17.09.2021,Participant0058,Recording4,17.09.2021,17.09.2021,14:48:45.713,12:48:45.713,64514,Timeline2,Tobii I-VT (Fixation),1.145.28180,1080,1920,"10,00",689874042.0,,,978.0,380.0,974.0,389.0,982.0,371.0,"0,06303","0,01266","-0,99793","-0,04584","0,00298","-0,99894",,,Valid,Valid,"234,3","99,9","516,8","292,8","100,0","514,8","266,9","106,4","269,2","101,5","0,5145","0,3518","0,5112","0,3601","0,5178","0,3435",thumbnail_grossTrial,thumbnail_grossTrial.png,1245.0,1080.0,337.0,0.0,798.0,692.0,Fixation,700.0,54.0,973.0,385.0,"0,5100","0,3567",,
26152,22018457,1400461289744,Eye Tracker,Participant0058,17.09.2021,Participant0058,Recording4,17.09.2021,17.09.2021,14:48:45.713,12:48:45.713,64514,Timeline2,Tobii I-VT (Fixation),1.145.28180,1080,1920,"10,00",689882341.0,,,973.0,381.0,973.0,379.0,972.0,383.0,"0,06285","0,00764","-0,99799","-0,05100","0,00948","-0,99865",,,Valid,Valid,"234,2","99,8","516,8","292,7","100,0","514,8","266,8","103,8","266,5","104,9","0,5103","0,3531","0,5107","0,3512","0,5098","0,3550",thumbnail_grossTrial,thumbnail_grossTrial.png,1245.0,1080.0,337.0,0.0,798.0,692.0,Fixation,700.0,54.0,973.0,385.0,"0,5100","0,3567",,
26153,22026804,1400461298091,Eye Tracker,Participant0058,17.09.2021,Participant0058,Recording4,17.09.2021,17.09.2021,14:48:45.713,12:48:45.713,64514,Timeline2,Tobii I-VT (Fixation),1.145.28180,1080,1920,"10,00",689890688.0,,,975.0,387.0,975.0,388.0,975.0,385.0,"0,06389","0,01261","-0,99788","-0,04939","0,01041","-0,99873","4,26","4,43",Valid,Valid,"234,2","99,7","516,9","292,8","100,0","514,7","267,3","106,2","267,3","105,4","0,5123","0,3580","0,5123","0,3595","0,5124","0,3566",thumbnail_grossTrial,thumbnail_grossTrial.png,1245.0,1080.0,337.0,0.0,798.0,692.0,Fixation,700.0,54.0,973.0,385.0,"0,5100","0,3567",,
26154,22035142,1400461306429,Eye Tracker,Participant0058,17.09.2021,Participant0058,Recording4,17.09.2021,17.09.2021,14:48:45.713,12:48:45.713,64514,Timeline2,Tobii I-VT (Fixation),1.145.28180,1080,1920,"10,00",689899025.0,,,975.0,388.0,977.0,389.0,974.0,388.0,"0,06471","0,01267","-0,99782","-0,05037","0,01157","-0,99866",,,Valid,Valid,"234,2","99,8","516,9","292,8","100,1","514,5","267,8","106,4","266,8","106,1","0,5123","0,3594","0,5136","0,3599","0,5109","0,3589",thumbnail_grossTrial,thumbnail_grossTrial.png,1245.0,1080.0,337.0,0.0,798.0,692.0,Fixation,700.0,54.0,973.0,385.0,"0,5100","0,3567",,
26155,22043484,1400461314771,Eye Tracker,Participant0058,17.09.2021,Participant0058,Recording4,17.09.2021,17.09.2021,14:48:45.713,12:48:45.713,64514,Timeline2,Tobii I-VT (Fixation),1.145.28180,1080,1920,"10,00",689907366.0,,,971.0,395.0,976.0,399.0,965.0,391.0,"0,06446","0,01830","-0,99775","-0,05454","0,01304","-0,99843",,,Valid,Valid,"234,2","99,8","516,9","292,7","100,2","514,4","267,6","109,3","264,6","106,9","0,5087","0,3657","0,5131","0,3697","0,5044","0,3617",thumbnail_grossTrial,thumbnail_grossTrial.png,1245.0,1080.0,337.0,0.0,798.0,692.0,Fixation,700.0,54.0,973.0,385.0,"0,5100","0,3567",,
26156,22051825,1400461323112,Eye Tracker,Participant0058,17.09.2021,Participant0058,Recording4,17.09.2021,17.09.2021,14:48:45.713,12:48:45.713,64514,Timeline2,Tobii I-VT (Fixation),1.145.28180,1080,1920,"10,00",689915707.0,,,975.0,387.0,982.0,389.0,968.0,384.0,"0,06719","0,01291","-0,99766","-0,05331","0,00966","-0,99853","4,58","4,54",Valid,Valid,"234,2","99,7","517,0","292,7","100,2","514,4","269,0","106,4","265,3","105,2","0,5118","0,3579","0,5173","0,3600","0,5063","0,3558",thumbnail_grossTrial,thumbnail_grossTrial.png,1245.0,1080.0,337.0,0.0,798.0,692.0,Fixation,700.0,54.0,973.0,385.0,"0,5100","0,3567",,
26157,22060120,1400461331407,Eye Tracker,Participant0058,17.09.2021,Participant0058,Recording4,17.09.2021,17.09.2021,14:48:45.713,12:48:45.713,64514,Timeline2,Tobii I-VT (Fixation),1.145.28180,1080,1920,"10,00",689924002.0,,,974.0,386.0,982.0,386.0,966.0,386.0,"0,06720","0,01116","-0,99768","-0,05426","0,01036","-0,99847",,,Valid,Valid,"234,2","99,8","517,0","292,7","100,3","514,2","269,0","105,5","264,8","105,6","0,5112","0,3572","0,5174","0,3571","0,5049","0,3572",thumbnail_grossTrial,thumbnail_grossTrial.png,1245.0,1080.0,337.0,0.0,798.0,692.0,Fixation,700.0,54.0,973.0,385.0,"0,5100","0,3567",,
26158,22068454,1400461339741,Eye Tracker,Participant0058,17.09.2021,Participant0058,Recording4,17.09.2021,17.09.2021,14:48:45.713,12:48:45.713,64514,Timeline2,Tobii I-VT (Fixation),1.145.28180,1080,1920,"10,00",689932335.0,,,977.0,378.0,984.0,373.0,969.0,384.0,"0,06839","0,00439","-0,99765","-0,05246","0,00930","-0,99858",,,Valid,Valid,"234,2","99,8","517,1","292,7","100,3","514,1","269,6","102,0","265,7","105,1","0,5133","0,3504","0,5190","0,3452","0,5075","0,3556",thumbnail_grossTrial,thumbnail_grossTrial.png,1245.0,1080.0,337.0,0.0,798.0,692.0,Fixation,700.0,54.0,973.0,385.0,"0,5100","0,3567",,
26159,22076816,1400461348103,Eye Tracker,Participant0058,17.09.2021,Participant0058,Recording4,17.09.2021,17.09.2021,14:48:45.713,12:48:45.713,64514,Timeline2,Tobii I-VT (Fixation),1.145.28180,1080,1920,"10,00",689940697.0,,,973.0,380.0,976.0,369.0,970.0,391.0,"0,06402","0,00256","-0,99795","-0,05199","0,01307","-0,99856","4,27","4,42",Valid,Valid,"234,2","99,7","517,2","292,7","100,3","514,1","267,4","101,0","266,0","107,0","0,5104","0,3519","0,5125","0,3419","0,5083","0,3620",thumbnail_grossTrial,thumbnail_grossTrial.png,1245.0,1080.0,337.0,0.0,798.0,692.0,Fixation,700.0,54.0,973.0,385.0,"0,5100","0,3567",,
26160,22085205,1400461356492,Eye Tracker,Participant0058,17.09.2021,Participant0058,Recording4,17.09.2021,17.09.2021,14:48:45.713,12:48:45.713,64514,Timeline2,Tobii I-VT (Fixation),1.145.28180,1080,1920,"10,00",689949085.0,,,970.0,383.0,975.0,373.0,966.0,394.0,"0,06347","0,00447","-0,99797","-0,05451","0,01442","-0,99841",,,Valid,Valid,"234,2","99,7","517,2","292,7","100,3","514,0","267,1","102,1","264,7","107,7","0,5081","0,3549","0,5117","0,3453","0,5045","0,3646",thumbnail_grossTrial,thumbnail_grossTrial.png,1245.0,1080.0,337.0,0.0,798.0,692.0,Fixation,700.0,54.0,973.0,385.0,"0,5100","0,3567",,
26161,22093482,1400461364769,Eye Tracker,Participant0058,17.09.2021,Participant0058,Recording4,17.09.2021,17.09.2021,14:48:45.713,12:48:45.713,64514,Timeline2,Tobii I-VT (Fixation),1.145.28180,1080,1920,"10,00",689957362.0,,,969.0,386.0,974.0,380.0,964.0,392.0,"0,06334","0,00806","-0,99796","-0,05531","0,01339","-0,99838",,,Valid,Valid,"234,2","99,7","517,2","292,7","100,4","514,1","267,0","103,9","264,2","107,2","0,5073","0,3572","0,5114","0,3516","0,5032","0,3629",thumbnail_grossTrial,thumbnail_grossTrial.png,1245.0,1080.0,337.0,0.0,798.0,692.0,Fixation,700.0,54.0,973.0,385.0,"0,5100","0,3567",,
26162,22101827,1400461373114,Eye Tracker,Participant0058,17.09.2021,Participant0058,Recording4,17.09.2021,17.09.2021,14:48:45.713,12:48:45.713,64514,Timeline2,Tobii I-VT (Fixation),1.145.28180,1080,1920,"10,00",689965707.0,,,970.0,391.0,980.0,390.0,961.0,392.0,"0,06642","0,01391","-0,99770","-0,05708","0,01375","-0,99828","4,25","4,53",Valid,Valid,"234,2","99,6","517,3","292,7","100,3","514,1","268,6","106,8","263,3","107,4","0,5084","0,3623","0,5161","0,3613","0,5006","0,3633",thumbnail_grossTrial,thumbnail_grossTrial.png,1245.0,1080.0,337.0,0.0,798.0,692.0,Fixation,700.0,54.0,973.0,385.0,"0,5100","0,3567",,
26163,22110129,1400461381416,Eye Tracker,Participant0058,17.09.2021,Participant0058,Recording4,17.09.2021,17.09.2021,14:48:45.713,12:48:45.713,64514,Timeline2,Tobii I-VT (Fixation),1.145.28180,1080,1920,"10,00",689974008.0,,,971.0,391.0,978.0,391.0,964.0,391.0,"0,06543","0,01432","-0,99775","-0,05525","0,01315","-0,99839",,,Valid,Valid,"234,2","99,7","517,3","292,7","100,3","514,0","268,1","107,1","264,3","107,1","0,5091","0,3624","0,5147","0,3624","0,5034","0,3624",thumbnail_grossTrial,thumbnail_grossTrial.png,1245.0,1080.0,337.0,0.0,798.0,692.0,Fixation,700.0,54.0,973.0,385.0,"0,5100","0,3567",,
26164,22118455,1400461389742,Eye Tracker,Participant0058,17.09.2021,Participant0058,Recording4,17.09.2021,17.09.2021,14:48:45.713,12:48:45.713,64514,Timeline2,Tobii I-VT (Fixation),1.145.28180,1080,1920,"10,00",689982334.0,,,970.0,392.0,973.0,392.0,966.0,391.0,"0,06272","0,01490","-0,99792","-0,05400","0,01295","-0,99846",,,Valid,Valid,"234,1","99,7","517,4","292,6","100,3","514,1","266,7","107,4","264,8","107,0","0,5077","0,3627","0,5104","0,3634","0,5051","0,3620",thumbnail_grossTrial,thumbnail_grossTrial.png,1245.0,1080.0,337.0,0.0,798.0,692.0,Fixation,700.0,54.0,973.0,385.0,"0,5100","0,3567",,
26165,22126788,1400461398075,Eye Tracker,Participant0058,17.09.2021,Participant0058,Recording4,17.09.2021,17.09.2021,14:48:45.713,12:48:45.713,64514,Timeline2,Tobii I-VT (Fixation),1.145.28180,1080,1920,"10,00",689990666.0,,,969.0,385.0,969.0,385.0,969.0,386.0,"0,06058","0,01092","-0,99810","-0,05287","0,01045","-0,99855","4,26","4,60",Valid,Valid,"234,2","99,6","517,5","292,7","100,2","514,2","265,6","105,3","265,5","105,6","0,5071","0,3567","0,5072","0,3562","0,5069","0,3573",thumbnail_grossTrial,thumbnail_grossTrial.png,1245.0,1080.0,337.0,0.0,798.0,692.0,Fixation,700.0,54.0,973.0,385.0,"0,5100","0,3567",,
26166,22135118,1400461406405,Eye Tracker,Participant0058,17.09.2021,Participant0058,Recording4,17.09.2021,17.09.2021,14:48:45.713,12:48:45.713,64514,Timeline2,Tobii I-VT (Fixation),1.145.28180,1080,1920,"10,00",689998996.0,,,970.0,388.0,970.0,389.0,971.0,388.0,"0,06101","0,01291","-0,99805","-0,05186","0,01135","-0,99859",,,Valid,Valid,"234,2","99,6","517,4","292,7","100,3","514,2","265,8","106,3","266,0","106,1","0,5082","0,3594","0,5079","0,3598","0,5084","0,3590",thumbnail_grossTrial,thumbnail_grossTrial.png,1245.0,1080.0,337.0,0.0,798.0,692.0,Fixation,700.0,54.0,973.0,385.0,"0,5100","0,3567",,
26167,22143477,1400461414764,Eye Tracker,Participant0058,17.09.2021,Participant0058,Recording4,17.09.2021,17.09.2021,14:48:45.713,12:48:45.713,64514,Timeline2,Tobii I-VT (Fixation),1.145.28180,1080,1920,"10,00",690007354.0,,,975.0,386.0,975.0,385.0,975.0,387.0,"0,06371","0,01109","-0,99791","-0,04946","0,01082","-0,99872",,,Valid,Valid,"234,1","99,6","517,5","292,6","100,2","514,3","267,1","105,4","267,2","105,8","0,5118","0,3573","0,5118","0,3566","0,5119","0,3580",thumbnail_grossTrial,thumbnail_grossTrial.png,1245.0,1080.0,337.0,0.0,798.0,692.0,Fixation,700.0,54.0,973.0,385.0,"0,5100","0,3567",,
26168,22151783,1400461423070,Eye Tracker,Participant0058,17.09.2021,Participant0058,Recording4,17.09.2021,17.09.2021,14:48:45.713,12:48:45.713,64514,Timeline2,Tobii I-VT (Fixation),1.145.28180,1080,1920,"10,00",690015660.0,,,974.0,388.0,976.0,388.0,973.0,389.0,"0,06413","0,01254","-0,99786","-0,05063","0,01238","-0,99864","4,26","4,40",Valid,Valid,"234,1","99,6","517,5","292,7","100,1","514,4","267,4","106,1","266,6","106,5","0,5114","0,3596","0,5125","0,3589","0,5103","0,3604",thumbnail_grossTrial,thumbnail_grossTrial.png,1245.0,1080.0,337.0,0.0,798.0,692.0,Fixation,700.0,54.0,973.0,385.0,"0,5100","0,3567",,
26169,22160117,1400461431404,Eye Tracker,Participant0058,17.09.2021,Participant0058,Recording4,17.09.2021,17.09.2021,14:48:45.713,12:48:45.713,64514,Timeline2,Tobii I-VT (Fixation),1.145.28180,1080,1920,"10,00",690023994.0,,,972.0,385.0,974.0,381.0,971.0,388.0,"0,06330","0,00897","-0,99795","-0,05173","0,01191","-0,99859",,,Valid,Valid,"234,2","99,6","517,4","292,7","100,1","514,4","267,0","104,3","266,0","106,3","0,5100","0,3562","0,5114","0,3528","0,5086","0,3596",thumbnail_grossTrial,thumbnail_grossTrial.png,1245.0,1080.0,337.0,0.0,798.0,692.0,Fixation,700.0,54.0,973.0,385.0,"0,5100","0,3567",,
26170,22168448,1400461439735,Eye Tracker,Participant0058,17.09.2021,Participant0058,Recording4,17.09.2021,17.09.2021,14:48:45.713,12:48:45.713,64514,Timeline2,Tobii I-VT (Fixation),1.145.28180,1080,1920,"10,00",690032324.0,,,971.0,386.0,973.0,383.0,970.0,390.0,"0,06295","0,01005","-0,99797","-0,05222","0,01255","-0,99856",,,Valid,Valid,"234,1","99,6","517,4","292,6","100,1","514,5","266,7","104,8","265,7","106,6","0,5092","0,3577","0,5107","0,3547","0,5077","0,3607",thumbnail_grossTrial,thumbnail_grossTrial.png,1245.0,1080.0,337.0,0.0,798.0,692.0,Fixation,700.0,54.0,973.0,385.0,"0,5100","0,3567",,
26171,22176782,1400461448069,Eye Tracker,Participant0058,17.09.2021,Participant0058,Recording4,17.09.2021,17.09.2021,14:48:45.713,12:48:45.713,64514,Timeline2,Tobii I-VT (Fixation),1.145.28180,1080,1920,"10,00",690040658.0,,,972.0,390.0,975.0,390.0,968.0,390.0,"0,06389","0,01403","-0,99786","-0,05308","0,01296","-0,99851","4,28","4,53",Valid,Valid,"234,1","99,5","517,4","292,7","100,0","514,5","267,2","106,8","265,4","106,7","0,5094","0,3612","0,5121","0,3612","0,5066","0,3611",thumbnail_grossTrial,thumbnail_grossTrial.png,1245.0,1080.0,337.0,0.0,798.0,692.0,Fixation,700.0,54.0,973.0,385.0,"0,5100","0,3567",,
26172,22185113,1400461456400,Eye Tracker,Participant0058,17.09.2021,Participant0058,Recording4,17.09.2021,17.09.2021,14:48:45.713,12:48:45.713,64514,Timeline2,Tobii I-VT (Fixation),1.145.28180,1080,1920,"10,00",690048989.0,,,972.0,390.0,975.0,393.0,969.0,388.0,"0,06373","0,01549","-0,99785","-0,05271","0,01158","-0,99854",,,Valid,Valid,"234,2","99,6","517,4","292,7","100,1","514,5","267,2","107,6","265,6","106,1","0,5097","0,3615","0,5121","0,3642","0,5072","0,3588",thumbnail_grossTrial,thumbnail_grossTrial.png,1245.0,1080.0,337.0,0.0,798.0,692.0,Fixation,700.0,54.0,973.0,385.0,"0,5100","0,3567",,
26173,22193445,1400461464732,Eye Tracker,Participant0058,17.09.2021,Participant0058,Recording4,17.09.2021,17.09.2021,14:48:45.713,12:48:45.713,64514,Timeline2,Tobii I-VT (Fixation),1.145.28180,1080,1920,"10,00",690057320.0,,,968.0,391.0,971.0,391.0,965.0,391.0,"0,06176","0,01440","-0,99799","-0,05457","0,01347","-0,99842",,,Valid,Valid,"234,1","99,6","517,4","292,7","100,1","514,5","266,2","107,1","264,6","107,0","0,5066","0,3622","0,5089","0,3622","0,5043","0,3621",thumbnail_grossTrial,thumbnail_grossTrial.png,1245.0,1080.0,337.0,0.0,798.0,692.0,Fixation,700.0,54.0,973.0,385.0,"0,5100","0,3567",,
26174,22201779,1400461473066,Eye Tracker,Participant0058,17.09.2021,Participant0058,Recording4,17.09.2021,17.09.2021,14:48:45.713,12:48:45.713,64514,Timeline2,Tobii I-VT (Fixation),1.145.28180,1080,1920,"10,00",690065654.0,,,969.0,388.0,969.0,383.0,968.0,393.0,"0,06065","0,01006","-0,99811","-0,05304","0,01440","-0,99849","4,24","4,39",Valid,Valid,"234,2","99,5","517,4","292,7","100,0","514,5","265,6","104,8","265,4","107,4","0,5070","0,3590","0,5073","0,3544","0,5067","0,3635",thumbnail_grossTrial,thumbnail_grossTrial.png,1245.0,1080.0,337.0,0.0,798.0,692.0,Fixation,700.0,54.0,973.0,385.0,"0,5100","0,3567",,
26175,22210141,1400461481428,Eye Tracker,Participant0058,17.09.2021,Participant0058,Recording4,17.09.2021,17.09.2021,14:48:45.713,12:48:45.713,64514,Timeline2,Tobii I-VT (Fixation),1.145.28180,1080,1920,"10,00",690074015.0,,,969.0,387.0,967.0,383.0,970.0,391.0,"0,05938","0,00998","-0,99819","-0,05198","0,01325","-0,99856",,,Valid,Valid,"234,2","99,6","517,4","292,7","100,1","514,4","265,0","104,8","266,0","106,9","0,5069","0,3581","0,5055","0,3545","0,5084","0,3618",thumbnail_grossTrial,thumbnail_grossTrial.png,1245.0,1080.0,337.0,0.0,798.0,692.0,Fixation,700.0,54.0,973.0,385.0,"0,5100","0,3567",,
26176,22218446,1400461489733,Eye Tracker,Participant0058,17.09.2021,Participant0058,Recording4,17.09.2021,17.09.2021,14:48:45.713,12:48:45.713,64514,Timeline2,Tobii I-VT (Fixation),1.145.28180,1080,1920,"10,00",690082319.0,,,970.0,387.0,970.0,383.0,969.0,390.0,"0,06144","0,01022","-0,99806","-0,05256","0,01292","-0,99853",,,Valid,Valid,"234,1","99,6","517,4","292,7","100,1","514,4","266,0","104,9","265,6","106,8","0,5079","0,3581","0,5084","0,3550","0,5073","0,3613",thumbnail_grossTrial,thumbnail_grossTrial.png,1245.0,1080.0,337.0,0.0,798.0,692.0,Fixation,700.0,54.0,973.0,385.0,"0,5100","0,3567",,
26177,22226779,1400461498066,Eye Tracker,Participant0058,17.09.2021,Participant0058,Recording4,17.09.2021,17.09.2021,14:48:45.713,12:48:45.713,64514,Timeline2,Tobii I-VT (Fixation),1.145.28180,1080,1920,"10,00",690090652.0,,,971.0,385.0,977.0,382.0,965.0,388.0,"0,06479","0,00986","-0,99785","-0,05491","0,01197","-0,99842","4,65","4,02",Valid,Valid,"234,1","99,6","517,4","292,7","100,1","514,4","267,7","104,7","264,4","106,2","0,5087","0,3568","0,5136","0,3541","0,5039","0,3595",thumbnail_grossTrial,thumbnail_grossTrial.png,1245.0,1080.0,337.0,0.0,798.0,692.0,Fixation,700.0,54.0,973.0,385.0,"0,5100","0,3567",,
26178,22235114,1400461506401,Eye Tracker,Participant0058,17.09.2021,Participant0058,Recording4,17.09.2021,17.09.2021,14:48:45.713,12:48:45.713,64514,Timeline2,Tobii I-VT (Fixation),1.145.28180,1080,1920,"10,00",690098987.0,,,975.0,381.0,982.0,375.0,967.0,386.0,"0,06769","0,00585","-0,99769","-0,05364","0,01067","-0,99850",,,Valid,Valid,"234,2","99,7","517,3","292,7","100,1","514,3","269,3","102,7","265,0","105,6","0,5119","0,3524","0,5180","0,3474","0,5057","0,3574",thumbnail_grossTrial,thumbnail_grossTrial.png,1245.0,1080.0,337.0,0.0,798.0,692.0,Fixation,700.0,54.0,973.0,385.0,"0,5100","0,3567",,
26179,22243445,1400461514732,Eye Tracker,Participant0058,17.09.2021,Participant0058,Recording4,17.09.2021,17.09.2021,14:48:45.713,12:48:45.713,64514,Timeline2,Tobii I-VT (Fixation),1.145.28180,1080,1920,"10,00",690107317.0,,,978.0,377.0,983.0,372.0,972.0,381.0,"0,06829","0,00435","-0,99766","-0,05082","0,00816","-0,99867",,,Valid,Valid,"234,1","99,7","517,3","292,6","100,2","514,3","269,5","101,9","266,4","104,4","0,5142","0,3490","0,5187","0,3448","0,5098","0,3532",thumbnail_grossTrial,thumbnail_grossTrial.png,1245.0,1080.0,337.0,0.0,798.0,692.0,Fixation,700.0,54.0,973.0,385.0,"0,5100","0,3567",,
26180,22251775,1400461523062,Eye Tracker,Participant0058,17.09.2021,Participant0058,Recording4,17.09.2021,17.09.2021,14:48:45.713,12:48:45.713,64514,Timeline2,Tobii I-VT (Fixation),1.145.28180,1080,1920,"10,00",690115647.0,,,976.0,374.0,976.0,372.0,977.0,375.0,"0,06463","0,00407","-0,99790","-0,04852","0,00503","-0,99881","4,23","4,04",Valid,Valid,"234,1","99,6","517,3","292,6","100,2","514,3","267,6","101,7","267,7","102,8","0,5132","0,3459","0,5132","0,3442","0,5133","0,3477",thumbnail_grossTrial,thumbnail_grossTrial.png,1245.0,1080.0,337.0,0.0,798.0,692.0,Fixation,700.0,54.0,973.0,385.0,"0,5100","0,3567",,
26181,22260147,1400461531434,Eye Tracker,Participant0058,17.09.2021,Participant0058,Recording4,17.09.2021,17.09.2021,14:48:45.713,12:48:45.713,64514,Timeline2,Tobii I-VT (Fixation),1.145.28180,1080,1920,"10,00",690124019.0,,,972.0,377.0,973.0,375.0,971.0,379.0,"0,06290","0,00575","-0,99800","-0,05127","0,00673","-0,99866",,,Valid,Valid,"234,1","99,7","517,3","292,6","100,2","514,3","266,7","102,7","266,2","103,7","0,5099","0,3491","0,5106","0,3474","0,5092","0,3508",thumbnail_grossTrial,thumbnail_grossTrial.png,1245.0,1080.0,337.0,0.0,798.0,692.0,Fixation,700.0,54.0,973.0,385.0,"0,5100","0,3567",,
26182,22268441,1400461539728,Eye Tracker,Participant0058,17.09.2021,Participant0058,Recording4,17.09.2021,17.09.2021,14:48:45.713,12:48:45.713,64514,Timeline2,Tobii I-VT (Fixation),1.145.28180,1080,1920,"10,00",690132313.0,,,973.0,379.0,972.0,377.0,973.0,380.0,"0,06263","0,00686","-0,99801","-0,05004","0,00753","-0,99872",,,Valid,Valid,"234,1","99,7","517,2","292,6","100,2","514,3","266,5","103,3","266,8","104,1","0,5104","0,3508","0,5100","0,3494","0,5108","0,3522",thumbnail_grossTrial,thumbnail_grossTrial.png,1245.0,1080.0,337.0,0.0,798.0,692.0,Fixation,700.0,54.0,973.0,385.0,"0,5100","0,3567",,
26183,22276774,1400461548061,Eye Tracker,Participant0058,17.09.2021,Participant0058,Recording4,17.09.2021,17.09.2021,14:48:45.713,12:48:45.713,64514,Timeline2,Tobii I-VT (Fixation),1.145.28180,1080,1920,"10,00",690140645.0,,,973.0,382.0,974.0,377.0,973.0,388.0,"0,06331","0,00652","-0,99797","-0,05042","0,01188","-0,99866","4,21","4,01",Valid,Valid,"234,1","99,7","517,2","292,6","100,1","514,3","266,9","103,1","266,7","106,2","0,5108","0,3541","0,5111","0,3488","0,5104","0,3595",thumbnail_grossTrial,thumbnail_grossTrial.png,1245.0,1080.0,337.0,0.0,798.0,692.0,Fixation,700.0,54.0,973.0,385.0,"0,5100","0,3567",,
26184,22285109,1400461556396,Eye Tracker,Participant0058,17.09.2021,Participant0058,Recording4,17.09.2021,17.09.2021,14:48:45.713,12:48:45.713,64514,Timeline2,Tobii I-VT (Fixation),1.145.28180,1080,1920,"10,00",690148979.0,,,971.0,381.0,973.0,372.0,968.0,390.0,"0,06305","0,00368","-0,99800","-0,05320","0,01276","-0,99850",,,Valid,Valid,"234,1","99,8","517,1","292,7","100,2","514,3","266,8","101,7","265,3","106,8","0,5085","0,3527","0,5108","0,3441","0,5063","0,3614",thumbnail_grossTrial,thumbnail_grossTrial.png,1245.0,1080.0,337.0,0.0,798.0,692.0,Fixation,700.0,54.0,973.0,385.0,"0,5100","0,3567",,
26185,22293441,1400461564728,Eye Tracker,Participant0058,17.09.2021,Participant0058,Recording4,17.09.2021,17.09.2021,14:48:45.713,12:48:45.713,64514,Timeline2,Tobii I-VT (Fixation),1.145.28180,1080,1920,"10,00",690157311.0,,,970.0,375.0,974.0,366.0,967.0,384.0,"0,06321","0,00085","-0,99800","-0,05381","0,00961","-0,99850",,,Valid,Valid,"234,1","99,8","517,1","292,6","100,2","514,3","266,8","100,3","264,9","105,2","0,5081","0,3475","0,5109","0,3392","0,5053","0,3559",thumbnail_grossTrial,thumbnail_grossTrial.png,1245.0,1080.0,337.0,0.0,798.0,692.0,Fixation,700.0,54.0,973.0,385.0,"0,5100","0,3567",,
26186,22301773,1400461573060,Eye Tracker,Participant0058,17.09.2021,Participant0058,Recording4,17.09.2021,17.09.2021,14:48:45.713,12:48:45.713,64514,Timeline2,Tobii I-VT (Fixation),1.145.28180,1080,1920,"10,00",690165643.0,,,973.0,375.0,974.0,367.0,973.0,383.0,"0,06318","0,00125","-0,99800","-0,05043","0,00894","-0,99869","4,20","4,32",Valid,Valid,"234,1","99,8","517,1","292,7","100,2","514,4","266,9","100,4","266,7","104,8","0,5108","0,3471","0,5110","0,3398","0,5105","0,3544",thumbnail_grossTrial,thumbnail_grossTrial.png,1245.0,1080.0,337.0,0.0,798.0,692.0,Fixation,700.0,54.0,973.0,385.0,"0,5100","0,3567",,
26187,22310106,1400461581393,Eye Tracker,Participant0058,17.09.2021,Participant0058,Recording4,17.09.2021,17.09.2021,14:48:45.713,12:48:45.713,64514,Timeline2,Tobii I-VT (Fixation),1.145.28180,1080,1920,"10,00",690173975.0,,,979.0,380.0,977.0,371.0,981.0,389.0,"0,06508","0,00340","-0,99787","-0,04605","0,01206","-0,99887",,,Valid,Valid,"234,2","99,9","516,9","292,7","100,2","514,3","267,9","101,6","269,0","106,4","0,5156","0,3519","0,5140","0,3438","0,5172","0,3600",thumbnail_grossTrial,thumbnail_grossTrial.png,1245.0,1080.0,337.0,0.0,798.0,692.0,Fixation,700.0,54.0,973.0,385.0,"0,5100","0,3567",,
26188,22318467,1400461589754,Eye Tracker,Participant0058,17.09.2021,Participant0058,Recording4,17.09.2021,17.09.2021,14:48:45.713,12:48:45.713,64514,Timeline2,Tobii I-VT (Fixation),1.145.28180,1080,1920,"10,00",690182336.0,,,978.0,387.0,979.0,374.0,978.0,399.0,"0,06598","0,00503","-0,99781","-0,04799","0,01746","-0,99870",,,Valid,Valid,"234,1","99,9","516,9","292,7","100,2","514,4","268,3","102,5","267,9","109,2","0,5147","0,3581","0,5152","0,3467","0,5142","0,3694",thumbnail_grossTrial,thumbnail_grossTrial.png,1245.0,1080.0,337.0,0.0,798.0,692.0,Fixation,700.0,54.0,973.0,385.0,"0,5100","0,3567",,
26189,22326771,1400461598058,Eye Tracker,Participant0058,17.09.2021,Participant0058,Recording4,17.09.2021,17.09.2021,14:48:45.713,12:48:45.713,64514,Timeline2,Tobii I-VT (Fixation),1.145.28180,1080,1920,"10,00",690190639.0,,,974.0,385.0,980.0,373.0,969.0,396.0,"0,06624","0,00458","-0,99779","-0,05268","0,01612","-0,99848","4,19","3,99",Valid,Valid,"234,1","99,8","516,9","292,7","100,1","514,4","268,5","102,2","265,6","108,4","0,5114","0,3563","0,5157","0,3458","0,5072","0,3668",thumbnail_grossTrial,thumbnail_grossTrial.png,1245.0,1080.0,337.0,0.0,798.0,692.0,Fixation,700.0,54.0,973.0,385.0,"0,5100","0,3567",,
26190,22335104,1400461606391,Eye Tracker,Participant0058,17.09.2021,Participant0058,Recording4,17.09.2021,17.09.2021,14:48:45.713,12:48:45.713,64514,Timeline2,Tobii I-VT (Fixation),1.145.28180,1080,1920,"10,00",690198972.0,,,972.0,381.0,977.0,374.0,967.0,389.0,"0,06488","0,00464","-0,99788","-0,05383","0,01224","-0,99847",,,Valid,Valid,"234,2","99,9","516,8","292,7","100,2","514,4","267,8","102,3","265,0","106,5","0,5095","0,3532","0,5136","0,3462","0,5054","0,3602",thumbnail_grossTrial,thumbnail_grossTrial.png,1245.0,1080.0,337.0,0.0,798.0,692.0,Fixation,700.0,54.0,973.0,385.0,"0,5100","0,3567",,
26191,22343437,1400461614724,Eye Tracker,Participant0058,17.09.2021,Participant0058,Recording4,17.09.2021,17.09.2021,14:48:45.713,12:48:45.713,64514,Timeline2,Tobii I-VT (Fixation),1.145.28180,1080,1920,"10,00",690207304.0,,,972.0,382.0,975.0,378.0,970.0,387.0,"0,06390","0,00685","-0,99793","-0,05198","0,01107","-0,99859",,,Valid,Valid,"234,1","99,9","516,7","292,6","100,1","514,4","267,2","103,5","265,8","105,9","0,5100","0,3541","0,5119","0,3501","0,5080","0,3581",thumbnail_grossTrial,thumbnail_grossTrial.png,1245.0,1080.0,337.0,0.0,798.0,692.0,Fixation,700.0,54.0,973.0,385.0,"0,5100","0,3567",,
26192,22351811,1400461623098,Eye Tracker,Participant0058,17.09.2021,Participant0058,Recording4,17.09.2021,17.09.2021,14:48:45.713,12:48:45.713,64514,Timeline2,Tobii I-VT (Fixation),1.145.28180,1080,1920,"10,00",690215678.0,,,974.0,383.0,974.0,383.0,,,"0,06353","0,00934","-0,99794",,,,"4,18",,Valid,Invalid,"234,1","99,9","516,7",,,,"267,0","104,7",,,"0,5114","0,3542","0,5114","0,3542",,,thumbnail_grossTrial,thumbnail_grossTrial.png,1245.0,1080.0,337.0,0.0,798.0,692.0,Fixation,700.0,54.0,973.0,385.0,"0,5100","0,3567",,
26193,22360103,1400461631390,Eye Tracker,Participant0058,17.09.2021,Participant0058,Recording4,17.09.2021,17.09.2021,14:48:45.713,12:48:45.713,64514,Timeline2,Tobii I-VT (Fixation),1.145.28180,1080,1920,"10,00",690223970.0,,,970.0,387.0,975.0,382.0,966.0,392.0,"0,06377","0,00866","-0,99793","-0,05439","0,01381","-0,99842",,,Valid,Valid,"234,1","99,9","516,6","292,7","100,1","514,4","267,1","104,4","264,6","107,2","0,5081","0,3580","0,5118","0,3533","0,5045","0,3627",thumbnail_grossTrial,thumbnail_grossTrial.png,1245.0,1080.0,337.0,0.0,798.0,692.0,Fixation,700.0,54.0,973.0,385.0,"0,5100","0,3567",,
26194,22368434,1400461639721,Eye Tracker,Participant0058,17.09.2021,Participant0058,Recording4,17.09.2021,17.09.2021,14:48:45.713,12:48:45.713,64514,Timeline2,Tobii I-VT (Fixation),1.145.28180,1080,1920,"10,00",690232301.0,,,969.0,385.0,974.0,380.0,963.0,389.0,"0,06378","0,00803","-0,99793","-0,05578","0,01229","-0,99837",,,Valid,Valid,"234,1","99,9","516,7","292,6","100,1","514,5","267,1","104,1","263,9","106,5","0,5069","0,3562","0,5116","0,3522","0,5022","0,3602",thumbnail_grossTrial,thumbnail_grossTrial.png,1245.0,1080.0,337.0,0.0,798.0,692.0,Fixation,700.0,54.0,973.0,385.0,"0,5100","0,3567",,
26195,22376867,1400461648154,Eye Tracker,Participant0058,17.09.2021,Participant0058,Recording4,17.09.2021,17.09.2021,14:48:45.713,12:48:45.713,64514,Timeline2,Tobii I-VT (Fixation),1.145.28180,1080,1920,"10,00",690240732.0,,,971.0,385.0,980.0,379.0,961.0,391.0,"0,06655","0,00730","-0,99776","-0,05650","0,01348","-0,99831","4,49","3,95",Valid,Valid,"234,1","99,9","516,7","292,6","100,1","514,5","268,5","103,6","263,5","107,0","0,5086","0,3564","0,5159","0,3507","0,5012","0,3621",thumbnail_grossTrial,thumbnail_grossTrial.png,1245.0,1080.0,337.0,0.0,798.0,692.0,Fixation,700.0,54.0,973.0,385.0,"0,5100","0,3567",,
26196,22385140,1400461656427,Eye Tracker,Participant0058,17.09.2021,Participant0058,Recording4,17.09.2021,17.09.2021,14:48:45.713,12:48:45.713,64514,Timeline2,Tobii I-VT (Fixation),1.145.28180,1080,1920,"10,00",690249005.0,,,972.0,387.0,981.0,384.0,964.0,389.0,"0,06685","0,01014","-0,99771","-0,05528","0,01238","-0,99839",,,Valid,Valid,"234,1","99,9","516,7","292,6","100,1","514,4","268,7","105,2","264,2","106,5","0,5098","0,3581","0,5165","0,3558","0,5031","0,3604",thumbnail_grossTrial,thumbnail_grossTrial.png,1245.0,1080.0,337.0,0.0,798.0,692.0,Fixation,700.0,54.0,973.0,385.0,"0,5100","0,3567",,
26197,22393435,1400461664722,Eye Tracker,Participant0058,17.09.2021,Participant0058,Recording4,17.09.2021,17.09.2021,14:48:45.713,12:48:45.713,64514,Timeline2,Tobii I-VT (Fixation),1.145.28180,1080,1920,"10,00",690257300.0,,,972.0,392.0,979.0,391.0,965.0,393.0,"0,06600","0,01381","-0,99772","-0,05433","0,01419","-0,99842",,,Valid,Valid,"234,1","99,9","516,8","292,6","100,2","514,4","268,2","107,0","264,6","107,5","0,5097","0,3629","0,5150","0,3622","0,5044","0,3636",thumbnail_grossTrial,thumbnail_grossTrial.png,1245.0,1080.0,337.0,0.0,798.0,692.0,Fixation,700.0,54.0,973.0,385.0,"0,5100","0,3567",,
26198,22401767,1400461673054,Eye Tracker,Participant0058,17.09.2021,Participant0058,Recording4,17.09.2021,17.09.2021,14:48:45.713,12:48:45.713,64514,Timeline2,Tobii I-VT (Fixation),1.145.28180,1080,1920,"10,00",690265632.0,,,975.0,392.0,975.0,392.0,,,"0,06388","0,01447","-0,99785",,,,"4,14",,Valid,Invalid,"234,1","99,8","516,8",,,,"267,2","107,3",,,"0,5119","0,3630","0,5119","0,3630",,,thumbnail_grossTrial,thumbnail_grossTrial.png,1245.0,1080.0,337.0,0.0,798.0,692.0,Fixation,700.0,54.0,973.0,385.0,"0,5100","0,3567",,
26199,22410138,1400461681425,Eye Tracker,Participant0058,17.09.2021,Participant0058,Recording4,17.09.2021,17.09.2021,14:48:45.713,12:48:45.713,64514,Timeline2,Tobii I-VT (Fixation),1.145.28180,1080,1920,"10,00",690274002.0,,,968.0,391.0,970.0,389.0,967.0,392.0,"0,06096","0,01289","-0,99806","-0,05362","0,01408","-0,99846",,,Valid,Valid,"234,2","99,8","516,9","292,7","100,2","514,3","265,7","106,5","265,1","107,4","0,5067","0,3619","0,5077","0,3604","0,5057","0,3634",thumbnail_grossTrial,thumbnail_grossTrial.png,1245.0,1080.0,337.0,0.0,798.0,692.0,Fixation,700.0,54.0,973.0,385.0,"0,5100","0,3567",,
26200,22418432,1400461689719,Eye Tracker,Participant0058,17.09.2021,Participant0058,Recording4,17.09.2021,17.09.2021,14:48:45.713,12:48:45.713,64514,Timeline2,Tobii I-VT (Fixation),1.145.28180,1080,1920,"10,00",690282296.0,,,968.0,388.0,971.0,383.0,966.0,392.0,"0,06159","0,00961","-0,99806","-0,05395","0,01399","-0,99845",,,Valid,Valid,"234,1","99,8","517,0","292,6","100,2","514,3","266,0","104,8","264,8","107,4","0,5068","0,3589","0,5085","0,3545","0,5051","0,3634",thumbnail_grossTrial,thumbnail_grossTrial.png,1245.0,1080.0,337.0,0.0,798.0,692.0,Fixation,700.0,54.0,973.0,385.0,"0,5100","0,3567",,
26201,22426797,1400461698084,Eye Tracker,Participant0058,17.09.2021,Participant0058,Recording4,17.09.2021,17.09.2021,14:48:45.713,12:48:45.713,64514,Timeline2,Tobii I-VT (Fixation),1.145.28180,1080,1920,"10,00",690290661.0,,,971.0,390.0,968.0,381.0,973.0,399.0,"0,06017","0,00886","-0,99815","-0,05042","0,01781","-0,99857","4,14","4,18",Valid,Valid,"234,1","99,7","517,1","292,7","100,1","514,3","265,3","104,3","266,7","109,3","0,5085","0,3613","0,5064","0,3529","0,5105","0,3696",thumbnail_grossTrial,thumbnail_grossTrial.png,1245.0,1080.0,337.0,0.0,798.0,692.0,Fixation,700.0,54.0,973.0,385.0,"0,5100","0,3567",,
26202,22435098,1400461706385,Eye Tracker,Participant0058,17.09.2021,Participant0058,Recording4,17.09.2021,17.09.2021,14:48:45.713,12:48:45.713,64514,Timeline2,Tobii I-VT (Fixation),1.145.28180,1080,1920,"10,00",690298960.0,,,966.0,381.0,969.0,374.0,962.0,388.0,"0,06074","0,00491","-0,99814","-0,05614","0,01160","-0,99836",,,Valid,Valid,"234,1","99,8","517,1","292,7","100,2","514,2","265,6","102,3","263,8","106,2","0,5046","0,3527","0,5073","0,3462","0,5019","0,3592",thumbnail_grossTrial,thumbnail_grossTrial.png,1245.0,1080.0,337.0,0.0,798.0,692.0,Fixation,700.0,54.0,973.0,385.0,"0,5100","0,3567",,
26203,22443464,1400461714751,Eye Tracker,Participant0058,17.09.2021,Participant0058,Recording4,17.09.2021,17.09.2021,14:48:45.713,12:48:45.713,64514,Timeline2,Tobii I-VT (Fixation),1.145.28180,1080,1920,"10,00",690307326.0,,,966.0,376.0,968.0,367.0,964.0,385.0,"0,06028","0,00155","-0,99818","-0,05517","0,01015","-0,99843",,,Valid,Valid,"234,1","99,7","517,2","292,6","100,2","514,2","265,3","100,5","264,2","105,5","0,5048","0,3485","0,5064","0,3402","0,5032","0,3568",thumbnail_grossTrial,thumbnail_grossTrial.png,1245.0,1080.0,337.0,0.0,798.0,692.0,Fixation,700.0,54.0,973.0,385.0,"0,5100","0,3567",,
26204,22451774,1400461723061,Eye Tracker,Participant0058,17.09.2021,Participant0058,Recording4,17.09.2021,17.09.2021,14:48:45.713,12:48:45.713,64514,Timeline2,Tobii I-VT (Fixation),1.145.28180,1080,1920,"10,00",690315636.0,,,965.0,375.0,970.0,368.0,960.0,382.0,"0,06127","0,00217","-0,99812","-0,05703","0,00877","-0,99833","4,13","3,91",Valid,Valid,"234,1","99,6","517,3","292,6","100,1","514,2","265,8","100,8","263,2","104,6","0,5042","0,3475","0,5079","0,3410","0,5004","0,3540",thumbnail_grossTrial,thumbnail_grossTrial.png,1245.0,1080.0,337.0,0.0,798.0,692.0,Fixation,700.0,54.0,973.0,385.0,"0,5100","0,3567",,
26205,22460138,1400461731425,Eye Tracker,Participant0058,17.09.2021,Participant0058,Recording4,17.09.2021,17.09.2021,14:48:45.713,12:48:45.713,64514,Timeline2,Tobii I-VT (Fixation),1.145.28180,1080,1920,"10,00",690324000.0,,,973.0,385.0,972.0,373.0,973.0,397.0,"0,06234","0,00474","-0,99804","-0,05025","0,01635","-0,99860",,,Valid,Valid,"234,1","99,7","517,2","292,6","100,2","514,1","266,4","102,2","266,7","108,7","0,5101","0,3566","0,5096","0,3456","0,5106","0,3676",thumbnail_grossTrial,thumbnail_grossTrial.png,1245.0,1080.0,337.0,0.0,798.0,692.0,Fixation,700.0,54.0,973.0,385.0,"0,5100","0,3567",,
26206,22468434,1400461739721,Eye Tracker,Participant0058,17.09.2021,Participant0058,Recording4,17.09.2021,17.09.2021,14:48:45.713,12:48:45.713,64514,Timeline2,Tobii I-VT (Fixation),1.145.28180,1080,1920,"10,00",690332295.0,,,977.0,388.0,977.0,375.0,976.0,400.0,"0,06524","0,00585","-0,99785","-0,04867","0,01787","-0,99866",,,Valid,Valid,"234,0","99,7","517,2","292,5","100,3","514,1","267,8","102,7","267,5","109,5","0,5133","0,3590","0,5138","0,3476","0,5128","0,3704",thumbnail_grossTrial,thumbnail_grossTrial.png,1245.0,1080.0,337.0,0.0,798.0,692.0,Fixation,700.0,54.0,973.0,385.0,"0,5100","0,3567",,
26207,22476766,1400461748053,Eye Tracker,Participant0058,17.09.2021,Participant0058,Recording4,17.09.2021,17.09.2021,14:48:45.713,12:48:45.713,64514,Timeline2,Tobii I-VT (Fixation),1.145.28180,1080,1920,"10,00",690340627.0,,,976.0,386.0,975.0,374.0,977.0,398.0,"0,06400","0,00530","-0,99794","-0,04812","0,01693","-0,99870","4,14","4,30",Valid,Valid,"234,0","99,7","517,3","292,6","100,2","514,1","267,2","102,4","267,8","108,9","0,5129","0,3575","0,5120","0,3465","0,5138","0,3685",thumbnail_grossTrial,thumbnail_grossTrial.png,1245.0,1080.0,337.0,0.0,798.0,692.0,Fixation,700.0,54.0,973.0,385.0,"0,5100","0,3567",,
26208,22485137,1400461756424,Eye Tracker,Participant0058,17.09.2021,Participant0058,Recording4,17.09.2021,17.09.2021,14:48:45.713,12:48:45.713,64514,Timeline2,Tobii I-VT (Fixation),1.145.28180,1080,1920,"10,00",690348997.0,,,976.0,386.0,977.0,375.0,975.0,398.0,"0,06508","0,00546","-0,99787","-0,04936","0,01677","-0,99864",,,Valid,Valid,"234,1","99,7","517,2","292,6","100,3","514,1","267,8","102,6","267,2","108,9","0,5128","0,3578","0,5137","0,3470","0,5119","0,3685",thumbnail_grossTrial,thumbnail_grossTrial.png,1245.0,1080.0,337.0,0.0,798.0,692.0,Fixation,700.0,54.0,973.0,385.0,"0,5100","0,3567",,
26209,22493467,1400461764754,Eye Tracker,Participant0058,17.09.2021,Participant0058,Recording4,17.09.2021,17.09.2021,14:48:45.713,12:48:45.713,64514,Timeline2,Tobii I-VT (Fixation),1.145.28180,1080,1920,"10,00",690357327.0,,,975.0,386.0,973.0,380.0,977.0,392.0,"0,06292","0,00811","-0,99799","-0,04792","0,01343","-0,99876",,,Valid,Valid,"234,0","99,8","517,1","292,5","100,3","514,1","266,6","104,0","267,9","107,2","0,5121","0,3572","0,5102","0,3518","0,5139","0,3627",thumbnail_grossTrial,thumbnail_grossTrial.png,1245.0,1080.0,337.0,0.0,798.0,692.0,Fixation,700.0,54.0,973.0,385.0,"0,5100","0,3567",,
26210,22501761,1400461773048,Eye Tracker,Participant0058,17.09.2021,Participant0058,Recording4,17.09.2021,17.09.2021,14:48:45.713,12:48:45.713,64514,Timeline2,Tobii I-VT (Fixation),1.145.28180,1080,1920,"10,00",690365620.0,,,975.0,383.0,974.0,380.0,976.0,387.0,"0,06362","0,00826","-0,99794","-0,04899","0,01099","-0,99874","4,13","4,27",Valid,Valid,"234,0","99,7","517,1","292,6","100,2","514,2","267,0","104,0","267,4","105,9","0,5119","0,3551","0,5114","0,3519","0,5125","0,3582",thumbnail_grossTrial,thumbnail_grossTrial.png,1245.0,1080.0,337.0,0.0,798.0,692.0,Fixation,700.0,54.0,973.0,385.0,"0,5100","0,3567",,
26211,22510095,1400461781382,Eye Tracker,Participant0058,17.09.2021,Participant0058,Recording4,17.09.2021,17.09.2021,14:48:45.713,12:48:45.713,64514,Timeline2,Tobii I-VT (Fixation),1.145.28180,1080,1920,"10,00",690373954.0,,,977.0,386.0,975.0,383.0,978.0,389.0,"0,06405","0,00959","-0,99790","-0,04769","0,01210","-0,99879",,,Valid,Valid,"234,1","99,8","517,0","292,6","100,3","514,1","267,3","104,8","268,1","106,5","0,5133","0,3574","0,5122","0,3546","0,5145","0,3603",thumbnail_grossTrial,thumbnail_grossTrial.png,1245.0,1080.0,337.0,0.0,798.0,692.0,Fixation,700.0,54.0,973.0,385.0,"0,5100","0,3567",,
26212,22518456,1400461789743,Eye Tracker,Participant0058,17.09.2021,Participant0058,Recording4,17.09.2021,17.09.2021,14:48:45.713,12:48:45.713,64514,Timeline2,Tobii I-VT (Fixation),1.145.28180,1080,1920,"10,00",690382315.0,,,966.0,393.0,978.0,376.0,953.0,409.0,"0,06573","0,00599","-0,99782","-0,06079","0,02261","-0,99789",,,Valid,Valid,"234,0","99,9","516,9","292,6","100,3","514,2","268,1","103,0","261,3","111,9","0,5046","0,3635","0,5146","0,3484","0,4946","0,3786",thumbnail_grossTrial,thumbnail_grossTrial.png,1245.0,1080.0,337.0,0.0,798.0,692.0,Fixation,700.0,54.0,973.0,385.0,"0,5100","0,3567",,
26213,22526793,1400461798080,Eye Tracker,Participant0058,17.09.2021,Participant0058,Recording4,17.09.2021,17.09.2021,14:48:45.713,12:48:45.713,64514,Timeline2,Tobii I-VT (Fixation),1.145.28180,1080,1920,"10,00",690390651.0,,,972.0,395.0,991.0,380.0,954.0,410.0,"0,07270","0,00811","-0,99732","-0,06074","0,02326","-0,99788","4,47","4,29",Valid,Valid,"234,0","99,8","516,8","292,6","100,2","514,2","271,7","104,0","261,3","112,2","0,5100","0,3656","0,5252","0,3517","0,4948","0,3796",thumbnail_grossTrial,thumbnail_grossTrial.png,1245.0,1080.0,337.0,0.0,798.0,692.0,Fixation,700.0,54.0,973.0,385.0,"0,5100","0,3567",,
26214,22535092,1400461806379,Eye Tracker,Participant0058,17.09.2021,Participant0058,Recording4,17.09.2021,17.09.2021,14:48:45.713,12:48:45.713,64514,Timeline2,Tobii I-VT (Fixation),1.145.28180,1080,1920,"10,00",690398949.0,,,971.0,395.0,993.0,382.0,949.0,409.0,"0,07333","0,00879","-0,99727","-0,06295","0,02277","-0,99776",,,Valid,Valid,"234,1","99,9","516,7","292,6","100,2","514,2","272,1","104,5","260,2","112,0","0,5090","0,3661","0,5264","0,3534","0,4915","0,3788",thumbnail_grossTrial,thumbnail_grossTrial.png,1245.0,1080.0,337.0,0.0,798.0,692.0,Fixation,700.0,54.0,973.0,385.0,"0,5100","0,3567",,
26215,22543425,1400461814712,Eye Tracker,Participant0058,17.09.2021,Participant0058,Recording4,17.09.2021,17.09.2021,14:48:45.713,12:48:45.713,64514,Timeline2,Tobii I-VT (Fixation),1.145.28180,1080,1920,"10,00",690407282.0,,,980.0,392.0,991.0,386.0,968.0,397.0,"0,07258","0,01088","-0,99730","-0,05274","0,01658","-0,99847",,,Valid,Valid,"234,1","99,9","516,7","292,6","100,2","514,3","271,7","105,6","265,4","108,8","0,5159","0,3626","0,5251","0,3572","0,5068","0,3680",thumbnail_grossTrial,thumbnail_grossTrial.png,1245.0,1080.0,337.0,0.0,798.0,692.0,Fixation,700.0,54.0,973.0,385.0,"0,5100","0,3567",,
26216,22551768,1400461823055,Eye Tracker,Participant0058,17.09.2021,Participant0058,Recording4,17.09.2021,17.09.2021,14:48:45.713,12:48:45.713,64514,Timeline2,Tobii I-VT (Fixation),1.145.28180,1080,1920,"10,00",690415625.0,,,976.0,395.0,985.0,389.0,967.0,401.0,"0,06922","0,01260","-0,99752","-0,05369","0,01877","-0,99838","4,65","3,90",Valid,Valid,"234,1","99,8","516,7","292,6","100,1","514,3","269,9","106,3","265,0","109,8","0,5127","0,3657","0,5199","0,3598","0,5055","0,3715",thumbnail_grossTrial,thumbnail_grossTrial.png,1245.0,1080.0,337.0,0.0,798.0,692.0,Fixation,700.0,54.0,973.0,385.0,"0,5100","0,3567",,
26217,22560105,1400461831392,Eye Tracker,Participant0058,17.09.2021,Participant0058,Recording4,17.09.2021,17.09.2021,14:48:45.713,12:48:45.713,64514,Timeline2,Tobii I-VT (Fixation),1.145.28180,1080,1920,"10,00",690423961.0,,,975.0,391.0,983.0,389.0,968.0,392.0,"0,06800","0,01275","-0,99760","-0,05305","0,01382","-0,99850",,,Valid,Valid,"234,1","100,0","516,6","292,7","100,2","514,3","269,3","106,6","265,3","107,3","0,5124","0,3617","0,5182","0,3605","0,5065","0,3630",thumbnail_grossTrial,thumbnail_grossTrial.png,1245.0,1080.0,337.0,0.0,798.0,692.0,Fixation,700.0,54.0,973.0,385.0,"0,5100","0,3567",,
26218,22568433,1400461839720,Eye Tracker,Participant0058,17.09.2021,Participant0058,Recording4,17.09.2021,17.09.2021,14:48:45.713,12:48:45.713,64514,Timeline2,Tobii I-VT (Fixation),1.145.28180,1080,1920,"10,00",690432289.0,,,974.0,395.0,980.0,398.0,968.0,392.0,"0,06688","0,01706","-0,99762","-0,05313","0,01390","-0,99849",,,Valid,Valid,"234,1","100,0","516,6","292,6","100,2","514,4","268,7","108,8","265,2","107,3","0,5113","0,3656","0,5163","0,3681","0,5062","0,3631",thumbnail_grossTrial,thumbnail_grossTrial.png,1245.0,1080.0,337.0,0.0,798.0,692.0,Fixation,700.0,54.0,973.0,385.0,"0,5100","0,3567",,
26219,22576786,1400461848073,Eye Tracker,Participant0058,17.09.2021,Participant0058,Recording4,17.09.2021,17.09.2021,14:48:45.713,12:48:45.713,64514,Timeline2,Tobii I-VT (Fixation),1.145.28180,1080,1920,"10,00",690440642.0,,,969.0,390.0,970.0,391.0,967.0,389.0,"0,06157","0,01367","-0,99801","-0,05345","0,01267","-0,99849","4,13","3,91",Valid,Valid,"234,1","99,9","516,6","292,6","100,1","514,5","265,9","107,0","265,1","106,6","0,5071","0,3613","0,5083","0,3619","0,5058","0,3606",thumbnail_grossTrial,thumbnail_grossTrial.png,1245.0,1080.0,337.0,0.0,798.0,692.0,Fixation,700.0,54.0,973.0,385.0,"0,5100","0,3567",,
26220,22585116,1400461856403,Eye Tracker,Participant0058,17.09.2021,Participant0058,Recording4,17.09.2021,17.09.2021,14:48:45.713,12:48:45.713,64514,Timeline2,Tobii I-VT (Fixation),1.145.28180,1080,1920,"10,00",690448972.0,,,968.0,394.0,974.0,395.0,963.0,393.0,"0,06318","0,01568","-0,99788","-0,05583","0,01420","-0,99834",,,Valid,Valid,"234,1","99,9","516,6","292,7","100,1","514,4","266,8","108,1","263,9","107,4","0,5066","0,3645","0,5109","0,3656","0,5023","0,3634",thumbnail_grossTrial,thumbnail_grossTrial.png,1245.0,1080.0,337.0,0.0,798.0,692.0,Fixation,700.0,54.0,973.0,385.0,"0,5100","0,3567",,
26221,22593468,1400461864755,Eye Tracker,Participant0058,17.09.2021,Participant0058,Recording4,17.09.2021,17.09.2021,14:48:45.713,12:48:45.713,64514,Timeline2,Tobii I-VT (Fixation),1.145.28180,1080,1920,"10,00",690457323.0,,,981.0,392.0,988.0,388.0,973.0,395.0,"0,07075","0,01221","-0,99742","-0,05041","0,01559","-0,99861",,,Valid,Valid,"234,2","99,9","516,6","292,7","100,1","514,5","270,8","106,3","266,7","108,2","0,5166","0,3627","0,5226","0,3595","0,5106","0,3660",thumbnail_grossTrial,thumbnail_grossTrial.png,1245.0,1080.0,337.0,0.0,798.0,692.0,Saccade,50.0,80.0,,,,,,
26222,22601753,1400461873040,Eye Tracker,Participant0058,17.09.2021,Participant0058,Recording4,17.09.2021,17.09.2021,14:48:45.713,12:48:45.713,64514,Timeline2,Tobii I-VT (Fixation),1.145.28180,1080,1920,"10,00",690465607.0,,,1020.0,390.0,1025.0,382.0,1014.0,398.0,"0,08956","0,00918","-0,99594","-0,02915","0,01749","-0,99942","4,18","3,92",Valid,Valid,"234,4","99,8","516,7","292,9","100,0","514,5","280,9","104,6","277,9","109,0","0,5478","0,3613","0,5521","0,3539","0,5434","0,3687",thumbnail_grossTrial,thumbnail_grossTrial.png,1245.0,1080.0,337.0,0.0,798.0,692.0,Saccade,50.0,80.0,,,,,,
26223,22610166,1400461881453,Eye Tracker,Participant0058,17.09.2021,Participant0058,Recording4,17.09.2021,17.09.2021,14:48:45.713,12:48:45.713,64514,Timeline2,Tobii I-VT (Fixation),1.145.28180,1080,1920,"10,00",690474020.0,,,1082.0,398.0,1084.0,395.0,1080.0,400.0,"0,11955","0,01607","-0,99270","0,00564","0,01821","-0,99982",,,Valid,Valid,"234,7","99,8","516,8","293,2","100,1","514,5","297,0","108,2","296,1","109,5","0,5979","0,3682","0,5992","0,3660","0,5966","0,3704",thumbnail_grossTrial,thumbnail_grossTrial.png,1245.0,1080.0,337.0,0.0,798.0,692.0,Saccade,50.0,80.0,,,,,,
26224,22618423,1400461889710,Eye Tracker,Participant0058,17.09.2021,Participant0058,Recording4,17.09.2021,17.09.2021,14:48:45.713,12:48:45.713,64514,Timeline2,Tobii I-VT (Fixation),1.145.28180,1080,1920,"10,00",690482276.0,,,1136.0,404.0,1109.0,417.0,1163.0,390.0,"0,13226","0,02757","-0,99083","0,04922","0,01275","-0,99871",,,Valid,Valid,"234,9","99,8","516,9","293,3","100,1","514,5","303,9","114,2","318,6","106,7","0,6410","0,3737","0,6194","0,3864","0,6626","0,3610",thumbnail_grossTrial,thumbnail_grossTrial.png,1245.0,1080.0,337.0,0.0,798.0,692.0,Saccade,50.0,80.0,,,,,,
26225,22626763,1400461898050,Eye Tracker,Participant0058,17.09.2021,Participant0058,Recording4,17.09.2021,17.09.2021,14:48:45.713,12:48:45.713,64514,Timeline2,Tobii I-VT (Fixation),1.145.28180,1080,1920,"10,00",690490616.0,,,1230.0,374.0,1230.0,383.0,1230.0,365.0,"0,19349","0,00975","-0,98105","0,08475","-0,00025","-0,99640","4,19","3,92",Valid,Valid,"235,1","99,7","516,8","293,5","100,0","514,5","337,0","104,8","337,2","99,9","0,7169","0,3464","0,7166","0,3547","0,7172","0,3380",thumbnail_grossTrial,thumbnail_grossTrial.png,1245.0,1080.0,337.0,0.0,798.0,692.0,Saccade,50.0,80.0,,,,,,
26226,22635095,1400461906382,Eye Tracker,Participant0058,17.09.2021,Participant0058,Recording4,17.09.2021,17.09.2021,14:48:45.713,12:48:45.713,64514,Timeline2,Tobii I-VT (Fixation),1.145.28180,1080,1920,"10,00",690498948.0,,,1271.0,354.0,1266.0,341.0,1276.0,368.0,"0,21170","-0,01247","-0,97726","0,10848","0,00081","-0,99410",,,Valid,Valid,"235,2","99,8","516,6","293,5","100,2","514,2","347,1","93,3","349,6","100,6","0,7497","0,3280","0,7460","0,3155","0,7534","0,3405",thumbnail_grossTrial,thumbnail_grossTrial.png,1245.0,1080.0,337.0,0.0,798.0,692.0,Saccade,50.0,80.0,,,,,,
26227,22643423,1400461914710,Eye Tracker,Participant0058,17.09.2021,Participant0058,Recording4,17.09.2021,17.09.2021,14:48:45.713,12:48:45.713,64514,Timeline2,Tobii I-VT (Fixation),1.145.28180,1080,1920,"10,00",690507275.0,,,1279.0,348.0,1274.0,336.0,1284.0,360.0,"0,21579","-0,01539","-0,97632","0,11340","-0,00366","-0,99354",,,Valid,Valid,"235,1","100,0","516,4","293,4","100,4","514,0","349,2","91,8","352,0","98,5","0,7564","0,3219","0,7523","0,3107","0,7605","0,3332",thumbnail_grossTrial,thumbnail_grossTrial.png,1245.0,1080.0,337.0,0.0,798.0,692.0,Unclassified,8.0,87.0,,,,,,
26228,22651801,1400461923088,Eye Tracker,Participant0058,17.09.2021,Participant0058,Recording4,17.09.2021,17.09.2021,14:48:45.713,12:48:45.713,64514,Timeline2,Tobii I-VT (Fixation),1.145.28180,1080,1920,"10,00",690515653.0,,,1270.0,352.0,1273.0,324.0,1268.0,380.0,"0,21485","-0,02132","-0,97641","0,10438","0,00709","-0,99451","4,22","3,93",Valid,Valid,"235,2","99,9","516,5","293,5","100,3","513,9","348,8","88,6","347,4","103,9","0,7490","0,3257","0,7510","0,2999","0,7470","0,3516",thumbnail_grossTrial,thumbnail_grossTrial.png,1245.0,1080.0,337.0,0.0,798.0,692.0,Saccade,17.0,81.0,,,,,,
26229,22660186,1400461931473,Eye Tracker,Participant0058,17.09.2021,Participant0058,Recording4,17.09.2021,17.09.2021,14:48:45.713,12:48:45.713,64514,Timeline2,Tobii I-VT (Fixation),1.145.28180,1080,1920,"10,00",690524038.0,,,1280.0,338.0,1276.0,324.0,1285.0,352.0,"0,21657","-0,02145","-0,97603","0,11341","-0,00771","-0,99352",,,Valid,Valid,"235,1","100,0","516,4","293,5","100,4","513,8","349,7","88,6","352,1","96,4","0,7573","0,3129","0,7538","0,2998","0,7608","0,3261",thumbnail_grossTrial,thumbnail_grossTrial.png,1245.0,1080.0,337.0,0.0,798.0,692.0,Saccade,17.0,81.0,,,,,,
26230,22668418,1400461939705,Eye Tracker,Participant0058,17.09.2021,Participant0058,Recording4,17.09.2021,17.09.2021,14:48:45.713,12:48:45.713,64514,Timeline2,Tobii I-VT (Fixation),1.145.28180,1080,1920,"10,00",690532269.0,,,,,,,,,,,,,,,,,Invalid,Invalid,,,,,,,,,,,,,,,,,thumbnail_grossTrial,thumbnail_grossTrial.png,1245.0,1080.0,337.0,0.0,798.0,692.0,EyesNotFound,8.0,64.0,,,,,,
26231,22676755,1400461948042,Eye Tracker,Participant0058,17.09.2021,Participant0058,Recording4,17.09.2021,17.09.2021,14:48:45.713,12:48:45.713,64514,Timeline2,Tobii I-VT (Fixation),1.145.28180,1080,1920,"10,00",690540606.0,,,1283.0,341.0,1280.0,333.0,1285.0,349.0,"0,21858","-0,01660","-0,97568","0,11384","-0,00937","-0,99345","4,21","3,94",Valid,Valid,"235,1","99,8","516,5","293,5","100,4","513,7","350,8","91,1","352,3","95,5","0,7592","0,3156","0,7570","0,3081","0,7614","0,3232",thumbnail_grossTrial,thumbnail_grossTrial.png,1245.0,1080.0,337.0,0.0,798.0,692.0,Unclassified,17.0,88.0,,,,,,
26232,22685084,1400461956371,Eye Tracker,Participant0058,17.09.2021,Participant0058,Recording4,17.09.2021,17.09.2021,14:48:45.713,12:48:45.713,64514,Timeline2,Tobii I-VT (Fixation),1.145.28180,1080,1920,"10,00",690548934.0,,,1286.0,347.0,1285.0,351.0,1287.0,344.0,"0,22121","-0,00728","-0,97520","0,11478","-0,01248","-0,99331",,,Valid,Valid,"235,1","100,0","516,4","293,4","100,5","513,4","352,3","96,1","352,8","94,1","0,7619","0,3217","0,7612","0,3252","0,7626","0,3183",thumbnail_grossTrial,thumbnail_grossTrial.png,1245.0,1080.0,337.0,0.0,798.0,692.0,Unclassified,17.0,88.0,,,,,,
26233,22693441,1400461964728,Eye Tracker,Participant0058,17.09.2021,Participant0058,Recording4,17.09.2021,17.09.2021,14:48:45.713,12:48:45.713,64514,Timeline2,Tobii I-VT (Fixation),1.145.28180,1080,1920,"10,00",690557291.0,,,,,,,,,,,,,,,,,Invalid,Invalid,,,,,,,,,,,,,,,,,thumbnail_grossTrial,thumbnail_grossTrial.png,1245.0,1080.0,337.0,0.0,798.0,692.0,EyesNotFound,8.0,65.0,,,,,,
26234,22701756,1400461973043,Eye Tracker,Participant0058,17.09.2021,Participant0058,Recording4,17.09.2021,17.09.2021,14:48:45.713,12:48:45.713,64514,Timeline2,Tobii I-VT (Fixation),1.145.28180,1080,1920,"10,00",690565605.0,,,1269.0,361.0,1271.0,372.0,1268.0,349.0,"0,21395","0,00359","-0,97684","0,10506","-0,00976","-0,99442","4,22","3,93",Valid,Valid,"235,1","99,8","516,5","293,4","100,6","513,2","348,2","101,7","347,6","95,6","0,7485","0,3338","0,7494","0,3442","0,7476","0,3234",thumbnail_grossTrial,thumbnail_grossTrial.png,1245.0,1080.0,337.0,0.0,798.0,692.0,Saccade,17.0,82.0,,,,,,
26235,22710090,1400461981377,Eye Tracker,Participant0058,17.09.2021,Participant0058,Recording4,17.09.2021,17.09.2021,14:48:45.713,12:48:45.713,64514,Timeline2,Tobii I-VT (Fixation),1.145.28180,1080,1920,"10,00",690573939.0,,,1273.0,367.0,1279.0,384.0,1268.0,351.0,"0,21801","0,00980","-0,97590","0,10493","-0,00914","-0,99444",,,Valid,Valid,"235,1","99,9","516,5","293,4","100,7","513,0","350,5","105,1","347,6","96,0","0,7517","0,3402","0,7560","0,3557","0,7474","0,3248",thumbnail_grossTrial,thumbnail_grossTrial.png,1245.0,1080.0,337.0,0.0,798.0,692.0,Saccade,17.0,82.0,,,,,,
26236,22718483,1400461989770,Eye Tracker,Participant0058,17.09.2021,Participant0058,Recording4,17.09.2021,17.09.2021,14:48:45.713,12:48:45.713,64514,Timeline2,Tobii I-VT (Fixation),1.145.28180,1080,1920,"10,00",690582331.0,,,1288.0,364.0,1279.0,384.0,1297.0,343.0,"0,21812","0,00967","-0,97587","0,12014","-0,01348","-0,99267",,,Valid,Valid,"235,0","100,0","516,5","293,3","100,8","512,9","350,5","105,1","355,4","93,9","0,7631","0,3367","0,7560","0,3557","0,7703","0,3176",thumbnail_grossTrial,thumbnail_grossTrial.png,1245.0,1080.0,337.0,0.0,798.0,692.0,Unclassified,17.0,89.0,,,,,,
26237,22726779,1400461998066,Eye Tracker,Participant0058,17.09.2021,Participant0058,Recording4,17.09.2021,17.09.2021,14:48:45.713,12:48:45.713,64514,Timeline2,Tobii I-VT (Fixation),1.145.28180,1080,1920,"10,00",690590627.0,,,1288.0,365.0,1278.0,384.0,1298.0,346.0,"0,21757","0,00972","-0,97600","0,12053","-0,01181","-0,99264","4,22","3,94",Valid,Valid,"235,1","99,9","516,4","293,4","100,8","512,7","350,3","105,0","355,6","94,7","0,7632","0,3379","0,7553","0,3553","0,7710","0,3206",thumbnail_grossTrial,thumbnail_grossTrial.png,1245.0,1080.0,337.0,0.0,798.0,692.0,Unclassified,17.0,89.0,,,,,,
26238,22735079,1400462006366,Eye Tracker,Participant0058,17.09.2021,Participant0058,Recording4,17.09.2021,17.09.2021,14:48:45.713,12:48:45.713,64514,Timeline2,Tobii I-VT (Fixation),1.145.28180,1080,1920,"10,00",690598927.0,,,1296.0,345.0,1296.0,340.0,1297.0,349.0,"0,22629","-0,01306","-0,97397","0,12016","-0,01059","-0,99270",,,Valid,Valid,"235,1","100,0","516,4","293,4","101,0","512,3","355,1","93,1","355,4","95,5","0,7699","0,3190","0,7695","0,3149","0,7703","0,3232",thumbnail_grossTrial,thumbnail_grossTrial.png,1245.0,1080.0,337.0,0.0,798.0,692.0,Saccade,8.0,83.0,,,,,,
26239,22743494,1400462014781,Eye Tracker,Participant0058,17.09.2021,Participant0058,Recording4,17.09.2021,17.09.2021,14:48:45.713,12:48:45.713,64514,Timeline2,Tobii I-VT (Fixation),1.145.28180,1080,1920,"10,00",690607341.0,,,1280.0,351.0,1292.0,342.0,1268.0,360.0,"0,22457","-0,01195","-0,97438","0,10558","-0,00540","-0,99440",,,Valid,Valid,"235,1","100,1","516,3","293,2","101,2","512,0","354,0","93,7","347,6","98,4","0,7570","0,3250","0,7664","0,3171","0,7475","0,3330",thumbnail_grossTrial,thumbnail_grossTrial.png,1245.0,1080.0,337.0,0.0,798.0,692.0,Unclassified,8.0,90.0,,,,,,
26240,22751753,1400462023040,Eye Tracker,Participant0058,17.09.2021,Participant0058,Recording4,17.09.2021,17.09.2021,14:48:45.713,12:48:45.713,64514,Timeline2,Tobii I-VT (Fixation),1.145.28180,1080,1920,"10,00",690615600.0,,,1293.0,346.0,1292.0,344.0,1295.0,348.0,"0,22440","-0,01121","-0,97443","0,11979","-0,01189","-0,99273","4,23","3,92",Valid,Valid,"235,1","99,9","516,2","293,3","101,3","511,6","354,0","94,0","355,0","95,1","0,7678","0,3200","0,7663","0,3181","0,7692","0,3219",thumbnail_grossTrial,thumbnail_grossTrial.png,1245.0,1080.0,337.0,0.0,798.0,692.0,Saccade,8.0,84.0,,,,,,
26241,22760079,1400462031366,Eye Tracker,Participant0058,17.09.2021,Participant0058,Recording4,17.09.2021,17.09.2021,14:48:45.713,12:48:45.713,64514,Timeline2,Tobii I-VT (Fixation),1.145.28180,1080,1920,"10,00",690623926.0,,,1279.0,359.0,1292.0,343.0,1266.0,374.0,"0,22470","-0,01156","-0,97436","0,10475","0,00183","-0,99450",,,Valid,Valid,"235,1","100,1","516,0","293,2","101,5","511,0","354,1","94,0","347,1","102,4","0,7563","0,3323","0,7666","0,3180","0,7460","0,3466",thumbnail_grossTrial,thumbnail_grossTrial.png,1245.0,1080.0,337.0,0.0,798.0,692.0,Fixation,158.0,55.0,1286.0,374.0,"0,7618","0,3459",,
26242,22768505,1400462039792,Eye Tracker,Participant0058,17.09.2021,Participant0058,Recording4,17.09.2021,17.09.2021,14:48:45.713,12:48:45.713,64514,Timeline2,Tobii I-VT (Fixation),1.145.28180,1080,1920,"10,00",690632351.0,,,1281.0,360.0,1296.0,346.0,1266.0,374.0,"0,22664","-0,01035","-0,97392","0,10501","0,00130","-0,99447",,,Valid,Valid,"235,0","100,2","515,9","293,1","101,7","510,6","355,1","94,7","347,0","102,4","0,7577","0,3335","0,7695","0,3204","0,7458","0,3465",thumbnail_grossTrial,thumbnail_grossTrial.png,1245.0,1080.0,337.0,0.0,798.0,692.0,Fixation,158.0,55.0,1286.0,374.0,"0,7618","0,3459",,
26243,22776848,1400462048135,Eye Tracker,Participant0058,17.09.2021,Participant0058,Recording4,17.09.2021,17.09.2021,14:48:45.713,12:48:45.713,64514,Timeline2,Tobii I-VT (Fixation),1.145.28180,1080,1920,"10,00",690640693.0,,,1269.0,376.0,,,1269.0,376.0,,,,"0,10650","0,00212","-0,99431",,"3,90",Invalid,Valid,,,,"293,1","101,8","510,1",,,"347,7","102,9","0,7480","0,3482",,,"0,7480","0,3482",thumbnail_grossTrial,thumbnail_grossTrial.png,1245.0,1080.0,337.0,0.0,798.0,692.0,Fixation,158.0,55.0,1286.0,374.0,"0,7618","0,3459",,
26244,22785077,1400462056364,Eye Tracker,Participant0058,17.09.2021,Participant0058,Recording4,17.09.2021,17.09.2021,14:48:45.713,12:48:45.713,64514,Timeline2,Tobii I-VT (Fixation),1.145.28180,1080,1920,"10,00",690648922.0,,,1271.0,388.0,1268.0,386.0,1274.0,389.0,"0,21278","0,01010","-0,97705","0,10952","0,00868","-0,99395",,,Valid,Valid,"235,1","100,3","515,6","293,1","102,1","509,5","347,4","105,6","349,2","106,5","0,7497","0,3588","0,7470","0,3572","0,7523","0,3604",thumbnail_grossTrial,thumbnail_grossTrial.png,1245.0,1080.0,337.0,0.0,798.0,692.0,Fixation,158.0,55.0,1286.0,374.0,"0,7618","0,3459",,
26245,22793442,1400462064729,Eye Tracker,Participant0058,17.09.2021,Participant0058,Recording4,17.09.2021,17.09.2021,14:48:45.713,12:48:45.713,64514,Timeline2,Tobii I-VT (Fixation),1.145.28180,1080,1920,"10,00",690657287.0,,,1271.0,388.0,1267.0,385.0,1274.0,390.0,"0,21276","0,00966","-0,97706","0,10981","0,00865","-0,99392",,,Valid,Valid,"235,0","100,3","515,5","293,0","102,3","509,1","347,3","105,4","349,2","106,8","0,7495","0,3590","0,7467","0,3568","0,7523","0,3612",thumbnail_grossTrial,thumbnail_grossTrial.png,1245.0,1080.0,337.0,0.0,798.0,692.0,Fixation,158.0,55.0,1286.0,374.0,"0,7618","0,3459",,
26246,22801754,1400462073041,Eye Tracker,Participant0058,17.09.2021,Participant0058,Recording4,17.09.2021,17.09.2021,14:48:45.713,12:48:45.713,64514,Timeline2,Tobii I-VT (Fixation),1.145.28180,1080,1920,"10,00",690665598.0,,,1317.0,367.0,,,1317.0,367.0,,,,"0,13238","-0,00390","-0,99119",,"4,35",Invalid,Valid,,,,"293,0","102,4","508,7",,,"360,9","100,4","0,7866","0,3397",,,"0,7866","0,3397",thumbnail_grossTrial,thumbnail_grossTrial.png,1245.0,1080.0,337.0,0.0,798.0,692.0,Fixation,158.0,55.0,1286.0,374.0,"0,7618","0,3459",,
26247,22810077,1400462081364,Eye Tracker,Participant0058,17.09.2021,Participant0058,Recording4,17.09.2021,17.09.2021,14:48:45.713,12:48:45.713,64514,Timeline2,Tobii I-VT (Fixation),1.145.28180,1080,1920,"10,00",690673921.0,,,1291.0,377.0,1265.0,390.0,1318.0,365.0,"0,21156","0,01208","-0,97729","0,13294","-0,00561","-0,99111",,,Valid,Valid,"235,1","100,4","515,2","293,0","102,6","508,2","346,7","106,8","361,1","99,8","0,7660","0,3494","0,7448","0,3614","0,7872","0,3375",thumbnail_grossTrial,thumbnail_grossTrial.png,1245.0,1080.0,337.0,0.0,798.0,692.0,Fixation,158.0,55.0,1286.0,374.0,"0,7618","0,3459",,
26248,22818437,1400462089724,Eye Tracker,Participant0058,17.09.2021,Participant0058,Recording4,17.09.2021,17.09.2021,14:48:45.713,12:48:45.713,64514,Timeline2,Tobii I-VT (Fixation),1.145.28180,1080,1920,"10,00",690682281.0,,,1286.0,378.0,1265.0,390.0,1308.0,365.0,"0,21171","0,01190","-0,97726","0,12818","-0,00568","-0,99174",,,Valid,Valid,"235,1","100,5","515,1","292,9","102,9","507,8","346,7","106,8","358,5","99,9","0,7622","0,3498","0,7448","0,3614","0,7795","0,3382",thumbnail_grossTrial,thumbnail_grossTrial.png,1245.0,1080.0,337.0,0.0,798.0,692.0,Fixation,158.0,55.0,1286.0,374.0,"0,7618","0,3459",,
26249,22826740,1400462098027,Eye Tracker,Participant0058,17.09.2021,Participant0058,Recording4,17.09.2021,17.09.2021,14:48:45.713,12:48:45.713,64514,Timeline2,Tobii I-VT (Fixation),1.145.28180,1080,1920,"10,00",690690583.0,,,1270.0,393.0,1268.0,391.0,1271.0,396.0,"0,21323","0,01255","-0,97692","0,10875","0,01051","-0,99401","4,20","3,93",Valid,Valid,"235,2","100,4","514,9","292,9","102,9","507,5","347,6","107,1","348,5","108,2","0,7488","0,3642","0,7475","0,3622","0,7501","0,3662",thumbnail_grossTrial,thumbnail_grossTrial.png,1245.0,1080.0,337.0,0.0,798.0,692.0,Fixation,158.0,55.0,1286.0,374.0,"0,7618","0,3459",,
26250,22835111,1400462106398,Eye Tracker,Participant0058,17.09.2021,Participant0058,Recording4,17.09.2021,17.09.2021,14:48:45.713,12:48:45.713,64514,Timeline2,Tobii I-VT (Fixation),1.145.28180,1080,1920,"10,00",690698953.0,,,1295.0,374.0,1292.0,362.0,1299.0,386.0,"0,22514","-0,00288","-0,97432","0,12324","0,00493","-0,99236",,,Valid,Valid,"235,2","100,6","514,8","292,9","103,1","507,1","354,1","99,1","355,9","105,6","0,7692","0,3462","0,7666","0,3353","0,7718","0,3572",thumbnail_grossTrial,thumbnail_grossTrial.png,1245.0,1080.0,337.0,0.0,798.0,692.0,Fixation,158.0,55.0,1286.0,374.0,"0,7618","0,3459",,
26251,22843438,1400462114725,Eye Tracker,Participant0058,17.09.2021,Participant0058,Recording4,17.09.2021,17.09.2021,14:48:45.713,12:48:45.713,64514,Timeline2,Tobii I-VT (Fixation),1.145.28180,1080,1920,"10,00",690707280.0,,,1295.0,371.0,1294.0,360.0,1297.0,383.0,"0,22607","-0,00439","-0,97410","0,12268","0,00310","-0,99244",,,Valid,Valid,"235,1","100,7","514,7","292,8","103,2","507,0","354,6","98,4","355,5","104,8","0,7693","0,3437","0,7679","0,3329","0,7707","0,3546",thumbnail_grossTrial,thumbnail_grossTrial.png,1245.0,1080.0,337.0,0.0,798.0,692.0,Fixation,158.0,55.0,1286.0,374.0,"0,7618","0,3459",,
26252,22851750,1400462123037,Eye Tracker,Participant0058,17.09.2021,Participant0058,Recording4,17.09.2021,17.09.2021,14:48:45.713,12:48:45.713,64514,Timeline2,Tobii I-VT (Fixation),1.145.28180,1080,1920,"10,00",690715592.0,,,1298.0,383.0,,,1298.0,383.0,,,,"0,12324","0,00330","-0,99237",,"3,91",Invalid,Valid,,,,"292,9","103,2","506,8",,,"355,8","104,9","0,7716","0,3548",,,"0,7716","0,3548",thumbnail_grossTrial,thumbnail_grossTrial.png,1245.0,1080.0,337.0,0.0,798.0,692.0,Fixation,158.0,55.0,1286.0,374.0,"0,7618","0,3459",,
26253,22860088,1400462131375,Eye Tracker,Participant0058,17.09.2021,Participant0058,Recording4,17.09.2021,17.09.2021,14:48:45.713,12:48:45.713,64514,Timeline2,Tobii I-VT (Fixation),1.145.28180,1080,1920,"10,00",690723930.0,,,1279.0,374.0,1289.0,349.0,1268.0,399.0,"0,22368","-0,01002","-0,97461","0,10751","0,01173","-0,99414",,,Valid,Valid,"235,2","100,7","514,5","292,8","103,3","506,6","353,2","95,5","347,6","109,3","0,7558","0,3463","0,7640","0,3230","0,7476","0,3697",thumbnail_grossTrial,thumbnail_grossTrial.png,1245.0,1080.0,337.0,0.0,798.0,692.0,Fixation,158.0,55.0,1286.0,374.0,"0,7618","0,3459",,
26254,22868485,1400462139772,Eye Tracker,Participant0058,17.09.2021,Participant0058,Recording4,17.09.2021,17.09.2021,14:48:45.713,12:48:45.713,64514,Timeline2,Tobii I-VT (Fixation),1.145.28180,1080,1920,"10,00",690732326.0,,,1279.0,375.0,1290.0,351.0,1268.0,399.0,"0,22427","-0,00908","-0,97449","0,10754","0,01154","-0,99413",,,Valid,Valid,"235,1","100,8","514,4","292,8","103,4","506,6","353,5","96,0","347,6","109,3","0,7561","0,3473","0,7648","0,3249","0,7474","0,3697",thumbnail_grossTrial,thumbnail_grossTrial.png,1245.0,1080.0,337.0,0.0,798.0,692.0,Fixation,158.0,55.0,1286.0,374.0,"0,7618","0,3459",,
26255,22876773,1400462148060,Eye Tracker,Participant0058,17.09.2021,Participant0058,Recording4,17.09.2021,17.09.2021,14:48:45.713,12:48:45.713,64514,Timeline2,Tobii I-VT (Fixation),1.145.28180,1080,1920,"10,00",690740613.0,,,1284.0,373.0,1291.0,352.0,1276.0,394.0,"0,22480","-0,00805","-0,97437","0,11183","0,00891","-0,99369","4,20","3,93",Valid,Valid,"235,2","100,7","514,4","292,8","103,3","506,5","353,8","96,5","349,8","107,9","0,7599","0,3457","0,7658","0,3263","0,7540","0,3650",thumbnail_grossTrial,thumbnail_grossTrial.png,1245.0,1080.0,337.0,0.0,798.0,692.0,Fixation,158.0,55.0,1286.0,374.0,"0,7618","0,3459",,
26256,22885101,1400462156388,Eye Tracker,Participant0058,17.09.2021,Participant0058,Recording4,17.09.2021,17.09.2021,14:48:45.713,12:48:45.713,64514,Timeline2,Tobii I-VT (Fixation),1.145.28180,1080,1920,"10,00",690748941.0,,,1297.0,368.0,1294.0,364.0,1300.0,372.0,"0,22623","-0,00249","-0,97407","0,12458","-0,00304","-0,99221",,,Valid,Valid,"235,2","100,8","514,3","292,8","103,4","506,4","354,6","99,5","356,4","101,8","0,7706","0,3406","0,7680","0,3367","0,7732","0,3446",thumbnail_grossTrial,thumbnail_grossTrial.png,1245.0,1080.0,337.0,0.0,798.0,692.0,Fixation,158.0,55.0,1286.0,374.0,"0,7618","0,3459",,
26257,22893423,1400462164710,Eye Tracker,Participant0058,17.09.2021,Participant0058,Recording4,17.09.2021,17.09.2021,14:48:45.713,12:48:45.713,64514,Timeline2,Tobii I-VT (Fixation),1.145.28180,1080,1920,"10,00",690757263.0,,,1293.0,366.0,1291.0,365.0,1295.0,368.0,"0,22499","-0,00169","-0,97436","0,12176","-0,00566","-0,99254",,,Valid,Valid,"235,1","100,9","514,3","292,7","103,5","506,4","353,8","100,0","354,9","100,6","0,7673","0,3393","0,7658","0,3383","0,7688","0,3403",thumbnail_grossTrial,thumbnail_grossTrial.png,1245.0,1080.0,337.0,0.0,798.0,692.0,Fixation,158.0,55.0,1286.0,374.0,"0,7618","0,3459",,
26258,22901776,1400462173063,Eye Tracker,Participant0058,17.09.2021,Participant0058,Recording4,17.09.2021,17.09.2021,14:48:45.713,12:48:45.713,64514,Timeline2,Tobii I-VT (Fixation),1.145.28180,1080,1920,"10,00",690765615.0,,,1297.0,358.0,1291.0,366.0,1304.0,349.0,"0,22467","-0,00130","-0,97443","0,12663","-0,01522","-0,99183","4,19","4,32",Valid,Valid,"235,2","100,8","514,2","292,8","103,4","506,4","353,7","100,1","357,4","95,6","0,7709","0,3311","0,7655","0,3386","0,7763","0,3236",thumbnail_grossTrial,thumbnail_grossTrial.png,1245.0,1080.0,337.0,0.0,798.0,692.0,Fixation,158.0,55.0,1286.0,374.0,"0,7618","0,3459",,
26259,22910171,1400462181458,Eye Tracker,Participant0058,17.09.2021,Participant0058,Recording4,17.09.2021,17.09.2021,14:48:45.713,12:48:45.713,64514,Timeline2,Tobii I-VT (Fixation),1.145.28180,1080,1920,"10,00",690774010.0,,,1289.0,372.0,1272.0,396.0,1306.0,348.0,"0,21572","0,01422","-0,97635","0,12739","-0,01581","-0,99173",,,Valid,Valid,"235,1","100,9","514,2","292,8","103,4","506,3","348,7","108,4","357,8","95,4","0,7642","0,3447","0,7509","0,3667","0,7774","0,3227",thumbnail_grossTrial,thumbnail_grossTrial.png,1245.0,1080.0,337.0,0.0,798.0,692.0,Fixation,158.0,55.0,1286.0,374.0,"0,7618","0,3459",,
26260,22918493,1400462189780,Eye Tracker,Participant0058,17.09.2021,Participant0058,Recording4,17.09.2021,17.09.2021,14:48:45.713,12:48:45.713,64514,Timeline2,Tobii I-VT (Fixation),1.145.28180,1080,1920,"10,00",690782332.0,,,1296.0,373.0,1272.0,396.0,1320.0,349.0,"0,21586","0,01411","-0,97632","0,13493","-0,01554","-0,99073",,,Valid,Valid,"235,1","100,9","514,2","292,7","103,5","506,3","348,7","108,4","361,7","95,6","0,7699","0,3450","0,7509","0,3667","0,7888","0,3233",thumbnail_grossTrial,thumbnail_grossTrial.png,1245.0,1080.0,337.0,0.0,798.0,692.0,Saccade,17.0,85.0,,,,,,
26261,22926770,1400462198057,Eye Tracker,Participant0058,17.09.2021,Participant0058,Recording4,17.09.2021,17.09.2021,14:48:45.713,12:48:45.713,64514,Timeline2,Tobii I-VT (Fixation),1.145.28180,1080,1920,"10,00",690790607.0,,,1321.0,351.0,1333.0,331.0,1310.0,372.0,"0,24528","-0,01956","-0,96926","0,12966","-0,00305","-0,99155","4,74","4,01",Valid,Valid,"235,1","100,9","514,1","292,8","103,4","506,3","365,3","90,5","359,0","101,9","0,7901","0,3254","0,7992","0,3062","0,7809","0,3447",thumbnail_grossTrial,thumbnail_grossTrial.png,1245.0,1080.0,337.0,0.0,798.0,692.0,Saccade,17.0,85.0,,,,,,
26262,22935096,1400462206383,Eye Tracker,Participant0058,17.09.2021,Participant0058,Recording4,17.09.2021,17.09.2021,14:48:45.713,12:48:45.713,64514,Timeline2,Tobii I-VT (Fixation),1.145.28180,1080,1920,"10,00",690798933.0,,,1321.0,351.0,1333.0,331.0,1309.0,372.0,"0,24530","-0,01970","-0,96925","0,12914","-0,00307","-0,99162",,,Valid,Valid,"235,2","100,9","514,0","292,8","103,4","506,3","365,3","90,5","358,7","101,9","0,7897","0,3254","0,7992","0,3062","0,7801","0,3447",thumbnail_grossTrial,thumbnail_grossTrial.png,1245.0,1080.0,337.0,0.0,798.0,692.0,Unclassified,8.0,91.0,,,,,,
26263,22943399,1400462214686,Eye Tracker,Participant0058,17.09.2021,Participant0058,Recording4,17.09.2021,17.09.2021,14:48:45.713,12:48:45.713,64514,Timeline2,Tobii I-VT (Fixation),1.145.28180,1080,1920,"10,00",690807236.0,,,1309.0,352.0,1324.0,333.0,1293.0,371.0,"0,24147","-0,01845","-0,97023","0,12080","-0,00375","-0,99267",,,Valid,Valid,"235,1","101,0","514,0","292,7","103,5","506,3","363,0","91,2","354,3","101,6","0,7800","0,3261","0,7927","0,3086","0,7673","0,3436",thumbnail_grossTrial,thumbnail_grossTrial.png,1245.0,1080.0,337.0,0.0,798.0,692.0,Saccade,42.0,86.0,,,,,,
26264,22951733,1400462223020,Eye Tracker,Participant0058,17.09.2021,Participant0058,Recording4,17.09.2021,17.09.2021,14:48:45.713,12:48:45.713,64514,Timeline2,Tobii I-VT (Fixation),1.145.28180,1080,1920,"10,00",690815570.0,,,1287.0,359.0,1283.0,361.0,1290.0,357.0,"0,22103","-0,00395","-0,97526","0,11937","-0,01125","-0,99279","4,20","4,38",Valid,Valid,"235,1","100,8","513,9","292,8","103,3","506,3","351,6","98,7","353,6","97,6","0,7623","0,3321","0,7593","0,3341","0,7652","0,3301",thumbnail_grossTrial,thumbnail_grossTrial.png,1245.0,1080.0,337.0,0.0,798.0,692.0,Saccade,42.0,86.0,,,,,,
26265,22960067,1400462231354,Eye Tracker,Participant0058,17.09.2021,Participant0058,Recording4,17.09.2021,17.09.2021,14:48:45.713,12:48:45.713,64514,Timeline2,Tobii I-VT (Fixation),1.145.28180,1080,1920,"10,00",690823903.0,,,1275.0,335.0,1268.0,328.0,1283.0,343.0,"0,21356","-0,02135","-0,97670","0,11556","-0,01855","-0,99313",,,Valid,Valid,"235,1","100,9","513,8","292,7","103,3","506,3","347,4","89,7","351,6","93,9","0,7531","0,3105","0,7470","0,3035","0,7592","0,3176",thumbnail_grossTrial,thumbnail_grossTrial.png,1245.0,1080.0,337.0,0.0,798.0,692.0,Saccade,42.0,86.0,,,,,,
26266,22968451,1400462239738,Eye Tracker,Participant0058,17.09.2021,Participant0058,Recording4,17.09.2021,17.09.2021,14:48:45.713,12:48:45.713,64514,Timeline2,Tobii I-VT (Fixation),1.145.28180,1080,1920,"10,00",690832287.0,,,1262.0,299.0,1247.0,289.0,1278.0,309.0,"0,20351","-0,04158","-0,97819","0,11287","-0,03694","-0,99292",,,Valid,Valid,"235,0","101,0","513,7","292,6","103,3","506,4","341,9","79,1","350,1","84,5","0,7429","0,2768","0,7308","0,2678","0,7549","0,2858",thumbnail_grossTrial,thumbnail_grossTrial.png,1245.0,1080.0,337.0,0.0,798.0,692.0,Saccade,42.0,86.0,,,,,,
26267,22976730,1400462248017,Eye Tracker,Participant0058,17.09.2021,Participant0058,Recording4,17.09.2021,17.09.2021,14:48:45.713,12:48:45.713,64514,Timeline2,Tobii I-VT (Fixation),1.145.28180,1080,1920,"10,00",690840566.0,,,1249.0,278.0,1239.0,264.0,1258.0,293.0,"0,19920","-0,05492","-0,97842","0,10247","-0,04484","-0,99373","4,20","3,99",Valid,Valid,"235,1","101,0","513,1","292,7","103,1","506,5","339,6","72,2","344,9","80,2","0,7318","0,2578","0,7240","0,2443","0,7396","0,2714",thumbnail_grossTrial,thumbnail_grossTrial.png,1245.0,1080.0,337.0,0.0,798.0,692.0,Saccade,42.0,86.0,,,,,,
26268,22985150,1400462256437,Eye Tracker,Participant0058,17.09.2021,Participant0058,Recording4,17.09.2021,17.09.2021,14:48:45.713,12:48:45.713,64514,Timeline2,Tobii I-VT (Fixation),1.145.28180,1080,1920,"10,00",690848985.0,,,1247.0,267.0,1243.0,260.0,1251.0,274.0,"0,20147","-0,05713","-0,97783","0,09862","-0,05541","-0,99358",,,Valid,Valid,"235,1","101,2","512,9","292,6","103,1","506,6","340,8","71,2","342,9","74,9","0,7306","0,2472","0,7275","0,2410","0,7338","0,2533",thumbnail_grossTrial,thumbnail_grossTrial.png,1245.0,1080.0,337.0,0.0,798.0,692.0,Fixation,75.0,56.0,1251.0,273.0,"0,7337","0,2527",,
26269,22993407,1400462264694,Eye Tracker,Participant0058,17.09.2021,Participant0058,Recording4,17.09.2021,17.09.2021,14:48:45.713,12:48:45.713,64514,Timeline2,Tobii I-VT (Fixation),1.145.28180,1080,1920,"10,00",690857241.0,,,1246.0,270.0,1251.0,264.0,1242.0,276.0,"0,20534","-0,05550","-0,97712","0,09387","-0,05444","-0,99409",,,Valid,Valid,"235,0","101,3","512,9","292,6","103,2","506,6","342,8","72,1","340,4","75,4","0,7300","0,2496","0,7335","0,2440","0,7265","0,2552",thumbnail_grossTrial,thumbnail_grossTrial.png,1245.0,1080.0,337.0,0.0,798.0,692.0,Fixation,75.0,56.0,1251.0,273.0,"0,7337","0,2527",,
26270,23001739,1400462273026,Eye Tracker,Participant0058,17.09.2021,Participant0058,Recording4,17.09.2021,17.09.2021,14:48:45.713,12:48:45.713,64514,Timeline2,Tobii I-VT (Fixation),1.145.28180,1080,1920,"10,00",690865573.0,,,1248.0,272.0,1254.0,266.0,1242.0,278.0,"0,20669","-0,05407","-0,97691","0,09390","-0,05307","-0,99417","4,19","3,99",Valid,Valid,"235,1","101,1","512,8","292,7","103,0","506,6","343,6","72,7","340,5","76,0","0,7313","0,2515","0,7358","0,2461","0,7268","0,2570",thumbnail_grossTrial,thumbnail_grossTrial.png,1245.0,1080.0,337.0,0.0,798.0,692.0,Fixation,75.0,56.0,1251.0,273.0,"0,7337","0,2527",,
26271,23010086,1400462281373,Eye Tracker,Participant0058,17.09.2021,Participant0058,Recording4,17.09.2021,17.09.2021,14:48:45.713,12:48:45.713,64514,Timeline2,Tobii I-VT (Fixation),1.145.28180,1080,1920,"10,00",690873920.0,,,1251.0,279.0,1255.0,269.0,1248.0,290.0,"0,20744","-0,05247","-0,97684","0,09686","-0,04682","-0,99420",,,Valid,Valid,"235,1","101,2","512,8","292,6","103,1","506,6","344,0","73,7","342,0","79,3","0,7340","0,2587","0,7369","0,2493","0,7311","0,2682",thumbnail_grossTrial,thumbnail_grossTrial.png,1245.0,1080.0,337.0,0.0,798.0,692.0,Fixation,75.0,56.0,1251.0,273.0,"0,7337","0,2527",,
26272,23018401,1400462289688,Eye Tracker,Participant0058,17.09.2021,Participant0058,Recording4,17.09.2021,17.09.2021,14:48:45.713,12:48:45.713,64514,Timeline2,Tobii I-VT (Fixation),1.145.28180,1080,1920,"10,00",690882234.0,,,1252.0,278.0,1249.0,264.0,1255.0,293.0,"0,20433","-0,05540","-0,97733","0,10099","-0,04532","-0,99385",,,Valid,Valid,"235,0","101,3","512,8","292,6","103,2","506,6","342,2","72,2","344,0","80,1","0,7345","0,2577","0,7318","0,2443","0,7371","0,2710",thumbnail_grossTrial,thumbnail_grossTrial.png,1245.0,1080.0,337.0,0.0,798.0,692.0,Fixation,75.0,56.0,1251.0,273.0,"0,7337","0,2527",,
26273,23026767,1400462298054,Eye Tracker,Participant0058,17.09.2021,Participant0058,Recording4,17.09.2021,17.09.2021,14:48:45.713,12:48:45.713,64514,Timeline2,Tobii I-VT (Fixation),1.145.28180,1080,1920,"10,00",690890600.0,,,1265.0,287.0,,,1265.0,287.0,,,,"0,10598","-0,04788","-0,99321",,"4,18",Invalid,Valid,,,,"292,7","103,1","506,5",,,"346,7","78,7","0,7449","0,2662",,,"0,7449","0,2662",thumbnail_grossTrial,thumbnail_grossTrial.png,1245.0,1080.0,337.0,0.0,798.0,692.0,Fixation,75.0,56.0,1251.0,273.0,"0,7337","0,2527",,
26274,23035062,1400462306349,Eye Tracker,Participant0058,17.09.2021,Participant0058,Recording4,17.09.2021,17.09.2021,14:48:45.713,12:48:45.713,64514,Timeline2,Tobii I-VT (Fixation),1.145.28180,1080,1920,"10,00",690898894.0,,,1255.0,269.0,1248.0,265.0,1263.0,273.0,"0,20379","-0,05483","-0,97748","0,10475","-0,05591","-0,99293",,,Valid,Valid,"235,1","101,2","512,8","292,6","103,2","506,3","342,0","72,5","346,0","74,7","0,7370","0,2490","0,7311","0,2453","0,7429","0,2528",thumbnail_grossTrial,thumbnail_grossTrial.png,1245.0,1080.0,337.0,0.0,798.0,692.0,Fixation,75.0,56.0,1251.0,273.0,"0,7337","0,2527",,
26275,23043422,1400462314709,Eye Tracker,Participant0058,17.09.2021,Participant0058,Recording4,17.09.2021,17.09.2021,14:48:45.713,12:48:45.713,64514,Timeline2,Tobii I-VT (Fixation),1.145.28180,1080,1920,"10,00",690907254.0,,,1252.0,270.0,1242.0,268.0,1262.0,272.0,"0,20084","-0,05350","-0,97816","0,10454","-0,05663","-0,99291",,,Valid,Valid,"235,0","101,3","512,9","292,5","103,3","506,3","340,3","73,2","345,9","74,4","0,7343","0,2498","0,7262","0,2478","0,7424","0,2519",thumbnail_grossTrial,thumbnail_grossTrial.png,1245.0,1080.0,337.0,0.0,798.0,692.0,Fixation,75.0,56.0,1251.0,273.0,"0,7337","0,2527",,
26276,23051726,1400462323013,Eye Tracker,Participant0058,17.09.2021,Participant0058,Recording4,17.09.2021,17.09.2021,14:48:45.713,12:48:45.713,64514,Timeline2,Tobii I-VT (Fixation),1.145.28180,1080,1920,"10,00",690915557.0,,,1251.0,282.0,,,1251.0,282.0,,,,"0,09876","-0,05137","-0,99378",,"4,02",Invalid,Valid,,,,"292,6","103,2","506,2",,,"342,9","77,0","0,7339","0,2607",,,"0,7339","0,2607",thumbnail_grossTrial,thumbnail_grossTrial.png,1245.0,1080.0,337.0,0.0,798.0,692.0,Fixation,75.0,56.0,1251.0,273.0,"0,7337","0,2527",,
26277,23060090,1400462331377,Eye Tracker,Participant0058,17.09.2021,Participant0058,Recording4,17.09.2021,17.09.2021,14:48:45.713,12:48:45.713,64514,Timeline2,Tobii I-VT (Fixation),1.145.28180,1080,1920,"10,00",690923921.0,,,1255.0,258.0,1258.0,236.0,1252.0,280.0,"0,20877","-0,06962","-0,97548","0,09905","-0,05233","-0,99371",,,Valid,Valid,"235,1","101,2","512,9","292,6","103,3","506,0","344,8","64,6","343,0","76,7","0,7368","0,2391","0,7394","0,2187","0,7341","0,2595",thumbnail_grossTrial,thumbnail_grossTrial.png,1245.0,1080.0,337.0,0.0,798.0,692.0,Saccade,8.0,87.0,,,,,,
26278,23068420,1400462339707,Eye Tracker,Participant0058,17.09.2021,Participant0058,Recording4,17.09.2021,17.09.2021,14:48:45.713,12:48:45.713,64514,Timeline2,Tobii I-VT (Fixation),1.145.28180,1080,1920,"10,00",690932251.0,,,1253.0,249.0,1262.0,223.0,1245.0,275.0,"0,21067","-0,07656","-0,97455","0,09555","-0,05523","-0,99389",,,Valid,Valid,"235,0","101,3","512,9","292,5","103,4","506,0","345,9","61,0","341,2","75,3","0,7356","0,2306","0,7425","0,2063","0,7287","0,2549",thumbnail_grossTrial,thumbnail_grossTrial.png,1245.0,1080.0,337.0,0.0,798.0,692.0,Unclassified,25.0,92.0,,,,,,
26279,23076725,1400462348012,Eye Tracker,Participant0058,17.09.2021,Participant0058,Recording4,17.09.2021,17.09.2021,14:48:45.713,12:48:45.713,64514,Timeline2,Tobii I-VT (Fixation),1.145.28180,1080,1920,"10,00",690940556.0,,,1244.0,270.0,,,1244.0,270.0,,,,"0,09486","-0,05765","-0,99382",,"4,00",Invalid,Valid,,,,"292,6","103,3","505,9",,,"340,9","74,0","0,7279","0,2503",,,"0,7279","0,2503",thumbnail_grossTrial,thumbnail_grossTrial.png,1245.0,1080.0,337.0,0.0,798.0,692.0,Unclassified,25.0,92.0,,,,,,
26280,23085127,1400462356414,Eye Tracker,Participant0058,17.09.2021,Participant0058,Recording4,17.09.2021,17.09.2021,14:48:45.713,12:48:45.713,64514,Timeline2,Tobii I-VT (Fixation),1.145.28180,1080,1920,"10,00",690948957.0,,,1251.0,247.0,1258.0,221.0,1245.0,274.0,"0,20854","-0,07756","-0,97493","0,09542","-0,05617","-0,99385",,,Valid,Valid,"235,1","101,2","512,9","292,6","103,5","505,7","344,8","60,4","341,1","74,9","0,7339","0,2289","0,7393","0,2044","0,7286","0,2534",thumbnail_grossTrial,thumbnail_grossTrial.png,1245.0,1080.0,337.0,0.0,798.0,692.0,Unclassified,25.0,92.0,,,,,,
26281,23093432,1400462364719,Eye Tracker,Participant0058,17.09.2021,Participant0058,Recording4,17.09.2021,17.09.2021,14:48:45.713,12:48:45.713,64514,Timeline2,Tobii I-VT (Fixation),1.145.28180,1080,1920,"10,00",690957261.0,,,1259.0,251.0,1271.0,227.0,1247.0,275.0,"0,21520","-0,07430","-0,97374","0,09668","-0,05552","-0,99377",,,Valid,Valid,"235,0","101,2","513,0","292,5","103,6","505,7","348,4","62,1","341,7","75,3","0,7400","0,2325","0,7497","0,2101","0,7303","0,2549",thumbnail_grossTrial,thumbnail_grossTrial.png,1245.0,1080.0,337.0,0.0,798.0,692.0,Saccade,17.0,88.0,,,,,,
26282,23101734,1400462373021,Eye Tracker,Participant0058,17.09.2021,Participant0058,Recording4,17.09.2021,17.09.2021,14:48:45.713,12:48:45.713,64514,Timeline2,Tobii I-VT (Fixation),1.145.28180,1080,1920,"10,00",690965563.0,,,1250.0,268.0,1252.0,260.0,1248.0,277.0,"0,20578","-0,05689","-0,97694","0,09723","-0,05449","-0,99377","4,18","3,96",Valid,Valid,"235,1","101,1","513,0","292,6","103,5","505,6","343,1","71,2","342,1","75,7","0,7328","0,2486","0,7344","0,2409","0,7313","0,2562",thumbnail_grossTrial,thumbnail_grossTrial.png,1245.0,1080.0,337.0,0.0,798.0,692.0,Saccade,17.0,88.0,,,,,,
26283,23110099,1400462381386,Eye Tracker,Participant0058,17.09.2021,Participant0058,Recording4,17.09.2021,17.09.2021,14:48:45.713,12:48:45.713,64514,Timeline2,Tobii I-VT (Fixation),1.145.28180,1080,1920,"10,00",690973928.0,,,1249.0,273.0,1252.0,263.0,1246.0,283.0,"0,20589","-0,05577","-0,97698","0,09607","-0,05146","-0,99404",,,Valid,Valid,"235,1","101,2","513,0","292,6","103,6","505,5","343,2","71,9","341,4","77,4","0,7320","0,2526","0,7345","0,2433","0,7294","0,2619",thumbnail_grossTrial,thumbnail_grossTrial.png,1245.0,1080.0,337.0,0.0,798.0,692.0,Fixation,92.0,57.0,1246.0,273.0,"0,7300","0,2524",,
26284,23118428,1400462389715,Eye Tracker,Participant0058,17.09.2021,Participant0058,Recording4,17.09.2021,17.09.2021,14:48:45.713,12:48:45.713,64514,Timeline2,Tobii I-VT (Fixation),1.145.28180,1080,1920,"10,00",690982256.0,,,1247.0,271.0,1248.0,264.0,1245.0,279.0,"0,20416","-0,05519","-0,97738","0,09586","-0,05387","-0,99394",,,Valid,Valid,"235,0","101,3","513,0","292,5","103,7","505,6","342,1","72,3","341,3","76,3","0,7302","0,2513","0,7315","0,2446","0,7289","0,2580",thumbnail_grossTrial,thumbnail_grossTrial.png,1245.0,1080.0,337.0,0.0,798.0,692.0,Fixation,92.0,57.0,1246.0,273.0,"0,7300","0,2524",,
26285,23126761,1400462398048,Eye Tracker,Participant0058,17.09.2021,Participant0058,Recording4,17.09.2021,17.09.2021,14:48:45.713,12:48:45.713,64514,Timeline2,Tobii I-VT (Fixation),1.145.28180,1080,1920,"10,00",690990589.0,,,1246.0,283.0,,,1246.0,283.0,,,,"0,09601","-0,05102","-0,99407",,"4,01",Invalid,Valid,,,,"292,6","103,5","505,5",,,"341,4","77,6","0,7294","0,2625",,,"0,7294","0,2625",thumbnail_grossTrial,thumbnail_grossTrial.png,1245.0,1080.0,337.0,0.0,798.0,692.0,Fixation,92.0,57.0,1246.0,273.0,"0,7300","0,2524",,
26286,23135094,1400462406381,Eye Tracker,Participant0058,17.09.2021,Participant0058,Recording4,17.09.2021,17.09.2021,14:48:45.713,12:48:45.713,64514,Timeline2,Tobii I-VT (Fixation),1.145.28180,1080,1920,"10,00",690998922.0,,,1249.0,277.0,1249.0,264.0,1249.0,290.0,"0,20439","-0,05541","-0,97732","0,09795","-0,04775","-0,99405",,,Valid,Valid,"235,0","101,2","512,9","292,5","103,6","505,5","342,3","72,1","342,3","79,3","0,7321","0,2562","0,7320","0,2441","0,7322","0,2684",thumbnail_grossTrial,thumbnail_grossTrial.png,1245.0,1080.0,337.0,0.0,798.0,692.0,Fixation,92.0,57.0,1246.0,273.0,"0,7300","0,2524",,
26287,23143415,1400462414702,Eye Tracker,Participant0058,17.09.2021,Participant0058,Recording4,17.09.2021,17.09.2021,14:48:45.713,12:48:45.713,64514,Timeline2,Tobii I-VT (Fixation),1.145.28180,1080,1920,"10,00",691007242.0,,,1247.0,279.0,1248.0,265.0,1246.0,292.0,"0,20403","-0,05475","-0,97743","0,09618","-0,04685","-0,99426",,,Valid,Valid,"235,0","101,3","512,9","292,5","103,7","505,5","342,0","72,6","341,4","79,9","0,7303","0,2579","0,7313","0,2455","0,7293","0,2702",thumbnail_grossTrial,thumbnail_grossTrial.png,1245.0,1080.0,337.0,0.0,798.0,692.0,Fixation,92.0,57.0,1246.0,273.0,"0,7300","0,2524",,
26288,23151719,1400462423006,Eye Tracker,Participant0058,17.09.2021,Participant0058,Recording4,17.09.2021,17.09.2021,14:48:45.713,12:48:45.713,64514,Timeline2,Tobii I-VT (Fixation),1.145.28180,1080,1920,"10,00",691015546.0,,,1249.0,275.0,1250.0,265.0,1248.0,285.0,"0,20506","-0,05480","-0,97721","0,09747","-0,05006","-0,99398","4,19","3,96",Valid,Valid,"235,0","101,2","512,9","292,6","103,5","505,5","342,7","72,4","342,1","78,1","0,7323","0,2546","0,7331","0,2450","0,7315","0,2642",thumbnail_grossTrial,thumbnail_grossTrial.png,1245.0,1080.0,337.0,0.0,798.0,692.0,Fixation,92.0,57.0,1246.0,273.0,"0,7300","0,2524",,
26289,23160052,1400462431339,Eye Tracker,Participant0058,17.09.2021,Participant0058,Recording4,17.09.2021,17.09.2021,14:48:45.713,12:48:45.713,64514,Timeline2,Tobii I-VT (Fixation),1.145.28180,1080,1920,"10,00",691023878.0,,,1247.0,275.0,1251.0,263.0,1243.0,287.0,"0,20551","-0,05566","-0,97707","0,09469","-0,04955","-0,99427",,,Valid,Valid,"235,0","101,3","512,8","292,5","103,6","505,4","342,9","72,1","340,7","78,4","0,7305","0,2546","0,7338","0,2438","0,7272","0,2653",thumbnail_grossTrial,thumbnail_grossTrial.png,1245.0,1080.0,337.0,0.0,798.0,692.0,Fixation,92.0,57.0,1246.0,273.0,"0,7300","0,2524",,
26290,23168413,1400462439700,Eye Tracker,Participant0058,17.09.2021,Participant0058,Recording4,17.09.2021,17.09.2021,14:48:45.713,12:48:45.713,64514,Timeline2,Tobii I-VT (Fixation),1.145.28180,1080,1920,"10,00",691032239.0,,,1242.0,267.0,1238.0,253.0,1247.0,280.0,"0,19901","-0,06116","-0,97809","0,09679","-0,05317","-0,99388",,,Valid,Valid,"235,0","101,4","512,8","292,5","103,7","505,5","339,3","69,3","341,7","76,6","0,7267","0,2469","0,7232","0,2345","0,7302","0,2593",thumbnail_grossTrial,thumbnail_grossTrial.png,1245.0,1080.0,337.0,0.0,798.0,692.0,Fixation,92.0,57.0,1246.0,273.0,"0,7300","0,2524",,
26291,23176744,1400462448031,Eye Tracker,Participant0058,17.09.2021,Participant0058,Recording4,17.09.2021,17.09.2021,14:48:45.713,12:48:45.713,64514,Timeline2,Tobii I-VT (Fixation),1.145.28180,1080,1920,"10,00",691040569.0,,,1243.0,263.0,1241.0,248.0,1246.0,279.0,"0,20038","-0,06377","-0,97764","0,09618","-0,05357","-0,99392","4,18","3,95",Valid,Valid,"235,0","101,3","512,7","292,5","103,5","505,4","340,1","67,8","341,5","76,3","0,7275","0,2438","0,7255","0,2295","0,7295","0,2581",thumbnail_grossTrial,thumbnail_grossTrial.png,1245.0,1080.0,337.0,0.0,798.0,692.0,Fixation,92.0,57.0,1246.0,273.0,"0,7300","0,2524",,
26292,23185100,1400462456387,Eye Tracker,Participant0058,17.09.2021,Participant0058,Recording4,17.09.2021,17.09.2021,14:48:45.713,12:48:45.713,64514,Timeline2,Tobii I-VT (Fixation),1.145.28180,1080,1920,"10,00",691048925.0,,,1242.0,272.0,1236.0,261.0,1247.0,284.0,"0,19825","-0,05729","-0,97848","0,09694","-0,05080","-0,99399",,,Valid,Valid,"235,0","101,4","512,6","292,5","103,6","505,4","338,9","71,4","341,8","77,8","0,7262","0,2523","0,7220","0,2414","0,7305","0,2632",thumbnail_grossTrial,thumbnail_grossTrial.png,1245.0,1080.0,337.0,0.0,798.0,692.0,Fixation,92.0,57.0,1246.0,273.0,"0,7300","0,2524",,
26293,23193428,1400462464715,Eye Tracker,Participant0058,17.09.2021,Participant0058,Recording4,17.09.2021,17.09.2021,14:48:45.713,12:48:45.713,64514,Timeline2,Tobii I-VT (Fixation),1.145.28180,1080,1920,"10,00",691057252.0,,,1249.0,268.0,1248.0,255.0,1250.0,280.0,"0,20407","-0,06044","-0,97709","0,09876","-0,05294","-0,99370",,,Valid,Valid,"235,0","101,4","512,5","292,5","103,7","505,4","342,0","69,7","342,7","76,8","0,7321","0,2478","0,7312","0,2359","0,7331","0,2597",thumbnail_grossTrial,thumbnail_grossTrial.png,1245.0,1080.0,337.0,0.0,798.0,692.0,Fixation,92.0,57.0,1246.0,273.0,"0,7300","0,2524",,
26294,23201727,1400462473014,Eye Tracker,Participant0058,17.09.2021,Participant0058,Recording4,17.09.2021,17.09.2021,14:48:45.713,12:48:45.713,64514,Timeline2,Tobii I-VT (Fixation),1.145.28180,1080,1920,"10,00",691065551.0,,,1258.0,272.0,1254.0,256.0,1262.0,288.0,"0,20683","-0,05992","-0,97654","0,10449","-0,04837","-0,99335","4,16","3,92",Valid,Valid,"235,1","101,4","512,5","292,6","103,6","505,3","343,7","69,9","345,8","78,9","0,7391","0,2518","0,7361","0,2366","0,7422","0,2671",thumbnail_grossTrial,thumbnail_grossTrial.png,1245.0,1080.0,337.0,0.0,798.0,692.0,Saccade,67.0,89.0,,,,,,
26295,23210059,1400462481346,Eye Tracker,Participant0058,17.09.2021,Participant0058,Recording4,17.09.2021,17.09.2021,14:48:45.713,12:48:45.713,64514,Timeline2,Tobii I-VT (Fixation),1.145.28180,1080,1920,"10,00",691073882.0,,,1291.0,275.0,1298.0,254.0,1284.0,297.0,"0,22825","-0,06096","-0,97169","0,11634","-0,04418","-0,99223",,,Valid,Valid,"235,4","101,6","512,3","292,7","103,8","505,0","355,8","69,4","351,9","81,3","0,7658","0,2550","0,7714","0,2349","0,7602","0,2752",thumbnail_grossTrial,thumbnail_grossTrial.png,1245.0,1080.0,337.0,0.0,798.0,692.0,Saccade,67.0,89.0,,,,,,
26296,23218423,1400462489710,Eye Tracker,Participant0058,17.09.2021,Participant0058,Recording4,17.09.2021,17.09.2021,14:48:45.713,12:48:45.713,64514,Timeline2,Tobii I-VT (Fixation),1.145.28180,1080,1920,"10,00",691082246.0,,,1350.0,301.0,1352.0,272.0,1348.0,330.0,"0,25432","-0,05138","-0,96575","0,14994","-0,02694","-0,98833",,,Valid,Valid,"235,5","101,6","512,7","292,8","104,0","505,1","370,5","74,3","369,4","90,3","0,8130","0,2785","0,8147","0,2515","0,8114","0,3055",thumbnail_grossTrial,thumbnail_grossTrial.png,1245.0,1080.0,337.0,0.0,798.0,692.0,Saccade,67.0,89.0,,,,,,
26297,23226752,1400462498039,Eye Tracker,Participant0058,17.09.2021,Participant0058,Recording4,17.09.2021,17.09.2021,14:48:45.713,12:48:45.713,64514,Timeline2,Tobii I-VT (Fixation),1.145.28180,1080,1920,"10,00",691090575.0,,,1495.0,297.0,1450.0,283.0,1539.0,312.0,"0,30009","-0,04486","-0,95286","0,24706","-0,03568","-0,96834","4,13","4,18",Valid,Valid,"235,8","101,5","512,8","293,1","104,0","505,0","397,3","77,4","421,9","85,4","0,9292","0,2753","0,8932","0,2617","0,9652","0,2890",thumbnail_grossTrial,thumbnail_grossTrial.png,1245.0,1080.0,337.0,0.0,798.0,692.0,Saccade,67.0,89.0,,,,,,
26298,23235074,1400462506361,Eye Tracker,Participant0058,17.09.2021,Participant0058,Recording4,17.09.2021,17.09.2021,14:48:45.713,12:48:45.713,64514,Timeline2,Tobii I-VT (Fixation),1.145.28180,1080,1920,"10,00",691098896.0,,,1540.0,325.0,,,1540.0,325.0,,,,"0,24726","-0,02873","-0,96852",,,Invalid,Valid,,,,"293,2","104,1","504,9",,,"422,1","89,1","0,9657","0,3014",,,"0,9657","0,3014",thumbnail_grossTrial,thumbnail_grossTrial.png,1245.0,1080.0,337.0,0.0,798.0,692.0,Saccade,67.0,89.0,,,,,,
26299,23243424,1400462514711,Eye Tracker,Participant0058,17.09.2021,Participant0058,Recording4,17.09.2021,17.09.2021,14:48:45.713,12:48:45.713,64514,Timeline2,Tobii I-VT (Fixation),1.145.28180,1080,1920,"10,00",691107246.0,,,1517.0,319.0,1457.0,301.0,1576.0,337.0,"0,30390","-0,03598","-0,95202","0,26535","-0,02280","-0,96388",,,Valid,Valid,"235,8","101,7","512,6","292,9","104,2","505,0","399,4","82,3","431,9","92,3","0,9470","0,2954","0,8993","0,2786","0,9947","0,3122",thumbnail_grossTrial,thumbnail_grossTrial.png,1245.0,1080.0,337.0,0.0,798.0,692.0,Saccade,67.0,89.0,,,,,,
26300,23251711,1400462522998,Eye Tracker,Participant0058,17.09.2021,Participant0058,Recording4,17.09.2021,17.09.2021,14:48:45.713,12:48:45.713,64514,Timeline2,Tobii I-VT (Fixation),1.145.28180,1080,1920,"10,00",691115533.0,,,1506.0,344.0,1457.0,308.0,1555.0,381.0,"0,30375","-0,03246","-0,95220","0,25460","0,00038","-0,96705","4,13","3,97",Valid,Valid,"235,9","101,7","512,4","293,2","104,1","504,9","399,3","84,3","426,1","104,3","0,9383","0,3190","0,8990","0,2851","0,9776","0,3528",thumbnail_grossTrial,thumbnail_grossTrial.png,1245.0,1080.0,337.0,0.0,798.0,692.0,Saccade,67.0,89.0,,,,,,
26301,23260046,1400462531333,Eye Tracker,Participant0058,17.09.2021,Participant0058,Recording4,17.09.2021,17.09.2021,14:48:45.713,12:48:45.713,64514,Timeline2,Tobii I-VT (Fixation),1.145.28180,1080,1920,"10,00",691123867.0,,,1525.0,401.0,1500.0,401.0,1551.0,402.0,"0,32381","0,01446","-0,94601","0,25287","0,01091","-0,96744",,,Valid,Valid,"235,9","101,8","512,2","293,1","104,3","504,4","411,2","109,6","425,0","110,0","0,9540","0,3715","0,9339","0,3710","0,9742","0,3721",thumbnail_grossTrial,thumbnail_grossTrial.png,1245.0,1080.0,337.0,0.0,798.0,692.0,Saccade,67.0,89.0,,,,,,
26302,23268409,1400462539696,Eye Tracker,Participant0058,17.09.2021,Participant0058,Recording4,17.09.2021,17.09.2021,14:48:45.713,12:48:45.713,64514,Timeline2,Tobii I-VT (Fixation),1.145.28180,1080,1920,"10,00",691132229.0,,,1524.0,404.0,1500.0,401.0,1547.0,406.0,"0,32406","0,01428","-0,94593","0,25209","0,01216","-0,96763",,,Valid,Valid,"235,7","101,9","512,2","292,8","104,9","503,3","411,2","109,6","423,9","111,2","0,9525","0,3736","0,9339","0,3709","0,9711","0,3764",thumbnail_grossTrial,thumbnail_grossTrial.png,1245.0,1080.0,337.0,0.0,798.0,692.0,Unclassified,33.0,93.0,,,,,,
26303,23276712,1400462547999,Eye Tracker,Participant0058,17.09.2021,Participant0058,Recording4,17.09.2021,17.09.2021,14:48:45.713,12:48:45.713,64514,Timeline2,Tobii I-VT (Fixation),1.145.28180,1080,1920,"10,00",691140532.0,,,1540.0,398.0,1532.0,388.0,1549.0,408.0,"0,33798","0,00805","-0,94112","0,25280","0,01328","-0,96743","4,23","3,94",Valid,Valid,"235,8","101,8","512,2","293,0","104,9","503,1","419,8","106,2","424,5","111,8","0,9659","0,3688","0,9591","0,3593","0,9728","0,3782",thumbnail_grossTrial,thumbnail_grossTrial.png,1245.0,1080.0,337.0,0.0,798.0,692.0,Unclassified,33.0,93.0,,,,,,
26304,23285143,1400462556430,Eye Tracker,Participant0058,17.09.2021,Participant0058,Recording4,17.09.2021,17.09.2021,14:48:45.713,12:48:45.713,64514,Timeline2,Tobii I-VT (Fixation),1.145.28180,1080,1920,"10,00",691148963.0,,,1548.0,405.0,,,1548.0,405.0,,,,"0,25273","0,01132","-0,96747",,,Invalid,Valid,,,,"293,0","105,1","502,6",,,"424,3","110,9","0,9721","0,3753",,,"0,9721","0,3753",thumbnail_grossTrial,thumbnail_grossTrial.png,1245.0,1080.0,337.0,0.0,798.0,692.0,Unclassified,33.0,93.0,,,,,,
26305,23293420,1400462564707,Eye Tracker,Participant0058,17.09.2021,Participant0058,Recording4,17.09.2021,17.09.2021,14:48:45.713,12:48:45.713,64514,Timeline2,Tobii I-VT (Fixation),1.145.28180,1080,1920,"10,00",691157240.0,,,1532.0,395.0,1532.0,395.0,,,"0,33822","0,01141","-0,94100",,,,,,Valid,Invalid,"235,7","101,9","512,2",,,,"419,8","108,2",,,"0,9591","0,3659","0,9591","0,3659",,,thumbnail_grossTrial,thumbnail_grossTrial.png,1245.0,1080.0,337.0,0.0,798.0,692.0,Unclassified,33.0,93.0,,,,,,
26306,23301720,1400462573007,Eye Tracker,Participant0058,17.09.2021,Participant0058,Recording4,17.09.2021,17.09.2021,14:48:45.713,12:48:45.713,64514,Timeline2,Tobii I-VT (Fixation),1.145.28180,1080,1920,"10,00",691165539.0,,,1505.0,414.0,1505.0,408.0,1505.0,420.0,"0,32585","0,01815","-0,94525","0,23200","0,01829","-0,97254","4,11","3,83",Valid,Valid,"235,9","101,9","512,1","292,9","105,4","501,8","412,4","111,7","412,6","114,9","0,9376","0,3834","0,9373","0,3781","0,9379","0,3887",thumbnail_grossTrial,thumbnail_grossTrial.png,1245.0,1080.0,337.0,0.0,798.0,692.0,Saccade,17.0,90.0,,,,,,
26307,23310052,1400462581339,Eye Tracker,Participant0058,17.09.2021,Participant0058,Recording4,17.09.2021,17.09.2021,14:48:45.713,12:48:45.713,64514,Timeline2,Tobii I-VT (Fixation),1.145.28180,1080,1920,"10,00",691173870.0,,,1548.0,389.0,,,1548.0,389.0,,,,"0,25406","0,00107","-0,96719",,,Invalid,Valid,,,,"292,8","105,8","500,9",,,"424,4","106,3","0,9725","0,3597",,,"0,9725","0,3597",thumbnail_grossTrial,thumbnail_grossTrial.png,1245.0,1080.0,337.0,0.0,798.0,692.0,Saccade,17.0,90.0,,,,,,
26308,23318415,1400462589702,Eye Tracker,Participant0058,17.09.2021,Participant0058,Recording4,17.09.2021,17.09.2021,14:48:45.713,12:48:45.713,64514,Timeline2,Tobii I-VT (Fixation),1.145.28180,1080,1920,"10,00",691182233.0,,,,,,,,,,,,,,,,,Invalid,Invalid,,,,,,,,,,,,,,,,,thumbnail_grossTrial,thumbnail_grossTrial.png,1245.0,1080.0,337.0,0.0,798.0,692.0,EyesNotFound,8.0,66.0,,,,,,
26309,23326711,1400462597998,Eye Tracker,Participant0058,17.09.2021,Participant0058,Recording4,17.09.2021,17.09.2021,14:48:45.713,12:48:45.713,64514,Timeline2,Tobii I-VT (Fixation),1.145.28180,1080,1920,"10,00",691190528.0,,,1506.0,414.0,1514.0,399.0,1498.0,428.0,"0,33054","0,01312","-0,94370","0,22932","0,02122","-0,97312","4,08","3,85",Valid,Valid,"235,9","102,1","511,6","292,7","106,3","499,6","415,1","109,2","410,5","117,2","0,9384","0,3830","0,9452","0,3695","0,9317","0,3965",thumbnail_grossTrial,thumbnail_grossTrial.png,1245.0,1080.0,337.0,0.0,798.0,692.0,Unclassified,17.0,94.0,,,,,,
26310,23335084,1400462606371,Eye Tracker,Participant0058,17.09.2021,Participant0058,Recording4,17.09.2021,17.09.2021,14:48:45.713,12:48:45.713,64514,Timeline2,Tobii I-VT (Fixation),1.145.28180,1080,1920,"10,00",691198901.0,,,1503.0,419.0,1509.0,400.0,1497.0,438.0,"0,32822","0,01344","-0,94451","0,22935","0,02577","-0,97300",,,Valid,Valid,"235,9","102,2","511,4","292,6","106,6","498,8","413,6","109,5","410,2","119,8","0,9359","0,3879","0,9408","0,3704","0,9309","0,4054",thumbnail_grossTrial,thumbnail_grossTrial.png,1245.0,1080.0,337.0,0.0,798.0,692.0,Unclassified,17.0,94.0,,,,,,
26311,23343386,1400462614673,Eye Tracker,Participant0058,17.09.2021,Participant0058,Recording4,17.09.2021,17.09.2021,14:48:45.713,12:48:45.713,64514,Timeline2,Tobii I-VT (Fixation),1.145.28180,1080,1920,"10,00",691207203.0,,,,,,,,,,,,,,,,,Invalid,Invalid,,,,,,,,,,,,,,,,,thumbnail_grossTrial,thumbnail_grossTrial.png,1245.0,1080.0,337.0,0.0,798.0,692.0,EyesNotFound,8.0,67.0,,,,,,
26312,23351711,1400462622998,Eye Tracker,Participant0058,17.09.2021,Participant0058,Recording4,17.09.2021,17.09.2021,14:48:45.713,12:48:45.713,64514,Timeline2,Tobii I-VT (Fixation),1.145.28180,1080,1920,"10,00",691215528.0,,,1509.0,414.0,1510.0,404.0,1508.0,424.0,"0,32870","0,01532","-0,94431","0,23567","0,01729","-0,97168","4,08","3,79",Valid,Valid,"235,9","102,3","511,2","292,5","107,1","497,7","413,8","110,6","413,2","116,0","0,9407","0,3832","0,9415","0,3740","0,9398","0,3923",thumbnail_grossTrial,thumbnail_grossTrial.png,1245.0,1080.0,337.0,0.0,798.0,692.0,Unclassified,17.0,95.0,,,,,,
26313,23360089,1400462631376,Eye Tracker,Participant0058,17.09.2021,Participant0058,Recording4,17.09.2021,17.09.2021,14:48:45.713,12:48:45.713,64514,Timeline2,Tobii I-VT (Fixation),1.145.28180,1080,1920,"10,00",691223905.0,,,1507.0,405.0,1498.0,393.0,1515.0,417.0,"0,32362","0,00949","-0,94614","0,23981","0,01294","-0,97073",,,Valid,Valid,"235,9","102,3","511,0","292,4","107,4","496,9","410,7","107,4","415,2","114,0","0,9389","0,3747","0,9323","0,3635","0,9455","0,3858",thumbnail_grossTrial,thumbnail_grossTrial.png,1245.0,1080.0,337.0,0.0,798.0,692.0,Unclassified,17.0,95.0,,,,,,
26314,23368434,1400462639721,Eye Tracker,Participant0058,17.09.2021,Participant0058,Recording4,17.09.2021,17.09.2021,14:48:45.713,12:48:45.713,64514,Timeline2,Tobii I-VT (Fixation),1.145.28180,1080,1920,"10,00",691232249.0,,,,,,,,,,,,,,,,,Invalid,Invalid,,,,,,,,,,,,,,,,,thumbnail_grossTrial,thumbnail_grossTrial.png,1245.0,1080.0,337.0,0.0,798.0,692.0,EyesNotFound,8.0,68.0,,,,,,
26315,23376705,1400462647992,Eye Tracker,Participant0058,17.09.2021,Participant0058,Recording4,17.09.2021,17.09.2021,14:48:45.713,12:48:45.713,64514,Timeline2,Tobii I-VT (Fixation),1.145.28180,1080,1920,"10,00",691240520.0,,,1497.0,433.0,1491.0,422.0,1504.0,444.0,"0,32012","0,02428","-0,94707","0,23486","0,02645","-0,97167","4,20","3,88",Valid,Valid,"235,9","102,4","510,8","292,3","107,9","495,6","408,5","115,5","412,1","121,4","0,9313","0,4008","0,9260","0,3908","0,9366","0,4108",thumbnail_grossTrial,thumbnail_grossTrial.png,1245.0,1080.0,337.0,0.0,798.0,692.0,Unclassified,17.0,96.0,,,,,,
26316,23385038,1400462656325,Eye Tracker,Participant0058,17.09.2021,Participant0058,Recording4,17.09.2021,17.09.2021,14:48:45.713,12:48:45.713,64514,Timeline2,Tobii I-VT (Fixation),1.145.28180,1080,1920,"10,00",691248853.0,,,1498.0,454.0,1498.0,428.0,1497.0,481.0,"0,32370","0,02689","-0,94578","0,23189","0,04597","-0,97166",,,Valid,Valid,"235,9","102,6","510,4","292,2","108,3","494,7","410,6","117,1","410,3","131,7","0,9316","0,4208","0,9321","0,3961","0,9312","0,4454",thumbnail_grossTrial,thumbnail_grossTrial.png,1245.0,1080.0,337.0,0.0,798.0,692.0,Unclassified,17.0,96.0,,,,,,
26317,23393370,1400462664657,Eye Tracker,Participant0058,17.09.2021,Participant0058,Recording4,17.09.2021,17.09.2021,14:48:45.713,12:48:45.713,64514,Timeline2,Tobii I-VT (Fixation),1.145.28180,1080,1920,"10,00",691257184.0,,,,,,,,,,,,,,,,,Invalid,Invalid,,,,,,,,,,,,,,,,,thumbnail_grossTrial,thumbnail_grossTrial.png,1245.0,1080.0,337.0,0.0,798.0,692.0,EyesNotFound,8.0,69.0,,,,,,
26318,23401744,1400462673031,Eye Tracker,Participant0058,17.09.2021,Participant0058,Recording4,17.09.2021,17.09.2021,14:48:45.713,12:48:45.713,64514,Timeline2,Tobii I-VT (Fixation),1.145.28180,1080,1920,"10,00",691265558.0,,,1494.0,448.0,1497.0,416.0,1492.0,479.0,"0,32336","0,02058","-0,94605","0,23013","0,04423","-0,97215","4,08","3,82",Valid,Valid,"236,0","102,7","509,8","292,2","108,8","493,4","410,2","113,8","409,0","131,2","0,9292","0,4145","0,9310","0,3851","0,9273","0,4440",thumbnail_grossTrial,thumbnail_grossTrial.png,1245.0,1080.0,337.0,0.0,798.0,692.0,Unclassified,17.0,97.0,,,,,,
26319,23410089,1400462681376,Eye Tracker,Participant0058,17.09.2021,Participant0058,Recording4,17.09.2021,17.09.2021,14:48:45.713,12:48:45.713,64514,Timeline2,Tobii I-VT (Fixation),1.145.28180,1080,1920,"10,00",691273903.0,,,1496.0,429.0,1498.0,406.0,1493.0,452.0,"0,32434","0,01488","-0,94582","0,23135","0,02886","-0,97244",,,Valid,Valid,"235,9","103,0","509,4","292,0","109,1","492,7","410,6","111,0","409,2","123,7","0,9301","0,3970","0,9321","0,3755","0,9281","0,4185",thumbnail_grossTrial,thumbnail_grossTrial.png,1245.0,1080.0,337.0,0.0,798.0,692.0,Unclassified,17.0,97.0,,,,,,
26320,23418413,1400462689700,Eye Tracker,Participant0058,17.09.2021,Participant0058,Recording4,17.09.2021,17.09.2021,14:48:45.713,12:48:45.713,64514,Timeline2,Tobii I-VT (Fixation),1.145.28180,1080,1920,"10,00",691282225.0,,,,,,,,,,,,,,,,,Invalid,Invalid,,,,,,,,,,,,,,,,,thumbnail_grossTrial,thumbnail_grossTrial.png,1245.0,1080.0,337.0,0.0,798.0,692.0,EyesNotFound,8.0,70.0,,,,,,
26321,23426743,1400462698030,Eye Tracker,Participant0058,17.09.2021,Participant0058,Recording4,17.09.2021,17.09.2021,14:48:45.713,12:48:45.713,64514,Timeline2,Tobii I-VT (Fixation),1.145.28180,1080,1920,"10,00",691290555.0,,,1496.0,427.0,1497.0,413.0,1495.0,442.0,"0,32393","0,01804","-0,94591","0,23274","0,02261","-0,97228","4,04","3,74",Valid,Valid,"236,0","103,2","508,7","292,0","109,5","491,6","410,2","112,9","409,7","120,9","0,9301","0,3956","0,9309","0,3820","0,9294","0,4092",thumbnail_grossTrial,thumbnail_grossTrial.png,1245.0,1080.0,337.0,0.0,798.0,692.0,Unclassified,17.0,98.0,,,,,,
26322,23435045,1400462706332,Eye Tracker,Participant0058,17.09.2021,Participant0058,Recording4,17.09.2021,17.09.2021,14:48:45.713,12:48:45.713,64514,Timeline2,Tobii I-VT (Fixation),1.145.28180,1080,1920,"10,00",691298857.0,,,1492.0,443.0,1495.0,420.0,1490.0,465.0,"0,32315","0,02186","-0,94610","0,23014","0,03525","-0,97252",,,Valid,Valid,"235,9","103,3","508,5","291,9","109,5","491,6","409,6","115,1","408,3","127,3","0,9273","0,4101","0,9293","0,3893","0,9252","0,4309",thumbnail_grossTrial,thumbnail_grossTrial.png,1245.0,1080.0,337.0,0.0,798.0,692.0,Unclassified,17.0,98.0,,,,,,
26323,23443403,1400462714690,Eye Tracker,Participant0058,17.09.2021,Participant0058,Recording4,17.09.2021,17.09.2021,14:48:45.713,12:48:45.713,64514,Timeline2,Tobii I-VT (Fixation),1.145.28180,1080,1920,"10,00",691307215.0,,,,,,,,,,,,,,,,,Invalid,Invalid,,,,,,,,,,,,,,,,,thumbnail_grossTrial,thumbnail_grossTrial.png,1245.0,1080.0,337.0,0.0,798.0,692.0,EyesNotFound,8.0,71.0,,,,,,
26324,23451700,1400462722987,Eye Tracker,Participant0058,17.09.2021,Participant0058,Recording4,17.09.2021,17.09.2021,14:48:45.713,12:48:45.713,64514,Timeline2,Tobii I-VT (Fixation),1.145.28180,1080,1920,"10,00",691315511.0,,,1493.0,441.0,1496.0,409.0,1490.0,474.0,"0,32369","0,01587","-0,94603","0,22981","0,04043","-0,97240","4,11","3,82",Valid,Valid,"235,9","103,4","508,4","292,1","109,3","492,2","409,9","111,9","408,4","129,8","0,9278","0,4088","0,9301","0,3786","0,9256","0,4390",thumbnail_grossTrial,thumbnail_grossTrial.png,1245.0,1080.0,337.0,0.0,798.0,692.0,Unclassified,17.0,99.0,,,,,,
26325,23460065,1400462731352,Eye Tracker,Participant0058,17.09.2021,Participant0058,Recording4,17.09.2021,17.09.2021,14:48:45.713,12:48:45.713,64514,Timeline2,Tobii I-VT (Fixation),1.145.28180,1080,1920,"10,00",691323876.0,,,1490.0,437.0,1499.0,414.0,1481.0,459.0,"0,32518","0,01869","-0,94547","0,22490","0,03294","-0,97383",,,Valid,Valid,"235,9","103,3","508,5","292,1","108,9","493,1","410,8","113,4","405,9","125,6","0,9256","0,4043","0,9328","0,3836","0,9185","0,4250",thumbnail_grossTrial,thumbnail_grossTrial.png,1245.0,1080.0,337.0,0.0,798.0,692.0,Unclassified,17.0,99.0,,,,,,
26326,23468367,1400462739654,Eye Tracker,Participant0058,17.09.2021,Participant0058,Recording4,17.09.2021,17.09.2021,14:48:45.713,12:48:45.713,64514,Timeline2,Tobii I-VT (Fixation),1.145.28180,1080,1920,"10,00",691332177.0,,,,,,,,,,,,,,,,,Invalid,Invalid,,,,,,,,,,,,,,,,,thumbnail_grossTrial,thumbnail_grossTrial.png,1245.0,1080.0,337.0,0.0,798.0,692.0,EyesNotFound,8.0,72.0,,,,,,
26327,23476698,1400462747985,Eye Tracker,Participant0058,17.09.2021,Participant0058,Recording4,17.09.2021,17.09.2021,14:48:45.713,12:48:45.713,64514,Timeline2,Tobii I-VT (Fixation),1.145.28180,1080,1920,"10,00",691340508.0,,,1502.0,418.0,1493.0,416.0,1512.0,421.0,"0,32226","0,01982","-0,94644","0,23920","0,01379","-0,97087","4,08","3,98",Valid,Valid,"236,0","103,1","509,1","292,3","108,2","495,0","409,3","113,7","414,3","115,2","0,9356","0,3873","0,9283","0,3848","0,9429","0,3898",thumbnail_grossTrial,thumbnail_grossTrial.png,1245.0,1080.0,337.0,0.0,798.0,692.0,Unclassified,17.0,100.0,,,,,,
26328,23485065,1400462756352,Eye Tracker,Participant0058,17.09.2021,Participant0058,Recording4,17.09.2021,17.09.2021,14:48:45.713,12:48:45.713,64514,Timeline2,Tobii I-VT (Fixation),1.145.28180,1080,1920,"10,00",691348874.0,,,1504.0,430.0,1497.0,432.0,1510.0,429.0,"0,32368","0,02819","-0,94575","0,23833","0,01866","-0,97100",,,Valid,Valid,"235,9","102,9","509,6","292,3","108,0","495,5","410,3","118,1","413,9","117,5","0,9366","0,3986","0,9312","0,3996","0,9419","0,3975",thumbnail_grossTrial,thumbnail_grossTrial.png,1245.0,1080.0,337.0,0.0,798.0,692.0,Unclassified,17.0,100.0,,,,,,
26329,23493410,1400462764697,Eye Tracker,Participant0058,17.09.2021,Participant0058,Recording4,17.09.2021,17.09.2021,14:48:45.713,12:48:45.713,64514,Timeline2,Tobii I-VT (Fixation),1.145.28180,1080,1920,"10,00",691357219.0,,,,,,,,,,,,,,,,,Invalid,Invalid,,,,,,,,,,,,,,,,,thumbnail_grossTrial,thumbnail_grossTrial.png,1245.0,1080.0,337.0,0.0,798.0,692.0,EyesNotFound,8.0,73.0,,,,,,
26330,23501811,1400462773098,Eye Tracker,Participant0058,17.09.2021,Participant0058,Recording4,17.09.2021,17.09.2021,14:48:45.713,12:48:45.713,64514,Timeline2,Tobii I-VT (Fixation),1.145.28180,1080,1920,"10,00",691365620.0,,,1515.0,422.0,1506.0,427.0,1523.0,418.0,"0,32718","0,02652","-0,94459","0,24376","0,01355","-0,96974","4,13","4,06",Valid,Valid,"235,9","102,4","510,8","292,5","107,4","497,1","412,8","116,8","417,4","114,3","0,9453","0,3909","0,9386","0,3951","0,9521","0,3868",thumbnail_grossTrial,thumbnail_grossTrial.png,1245.0,1080.0,337.0,0.0,798.0,692.0,Unclassified,17.0,101.0,,,,,,
26331,23510039,1400462781326,Eye Tracker,Participant0058,17.09.2021,Participant0058,Recording4,17.09.2021,17.09.2021,14:48:45.713,12:48:45.713,64514,Timeline2,Tobii I-VT (Fixation),1.145.28180,1080,1920,"10,00",691373848.0,,,1517.0,423.0,1507.0,431.0,1528.0,415.0,"0,32716","0,02953","-0,94451","0,24535","0,01312","-0,96935",,,Valid,Valid,"235,9","102,1","511,6","292,6","106,9","498,2","413,1","118,1","418,7","113,6","0,9476","0,3920","0,9394","0,3995","0,9558","0,3844",thumbnail_grossTrial,thumbnail_grossTrial.png,1245.0,1080.0,337.0,0.0,798.0,692.0,Unclassified,17.0,101.0,,,,,,
26332,23518408,1400462789695,Eye Tracker,Participant0058,17.09.2021,Participant0058,Recording4,17.09.2021,17.09.2021,14:48:45.713,12:48:45.713,64514,Timeline2,Tobii I-VT (Fixation),1.145.28180,1080,1920,"10,00",691382215.0,,,,,,,,,,,,,,,,,Invalid,Invalid,,,,,,,,,,,,,,,,,thumbnail_grossTrial,thumbnail_grossTrial.png,1245.0,1080.0,337.0,0.0,798.0,692.0,EyesNotFound,8.0,74.0,,,,,,
26333,23526695,1400462797982,Eye Tracker,Participant0058,17.09.2021,Participant0058,Recording4,17.09.2021,17.09.2021,14:48:45.713,12:48:45.713,64514,Timeline2,Tobii I-VT (Fixation),1.145.28180,1080,1920,"10,00",691390502.0,,,1501.0,434.0,1497.0,434.0,1505.0,434.0,"0,32141","0,03204","-0,94640","0,23200","0,02510","-0,97239","4,08","3,84",Valid,Valid,"235,9","101,3","513,3","292,9","105,8","500,7","410,3","118,6","412,3","118,8","0,9341","0,4016","0,9311","0,4014","0,9372","0,4018",thumbnail_grossTrial,thumbnail_grossTrial.png,1245.0,1080.0,337.0,0.0,798.0,692.0,Unclassified,17.0,102.0,,,,,,
26334,23535114,1400462806401,Eye Tracker,Participant0058,17.09.2021,Participant0058,Recording4,17.09.2021,17.09.2021,14:48:45.713,12:48:45.713,64514,Timeline2,Tobii I-VT (Fixation),1.145.28180,1080,1920,"10,00",691398921.0,,,1501.0,412.0,1497.0,410.0,1505.0,413.0,"0,32112","0,02079","-0,94681","0,23156","0,01523","-0,97270",,,Valid,Valid,"235,8","100,9","514,5","293,0","105,2","502,3","410,3","112,2","412,6","113,0","0,9346","0,3810","0,9312","0,3796","0,9379","0,3825",thumbnail_grossTrial,thumbnail_grossTrial.png,1245.0,1080.0,337.0,0.0,798.0,692.0,Unclassified,17.0,102.0,,,,,,
26335,23543376,1400462814663,Eye Tracker,Participant0058,17.09.2021,Participant0058,Recording4,17.09.2021,17.09.2021,14:48:45.713,12:48:45.713,64514,Timeline2,Tobii I-VT (Fixation),1.145.28180,1080,1920,"10,00",691407182.0,,,,,,,,,,,,,,,,,Invalid,Invalid,,,,,,,,,,,,,,,,,thumbnail_grossTrial,thumbnail_grossTrial.png,1245.0,1080.0,337.0,0.0,798.0,692.0,EyesNotFound,8.0,75.0,,,,,,
26336,23551744,1400462823031,Eye Tracker,Participant0058,17.09.2021,Participant0058,Recording4,17.09.2021,17.09.2021,14:48:45.713,12:48:45.713,64514,Timeline2,Tobii I-VT (Fixation),1.145.28180,1080,1920,"10,00",691415550.0,,,1517.0,408.0,1506.0,420.0,1527.0,395.0,"0,32413","0,02742","-0,94561","0,24051","0,00817","-0,97061","4,30","4,04",Valid,Valid,"235,7","100,1","516,6","293,3","103,9","505,4","412,8","115,0","418,5","108,2","0,9470","0,3776","0,9386","0,3893","0,9554","0,3660",thumbnail_grossTrial,thumbnail_grossTrial.png,1245.0,1080.0,337.0,0.0,798.0,692.0,Unclassified,17.0,103.0,,,,,,
26337,23560065,1400462831352,Eye Tracker,Participant0058,17.09.2021,Participant0058,Recording4,17.09.2021,17.09.2021,14:48:45.713,12:48:45.713,64514,Timeline2,Tobii I-VT (Fixation),1.145.28180,1080,1920,"10,00",691423871.0,,,1517.0,406.0,1505.0,411.0,1528.0,400.0,"0,32316","0,02366","-0,94605","0,23990","0,01209","-0,97072",,,Valid,Valid,"235,7","99,6","517,7","293,4","103,3","507,0","412,6","112,5","418,7","109,6","0,9469","0,3757","0,9379","0,3807","0,9559","0,3707",thumbnail_grossTrial,thumbnail_grossTrial.png,1245.0,1080.0,337.0,0.0,798.0,692.0,Unclassified,17.0,103.0,,,,,,
26338,23568388,1400462839675,Eye Tracker,Participant0058,17.09.2021,Participant0058,Recording4,17.09.2021,17.09.2021,14:48:45.713,12:48:45.713,64514,Timeline2,Tobii I-VT (Fixation),1.145.28180,1080,1920,"10,00",691432194.0,,,,,,,,,,,,,,,,,Invalid,Invalid,,,,,,,,,,,,,,,,,thumbnail_grossTrial,thumbnail_grossTrial.png,1245.0,1080.0,337.0,0.0,798.0,692.0,EyesNotFound,8.0,76.0,,,,,,
26339,23576692,1400462847979,Eye Tracker,Participant0058,17.09.2021,Participant0058,Recording4,17.09.2021,17.09.2021,14:48:45.713,12:48:45.713,64514,Timeline2,Tobii I-VT (Fixation),1.145.28180,1080,1920,"10,00",691440497.0,,,1491.0,387.0,1487.0,371.0,1496.0,403.0,"0,31408","0,00495","-0,94938","0,22240","0,01550","-0,97483","4,15","3,91",Valid,Valid,"235,6","98,7","519,7","293,6","102,1","509,8","407,5","101,4","409,9","110,2","0,9265","0,3580","0,9230","0,3431","0,9301","0,3728",thumbnail_grossTrial,thumbnail_grossTrial.png,1245.0,1080.0,337.0,0.0,798.0,692.0,Unclassified,17.0,104.0,,,,,,
26340,23585127,1400462856414,Eye Tracker,Participant0058,17.09.2021,Participant0058,Recording4,17.09.2021,17.09.2021,14:48:45.713,12:48:45.713,64514,Timeline2,Tobii I-VT (Fixation),1.145.28180,1080,1920,"10,00",691448931.0,,,1462.0,377.0,1459.0,351.0,1466.0,403.0,"0,30183","-0,00555","-0,95335","0,20763","0,01548","-0,97809",,,Valid,Valid,"235,5","98,9","519,2","293,5","102,2","509,5","399,9","95,9","401,7","110,3","0,9034","0,3489","0,9008","0,3245","0,9059","0,3732",thumbnail_grossTrial,thumbnail_grossTrial.png,1245.0,1080.0,337.0,0.0,798.0,692.0,Unclassified,17.0,104.0,,,,,,
26341,23593372,1400462864659,Eye Tracker,Participant0058,17.09.2021,Participant0058,Recording4,17.09.2021,17.09.2021,14:48:45.713,12:48:45.713,64514,Timeline2,Tobii I-VT (Fixation),1.145.28180,1080,1920,"10,00",691457176.0,,,,,,,,,,,,,,,,,Invalid,Invalid,,,,,,,,,,,,,,,,,thumbnail_grossTrial,thumbnail_grossTrial.png,1245.0,1080.0,337.0,0.0,798.0,692.0,EyesNotFound,8.0,77.0,,,,,,
26342,23601720,1400462873007,Eye Tracker,Participant0058,17.09.2021,Participant0058,Recording4,17.09.2021,17.09.2021,14:48:45.713,12:48:45.713,64514,Timeline2,Tobii I-VT (Fixation),1.145.28180,1080,1920,"10,00",691465524.0,,,1454.0,386.0,1451.0,361.0,1457.0,411.0,"0,29835","-0,00045","-0,95446","0,20355","0,01969","-0,97887","4,27","3,96",Valid,Valid,"235,5","99,1","518,7","293,5","102,3","509,3","397,7","98,9","399,4","112,5","0,8968","0,3576","0,8943","0,3346","0,8994","0,3807",thumbnail_grossTrial,thumbnail_grossTrial.png,1245.0,1080.0,337.0,0.0,798.0,692.0,Unclassified,17.0,105.0,,,,,,
26343,23610106,1400462881393,Eye Tracker,Participant0058,17.09.2021,Participant0058,Recording4,17.09.2021,17.09.2021,14:48:45.713,12:48:45.713,64514,Timeline2,Tobii I-VT (Fixation),1.145.28180,1080,1920,"10,00",691473909.0,,,1460.0,392.0,1459.0,390.0,1462.0,395.0,"0,30189","0,01357","-0,95325","0,20577","0,01100","-0,97854",,,Valid,Valid,"235,6","99,2","518,5","293,5","102,3","509,2","399,8","106,6","400,6","108,1","0,9015","0,3632","0,9003","0,3607","0,9027","0,3656",thumbnail_grossTrial,thumbnail_grossTrial.png,1245.0,1080.0,337.0,0.0,798.0,692.0,Unclassified,17.0,105.0,,,,,,
26344,23618398,1400462889685,Eye Tracker,Participant0058,17.09.2021,Participant0058,Recording4,17.09.2021,17.09.2021,14:48:45.713,12:48:45.713,64514,Timeline2,Tobii I-VT (Fixation),1.145.28180,1080,1920,"10,00",691482201.0,,,,,,,,,,,,,,,,,Invalid,Invalid,,,,,,,,,,,,,,,,,thumbnail_grossTrial,thumbnail_grossTrial.png,1245.0,1080.0,337.0,0.0,798.0,692.0,EyesNotFound,8.0,78.0,,,,,,
26345,23626730,1400462898017,Eye Tracker,Participant0058,17.09.2021,Participant0058,Recording4,17.09.2021,17.09.2021,14:48:45.713,12:48:45.713,64514,Timeline2,Tobii I-VT (Fixation),1.145.28180,1080,1920,"10,00",691490532.0,,,1458.0,403.0,1454.0,414.0,1462.0,392.0,"0,29976","0,02574","-0,95367","0,20609","0,00958","-0,97849","4,26","3,93",Valid,Valid,"235,6","99,2","518,3","293,5","102,3","509,2","398,5","113,2","400,8","107,3","0,9000","0,3730","0,8967","0,3831","0,9034","0,3629",thumbnail_grossTrial,thumbnail_grossTrial.png,1245.0,1080.0,337.0,0.0,798.0,692.0,Unclassified,17.0,106.0,,,,,,
26346,23635068,1400462906355,Eye Tracker,Participant0058,17.09.2021,Participant0058,Recording4,17.09.2021,17.09.2021,14:48:45.713,12:48:45.713,64514,Timeline2,Tobii I-VT (Fixation),1.145.28180,1080,1920,"10,00",691498869.0,,,1453.0,411.0,1455.0,436.0,1451.0,386.0,"0,30016","0,03669","-0,95318","0,20030","0,00639","-0,97971",,,Valid,Valid,"235,6","99,3","518,2","293,5","102,3","509,2","398,8","119,3","397,6","105,6","0,8958","0,3805","0,8974","0,4036","0,8942","0,3574",thumbnail_grossTrial,thumbnail_grossTrial.png,1245.0,1080.0,337.0,0.0,798.0,692.0,Unclassified,17.0,106.0,,,,,,
26347,23643356,1400462914643,Eye Tracker,Participant0058,17.09.2021,Participant0058,Recording4,17.09.2021,17.09.2021,14:48:45.713,12:48:45.713,64514,Timeline2,Tobii I-VT (Fixation),1.145.28180,1080,1920,"10,00",691507157.0,,,,,,,,,,,,,,,,,Invalid,Invalid,,,,,,,,,,,,,,,,,thumbnail_grossTrial,thumbnail_grossTrial.png,1245.0,1080.0,337.0,0.0,798.0,692.0,EyesNotFound,8.0,79.0,,,,,,
26348,23651786,1400462923073,Eye Tracker,Participant0058,17.09.2021,Participant0058,Recording4,17.09.2021,17.09.2021,14:48:45.713,12:48:45.713,64514,Timeline2,Tobii I-VT (Fixation),1.145.28180,1080,1920,"10,00",691515587.0,,,1473.0,374.0,,,1473.0,374.0,,,,"0,21110","0,00034","-0,97747",,"4,15",Invalid,Valid,,,,"293,6","102,2","509,5",,,"403,6","102,4","0,9116","0,3463",,,"0,9116","0,3463",thumbnail_grossTrial,thumbnail_grossTrial.png,1245.0,1080.0,337.0,0.0,798.0,692.0,Unclassified,17.0,107.0,,,,,,
26349,23660031,1400462931318,Eye Tracker,Participant0058,17.09.2021,Participant0058,Recording4,17.09.2021,17.09.2021,14:48:45.713,12:48:45.713,64514,Timeline2,Tobii I-VT (Fixation),1.145.28180,1080,1920,"10,00",691523832.0,,,1471.0,413.0,1458.0,420.0,1484.0,407.0,"0,30146","0,02847","-0,95305","0,21657","0,01780","-0,97610",,,Valid,Valid,"235,6","99,3","518,2","293,6","102,2","509,5","399,5","114,8","406,6","111,5","0,9100","0,3829","0,8996","0,3885","0,9204","0,3772",thumbnail_grossTrial,thumbnail_grossTrial.png,1245.0,1080.0,337.0,0.0,798.0,692.0,Unclassified,17.0,107.0,,,,,,
26350,23668369,1400462939656,Eye Tracker,Participant0058,17.09.2021,Participant0058,Recording4,17.09.2021,17.09.2021,14:48:45.713,12:48:45.713,64514,Timeline2,Tobii I-VT (Fixation),1.145.28180,1080,1920,"10,00",691532169.0,,,,,,,,,,,,,,,,,Invalid,Invalid,,,,,,,,,,,,,,,,,thumbnail_grossTrial,thumbnail_grossTrial.png,1245.0,1080.0,337.0,0.0,798.0,692.0,EyesNotFound,8.0,80.0,,,,,,
26351,23676719,1400462948006,Eye Tracker,Participant0058,17.09.2021,Participant0058,Recording4,17.09.2021,17.09.2021,14:48:45.713,12:48:45.713,64514,Timeline2,Tobii I-VT (Fixation),1.145.28180,1080,1920,"10,00",691540519.0,,,1464.0,417.0,,,1464.0,417.0,,,,"0,20651","0,02333","-0,97817",,"3,92",Invalid,Valid,,,,"293,6","102,0","509,8",,,"401,2","114,2","0,9047","0,3864",,,"0,9047","0,3864",thumbnail_grossTrial,thumbnail_grossTrial.png,1245.0,1080.0,337.0,0.0,798.0,692.0,Unclassified,17.0,108.0,,,,,,
26352,23685025,1400462956312,Eye Tracker,Participant0058,17.09.2021,Participant0058,Recording4,17.09.2021,17.09.2021,14:48:45.713,12:48:45.713,64514,Timeline2,Tobii I-VT (Fixation),1.145.28180,1080,1920,"10,00",691548824.0,,,1458.0,382.0,1458.0,364.0,1457.0,401.0,"0,30183","0,00040","-0,95336","0,20298","0,01454","-0,97907",,,Valid,Valid,"235,6","99,3","518,4","293,6","102,0","509,9","399,7","99,5","399,3","109,6","0,8996","0,3538","0,9002","0,3367","0,8990","0,3709",thumbnail_grossTrial,thumbnail_grossTrial.png,1245.0,1080.0,337.0,0.0,798.0,692.0,Unclassified,17.0,108.0,,,,,,
26353,23693378,1400462964665,Eye Tracker,Participant0058,17.09.2021,Participant0058,Recording4,17.09.2021,17.09.2021,14:48:45.713,12:48:45.713,64514,Timeline2,Tobii I-VT (Fixation),1.145.28180,1080,1920,"10,00",691557177.0,,,,,,,,,,,,,,,,,Invalid,Invalid,,,,,,,,,,,,,,,,,thumbnail_grossTrial,thumbnail_grossTrial.png,1245.0,1080.0,337.0,0.0,798.0,692.0,EyesNotFound,8.0,81.0,,,,,,
26354,23701774,1400462973061,Eye Tracker,Participant0058,17.09.2021,Participant0058,Recording4,17.09.2021,17.09.2021,14:48:45.713,12:48:45.713,64514,Timeline2,Tobii I-VT (Fixation),1.145.28180,1080,1920,"10,00",691565572.0,,,1467.0,392.0,1468.0,398.0,1467.0,386.0,"0,30600","0,01785","-0,95186","0,20799","0,00689","-0,97811","4,11","3,93",Valid,Valid,"235,5","99,1","518,6","293,6","101,9","510,3","402,3","108,9","402,1","105,5","0,9075","0,3626","0,9077","0,3683","0,9072","0,3570",thumbnail_grossTrial,thumbnail_grossTrial.png,1245.0,1080.0,337.0,0.0,798.0,692.0,Unclassified,17.0,109.0,,,,,,
26355,23710064,1400462981351,Eye Tracker,Participant0058,17.09.2021,Participant0058,Recording4,17.09.2021,17.09.2021,14:48:45.713,12:48:45.713,64514,Timeline2,Tobii I-VT (Fixation),1.145.28180,1080,1920,"10,00",691573862.0,,,1469.0,391.0,1468.0,397.0,1471.0,384.0,"0,30601","0,01728","-0,95187","0,20977","0,00644","-0,97773",,,Valid,Valid,"235,5","99,2","518,7","293,6","101,8","510,4","402,3","108,6","403,1","105,2","0,9090","0,3617","0,9077","0,3675","0,9102","0,3560",thumbnail_grossTrial,thumbnail_grossTrial.png,1245.0,1080.0,337.0,0.0,798.0,692.0,Unclassified,17.0,109.0,,,,,,
26356,23718349,1400462989636,Eye Tracker,Participant0058,17.09.2021,Participant0058,Recording4,17.09.2021,17.09.2021,14:48:45.713,12:48:45.713,64514,Timeline2,Tobii I-VT (Fixation),1.145.28180,1080,1920,"10,00",691582147.0,,,,,,,,,,,,,,,,,Invalid,Invalid,,,,,,,,,,,,,,,,,thumbnail_grossTrial,thumbnail_grossTrial.png,1245.0,1080.0,337.0,0.0,798.0,692.0,EyesNotFound,8.0,82.0,,,,,,
26357,23726725,1400462998012,Eye Tracker,Participant0058,17.09.2021,Participant0058,Recording4,17.09.2021,17.09.2021,14:48:45.713,12:48:45.713,64514,Timeline2,Tobii I-VT (Fixation),1.145.28180,1080,1920,"10,00",691590522.0,,,1458.0,407.0,1445.0,430.0,1471.0,383.0,"0,29535","0,03467","-0,95476","0,20980","0,00619","-0,97772","4,25","3,92",Valid,Valid,"235,6","99,0","518,9","293,6","101,7","510,9","396,1","117,8","403,3","104,9","0,9001","0,3768","0,8896","0,3986","0,9106","0,3550",thumbnail_grossTrial,thumbnail_grossTrial.png,1245.0,1080.0,337.0,0.0,798.0,692.0,Unclassified,17.0,110.0,,,,,,
26358,23735043,1400463006330,Eye Tracker,Participant0058,17.09.2021,Participant0058,Recording4,17.09.2021,17.09.2021,14:48:45.713,12:48:45.713,64514,Timeline2,Tobii I-VT (Fixation),1.145.28180,1080,1920,"10,00",691598840.0,,,1458.0,403.0,1447.0,417.0,1468.0,388.0,"0,29647","0,02770","-0,95464","0,20809","0,00888","-0,97807",,,Valid,Valid,"235,5","99,1","519,0","293,7","101,6","511,0","396,7","114,2","402,4","106,3","0,8997","0,3729","0,8913","0,3862","0,9080","0,3595",thumbnail_grossTrial,thumbnail_grossTrial.png,1245.0,1080.0,337.0,0.0,798.0,692.0,Unclassified,17.0,110.0,,,,,,
26359,23743378,1400463014665,Eye Tracker,Participant0058,17.09.2021,Participant0058,Recording4,17.09.2021,17.09.2021,14:48:45.713,12:48:45.713,64514,Timeline2,Tobii I-VT (Fixation),1.145.28180,1080,1920,"10,00",691607174.0,,,,,,,,,,,,,,,,,Invalid,Invalid,,,,,,,,,,,,,,,,,thumbnail_grossTrial,thumbnail_grossTrial.png,1245.0,1080.0,337.0,0.0,798.0,692.0,EyesNotFound,8.0,83.0,,,,,,
26360,23751718,1400463023005,Eye Tracker,Participant0058,17.09.2021,Participant0058,Recording4,17.09.2021,17.09.2021,14:48:45.713,12:48:45.713,64514,Timeline2,Tobii I-VT (Fixation),1.145.28180,1080,1920,"10,00",691615514.0,,,1465.0,390.0,1470.0,381.0,1461.0,398.0,"0,30683","0,00980","-0,95171","0,20391","0,01460","-0,97888","4,21","3,92",Valid,Valid,"235,5","99,0","519,2","293,7","101,4","511,5","402,9","104,3","400,3","109,0","0,9057","0,3609","0,9095","0,3529","0,9019","0,3689",thumbnail_grossTrial,thumbnail_grossTrial.png,1245.0,1080.0,337.0,0.0,798.0,692.0,Unclassified,17.0,111.0,,,,,,
26361,23760045,1400463031332,Eye Tracker,Participant0058,17.09.2021,Participant0058,Recording4,17.09.2021,17.09.2021,14:48:45.713,12:48:45.713,64514,Timeline2,Tobii I-VT (Fixation),1.145.28180,1080,1920,"10,00",691623840.0,,,1464.0,388.0,1468.0,397.0,1460.0,380.0,"0,30596","0,01780","-0,95188","0,20375","0,00486","-0,97901",,,Valid,Valid,"235,5","99,0","519,2","293,8","101,4","511,7","402,4","108,7","400,2","103,9","0,9050","0,3596","0,9082","0,3677","0,9017","0,3516",thumbnail_grossTrial,thumbnail_grossTrial.png,1245.0,1080.0,337.0,0.0,798.0,692.0,Unclassified,17.0,111.0,,,,,,
26362,23768376,1400463039663,Eye Tracker,Participant0058,17.09.2021,Participant0058,Recording4,17.09.2021,17.09.2021,14:48:45.713,12:48:45.713,64514,Timeline2,Tobii I-VT (Fixation),1.145.28180,1080,1920,"10,00",691632171.0,,,,,,,,,,,,,,,,,Invalid,Invalid,,,,,,,,,,,,,,,,,thumbnail_grossTrial,thumbnail_grossTrial.png,1245.0,1080.0,337.0,0.0,798.0,692.0,EyesNotFound,8.0,84.0,,,,,,
26363,23776683,1400463047970,Eye Tracker,Participant0058,17.09.2021,Participant0058,Recording4,17.09.2021,17.09.2021,14:48:45.713,12:48:45.713,64514,Timeline2,Tobii I-VT (Fixation),1.145.28180,1080,1920,"10,00",691640478.0,,,1467.0,382.0,1476.0,366.0,1459.0,398.0,"0,30945","0,00211","-0,95091","0,20254","0,01480","-0,97916","4,11","3,98",Valid,Valid,"235,5","98,9","519,5","293,8","101,1","512,1","404,6","100,0","399,8","108,9","0,9074","0,3534","0,9144","0,3385","0,9003","0,3683",thumbnail_grossTrial,thumbnail_grossTrial.png,1245.0,1080.0,337.0,0.0,798.0,692.0,Unclassified,17.0,112.0,,,,,,
26364,23785044,1400463056331,Eye Tracker,Participant0058,17.09.2021,Participant0058,Recording4,17.09.2021,17.09.2021,14:48:45.713,12:48:45.713,64514,Timeline2,Tobii I-VT (Fixation),1.145.28180,1080,1920,"10,00",691648838.0,,,1471.0,389.0,1481.0,360.0,1461.0,419.0,"0,31162","-0,00078","-0,95021","0,20381","0,02603","-0,97866",,,Valid,Valid,"235,5","98,9","519,5","293,8","101,1","512,3","405,9","98,4","400,5","114,7","0,9104","0,3606","0,9183","0,3330","0,9025","0,3881",thumbnail_grossTrial,thumbnail_grossTrial.png,1245.0,1080.0,337.0,0.0,798.0,692.0,Unclassified,17.0,112.0,,,,,,
26365,23793345,1400463064632,Eye Tracker,Participant0058,17.09.2021,Participant0058,Recording4,17.09.2021,17.09.2021,14:48:45.713,12:48:45.713,64514,Timeline2,Tobii I-VT (Fixation),1.145.28180,1080,1920,"10,00",691657138.0,,,,,,,,,,,,,,,,,Invalid,Invalid,,,,,,,,,,,,,,,,,thumbnail_grossTrial,thumbnail_grossTrial.png,1245.0,1080.0,337.0,0.0,798.0,692.0,EyesNotFound,8.0,85.0,,,,,,
26366,23801723,1400463073010,Eye Tracker,Participant0058,17.09.2021,Participant0058,Recording4,17.09.2021,17.09.2021,14:48:45.713,12:48:45.713,64514,Timeline2,Tobii I-VT (Fixation),1.145.28180,1080,1920,"10,00",691665516.0,,,1472.0,392.0,1462.0,398.0,1483.0,385.0,"0,30258","0,01884","-0,95294","0,21419","0,00844","-0,97676","4,15","4,16",Valid,Valid,"235,6","98,7","519,6","293,9","100,9","512,7","400,6","109,0","406,3","105,3","0,9111","0,3625","0,9027","0,3688","0,9195","0,3563",thumbnail_grossTrial,thumbnail_grossTrial.png,1245.0,1080.0,337.0,0.0,798.0,692.0,Unclassified,17.0,113.0,,,,,,
26367,23810043,1400463081330,Eye Tracker,Participant0058,17.09.2021,Participant0058,Recording4,17.09.2021,17.09.2021,14:48:45.713,12:48:45.713,64514,Timeline2,Tobii I-VT (Fixation),1.145.28180,1080,1920,"10,00",691673836.0,,,1471.0,405.0,1460.0,416.0,1482.0,394.0,"0,30202","0,02751","-0,95290","0,21394","0,01329","-0,97676",,,Valid,Valid,"235,5","98,8","519,7","293,9","100,9","512,8","400,2","113,8","406,2","107,8","0,9105","0,3749","0,9018","0,3849","0,9192","0,3648",thumbnail_grossTrial,thumbnail_grossTrial.png,1245.0,1080.0,337.0,0.0,798.0,692.0,Unclassified,17.0,113.0,,,,,,
26368,23818375,1400463089662,Eye Tracker,Participant0058,17.09.2021,Participant0058,Recording4,17.09.2021,17.09.2021,14:48:45.713,12:48:45.713,64514,Timeline2,Tobii I-VT (Fixation),1.145.28180,1080,1920,"10,00",691682167.0,,,,,,,,,,,,,,,,,Invalid,Invalid,,,,,,,,,,,,,,,,,thumbnail_grossTrial,thumbnail_grossTrial.png,1245.0,1080.0,337.0,0.0,798.0,692.0,EyesNotFound,8.0,86.0,,,,,,
26369,23826763,1400463098050,Eye Tracker,Participant0058,17.09.2021,Participant0058,Recording4,17.09.2021,17.09.2021,14:48:45.713,12:48:45.713,64514,Timeline2,Tobii I-VT (Fixation),1.145.28180,1080,1920,"10,00",691690555.0,,,1464.0,425.0,1466.0,424.0,1461.0,427.0,"0,30427","0,03174","-0,95206","0,20330","0,03074","-0,97863","4,20","3,95",Valid,Valid,"235,5","98,6","519,8","293,9","100,6","513,2","401,7","116,0","400,5","116,8","0,9043","0,3937","0,9059","0,3924","0,9026","0,3951",thumbnail_grossTrial,thumbnail_grossTrial.png,1245.0,1080.0,337.0,0.0,798.0,692.0,Unclassified,17.0,114.0,,,,,,
26370,23835010,1400463106297,Eye Tracker,Participant0058,17.09.2021,Participant0058,Recording4,17.09.2021,17.09.2021,14:48:45.713,12:48:45.713,64514,Timeline2,Tobii I-VT (Fixation),1.145.28180,1080,1920,"10,00",691698802.0,,,1458.0,402.0,1455.0,399.0,1461.0,404.0,"0,29943","0,01938","-0,95392","0,20291","0,01896","-0,97901",,,Valid,Valid,"235,5","98,7","519,8","293,9","100,6","513,3","398,7","109,3","400,3","110,6","0,8996","0,3719","0,8973","0,3697","0,9020","0,3741",thumbnail_grossTrial,thumbnail_grossTrial.png,1245.0,1080.0,337.0,0.0,798.0,692.0,Unclassified,17.0,114.0,,,,,,
26371,23843344,1400463114631,Eye Tracker,Participant0058,17.09.2021,Participant0058,Recording4,17.09.2021,17.09.2021,14:48:45.713,12:48:45.713,64514,Timeline2,Tobii I-VT (Fixation),1.145.28180,1080,1920,"10,00",691707135.0,,,,,,,,,,,,,,,,,Invalid,Invalid,,,,,,,,,,,,,,,,,thumbnail_grossTrial,thumbnail_grossTrial.png,1245.0,1080.0,337.0,0.0,798.0,692.0,EyesNotFound,8.0,87.0,,,,,,
26372,23851760,1400463123047,Eye Tracker,Participant0058,17.09.2021,Participant0058,Recording4,17.09.2021,17.09.2021,14:48:45.713,12:48:45.713,64514,Timeline2,Tobii I-VT (Fixation),1.145.28180,1080,1920,"10,00",691715550.0,,,1459.0,392.0,1454.0,396.0,1464.0,389.0,"0,29890","0,01774","-0,95412","0,20439","0,01156","-0,97882","4,14","3,84",Valid,Valid,"235,5","98,6","519,9","294,0","100,5","513,7","398,4","108,3","401,2","106,5","0,9005","0,3633","0,8964","0,3663","0,9046","0,3604",thumbnail_grossTrial,thumbnail_grossTrial.png,1245.0,1080.0,337.0,0.0,798.0,692.0,Unclassified,17.0,115.0,,,,,,
26373,23860009,1400463131296,Eye Tracker,Participant0058,17.09.2021,Participant0058,Recording4,17.09.2021,17.09.2021,14:48:45.713,12:48:45.713,64514,Timeline2,Tobii I-VT (Fixation),1.145.28180,1080,1920,"10,00",691723799.0,,,1456.0,379.0,1447.0,384.0,1464.0,374.0,"0,29591","0,01191","-0,95514","0,20449","0,00348","-0,97886",,,Valid,Valid,"235,5","98,7","519,9","294,0","100,5","513,8","396,6","105,1","401,3","102,3","0,8980","0,3509","0,8911","0,3557","0,9048","0,3461",thumbnail_grossTrial,thumbnail_grossTrial.png,1245.0,1080.0,337.0,0.0,798.0,692.0,Unclassified,17.0,115.0,,,,,,
26374,23868370,1400463139657,Eye Tracker,Participant0058,17.09.2021,Participant0058,Recording4,17.09.2021,17.09.2021,14:48:45.713,12:48:45.713,64514,Timeline2,Tobii I-VT (Fixation),1.145.28180,1080,1920,"10,00",691732160.0,,,,,,,,,,,,,,,,,Invalid,Invalid,,,,,,,,,,,,,,,,,thumbnail_grossTrial,thumbnail_grossTrial.png,1245.0,1080.0,337.0,0.0,798.0,692.0,EyesNotFound,8.0,88.0,,,,,,
26375,23876704,1400463147991,Eye Tracker,Participant0058,17.09.2021,Participant0058,Recording4,17.09.2021,17.09.2021,14:48:45.713,12:48:45.713,64514,Timeline2,Tobii I-VT (Fixation),1.145.28180,1080,1920,"10,00",691740494.0,,,1461.0,364.0,1443.0,373.0,1480.0,356.0,"0,29370","0,00644","-0,95588","0,21238","-0,00546","-0,97717","4,04","4,13",Valid,Valid,"235,6","98,5","520,0","294,0","100,3","514,1","395,4","102,0","405,7","97,4","0,9026","0,3373","0,8875","0,3450","0,9178","0,3296",thumbnail_grossTrial,thumbnail_grossTrial.png,1245.0,1080.0,337.0,0.0,798.0,692.0,Unclassified,17.0,116.0,,,,,,
26376,23885006,1400463156293,Eye Tracker,Participant0058,17.09.2021,Participant0058,Recording4,17.09.2021,17.09.2021,14:48:45.713,12:48:45.713,64514,Timeline2,Tobii I-VT (Fixation),1.145.28180,1080,1920,"10,00",691748795.0,,,1469.0,385.0,1459.0,391.0,1479.0,379.0,"0,30145","0,01564","-0,95335","0,21177","0,00645","-0,97730",,,Valid,Valid,"235,5","98,6","520,1","294,0","100,3","514,1","400,0","107,1","405,4","103,7","0,9089","0,3566","0,9010","0,3624","0,9168","0,3509",thumbnail_grossTrial,thumbnail_grossTrial.png,1245.0,1080.0,337.0,0.0,798.0,692.0,Unclassified,17.0,116.0,,,,,,
26377,23893340,1400463164627,Eye Tracker,Participant0058,17.09.2021,Participant0058,Recording4,17.09.2021,17.09.2021,14:48:45.713,12:48:45.713,64514,Timeline2,Tobii I-VT (Fixation),1.145.28180,1080,1920,"10,00",691757128.0,,,,,,,,,,,,,,,,,Invalid,Invalid,,,,,,,,,,,,,,,,,thumbnail_grossTrial,thumbnail_grossTrial.png,1245.0,1080.0,337.0,0.0,798.0,692.0,EyesNotFound,8.0,89.0,,,,,,
26378,23901717,1400463173004,Eye Tracker,Participant0058,17.09.2021,Participant0058,Recording4,17.09.2021,17.09.2021,14:48:45.713,12:48:45.713,64514,Timeline2,Tobii I-VT (Fixation),1.145.28180,1080,1920,"10,00",691765505.0,,,1474.0,385.0,1462.0,400.0,1485.0,370.0,"0,30280","0,02029","-0,95284","0,21484","0,00200","-0,97665","4,13","4,08",Valid,Valid,"235,5","98,5","520,2","294,0","100,2","514,4","400,8","109,5","407,1","101,3","0,9127","0,3567","0,9035","0,3706","0,9219","0,3427",thumbnail_grossTrial,thumbnail_grossTrial.png,1245.0,1080.0,337.0,0.0,798.0,692.0,Unclassified,17.0,117.0,,,,,,
26379,23910052,1400463181339,Eye Tracker,Participant0058,17.09.2021,Participant0058,Recording4,17.09.2021,17.09.2021,14:48:45.713,12:48:45.713,64514,Timeline2,Tobii I-VT (Fixation),1.145.28180,1080,1920,"10,00",691773840.0,,,1478.0,365.0,1460.0,386.0,1496.0,344.0,"0,30182","0,01320","-0,95327","0,22003","-0,01133","-0,97543",,,Valid,Valid,"235,5","98,5","520,2","294,0","100,2","514,4","400,2","105,7","410,0","94,2","0,9161","0,3382","0,9017","0,3577","0,9305","0,3188",thumbnail_grossTrial,thumbnail_grossTrial.png,1245.0,1080.0,337.0,0.0,798.0,692.0,Unclassified,17.0,117.0,,,,,,
26380,23918394,1400463189681,Eye Tracker,Participant0058,17.09.2021,Participant0058,Recording4,17.09.2021,17.09.2021,14:48:45.713,12:48:45.713,64514,Timeline2,Tobii I-VT (Fixation),1.145.28180,1080,1920,"10,00",691782181.0,,,,,,,,,,,,,,,,,Invalid,Invalid,,,,,,,,,,,,,,,,,thumbnail_grossTrial,thumbnail_grossTrial.png,1245.0,1080.0,337.0,0.0,798.0,692.0,EyesNotFound,8.0,90.0,,,,,,
26381,23926711,1400463197998,Eye Tracker,Participant0058,17.09.2021,Participant0058,Recording4,17.09.2021,17.09.2021,14:48:45.713,12:48:45.713,64514,Timeline2,Tobii I-VT (Fixation),1.145.28180,1080,1920,"10,00",691790498.0,,,1480.0,368.0,1464.0,391.0,1496.0,345.0,"0,30332","0,01560","-0,95276","0,21998","-0,01065","-0,97545","4,11","4,04",Valid,Valid,"235,5","98,4","520,4","294,0","100,1","514,6","401,2","106,9","410,0","94,5","0,9175","0,3407","0,9045","0,3617","0,9304","0,3197",thumbnail_grossTrial,thumbnail_grossTrial.png,1245.0,1080.0,337.0,0.0,798.0,692.0,Unclassified,17.0,118.0,,,,,,
26382,23935012,1400463206299,Eye Tracker,Participant0058,17.09.2021,Participant0058,Recording4,17.09.2021,17.09.2021,14:48:45.713,12:48:45.713,64514,Timeline2,Tobii I-VT (Fixation),1.145.28180,1080,1920,"10,00",691798799.0,,,1474.0,358.0,1465.0,386.0,1483.0,331.0,"0,30387","0,01291","-0,95262","0,21338","-0,01782","-0,97681",,,Valid,Valid,"235,5","98,5","520,4","294,0","100,1","514,6","401,5","105,5","406,5","90,7","0,9127","0,3319","0,9054","0,3570","0,9200","0,3069",thumbnail_grossTrial,thumbnail_grossTrial.png,1245.0,1080.0,337.0,0.0,798.0,692.0,Unclassified,17.0,118.0,,,,,,
26383,23943338,1400463214625,Eye Tracker,Participant0058,17.09.2021,Participant0058,Recording4,17.09.2021,17.09.2021,14:48:45.713,12:48:45.713,64514,Timeline2,Tobii I-VT (Fixation),1.145.28180,1080,1920,"10,00",691807123.0,,,,,,,,,,,,,,,,,Invalid,Invalid,,,,,,,,,,,,,,,,,thumbnail_grossTrial,thumbnail_grossTrial.png,1245.0,1080.0,337.0,0.0,798.0,692.0,EyesNotFound,8.0,91.0,,,,,,
26384,23951674,1400463222961,Eye Tracker,Participant0058,17.09.2021,Participant0058,Recording4,17.09.2021,17.09.2021,14:48:45.713,12:48:45.713,64514,Timeline2,Tobii I-VT (Fixation),1.145.28180,1080,1920,"10,00",691815459.0,,,1476.0,346.0,1472.0,350.0,1479.0,342.0,"0,30719","-0,00492","-0,95164","0,21127","-0,01208","-0,97735","4,02","4,00",Valid,Valid,"235,5","98,4","520,6","294,1","100,0","514,9","403,5","95,7","405,3","93,6","0,9140","0,3203","0,9114","0,3238","0,9167","0,3168",thumbnail_grossTrial,thumbnail_grossTrial.png,1245.0,1080.0,337.0,0.0,798.0,692.0,Unclassified,17.0,119.0,,,,,,
26385,23960034,1400463231321,Eye Tracker,Participant0058,17.09.2021,Participant0058,Recording4,17.09.2021,17.09.2021,14:48:45.713,12:48:45.713,64514,Timeline2,Tobii I-VT (Fixation),1.145.28180,1080,1920,"10,00",691823819.0,,,1475.0,365.0,1468.0,358.0,1483.0,372.0,"0,30496","-0,00086","-0,95236","0,21345","0,00327","-0,97695",,,Valid,Valid,"235,5","98,4","520,6","294,1","100,0","514,9","402,2","97,9","406,6","101,7","0,9139","0,3378","0,9075","0,3313","0,9203","0,3442",thumbnail_grossTrial,thumbnail_grossTrial.png,1245.0,1080.0,337.0,0.0,798.0,692.0,Unclassified,17.0,119.0,,,,,,
26386,23968414,1400463239701,Eye Tracker,Participant0058,17.09.2021,Participant0058,Recording4,17.09.2021,17.09.2021,14:48:45.713,12:48:45.713,64514,Timeline2,Tobii I-VT (Fixation),1.145.28180,1080,1920,"10,00",691832199.0,,,,,,,,,,,,,,,,,Invalid,Invalid,,,,,,,,,,,,,,,,,thumbnail_grossTrial,thumbnail_grossTrial.png,1245.0,1080.0,337.0,0.0,798.0,692.0,EyesNotFound,8.0,92.0,,,,,,
26387,23976716,1400463248003,Eye Tracker,Participant0058,17.09.2021,Participant0058,Recording4,17.09.2021,17.09.2021,14:48:45.713,12:48:45.713,64514,Timeline2,Tobii I-VT (Fixation),1.145.28180,1080,1920,"10,00",691840500.0,,,1467.0,380.0,1467.0,373.0,1467.0,387.0,"0,30480","0,00696","-0,95239","0,20513","0,01118","-0,97867","4,08","3,80",Valid,Valid,"235,5","98,3","520,8","294,1","99,9","515,1","402,1","102,1","402,0","105,8","0,9071","0,3518","0,9073","0,3456","0,9070","0,3580",thumbnail_grossTrial,thumbnail_grossTrial.png,1245.0,1080.0,337.0,0.0,798.0,692.0,Unclassified,17.0,120.0,,,,,,
26388,23985010,1400463256297,Eye Tracker,Participant0058,17.09.2021,Participant0058,Recording4,17.09.2021,17.09.2021,14:48:45.713,12:48:45.713,64514,Timeline2,Tobii I-VT (Fixation),1.145.28180,1080,1920,"10,00",691848794.0,,,1472.0,388.0,1475.0,362.0,1468.0,413.0,"0,30806","0,00128","-0,95137","0,20586","0,02500","-0,97826",,,Valid,Valid,"235,5","98,3","520,8","294,1","100,0","515,1","404,1","99,0","402,5","113,1","0,9107","0,3589","0,9132","0,3351","0,9083","0,3827",thumbnail_grossTrial,thumbnail_grossTrial.png,1245.0,1080.0,337.0,0.0,798.0,692.0,Unclassified,17.0,120.0,,,,,,
26389,23993363,1400463264650,Eye Tracker,Participant0058,17.09.2021,Participant0058,Recording4,17.09.2021,17.09.2021,14:48:45.713,12:48:45.713,64514,Timeline2,Tobii I-VT (Fixation),1.145.28180,1080,1920,"10,00",691857147.0,,,,,,,,,,,,,,,,,Invalid,Invalid,,,,,,,,,,,,,,,,,thumbnail_grossTrial,thumbnail_grossTrial.png,1245.0,1080.0,337.0,0.0,798.0,692.0,EyesNotFound,8.0,93.0,,,,,,
26390,24001676,1400463272963,Eye Tracker,Participant0058,17.09.2021,Participant0058,Recording4,17.09.2021,17.09.2021,14:48:45.713,12:48:45.713,64514,Timeline2,Tobii I-VT (Fixation),1.145.28180,1080,1920,"10,00",691865459.0,,,1461.0,402.0,1464.0,378.0,1457.0,426.0,"0,30323","0,00962","-0,95287","0,20035","0,03162","-0,97921","4,09","3,89",Valid,Valid,"235,4","98,2","521,0","294,0","99,9","515,3","401,2","103,5","399,4","116,5","0,9020","0,3721","0,9046","0,3501","0,8994","0,3942",thumbnail_grossTrial,thumbnail_grossTrial.png,1245.0,1080.0,337.0,0.0,798.0,692.0,Unclassified,17.0,121.0,,,,,,
26391,24010040,1400463281327,Eye Tracker,Participant0058,17.09.2021,Participant0058,Recording4,17.09.2021,17.09.2021,14:48:45.713,12:48:45.713,64514,Timeline2,Tobii I-VT (Fixation),1.145.28180,1080,1920,"10,00",691873822.0,,,1411.0,411.0,1412.0,440.0,1410.0,382.0,"0,27942","0,04103","-0,95929","0,17677","0,00896","-0,98421",,,Valid,Valid,"235,2","98,2","521,0","293,8","99,9","515,2","387,0","120,5","386,3","104,6","0,8619","0,3808","0,8629","0,4078","0,8610","0,3538",thumbnail_grossTrial,thumbnail_grossTrial.png,1245.0,1080.0,337.0,0.0,798.0,692.0,Unclassified,17.0,121.0,,,,,,
26392,24018332,1400463289619,Eye Tracker,Participant0058,17.09.2021,Participant0058,Recording4,17.09.2021,17.09.2021,14:48:45.713,12:48:45.713,64514,Timeline2,Tobii I-VT (Fixation),1.145.28180,1080,1920,"10,00",691882114.0,,,,,,,,,,,,,,,,,Invalid,Invalid,,,,,,,,,,,,,,,,,thumbnail_grossTrial,thumbnail_grossTrial.png,1245.0,1080.0,337.0,0.0,798.0,692.0,EyesNotFound,8.0,94.0,,,,,,
26393,24026667,1400463297954,Eye Tracker,Participant0058,17.09.2021,Participant0058,Recording4,17.09.2021,17.09.2021,14:48:45.713,12:48:45.713,64514,Timeline2,Tobii I-VT (Fixation),1.145.28180,1080,1920,"10,00",691890449.0,,,1307.0,388.0,1302.0,418.0,1312.0,357.0,"0,22816","0,03052","-0,97314","0,12742","-0,00407","-0,99184","4,50","4,11",Valid,Valid,"234,7","98,1","521,1","293,3","99,8","515,4","356,9","114,5","359,5","97,6","0,7785","0,3588","0,7747","0,3873","0,7824","0,3304",thumbnail_grossTrial,thumbnail_grossTrial.png,1245.0,1080.0,337.0,0.0,798.0,692.0,Unclassified,17.0,122.0,,,,,,
26394,24034999,1400463306286,Eye Tracker,Participant0058,17.09.2021,Participant0058,Recording4,17.09.2021,17.09.2021,14:48:45.713,12:48:45.713,64514,Timeline2,Tobii I-VT (Fixation),1.145.28180,1080,1920,"10,00",691898780.0,,,1181.0,417.0,1190.0,410.0,1172.0,424.0,"0,17335","0,02661","-0,98450","0,05428","0,03125","-0,99804",,,Valid,Valid,"234,5","98,2","521,1","293,1","99,8","515,3","326,3","112,3","321,1","115,9","0,6775","0,3861","0,6850","0,3800","0,6699","0,3923",thumbnail_grossTrial,thumbnail_grossTrial.png,1245.0,1080.0,337.0,0.0,798.0,692.0,Unclassified,17.0,122.0,,,,,,
26395,24043331,1400463314618,Eye Tracker,Participant0058,17.09.2021,Participant0058,Recording4,17.09.2021,17.09.2021,14:48:45.713,12:48:45.713,64514,Timeline2,Tobii I-VT (Fixation),1.145.28180,1080,1920,"10,00",691907112.0,,,,,,,,,,,,,,,,,Invalid,Invalid,,,,,,,,,,,,,,,,,thumbnail_grossTrial,thumbnail_grossTrial.png,1245.0,1080.0,337.0,0.0,798.0,692.0,EyesNotFound,8.0,95.0,,,,,,
26396,24051666,1400463322953,Eye Tracker,Participant0058,17.09.2021,Participant0058,Recording4,17.09.2021,17.09.2021,14:48:45.713,12:48:45.713,64514,Timeline2,Tobii I-VT (Fixation),1.145.28180,1080,1920,"10,00",691915446.0,,,1121.0,440.0,1134.0,424.0,1108.0,457.0,"0,14507","0,03399","-0,98884","0,02077","0,04904","-0,99858","4,30","3,87",Valid,Valid,"234,3","98,1","521,3","293,0","99,8","515,4","310,8","116,0","303,7","125,1","0,6293","0,4079","0,6398","0,3926","0,6189","0,4232",thumbnail_grossTrial,thumbnail_grossTrial.png,1245.0,1080.0,337.0,0.0,798.0,692.0,Unclassified,17.0,123.0,,,,,,
26397,24060030,1400463331317,Eye Tracker,Participant0058,17.09.2021,Participant0058,Recording4,17.09.2021,17.09.2021,14:48:45.713,12:48:45.713,64514,Timeline2,Tobii I-VT (Fixation),1.145.28180,1080,1920,"10,00",691923810.0,,,1107.0,435.0,1115.0,421.0,1100.0,449.0,"0,13534","0,03246","-0,99027","0,01621","0,04474","-0,99887",,,Valid,Valid,"234,4","98,1","521,3","293,0","99,8","515,3","305,6","115,2","301,3","122,9","0,6183","0,4029","0,6245","0,3899","0,6120","0,4158",thumbnail_grossTrial,thumbnail_grossTrial.png,1245.0,1080.0,337.0,0.0,798.0,692.0,Unclassified,17.0,123.0,,,,,,
26398,24068330,1400463339617,Eye Tracker,Participant0058,17.09.2021,Participant0058,Recording4,17.09.2021,17.09.2021,14:48:45.713,12:48:45.713,64514,Timeline2,Tobii I-VT (Fixation),1.145.28180,1080,1920,"10,00",691932109.0,,,,,,,,,,,,,,,,,Invalid,Invalid,,,,,,,,,,,,,,,,,thumbnail_grossTrial,thumbnail_grossTrial.png,1245.0,1080.0,337.0,0.0,798.0,692.0,EyesNotFound,8.0,96.0,,,,,,
26399,24076695,1400463347982,Eye Tracker,Participant0058,17.09.2021,Participant0058,Recording4,17.09.2021,17.09.2021,14:48:45.713,12:48:45.713,64514,Timeline2,Tobii I-VT (Fixation),1.145.28180,1080,1920,"10,00",691940474.0,,,1111.0,433.0,1115.0,417.0,1106.0,450.0,"0,13536","0,03053","-0,99033","0,01962","0,04510","-0,99879","4,26","4,09",Valid,Valid,"234,3","98,1","521,3","293,0","99,8","515,2","305,6","114,2","303,1","123,1","0,6208","0,4013","0,6245","0,3863","0,6172","0,4163",thumbnail_grossTrial,thumbnail_grossTrial.png,1245.0,1080.0,337.0,0.0,798.0,692.0,Saccade,17.0,91.0,,,,,,
26400,24085024,1400463356311,Eye Tracker,Participant0058,17.09.2021,Participant0058,Recording4,17.09.2021,17.09.2021,14:48:45.713,12:48:45.713,64514,Timeline2,Tobii I-VT (Fixation),1.145.28180,1080,1920,"10,00",691948803.0,,,1102.0,415.0,1112.0,395.0,1093.0,434.0,"0,13369","0,01891","-0,99084","0,01261","0,03666","-0,99925",,,Valid,Valid,"234,4","98,1","521,3","293,0","99,9","515,1","304,7","108,1","299,5","118,8","0,6142","0,3838","0,6218","0,3657","0,6066","0,4020",thumbnail_grossTrial,thumbnail_grossTrial.png,1245.0,1080.0,337.0,0.0,798.0,692.0,Saccade,17.0,91.0,,,,,,
26401,24093326,1400463364613,Eye Tracker,Participant0058,17.09.2021,Participant0058,Recording4,17.09.2021,17.09.2021,14:48:45.713,12:48:45.713,64514,Timeline2,Tobii I-VT (Fixation),1.145.28180,1080,1920,"10,00",691957105.0,,,1118.0,406.0,1127.0,391.0,1109.0,421.0,"0,14175","0,01654","-0,98976","0,02123","0,02969","-0,99933",,,Valid,Valid,"234,3","98,2","521,3","292,9","100,0","515,0","308,9","106,9","303,9","115,3","0,6268","0,3758","0,6342","0,3617","0,6194","0,3900",thumbnail_grossTrial,thumbnail_grossTrial.png,1245.0,1080.0,337.0,0.0,798.0,692.0,Unclassified,58.0,124.0,,,,,,
26402,24101664,1400463372951,Eye Tracker,Participant0058,17.09.2021,Participant0058,Recording4,17.09.2021,17.09.2021,14:48:45.713,12:48:45.713,64514,Timeline2,Tobii I-VT (Fixation),1.145.28180,1080,1920,"10,00",691965442.0,,,1114.0,401.0,1118.0,393.0,1110.0,409.0,"0,13691","0,01770","-0,99043","0,02159","0,02351","-0,99949","3,97","4,24",Valid,Valid,"234,3","98,1","521,3","293,0","99,9","515,0","306,4","107,4","304,1","112,1","0,6234","0,3713","0,6268","0,3635","0,6200","0,3791",thumbnail_grossTrial,thumbnail_grossTrial.png,1245.0,1080.0,337.0,0.0,798.0,692.0,Unclassified,58.0,124.0,,,,,,
26403,24110022,1400463381309,Eye Tracker,Participant0058,17.09.2021,Participant0058,Recording4,17.09.2021,17.09.2021,14:48:45.713,12:48:45.713,64514,Timeline2,Tobii I-VT (Fixation),1.145.28180,1080,1920,"10,00",691973799.0,,,1100.0,419.0,1101.0,423.0,1100.0,414.0,"0,12795","0,03348","-0,99122","0,01665","0,02600","-0,99952",,,Valid,Valid,"234,3","98,2","521,2","293,0","100,0","514,8","301,6","115,8","301,5","113,4","0,6127","0,3877","0,6128","0,3917","0,6126","0,3836",thumbnail_grossTrial,thumbnail_grossTrial.png,1245.0,1080.0,337.0,0.0,798.0,692.0,Unclassified,58.0,124.0,,,,,,
26404,24118354,1400463389641,Eye Tracker,Participant0058,17.09.2021,Participant0058,Recording4,17.09.2021,17.09.2021,14:48:45.713,12:48:45.713,64514,Timeline2,Tobii I-VT (Fixation),1.145.28180,1080,1920,"10,00",691982131.0,,,1100.0,419.0,1101.0,423.0,1100.0,414.0,"0,12811","0,03349","-0,99119","0,01677","0,02598","-0,99952",,,Valid,Valid,"234,2","98,2","521,3","292,9","100,0","514,9","301,6","115,8","301,5","113,4","0,6127","0,3877","0,6128","0,3917","0,6126","0,3836",thumbnail_grossTrial,thumbnail_grossTrial.png,1245.0,1080.0,337.0,0.0,798.0,692.0,Unclassified,58.0,124.0,,,,,,
26405,24126670,1400463397957,Eye Tracker,Participant0058,17.09.2021,Participant0058,Recording4,17.09.2021,17.09.2021,14:48:45.713,12:48:45.713,64514,Timeline2,Tobii I-VT (Fixation),1.145.28180,1080,1920,"10,00",691990446.0,,,1119.0,410.0,1127.0,403.0,1111.0,416.0,"0,14139","0,02332","-0,98968","0,02263","0,02685","-0,99938","4,43","4,21",Valid,Valid,"234,3","98,1","521,3","293,0","99,9","514,9","308,8","110,4","304,6","113,8","0,6277","0,3792","0,6338","0,3736","0,6216","0,3849",thumbnail_grossTrial,thumbnail_grossTrial.png,1245.0,1080.0,337.0,0.0,798.0,692.0,Unclassified,58.0,124.0,,,,,,
26406,24134993,1400463406280,Eye Tracker,Participant0058,17.09.2021,Participant0058,Recording4,17.09.2021,17.09.2021,14:48:45.713,12:48:45.713,64514,Timeline2,Tobii I-VT (Fixation),1.145.28180,1080,1920,"10,00",691998769.0,,,1116.0,394.0,1126.0,391.0,1106.0,398.0,"0,14098","0,01671","-0,98987","0,01984","0,01731","-0,99965",,,Valid,Valid,"234,3","98,2","521,2","293,0","100,0","514,8","308,6","107,0","303,2","108,9","0,6253","0,3653","0,6332","0,3620","0,6174","0,3685",thumbnail_grossTrial,thumbnail_grossTrial.png,1245.0,1080.0,337.0,0.0,798.0,692.0,Unclassified,58.0,124.0,,,,,,
26407,24143325,1400463414612,Eye Tracker,Participant0058,17.09.2021,Participant0058,Recording4,17.09.2021,17.09.2021,14:48:45.713,12:48:45.713,64514,Timeline2,Tobii I-VT (Fixation),1.145.28180,1080,1920,"10,00",692007101.0,,,1128.0,393.0,1135.0,386.0,1121.0,399.0,"0,14602","0,01404","-0,98918","0,02799","0,01771","-0,99945",,,Valid,Valid,"234,3","98,4","520,8","292,9","100,0","514,8","311,1","105,8","307,3","109,2","0,6351","0,3636","0,6407","0,3578","0,6295","0,3693",thumbnail_grossTrial,thumbnail_grossTrial.png,1245.0,1080.0,337.0,0.0,798.0,692.0,Unclassified,58.0,124.0,,,,,,
26408,24151707,1400463422994,Eye Tracker,Participant0058,17.09.2021,Participant0058,Recording4,17.09.2021,17.09.2021,14:48:45.713,12:48:45.713,64514,Timeline2,Tobii I-VT (Fixation),1.145.28180,1080,1920,"10,00",692015482.0,,,1124.0,397.0,1127.0,390.0,1122.0,404.0,"0,14165","0,01584","-0,98979","0,02802","0,02071","-0,99939","3,97","4,22",Valid,Valid,"234,3","98,4","520,4","293,0","100,0","514,7","308,8","106,8","307,4","110,6","0,6318","0,3678","0,6339","0,3613","0,6297","0,3744",thumbnail_grossTrial,thumbnail_grossTrial.png,1245.0,1080.0,337.0,0.0,798.0,692.0,Saccade,17.0,92.0,,,,,,
26409,24160000,1400463431287,Eye Tracker,Participant0058,17.09.2021,Participant0058,Recording4,17.09.2021,17.09.2021,14:48:45.713,12:48:45.713,64514,Timeline2,Tobii I-VT (Fixation),1.145.28180,1080,1920,"10,00",692023774.0,,,1124.0,413.0,1124.0,408.0,1125.0,418.0,"0,14004","0,02464","-0,98984","0,02996","0,02747","-0,99917",,,Valid,Valid,"234,4","98,6","520,0","293,0","100,1","514,5","307,9","111,6","308,4","114,3","0,6320","0,3821","0,6314","0,3776","0,6327","0,3866",thumbnail_grossTrial,thumbnail_grossTrial.png,1245.0,1080.0,337.0,0.0,798.0,692.0,Saccade,17.0,92.0,,,,,,
26410,24168415,1400463439702,Eye Tracker,Participant0058,17.09.2021,Participant0058,Recording4,17.09.2021,17.09.2021,14:48:45.713,12:48:45.713,64514,Timeline2,Tobii I-VT (Fixation),1.145.28180,1080,1920,"10,00",692032189.0,,,1118.0,420.0,1114.0,415.0,1121.0,425.0,"0,13536","0,02829","-0,99039","0,02782","0,03119","-0,99913",,,Valid,Valid,"234,3","98,8","519,7","292,9","100,2","514,4","305,3","113,6","307,2","116,2","0,6265","0,3889","0,6237","0,3845","0,6292","0,3933",thumbnail_grossTrial,thumbnail_grossTrial.png,1245.0,1080.0,337.0,0.0,798.0,692.0,Unclassified,42.0,125.0,,,,,,
26411,24176674,1400463447961,Eye Tracker,Participant0058,17.09.2021,Participant0058,Recording4,17.09.2021,17.09.2021,14:48:45.713,12:48:45.713,64514,Timeline2,Tobii I-VT (Fixation),1.145.28180,1080,1920,"10,00",692040448.0,,,1106.0,436.0,1089.0,452.0,1122.0,419.0,"0,12241","0,04768","-0,99133","0,02832","0,02825","-0,99920","3,96","4,21",Valid,Valid,"234,4","98,8","519,5","292,9","100,2","514,3","298,5","123,8","307,5","114,7","0,6169","0,4035","0,6037","0,4189","0,6301","0,3882",thumbnail_grossTrial,thumbnail_grossTrial.png,1245.0,1080.0,337.0,0.0,798.0,692.0,Unclassified,42.0,125.0,,,,,,
26412,24185021,1400463456308,Eye Tracker,Participant0058,17.09.2021,Participant0058,Recording4,17.09.2021,17.09.2021,14:48:45.713,12:48:45.713,64514,Timeline2,Tobii I-VT (Fixation),1.145.28180,1080,1920,"10,00",692048795.0,,,1119.0,419.0,1116.0,402.0,1123.0,435.0,"0,13625","0,02076","-0,99046","0,02861","0,03664","-0,99892",,,Valid,Valid,"234,4","99,0","519,2","292,9","100,3","514,1","305,8","109,9","307,7","119,2","0,6278","0,3875","0,6251","0,3718","0,6305","0,4032",thumbnail_grossTrial,thumbnail_grossTrial.png,1245.0,1080.0,337.0,0.0,798.0,692.0,Unclassified,42.0,125.0,,,,,,
26413,24193350,1400463464637,Eye Tracker,Participant0058,17.09.2021,Participant0058,Recording4,17.09.2021,17.09.2021,14:48:45.713,12:48:45.713,64514,Timeline2,Tobii I-VT (Fixation),1.145.28180,1080,1920,"10,00",692057123.0,,,1123.0,422.0,1121.0,411.0,1126.0,434.0,"0,13889","0,02544","-0,98998","0,03043","0,03558","-0,99890",,,Valid,Valid,"234,3","99,1","519,0","292,8","100,4","513,9","307,1","112,5","308,5","118,7","0,6310","0,3911","0,6290","0,3805","0,6330","0,4017",thumbnail_grossTrial,thumbnail_grossTrial.png,1245.0,1080.0,337.0,0.0,798.0,692.0,Unclassified,42.0,125.0,,,,,,
26414,24201685,1400463472972,Eye Tracker,Participant0058,17.09.2021,Participant0058,Recording4,17.09.2021,17.09.2021,14:48:45.713,12:48:45.713,64514,Timeline2,Tobii I-VT (Fixation),1.145.28180,1080,1920,"10,00",692065458.0,,,1122.0,423.0,1121.0,411.0,1124.0,434.0,"0,13905","0,02553","-0,98996","0,02936","0,03573","-0,99893","3,97","4,19",Valid,Valid,"234,4","99,1","518,8","292,9","100,4","513,7","307,2","112,5","308,0","118,8","0,6304","0,3913","0,6293","0,3806","0,6314","0,4020",thumbnail_grossTrial,thumbnail_grossTrial.png,1245.0,1080.0,337.0,0.0,798.0,692.0,Unclassified,42.0,125.0,,,,,,
26415,24209986,1400463481273,Eye Tracker,Participant0058,17.09.2021,Participant0058,Recording4,17.09.2021,17.09.2021,14:48:45.713,12:48:45.713,64514,Timeline2,Tobii I-VT (Fixation),1.145.28180,1080,1920,"10,00",692073758.0,,,1120.0,414.0,1115.0,414.0,1125.0,413.0,"0,13581","0,02691","-0,99037","0,03025","0,02419","-0,99925",,,Valid,Valid,"234,4","99,3","518,5","292,8","100,6","513,4","305,5","113,4","308,4","113,0","0,6284","0,3829","0,6242","0,3835","0,6327","0,3824",thumbnail_grossTrial,thumbnail_grossTrial.png,1245.0,1080.0,337.0,0.0,798.0,692.0,Saccade,8.0,93.0,,,,,,
26416,24218321,1400463489608,Eye Tracker,Participant0058,17.09.2021,Participant0058,Recording4,17.09.2021,17.09.2021,14:48:45.713,12:48:45.713,64514,Timeline2,Tobii I-VT (Fixation),1.145.28180,1080,1920,"10,00",692082092.0,,,1114.0,408.0,1108.0,406.0,1119.0,411.0,"0,13262","0,02224","-0,99092","0,02713","0,02280","-0,99937",,,Valid,Valid,"234,3","99,4","518,4","292,7","100,7","513,3","303,7","111,0","306,7","112,4","0,6233","0,3779","0,6189","0,3755","0,6277","0,3802",thumbnail_grossTrial,thumbnail_grossTrial.png,1245.0,1080.0,337.0,0.0,798.0,692.0,Unclassified,33.0,126.0,,,,,,
26417,24226656,1400463497943,Eye Tracker,Participant0058,17.09.2021,Participant0058,Recording4,17.09.2021,17.09.2021,14:48:45.713,12:48:45.713,64514,Timeline2,Tobii I-VT (Fixation),1.145.28180,1080,1920,"10,00",692090427.0,,,1115.0,408.0,1112.0,403.0,1118.0,412.0,"0,13477","0,02116","-0,99065","0,02667","0,02360","-0,99937","4,32","4,06",Valid,Valid,"234,3","99,3","518,2","292,8","100,7","513,2","304,8","110,4","306,5","112,8","0,6247","0,3775","0,6223","0,3735","0,6271","0,3815",thumbnail_grossTrial,thumbnail_grossTrial.png,1245.0,1080.0,337.0,0.0,798.0,692.0,Unclassified,33.0,126.0,,,,,,
26418,24235019,1400463506306,Eye Tracker,Participant0058,17.09.2021,Participant0058,Recording4,17.09.2021,17.09.2021,14:48:45.713,12:48:45.713,64514,Timeline2,Tobii I-VT (Fixation),1.145.28180,1080,1920,"10,00",692098790.0,,,1117.0,405.0,1120.0,386.0,1115.0,423.0,"0,13874","0,01200","-0,99026","0,02474","0,02913","-0,99927",,,Valid,Valid,"234,4","99,5","518,0","292,8","100,7","513,0","307,0","105,7","305,5","115,7","0,6263","0,3746","0,6284","0,3578","0,6242","0,3915",thumbnail_grossTrial,thumbnail_grossTrial.png,1245.0,1080.0,337.0,0.0,798.0,692.0,Unclassified,33.0,126.0,,,,,,
26419,24243349,1400463514636,Eye Tracker,Participant0058,17.09.2021,Participant0058,Recording4,17.09.2021,17.09.2021,14:48:45.713,12:48:45.713,64514,Timeline2,Tobii I-VT (Fixation),1.145.28180,1080,1920,"10,00",692107120.0,,,1118.0,402.0,1122.0,379.0,1114.0,424.0,"0,13974","0,00816","-0,99015","0,02454","0,02987","-0,99925",,,Valid,Valid,"234,3","99,5","517,9","292,7","100,8","512,9","307,4","103,8","305,3","116,1","0,6267","0,3721","0,6297","0,3512","0,6236","0,3929",thumbnail_grossTrial,thumbnail_grossTrial.png,1245.0,1080.0,337.0,0.0,798.0,692.0,Unclassified,33.0,126.0,,,,,,
26420,24251682,1400463522969,Eye Tracker,Participant0058,17.09.2021,Participant0058,Recording4,17.09.2021,17.09.2021,14:48:45.713,12:48:45.713,64514,Timeline2,Tobii I-VT (Fixation),1.145.28180,1080,1920,"10,00",692115452.0,,,1115.0,409.0,1122.0,389.0,1108.0,428.0,"0,13994","0,01338","-0,99007","0,02129","0,03198","-0,99926","4,47","3,83",Valid,Valid,"234,3","99,5","517,8","292,8","100,8","512,9","307,5","106,5","303,7","117,2","0,6245","0,3784","0,6301","0,3603","0,6189","0,3965",thumbnail_grossTrial,thumbnail_grossTrial.png,1245.0,1080.0,337.0,0.0,798.0,692.0,Saccade,17.0,94.0,,,,,,
26421,24259985,1400463531272,Eye Tracker,Participant0058,17.09.2021,Participant0058,Recording4,17.09.2021,17.09.2021,14:48:45.713,12:48:45.713,64514,Timeline2,Tobii I-VT (Fixation),1.145.28180,1080,1920,"10,00",692123754.0,,,1108.0,436.0,1110.0,444.0,1107.0,428.0,"0,13359","0,04198","-0,99015","0,02048","0,03197","-0,99928",,,Valid,Valid,"234,4","99,6","517,6","292,8","100,8","512,7","304,2","121,6","303,3","117,2","0,6191","0,4040","0,6205","0,4114","0,6177","0,3967",thumbnail_grossTrial,thumbnail_grossTrial.png,1245.0,1080.0,337.0,0.0,798.0,692.0,Saccade,17.0,94.0,,,,,,
26422,24268317,1400463539604,Eye Tracker,Participant0058,17.09.2021,Participant0058,Recording4,17.09.2021,17.09.2021,14:48:45.713,12:48:45.713,64514,Timeline2,Tobii I-VT (Fixation),1.145.28180,1080,1920,"10,00",692132086.0,,,1108.0,432.0,1110.0,444.0,1106.0,421.0,"0,13382","0,04185","-0,99012","0,02018","0,02770","-0,99941",,,Valid,Valid,"234,3","99,7","517,4","292,7","100,9","512,7","304,3","121,6","303,1","115,1","0,6189","0,4004","0,6206","0,4113","0,6171","0,3894",thumbnail_grossTrial,thumbnail_grossTrial.png,1245.0,1080.0,337.0,0.0,798.0,692.0,Fixation,92.0,58.0,1108.0,425.0,"0,6192","0,3935",,
26423,24276683,1400463547970,Eye Tracker,Participant0058,17.09.2021,Participant0058,Recording4,17.09.2021,17.09.2021,14:48:45.713,12:48:45.713,64514,Timeline2,Tobii I-VT (Fixation),1.145.28180,1080,1920,"10,00",692140452.0,,,1116.0,422.0,1121.0,424.0,1111.0,420.0,"0,13960","0,03125","-0,98971","0,02271","0,02763","-0,99936","4,30","4,07",Valid,Valid,"234,4","99,7","517,3","292,8","100,8","512,6","307,4","116,0","304,4","115,0","0,6254","0,3908","0,6296","0,3925","0,6211","0,3891",thumbnail_grossTrial,thumbnail_grossTrial.png,1245.0,1080.0,337.0,0.0,798.0,692.0,Fixation,92.0,58.0,1108.0,425.0,"0,6192","0,3935",,
26424,24284982,1400463556269,Eye Tracker,Participant0058,17.09.2021,Participant0058,Recording4,17.09.2021,17.09.2021,14:48:45.713,12:48:45.713,64514,Timeline2,Tobii I-VT (Fixation),1.145.28180,1080,1920,"10,00",692148750.0,,,1115.0,418.0,1119.0,416.0,1111.0,420.0,"0,13810","0,02693","-0,99005","0,02287","0,02716","-0,99937",,,Valid,Valid,"234,4","99,8","517,1","292,8","100,9","512,5","306,6","113,9","304,5","114,8","0,6243","0,3869","0,6273","0,3853","0,6213","0,3885",thumbnail_grossTrial,thumbnail_grossTrial.png,1245.0,1080.0,337.0,0.0,798.0,692.0,Fixation,92.0,58.0,1108.0,425.0,"0,6192","0,3935",,
26425,24293347,1400463564634,Eye Tracker,Participant0058,17.09.2021,Participant0058,Recording4,17.09.2021,17.09.2021,14:48:45.713,12:48:45.713,64514,Timeline2,Tobii I-VT (Fixation),1.145.28180,1080,1920,"10,00",692157115.0,,,1114.0,421.0,1118.0,416.0,1111.0,426.0,"0,13809","0,02658","-0,99006","0,02275","0,03060","-0,99927",,,Valid,Valid,"234,4","99,9","516,9","292,7","100,9","512,5","306,5","113,8","304,4","116,6","0,6240","0,3898","0,6270","0,3849","0,6210","0,3946",thumbnail_grossTrial,thumbnail_grossTrial.png,1245.0,1080.0,337.0,0.0,798.0,692.0,Fixation,92.0,58.0,1108.0,425.0,"0,6192","0,3935",,
26426,24301651,1400463572938,Eye Tracker,Participant0058,17.09.2021,Participant0058,Recording4,17.09.2021,17.09.2021,14:48:45.713,12:48:45.713,64514,Timeline2,Tobii I-VT (Fixation),1.145.28180,1080,1920,"10,00",692165419.0,,,1111.0,423.0,1113.0,419.0,1109.0,427.0,"0,13538","0,02854","-0,99038","0,02152","0,03120","-0,99928","4,01","4,32",Valid,Valid,"234,4","99,9","516,8","292,8","100,9","512,4","305,0","114,7","303,8","116,9","0,6211","0,3919","0,6229","0,3882","0,6193","0,3955",thumbnail_grossTrial,thumbnail_grossTrial.png,1245.0,1080.0,337.0,0.0,798.0,692.0,Fixation,92.0,58.0,1108.0,425.0,"0,6192","0,3935",,
26427,24309981,1400463581268,Eye Tracker,Participant0058,17.09.2021,Participant0058,Recording4,17.09.2021,17.09.2021,14:48:45.713,12:48:45.713,64514,Timeline2,Tobii I-VT (Fixation),1.145.28180,1080,1920,"10,00",692173748.0,,,1101.0,433.0,1114.0,418.0,1088.0,449.0,"0,13588","0,02755","-0,99034","0,01083","0,04252","-0,99904",,,Valid,Valid,"234,4","100,0","516,5","292,8","101,0","512,3","305,3","114,4","298,3","122,8","0,6134","0,4012","0,6236","0,3870","0,6031","0,4154",thumbnail_grossTrial,thumbnail_grossTrial.png,1245.0,1080.0,337.0,0.0,798.0,692.0,Fixation,92.0,58.0,1108.0,425.0,"0,6192","0,3935",,
26428,24318408,1400463589695,Eye Tracker,Participant0058,17.09.2021,Participant0058,Recording4,17.09.2021,17.09.2021,14:48:45.713,12:48:45.713,64514,Timeline2,Tobii I-VT (Fixation),1.145.28180,1080,1920,"10,00",692182174.0,,,1106.0,428.0,1123.0,408.0,1088.0,449.0,"0,14095","0,02229","-0,98977","0,01091","0,04237","-0,99904",,,Valid,Valid,"234,4","100,1","516,4","292,7","101,0","512,2","307,9","111,7","298,3","122,8","0,6172","0,3967","0,6313","0,3780","0,6031","0,4154",thumbnail_grossTrial,thumbnail_grossTrial.png,1245.0,1080.0,337.0,0.0,798.0,692.0,Fixation,92.0,58.0,1108.0,425.0,"0,6192","0,3935",,
26429,24326740,1400463598027,Eye Tracker,Participant0058,17.09.2021,Participant0058,Recording4,17.09.2021,17.09.2021,14:48:45.713,12:48:45.713,64514,Timeline2,Tobii I-VT (Fixation),1.145.28180,1080,1920,"10,00",692190506.0,,,1105.0,424.0,1122.0,401.0,1088.0,448.0,"0,14007","0,01826","-0,98997","0,01087","0,04199","-0,99906","4,03","4,23",Valid,Valid,"234,4","100,1","516,3","292,7","101,0","512,2","307,5","109,6","298,3","122,5","0,6165","0,3927","0,6299","0,3709","0,6031","0,4145",thumbnail_grossTrial,thumbnail_grossTrial.png,1245.0,1080.0,337.0,0.0,798.0,692.0,Fixation,92.0,58.0,1108.0,425.0,"0,6192","0,3935",,
26430,24335010,1400463606297,Eye Tracker,Participant0058,17.09.2021,Participant0058,Recording4,17.09.2021,17.09.2021,14:48:45.713,12:48:45.713,64514,Timeline2,Tobii I-VT (Fixation),1.145.28180,1080,1920,"10,00",692198776.0,,,1104.0,422.0,1117.0,399.0,1090.0,446.0,"0,13773","0,01709","-0,99032","0,01191","0,04086","-0,99909",,,Valid,Valid,"234,4","100,2","516,1","292,7","101,1","512,1","306,2","109,1","298,8","122,0","0,6154","0,3910","0,6262","0,3691","0,6046","0,4128",thumbnail_grossTrial,thumbnail_grossTrial.png,1245.0,1080.0,337.0,0.0,798.0,692.0,Fixation,92.0,58.0,1108.0,425.0,"0,6192","0,3935",,
26431,24343341,1400463614628,Eye Tracker,Participant0058,17.09.2021,Participant0058,Recording4,17.09.2021,17.09.2021,14:48:45.713,12:48:45.713,64514,Timeline2,Tobii I-VT (Fixation),1.145.28180,1080,1920,"10,00",692207106.0,,,1097.0,428.0,1103.0,411.0,1090.0,446.0,"0,13053","0,02328","-0,99117","0,01189","0,04080","-0,99910",,,Valid,Valid,"234,4","100,3","516,0","292,7","101,1","512,1","302,3","112,4","298,8","122,0","0,6097","0,3965","0,6149","0,3802","0,6045","0,4128",thumbnail_grossTrial,thumbnail_grossTrial.png,1245.0,1080.0,337.0,0.0,798.0,692.0,Fixation,92.0,58.0,1108.0,425.0,"0,6192","0,3935",,
26432,24351732,1400463623019,Eye Tracker,Participant0058,17.09.2021,Participant0058,Recording4,17.09.2021,17.09.2021,14:48:45.713,12:48:45.713,64514,Timeline2,Tobii I-VT (Fixation),1.145.28180,1080,1920,"10,00",692215497.0,,,1120.0,420.0,1127.0,401.0,1112.0,439.0,"0,14306","0,01837","-0,98954","0,02349","0,03714","-0,99903","4,55","3,86",Valid,Valid,"234,4","100,2","516,0","292,7","101,0","512,1","309,0","109,8","304,8","120,0","0,6282","0,3888","0,6344","0,3716","0,6220","0,4061",thumbnail_grossTrial,thumbnail_grossTrial.png,1245.0,1080.0,337.0,0.0,798.0,692.0,Fixation,92.0,58.0,1108.0,425.0,"0,6192","0,3935",,
26433,24360034,1400463631321,Eye Tracker,Participant0058,17.09.2021,Participant0058,Recording4,17.09.2021,17.09.2021,14:48:45.713,12:48:45.713,64514,Timeline2,Tobii I-VT (Fixation),1.145.28180,1080,1920,"10,00",692223798.0,,,1106.0,434.0,1127.0,401.0,1085.0,467.0,"0,14317","0,01823","-0,98953","0,00909","0,05187","-0,99861",,,Valid,Valid,"234,3","100,3","515,9","292,6","101,1","512,1","309,0","109,8","297,3","127,7","0,6173","0,4018","0,6344","0,3716","0,6001","0,4321",thumbnail_grossTrial,thumbnail_grossTrial.png,1245.0,1080.0,337.0,0.0,798.0,692.0,Saccade,50.0,95.0,,,,,,
26434,24368339,1400463639626,Eye Tracker,Participant0058,17.09.2021,Participant0058,Recording4,17.09.2021,17.09.2021,14:48:45.713,12:48:45.713,64514,Timeline2,Tobii I-VT (Fixation),1.145.28180,1080,1920,"10,00",692232103.0,,,1079.0,431.0,1079.0,431.0,,,"0,11863","0,03377","-0,99236",,,,,,Valid,Invalid,"234,1","100,5","516,0",,,,"295,8","118,0",,,"0,5958","0,3993","0,5958","0,3993",,,thumbnail_grossTrial,thumbnail_grossTrial.png,1245.0,1080.0,337.0,0.0,798.0,692.0,Saccade,50.0,95.0,,,,,,
26435,24376675,1400463647962,Eye Tracker,Participant0058,17.09.2021,Participant0058,Recording4,17.09.2021,17.09.2021,14:48:45.713,12:48:45.713,64514,Timeline2,Tobii I-VT (Fixation),1.145.28180,1080,1920,"10,00",692240438.0,,,1055.0,454.0,1040.0,453.0,1069.0,455.0,"0,09870","0,04539","-0,99408","0,00201","0,04553","-0,99896","4,35","4,36",Valid,Valid,"233,9","100,3","516,7","292,1","101,0","513,0","285,2","123,9","293,1","124,4","0,5762","0,4201","0,5646","0,4192","0,5878","0,4209",thumbnail_grossTrial,thumbnail_grossTrial.png,1245.0,1080.0,337.0,0.0,798.0,692.0,Saccade,50.0,95.0,,,,,,
26436,24384984,1400463656271,Eye Tracker,Participant0058,17.09.2021,Participant0058,Recording4,17.09.2021,17.09.2021,14:48:45.713,12:48:45.713,64514,Timeline2,Tobii I-VT (Fixation),1.145.28180,1080,1920,"10,00",692248747.0,,,872.0,529.0,921.0,509.0,823.0,549.0,"0,03646","0,07489","-0,99653","-0,12735","0,09493","-0,98730",,,Valid,Valid,"233,6","100,3","516,9","291,8","101,0","513,4","252,5","139,2","225,6","150,3","0,4295","0,4898","0,4689","0,4709","0,3900","0,5086",thumbnail_grossTrial,thumbnail_grossTrial.png,1245.0,1080.0,337.0,0.0,798.0,692.0,Saccade,50.0,95.0,,,,,,
26437,24393318,1400463664605,Eye Tracker,Participant0058,17.09.2021,Participant0058,Recording4,17.09.2021,17.09.2021,14:48:45.713,12:48:45.713,64514,Timeline2,Tobii I-VT (Fixation),1.145.28180,1080,1920,"10,00",692257081.0,,,779.0,543.0,761.0,541.0,797.0,545.0,"-0,04776","0,09174","-0,99464","-0,14032","0,09259","-0,98577",,,Valid,Valid,"233,3","100,3","517,1","291,6","100,9","513,6","208,5","148,0","218,5","149,1","0,3547","0,5027","0,3401","0,5007","0,3693","0,5046",thumbnail_grossTrial,thumbnail_grossTrial.png,1245.0,1080.0,337.0,0.0,798.0,692.0,Saccade,50.0,95.0,,,,,,
26438,24401697,1400463672984,Eye Tracker,Participant0058,17.09.2021,Participant0058,Recording4,17.09.2021,17.09.2021,14:48:45.713,12:48:45.713,64514,Timeline2,Tobii I-VT (Fixation),1.145.28180,1080,1920,"10,00",692265460.0,,,756.0,555.0,759.0,549.0,753.0,562.0,"-0,04859","0,09602","-0,99419","-0,16314","0,10099","-0,98142","4,22","3,94",Valid,Valid,"233,3","100,3","517,3","291,6","100,9","513,7","208,0","150,2","206,2","153,7","0,3360","0,5142","0,3387","0,5082","0,3334","0,5201",thumbnail_grossTrial,thumbnail_grossTrial.png,1245.0,1080.0,337.0,0.0,798.0,692.0,Saccade,50.0,95.0,,,,,,
26439,24409978,1400463681265,Eye Tracker,Participant0058,17.09.2021,Participant0058,Recording4,17.09.2021,17.09.2021,14:48:45.713,12:48:45.713,64514,Timeline2,Tobii I-VT (Fixation),1.145.28180,1080,1920,"10,00",692273739.0,,,745.0,557.0,744.0,553.0,746.0,562.0,"-0,05646","0,09796","-0,99359","-0,16629","0,10108","-0,98088",,,Valid,Valid,"233,3","100,2","517,3","291,7","100,9","513,8","203,9","151,2","204,6","153,8","0,3276","0,5161","0,3266","0,5117","0,3285","0,5204",thumbnail_grossTrial,thumbnail_grossTrial.png,1245.0,1080.0,337.0,0.0,798.0,692.0,Fixation,1767.0,59.0,736.0,568.0,"0,3202","0,5257",,
26440,24418307,1400463689594,Eye Tracker,Participant0058,17.09.2021,Participant0058,Recording4,17.09.2021,17.09.2021,14:48:45.713,12:48:45.713,64514,Timeline2,Tobii I-VT (Fixation),1.145.28180,1080,1920,"10,00",692282068.0,,,759.0,565.0,758.0,563.0,760.0,567.0,"-0,04909","0,10370","-0,99340","-0,15936","0,10389","-0,98174",,,Valid,Valid,"233,3","100,2","517,4","291,7","100,8","513,8","207,7","154,2","208,3","155,2","0,3385","0,5234","0,3377","0,5217","0,3393","0,5251",thumbnail_grossTrial,thumbnail_grossTrial.png,1245.0,1080.0,337.0,0.0,798.0,692.0,Fixation,1767.0,59.0,736.0,568.0,"0,3202","0,5257",,
26441,24426732,1400463698019,Eye Tracker,Participant0058,17.09.2021,Participant0058,Recording4,17.09.2021,17.09.2021,14:48:45.713,12:48:45.713,64514,Timeline2,Tobii I-VT (Fixation),1.145.28180,1080,1920,"10,00",692290493.0,,,758.0,564.0,762.0,563.0,753.0,565.0,"-0,04693","0,10351","-0,99352","-0,16279","0,10292","-0,98128","4,34","3,93",Valid,Valid,"233,3","100,1","517,5","291,7","100,6","514,3","208,8","154,1","206,4","154,6","0,3374","0,5221","0,3410","0,5212","0,3338","0,5230",thumbnail_grossTrial,thumbnail_grossTrial.png,1245.0,1080.0,337.0,0.0,798.0,692.0,Fixation,1767.0,59.0,736.0,568.0,"0,3202","0,5257",,
26442,24434975,1400463706262,Eye Tracker,Participant0058,17.09.2021,Participant0058,Recording4,17.09.2021,17.09.2021,14:48:45.713,12:48:45.713,64514,Timeline2,Tobii I-VT (Fixation),1.145.28180,1080,1920,"10,00",692298735.0,,,754.0,565.0,762.0,563.0,746.0,568.0,"-0,04694","0,10351","-0,99352","-0,16620","0,10458","-0,98053",,,Valid,Valid,"233,3","100,1","517,4","291,8","100,5","514,6","208,8","154,1","204,5","155,4","0,3347","0,5235","0,3410","0,5212","0,3284","0,5258",thumbnail_grossTrial,thumbnail_grossTrial.png,1245.0,1080.0,337.0,0.0,798.0,692.0,Fixation,1767.0,59.0,736.0,568.0,"0,3202","0,5257",,
26443,24443339,1400463714626,Eye Tracker,Participant0058,17.09.2021,Participant0058,Recording4,17.09.2021,17.09.2021,14:48:45.713,12:48:45.713,64514,Timeline2,Tobii I-VT (Fixation),1.145.28180,1080,1920,"10,00",692307099.0,,,744.0,566.0,749.0,560.0,739.0,572.0,"-0,05363","0,10189","-0,99335","-0,16965","0,10684","-0,97970",,,Valid,Valid,"233,2","100,1","517,6","291,7","100,5","514,6","205,3","153,2","202,6","156,6","0,3267","0,5240","0,3306","0,5182","0,3228","0,5298",thumbnail_grossTrial,thumbnail_grossTrial.png,1245.0,1080.0,337.0,0.0,798.0,692.0,Fixation,1767.0,59.0,736.0,568.0,"0,3202","0,5257",,
26444,24451649,1400463722936,Eye Tracker,Participant0058,17.09.2021,Participant0058,Recording4,17.09.2021,17.09.2021,14:48:45.713,12:48:45.713,64514,Timeline2,Tobii I-VT (Fixation),1.145.28180,1080,1920,"10,00",692315409.0,,,739.0,569.0,739.0,564.0,740.0,574.0,"-0,05881","0,10412","-0,99282","-0,16954","0,10775","-0,97962","4,02","4,27",Valid,Valid,"233,2","100,0","517,8","291,8","100,5","514,6","202,6","154,3","202,7","157,1","0,3228","0,5267","0,3226","0,5220","0,3230","0,5314",thumbnail_grossTrial,thumbnail_grossTrial.png,1245.0,1080.0,337.0,0.0,798.0,692.0,Fixation,1767.0,59.0,736.0,568.0,"0,3202","0,5257",,
26445,24459996,1400463731283,Eye Tracker,Participant0058,17.09.2021,Participant0058,Recording4,17.09.2021,17.09.2021,14:48:45.713,12:48:45.713,64514,Timeline2,Tobii I-VT (Fixation),1.145.28180,1080,1920,"10,00",692323756.0,,,734.0,568.0,729.0,559.0,738.0,576.0,"-0,06398","0,10189","-0,99274","-0,17046","0,10872","-0,97935",,,Valid,Valid,"233,3","99,9","517,9","291,8","100,5","514,6","199,9","153,1","202,2","157,6","0,3182","0,5256","0,3148","0,5180","0,3216","0,5333",thumbnail_grossTrial,thumbnail_grossTrial.png,1245.0,1080.0,337.0,0.0,798.0,692.0,Fixation,1767.0,59.0,736.0,568.0,"0,3202","0,5257",,
26446,24468309,1400463739596,Eye Tracker,Participant0058,17.09.2021,Participant0058,Recording4,17.09.2021,17.09.2021,14:48:45.713,12:48:45.713,64514,Timeline2,Tobii I-VT (Fixation),1.145.28180,1080,1920,"10,00",692332067.0,,,735.0,564.0,727.0,558.0,742.0,570.0,"-0,06486","0,10112","-0,99276","-0,16814","0,10610","-0,98004",,,Valid,Valid,"233,2","99,8","518,1","291,8","100,4","514,7","199,3","152,6","203,4","156,1","0,3192","0,5222","0,3132","0,5162","0,3252","0,5282",thumbnail_grossTrial,thumbnail_grossTrial.png,1245.0,1080.0,337.0,0.0,798.0,692.0,Fixation,1767.0,59.0,736.0,568.0,"0,3202","0,5257",,
26447,24476668,1400463747955,Eye Tracker,Participant0058,17.09.2021,Participant0058,Recording4,17.09.2021,17.09.2021,14:48:45.713,12:48:45.713,64514,Timeline2,Tobii I-VT (Fixation),1.145.28180,1080,1920,"10,00",692340426.0,,,734.0,563.0,727.0,554.0,741.0,572.0,"-0,06527","0,09934","-0,99291","-0,16860","0,10677","-0,97989","4,05","4,33",Valid,Valid,"233,2","99,7","518,4","291,8","100,3","514,9","199,1","151,6","203,2","156,4","0,3185","0,5211","0,3125","0,5129","0,3245","0,5293",thumbnail_grossTrial,thumbnail_grossTrial.png,1245.0,1080.0,337.0,0.0,798.0,692.0,Fixation,1767.0,59.0,736.0,568.0,"0,3202","0,5257",,
26448,24485000,1400463756287,Eye Tracker,Participant0058,17.09.2021,Participant0058,Recording4,17.09.2021,17.09.2021,14:48:45.713,12:48:45.713,64514,Timeline2,Tobii I-VT (Fixation),1.145.28180,1080,1920,"10,00",692348758.0,,,737.0,563.0,729.0,558.0,745.0,568.0,"-0,06389","0,10134","-0,99280","-0,16708","0,10489","-0,98035",,,Valid,Valid,"233,2","99,7","518,5","291,8","100,3","514,9","199,9","152,6","204,1","155,4","0,3209","0,5211","0,3147","0,5163","0,3270","0,5258",thumbnail_grossTrial,thumbnail_grossTrial.png,1245.0,1080.0,337.0,0.0,798.0,692.0,Fixation,1767.0,59.0,736.0,568.0,"0,3202","0,5257",,
26449,24493361,1400463764648,Eye Tracker,Participant0058,17.09.2021,Participant0058,Recording4,17.09.2021,17.09.2021,14:48:45.713,12:48:45.713,64514,Timeline2,Tobii I-VT (Fixation),1.145.28180,1080,1920,"10,00",692357119.0,,,736.0,562.0,727.0,549.0,745.0,576.0,"-0,06467","0,09699","-0,99318","-0,16669","0,10913","-0,97995",,,Valid,Valid,"233,2","99,6","518,7","291,8","100,2","515,1","199,4","150,2","204,2","157,6","0,3203","0,5208","0,3133","0,5083","0,3274","0,5332",thumbnail_grossTrial,thumbnail_grossTrial.png,1245.0,1080.0,337.0,0.0,798.0,692.0,Fixation,1767.0,59.0,736.0,568.0,"0,3202","0,5257",,
26450,24501680,1400463772967,Eye Tracker,Participant0058,17.09.2021,Participant0058,Recording4,17.09.2021,17.09.2021,14:48:45.713,12:48:45.713,64514,Timeline2,Tobii I-VT (Fixation),1.145.28180,1080,1920,"10,00",692365437.0,,,740.0,561.0,732.0,546.0,748.0,575.0,"-0,06245","0,09578","-0,99344","-0,16502","0,10868","-0,98028","4,15","3,96",Valid,Valid,"233,2","99,5","518,9","291,8","100,2","515,3","200,6","149,5","205,1","157,3","0,3234","0,5191","0,3167","0,5060","0,3301","0,5322",thumbnail_grossTrial,thumbnail_grossTrial.png,1245.0,1080.0,337.0,0.0,798.0,692.0,Fixation,1767.0,59.0,736.0,568.0,"0,3202","0,5257",,
26451,24509973,1400463781260,Eye Tracker,Participant0058,17.09.2021,Participant0058,Recording4,17.09.2021,17.09.2021,14:48:45.713,12:48:45.713,64514,Timeline2,Tobii I-VT (Fixation),1.145.28180,1080,1920,"10,00",692373730.0,,,738.0,563.0,730.0,544.0,747.0,581.0,"-0,06362","0,09477","-0,99346","-0,16581","0,11183","-0,97980",,,Valid,Valid,"233,2","99,5","519,0","291,9","100,1","515,4","200,0","149,0","204,7","159,0","0,3219","0,5210","0,3151","0,5041","0,3288","0,5378",thumbnail_grossTrial,thumbnail_grossTrial.png,1245.0,1080.0,337.0,0.0,798.0,692.0,Fixation,1767.0,59.0,736.0,568.0,"0,3202","0,5257",,
26452,24518357,1400463789644,Eye Tracker,Participant0058,17.09.2021,Participant0058,Recording4,17.09.2021,17.09.2021,14:48:45.713,12:48:45.713,64514,Timeline2,Tobii I-VT (Fixation),1.145.28180,1080,1920,"10,00",692382113.0,,,738.0,570.0,731.0,561.0,745.0,580.0,"-0,06285","0,10344","-0,99265","-0,16665","0,11138","-0,97971",,,Valid,Valid,"233,1","99,4","519,1","291,9","100,0","515,6","200,3","153,5","204,1","158,6","0,3216","0,5280","0,3159","0,5193","0,3273","0,5368",thumbnail_grossTrial,thumbnail_grossTrial.png,1245.0,1080.0,337.0,0.0,798.0,692.0,Fixation,1767.0,59.0,736.0,568.0,"0,3202","0,5257",,
26453,24526674,1400463797961,Eye Tracker,Participant0058,17.09.2021,Participant0058,Recording4,17.09.2021,17.09.2021,14:48:45.713,12:48:45.713,64514,Timeline2,Tobii I-VT (Fixation),1.145.28180,1080,1920,"10,00",692390429.0,,,734.0,573.0,726.0,566.0,742.0,581.0,"-0,06526","0,10601","-0,99222","-0,16816","0,11207","-0,97937","4,08","4,31",Valid,Valid,"233,2","99,4","519,3","291,9","99,9","515,8","199,0","154,8","203,3","159,0","0,3185","0,5309","0,3122","0,5239","0,3249","0,5379",thumbnail_grossTrial,thumbnail_grossTrial.png,1245.0,1080.0,337.0,0.0,798.0,692.0,Fixation,1767.0,59.0,736.0,568.0,"0,3202","0,5257",,
26454,24534997,1400463806284,Eye Tracker,Participant0058,17.09.2021,Participant0058,Recording4,17.09.2021,17.09.2021,14:48:45.713,12:48:45.713,64514,Timeline2,Tobii I-VT (Fixation),1.145.28180,1080,1920,"10,00",692398752.0,,,740.0,572.0,741.0,573.0,739.0,572.0,"-0,05761","0,10954","-0,99231","-0,16975","0,10765","-0,97959",,,Valid,Valid,"233,2","99,4","519,3","291,9","99,9","515,9","203,1","156,7","202,5","156,6","0,3233","0,5301","0,3241","0,5302","0,3226","0,5300",thumbnail_grossTrial,thumbnail_grossTrial.png,1245.0,1080.0,337.0,0.0,798.0,692.0,Fixation,1767.0,59.0,736.0,568.0,"0,3202","0,5257",,
26455,24543301,1400463814588,Eye Tracker,Participant0058,17.09.2021,Participant0058,Recording4,17.09.2021,17.09.2021,14:48:45.713,12:48:45.713,64514,Timeline2,Tobii I-VT (Fixation),1.145.28180,1080,1920,"10,00",692407056.0,,,733.0,554.0,723.0,546.0,743.0,563.0,"-0,06700","0,09587","-0,99314","-0,16770","0,10294","-0,98045",,,Valid,Valid,"233,1","99,3","519,3","291,9","99,9","516,1","198,1","149,5","203,6","154,0","0,3176","0,5134","0,3095","0,5057","0,3258","0,5212",thumbnail_grossTrial,thumbnail_grossTrial.png,1245.0,1080.0,337.0,0.0,798.0,692.0,Fixation,1767.0,59.0,736.0,568.0,"0,3202","0,5257",,
26456,24551688,1400463822975,Eye Tracker,Participant0058,17.09.2021,Participant0058,Recording4,17.09.2021,17.09.2021,14:48:45.713,12:48:45.713,64514,Timeline2,Tobii I-VT (Fixation),1.145.28180,1080,1920,"10,00",692415443.0,,,736.0,551.0,731.0,545.0,741.0,556.0,"-0,06285","0,09551","-0,99344","-0,16879","0,09946","-0,98062","4,25","4,33",Valid,Valid,"233,2","99,4","519,3","292,0","99,8","516,2","200,3","149,3","203,1","152,2","0,3201","0,5099","0,3160","0,5051","0,3242","0,5148",thumbnail_grossTrial,thumbnail_grossTrial.png,1245.0,1080.0,337.0,0.0,798.0,692.0,Fixation,1767.0,59.0,736.0,568.0,"0,3202","0,5257",,
26457,24559968,1400463831255,Eye Tracker,Participant0058,17.09.2021,Participant0058,Recording4,17.09.2021,17.09.2021,14:48:45.713,12:48:45.713,64514,Timeline2,Tobii I-VT (Fixation),1.145.28180,1080,1920,"10,00",692423722.0,,,725.0,562.0,733.0,547.0,717.0,577.0,"-0,06181","0,09643","-0,99342","-0,18089","0,10996","-0,97734",,,Valid,Valid,"233,2","99,4","519,1","292,0","99,8","516,3","200,9","149,8","196,4","157,9","0,3112","0,5205","0,3178","0,5069","0,3047","0,5342",thumbnail_grossTrial,thumbnail_grossTrial.png,1245.0,1080.0,337.0,0.0,798.0,692.0,Fixation,1767.0,59.0,736.0,568.0,"0,3202","0,5257",,
26458,24568300,1400463839587,Eye Tracker,Participant0058,17.09.2021,Participant0058,Recording4,17.09.2021,17.09.2021,14:48:45.713,12:48:45.713,64514,Timeline2,Tobii I-VT (Fixation),1.145.28180,1080,1920,"10,00",692432053.0,,,736.0,561.0,733.0,554.0,738.0,569.0,"-0,06158","0,09988","-0,99309","-0,17018","0,10601","-0,97969",,,Valid,Valid,"233,1","99,4","519,0","291,9","99,7","516,4","201,0","151,6","202,2","155,6","0,3198","0,5198","0,3179","0,5131","0,3217","0,5265",thumbnail_grossTrial,thumbnail_grossTrial.png,1245.0,1080.0,337.0,0.0,798.0,692.0,Fixation,1767.0,59.0,736.0,568.0,"0,3202","0,5257",,
26459,24576731,1400463848018,Eye Tracker,Participant0058,17.09.2021,Participant0058,Recording4,17.09.2021,17.09.2021,14:48:45.713,12:48:45.713,64514,Timeline2,Tobii I-VT (Fixation),1.145.28180,1080,1920,"10,00",692440484.0,,,741.0,561.0,737.0,552.0,746.0,569.0,"-0,05974","0,09890","-0,99330","-0,16622","0,10619","-0,98035","4,26","4,31",Valid,Valid,"233,2","99,5","518,9","292,0","99,7","516,4","202,0","151,2","204,4","155,7","0,3245","0,5191","0,3208","0,5115","0,3281","0,5267",thumbnail_grossTrial,thumbnail_grossTrial.png,1245.0,1080.0,337.0,0.0,798.0,692.0,Fixation,1767.0,59.0,736.0,568.0,"0,3202","0,5257",,
26460,24585014,1400463856301,Eye Tracker,Participant0058,17.09.2021,Participant0058,Recording4,17.09.2021,17.09.2021,14:48:45.713,12:48:45.713,64514,Timeline2,Tobii I-VT (Fixation),1.145.28180,1080,1920,"10,00",692448767.0,,,743.0,563.0,740.0,557.0,746.0,569.0,"-0,05818","0,10099","-0,99319","-0,16642","0,10630","-0,98031",,,Valid,Valid,"233,2","99,6","518,7","292,0","99,8","516,4","202,8","152,4","204,3","155,8","0,3256","0,5212","0,3234","0,5155","0,3278","0,5270",thumbnail_grossTrial,thumbnail_grossTrial.png,1245.0,1080.0,337.0,0.0,798.0,692.0,Fixation,1767.0,59.0,736.0,568.0,"0,3202","0,5257",,
26461,24593395,1400463864682,Eye Tracker,Participant0058,17.09.2021,Participant0058,Recording4,17.09.2021,17.09.2021,14:48:45.713,12:48:45.713,64514,Timeline2,Tobii I-VT (Fixation),1.145.28180,1080,1920,"10,00",692457147.0,,,739.0,561.0,734.0,553.0,744.0,569.0,"-0,06142","0,09883","-0,99321","-0,16698","0,10644","-0,98020",,,Valid,Valid,"233,2","99,6","518,6","292,0","99,7","516,4","201,1","151,2","204,0","155,8","0,3225","0,5194","0,3183","0,5117","0,3268","0,5272",thumbnail_grossTrial,thumbnail_grossTrial.png,1245.0,1080.0,337.0,0.0,798.0,692.0,Fixation,1767.0,59.0,736.0,568.0,"0,3202","0,5257",,
26462,24601715,1400463873002,Eye Tracker,Participant0058,17.09.2021,Participant0058,Recording4,17.09.2021,17.09.2021,14:48:45.713,12:48:45.713,64514,Timeline2,Tobii I-VT (Fixation),1.145.28180,1080,1920,"10,00",692465467.0,,,738.0,568.0,738.0,560.0,738.0,577.0,"-0,05926","0,10255","-0,99296","-0,17010","0,11014","-0,97925","4,26","4,34",Valid,Valid,"233,2","99,7","518,5","292,0","99,7","516,5","202,2","153,2","202,3","157,8","0,3217","0,5262","0,3217","0,5185","0,3218","0,5340",thumbnail_grossTrial,thumbnail_grossTrial.png,1245.0,1080.0,337.0,0.0,798.0,692.0,Fixation,1767.0,59.0,736.0,568.0,"0,3202","0,5257",,
26463,24610008,1400463881295,Eye Tracker,Participant0058,17.09.2021,Participant0058,Recording4,17.09.2021,17.09.2021,14:48:45.713,12:48:45.713,64514,Timeline2,Tobii I-VT (Fixation),1.145.28180,1080,1920,"10,00",692473760.0,,,734.0,565.0,736.0,557.0,732.0,573.0,"-0,06026","0,10072","-0,99309","-0,17334","0,10804","-0,97892",,,Valid,Valid,"233,2","99,8","518,3","292,0","99,8","516,4","201,8","152,4","200,6","156,8","0,3186","0,5229","0,3203","0,5155","0,3168","0,5304",thumbnail_grossTrial,thumbnail_grossTrial.png,1245.0,1080.0,337.0,0.0,798.0,692.0,Fixation,1767.0,59.0,736.0,568.0,"0,3202","0,5257",,
26464,24618329,1400463889616,Eye Tracker,Participant0058,17.09.2021,Participant0058,Recording4,17.09.2021,17.09.2021,14:48:45.713,12:48:45.713,64514,Timeline2,Tobii I-VT (Fixation),1.145.28180,1080,1920,"10,00",692482079.0,,,731.0,564.0,735.0,554.0,727.0,574.0,"-0,06059","0,09954","-0,99319","-0,17589","0,10838","-0,97843",,,Valid,Valid,"233,2","99,8","518,2","291,9","99,8","516,4","201,5","151,7","199,1","157,0","0,3161","0,5222","0,3196","0,5133","0,3125","0,5310",thumbnail_grossTrial,thumbnail_grossTrial.png,1245.0,1080.0,337.0,0.0,798.0,692.0,Fixation,1767.0,59.0,736.0,568.0,"0,3202","0,5257",,
26465,24626666,1400463897953,Eye Tracker,Participant0058,17.09.2021,Participant0058,Recording4,17.09.2021,17.09.2021,14:48:45.713,12:48:45.713,64514,Timeline2,Tobii I-VT (Fixation),1.145.28180,1080,1920,"10,00",692490416.0,,,728.0,565.0,727.0,554.0,730.0,575.0,"-0,06490","0,09942","-0,99293","-0,17441","0,10918","-0,97860","4,06","4,31",Valid,Valid,"233,2","99,8","518,1","292,0","99,8","516,4","199,3","151,7","199,9","157,4","0,3140","0,5229","0,3131","0,5133","0,3150","0,5324",thumbnail_grossTrial,thumbnail_grossTrial.png,1245.0,1080.0,337.0,0.0,798.0,692.0,Fixation,1767.0,59.0,736.0,568.0,"0,3202","0,5257",,
26466,24635001,1400463906288,Eye Tracker,Participant0058,17.09.2021,Participant0058,Recording4,17.09.2021,17.09.2021,14:48:45.713,12:48:45.713,64514,Timeline2,Tobii I-VT (Fixation),1.145.28180,1080,1920,"10,00",692498751.0,,,726.0,569.0,723.0,556.0,729.0,583.0,"-0,06705","0,09999","-0,99273","-0,17481","0,11307","-0,97809",,,Valid,Valid,"233,2","99,9","518,0","292,0","99,8","516,3","198,2","152,1","199,7","159,5","0,3121","0,5271","0,3100","0,5145","0,3143","0,5396",thumbnail_grossTrial,thumbnail_grossTrial.png,1245.0,1080.0,337.0,0.0,798.0,692.0,Fixation,1767.0,59.0,736.0,568.0,"0,3202","0,5257",,
26467,24643337,1400463914624,Eye Tracker,Participant0058,17.09.2021,Participant0058,Recording4,17.09.2021,17.09.2021,14:48:45.713,12:48:45.713,64514,Timeline2,Tobii I-VT (Fixation),1.145.28180,1080,1920,"10,00",692507087.0,,,729.0,568.0,723.0,559.0,734.0,578.0,"-0,06706","0,10170","-0,99255","-0,17209","0,11049","-0,97887",,,Valid,Valid,"233,2","99,9","517,9","291,9","99,8","516,3","198,2","153,0","201,2","158,1","0,3141","0,5262","0,3097","0,5175","0,3185","0,5348",thumbnail_grossTrial,thumbnail_grossTrial.png,1245.0,1080.0,337.0,0.0,798.0,692.0,Fixation,1767.0,59.0,736.0,568.0,"0,3202","0,5257",,
26468,24651630,1400463922917,Eye Tracker,Participant0058,17.09.2021,Participant0058,Recording4,17.09.2021,17.09.2021,14:48:45.713,12:48:45.713,64514,Timeline2,Tobii I-VT (Fixation),1.145.28180,1080,1920,"10,00",692515379.0,,,729.0,566.0,723.0,558.0,735.0,574.0,"-0,06697","0,10136","-0,99259","-0,17168","0,10863","-0,97915","4,04","4,25",Valid,Valid,"233,2","99,9","518,0","292,0","99,8","516,3","198,2","152,8","201,4","157,1","0,3146","0,5242","0,3099","0,5169","0,3193","0,5314",thumbnail_grossTrial,thumbnail_grossTrial.png,1245.0,1080.0,337.0,0.0,798.0,692.0,Fixation,1767.0,59.0,736.0,568.0,"0,3202","0,5257",,
26469,24659960,1400463931247,Eye Tracker,Participant0058,17.09.2021,Participant0058,Recording4,17.09.2021,17.09.2021,14:48:45.713,12:48:45.713,64514,Timeline2,Tobii I-VT (Fixation),1.145.28180,1080,1920,"10,00",692523709.0,,,732.0,571.0,727.0,566.0,736.0,576.0,"-0,06483","0,10523","-0,99233","-0,17103","0,10975","-0,97914",,,Valid,Valid,"233,2","99,9","517,9","292,0","99,8","516,2","199,4","154,8","201,8","157,7","0,3169","0,5287","0,3133","0,5239","0,3204","0,5335",thumbnail_grossTrial,thumbnail_grossTrial.png,1245.0,1080.0,337.0,0.0,798.0,692.0,Fixation,1767.0,59.0,736.0,568.0,"0,3202","0,5257",,
26470,24668294,1400463939581,Eye Tracker,Participant0058,17.09.2021,Participant0058,Recording4,17.09.2021,17.09.2021,14:48:45.713,12:48:45.713,64514,Timeline2,Tobii I-VT (Fixation),1.145.28180,1080,1920,"10,00",692532042.0,,,725.0,574.0,729.0,560.0,721.0,588.0,"-0,06375","0,10228","-0,99271","-0,17858","0,11592","-0,97707",,,Valid,Valid,"233,1","99,9","517,9","291,9","99,8","516,2","199,9","153,3","197,6","161,0","0,3114","0,5317","0,3148","0,5186","0,3080","0,5449",thumbnail_grossTrial,thumbnail_grossTrial.png,1245.0,1080.0,337.0,0.0,798.0,692.0,Fixation,1767.0,59.0,736.0,568.0,"0,3202","0,5257",,
26471,24676671,1400463947958,Eye Tracker,Participant0058,17.09.2021,Participant0058,Recording4,17.09.2021,17.09.2021,14:48:45.713,12:48:45.713,64514,Timeline2,Tobii I-VT (Fixation),1.145.28180,1080,1920,"10,00",692540419.0,,,740.0,573.0,738.0,561.0,741.0,585.0,"-0,05945","0,10257","-0,99295","-0,16833","0,11440","-0,97907","4,34","4,30",Valid,Valid,"233,2","99,9","517,9","292,0","99,8","516,2","202,2","153,4","203,2","160,1","0,3230","0,5304","0,3214","0,5191","0,3245","0,5418",thumbnail_grossTrial,thumbnail_grossTrial.png,1245.0,1080.0,337.0,0.0,798.0,692.0,Fixation,1767.0,59.0,736.0,568.0,"0,3202","0,5257",,
26472,24685027,1400463956314,Eye Tracker,Participant0058,17.09.2021,Participant0058,Recording4,17.09.2021,17.09.2021,14:48:45.713,12:48:45.713,64514,Timeline2,Tobii I-VT (Fixation),1.145.28180,1080,1920,"10,00",692548774.0,,,740.0,570.0,740.0,559.0,740.0,580.0,"-0,05854","0,10161","-0,99310","-0,16915","0,11185","-0,97922",,,Valid,Valid,"233,2","100,0","517,8","292,0","99,8","516,2","202,7","152,9","202,8","158,8","0,3232","0,5273","0,3230","0,5174","0,3234","0,5373",thumbnail_grossTrial,thumbnail_grossTrial.png,1245.0,1080.0,337.0,0.0,798.0,692.0,Fixation,1767.0,59.0,736.0,568.0,"0,3202","0,5257",,
26473,24693321,1400463964608,Eye Tracker,Participant0058,17.09.2021,Participant0058,Recording4,17.09.2021,17.09.2021,14:48:45.713,12:48:45.713,64514,Timeline2,Tobii I-VT (Fixation),1.145.28180,1080,1920,"10,00",692557068.0,,,738.0,572.0,739.0,566.0,737.0,577.0,"-0,05845","0,10553","-0,99270","-0,17049","0,11012","-0,97919",,,Valid,Valid,"233,2","99,9","517,8","291,9","99,8","516,2","202,7","155,0","202,1","157,9","0,3220","0,5292","0,3229","0,5243","0,3212","0,5341",thumbnail_grossTrial,thumbnail_grossTrial.png,1245.0,1080.0,337.0,0.0,798.0,692.0,Fixation,1767.0,59.0,736.0,568.0,"0,3202","0,5257",,
26474,24701658,1400463972945,Eye Tracker,Participant0058,17.09.2021,Participant0058,Recording4,17.09.2021,17.09.2021,14:48:45.713,12:48:45.713,64514,Timeline2,Tobii I-VT (Fixation),1.145.28180,1080,1920,"10,00",692565405.0,,,738.0,567.0,737.0,561.0,738.0,574.0,"-0,05969","0,10281","-0,99291","-0,17008","0,10843","-0,97945","4,26","4,33",Valid,Valid,"233,2","99,9","517,8","292,0","99,8","516,2","202,0","153,5","202,3","157,0","0,3215","0,5253","0,3211","0,5195","0,3220","0,5310",thumbnail_grossTrial,thumbnail_grossTrial.png,1245.0,1080.0,337.0,0.0,798.0,692.0,Fixation,1767.0,59.0,736.0,568.0,"0,3202","0,5257",,
26475,24709987,1400463981274,Eye Tracker,Participant0058,17.09.2021,Participant0058,Recording4,17.09.2021,17.09.2021,14:48:45.713,12:48:45.713,64514,Timeline2,Tobii I-VT (Fixation),1.145.28180,1080,1920,"10,00",692573733.0,,,738.0,566.0,736.0,561.0,740.0,572.0,"-0,06055","0,10258","-0,99288","-0,16928","0,10760","-0,97968",,,Valid,Valid,"233,2","100,0","517,8","292,0","99,8","516,2","201,7","153,5","202,8","156,5","0,3216","0,5244","0,3200","0,5192","0,3233","0,5296",thumbnail_grossTrial,thumbnail_grossTrial.png,1245.0,1080.0,337.0,0.0,798.0,692.0,Fixation,1767.0,59.0,736.0,568.0,"0,3202","0,5257",,
26476,24718291,1400463989578,Eye Tracker,Participant0058,17.09.2021,Participant0058,Recording4,17.09.2021,17.09.2021,14:48:45.713,12:48:45.713,64514,Timeline2,Tobii I-VT (Fixation),1.145.28180,1080,1920,"10,00",692582036.0,,,735.0,572.0,734.0,561.0,736.0,583.0,"-0,06156","0,10252","-0,99282","-0,17123","0,11307","-0,97872",,,Valid,Valid,"233,2","100,0","517,7","291,9","99,8","516,2","201,1","153,4","201,6","159,4","0,3191","0,5292","0,3182","0,5191","0,3199","0,5394",thumbnail_grossTrial,thumbnail_grossTrial.png,1245.0,1080.0,337.0,0.0,798.0,692.0,Fixation,1767.0,59.0,736.0,568.0,"0,3202","0,5257",,
26477,24726633,1400463997920,Eye Tracker,Participant0058,17.09.2021,Participant0058,Recording4,17.09.2021,17.09.2021,14:48:45.713,12:48:45.713,64514,Timeline2,Tobii I-VT (Fixation),1.145.28180,1080,1920,"10,00",692590378.0,,,734.0,572.0,733.0,565.0,735.0,580.0,"-0,06178","0,10471","-0,99258","-0,17148","0,11162","-0,97884","4,23","3,91",Valid,Valid,"233,2","100,0","517,8","292,0","99,8","516,3","201,0","154,6","201,5","158,7","0,3188","0,5299","0,3179","0,5230","0,3196","0,5368",thumbnail_grossTrial,thumbnail_grossTrial.png,1245.0,1080.0,337.0,0.0,798.0,692.0,Fixation,1767.0,59.0,736.0,568.0,"0,3202","0,5257",,
26478,24735023,1400464006310,Eye Tracker,Participant0058,17.09.2021,Participant0058,Recording4,17.09.2021,17.09.2021,14:48:45.713,12:48:45.713,64514,Timeline2,Tobii I-VT (Fixation),1.145.28180,1080,1920,"10,00",692598768.0,,,735.0,572.0,733.0,566.0,736.0,578.0,"-0,06202","0,10538","-0,99250","-0,17107","0,11063","-0,97903",,,Valid,Valid,"233,2","100,0","517,7","292,0","99,8","516,2","200,9","155,0","201,8","158,1","0,3190","0,5297","0,3177","0,5243","0,3204","0,5351",thumbnail_grossTrial,thumbnail_grossTrial.png,1245.0,1080.0,337.0,0.0,798.0,692.0,Fixation,1767.0,59.0,736.0,568.0,"0,3202","0,5257",,
26479,24743319,1400464014606,Eye Tracker,Participant0058,17.09.2021,Participant0058,Recording4,17.09.2021,17.09.2021,14:48:45.713,12:48:45.713,64514,Timeline2,Tobii I-VT (Fixation),1.145.28180,1080,1920,"10,00",692607063.0,,,735.0,569.0,734.0,567.0,737.0,571.0,"-0,06141","0,10585","-0,99248","-0,17091","0,10734","-0,97942",,,Valid,Valid,"233,2","100,0","517,7","292,0","99,8","516,3","201,1","155,2","201,9","156,4","0,3195","0,5271","0,3184","0,5251","0,3206","0,5291",thumbnail_grossTrial,thumbnail_grossTrial.png,1245.0,1080.0,337.0,0.0,798.0,692.0,Fixation,1767.0,59.0,736.0,568.0,"0,3202","0,5257",,
26480,24751656,1400464022943,Eye Tracker,Participant0058,17.09.2021,Participant0058,Recording4,17.09.2021,17.09.2021,14:48:45.713,12:48:45.713,64514,Timeline2,Tobii I-VT (Fixation),1.145.28180,1080,1920,"10,00",692615400.0,,,738.0,571.0,738.0,567.0,738.0,574.0,"-0,05919","0,10562","-0,99264","-0,17030","0,10898","-0,97935","4,26","4,31",Valid,Valid,"233,2","100,0","517,7","292,0","99,8","516,4","202,3","155,1","202,2","157,2","0,3217","0,5283","0,3219","0,5247","0,3215","0,5319",thumbnail_grossTrial,thumbnail_grossTrial.png,1245.0,1080.0,337.0,0.0,798.0,692.0,Fixation,1767.0,59.0,736.0,568.0,"0,3202","0,5257",,
26481,24760033,1400464031320,Eye Tracker,Participant0058,17.09.2021,Participant0058,Recording4,17.09.2021,17.09.2021,14:48:45.713,12:48:45.713,64514,Timeline2,Tobii I-VT (Fixation),1.145.28180,1080,1920,"10,00",692623777.0,,,737.0,571.0,740.0,564.0,733.0,577.0,"-0,05823","0,10432","-0,99284","-0,17275","0,11011","-0,97879",,,Valid,Valid,"233,2","100,0","517,7","292,0","99,8","516,3","202,9","154,4","200,9","157,9","0,3206","0,5283","0,3235","0,5225","0,3177","0,5342",thumbnail_grossTrial,thumbnail_grossTrial.png,1245.0,1080.0,337.0,0.0,798.0,692.0,Fixation,1767.0,59.0,736.0,568.0,"0,3202","0,5257",,
26482,24768315,1400464039602,Eye Tracker,Participant0058,17.09.2021,Participant0058,Recording4,17.09.2021,17.09.2021,14:48:45.713,12:48:45.713,64514,Timeline2,Tobii I-VT (Fixation),1.145.28180,1080,1920,"10,00",692632059.0,,,738.0,570.0,741.0,561.0,735.0,579.0,"-0,05755","0,10285","-0,99303","-0,17146","0,11105","-0,97891",,,Valid,Valid,"233,2","100,0","517,7","291,9","99,7","516,4","203,2","153,6","201,5","158,3","0,3219","0,5277","0,3244","0,5198","0,3195","0,5357",thumbnail_grossTrial,thumbnail_grossTrial.png,1245.0,1080.0,337.0,0.0,798.0,692.0,Fixation,1767.0,59.0,736.0,568.0,"0,3202","0,5257",,
26483,24776657,1400464047944,Eye Tracker,Participant0058,17.09.2021,Participant0058,Recording4,17.09.2021,17.09.2021,14:48:45.713,12:48:45.713,64514,Timeline2,Tobii I-VT (Fixation),1.145.28180,1080,1920,"10,00",692640400.0,,,735.0,569.0,737.0,564.0,733.0,575.0,"-0,05953","0,10410","-0,99278","-0,17290","0,10901","-0,97889","4,26","3,91",Valid,Valid,"233,2","100,0","517,7","292,0","99,7","516,4","202,1","154,3","200,8","157,2","0,3194","0,5270","0,3213","0,5220","0,3174","0,5320",thumbnail_grossTrial,thumbnail_grossTrial.png,1245.0,1080.0,337.0,0.0,798.0,692.0,Fixation,1767.0,59.0,736.0,568.0,"0,3202","0,5257",,
26484,24784997,1400464056284,Eye Tracker,Participant0058,17.09.2021,Participant0058,Recording4,17.09.2021,17.09.2021,14:48:45.713,12:48:45.713,64514,Timeline2,Tobii I-VT (Fixation),1.145.28180,1080,1920,"10,00",692648740.0,,,737.0,568.0,736.0,559.0,738.0,576.0,"-0,06017","0,10168","-0,99300","-0,17013","0,10980","-0,97929",,,Valid,Valid,"233,2","100,0","517,7","292,0","99,8","516,4","201,8","153,1","202,3","157,7","0,3212","0,5257","0,3205","0,5179","0,3218","0,5334",thumbnail_grossTrial,thumbnail_grossTrial.png,1245.0,1080.0,337.0,0.0,798.0,692.0,Fixation,1767.0,59.0,736.0,568.0,"0,3202","0,5257",,
26485,24793314,1400464064601,Eye Tracker,Participant0058,17.09.2021,Participant0058,Recording4,17.09.2021,17.09.2021,14:48:45.713,12:48:45.713,64514,Timeline2,Tobii I-VT (Fixation),1.145.28180,1080,1920,"10,00",692657057.0,,,744.0,578.0,752.0,580.0,735.0,576.0,"-0,05175","0,11274","-0,99228","-0,17162","0,11000","-0,97900",,,Valid,Valid,"233,1","100,0","517,7","292,0","99,7","516,5","206,1","158,8","201,4","157,8","0,3262","0,5356","0,3331","0,5374","0,3193","0,5338",thumbnail_grossTrial,thumbnail_grossTrial.png,1245.0,1080.0,337.0,0.0,798.0,692.0,Fixation,1767.0,59.0,736.0,568.0,"0,3202","0,5257",,
26486,24801648,1400464072935,Eye Tracker,Participant0058,17.09.2021,Participant0058,Recording4,17.09.2021,17.09.2021,14:48:45.713,12:48:45.713,64514,Timeline2,Tobii I-VT (Fixation),1.145.28180,1080,1920,"10,00",692665391.0,,,744.0,572.0,752.0,568.0,735.0,576.0,"-0,05166","0,10640","-0,99298","-0,17171","0,10982","-0,97901","4,28","3,95",Valid,Valid,"233,2","100,0","517,8","292,0","99,7","516,5","206,2","155,5","201,4","157,7","0,3263","0,5298","0,3334","0,5261","0,3192","0,5334",thumbnail_grossTrial,thumbnail_grossTrial.png,1245.0,1080.0,337.0,0.0,798.0,692.0,Fixation,1767.0,59.0,736.0,568.0,"0,3202","0,5257",,
26487,24809986,1400464081273,Eye Tracker,Participant0058,17.09.2021,Participant0058,Recording4,17.09.2021,17.09.2021,14:48:45.713,12:48:45.713,64514,Timeline2,Tobii I-VT (Fixation),1.145.28180,1080,1920,"10,00",692673728.0,,,745.0,572.0,752.0,568.0,738.0,576.0,"-0,05173","0,10635","-0,99298","-0,17015","0,10987","-0,97927",,,Valid,Valid,"233,2","100,1","517,7","292,0","99,8","516,5","206,2","155,5","202,3","157,7","0,3276","0,5299","0,3334","0,5261","0,3218","0,5336",thumbnail_grossTrial,thumbnail_grossTrial.png,1245.0,1080.0,337.0,0.0,798.0,692.0,Fixation,1767.0,59.0,736.0,568.0,"0,3202","0,5257",,
26488,24818396,1400464089683,Eye Tracker,Participant0058,17.09.2021,Participant0058,Recording4,17.09.2021,17.09.2021,14:48:45.713,12:48:45.713,64514,Timeline2,Tobii I-VT (Fixation),1.145.28180,1080,1920,"10,00",692682138.0,,,746.0,570.0,753.0,567.0,739.0,574.0,"-0,05123","0,10568","-0,99308","-0,16947","0,10869","-0,97952",,,Valid,Valid,"233,1","100,0","517,7","292,0","99,7","516,5","206,4","155,1","202,6","157,0","0,3283","0,5281","0,3339","0,5248","0,3227","0,5313",thumbnail_grossTrial,thumbnail_grossTrial.png,1245.0,1080.0,337.0,0.0,798.0,692.0,Fixation,1767.0,59.0,736.0,568.0,"0,3202","0,5257",,
26489,24826645,1400464097932,Eye Tracker,Participant0058,17.09.2021,Participant0058,Recording4,17.09.2021,17.09.2021,14:48:45.713,12:48:45.713,64514,Timeline2,Tobii I-VT (Fixation),1.145.28180,1080,1920,"10,00",692690387.0,,,745.0,573.0,754.0,568.0,736.0,577.0,"-0,05092","0,10645","-0,99301","-0,17103","0,11019","-0,97909","4,23","4,30",Valid,Valid,"233,2","100,0","517,8","292,0","99,7","516,5","206,6","155,5","201,8","157,9","0,3274","0,5301","0,3345","0,5262","0,3203","0,5341",thumbnail_grossTrial,thumbnail_grossTrial.png,1245.0,1080.0,337.0,0.0,798.0,692.0,Fixation,1767.0,59.0,736.0,568.0,"0,3202","0,5257",,
26490,24834951,1400464106238,Eye Tracker,Participant0058,17.09.2021,Participant0058,Recording4,17.09.2021,17.09.2021,14:48:45.713,12:48:45.713,64514,Timeline2,Tobii I-VT (Fixation),1.145.28180,1080,1920,"10,00",692698692.0,,,743.0,571.0,754.0,568.0,733.0,574.0,"-0,05098","0,10638","-0,99302","-0,17299","0,10851","-0,97893",,,Valid,Valid,"233,2","100,0","517,7","292,0","99,8","516,5","206,6","155,5","200,8","157,0","0,3259","0,5287","0,3345","0,5262","0,3173","0,5312",thumbnail_grossTrial,thumbnail_grossTrial.png,1245.0,1080.0,337.0,0.0,798.0,692.0,Fixation,1767.0,59.0,736.0,568.0,"0,3202","0,5257",,
26491,24843281,1400464114568,Eye Tracker,Participant0058,17.09.2021,Participant0058,Recording4,17.09.2021,17.09.2021,14:48:45.713,12:48:45.713,64514,Timeline2,Tobii I-VT (Fixation),1.145.28180,1080,1920,"10,00",692707022.0,,,744.0,571.0,753.0,565.0,735.0,577.0,"-0,05125","0,10468","-0,99319","-0,17181","0,11022","-0,97894",,,Valid,Valid,"233,1","100,0","517,7","292,0","99,7","516,5","206,4","154,6","201,3","157,9","0,3265","0,5286","0,3340","0,5230","0,3190","0,5342",thumbnail_grossTrial,thumbnail_grossTrial.png,1245.0,1080.0,337.0,0.0,798.0,692.0,Fixation,1767.0,59.0,736.0,568.0,"0,3202","0,5257",,
26492,24851614,1400464122901,Eye Tracker,Participant0058,17.09.2021,Participant0058,Recording4,17.09.2021,17.09.2021,14:48:45.713,12:48:45.713,64514,Timeline2,Tobii I-VT (Fixation),1.145.28180,1080,1920,"10,00",692715355.0,,,734.0,572.0,732.0,568.0,736.0,576.0,"-0,06222","0,10648","-0,99237","-0,17116","0,10994","-0,97909","4,23","4,36",Valid,Valid,"233,2","100,0","517,8","292,0","99,7","516,6","200,7","155,6","201,7","157,7","0,3187","0,5299","0,3172","0,5263","0,3201","0,5336",thumbnail_grossTrial,thumbnail_grossTrial.png,1245.0,1080.0,337.0,0.0,798.0,692.0,Fixation,1767.0,59.0,736.0,568.0,"0,3202","0,5257",,
26493,24859981,1400464131268,Eye Tracker,Participant0058,17.09.2021,Participant0058,Recording4,17.09.2021,17.09.2021,14:48:45.713,12:48:45.713,64514,Timeline2,Tobii I-VT (Fixation),1.145.28180,1080,1920,"10,00",692723722.0,,,733.0,572.0,729.0,566.0,736.0,577.0,"-0,06415","0,10539","-0,99236","-0,17101","0,11031","-0,97908",,,Valid,Valid,"233,2","100,0","517,7","292,0","99,7","516,5","199,8","155,0","201,8","157,9","0,3174","0,5294","0,3144","0,5245","0,3204","0,5343",thumbnail_grossTrial,thumbnail_grossTrial.png,1245.0,1080.0,337.0,0.0,798.0,692.0,Fixation,1767.0,59.0,736.0,568.0,"0,3202","0,5257",,
26494,24868278,1400464139565,Eye Tracker,Participant0058,17.09.2021,Participant0058,Recording4,17.09.2021,17.09.2021,14:48:45.713,12:48:45.713,64514,Timeline2,Tobii I-VT (Fixation),1.145.28180,1080,1920,"10,00",692732018.0,,,732.0,570.0,729.0,565.0,736.0,574.0,"-0,06405","0,10489","-0,99242","-0,17129","0,10896","-0,97918",,,Valid,Valid,"233,2","100,0","517,7","292,0","99,7","516,6","199,8","154,7","201,6","157,2","0,3171","0,5276","0,3144","0,5235","0,3199","0,5317",thumbnail_grossTrial,thumbnail_grossTrial.png,1245.0,1080.0,337.0,0.0,798.0,692.0,Fixation,1767.0,59.0,736.0,568.0,"0,3202","0,5257",,
26495,24876728,1400464148015,Eye Tracker,Participant0058,17.09.2021,Participant0058,Recording4,17.09.2021,17.09.2021,14:48:45.713,12:48:45.713,64514,Timeline2,Tobii I-VT (Fixation),1.145.28180,1080,1920,"10,00",692740468.0,,,734.0,571.0,730.0,564.0,738.0,579.0,"-0,06324","0,10407","-0,99256","-0,17037","0,11128","-0,97908","4,33","4,41",Valid,Valid,"233,2","100,0","517,7","292,0","99,6","516,6","200,2","154,3","202,1","158,4","0,3185","0,5289","0,3157","0,5220","0,3214","0,5358",thumbnail_grossTrial,thumbnail_grossTrial.png,1245.0,1080.0,337.0,0.0,798.0,692.0,Fixation,1767.0,59.0,736.0,568.0,"0,3202","0,5257",,
26496,24884944,1400464156231,Eye Tracker,Participant0058,17.09.2021,Participant0058,Recording4,17.09.2021,17.09.2021,14:48:45.713,12:48:45.713,64514,Timeline2,Tobii I-VT (Fixation),1.145.28180,1080,1920,"10,00",692748684.0,,,730.0,570.0,727.0,566.0,734.0,575.0,"-0,06532","0,10498","-0,99233","-0,17245","0,10907","-0,97896",,,Valid,Valid,"233,2","100,0","517,6","292,0","99,7","516,6","199,2","154,8","201,0","157,2","0,3154","0,5279","0,3126","0,5237","0,3182","0,5320",thumbnail_grossTrial,thumbnail_grossTrial.png,1245.0,1080.0,337.0,0.0,798.0,692.0,Fixation,1767.0,59.0,736.0,568.0,"0,3202","0,5257",,
26497,24893276,1400464164563,Eye Tracker,Participant0058,17.09.2021,Participant0058,Recording4,17.09.2021,17.09.2021,14:48:45.713,12:48:45.713,64514,Timeline2,Tobii I-VT (Fixation),1.145.28180,1080,1920,"10,00",692757016.0,,,731.0,565.0,726.0,561.0,735.0,570.0,"-0,06532","0,10261","-0,99258","-0,17175","0,10679","-0,97934",,,Valid,Valid,"233,2","100,0","517,6","292,0","99,6","516,6","199,1","153,5","201,4","155,9","0,3158","0,5235","0,3125","0,5194","0,3192","0,5276",thumbnail_grossTrial,thumbnail_grossTrial.png,1245.0,1080.0,337.0,0.0,798.0,692.0,Fixation,1767.0,59.0,736.0,568.0,"0,3202","0,5257",,
26498,24901611,1400464172898,Eye Tracker,Participant0058,17.09.2021,Participant0058,Recording4,17.09.2021,17.09.2021,14:48:45.713,12:48:45.713,64514,Timeline2,Tobii I-VT (Fixation),1.145.28180,1080,1920,"10,00",692765350.0,,,730.0,561.0,728.0,557.0,731.0,566.0,"-0,06429","0,10033","-0,99288","-0,17374","0,10471","-0,97921","4,34","4,41",Valid,Valid,"233,2","100,0","517,6","292,0","99,6","516,7","199,7","152,3","200,3","154,8","0,3151","0,5196","0,3141","0,5153","0,3161","0,5239",thumbnail_grossTrial,thumbnail_grossTrial.png,1245.0,1080.0,337.0,0.0,798.0,692.0,Fixation,1767.0,59.0,736.0,568.0,"0,3202","0,5257",,
26499,24909942,1400464181229,Eye Tracker,Participant0058,17.09.2021,Participant0058,Recording4,17.09.2021,17.09.2021,14:48:45.713,12:48:45.713,64514,Timeline2,Tobii I-VT (Fixation),1.145.28180,1080,1920,"10,00",692773681.0,,,735.0,565.0,738.0,558.0,733.0,572.0,"-0,05942","0,10105","-0,99311","-0,17288","0,10798","-0,97901",,,Valid,Valid,"233,2","100,0","517,5","292,0","99,6","516,7","202,2","152,7","200,8","156,6","0,3196","0,5233","0,3217","0,5167","0,3174","0,5298",thumbnail_grossTrial,thumbnail_grossTrial.png,1245.0,1080.0,337.0,0.0,798.0,692.0,Fixation,1767.0,59.0,736.0,568.0,"0,3202","0,5257",,
26500,24918300,1400464189587,Eye Tracker,Participant0058,17.09.2021,Participant0058,Recording4,17.09.2021,17.09.2021,14:48:45.713,12:48:45.713,64514,Timeline2,Tobii I-VT (Fixation),1.145.28180,1080,1920,"10,00",692782039.0,,,736.0,570.0,740.0,563.0,732.0,576.0,"-0,05827","0,10384","-0,99289","-0,17302","0,11008","-0,97875",,,Valid,Valid,"233,1","100,0","517,5","292,0","99,6","516,7","202,8","154,2","200,6","157,7","0,3201","0,5275","0,3232","0,5216","0,3170","0,5335",thumbnail_grossTrial,thumbnail_grossTrial.png,1245.0,1080.0,337.0,0.0,798.0,692.0,Fixation,1767.0,59.0,736.0,568.0,"0,3202","0,5257",,
26501,24926652,1400464197939,Eye Tracker,Participant0058,17.09.2021,Participant0058,Recording4,17.09.2021,17.09.2021,14:48:45.713,12:48:45.713,64514,Timeline2,Tobii I-VT (Fixation),1.145.28180,1080,1920,"10,00",692790390.0,,,735.0,570.0,738.0,566.0,732.0,574.0,"-0,05908","0,10512","-0,99270","-0,17324","0,10886","-0,97884","4,31","4,41",Valid,Valid,"233,2","100,0","517,5","292,0","99,5","516,8","202,4","154,8","200,6","157,0","0,3194","0,5276","0,3220","0,5239","0,3167","0,5312",thumbnail_grossTrial,thumbnail_grossTrial.png,1245.0,1080.0,337.0,0.0,798.0,692.0,Fixation,1767.0,59.0,736.0,568.0,"0,3202","0,5257",,
26502,24934969,1400464206256,Eye Tracker,Participant0058,17.09.2021,Participant0058,Recording4,17.09.2021,17.09.2021,14:48:45.713,12:48:45.713,64514,Timeline2,Tobii I-VT (Fixation),1.145.28180,1080,1920,"10,00",692798707.0,,,732.0,568.0,733.0,563.0,731.0,574.0,"-0,06188","0,10343","-0,99271","-0,17349","0,10887","-0,97880",,,Valid,Valid,"233,2","100,1","517,5","292,0","99,6","516,8","200,9","154,0","200,4","157,1","0,3171","0,5262","0,3179","0,5210","0,3164","0,5314",thumbnail_grossTrial,thumbnail_grossTrial.png,1245.0,1080.0,337.0,0.0,798.0,692.0,Fixation,1767.0,59.0,736.0,568.0,"0,3202","0,5257",,
26503,24943299,1400464214586,Eye Tracker,Participant0058,17.09.2021,Participant0058,Recording4,17.09.2021,17.09.2021,14:48:45.713,12:48:45.713,64514,Timeline2,Tobii I-VT (Fixation),1.145.28180,1080,1920,"10,00",692807037.0,,,728.0,570.0,730.0,560.0,725.0,580.0,"-0,06325","0,10206","-0,99277","-0,17663","0,11204","-0,97788",,,Valid,Valid,"233,1","100,1","517,5","292,0","99,5","516,8","200,2","153,3","198,6","158,8","0,3134","0,5278","0,3156","0,5186","0,3111","0,5371",thumbnail_grossTrial,thumbnail_grossTrial.png,1245.0,1080.0,337.0,0.0,798.0,692.0,Fixation,1767.0,59.0,736.0,568.0,"0,3202","0,5257",,
26504,24951607,1400464222894,Eye Tracker,Participant0058,17.09.2021,Participant0058,Recording4,17.09.2021,17.09.2021,14:48:45.713,12:48:45.713,64514,Timeline2,Tobii I-VT (Fixation),1.145.28180,1080,1920,"10,00",692815345.0,,,730.0,573.0,730.0,558.0,730.0,587.0,"-0,06339","0,10104","-0,99286","-0,17416","0,11563","-0,97791","4,33","4,48",Valid,Valid,"233,2","100,1","517,5","292,0","99,5","516,9","200,1","152,7","200,0","160,6","0,3153","0,5301","0,3155","0,5168","0,3150","0,5435",thumbnail_grossTrial,thumbnail_grossTrial.png,1245.0,1080.0,337.0,0.0,798.0,692.0,Fixation,1767.0,59.0,736.0,568.0,"0,3202","0,5257",,
26505,24959939,1400464231226,Eye Tracker,Participant0058,17.09.2021,Participant0058,Recording4,17.09.2021,17.09.2021,14:48:45.713,12:48:45.713,64514,Timeline2,Tobii I-VT (Fixation),1.145.28180,1080,1920,"10,00",692823676.0,,,732.0,575.0,730.0,562.0,734.0,587.0,"-0,06332","0,10315","-0,99265","-0,17220","0,11584","-0,97823",,,Valid,Valid,"233,2","100,1","517,5","292,0","99,6","516,9","200,2","153,9","201,1","160,8","0,3170","0,5323","0,3157","0,5206","0,3182","0,5439",thumbnail_grossTrial,thumbnail_grossTrial.png,1245.0,1080.0,337.0,0.0,798.0,692.0,Fixation,1767.0,59.0,736.0,568.0,"0,3202","0,5257",,
26506,24968297,1400464239584,Eye Tracker,Participant0058,17.09.2021,Participant0058,Recording4,17.09.2021,17.09.2021,14:48:45.713,12:48:45.713,64514,Timeline2,Tobii I-VT (Fixation),1.145.28180,1080,1920,"10,00",692832034.0,,,745.0,571.0,751.0,563.0,740.0,579.0,"-0,05231","0,10375","-0,99323","-0,16915","0,11183","-0,97923",,,Valid,Valid,"233,1","100,1","517,5","292,0","99,5","516,9","205,9","154,1","202,7","158,6","0,3277","0,5290","0,3324","0,5215","0,3231","0,5365",thumbnail_grossTrial,thumbnail_grossTrial.png,1245.0,1080.0,337.0,0.0,798.0,692.0,Fixation,1767.0,59.0,736.0,568.0,"0,3202","0,5257",,
26507,24976682,1400464247969,Eye Tracker,Participant0058,17.09.2021,Participant0058,Recording4,17.09.2021,17.09.2021,14:48:45.713,12:48:45.713,64514,Timeline2,Tobii I-VT (Fixation),1.145.28180,1080,1920,"10,00",692840419.0,,,735.0,570.0,730.0,568.0,739.0,572.0,"-0,06344","0,10632","-0,99231","-0,16956","0,10820","-0,97956","4,40","3,99",Valid,Valid,"233,2","100,1","517,6","292,0","99,5","517,0","200,1","155,5","202,6","156,6","0,3190","0,5280","0,3154","0,5262","0,3226","0,5299",thumbnail_grossTrial,thumbnail_grossTrial.png,1245.0,1080.0,337.0,0.0,798.0,692.0,Fixation,1767.0,59.0,736.0,568.0,"0,3202","0,5257",,
26508,24984937,1400464256224,Eye Tracker,Participant0058,17.09.2021,Participant0058,Recording4,17.09.2021,17.09.2021,14:48:45.713,12:48:45.713,64514,Timeline2,Tobii I-VT (Fixation),1.145.28180,1080,1920,"10,00",692848674.0,,,731.0,569.0,730.0,567.0,731.0,570.0,"-0,06339","0,10550","-0,99240","-0,17379","0,10712","-0,97894",,,Valid,Valid,"233,2","100,1","517,6","292,1","99,5","517,0","200,2","155,1","200,3","156,1","0,3158","0,5265","0,3156","0,5248","0,3160","0,5282",thumbnail_grossTrial,thumbnail_grossTrial.png,1245.0,1080.0,337.0,0.0,798.0,692.0,Fixation,1767.0,59.0,736.0,568.0,"0,3202","0,5257",,
26509,24993299,1400464264586,Eye Tracker,Participant0058,17.09.2021,Participant0058,Recording4,17.09.2021,17.09.2021,14:48:45.713,12:48:45.713,64514,Timeline2,Tobii I-VT (Fixation),1.145.28180,1080,1920,"10,00",692857035.0,,,727.0,573.0,731.0,565.0,724.0,580.0,"-0,06288","0,10450","-0,99254","-0,17709","0,11220","-0,97778",,,Valid,Valid,"233,2","100,1","517,6","292,0","99,5","517,0","200,4","154,5","198,4","158,8","0,3133","0,5301","0,3162","0,5229","0,3104","0,5374",thumbnail_grossTrial,thumbnail_grossTrial.png,1245.0,1080.0,337.0,0.0,798.0,692.0,Fixation,1767.0,59.0,736.0,568.0,"0,3202","0,5257",,
26510,25001629,1400464272916,Eye Tracker,Participant0058,17.09.2021,Participant0058,Recording4,17.09.2021,17.09.2021,14:48:45.713,12:48:45.713,64514,Timeline2,Tobii I-VT (Fixation),1.145.28180,1080,1920,"10,00",692865365.0,,,727.0,571.0,730.0,563.0,723.0,580.0,"-0,06359","0,10347","-0,99260","-0,17732","0,11192","-0,97777","4,35","4,00",Valid,Valid,"233,2","100,0","517,7","292,1","99,5","517,1","200,0","154,0","198,3","158,7","0,3126","0,5289","0,3152","0,5210","0,3101","0,5369",thumbnail_grossTrial,thumbnail_grossTrial.png,1245.0,1080.0,337.0,0.0,798.0,692.0,Fixation,1767.0,59.0,736.0,568.0,"0,3202","0,5257",,
26511,25009965,1400464281252,Eye Tracker,Participant0058,17.09.2021,Participant0058,Recording4,17.09.2021,17.09.2021,14:48:45.713,12:48:45.713,64514,Timeline2,Tobii I-VT (Fixation),1.145.28180,1080,1920,"10,00",692873701.0,,,728.0,570.0,730.0,561.0,725.0,578.0,"-0,06346","0,10264","-0,99269","-0,17646","0,11094","-0,97804",,,Valid,Valid,"233,2","100,0","517,7","292,1","99,5","517,0","200,1","153,6","198,8","158,2","0,3135","0,5274","0,3155","0,5196","0,3116","0,5351",thumbnail_grossTrial,thumbnail_grossTrial.png,1245.0,1080.0,337.0,0.0,798.0,692.0,Fixation,1767.0,59.0,736.0,568.0,"0,3202","0,5257",,
26512,25018323,1400464289610,Eye Tracker,Participant0058,17.09.2021,Participant0058,Recording4,17.09.2021,17.09.2021,14:48:45.713,12:48:45.713,64514,Timeline2,Tobii I-VT (Fixation),1.145.28180,1080,1920,"10,00",692882058.0,,,739.0,568.0,745.0,567.0,732.0,569.0,"-0,05538","0,10599","-0,99282","-0,17313","0,10638","-0,97914",,,Valid,Valid,"233,1","100,0","517,7","292,0","99,5","517,1","204,3","155,3","200,6","155,6","0,3222","0,5260","0,3276","0,5253","0,3168","0,5266",thumbnail_grossTrial,thumbnail_grossTrial.png,1245.0,1080.0,337.0,0.0,798.0,692.0,Fixation,1767.0,59.0,736.0,568.0,"0,3202","0,5257",,
26513,25026601,1400464297888,Eye Tracker,Participant0058,17.09.2021,Participant0058,Recording4,17.09.2021,17.09.2021,14:48:45.713,12:48:45.713,64514,Timeline2,Tobii I-VT (Fixation),1.145.28180,1080,1920,"10,00",692890336.0,,,730.0,568.0,730.0,568.0,730.0,568.0,"-0,06333","0,10619","-0,99233","-0,17392","0,10625","-0,97901","4,39","4,47",Valid,Valid,"233,2","100,0","517,8","292,1","99,4","517,2","200,1","155,4","200,2","155,6","0,3156","0,5260","0,3155","0,5257","0,3156","0,5264",thumbnail_grossTrial,thumbnail_grossTrial.png,1245.0,1080.0,337.0,0.0,798.0,692.0,Fixation,1767.0,59.0,736.0,568.0,"0,3202","0,5257",,
26514,25034940,1400464306227,Eye Tracker,Participant0058,17.09.2021,Participant0058,Recording4,17.09.2021,17.09.2021,14:48:45.713,12:48:45.713,64514,Timeline2,Tobii I-VT (Fixation),1.145.28180,1080,1920,"10,00",692898675.0,,,732.0,570.0,731.0,568.0,732.0,572.0,"-0,06274","0,10616","-0,99237","-0,17308","0,10814","-0,97895",,,Valid,Valid,"233,2","100,0","517,7","292,1","99,5","517,1","200,5","155,4","200,7","156,6","0,3168","0,5278","0,3165","0,5257","0,3170","0,5298",thumbnail_grossTrial,thumbnail_grossTrial.png,1245.0,1080.0,337.0,0.0,798.0,692.0,Fixation,1767.0,59.0,736.0,568.0,"0,3202","0,5257",,
26515,25043276,1400464314563,Eye Tracker,Participant0058,17.09.2021,Participant0058,Recording4,17.09.2021,17.09.2021,14:48:45.713,12:48:45.713,64514,Timeline2,Tobii I-VT (Fixation),1.145.28180,1080,1920,"10,00",692907011.0,,,743.0,574.0,752.0,577.0,734.0,571.0,"-0,05179","0,11120","-0,99245","-0,17191","0,10784","-0,97919",,,Valid,Valid,"233,1","100,0","517,8","292,0","99,4","517,2","206,1","158,0","201,2","156,4","0,3259","0,5318","0,3330","0,5345","0,3187","0,5291",thumbnail_grossTrial,thumbnail_grossTrial.png,1245.0,1080.0,337.0,0.0,798.0,692.0,Fixation,1767.0,59.0,736.0,568.0,"0,3202","0,5257",,
26516,25051605,1400464322892,Eye Tracker,Participant0058,17.09.2021,Participant0058,Recording4,17.09.2021,17.09.2021,14:48:45.713,12:48:45.713,64514,Timeline2,Tobii I-VT (Fixation),1.145.28180,1080,1920,"10,00",692915339.0,,,729.0,572.0,723.0,572.0,735.0,573.0,"-0,06680","0,10817","-0,99189","-0,17158","0,10848","-0,97918","4,16","4,02",Valid,Valid,"233,2","99,9","517,8","292,1","99,4","517,2","198,3","156,4","201,4","156,7","0,3147","0,5297","0,3101","0,5292","0,3193","0,5302",thumbnail_grossTrial,thumbnail_grossTrial.png,1245.0,1080.0,337.0,0.0,798.0,692.0,Fixation,1767.0,59.0,736.0,568.0,"0,3202","0,5257",,
26517,25059930,1400464331217,Eye Tracker,Participant0058,17.09.2021,Participant0058,Recording4,17.09.2021,17.09.2021,14:48:45.713,12:48:45.713,64514,Timeline2,Tobii I-VT (Fixation),1.145.28180,1080,1920,"10,00",692923664.0,,,731.0,575.0,724.0,576.0,738.0,573.0,"-0,06661","0,11061","-0,99163","-0,17000","0,10890","-0,97941",,,Valid,Valid,"233,2","100,0","517,8","292,1","99,4","517,2","198,4","157,7","202,3","156,9","0,3162","0,5323","0,3105","0,5337","0,3219","0,5310",thumbnail_grossTrial,thumbnail_grossTrial.png,1245.0,1080.0,337.0,0.0,798.0,692.0,Fixation,1767.0,59.0,736.0,568.0,"0,3202","0,5257",,
26518,25068291,1400464339578,Eye Tracker,Participant0058,17.09.2021,Participant0058,Recording4,17.09.2021,17.09.2021,14:48:45.713,12:48:45.713,64514,Timeline2,Tobii I-VT (Fixation),1.145.28180,1080,1920,"10,00",692932025.0,,,730.0,571.0,723.0,569.0,737.0,574.0,"-0,06726","0,10665","-0,99202","-0,17057","0,10916","-0,97928",,,Valid,Valid,"233,1","99,9","517,8","292,0","99,4","517,2","198,0","155,6","201,9","157,0","0,3151","0,5289","0,3093","0,5265","0,3208","0,5314",thumbnail_grossTrial,thumbnail_grossTrial.png,1245.0,1080.0,337.0,0.0,798.0,692.0,Fixation,1767.0,59.0,736.0,568.0,"0,3202","0,5257",,
26519,25076596,1400464347883,Eye Tracker,Participant0058,17.09.2021,Participant0058,Recording4,17.09.2021,17.09.2021,14:48:45.713,12:48:45.713,64514,Timeline2,Tobii I-VT (Fixation),1.145.28180,1080,1920,"10,00",692940330.0,,,735.0,574.0,730.0,567.0,740.0,581.0,"-0,06360","0,10582","-0,99235","-0,16901","0,11298","-0,97912","4,35","4,56",Valid,Valid,"233,2","99,9","517,8","292,1","99,4","517,3","200,0","155,2","202,8","159,1","0,3191","0,5316","0,3150","0,5250","0,3232","0,5382",thumbnail_grossTrial,thumbnail_grossTrial.png,1245.0,1080.0,337.0,0.0,798.0,692.0,Fixation,1767.0,59.0,736.0,568.0,"0,3202","0,5257",,
26520,25085008,1400464356295,Eye Tracker,Participant0058,17.09.2021,Participant0058,Recording4,17.09.2021,17.09.2021,14:48:45.713,12:48:45.713,64514,Timeline2,Tobii I-VT (Fixation),1.145.28180,1080,1920,"10,00",692948741.0,,,732.0,574.0,727.0,568.0,737.0,579.0,"-0,06530","0,10650","-0,99217","-0,17068","0,11172","-0,97897",,,Valid,Valid,"233,2","100,0","517,8","292,1","99,4","517,2","199,1","155,6","201,9","158,4","0,3166","0,5312","0,3126","0,5263","0,3207","0,5361",thumbnail_grossTrial,thumbnail_grossTrial.png,1245.0,1080.0,337.0,0.0,798.0,692.0,Fixation,1767.0,59.0,736.0,568.0,"0,3202","0,5257",,
26521,25093260,1400464364547,Eye Tracker,Participant0058,17.09.2021,Participant0058,Recording4,17.09.2021,17.09.2021,14:48:45.713,12:48:45.713,64514,Timeline2,Tobii I-VT (Fixation),1.145.28180,1080,1920,"10,00",692956993.0,,,733.0,573.0,728.0,568.0,738.0,578.0,"-0,06429","0,10650","-0,99223","-0,16993","0,11144","-0,97913",,,Valid,Valid,"233,1","100,0","517,8","292,0","99,4","517,2","199,6","155,5","202,3","158,3","0,3178","0,5309","0,3139","0,5262","0,3217","0,5355",thumbnail_grossTrial,thumbnail_grossTrial.png,1245.0,1080.0,337.0,0.0,798.0,692.0,Fixation,1767.0,59.0,736.0,568.0,"0,3202","0,5257",,
26522,25101595,1400464372882,Eye Tracker,Participant0058,17.09.2021,Participant0058,Recording4,17.09.2021,17.09.2021,14:48:45.713,12:48:45.713,64514,Timeline2,Tobii I-VT (Fixation),1.145.28180,1080,1920,"10,00",692965328.0,,,730.0,569.0,725.0,566.0,734.0,571.0,"-0,06585","0,10552","-0,99223","-0,17198","0,10761","-0,97921","4,46","4,03",Valid,Valid,"233,2","99,9","517,8","292,1","99,4","517,2","198,8","155,0","201,2","156,2","0,3151","0,5266","0,3116","0,5245","0,3187","0,5286",thumbnail_grossTrial,thumbnail_grossTrial.png,1245.0,1080.0,337.0,0.0,798.0,692.0,Fixation,1767.0,59.0,736.0,568.0,"0,3202","0,5257",,
26523,25109928,1400464381215,Eye Tracker,Participant0058,17.09.2021,Participant0058,Recording4,17.09.2021,17.09.2021,14:48:45.713,12:48:45.713,64514,Timeline2,Tobii I-VT (Fixation),1.145.28180,1080,1920,"10,00",692973660.0,,,729.0,566.0,722.0,560.0,737.0,572.0,"-0,06761","0,10227","-0,99246","-0,17076","0,10812","-0,97936",,,Valid,Valid,"233,2","100,0","517,8","292,1","99,5","517,1","197,9","153,3","201,9","156,5","0,3149","0,5242","0,3091","0,5188","0,3207","0,5297",thumbnail_grossTrial,thumbnail_grossTrial.png,1245.0,1080.0,337.0,0.0,798.0,692.0,Fixation,1767.0,59.0,736.0,568.0,"0,3202","0,5257",,
26524,25118341,1400464389628,Eye Tracker,Participant0058,17.09.2021,Participant0058,Recording4,17.09.2021,17.09.2021,14:48:45.713,12:48:45.713,64514,Timeline2,Tobii I-VT (Fixation),1.145.28180,1080,1920,"10,00",692982073.0,,,739.0,572.0,746.0,566.0,733.0,579.0,"-0,05511","0,10521","-0,99292","-0,17265","0,11152","-0,97865",,,Valid,Valid,"233,1","99,9","517,8","292,0","99,4","517,1","204,4","154,8","200,8","158,4","0,3227","0,5298","0,3280","0,5238","0,3174","0,5358",thumbnail_grossTrial,thumbnail_grossTrial.png,1245.0,1080.0,337.0,0.0,798.0,692.0,Fixation,1767.0,59.0,736.0,568.0,"0,3202","0,5257",,
26525,25126592,1400464397879,Eye Tracker,Participant0058,17.09.2021,Participant0058,Recording4,17.09.2021,17.09.2021,14:48:45.713,12:48:45.713,64514,Timeline2,Tobii I-VT (Fixation),1.145.28180,1080,1920,"10,00",692990324.0,,,724.0,575.0,726.0,570.0,723.0,580.0,"-0,06574","0,10748","-0,99203","-0,17742","0,11205","-0,97774","4,46","4,90",Valid,Valid,"233,2","99,9","517,8","292,0","99,5","517,1","198,8","156,0","198,2","158,7","0,3108","0,5325","0,3117","0,5280","0,3099","0,5370",thumbnail_grossTrial,thumbnail_grossTrial.png,1245.0,1080.0,337.0,0.0,798.0,692.0,Fixation,1767.0,59.0,736.0,568.0,"0,3202","0,5257",,
26526,25134965,1400464406252,Eye Tracker,Participant0058,17.09.2021,Participant0058,Recording4,17.09.2021,17.09.2021,14:48:45.713,12:48:45.713,64514,Timeline2,Tobii I-VT (Fixation),1.145.28180,1080,1920,"10,00",692998697.0,,,727.0,571.0,733.0,568.0,721.0,575.0,"-0,06173","0,10632","-0,99241","-0,17879","0,10930","-0,97780",,,Valid,Valid,"233,2","100,0","517,8","292,1","99,5","516,9","201,0","155,4","197,5","157,3","0,3130","0,5291","0,3180","0,5260","0,3079","0,5323",thumbnail_grossTrial,thumbnail_grossTrial.png,1245.0,1080.0,337.0,0.0,798.0,692.0,Fixation,1767.0,59.0,736.0,568.0,"0,3202","0,5257",,
26527,25143297,1400464414584,Eye Tracker,Participant0058,17.09.2021,Participant0058,Recording4,17.09.2021,17.09.2021,14:48:45.713,12:48:45.713,64514,Timeline2,Tobii I-VT (Fixation),1.145.28180,1080,1920,"10,00",693007028.0,,,727.0,568.0,734.0,564.0,720.0,572.0,"-0,06116","0,10428","-0,99267","-0,17892","0,10795","-0,97792",,,Valid,Valid,"233,1","99,9","517,8","292,0","99,5","516,9","201,2","154,3","197,4","156,6","0,3132","0,5260","0,3188","0,5222","0,3076","0,5298",thumbnail_grossTrial,thumbnail_grossTrial.png,1245.0,1080.0,337.0,0.0,798.0,692.0,Fixation,1767.0,59.0,736.0,568.0,"0,3202","0,5257",,
26528,25151625,1400464422912,Eye Tracker,Participant0058,17.09.2021,Participant0058,Recording4,17.09.2021,17.09.2021,14:48:45.713,12:48:45.713,64514,Timeline2,Tobii I-VT (Fixation),1.145.28180,1080,1920,"10,00",693015356.0,,,728.0,568.0,727.0,560.0,730.0,576.0,"-0,06500","0,10241","-0,99262","-0,17417","0,11004","-0,97855","4,20","4,60",Valid,Valid,"233,2","99,9","517,9","292,0","99,5","516,9","199,2","153,4","200,0","157,7","0,3141","0,5262","0,3129","0,5189","0,3152","0,5335",thumbnail_grossTrial,thumbnail_grossTrial.png,1245.0,1080.0,337.0,0.0,798.0,692.0,Fixation,1767.0,59.0,736.0,568.0,"0,3202","0,5257",,
26529,25160024,1400464431311,Eye Tracker,Participant0058,17.09.2021,Participant0058,Recording4,17.09.2021,17.09.2021,14:48:45.713,12:48:45.713,64514,Timeline2,Tobii I-VT (Fixation),1.145.28180,1080,1920,"10,00",693023755.0,,,728.0,569.0,724.0,562.0,731.0,575.0,"-0,06655","0,10328","-0,99242","-0,17352","0,10932","-0,97874",,,Valid,Valid,"233,2","100,0","517,8","292,0","99,6","516,8","198,5","153,9","200,4","157,3","0,3135","0,5264","0,3107","0,5206","0,3164","0,5323",thumbnail_grossTrial,thumbnail_grossTrial.png,1245.0,1080.0,337.0,0.0,798.0,692.0,Fixation,1767.0,59.0,736.0,568.0,"0,3202","0,5257",,
26530,25168253,1400464439540,Eye Tracker,Participant0058,17.09.2021,Participant0058,Recording4,17.09.2021,17.09.2021,14:48:45.713,12:48:45.713,64514,Timeline2,Tobii I-VT (Fixation),1.145.28180,1080,1920,"10,00",693031984.0,,,726.0,573.0,722.0,570.0,729.0,575.0,"-0,06755","0,10758","-0,99190","-0,17447","0,10952","-0,97855",,,Valid,Valid,"233,1","99,9","517,9","292,0","99,6","516,8","197,9","156,1","199,9","157,4","0,3118","0,5304","0,3089","0,5282","0,3147","0,5327",thumbnail_grossTrial,thumbnail_grossTrial.png,1245.0,1080.0,337.0,0.0,798.0,692.0,Fixation,1767.0,59.0,736.0,568.0,"0,3202","0,5257",,
26531,25176627,1400464447914,Eye Tracker,Participant0058,17.09.2021,Participant0058,Recording4,17.09.2021,17.09.2021,14:48:45.713,12:48:45.713,64514,Timeline2,Tobii I-VT (Fixation),1.145.28180,1080,1920,"10,00",693040357.0,,,736.0,571.0,742.0,569.0,730.0,573.0,"-0,05708","0,10679","-0,99264","-0,17426","0,10818","-0,97874","4,37","4,59",Valid,Valid,"233,2","99,9","517,9","292,0","99,6","516,8","203,4","155,6","200,0","156,7","0,3201","0,5285","0,3250","0,5266","0,3151","0,5303",thumbnail_grossTrial,thumbnail_grossTrial.png,1245.0,1080.0,337.0,0.0,798.0,692.0,Fixation,1767.0,59.0,736.0,568.0,"0,3202","0,5257",,
26532,25184920,1400464456207,Eye Tracker,Participant0058,17.09.2021,Participant0058,Recording4,17.09.2021,17.09.2021,14:48:45.713,12:48:45.713,64514,Timeline2,Tobii I-VT (Fixation),1.145.28180,1080,1920,"10,00",693048650.0,,,727.0,571.0,728.0,566.0,727.0,575.0,"-0,06476","0,10517","-0,99234","-0,17587","0,10943","-0,97831",,,Valid,Valid,"233,2","100,0","517,9","292,0","99,7","516,7","199,4","154,8","199,2","157,5","0,3130","0,5283","0,3134","0,5239","0,3127","0,5328",thumbnail_grossTrial,thumbnail_grossTrial.png,1245.0,1080.0,337.0,0.0,798.0,692.0,Fixation,1767.0,59.0,736.0,568.0,"0,3202","0,5257",,
26533,25193323,1400464464610,Eye Tracker,Participant0058,17.09.2021,Participant0058,Recording4,17.09.2021,17.09.2021,14:48:45.713,12:48:45.713,64514,Timeline2,Tobii I-VT (Fixation),1.145.28180,1080,1920,"10,00",693057053.0,,,729.0,568.0,731.0,560.0,728.0,577.0,"-0,06296","0,10203","-0,99279","-0,17508","0,11023","-0,97836",,,Valid,Valid,"233,1","99,9","517,9","292,0","99,7","516,7","200,3","153,1","199,5","157,9","0,3149","0,5262","0,3160","0,5182","0,3137","0,5342",thumbnail_grossTrial,thumbnail_grossTrial.png,1245.0,1080.0,337.0,0.0,798.0,692.0,Fixation,1767.0,59.0,736.0,568.0,"0,3202","0,5257",,
26534,25201602,1400464472889,Eye Tracker,Participant0058,17.09.2021,Participant0058,Recording4,17.09.2021,17.09.2021,14:48:45.713,12:48:45.713,64514,Timeline2,Tobii I-VT (Fixation),1.145.28180,1080,1920,"10,00",693065332.0,,,727.0,569.0,727.0,562.0,727.0,575.0,"-0,06505","0,10321","-0,99253","-0,17543","0,10942","-0,97839","4,22","4,06",Valid,Valid,"233,2","99,9","518,0","292,0","99,7","516,7","199,2","153,8","199,4","157,5","0,3131","0,5265","0,3128","0,5203","0,3133","0,5327",thumbnail_grossTrial,thumbnail_grossTrial.png,1245.0,1080.0,337.0,0.0,798.0,692.0,Fixation,1767.0,59.0,736.0,568.0,"0,3202","0,5257",,
26535,25209974,1400464481261,Eye Tracker,Participant0058,17.09.2021,Participant0058,Recording4,17.09.2021,17.09.2021,14:48:45.713,12:48:45.713,64514,Timeline2,Tobii I-VT (Fixation),1.145.28180,1080,1920,"10,00",693073703.0,,,730.0,571.0,725.0,565.0,734.0,577.0,"-0,06634","0,10501","-0,99226","-0,17194","0,11015","-0,97893",,,Valid,Valid,"233,2","99,9","517,9","292,0","99,7","516,6","198,6","154,8","201,3","157,8","0,3150","0,5288","0,3110","0,5236","0,3189","0,5340",thumbnail_grossTrial,thumbnail_grossTrial.png,1245.0,1080.0,337.0,0.0,798.0,692.0,Fixation,1767.0,59.0,736.0,568.0,"0,3202","0,5257",,
26536,25218296,1400464489583,Eye Tracker,Participant0058,17.09.2021,Participant0058,Recording4,17.09.2021,17.09.2021,14:48:45.713,12:48:45.713,64514,Timeline2,Tobii I-VT (Fixation),1.145.28180,1080,1920,"10,00",693082025.0,,,730.0,569.0,724.0,566.0,736.0,571.0,"-0,06641","0,10558","-0,99219","-0,17105","0,10721","-0,97941",,,Valid,Valid,"233,1","99,9","518,0","292,0","99,7","516,6","198,5","155,0","201,8","156,2","0,3155","0,5266","0,3107","0,5245","0,3203","0,5287",thumbnail_grossTrial,thumbnail_grossTrial.png,1245.0,1080.0,337.0,0.0,798.0,692.0,Fixation,1767.0,59.0,736.0,568.0,"0,3202","0,5257",,
26537,25226589,1400464497876,Eye Tracker,Participant0058,17.09.2021,Participant0058,Recording4,17.09.2021,17.09.2021,14:48:45.713,12:48:45.713,64514,Timeline2,Tobii I-VT (Fixation),1.145.28180,1080,1920,"10,00",693090318.0,,,735.0,573.0,731.0,569.0,738.0,577.0,"-0,06261","0,10710","-0,99228","-0,17012","0,11012","-0,97925","4,39","4,64",Valid,Valid,"233,2","99,9","518,0","292,0","99,7","516,6","200,5","155,8","202,3","157,8","0,3191","0,5305","0,3165","0,5272","0,3218","0,5339",thumbnail_grossTrial,thumbnail_grossTrial.png,1245.0,1080.0,337.0,0.0,798.0,692.0,Fixation,1767.0,59.0,736.0,568.0,"0,3202","0,5257",,
26538,25234920,1400464506207,Eye Tracker,Participant0058,17.09.2021,Participant0058,Recording4,17.09.2021,17.09.2021,14:48:45.713,12:48:45.713,64514,Timeline2,Tobii I-VT (Fixation),1.145.28180,1080,1920,"10,00",693098648.0,,,735.0,570.0,735.0,565.0,734.0,576.0,"-0,06084","0,10484","-0,99263","-0,17218","0,10959","-0,97895",,,Valid,Valid,"233,2","99,9","518,0","292,0","99,7","516,5","201,5","154,6","201,2","157,6","0,3190","0,5281","0,3194","0,5232","0,3186","0,5331",thumbnail_grossTrial,thumbnail_grossTrial.png,1245.0,1080.0,337.0,0.0,798.0,692.0,Fixation,1767.0,59.0,736.0,568.0,"0,3202","0,5257",,
26539,25243285,1400464514572,Eye Tracker,Participant0058,17.09.2021,Participant0058,Recording4,17.09.2021,17.09.2021,14:48:45.713,12:48:45.713,64514,Timeline2,Tobii I-VT (Fixation),1.145.28180,1080,1920,"10,00",693107013.0,,,732.0,578.0,735.0,569.0,729.0,586.0,"-0,06081","0,10717","-0,99238","-0,17439","0,11497","-0,97794",,,Valid,Valid,"233,1","99,9","518,0","292,0","99,7","516,5","201,4","155,8","199,9","160,4","0,3170","0,5350","0,3192","0,5272","0,3147","0,5428",thumbnail_grossTrial,thumbnail_grossTrial.png,1245.0,1080.0,337.0,0.0,798.0,692.0,Fixation,1767.0,59.0,736.0,568.0,"0,3202","0,5257",,
26540,25251611,1400464522898,Eye Tracker,Participant0058,17.09.2021,Participant0058,Recording4,17.09.2021,17.09.2021,14:48:45.713,12:48:45.713,64514,Timeline2,Tobii I-VT (Fixation),1.145.28180,1080,1920,"10,00",693115339.0,,,726.0,575.0,727.0,569.0,724.0,580.0,"-0,06484","0,10686","-0,99216","-0,17703","0,11195","-0,97782","4,22","4,64",Valid,Valid,"233,1","99,9","518,0","292,0","99,7","516,5","199,3","155,7","198,5","158,8","0,3119","0,5321","0,3130","0,5267","0,3107","0,5374",thumbnail_grossTrial,thumbnail_grossTrial.png,1245.0,1080.0,337.0,0.0,798.0,692.0,Fixation,1767.0,59.0,736.0,568.0,"0,3202","0,5257",,
26541,25259912,1400464531199,Eye Tracker,Participant0058,17.09.2021,Participant0058,Recording4,17.09.2021,17.09.2021,14:48:45.713,12:48:45.713,64514,Timeline2,Tobii I-VT (Fixation),1.145.28180,1080,1920,"10,00",693123640.0,,,723.0,575.0,721.0,566.0,726.0,584.0,"-0,06818","0,10519","-0,99211","-0,17631","0,11363","-0,97776",,,Valid,Valid,"233,2","99,9","518,0","292,0","99,7","516,5","197,6","154,8","198,9","159,7","0,3100","0,5322","0,3081","0,5238","0,3118","0,5405",thumbnail_grossTrial,thumbnail_grossTrial.png,1245.0,1080.0,337.0,0.0,798.0,692.0,Fixation,1767.0,59.0,736.0,568.0,"0,3202","0,5257",,
26542,25268335,1400464539622,Eye Tracker,Participant0058,17.09.2021,Participant0058,Recording4,17.09.2021,17.09.2021,14:48:45.713,12:48:45.713,64514,Timeline2,Tobii I-VT (Fixation),1.145.28180,1080,1920,"10,00",693132062.0,,,728.0,571.0,723.0,566.0,732.0,576.0,"-0,06715","0,10539","-0,99216","-0,17287","0,10963","-0,97882",,,Valid,Valid,"233,1","99,9","517,9","292,0","99,7","516,5","198,1","154,9","200,7","157,5","0,3134","0,5285","0,3095","0,5241","0,3173","0,5330",thumbnail_grossTrial,thumbnail_grossTrial.png,1245.0,1080.0,337.0,0.0,798.0,692.0,Fixation,1767.0,59.0,736.0,568.0,"0,3202","0,5257",,
26543,25276581,1400464547868,Eye Tracker,Participant0058,17.09.2021,Participant0058,Recording4,17.09.2021,17.09.2021,14:48:45.713,12:48:45.713,64514,Timeline2,Tobii I-VT (Fixation),1.145.28180,1080,1920,"10,00",693140308.0,,,745.0,576.0,752.0,573.0,738.0,579.0,"-0,05195","0,10893","-0,99269","-0,17013","0,11143","-0,97910","4,49","4,57",Valid,Valid,"233,1","99,9","518,0","292,0","99,7","516,5","206,0","156,7","202,2","158,5","0,3272","0,5332","0,3328","0,5302","0,3217","0,5361",thumbnail_grossTrial,thumbnail_grossTrial.png,1245.0,1080.0,337.0,0.0,798.0,692.0,Fixation,1767.0,59.0,736.0,568.0,"0,3202","0,5257",,
26544,25284977,1400464556264,Eye Tracker,Participant0058,17.09.2021,Participant0058,Recording4,17.09.2021,17.09.2021,14:48:45.713,12:48:45.713,64514,Timeline2,Tobii I-VT (Fixation),1.145.28180,1080,1920,"10,00",693148704.0,,,746.0,573.0,752.0,573.0,740.0,574.0,"-0,05200","0,10886","-0,99270","-0,16915","0,10879","-0,97957",,,Valid,Valid,"233,2","99,9","517,9","292,0","99,7","516,4","206,0","156,7","202,8","157,1","0,3281","0,5308","0,3328","0,5301","0,3234","0,5314",thumbnail_grossTrial,thumbnail_grossTrial.png,1245.0,1080.0,337.0,0.0,798.0,692.0,Fixation,1767.0,59.0,736.0,568.0,"0,3202","0,5257",,
26545,25293299,1400464564586,Eye Tracker,Participant0058,17.09.2021,Participant0058,Recording4,17.09.2021,17.09.2021,14:48:45.713,12:48:45.713,64514,Timeline2,Tobii I-VT (Fixation),1.145.28180,1080,1920,"10,00",693157026.0,,,735.0,567.0,731.0,560.0,739.0,573.0,"-0,06273","0,10255","-0,99275","-0,16980","0,10850","-0,97949",,,Valid,Valid,"233,1","99,9","517,9","292,0","99,7","516,4","200,4","153,4","202,4","156,9","0,3192","0,5249","0,3163","0,5189","0,3222","0,5308",thumbnail_grossTrial,thumbnail_grossTrial.png,1245.0,1080.0,337.0,0.0,798.0,692.0,Fixation,1767.0,59.0,736.0,568.0,"0,3202","0,5257",,
26546,25301579,1400464572866,Eye Tracker,Participant0058,17.09.2021,Participant0058,Recording4,17.09.2021,17.09.2021,14:48:45.713,12:48:45.713,64514,Timeline2,Tobii I-VT (Fixation),1.145.28180,1080,1920,"10,00",693165305.0,,,734.0,561.0,732.0,559.0,735.0,563.0,"-0,06213","0,10173","-0,99287","-0,17194","0,10333","-0,97967","4,48","4,40",Valid,Valid,"233,1","99,9","517,9","292,0","99,7","516,5","200,7","152,9","201,3","154,1","0,3181","0,5195","0,3172","0,5175","0,3190","0,5215",thumbnail_grossTrial,thumbnail_grossTrial.png,1245.0,1080.0,337.0,0.0,798.0,692.0,Fixation,1767.0,59.0,736.0,568.0,"0,3202","0,5257",,
26547,25309910,1400464581197,Eye Tracker,Participant0058,17.09.2021,Participant0058,Recording4,17.09.2021,17.09.2021,14:48:45.713,12:48:45.713,64514,Timeline2,Tobii I-VT (Fixation),1.145.28180,1080,1920,"10,00",693173636.0,,,732.0,564.0,732.0,561.0,733.0,567.0,"-0,06262","0,10302","-0,99271","-0,17299","0,10526","-0,97928",,,Valid,Valid,"233,2","99,9","517,8","292,0","99,7","516,4","200,5","153,6","200,8","155,2","0,3170","0,5225","0,3166","0,5199","0,3174","0,5251",thumbnail_grossTrial,thumbnail_grossTrial.png,1245.0,1080.0,337.0,0.0,798.0,692.0,Fixation,1767.0,59.0,736.0,568.0,"0,3202","0,5257",,
26548,25318240,1400464589527,Eye Tracker,Participant0058,17.09.2021,Participant0058,Recording4,17.09.2021,17.09.2021,14:48:45.713,12:48:45.713,64514,Timeline2,Tobii I-VT (Fixation),1.145.28180,1080,1920,"10,00",693181966.0,,,744.0,566.0,753.0,566.0,735.0,566.0,"-0,05136","0,10537","-0,99311","-0,17172","0,10470","-0,97957",,,Valid,Valid,"233,1","99,9","517,8","292,0","99,7","516,5","206,3","154,8","201,4","154,9","0,3265","0,5239","0,3337","0,5238","0,3193","0,5240",thumbnail_grossTrial,thumbnail_grossTrial.png,1245.0,1080.0,337.0,0.0,798.0,692.0,Fixation,1767.0,59.0,736.0,568.0,"0,3202","0,5257",,
26549,25326576,1400464597863,Eye Tracker,Participant0058,17.09.2021,Participant0058,Recording4,17.09.2021,17.09.2021,14:48:45.713,12:48:45.713,64514,Timeline2,Tobii I-VT (Fixation),1.145.28180,1080,1920,"10,00",693190301.0,,,732.0,574.0,725.0,571.0,739.0,578.0,"-0,06583","0,10781","-0,99199","-0,16947","0,11114","-0,97925","4,18","4,72",Valid,Valid,"233,1","99,9","517,9","292,0","99,6","516,5","198,8","156,2","202,6","158,3","0,3172","0,5319","0,3116","0,5284","0,3227","0,5355",thumbnail_grossTrial,thumbnail_grossTrial.png,1245.0,1080.0,337.0,0.0,798.0,692.0,Fixation,1767.0,59.0,736.0,568.0,"0,3202","0,5257",,
26550,25334916,1400464606203,Eye Tracker,Participant0058,17.09.2021,Participant0058,Recording4,17.09.2021,17.09.2021,14:48:45.713,12:48:45.713,64514,Timeline2,Tobii I-VT (Fixation),1.145.28180,1080,1920,"10,00",693198641.0,,,731.0,573.0,723.0,567.0,739.0,579.0,"-0,06710","0,10600","-0,99210","-0,16953","0,11144","-0,97920",,,Valid,Valid,"233,2","99,9","517,8","292,0","99,7","516,5","198,2","155,2","202,6","158,4","0,3163","0,5306","0,3098","0,5252","0,3227","0,5361",thumbnail_grossTrial,thumbnail_grossTrial.png,1245.0,1080.0,337.0,0.0,798.0,692.0,Fixation,1767.0,59.0,736.0,568.0,"0,3202","0,5257",,
26551,25343280,1400464614567,Eye Tracker,Participant0058,17.09.2021,Participant0058,Recording4,17.09.2021,17.09.2021,14:48:45.713,12:48:45.713,64514,Timeline2,Tobii I-VT (Fixation),1.145.28180,1080,1920,"10,00",693207005.0,,,727.0,576.0,721.0,569.0,734.0,584.0,"-0,06804","0,10695","-0,99193","-0,17215","0,11395","-0,97846",,,Valid,Valid,"233,1","99,9","517,8","292,0","99,6","516,5","197,6","155,7","201,1","159,8","0,3132","0,5337","0,3081","0,5269","0,3183","0,5406",thumbnail_grossTrial,thumbnail_grossTrial.png,1245.0,1080.0,337.0,0.0,798.0,692.0,Fixation,1767.0,59.0,736.0,568.0,"0,3202","0,5257",,
26552,25351608,1400464622895,Eye Tracker,Participant0058,17.09.2021,Participant0058,Recording4,17.09.2021,17.09.2021,14:48:45.713,12:48:45.713,64514,Timeline2,Tobii I-VT (Fixation),1.145.28180,1080,1920,"10,00",693215333.0,,,741.0,572.0,748.0,564.0,735.0,579.0,"-0,05418","0,10431","-0,99307","-0,17158","0,11165","-0,97882","4,43","4,61",Valid,Valid,"233,2","99,9","517,9","292,0","99,6","516,6","204,9","154,3","201,5","158,5","0,3244","0,5292","0,3295","0,5220","0,3194","0,5364",thumbnail_grossTrial,thumbnail_grossTrial.png,1245.0,1080.0,337.0,0.0,798.0,692.0,Fixation,1767.0,59.0,736.0,568.0,"0,3202","0,5257",,
26553,25359944,1400464631231,Eye Tracker,Participant0058,17.09.2021,Participant0058,Recording4,17.09.2021,17.09.2021,14:48:45.713,12:48:45.713,64514,Timeline2,Tobii I-VT (Fixation),1.145.28180,1080,1920,"10,00",693223668.0,,,742.0,570.0,748.0,564.0,737.0,576.0,"-0,05429","0,10426","-0,99307","-0,17055","0,11016","-0,97917",,,Valid,Valid,"233,2","99,9","517,8","292,0","99,6","516,6","204,9","154,3","202,1","157,7","0,3253","0,5279","0,3295","0,5220","0,3211","0,5337",thumbnail_grossTrial,thumbnail_grossTrial.png,1245.0,1080.0,337.0,0.0,798.0,692.0,Fixation,1767.0,59.0,736.0,568.0,"0,3202","0,5257",,
26554,25368279,1400464639566,Eye Tracker,Participant0058,17.09.2021,Participant0058,Recording4,17.09.2021,17.09.2021,14:48:45.713,12:48:45.713,64514,Timeline2,Tobii I-VT (Fixation),1.145.28180,1080,1920,"10,00",693232003.0,,,736.0,562.0,732.0,548.0,740.0,575.0,"-0,06227","0,09633","-0,99340","-0,16933","0,10946","-0,97946",,,Valid,Valid,"233,1","99,9","517,8","292,0","99,6","516,6","200,7","150,1","202,7","157,3","0,3200","0,5201","0,3171","0,5079","0,3230","0,5324",thumbnail_grossTrial,thumbnail_grossTrial.png,1245.0,1080.0,337.0,0.0,798.0,692.0,Fixation,1767.0,59.0,736.0,568.0,"0,3202","0,5257",,
26555,25376573,1400464647860,Eye Tracker,Participant0058,17.09.2021,Participant0058,Recording4,17.09.2021,17.09.2021,14:48:45.713,12:48:45.713,64514,Timeline2,Tobii I-VT (Fixation),1.145.28180,1080,1920,"10,00",693240297.0,,,735.0,562.0,732.0,551.0,737.0,573.0,"-0,06237","0,09748","-0,99328","-0,17053","0,10829","-0,97938","4,44","4,50",Valid,Valid,"233,2","99,9","517,9","292,0","99,6","516,7","200,6","150,7","202,0","156,7","0,3190","0,5201","0,3170","0,5099","0,3211","0,5302",thumbnail_grossTrial,thumbnail_grossTrial.png,1245.0,1080.0,337.0,0.0,798.0,692.0,Fixation,1767.0,59.0,736.0,568.0,"0,3202","0,5257",,
26556,25384940,1400464656227,Eye Tracker,Participant0058,17.09.2021,Participant0058,Recording4,17.09.2021,17.09.2021,14:48:45.713,12:48:45.713,64514,Timeline2,Tobii I-VT (Fixation),1.145.28180,1080,1920,"10,00",693248664.0,,,733.0,565.0,732.0,557.0,734.0,572.0,"-0,06264","0,10092","-0,99292","-0,17213","0,10772","-0,97917",,,Valid,Valid,"233,2","99,9","517,9","292,0","99,6","516,7","200,5","152,5","201,2","156,4","0,3177","0,5227","0,3167","0,5161","0,3186","0,5293",thumbnail_grossTrial,thumbnail_grossTrial.png,1245.0,1080.0,337.0,0.0,798.0,692.0,Fixation,1767.0,59.0,736.0,568.0,"0,3202","0,5257",,
26557,25393330,1400464664617,Eye Tracker,Participant0058,17.09.2021,Participant0058,Recording4,17.09.2021,17.09.2021,14:48:45.713,12:48:45.713,64514,Timeline2,Tobii I-VT (Fixation),1.145.28180,1080,1920,"10,00",693257053.0,,,736.0,567.0,732.0,566.0,741.0,567.0,"-0,06248","0,10528","-0,99248","-0,16852","0,10566","-0,98002",,,Valid,Valid,"233,1","99,9","517,9","292,0","99,6","516,8","200,5","154,8","203,1","155,3","0,3205","0,5246","0,3167","0,5239","0,3243","0,5254",thumbnail_grossTrial,thumbnail_grossTrial.png,1245.0,1080.0,337.0,0.0,798.0,692.0,Fixation,1767.0,59.0,736.0,568.0,"0,3202","0,5257",,
26558,25401655,1400464672942,Eye Tracker,Participant0058,17.09.2021,Participant0058,Recording4,17.09.2021,17.09.2021,14:48:45.713,12:48:45.713,64514,Timeline2,Tobii I-VT (Fixation),1.145.28180,1080,1920,"10,00",693265378.0,,,737.0,564.0,732.0,567.0,742.0,560.0,"-0,06213","0,10588","-0,99244","-0,16837","0,10215","-0,98042","4,37","4,34",Valid,Valid,"233,1","99,9","517,9","292,0","99,5","516,9","200,7","155,1","203,3","153,4","0,3209","0,5219","0,3172","0,5249","0,3247","0,5190",thumbnail_grossTrial,thumbnail_grossTrial.png,1245.0,1080.0,337.0,0.0,798.0,692.0,Fixation,1767.0,59.0,736.0,568.0,"0,3202","0,5257",,
26559,25409943,1400464681230,Eye Tracker,Participant0058,17.09.2021,Participant0058,Recording4,17.09.2021,17.09.2021,14:48:45.713,12:48:45.713,64514,Timeline2,Tobii I-VT (Fixation),1.145.28180,1080,1920,"10,00",693273666.0,,,735.0,563.0,729.0,567.0,741.0,559.0,"-0,06373","0,10583","-0,99234","-0,16899","0,10117","-0,98041",,,Valid,Valid,"233,2","99,9","517,9","292,1","99,5","516,9","199,9","155,2","203,0","152,9","0,3193","0,5211","0,3149","0,5250","0,3238","0,5173",thumbnail_grossTrial,thumbnail_grossTrial.png,1245.0,1080.0,337.0,0.0,798.0,692.0,Fixation,1767.0,59.0,736.0,568.0,"0,3202","0,5257",,
26560,25418270,1400464689557,Eye Tracker,Participant0058,17.09.2021,Participant0058,Recording4,17.09.2021,17.09.2021,14:48:45.713,12:48:45.713,64514,Timeline2,Tobii I-VT (Fixation),1.145.28180,1080,1920,"10,00",693281992.0,,,745.0,564.0,752.0,568.0,738.0,560.0,"-0,05158","0,10655","-0,99297","-0,17007","0,10186","-0,98015",,,Valid,Valid,"233,1","99,9","517,9","292,0","99,5","517,0","206,2","155,5","202,3","153,2","0,3276","0,5222","0,3333","0,5261","0,3218","0,5184",thumbnail_grossTrial,thumbnail_grossTrial.png,1245.0,1080.0,337.0,0.0,798.0,692.0,Fixation,1767.0,59.0,736.0,568.0,"0,3202","0,5257",,
26561,25426653,1400464697940,Eye Tracker,Participant0058,17.09.2021,Participant0058,Recording4,17.09.2021,17.09.2021,14:48:45.713,12:48:45.713,64514,Timeline2,Tobii I-VT (Fixation),1.145.28180,1080,1920,"10,00",693290375.0,,,733.0,567.0,726.0,569.0,740.0,565.0,"-0,06549","0,10700","-0,99210","-0,16928","0,10462","-0,98000","4,32","4,30",Valid,Valid,"233,1","99,9","517,9","292,0","99,5","517,2","198,9","155,8","202,7","154,7","0,3175","0,5252","0,3120","0,5270","0,3231","0,5233",thumbnail_grossTrial,thumbnail_grossTrial.png,1245.0,1080.0,337.0,0.0,798.0,692.0,Fixation,1767.0,59.0,736.0,568.0,"0,3202","0,5257",,
26562,25434940,1400464706227,Eye Tracker,Participant0058,17.09.2021,Participant0058,Recording4,17.09.2021,17.09.2021,14:48:45.713,12:48:45.713,64514,Timeline2,Tobii I-VT (Fixation),1.145.28180,1080,1920,"10,00",693298662.0,,,732.0,566.0,727.0,566.0,736.0,567.0,"-0,06501","0,10503","-0,99234","-0,17102","0,10543","-0,97961",,,Valid,Valid,"233,2","100,0","517,9","292,1","99,4","517,2","199,2","154,8","201,8","155,1","0,3166","0,5242","0,3129","0,5236","0,3203","0,5248",thumbnail_grossTrial,thumbnail_grossTrial.png,1245.0,1080.0,337.0,0.0,798.0,692.0,Fixation,1767.0,59.0,736.0,568.0,"0,3202","0,5257",,
26563,25443236,1400464714523,Eye Tracker,Participant0058,17.09.2021,Participant0058,Recording4,17.09.2021,17.09.2021,14:48:45.713,12:48:45.713,64514,Timeline2,Tobii I-VT (Fixation),1.145.28180,1080,1920,"10,00",693306958.0,,,728.0,568.0,725.0,568.0,731.0,569.0,"-0,06571","0,10622","-0,99217","-0,17340","0,10653","-0,97907",,,Valid,Valid,"233,1","99,9","517,9","292,0","99,4","517,3","198,8","155,4","200,4","155,7","0,3140","0,5262","0,3116","0,5257","0,3163","0,5267",thumbnail_grossTrial,thumbnail_grossTrial.png,1245.0,1080.0,337.0,0.0,798.0,692.0,Fixation,1767.0,59.0,736.0,568.0,"0,3202","0,5257",,
26564,25451569,1400464722856,Eye Tracker,Participant0058,17.09.2021,Participant0058,Recording4,17.09.2021,17.09.2021,14:48:45.713,12:48:45.713,64514,Timeline2,Tobii I-VT (Fixation),1.145.28180,1080,1920,"10,00",693315290.0,,,740.0,570.0,749.0,571.0,731.0,569.0,"-0,05351","0,10773","-0,99274","-0,17374","0,10687","-0,97898","4,46","4,07",Valid,Valid,"233,1","99,9","517,9","292,1","99,3","517,4","205,2","156,1","200,2","155,8","0,3231","0,5278","0,3304","0,5283","0,3158","0,5272",thumbnail_grossTrial,thumbnail_grossTrial.png,1245.0,1080.0,337.0,0.0,798.0,692.0,Fixation,1767.0,59.0,736.0,568.0,"0,3202","0,5257",,
26565,25459932,1400464731219,Eye Tracker,Participant0058,17.09.2021,Participant0058,Recording4,17.09.2021,17.09.2021,14:48:45.713,12:48:45.713,64514,Timeline2,Tobii I-VT (Fixation),1.145.28180,1080,1920,"10,00",693323653.0,,,749.0,567.0,749.0,571.0,748.0,564.0,"-0,05362","0,10768","-0,99274","-0,16487","0,10409","-0,98081",,,Valid,Valid,"233,2","100,0","517,8","292,1","99,4","517,4","205,2","156,1","205,1","154,3","0,3303","0,5251","0,3304","0,5283","0,3301","0,5220",thumbnail_grossTrial,thumbnail_grossTrial.png,1245.0,1080.0,337.0,0.0,798.0,692.0,Fixation,1767.0,59.0,736.0,568.0,"0,3202","0,5257",,
26566,25468229,1400464739516,Eye Tracker,Participant0058,17.09.2021,Participant0058,Recording4,17.09.2021,17.09.2021,14:48:45.713,12:48:45.713,64514,Timeline2,Tobii I-VT (Fixation),1.145.28180,1080,1920,"10,00",693331950.0,,,741.0,561.0,731.0,560.0,750.0,563.0,"-0,06265","0,10223","-0,99279","-0,16399","0,10368","-0,98100",,,Valid,Valid,"233,1","99,9","517,9","292,1","99,3","517,5","200,4","153,3","205,6","154,0","0,3239","0,5198","0,3164","0,5185","0,3314","0,5210",thumbnail_grossTrial,thumbnail_grossTrial.png,1245.0,1080.0,337.0,0.0,798.0,692.0,Fixation,1767.0,59.0,736.0,568.0,"0,3202","0,5257",,
26567,25476562,1400464747849,Eye Tracker,Participant0058,17.09.2021,Participant0058,Recording4,17.09.2021,17.09.2021,14:48:45.713,12:48:45.713,64514,Timeline2,Tobii I-VT (Fixation),1.145.28180,1080,1920,"10,00",693340283.0,,,739.0,562.0,725.0,565.0,752.0,559.0,"-0,06577","0,10464","-0,99233","-0,16318","0,10159","-0,98135","4,18","4,42",Valid,Valid,"233,2","99,9","517,9","292,1","99,3","517,5","198,8","154,5","206,1","152,8","0,3223","0,5200","0,3117","0,5228","0,3328","0,5171",thumbnail_grossTrial,thumbnail_grossTrial.png,1245.0,1080.0,337.0,0.0,798.0,692.0,Fixation,1767.0,59.0,736.0,568.0,"0,3202","0,5257",,
26568,25484914,1400464756201,Eye Tracker,Participant0058,17.09.2021,Participant0058,Recording4,17.09.2021,17.09.2021,14:48:45.713,12:48:45.713,64514,Timeline2,Tobii I-VT (Fixation),1.145.28180,1080,1920,"10,00",693348634.0,,,733.0,565.0,726.0,566.0,740.0,564.0,"-0,06579","0,10506","-0,99229","-0,16942","0,10402","-0,98004",,,Valid,Valid,"233,2","99,9","517,8","292,1","99,3","517,5","198,9","154,8","202,7","154,2","0,3174","0,5227","0,3118","0,5236","0,3230","0,5218",thumbnail_grossTrial,thumbnail_grossTrial.png,1245.0,1080.0,337.0,0.0,798.0,692.0,Fixation,1767.0,59.0,736.0,568.0,"0,3202","0,5257",,
26569,25493251,1400464764538,Eye Tracker,Participant0058,17.09.2021,Participant0058,Recording4,17.09.2021,17.09.2021,14:48:45.713,12:48:45.713,64514,Timeline2,Tobii I-VT (Fixation),1.145.28180,1080,1920,"10,00",693356971.0,,,733.0,569.0,723.0,577.0,743.0,560.0,"-0,06689","0,11102","-0,99156","-0,16763","0,10232","-0,98053",,,Valid,Valid,"233,2","99,9","517,9","292,1","99,3","517,4","198,2","157,9","203,6","153,3","0,3178","0,5264","0,3099","0,5342","0,3257","0,5186",thumbnail_grossTrial,thumbnail_grossTrial.png,1245.0,1080.0,337.0,0.0,798.0,692.0,Fixation,1767.0,59.0,736.0,568.0,"0,3202","0,5257",,
26570,25501562,1400464772849,Eye Tracker,Participant0058,17.09.2021,Participant0058,Recording4,17.09.2021,17.09.2021,14:48:45.713,12:48:45.713,64514,Timeline2,Tobii I-VT (Fixation),1.145.28180,1080,1920,"10,00",693365282.0,,,744.0,564.0,746.0,569.0,742.0,560.0,"-0,05504","0,10683","-0,99275","-0,16827","0,10235","-0,98041","4,44","4,06",Valid,Valid,"233,2","99,9","517,9","292,1","99,3","517,4","204,4","155,6","203,3","153,3","0,3265","0,5226","0,3281","0,5265","0,3248","0,5187",thumbnail_grossTrial,thumbnail_grossTrial.png,1245.0,1080.0,337.0,0.0,798.0,692.0,Fixation,1767.0,59.0,736.0,568.0,"0,3202","0,5257",,
26571,25509956,1400464781243,Eye Tracker,Participant0058,17.09.2021,Participant0058,Recording4,17.09.2021,17.09.2021,14:48:45.713,12:48:45.713,64514,Timeline2,Tobii I-VT (Fixation),1.145.28180,1080,1920,"10,00",693373675.0,,,742.0,564.0,746.0,569.0,739.0,560.0,"-0,05512","0,10682","-0,99275","-0,17001","0,10191","-0,98016",,,Valid,Valid,"233,2","99,9","517,9","292,1","99,4","517,2","204,5","155,6","202,4","153,2","0,3252","0,5224","0,3282","0,5265","0,3222","0,5182",thumbnail_grossTrial,thumbnail_grossTrial.png,1245.0,1080.0,337.0,0.0,798.0,692.0,Fixation,1767.0,59.0,736.0,568.0,"0,3202","0,5257",,
26572,25518334,1400464789621,Eye Tracker,Participant0058,17.09.2021,Participant0058,Recording4,17.09.2021,17.09.2021,14:48:45.713,12:48:45.713,64514,Timeline2,Tobii I-VT (Fixation),1.145.28180,1080,1920,"10,00",693382053.0,,,738.0,563.0,745.0,566.0,731.0,561.0,"-0,05559","0,10542","-0,99287","-0,17385","0,10252","-0,97942",,,Valid,Valid,"233,1","99,9","517,9","292,0","99,4","517,1","204,1","154,8","200,3","153,5","0,3216","0,5217","0,3272","0,5239","0,3159","0,5194",thumbnail_grossTrial,thumbnail_grossTrial.png,1245.0,1080.0,337.0,0.0,798.0,692.0,Fixation,1767.0,59.0,736.0,568.0,"0,3202","0,5257",,
26573,25526561,1400464797848,Eye Tracker,Participant0058,17.09.2021,Participant0058,Recording4,17.09.2021,17.09.2021,14:48:45.713,12:48:45.713,64514,Timeline2,Tobii I-VT (Fixation),1.145.28180,1080,1920,"10,00",693390280.0,,,726.0,567.0,722.0,566.0,730.0,568.0,"-0,06754","0,10549","-0,99212","-0,17433","0,10594","-0,97897","4,35","4,60",Valid,Valid,"233,1","99,9","518,0","292,1","99,4","517,0","197,9","154,9","200,0","155,4","0,3120","0,5250","0,3089","0,5242","0,3151","0,5257",thumbnail_grossTrial,thumbnail_grossTrial.png,1245.0,1080.0,337.0,0.0,798.0,692.0,Fixation,1767.0,59.0,736.0,568.0,"0,3202","0,5257",,
26574,25534899,1400464806186,Eye Tracker,Participant0058,17.09.2021,Participant0058,Recording4,17.09.2021,17.09.2021,14:48:45.713,12:48:45.713,64514,Timeline2,Tobii I-VT (Fixation),1.145.28180,1080,1920,"10,00",693398618.0,,,733.0,572.0,733.0,573.0,732.0,572.0,"-0,06161","0,10903","-0,99213","-0,17321","0,10792","-0,97895",,,Valid,Valid,"233,2","99,9","517,9","292,1","99,5","516,8","201,0","156,8","200,6","156,5","0,3175","0,5300","0,3181","0,5305","0,3169","0,5295",thumbnail_grossTrial,thumbnail_grossTrial.png,1245.0,1080.0,337.0,0.0,798.0,692.0,Fixation,1767.0,59.0,736.0,568.0,"0,3202","0,5257",,
26575,25543270,1400464814557,Eye Tracker,Participant0058,17.09.2021,Participant0058,Recording4,17.09.2021,17.09.2021,14:48:45.713,12:48:45.713,64514,Timeline2,Tobii I-VT (Fixation),1.145.28180,1080,1920,"10,00",693406988.0,,,735.0,567.0,732.0,564.0,737.0,570.0,"-0,06206","0,10445","-0,99259","-0,17073","0,10672","-0,97952",,,Valid,Valid,"233,1","99,9","517,9","292,0","99,6","516,7","200,7","154,4","201,9","155,9","0,3190","0,5248","0,3172","0,5223","0,3207","0,5273",thumbnail_grossTrial,thumbnail_grossTrial.png,1245.0,1080.0,337.0,0.0,798.0,692.0,Fixation,1767.0,59.0,736.0,568.0,"0,3202","0,5257",,
26576,25551605,1400464822892,Eye Tracker,Participant0058,17.09.2021,Participant0058,Recording4,17.09.2021,17.09.2021,14:48:45.713,12:48:45.713,64514,Timeline2,Tobii I-VT (Fixation),1.145.28180,1080,1920,"10,00",693415323.0,,,732.0,566.0,731.0,564.0,734.0,567.0,"-0,06296","0,10450","-0,99253","-0,17236","0,10529","-0,97939","4,42","4,45",Valid,Valid,"233,1","99,9","518,0","292,0","99,6","516,6","200,3","154,4","201,1","155,1","0,3171","0,5236","0,3159","0,5224","0,3183","0,5249",thumbnail_grossTrial,thumbnail_grossTrial.png,1245.0,1080.0,337.0,0.0,798.0,692.0,Fixation,1767.0,59.0,736.0,568.0,"0,3202","0,5257",,
26577,25559889,1400464831176,Eye Tracker,Participant0058,17.09.2021,Participant0058,Recording4,17.09.2021,17.09.2021,14:48:45.713,12:48:45.713,64514,Timeline2,Tobii I-VT (Fixation),1.145.28180,1080,1920,"10,00",693423607.0,,,733.0,563.0,729.0,560.0,736.0,565.0,"-0,06380","0,10238","-0,99270","-0,17137","0,10409","-0,97969",,,Valid,Valid,"233,2","99,9","517,9","292,0","99,7","516,5","199,9","153,3","201,7","154,6","0,3174","0,5208","0,3148","0,5187","0,3200","0,5230",thumbnail_grossTrial,thumbnail_grossTrial.png,1245.0,1080.0,337.0,0.0,798.0,692.0,Fixation,1767.0,59.0,736.0,568.0,"0,3202","0,5257",,
26578,25568221,1400464839508,Eye Tracker,Participant0058,17.09.2021,Participant0058,Recording4,17.09.2021,17.09.2021,14:48:45.713,12:48:45.713,64514,Timeline2,Tobii I-VT (Fixation),1.145.28180,1080,1920,"10,00",693431939.0,,,746.0,571.0,754.0,577.0,738.0,565.0,"-0,05093","0,11143","-0,99247","-0,17037","0,10394","-0,97988",,,Valid,Valid,"233,1","99,9","517,9","292,0","99,7","516,4","206,5","158,0","202,2","154,5","0,3278","0,5287","0,3342","0,5347","0,3215","0,5227",thumbnail_grossTrial,thumbnail_grossTrial.png,1245.0,1080.0,337.0,0.0,798.0,692.0,Fixation,1767.0,59.0,736.0,568.0,"0,3202","0,5257",,
26579,25576585,1400464847872,Eye Tracker,Participant0058,17.09.2021,Participant0058,Recording4,17.09.2021,17.09.2021,14:48:45.713,12:48:45.713,64514,Timeline2,Tobii I-VT (Fixation),1.145.28180,1080,1920,"10,00",693440302.0,,,746.0,574.0,749.0,583.0,743.0,565.0,"-0,05353","0,11422","-0,99201","-0,16786","0,10420","-0,98029","4,34","4,07",Valid,Valid,"233,1","99,9","517,9","292,0","99,7","516,4","205,2","159,5","203,6","154,6","0,3279","0,5314","0,3303","0,5397","0,3256","0,5232",thumbnail_grossTrial,thumbnail_grossTrial.png,1245.0,1080.0,337.0,0.0,798.0,692.0,Fixation,1767.0,59.0,736.0,568.0,"0,3202","0,5257",,
26580,25584984,1400464856271,Eye Tracker,Participant0058,17.09.2021,Participant0058,Recording4,17.09.2021,17.09.2021,14:48:45.713,12:48:45.713,64514,Timeline2,Tobii I-VT (Fixation),1.145.28180,1080,1920,"10,00",693448701.0,,,739.0,574.0,731.0,580.0,747.0,568.0,"-0,06305","0,11242","-0,99166","-0,16572","0,10578","-0,98048",,,Valid,Valid,"233,2","99,9","517,9","292,0","99,8","516,3","200,3","158,6","204,7","155,5","0,3224","0,5314","0,3159","0,5367","0,3290","0,5261",thumbnail_grossTrial,thumbnail_grossTrial.png,1245.0,1080.0,337.0,0.0,798.0,692.0,Fixation,1767.0,59.0,736.0,568.0,"0,3202","0,5257",,
26581,25593262,1400464864549,Eye Tracker,Participant0058,17.09.2021,Participant0058,Recording4,17.09.2021,17.09.2021,14:48:45.713,12:48:45.713,64514,Timeline2,Tobii I-VT (Fixation),1.145.28180,1080,1920,"10,00",693456979.0,,,738.0,576.0,732.0,578.0,744.0,574.0,"-0,06248","0,11147","-0,99180","-0,16736","0,10893","-0,97986",,,Valid,Valid,"233,1","99,9","517,9","292,0","99,8","516,3","200,5","158,1","203,8","157,2","0,3214","0,5334","0,3166","0,5350","0,3262","0,5318",thumbnail_grossTrial,thumbnail_grossTrial.png,1245.0,1080.0,337.0,0.0,798.0,692.0,Fixation,1767.0,59.0,736.0,568.0,"0,3202","0,5257",,
26582,25601582,1400464872869,Eye Tracker,Participant0058,17.09.2021,Participant0058,Recording4,17.09.2021,17.09.2021,14:48:45.713,12:48:45.713,64514,Timeline2,Tobii I-VT (Fixation),1.145.28180,1080,1920,"10,00",693465299.0,,,738.0,578.0,735.0,578.0,742.0,578.0,"-0,06060","0,11155","-0,99191","-0,16835","0,11091","-0,97947","4,47","4,47",Valid,Valid,"233,2","99,9","517,9","292,0","99,7","516,4","201,5","158,2","203,3","158,2","0,3221","0,5352","0,3195","0,5351","0,3247","0,5353",thumbnail_grossTrial,thumbnail_grossTrial.png,1245.0,1080.0,337.0,0.0,798.0,692.0,Fixation,1767.0,59.0,736.0,568.0,"0,3202","0,5257",,
26583,25609894,1400464881181,Eye Tracker,Participant0058,17.09.2021,Participant0058,Recording4,17.09.2021,17.09.2021,14:48:45.713,12:48:45.713,64514,Timeline2,Tobii I-VT (Fixation),1.145.28180,1080,1920,"10,00",693473610.0,,,733.0,575.0,728.0,576.0,739.0,574.0,"-0,06453","0,11063","-0,99176","-0,16996","0,10888","-0,97942",,,Valid,Valid,"233,2","99,9","517,8","292,0","99,8","516,4","199,5","157,7","202,4","157,2","0,3180","0,5327","0,3137","0,5336","0,3223","0,5318",thumbnail_grossTrial,thumbnail_grossTrial.png,1245.0,1080.0,337.0,0.0,798.0,692.0,Fixation,1767.0,59.0,736.0,568.0,"0,3202","0,5257",,
26584,25618254,1400464889541,Eye Tracker,Participant0058,17.09.2021,Participant0058,Recording4,17.09.2021,17.09.2021,14:48:45.713,12:48:45.713,64514,Timeline2,Tobii I-VT (Fixation),1.145.28180,1080,1920,"10,00",693481970.0,,,747.0,579.0,753.0,582.0,740.0,575.0,"-0,05131","0,11382","-0,99218","-0,16911","0,10955","-0,97949",,,Valid,Valid,"233,1","99,9","517,8","292,0","99,7","516,5","206,4","159,3","202,8","157,5","0,3286","0,5359","0,3338","0,5391","0,3234","0,5328",thumbnail_grossTrial,thumbnail_grossTrial.png,1245.0,1080.0,337.0,0.0,798.0,692.0,Fixation,1767.0,59.0,736.0,568.0,"0,3202","0,5257",,
26585,25626580,1400464897867,Eye Tracker,Participant0058,17.09.2021,Participant0058,Recording4,17.09.2021,17.09.2021,14:48:45.713,12:48:45.713,64514,Timeline2,Tobii I-VT (Fixation),1.145.28180,1080,1920,"10,00",693490296.0,,,734.0,568.0,724.0,564.0,744.0,572.0,"-0,06655","0,10430","-0,99232","-0,16727","0,10801","-0,97998","4,46","4,12",Valid,Valid,"233,2","99,9","517,9","292,0","99,7","516,6","198,4","154,4","203,9","156,6","0,3185","0,5261","0,3105","0,5223","0,3264","0,5299",thumbnail_grossTrial,thumbnail_grossTrial.png,1245.0,1080.0,337.0,0.0,798.0,692.0,Fixation,1767.0,59.0,736.0,568.0,"0,3202","0,5257",,
26586,25634979,1400464906266,Eye Tracker,Participant0058,17.09.2021,Participant0058,Recording4,17.09.2021,17.09.2021,14:48:45.713,12:48:45.713,64514,Timeline2,Tobii I-VT (Fixation),1.145.28180,1080,1920,"10,00",693498694.0,,,741.0,569.0,738.0,563.0,744.0,575.0,"-0,05947","0,10391","-0,99281","-0,16697","0,10948","-0,97987",,,Valid,Valid,"233,2","100,0","517,8","292,1","99,7","516,6","202,2","154,2","204,0","157,4","0,3242","0,5271","0,3215","0,5216","0,3269","0,5326",thumbnail_grossTrial,thumbnail_grossTrial.png,1245.0,1080.0,337.0,0.0,798.0,692.0,Fixation,1767.0,59.0,736.0,568.0,"0,3202","0,5257",,
26587,25643216,1400464914503,Eye Tracker,Participant0058,17.09.2021,Participant0058,Recording4,17.09.2021,17.09.2021,14:48:45.713,12:48:45.713,64514,Timeline2,Tobii I-VT (Fixation),1.145.28180,1080,1920,"10,00",693506931.0,,,744.0,565.0,741.0,562.0,748.0,569.0,"-0,05768","0,10306","-0,99300","-0,16521","0,10662","-0,98048",,,Valid,Valid,"233,1","99,9","517,8","292,0","99,6","516,7","203,1","153,7","205,0","155,8","0,3269","0,5236","0,3241","0,5200","0,3296","0,5272",thumbnail_grossTrial,thumbnail_grossTrial.png,1245.0,1080.0,337.0,0.0,798.0,692.0,Fixation,1767.0,59.0,736.0,568.0,"0,3202","0,5257",,
26588,25651630,1400464922917,Eye Tracker,Participant0058,17.09.2021,Participant0058,Recording4,17.09.2021,17.09.2021,14:48:45.713,12:48:45.713,64514,Timeline2,Tobii I-VT (Fixation),1.145.28180,1080,1920,"10,00",693515345.0,,,743.0,566.0,741.0,567.0,745.0,564.0,"-0,05779","0,10602","-0,99268","-0,16667","0,10401","-0,98051","4,48","4,35",Valid,Valid,"233,1","99,9","517,8","292,0","99,6","516,8","203,0","155,2","204,2","154,4","0,3257","0,5238","0,3239","0,5253","0,3274","0,5224",thumbnail_grossTrial,thumbnail_grossTrial.png,1245.0,1080.0,337.0,0.0,798.0,692.0,Fixation,1767.0,59.0,736.0,568.0,"0,3202","0,5257",,
26589,25659924,1400464931211,Eye Tracker,Participant0058,17.09.2021,Participant0058,Recording4,17.09.2021,17.09.2021,14:48:45.713,12:48:45.713,64514,Timeline2,Tobii I-VT (Fixation),1.145.28180,1080,1920,"10,00",693523639.0,,,751.0,564.0,755.0,566.0,747.0,563.0,"-0,05036","0,10546","-0,99315","-0,16558","0,10323","-0,98078",,,Valid,Valid,"233,2","100,0","517,7","292,1","99,6","516,8","206,9","154,9","204,8","154,0","0,3323","0,5226","0,3354","0,5243","0,3292","0,5210",thumbnail_grossTrial,thumbnail_grossTrial.png,1245.0,1080.0,337.0,0.0,798.0,692.0,Fixation,1767.0,59.0,736.0,568.0,"0,3202","0,5257",,
26590,25668266,1400464939553,Eye Tracker,Participant0058,17.09.2021,Participant0058,Recording4,17.09.2021,17.09.2021,14:48:45.713,12:48:45.713,64514,Timeline2,Tobii I-VT (Fixation),1.145.28180,1080,1920,"10,00",693531980.0,,,736.0,561.0,730.0,554.0,742.0,568.0,"-0,06344","0,09898","-0,99307","-0,16810","0,10607","-0,98005",,,Valid,Valid,"233,1","100,0","517,7","292,0","99,5","516,9","200,1","151,6","203,3","155,5","0,3201","0,5194","0,3153","0,5128","0,3249","0,5261",thumbnail_grossTrial,thumbnail_grossTrial.png,1245.0,1080.0,337.0,0.0,798.0,692.0,Fixation,1767.0,59.0,736.0,568.0,"0,3202","0,5257",,
26591,25676658,1400464947945,Eye Tracker,Participant0058,17.09.2021,Participant0058,Recording4,17.09.2021,17.09.2021,14:48:45.713,12:48:45.713,64514,Timeline2,Tobii I-VT (Fixation),1.145.28180,1080,1920,"10,00",693540372.0,,,740.0,565.0,731.0,556.0,748.0,575.0,"-0,06285","0,10000","-0,99300","-0,16497","0,10951","-0,98020","4,42","4,15",Valid,Valid,"233,1","100,0","517,8","292,0","99,5","517,0","200,4","152,1","205,0","157,3","0,3230","0,5234","0,3162","0,5146","0,3298","0,5321",thumbnail_grossTrial,thumbnail_grossTrial.png,1245.0,1080.0,337.0,0.0,798.0,692.0,Fixation,1767.0,59.0,736.0,568.0,"0,3202","0,5257",,
26592,25684973,1400464956260,Eye Tracker,Participant0058,17.09.2021,Participant0058,Recording4,17.09.2021,17.09.2021,14:48:45.713,12:48:45.713,64514,Timeline2,Tobii I-VT (Fixation),1.145.28180,1080,1920,"10,00",693548687.0,,,739.0,568.0,733.0,561.0,746.0,575.0,"-0,06185","0,10246","-0,99281","-0,16630","0,10948","-0,97998",,,Valid,Valid,"233,2","100,0","517,7","292,1","99,6","516,9","200,9","153,4","204,3","157,3","0,3228","0,5256","0,3178","0,5191","0,3279","0,5322",thumbnail_grossTrial,thumbnail_grossTrial.png,1245.0,1080.0,337.0,0.0,798.0,692.0,Fixation,1767.0,59.0,736.0,568.0,"0,3202","0,5257",,
26593,25693253,1400464964540,Eye Tracker,Participant0058,17.09.2021,Participant0058,Recording4,17.09.2021,17.09.2021,14:48:45.713,12:48:45.713,64514,Timeline2,Tobii I-VT (Fixation),1.145.28180,1080,1920,"10,00",693556967.0,,,750.0,572.0,755.0,571.0,744.0,573.0,"-0,05041","0,10813","-0,99286","-0,16680","0,10851","-0,98000",,,Valid,Valid,"233,1","100,0","517,7","292,0","99,5","516,9","206,8","156,4","204,0","156,8","0,3310","0,5297","0,3351","0,5290","0,3269","0,5304",thumbnail_grossTrial,thumbnail_grossTrial.png,1245.0,1080.0,337.0,0.0,798.0,692.0,Fixation,1767.0,59.0,736.0,568.0,"0,3202","0,5257",,
26594,25701657,1400464972944,Eye Tracker,Participant0058,17.09.2021,Participant0058,Recording4,17.09.2021,17.09.2021,14:48:45.713,12:48:45.713,64514,Timeline2,Tobii I-VT (Fixation),1.145.28180,1080,1920,"10,00",693565370.0,,,736.0,574.0,730.0,576.0,741.0,572.0,"-0,06314","0,11067","-0,99185","-0,16845","0,10822","-0,97975","4,23","4,15",Valid,Valid,"233,1","100,0","517,8","292,1","99,5","517,0","200,2","157,7","203,2","156,6","0,3200","0,5318","0,3157","0,5337","0,3244","0,5300",thumbnail_grossTrial,thumbnail_grossTrial.png,1245.0,1080.0,337.0,0.0,798.0,692.0,Fixation,1767.0,59.0,736.0,568.0,"0,3202","0,5257",,
26595,25709970,1400464981257,Eye Tracker,Participant0058,17.09.2021,Participant0058,Recording4,17.09.2021,17.09.2021,14:48:45.713,12:48:45.713,64514,Timeline2,Tobii I-VT (Fixation),1.145.28180,1080,1920,"10,00",693573683.0,,,730.0,571.0,721.0,569.0,739.0,574.0,"-0,06798","0,10700","-0,99193","-0,16966","0,10875","-0,97948",,,Valid,Valid,"233,2","100,0","517,7","292,1","99,6","516,9","197,7","155,8","202,5","157,0","0,3155","0,5292","0,3084","0,5273","0,3225","0,5311",thumbnail_grossTrial,thumbnail_grossTrial.png,1245.0,1080.0,337.0,0.0,798.0,692.0,Fixation,1767.0,59.0,736.0,568.0,"0,3202","0,5257",,
26596,25718208,1400464989495,Eye Tracker,Participant0058,17.09.2021,Participant0058,Recording4,17.09.2021,17.09.2021,14:48:45.713,12:48:45.713,64514,Timeline2,Tobii I-VT (Fixation),1.145.28180,1080,1920,"10,00",693581921.0,,,732.0,570.0,720.0,569.0,744.0,570.0,"-0,06851","0,10677","-0,99192","-0,16701","0,10705","-0,98013",,,Valid,Valid,"233,1","100,0","517,7","292,0","99,6","516,9","197,4","155,7","203,9","156,0","0,3170","0,5273","0,3074","0,5268","0,3267","0,5279",thumbnail_grossTrial,thumbnail_grossTrial.png,1245.0,1080.0,337.0,0.0,798.0,692.0,Fixation,1767.0,59.0,736.0,568.0,"0,3202","0,5257",,
26597,25726588,1400464997875,Eye Tracker,Participant0058,17.09.2021,Participant0058,Recording4,17.09.2021,17.09.2021,14:48:45.713,12:48:45.713,64514,Timeline2,Tobii I-VT (Fixation),1.145.28180,1080,1920,"10,00",693590300.0,,,746.0,568.0,751.0,570.0,740.0,565.0,"-0,05229","0,10767","-0,99281","-0,16914","0,10426","-0,98006","4,49","4,39",Valid,Valid,"233,1","100,0","517,8","292,1","99,6","516,9","205,9","156,1","202,8","154,6","0,3279","0,5256","0,3323","0,5282","0,3235","0,5230",thumbnail_grossTrial,thumbnail_grossTrial.png,1245.0,1080.0,337.0,0.0,798.0,692.0,Fixation,1767.0,59.0,736.0,568.0,"0,3202","0,5257",,
26598,25734915,1400465006202,Eye Tracker,Participant0058,17.09.2021,Participant0058,Recording4,17.09.2021,17.09.2021,14:48:45.713,12:48:45.713,64514,Timeline2,Tobii I-VT (Fixation),1.145.28180,1080,1920,"10,00",693598627.0,,,746.0,565.0,751.0,570.0,740.0,560.0,"-0,05239","0,10763","-0,99281","-0,16931","0,10156","-0,98032",,,Valid,Valid,"233,2","100,0","517,7","292,1","99,6","516,8","205,9","156,1","202,8","153,2","0,3278","0,5232","0,3323","0,5282","0,3234","0,5182",thumbnail_grossTrial,thumbnail_grossTrial.png,1245.0,1080.0,337.0,0.0,798.0,692.0,Fixation,1767.0,59.0,736.0,568.0,"0,3202","0,5257",,
26599,25743210,1400465014497,Eye Tracker,Participant0058,17.09.2021,Participant0058,Recording4,17.09.2021,17.09.2021,14:48:45.713,12:48:45.713,64514,Timeline2,Tobii I-VT (Fixation),1.145.28180,1080,1920,"10,00",693606922.0,,,741.0,570.0,748.0,574.0,733.0,567.0,"-0,05371","0,10924","-0,99256","-0,17270","0,10518","-0,97934",,,Valid,Valid,"233,1","100,0","517,8","292,0","99,6","516,8","205,1","156,9","200,9","155,1","0,3239","0,5279","0,3301","0,5310","0,3177","0,5248",thumbnail_grossTrial,thumbnail_grossTrial.png,1245.0,1080.0,337.0,0.0,798.0,692.0,Fixation,1767.0,59.0,736.0,568.0,"0,3202","0,5257",,
26600,25751569,1400465022856,Eye Tracker,Participant0058,17.09.2021,Participant0058,Recording4,17.09.2021,17.09.2021,14:48:45.713,12:48:45.713,64514,Timeline2,Tobii I-VT (Fixation),1.145.28180,1080,1920,"10,00",693615281.0,,,733.0,577.0,728.0,583.0,738.0,572.0,"-0,06447","0,11388","-0,99140","-0,17023","0,10778","-0,97949","4,28","4,60",Valid,Valid,"233,1","100,0","517,8","292,0","99,6","516,8","199,5","159,4","202,2","156,5","0,3176","0,5345","0,3136","0,5395","0,3216","0,5295",thumbnail_grossTrial,thumbnail_grossTrial.png,1245.0,1080.0,337.0,0.0,798.0,692.0,Fixation,1767.0,59.0,736.0,568.0,"0,3202","0,5257",,
26601,25759908,1400465031195,Eye Tracker,Participant0058,17.09.2021,Participant0058,Recording4,17.09.2021,17.09.2021,14:48:45.713,12:48:45.713,64514,Timeline2,Tobii I-VT (Fixation),1.145.28180,1080,1920,"10,00",693623619.0,,,731.0,576.0,728.0,578.0,734.0,573.0,"-0,06424","0,11151","-0,99169","-0,17237","0,10840","-0,97905",,,Valid,Valid,"233,2","100,0","517,8","292,1","99,7","516,7","199,6","158,2","201,1","156,9","0,3162","0,5330","0,3141","0,5353","0,3183","0,5308",thumbnail_grossTrial,thumbnail_grossTrial.png,1245.0,1080.0,337.0,0.0,798.0,692.0,Fixation,1767.0,59.0,736.0,568.0,"0,3202","0,5257",,
26602,25768208,1400465039495,Eye Tracker,Participant0058,17.09.2021,Participant0058,Recording4,17.09.2021,17.09.2021,14:48:45.713,12:48:45.713,64514,Timeline2,Tobii I-VT (Fixation),1.145.28180,1080,1920,"10,00",693631919.0,,,735.0,572.0,732.0,575.0,738.0,570.0,"-0,06242","0,11003","-0,99197","-0,17000","0,10663","-0,97966",,,Valid,Valid,"233,1","100,0","517,8","292,0","99,6","516,7","200,5","157,4","202,3","155,9","0,3193","0,5300","0,3167","0,5325","0,3220","0,5274",thumbnail_grossTrial,thumbnail_grossTrial.png,1245.0,1080.0,337.0,0.0,798.0,692.0,Fixation,1767.0,59.0,736.0,568.0,"0,3202","0,5257",,
26603,25776539,1400465047826,Eye Tracker,Participant0058,17.09.2021,Participant0058,Recording4,17.09.2021,17.09.2021,14:48:45.713,12:48:45.713,64514,Timeline2,Tobii I-VT (Fixation),1.145.28180,1080,1920,"10,00",693640250.0,,,730.0,572.0,733.0,575.0,727.0,569.0,"-0,06181","0,10984","-0,99203","-0,17593","0,10605","-0,97867","4,29","4,83",Valid,Valid,"233,1","100,0","517,8","292,0","99,6","516,8","200,9","157,3","199,1","155,6","0,3151","0,5294","0,3177","0,5322","0,3126","0,5266",thumbnail_grossTrial,thumbnail_grossTrial.png,1245.0,1080.0,337.0,0.0,798.0,692.0,Fixation,1767.0,59.0,736.0,568.0,"0,3202","0,5257",,
26604,25784913,1400465056200,Eye Tracker,Participant0058,17.09.2021,Participant0058,Recording4,17.09.2021,17.09.2021,14:48:45.713,12:48:45.713,64514,Timeline2,Tobii I-VT (Fixation),1.145.28180,1080,1920,"10,00",693648624.0,,,730.0,573.0,732.0,573.0,729.0,572.0,"-0,06258","0,10885","-0,99209","-0,17464","0,10791","-0,97870",,,Valid,Valid,"233,2","100,0","517,8","292,1","99,7","516,7","200,5","156,8","199,9","156,6","0,3157","0,5303","0,3167","0,5305","0,3147","0,5300",thumbnail_grossTrial,thumbnail_grossTrial.png,1245.0,1080.0,337.0,0.0,798.0,692.0,Fixation,1767.0,59.0,736.0,568.0,"0,3202","0,5257",,
26605,25793229,1400465064516,Eye Tracker,Participant0058,17.09.2021,Participant0058,Recording4,17.09.2021,17.09.2021,14:48:45.713,12:48:45.713,64514,Timeline2,Tobii I-VT (Fixation),1.145.28180,1080,1920,"10,00",693656939.0,,,727.0,567.0,729.0,564.0,725.0,570.0,"-0,06384","0,10406","-0,99252","-0,17643","0,10690","-0,97849",,,Valid,Valid,"233,1","100,0","517,8","292,0","99,7","516,7","199,8","154,3","198,8","156,1","0,3132","0,5251","0,3146","0,5219","0,3117","0,5282",thumbnail_grossTrial,thumbnail_grossTrial.png,1245.0,1080.0,337.0,0.0,798.0,692.0,Fixation,1767.0,59.0,736.0,568.0,"0,3202","0,5257",,
26606,25801588,1400465072875,Eye Tracker,Participant0058,17.09.2021,Participant0058,Recording4,17.09.2021,17.09.2021,14:48:45.713,12:48:45.713,64514,Timeline2,Tobii I-VT (Fixation),1.145.28180,1080,1920,"10,00",693665298.0,,,731.0,569.0,,,731.0,569.0,,,,"-0,17358","0,10600","-0,97910",,"4,69",Invalid,Valid,,,,"292,0","99,7","516,7",,,"200,4","155,6","0,3164","0,5265",,,"0,3164","0,5265",thumbnail_grossTrial,thumbnail_grossTrial.png,1245.0,1080.0,337.0,0.0,798.0,692.0,Fixation,1767.0,59.0,736.0,568.0,"0,3202","0,5257",,
26607,25809907,1400465081194,Eye Tracker,Participant0058,17.09.2021,Participant0058,Recording4,17.09.2021,17.09.2021,14:48:45.713,12:48:45.713,64514,Timeline2,Tobii I-VT (Fixation),1.145.28180,1080,1920,"10,00",693673617.0,,,729.0,564.0,728.0,563.0,730.0,565.0,"-0,06450","0,10374","-0,99251","-0,17448","0,10427","-0,97912",,,Valid,Valid,"233,2","100,0","517,8","292,1","99,7","516,7","199,5","154,1","200,0","154,7","0,3144","0,5225","0,3138","0,5215","0,3151","0,5235",thumbnail_grossTrial,thumbnail_grossTrial.png,1245.0,1080.0,337.0,0.0,798.0,692.0,Fixation,1767.0,59.0,736.0,568.0,"0,3202","0,5257",,
26608,25818207,1400465089494,Eye Tracker,Participant0058,17.09.2021,Participant0058,Recording4,17.09.2021,17.09.2021,14:48:45.713,12:48:45.713,64514,Timeline2,Tobii I-VT (Fixation),1.145.28180,1080,1920,"10,00",693681916.0,,,731.0,570.0,729.0,574.0,733.0,566.0,"-0,06409","0,10919","-0,99195","-0,17272","0,10451","-0,97941",,,Valid,Valid,"233,1","100,0","517,8","292,0","99,7","516,6","199,7","157,0","200,9","154,8","0,3159","0,5275","0,3141","0,5312","0,3177","0,5239",thumbnail_grossTrial,thumbnail_grossTrial.png,1245.0,1080.0,337.0,0.0,798.0,692.0,Fixation,1767.0,59.0,736.0,568.0,"0,3202","0,5257",,
26609,25826565,1400465097852,Eye Tracker,Participant0058,17.09.2021,Participant0058,Recording4,17.09.2021,17.09.2021,14:48:45.713,12:48:45.713,64514,Timeline2,Tobii I-VT (Fixation),1.145.28180,1080,1920,"10,00",693690274.0,,,732.0,570.0,,,732.0,570.0,,,,"-0,17320","0,10652","-0,97911",,"4,87",Invalid,Valid,,,,"292,0","99,7","516,6",,,"200,6","155,9","0,3170","0,5275",,,"0,3170","0,5275",thumbnail_grossTrial,thumbnail_grossTrial.png,1245.0,1080.0,337.0,0.0,798.0,692.0,Fixation,1767.0,59.0,736.0,568.0,"0,3202","0,5257",,
26610,25834952,1400465106239,Eye Tracker,Participant0058,17.09.2021,Participant0058,Recording4,17.09.2021,17.09.2021,14:48:45.713,12:48:45.713,64514,Timeline2,Tobii I-VT (Fixation),1.145.28180,1080,1920,"10,00",693698661.0,,,723.0,570.0,710.0,574.0,736.0,566.0,"-0,07390","0,10914","-0,99128","-0,17135","0,10461","-0,97964",,,Valid,Valid,"233,2","100,0","517,8","292,0","99,8","516,5","194,6","157,0","201,7","154,9","0,3096","0,5278","0,2992","0,5313","0,3201","0,5242",thumbnail_grossTrial,thumbnail_grossTrial.png,1245.0,1080.0,337.0,0.0,798.0,692.0,Fixation,1767.0,59.0,736.0,568.0,"0,3202","0,5257",,
26611,25843198,1400465114485,Eye Tracker,Participant0058,17.09.2021,Participant0058,Recording4,17.09.2021,17.09.2021,14:48:45.713,12:48:45.713,64514,Timeline2,Tobii I-VT (Fixation),1.145.28180,1080,1920,"10,00",693706907.0,,,726.0,565.0,711.0,566.0,740.0,565.0,"-0,07306","0,10514","-0,99177","-0,16927","0,10398","-0,98007",,,Valid,Valid,"233,1","100,0","517,8","292,0","99,8","516,5","195,0","154,9","202,8","154,6","0,3118","0,5235","0,3004","0,5241","0,3232","0,5230",thumbnail_grossTrial,thumbnail_grossTrial.png,1245.0,1080.0,337.0,0.0,798.0,692.0,Fixation,1767.0,59.0,736.0,568.0,"0,3202","0,5257",,
26612,25851564,1400465122851,Eye Tracker,Participant0058,17.09.2021,Participant0058,Recording4,17.09.2021,17.09.2021,14:48:45.713,12:48:45.713,64514,Timeline2,Tobii I-VT (Fixation),1.145.28180,1080,1920,"10,00",693715272.0,,,737.0,564.0,727.0,567.0,747.0,561.0,"-0,06500","0,10559","-0,99228","-0,16582","0,10218","-0,98085","4,62","4,24",Valid,Valid,"233,1","100,0","517,9","292,0","99,8","516,5","199,2","155,1","204,7","153,6","0,3208","0,5222","0,3128","0,5248","0,3288","0,5197",thumbnail_grossTrial,thumbnail_grossTrial.png,1245.0,1080.0,337.0,0.0,798.0,692.0,Fixation,1767.0,59.0,736.0,568.0,"0,3202","0,5257",,
26613,25859897,1400465131184,Eye Tracker,Participant0058,17.09.2021,Participant0058,Recording4,17.09.2021,17.09.2021,14:48:45.713,12:48:45.713,64514,Timeline2,Tobii I-VT (Fixation),1.145.28180,1080,1920,"10,00",693723605.0,,,741.0,565.0,735.0,568.0,746.0,562.0,"-0,06087","0,10622","-0,99248","-0,16613","0,10238","-0,98078",,,Valid,Valid,"233,2","100,0","517,8","292,0","99,9","516,3","201,4","155,4","204,6","153,8","0,3239","0,5231","0,3193","0,5259","0,3285","0,5203",thumbnail_grossTrial,thumbnail_grossTrial.png,1245.0,1080.0,337.0,0.0,798.0,692.0,Fixation,1767.0,59.0,736.0,568.0,"0,3202","0,5257",,
26614,25868197,1400465139484,Eye Tracker,Participant0058,17.09.2021,Participant0058,Recording4,17.09.2021,17.09.2021,14:48:45.713,12:48:45.713,64514,Timeline2,Tobii I-VT (Fixation),1.145.28180,1080,1920,"10,00",693731905.0,,,740.0,566.0,736.0,565.0,743.0,566.0,"-0,06036","0,10487","-0,99265","-0,16750","0,10440","-0,98033",,,Valid,Valid,"233,1","100,0","517,9","292,0","99,9","516,3","201,6","154,7","203,7","154,8","0,3230","0,5237","0,3198","0,5235","0,3261","0,5239",thumbnail_grossTrial,thumbnail_grossTrial.png,1245.0,1080.0,337.0,0.0,798.0,692.0,Fixation,1767.0,59.0,736.0,568.0,"0,3202","0,5257",,
26615,25876534,1400465147821,Eye Tracker,Participant0058,17.09.2021,Participant0058,Recording4,17.09.2021,17.09.2021,14:48:45.713,12:48:45.713,64514,Timeline2,Tobii I-VT (Fixation),1.145.28180,1080,1920,"10,00",693740242.0,,,736.0,565.0,734.0,562.0,737.0,567.0,"-0,06127","0,10322","-0,99277","-0,17076","0,10514","-0,97969","4,78","4,75",Valid,Valid,"233,1","100,0","517,9","292,0","99,9","516,3","201,2","153,8","202,0","155,3","0,3197","0,5230","0,3185","0,5205","0,3210","0,5254",thumbnail_grossTrial,thumbnail_grossTrial.png,1245.0,1080.0,337.0,0.0,798.0,692.0,Fixation,1767.0,59.0,736.0,568.0,"0,3202","0,5257",,
26616,25884871,1400465156158,Eye Tracker,Participant0058,17.09.2021,Participant0058,Recording4,17.09.2021,17.09.2021,14:48:45.713,12:48:45.713,64514,Timeline2,Tobii I-VT (Fixation),1.145.28180,1080,1920,"10,00",693748578.0,,,734.0,564.0,731.0,559.0,736.0,569.0,"-0,06314","0,10137","-0,99284","-0,17108","0,10589","-0,97955",,,Valid,Valid,"233,2","100,0","517,9","292,0","99,9","516,2","200,2","152,9","201,8","155,7","0,3182","0,5221","0,3158","0,5173","0,3205","0,5269",thumbnail_grossTrial,thumbnail_grossTrial.png,1245.0,1080.0,337.0,0.0,798.0,692.0,Fixation,1767.0,59.0,736.0,568.0,"0,3202","0,5257",,
26617,25893230,1400465164517,Eye Tracker,Participant0058,17.09.2021,Participant0058,Recording4,17.09.2021,17.09.2021,14:48:45.713,12:48:45.713,64514,Timeline2,Tobii I-VT (Fixation),1.145.28180,1080,1920,"10,00",693756937.0,,,744.0,565.0,750.0,564.0,738.0,566.0,"-0,05260","0,10411","-0,99317","-0,17049","0,10415","-0,97984",,,Valid,Valid,"233,1","100,0","517,9","292,0","99,9","516,1","205,7","154,3","202,1","154,8","0,3266","0,5228","0,3318","0,5220","0,3214","0,5237",thumbnail_grossTrial,thumbnail_grossTrial.png,1245.0,1080.0,337.0,0.0,798.0,692.0,Fixation,1767.0,59.0,736.0,568.0,"0,3202","0,5257",,
26618,25901563,1400465172850,Eye Tracker,Participant0058,17.09.2021,Participant0058,Recording4,17.09.2021,17.09.2021,14:48:45.713,12:48:45.713,64514,Timeline2,Tobii I-VT (Fixation),1.145.28180,1080,1920,"10,00",693765270.0,,,733.0,565.0,730.0,565.0,737.0,565.0,"-0,06327","0,10461","-0,99250","-0,17100","0,10392","-0,97977","4,74","4,77",Valid,Valid,"233,1","100,0","518,0","292,0","99,9","516,1","200,1","154,6","201,9","154,7","0,3181","0,5231","0,3155","0,5230","0,3207","0,5233",thumbnail_grossTrial,thumbnail_grossTrial.png,1245.0,1080.0,337.0,0.0,798.0,692.0,Fixation,1767.0,59.0,736.0,568.0,"0,3202","0,5257",,
26619,25909861,1400465181148,Eye Tracker,Participant0058,17.09.2021,Participant0058,Recording4,17.09.2021,17.09.2021,14:48:45.713,12:48:45.713,64514,Timeline2,Tobii I-VT (Fixation),1.145.28180,1080,1920,"10,00",693773567.0,,,734.0,565.0,731.0,565.0,738.0,564.0,"-0,06281","0,10487","-0,99250","-0,17067","0,10333","-0,97990",,,Valid,Valid,"233,2","100,0","517,9","292,0","100,0","516,0","200,4","154,7","202,1","154,4","0,3188","0,5229","0,3163","0,5234","0,3214","0,5223",thumbnail_grossTrial,thumbnail_grossTrial.png,1245.0,1080.0,337.0,0.0,798.0,692.0,Fixation,1767.0,59.0,736.0,568.0,"0,3202","0,5257",,
26620,25918192,1400465189479,Eye Tracker,Participant0058,17.09.2021,Participant0058,Recording4,17.09.2021,17.09.2021,14:48:45.713,12:48:45.713,64514,Timeline2,Tobii I-VT (Fixation),1.145.28180,1080,1920,"10,00",693781898.0,,,737.0,563.0,732.0,565.0,741.0,560.0,"-0,06227","0,10493","-0,99253","-0,16877","0,10151","-0,98041",,,Valid,Valid,"233,1","100,0","517,9","292,0","99,9","516,0","200,6","154,7","203,1","153,4","0,3206","0,5212","0,3170","0,5234","0,3243","0,5189",thumbnail_grossTrial,thumbnail_grossTrial.png,1245.0,1080.0,337.0,0.0,798.0,692.0,Fixation,1767.0,59.0,736.0,568.0,"0,3202","0,5257",,
26621,25926530,1400465197817,Eye Tracker,Participant0058,17.09.2021,Participant0058,Recording4,17.09.2021,17.09.2021,14:48:45.713,12:48:45.713,64514,Timeline2,Tobii I-VT (Fixation),1.145.28180,1080,1920,"10,00",693790236.0,,,741.0,551.0,729.0,572.0,752.0,530.0,"-0,06376","0,10851","-0,99205","-0,16337","0,08612","-0,98280","4,41","5,63",Valid,Valid,"233,1","100,0","518,0","292,0","99,9","516,1","199,9","156,6","206,2","145,2","0,3240","0,5105","0,3147","0,5299","0,3333","0,4911",thumbnail_grossTrial,thumbnail_grossTrial.png,1245.0,1080.0,337.0,0.0,798.0,692.0,Fixation,1767.0,59.0,736.0,568.0,"0,3202","0,5257",,
26622,25934859,1400465206146,Eye Tracker,Participant0058,17.09.2021,Participant0058,Recording4,17.09.2021,17.09.2021,14:48:45.713,12:48:45.713,64514,Timeline2,Tobii I-VT (Fixation),1.145.28180,1080,1920,"10,00",693798565.0,,,752.0,559.0,731.0,574.0,772.0,545.0,"-0,06265","0,10948","-0,99201","-0,15334","0,09363","-0,98373",,,Valid,Valid,"233,2","100,0","517,9","292,0","100,0","516,0","200,5","157,1","211,6","149,1","0,3328","0,5180","0,3165","0,5316","0,3490","0,5044",thumbnail_grossTrial,thumbnail_grossTrial.png,1245.0,1080.0,337.0,0.0,798.0,692.0,Fixation,1767.0,59.0,736.0,568.0,"0,3202","0,5257",,
26623,25943191,1400465214478,Eye Tracker,Participant0058,17.09.2021,Participant0058,Recording4,17.09.2021,17.09.2021,14:48:45.713,12:48:45.713,64514,Timeline2,Tobii I-VT (Fixation),1.145.28180,1080,1920,"10,00",693806896.0,,,744.0,565.0,726.0,572.0,762.0,557.0,"-0,06562","0,10859","-0,99192","-0,15797","0,10017","-0,98235",,,Valid,Valid,"233,1","99,9","517,9","292,0","99,9","516,0","198,9","156,6","209,0","152,6","0,3266","0,5231","0,3118","0,5300","0,3414","0,5162",thumbnail_grossTrial,thumbnail_grossTrial.png,1245.0,1080.0,337.0,0.0,798.0,692.0,Fixation,1767.0,59.0,736.0,568.0,"0,3202","0,5257",,
26624,25951557,1400465222844,Eye Tracker,Participant0058,17.09.2021,Participant0058,Recording4,17.09.2021,17.09.2021,14:48:45.713,12:48:45.713,64514,Timeline2,Tobii I-VT (Fixation),1.145.28180,1080,1920,"10,00",693815262.0,,,744.0,565.0,725.0,572.0,762.0,557.0,"-0,06578","0,10840","-0,99193","-0,15808","0,10015","-0,98233","4,41","4,80",Valid,Valid,"233,1","99,9","517,9","292,0","99,9","516,1","198,8","156,5","208,9","152,5","0,3264","0,5229","0,3116","0,5297","0,3413","0,5161",thumbnail_grossTrial,thumbnail_grossTrial.png,1245.0,1080.0,337.0,0.0,798.0,692.0,Fixation,1767.0,59.0,736.0,568.0,"0,3202","0,5257",,
26625,25959884,1400465231171,Eye Tracker,Participant0058,17.09.2021,Participant0058,Recording4,17.09.2021,17.09.2021,14:48:45.713,12:48:45.713,64514,Timeline2,Tobii I-VT (Fixation),1.145.28180,1080,1920,"10,00",693823589.0,,,734.0,565.0,722.0,566.0,747.0,563.0,"-0,06773","0,10546","-0,99212","-0,16603","0,10311","-0,98072",,,Valid,Valid,"233,2","100,0","517,9","292,0","100,0","516,0","197,8","155,0","204,6","154,2","0,3187","0,5231","0,3088","0,5245","0,3287","0,5217",thumbnail_grossTrial,thumbnail_grossTrial.png,1245.0,1080.0,337.0,0.0,798.0,692.0,Fixation,1767.0,59.0,736.0,568.0,"0,3202","0,5257",,
26626,25968223,1400465239510,Eye Tracker,Participant0058,17.09.2021,Participant0058,Recording4,17.09.2021,17.09.2021,14:48:45.713,12:48:45.713,64514,Timeline2,Tobii I-VT (Fixation),1.145.28180,1080,1920,"10,00",693831928.0,,,733.0,559.0,719.0,560.0,747.0,558.0,"-0,06923","0,10199","-0,99237","-0,16591","0,10052","-0,98101",,,Valid,Valid,"233,1","99,9","517,9","292,0","99,9","516,1","197,0","153,2","204,7","152,8","0,3176","0,5176","0,3063","0,5182","0,3288","0,5170",thumbnail_grossTrial,thumbnail_grossTrial.png,1245.0,1080.0,337.0,0.0,798.0,692.0,Fixation,1767.0,59.0,736.0,568.0,"0,3202","0,5257",,
26627,25976563,1400465247850,Eye Tracker,Participant0058,17.09.2021,Participant0058,Recording4,17.09.2021,17.09.2021,14:48:45.713,12:48:45.713,64514,Timeline2,Tobii I-VT (Fixation),1.145.28180,1080,1920,"10,00",693840267.0,,,749.0,558.0,,,749.0,558.0,,,,"-0,16491","0,10024","-0,98120",,"4,36",Invalid,Valid,,,,"292,0","99,9","516,1",,,"205,2","152,6","0,3305","0,5165",,,"0,3305","0,5165",thumbnail_grossTrial,thumbnail_grossTrial.png,1245.0,1080.0,337.0,0.0,798.0,692.0,Fixation,1767.0,59.0,736.0,568.0,"0,3202","0,5257",,
26628,25984934,1400465256221,Eye Tracker,Participant0058,17.09.2021,Participant0058,Recording4,17.09.2021,17.09.2021,14:48:45.713,12:48:45.713,64514,Timeline2,Tobii I-VT (Fixation),1.145.28180,1080,1920,"10,00",693848638.0,,,730.0,562.0,718.0,563.0,743.0,562.0,"-0,06964","0,10363","-0,99217","-0,16801","0,10216","-0,98048",,,Valid,Valid,"233,2","100,0","517,9","292,0","100,0","516,1","196,8","154,1","203,6","153,7","0,3157","0,5207","0,3058","0,5212","0,3256","0,5201",thumbnail_grossTrial,thumbnail_grossTrial.png,1245.0,1080.0,337.0,0.0,798.0,692.0,Fixation,1767.0,59.0,736.0,568.0,"0,3202","0,5257",,
26629,25993254,1400465264541,Eye Tracker,Participant0058,17.09.2021,Participant0058,Recording4,17.09.2021,17.09.2021,14:48:45.713,12:48:45.713,64514,Timeline2,Tobii I-VT (Fixation),1.145.28180,1080,1920,"10,00",693856958.0,,,727.0,569.0,718.0,569.0,736.0,569.0,"-0,06951","0,10667","-0,99186","-0,17132","0,10568","-0,97953",,,Valid,Valid,"233,1","99,9","517,9","292,0","99,9","516,1","196,8","155,6","201,7","155,6","0,3130","0,5265","0,3058","0,5266","0,3201","0,5265",thumbnail_grossTrial,thumbnail_grossTrial.png,1245.0,1080.0,337.0,0.0,798.0,692.0,Fixation,1767.0,59.0,736.0,568.0,"0,3202","0,5257",,
26630,26001524,1400465272811,Eye Tracker,Participant0058,17.09.2021,Participant0058,Recording4,17.09.2021,17.09.2021,14:48:45.713,12:48:45.713,64514,Timeline2,Tobii I-VT (Fixation),1.145.28180,1080,1920,"10,00",693865228.0,,,728.0,566.0,723.0,564.0,734.0,569.0,"-0,06726","0,10429","-0,99227","-0,17238","0,10578","-0,97933","4,73","4,87",Valid,Valid,"233,1","99,9","518,0","292,0","99,9","516,2","198,0","154,4","201,2","155,7","0,3139","0,5245","0,3094","0,5223","0,3185","0,5267",thumbnail_grossTrial,thumbnail_grossTrial.png,1245.0,1080.0,337.0,0.0,798.0,692.0,Fixation,1767.0,59.0,736.0,568.0,"0,3202","0,5257",,
26631,26009891,1400465281178,Eye Tracker,Participant0058,17.09.2021,Participant0058,Recording4,17.09.2021,17.09.2021,14:48:45.713,12:48:45.713,64514,Timeline2,Tobii I-VT (Fixation),1.145.28180,1080,1920,"10,00",693873594.0,,,741.0,567.0,726.0,568.0,756.0,565.0,"-0,06539","0,10645","-0,99217","-0,16129","0,10410","-0,98140",,,Valid,Valid,"233,2","99,9","517,9","292,0","100,0","516,1","199,1","155,5","207,2","154,7","0,3243","0,5248","0,3124","0,5262","0,3362","0,5234",thumbnail_grossTrial,thumbnail_grossTrial.png,1245.0,1080.0,337.0,0.0,798.0,692.0,Fixation,1767.0,59.0,736.0,568.0,"0,3202","0,5257",,
26632,26018193,1400465289480,Eye Tracker,Participant0058,17.09.2021,Participant0058,Recording4,17.09.2021,17.09.2021,14:48:45.713,12:48:45.713,64514,Timeline2,Tobii I-VT (Fixation),1.145.28180,1080,1920,"10,00",693881896.0,,,747.0,565.0,732.0,567.0,762.0,563.0,"-0,06227","0,10577","-0,99244","-0,15842","0,10303","-0,98198",,,Valid,Valid,"233,1","99,9","518,0","292,0","99,9","516,1","200,6","155,1","208,7","154,1","0,3288","0,5231","0,3170","0,5248","0,3406","0,5213",thumbnail_grossTrial,thumbnail_grossTrial.png,1245.0,1080.0,337.0,0.0,798.0,692.0,Fixation,1767.0,59.0,736.0,568.0,"0,3202","0,5257",,
26633,26026556,1400465297843,Eye Tracker,Participant0058,17.09.2021,Participant0058,Recording4,17.09.2021,17.09.2021,14:48:45.713,12:48:45.713,64514,Timeline2,Tobii I-VT (Fixation),1.145.28180,1080,1920,"10,00",693890259.0,,,756.0,569.0,,,756.0,569.0,,,,"-0,16122","0,10584","-0,98123",,"4,38",Invalid,Valid,,,,"292,0","99,9","516,1",,,"207,2","155,6","0,3362","0,5265",,,"0,3362","0,5265",thumbnail_grossTrial,thumbnail_grossTrial.png,1245.0,1080.0,337.0,0.0,798.0,692.0,Fixation,1767.0,59.0,736.0,568.0,"0,3202","0,5257",,
26634,26034853,1400465306140,Eye Tracker,Participant0058,17.09.2021,Participant0058,Recording4,17.09.2021,17.09.2021,14:48:45.713,12:48:45.713,64514,Timeline2,Tobii I-VT (Fixation),1.145.28180,1080,1920,"10,00",693898555.0,,,749.0,564.0,733.0,562.0,766.0,565.0,"-0,06169","0,10350","-0,99271","-0,15635","0,10411","-0,98220",,,Valid,Valid,"233,2","99,9","518,0","292,0","100,0","516,1","201,0","153,9","209,8","154,7","0,3310","0,5221","0,3180","0,5208","0,3439","0,5234",thumbnail_grossTrial,thumbnail_grossTrial.png,1245.0,1080.0,337.0,0.0,798.0,692.0,Fixation,1767.0,59.0,736.0,568.0,"0,3202","0,5257",,
26635,26043183,1400465314470,Eye Tracker,Participant0058,17.09.2021,Participant0058,Recording4,17.09.2021,17.09.2021,14:48:45.713,12:48:45.713,64514,Timeline2,Tobii I-VT (Fixation),1.145.28180,1080,1920,"10,00",693906885.0,,,754.0,567.0,747.0,566.0,760.0,569.0,"-0,05435","0,10553","-0,99293","-0,15897","0,10587","-0,98159",,,Valid,Valid,"233,1","99,9","518,1","292,0","100,0","516,1","204,8","155,0","208,4","155,6","0,3343","0,5255","0,3290","0,5243","0,3397","0,5266",thumbnail_grossTrial,thumbnail_grossTrial.png,1245.0,1080.0,337.0,0.0,798.0,692.0,Fixation,1767.0,59.0,736.0,568.0,"0,3202","0,5257",,
26636,26051520,1400465322807,Eye Tracker,Participant0058,17.09.2021,Participant0058,Recording4,17.09.2021,17.09.2021,14:48:45.713,12:48:45.713,64514,Timeline2,Tobii I-VT (Fixation),1.145.28180,1080,1920,"10,00",693915222.0,,,745.0,571.0,729.0,573.0,760.0,569.0,"-0,06383","0,10883","-0,99201","-0,15906","0,10584","-0,98158","4,47","4,41",Valid,Valid,"233,1","99,9","518,2","292,0","100,0","516,1","199,8","156,7","208,3","155,6","0,3270","0,5284","0,3145","0,5303","0,3396","0,5266",thumbnail_grossTrial,thumbnail_grossTrial.png,1245.0,1080.0,337.0,0.0,798.0,692.0,Fixation,1767.0,59.0,736.0,568.0,"0,3202","0,5257",,
26637,26059858,1400465331145,Eye Tracker,Participant0058,17.09.2021,Participant0058,Recording4,17.09.2021,17.09.2021,14:48:45.713,12:48:45.713,64514,Timeline2,Tobii I-VT (Fixation),1.145.28180,1080,1920,"10,00",693923560.0,,,737.0,575.0,728.0,581.0,746.0,569.0,"-0,06440","0,11327","-0,99147","-0,16653","0,10583","-0,98034",,,Valid,Valid,"233,2","99,9","518,1","292,0","100,0","516,0","199,5","159,1","204,3","155,7","0,3207","0,5325","0,3137","0,5381","0,3278","0,5269",thumbnail_grossTrial,thumbnail_grossTrial.png,1245.0,1080.0,337.0,0.0,798.0,692.0,Fixation,1767.0,59.0,736.0,568.0,"0,3202","0,5257",,
26638,26068195,1400465339482,Eye Tracker,Participant0058,17.09.2021,Participant0058,Recording4,17.09.2021,17.09.2021,14:48:45.713,12:48:45.713,64514,Timeline2,Tobii I-VT (Fixation),1.145.28180,1080,1920,"10,00",693931896.0,,,739.0,573.0,729.0,580.0,749.0,566.0,"-0,06369","0,11282","-0,99157","-0,16495","0,10435","-0,98077",,,Valid,Valid,"233,1","99,9","518,2","291,9","100,0","516,0","199,8","158,8","205,1","154,9","0,3224","0,5307","0,3146","0,5373","0,3302","0,5241",thumbnail_grossTrial,thumbnail_grossTrial.png,1245.0,1080.0,337.0,0.0,798.0,692.0,Fixation,1767.0,59.0,736.0,568.0,"0,3202","0,5257",,
26639,26076518,1400465347805,Eye Tracker,Participant0058,17.09.2021,Participant0058,Recording4,17.09.2021,17.09.2021,14:48:45.713,12:48:45.713,64514,Timeline2,Tobii I-VT (Fixation),1.145.28180,1080,1920,"10,00",693940219.0,,,747.0,563.0,748.0,559.0,746.0,566.0,"-0,05365","0,10210","-0,99333","-0,16632","0,10414","-0,98056","4,78","4,93",Valid,Valid,"233,1","99,8","518,3","292,0","100,0","516,1","205,1","153,1","204,4","154,8","0,3291","0,5209","0,3301","0,5180","0,3281","0,5238",thumbnail_grossTrial,thumbnail_grossTrial.png,1245.0,1080.0,337.0,0.0,798.0,692.0,Fixation,1767.0,59.0,736.0,568.0,"0,3202","0,5257",,
26640,26084846,1400465356133,Eye Tracker,Participant0058,17.09.2021,Participant0058,Recording4,17.09.2021,17.09.2021,14:48:45.713,12:48:45.713,64514,Timeline2,Tobii I-VT (Fixation),1.145.28180,1080,1920,"10,00",693948547.0,,,742.0,562.0,737.0,563.0,748.0,561.0,"-0,05996","0,10391","-0,99278","-0,16514","0,10164","-0,98102",,,Valid,Valid,"233,2","99,8","518,3","292,0","100,0","516,0","201,9","154,1","205,1","153,5","0,3253","0,5203","0,3206","0,5214","0,3301","0,5193",thumbnail_grossTrial,thumbnail_grossTrial.png,1245.0,1080.0,337.0,0.0,798.0,692.0,Fixation,1767.0,59.0,736.0,568.0,"0,3202","0,5257",,
26641,26093214,1400465364501,Eye Tracker,Participant0058,17.09.2021,Participant0058,Recording4,17.09.2021,17.09.2021,14:48:45.713,12:48:45.713,64514,Timeline2,Tobii I-VT (Fixation),1.145.28180,1080,1920,"10,00",693956915.0,,,751.0,555.0,747.0,553.0,755.0,558.0,"-0,05442","0,09878","-0,99362","-0,16196","0,10024","-0,98169",,,Valid,Valid,"233,1","99,8","518,3","291,9","100,0","516,1","204,7","151,4","206,8","152,7","0,3320","0,5143","0,3289","0,5121","0,3350","0,5166",thumbnail_grossTrial,thumbnail_grossTrial.png,1245.0,1080.0,337.0,0.0,798.0,692.0,Fixation,1767.0,59.0,736.0,568.0,"0,3202","0,5257",,
26642,26101547,1400465372834,Eye Tracker,Participant0058,17.09.2021,Participant0058,Recording4,17.09.2021,17.09.2021,14:48:45.713,12:48:45.713,64514,Timeline2,Tobii I-VT (Fixation),1.145.28180,1080,1920,"10,00",693965247.0,,,752.0,556.0,748.0,553.0,756.0,560.0,"-0,05404","0,09866","-0,99365","-0,16147","0,10134","-0,98166","4,96","5,00",Valid,Valid,"233,1","99,8","518,4","292,0","99,9","516,3","204,9","151,3","207,1","153,2","0,3327","0,5152","0,3295","0,5119","0,3359","0,5184",thumbnail_grossTrial,thumbnail_grossTrial.png,1245.0,1080.0,337.0,0.0,798.0,692.0,Fixation,1767.0,59.0,736.0,568.0,"0,3202","0,5257",,
26643,26109886,1400465381173,Eye Tracker,Participant0058,17.09.2021,Participant0058,Recording4,17.09.2021,17.09.2021,14:48:45.713,12:48:45.713,64514,Timeline2,Tobii I-VT (Fixation),1.145.28180,1080,1920,"10,00",693973586.0,,,751.0,559.0,748.0,553.0,754.0,566.0,"-0,05415","0,09866","-0,99365","-0,16211","0,10450","-0,98122",,,Valid,Valid,"233,2","99,8","518,3","292,0","99,9","516,3","204,9","151,3","206,7","154,9","0,3322","0,5180","0,3295","0,5119","0,3348","0,5241",thumbnail_grossTrial,thumbnail_grossTrial.png,1245.0,1080.0,337.0,0.0,798.0,692.0,Fixation,1767.0,59.0,736.0,568.0,"0,3202","0,5257",,
26644,26118184,1400465389471,Eye Tracker,Participant0058,17.09.2021,Participant0058,Recording4,17.09.2021,17.09.2021,14:48:45.713,12:48:45.713,64514,Timeline2,Tobii I-VT (Fixation),1.145.28180,1080,1920,"10,00",693981884.0,,,739.0,560.0,727.0,554.0,751.0,567.0,"-0,06483","0,09927","-0,99295","-0,16357","0,10490","-0,98094",,,Valid,Valid,"233,1","99,8","518,3","292,0","99,8","516,5","199,3","151,6","205,9","155,1","0,3226","0,5188","0,3130","0,5130","0,3323","0,5246",thumbnail_grossTrial,thumbnail_grossTrial.png,1245.0,1080.0,337.0,0.0,798.0,692.0,Fixation,1767.0,59.0,736.0,568.0,"0,3202","0,5257",,
26645,26126564,1400465397851,Eye Tracker,Participant0058,17.09.2021,Participant0058,Recording4,17.09.2021,17.09.2021,14:48:45.713,12:48:45.713,64514,Timeline2,Tobii I-VT (Fixation),1.145.28180,1080,1920,"10,00",693990263.0,,,738.0,563.0,727.0,562.0,750.0,564.0,"-0,06493","0,10321","-0,99254","-0,16443","0,10350","-0,98094","4,82","4,98",Valid,Valid,"233,1","99,8","518,3","292,0","99,7","516,6","199,2","153,7","205,4","154,3","0,3219","0,5210","0,3128","0,5201","0,3310","0,5219",thumbnail_grossTrial,thumbnail_grossTrial.png,1245.0,1080.0,337.0,0.0,798.0,692.0,Fixation,1767.0,59.0,736.0,568.0,"0,3202","0,5257",,
26646,26134868,1400465406155,Eye Tracker,Participant0058,17.09.2021,Participant0058,Recording4,17.09.2021,17.09.2021,14:48:45.713,12:48:45.713,64514,Timeline2,Tobii I-VT (Fixation),1.145.28180,1080,1920,"10,00",693998567.0,,,736.0,560.0,725.0,557.0,747.0,562.0,"-0,06598","0,10053","-0,99274","-0,16587","0,10291","-0,98076",,,Valid,Valid,"233,2","99,8","518,2","292,0","99,7","516,7","198,7","152,3","204,7","153,9","0,3201","0,5181","0,3114","0,5153","0,3288","0,5208",thumbnail_grossTrial,thumbnail_grossTrial.png,1245.0,1080.0,337.0,0.0,798.0,692.0,Fixation,1767.0,59.0,736.0,568.0,"0,3202","0,5257",,
26647,26143255,1400465414542,Eye Tracker,Participant0058,17.09.2021,Participant0058,Recording4,17.09.2021,17.09.2021,14:48:45.713,12:48:45.713,64514,Timeline2,Tobii I-VT (Fixation),1.145.28180,1080,1920,"10,00",694006954.0,,,739.0,561.0,726.0,561.0,752.0,561.0,"-0,06546","0,10269","-0,99256","-0,16310","0,10223","-0,98130",,,Valid,Valid,"233,1","99,8","518,2","292,0","99,6","516,9","198,9","153,4","206,1","153,5","0,3225","0,5192","0,3119","0,5192","0,3330","0,5193",thumbnail_grossTrial,thumbnail_grossTrial.png,1245.0,1080.0,337.0,0.0,798.0,692.0,Fixation,1767.0,59.0,736.0,568.0,"0,3202","0,5257",,
26648,26151600,1400465422887,Eye Tracker,Participant0058,17.09.2021,Participant0058,Recording4,17.09.2021,17.09.2021,14:48:45.713,12:48:45.713,64514,Timeline2,Tobii I-VT (Fixation),1.145.28180,1080,1920,"10,00",694015299.0,,,726.0,556.0,726.0,556.0,,,"-0,06550","0,10040","-0,99279",,,,"4,97",,Valid,Invalid,"233,1","99,8","518,3",,,,"198,9","152,2",,,"0,3119","0,5151","0,3119","0,5151",,,thumbnail_grossTrial,thumbnail_grossTrial.png,1245.0,1080.0,337.0,0.0,798.0,692.0,Fixation,1767.0,59.0,736.0,568.0,"0,3202","0,5257",,
26649,26159876,1400465431163,Eye Tracker,Participant0058,17.09.2021,Participant0058,Recording4,17.09.2021,17.09.2021,14:48:45.713,12:48:45.713,64514,Timeline2,Tobii I-VT (Fixation),1.145.28180,1080,1920,"10,00",694023574.0,,,735.0,566.0,727.0,560.0,742.0,571.0,"-0,06470","0,10253","-0,99262","-0,16788","0,10729","-0,97995",,,Valid,Valid,"233,2","99,9","518,2","292,1","99,6","517,1","199,4","153,4","203,5","156,2","0,3193","0,5237","0,3133","0,5190","0,3253","0,5284",thumbnail_grossTrial,thumbnail_grossTrial.png,1245.0,1080.0,337.0,0.0,798.0,692.0,Fixation,1767.0,59.0,736.0,568.0,"0,3202","0,5257",,
26650,26168210,1400465439497,Eye Tracker,Participant0058,17.09.2021,Participant0058,Recording4,17.09.2021,17.09.2021,14:48:45.713,12:48:45.713,64514,Timeline2,Tobii I-VT (Fixation),1.145.28180,1080,1920,"10,00",694031908.0,,,737.0,566.0,731.0,563.0,742.0,568.0,"-0,06276","0,10387","-0,99261","-0,16777","0,10620","-0,98009",,,Valid,Valid,"233,1","99,9","518,2","292,0","99,5","517,3","200,3","154,1","203,5","155,5","0,3207","0,5238","0,3160","0,5213","0,3253","0,5262",thumbnail_grossTrial,thumbnail_grossTrial.png,1245.0,1080.0,337.0,0.0,798.0,692.0,Fixation,1767.0,59.0,736.0,568.0,"0,3202","0,5257",,
26651,26176513,1400465447800,Eye Tracker,Participant0058,17.09.2021,Participant0058,Recording4,17.09.2021,17.09.2021,14:48:45.713,12:48:45.713,64514,Timeline2,Tobii I-VT (Fixation),1.145.28180,1080,1920,"10,00",694040211.0,,,,,,,,,,,,,,,,,Invalid,Invalid,,,,,,,,,,,,,,,,,thumbnail_grossTrial,thumbnail_grossTrial.png,1245.0,1080.0,337.0,0.0,798.0,692.0,EyesNotFound,8.0,97.0,,,,,,
26652,26184839,1400465456126,Eye Tracker,Participant0058,17.09.2021,Participant0058,Recording4,17.09.2021,17.09.2021,14:48:45.713,12:48:45.713,64514,Timeline2,Tobii I-VT (Fixation),1.145.28180,1080,1920,"10,00",694048537.0,,,758.0,552.0,747.0,559.0,770.0,546.0,"-0,05460","0,10153","-0,99333","-0,15419","0,09499","-0,98346",,,Valid,Valid,"233,1","99,9","518,2","292,1","99,4","517,5","204,7","152,9","211,0","149,4","0,3380","0,5114","0,3288","0,5172","0,3472","0,5056",thumbnail_grossTrial,thumbnail_grossTrial.png,1245.0,1080.0,337.0,0.0,798.0,692.0,Unclassified,33.0,127.0,,,,,,
26653,26193200,1400465464487,Eye Tracker,Participant0058,17.09.2021,Participant0058,Recording4,17.09.2021,17.09.2021,14:48:45.713,12:48:45.713,64514,Timeline2,Tobii I-VT (Fixation),1.145.28180,1080,1920,"10,00",694056897.0,,,756.0,554.0,746.0,558.0,766.0,550.0,"-0,05474","0,10140","-0,99334","-0,15595","0,09695","-0,98300",,,Valid,Valid,"233,1","99,9","518,2","292,0","99,4","517,6","204,5","152,8","209,9","150,4","0,3363","0,5129","0,3284","0,5169","0,3442","0,5090",thumbnail_grossTrial,thumbnail_grossTrial.png,1245.0,1080.0,337.0,0.0,798.0,692.0,Unclassified,33.0,127.0,,,,,,
26654,26201510,1400465472797,Eye Tracker,Participant0058,17.09.2021,Participant0058,Recording4,17.09.2021,17.09.2021,14:48:45.713,12:48:45.713,64514,Timeline2,Tobii I-VT (Fixation),1.145.28180,1080,1920,"10,00",694065207.0,,,727.0,560.0,727.0,560.0,,,"-0,06511","0,10210","-0,99264",,,,"4,90",,Valid,Invalid,"233,1","99,9","518,3",,,,"199,1","153,2",,,"0,3125","0,5183","0,3125","0,5183",,,thumbnail_grossTrial,thumbnail_grossTrial.png,1245.0,1080.0,337.0,0.0,798.0,692.0,Unclassified,33.0,127.0,,,,,,
26655,26209849,1400465481136,Eye Tracker,Participant0058,17.09.2021,Participant0058,Recording4,17.09.2021,17.09.2021,14:48:45.713,12:48:45.713,64514,Timeline2,Tobii I-VT (Fixation),1.145.28180,1080,1920,"10,00",694073546.0,,,747.0,559.0,734.0,564.0,760.0,553.0,"-0,06130","0,10450","-0,99263","-0,15895","0,09857","-0,98235",,,Valid,Valid,"233,2","99,9","518,2","292,1","99,4","517,6","201,2","154,5","208,4","151,3","0,3291","0,5174","0,3185","0,5227","0,3396","0,5121",thumbnail_grossTrial,thumbnail_grossTrial.png,1245.0,1080.0,337.0,0.0,798.0,692.0,Unclassified,33.0,127.0,,,,,,
26656,26218183,1400465489470,Eye Tracker,Participant0058,17.09.2021,Participant0058,Recording4,17.09.2021,17.09.2021,14:48:45.713,12:48:45.713,64514,Timeline2,Tobii I-VT (Fixation),1.145.28180,1080,1920,"10,00",694081879.0,,,750.0,564.0,744.0,576.0,756.0,553.0,"-0,05579","0,11038","-0,99232","-0,16091","0,09860","-0,98203",,,Valid,Valid,"233,1","99,9","518,2","292,1","99,4","517,7","204,0","157,5","207,3","151,3","0,3316","0,5226","0,3267","0,5331","0,3364","0,5121",thumbnail_grossTrial,thumbnail_grossTrial.png,1245.0,1080.0,337.0,0.0,798.0,692.0,Saccade,17.0,96.0,,,,,,
26657,26226517,1400465497804,Eye Tracker,Participant0058,17.09.2021,Participant0058,Recording4,17.09.2021,17.09.2021,14:48:45.713,12:48:45.713,64514,Timeline2,Tobii I-VT (Fixation),1.145.28180,1080,1920,"10,00",694090213.0,,,733.0,571.0,732.0,574.0,735.0,568.0,"-0,06218","0,10928","-0,99206","-0,17180","0,10592","-0,97942","4,87","5,04",Valid,Valid,"233,1","99,9","518,3","292,1","99,4","517,7","200,6","157,0","201,3","155,4","0,3180","0,5284","0,3170","0,5312","0,3190","0,5256",thumbnail_grossTrial,thumbnail_grossTrial.png,1245.0,1080.0,337.0,0.0,798.0,692.0,Saccade,17.0,96.0,,,,,,
26658,26234948,1400465506235,Eye Tracker,Participant0058,17.09.2021,Participant0058,Recording4,17.09.2021,17.09.2021,14:48:45.713,12:48:45.713,64514,Timeline2,Tobii I-VT (Fixation),1.145.28180,1080,1920,"10,00",694098644.0,,,731.0,573.0,730.0,577.0,733.0,570.0,"-0,06339","0,11090","-0,99181","-0,17284","0,10693","-0,97913",,,Valid,Valid,"233,2","99,9","518,2","292,2","99,4","517,7","200,1","157,9","200,8","155,9","0,3163","0,5309","0,3153","0,5341","0,3174","0,5276",thumbnail_grossTrial,thumbnail_grossTrial.png,1245.0,1080.0,337.0,0.0,798.0,692.0,Fixation,492.0,60.0,738.0,570.0,"0,3214","0,5274",,
26659,26243207,1400465514494,Eye Tracker,Participant0058,17.09.2021,Participant0058,Recording4,17.09.2021,17.09.2021,14:48:45.713,12:48:45.713,64514,Timeline2,Tobii I-VT (Fixation),1.145.28180,1080,1920,"10,00",694106903.0,,,731.0,575.0,731.0,576.0,731.0,573.0,"-0,06276","0,11038","-0,99191","-0,17329","0,10869","-0,97886",,,Valid,Valid,"233,1","99,9","518,2","292,1","99,4","517,7","200,3","157,6","200,5","156,9","0,3162","0,5319","0,3161","0,5331","0,3164","0,5308",thumbnail_grossTrial,thumbnail_grossTrial.png,1245.0,1080.0,337.0,0.0,798.0,692.0,Fixation,492.0,60.0,738.0,570.0,"0,3214","0,5274",,
26660,26251534,1400465522821,Eye Tracker,Participant0058,17.09.2021,Participant0058,Recording4,17.09.2021,17.09.2021,14:48:45.713,12:48:45.713,64514,Timeline2,Tobii I-VT (Fixation),1.145.28180,1080,1920,"10,00",694115229.0,,,749.0,572.0,749.0,572.0,,,"-0,05313","0,10857","-0,99267",,,,"4,92",,Valid,Invalid,"233,1","99,9","518,2",,,,"205,4","156,6",,,"0,3309","0,5298","0,3309","0,5298",,,thumbnail_grossTrial,thumbnail_grossTrial.png,1245.0,1080.0,337.0,0.0,798.0,692.0,Fixation,492.0,60.0,738.0,570.0,"0,3214","0,5274",,
26661,26259844,1400465531131,Eye Tracker,Participant0058,17.09.2021,Participant0058,Recording4,17.09.2021,17.09.2021,14:48:45.713,12:48:45.713,64514,Timeline2,Tobii I-VT (Fixation),1.145.28180,1080,1920,"10,00",694123539.0,,,741.0,571.0,749.0,572.0,732.0,570.0,"-0,05323","0,10852","-0,99267","-0,17313","0,10690","-0,97908",,,Valid,Valid,"233,2","99,9","518,2","292,1","99,4","517,6","205,4","156,6","200,6","155,9","0,3239","0,5287","0,3309","0,5298","0,3169","0,5276",thumbnail_grossTrial,thumbnail_grossTrial.png,1245.0,1080.0,337.0,0.0,798.0,692.0,Fixation,492.0,60.0,738.0,570.0,"0,3214","0,5274",,
26662,26268180,1400465539467,Eye Tracker,Participant0058,17.09.2021,Participant0058,Recording4,17.09.2021,17.09.2021,14:48:45.713,12:48:45.713,64514,Timeline2,Tobii I-VT (Fixation),1.145.28180,1080,1920,"10,00",694131875.0,,,743.0,571.0,752.0,572.0,733.0,570.0,"-0,05149","0,10837","-0,99278","-0,17232","0,10697","-0,97922",,,Valid,Valid,"233,1","99,9","518,2","292,1","99,4","517,6","206,2","156,5","201,0","156,0","0,3257","0,5286","0,3334","0,5294","0,3180","0,5277",thumbnail_grossTrial,thumbnail_grossTrial.png,1245.0,1080.0,337.0,0.0,798.0,692.0,Fixation,492.0,60.0,738.0,570.0,"0,3214","0,5274",,
26663,26276526,1400465547813,Eye Tracker,Participant0058,17.09.2021,Participant0058,Recording4,17.09.2021,17.09.2021,14:48:45.713,12:48:45.713,64514,Timeline2,Tobii I-VT (Fixation),1.145.28180,1080,1920,"10,00",694140221.0,,,725.0,567.0,725.0,567.0,,,"-0,06596","0,10557","-0,99222",,,,"4,57",,Valid,Invalid,"233,1","99,9","518,2",,,,"198,7","155,0",,,"0,3112","0,5246","0,3112","0,5246",,,thumbnail_grossTrial,thumbnail_grossTrial.png,1245.0,1080.0,337.0,0.0,798.0,692.0,Fixation,492.0,60.0,738.0,570.0,"0,3214","0,5274",,
26664,26284871,1400465556158,Eye Tracker,Participant0058,17.09.2021,Participant0058,Recording4,17.09.2021,17.09.2021,14:48:45.713,12:48:45.713,64514,Timeline2,Tobii I-VT (Fixation),1.145.28180,1080,1920,"10,00",694148565.0,,,740.0,567.0,726.0,573.0,754.0,560.0,"-0,06524","0,10898","-0,99190","-0,16232","0,10204","-0,98145",,,Valid,Valid,"233,2","99,9","518,1","292,1","99,5","517,5","199,1","156,9","206,5","153,3","0,3233","0,5246","0,3124","0,5307","0,3343","0,5185",thumbnail_grossTrial,thumbnail_grossTrial.png,1245.0,1080.0,337.0,0.0,798.0,692.0,Fixation,492.0,60.0,738.0,570.0,"0,3214","0,5274",,
26665,26293165,1400465564452,Eye Tracker,Participant0058,17.09.2021,Participant0058,Recording4,17.09.2021,17.09.2021,14:48:45.713,12:48:45.713,64514,Timeline2,Tobii I-VT (Fixation),1.145.28180,1080,1920,"10,00",694156859.0,,,742.0,559.0,728.0,567.0,757.0,551.0,"-0,06404","0,10558","-0,99235","-0,16079","0,09765","-0,98215",,,Valid,Valid,"233,1","99,9","518,1","292,1","99,4","517,5","199,6","155,0","207,3","150,9","0,3254","0,5175","0,3141","0,5245","0,3366","0,5105",thumbnail_grossTrial,thumbnail_grossTrial.png,1245.0,1080.0,337.0,0.0,798.0,692.0,Fixation,492.0,60.0,738.0,570.0,"0,3214","0,5274",,
26666,26301581,1400465572868,Eye Tracker,Participant0058,17.09.2021,Participant0058,Recording4,17.09.2021,17.09.2021,14:48:45.713,12:48:45.713,64514,Timeline2,Tobii I-VT (Fixation),1.145.28180,1080,1920,"10,00",694165275.0,,,,,,,,,,,,,,,,,Invalid,Invalid,,,,,,,,,,,,,,,,,thumbnail_grossTrial,thumbnail_grossTrial.png,1245.0,1080.0,337.0,0.0,798.0,692.0,Fixation,492.0,60.0,738.0,570.0,"0,3214","0,5274",,
26667,26309831,1400465581118,Eye Tracker,Participant0058,17.09.2021,Participant0058,Recording4,17.09.2021,17.09.2021,14:48:45.713,12:48:45.713,64514,Timeline2,Tobii I-VT (Fixation),1.145.28180,1080,1920,"10,00",694173524.0,,,752.0,559.0,735.0,569.0,768.0,550.0,"-0,06053","0,10674","-0,99244","-0,15506","0,09708","-0,98312",,,Valid,Valid,"233,1","99,9","518,1","292,1","99,5","517,3","201,5","155,7","210,5","150,5","0,3328","0,5180","0,3196","0,5266","0,3459","0,5094",thumbnail_grossTrial,thumbnail_grossTrial.png,1245.0,1080.0,337.0,0.0,798.0,692.0,Fixation,492.0,60.0,738.0,570.0,"0,3214","0,5274",,
26668,26318202,1400465589489,Eye Tracker,Participant0058,17.09.2021,Participant0058,Recording4,17.09.2021,17.09.2021,14:48:45.713,12:48:45.713,64514,Timeline2,Tobii I-VT (Fixation),1.145.28180,1080,1920,"10,00",694181895.0,,,747.0,568.0,734.0,576.0,759.0,560.0,"-0,06113","0,11073","-0,99197","-0,15933","0,10186","-0,98196",,,Valid,Valid,"233,1","99,9","518,1","292,0","99,5","517,3","201,1","157,7","208,1","153,1","0,3287","0,5259","0,3185","0,5337","0,3389","0,5181",thumbnail_grossTrial,thumbnail_grossTrial.png,1245.0,1080.0,337.0,0.0,798.0,692.0,Fixation,492.0,60.0,738.0,570.0,"0,3214","0,5274",,
26669,26326586,1400465597873,Eye Tracker,Participant0058,17.09.2021,Participant0058,Recording4,17.09.2021,17.09.2021,14:48:45.713,12:48:45.713,64514,Timeline2,Tobii I-VT (Fixation),1.145.28180,1080,1920,"10,00",694190279.0,,,744.0,571.0,,,744.0,571.0,,,,"-0,16680","0,10761","-0,98010",,"4,45",Invalid,Valid,,,,"292,1","99,5","517,3",,,"204,0","156,3","0,3269","0,5287",,,"0,3269","0,5287",thumbnail_grossTrial,thumbnail_grossTrial.png,1245.0,1080.0,337.0,0.0,798.0,692.0,Fixation,492.0,60.0,738.0,570.0,"0,3214","0,5274",,
26670,26334868,1400465606155,Eye Tracker,Participant0058,17.09.2021,Participant0058,Recording4,17.09.2021,17.09.2021,14:48:45.713,12:48:45.713,64514,Timeline2,Tobii I-VT (Fixation),1.145.28180,1080,1920,"10,00",694198561.0,,,732.0,572.0,725.0,571.0,738.0,573.0,"-0,06573","0,10782","-0,99200","-0,17032","0,10827","-0,97942",,,Valid,Valid,"233,1","99,9","518,1","292,1","99,5","517,2","198,8","156,2","202,2","156,7","0,3165","0,5293","0,3116","0,5285","0,3214","0,5301",thumbnail_grossTrial,thumbnail_grossTrial.png,1245.0,1080.0,337.0,0.0,798.0,692.0,Fixation,492.0,60.0,738.0,570.0,"0,3214","0,5274",,
26671,26343171,1400465614458,Eye Tracker,Participant0058,17.09.2021,Participant0058,Recording4,17.09.2021,17.09.2021,14:48:45.713,12:48:45.713,64514,Timeline2,Tobii I-VT (Fixation),1.145.28180,1080,1920,"10,00",694206863.0,,,734.0,567.0,726.0,562.0,741.0,572.0,"-0,06510","0,10331","-0,99252","-0,16834","0,10827","-0,97977",,,Valid,Valid,"233,1","99,9","518,1","292,0","99,5","517,2","199,1","153,8","203,2","156,6","0,3184","0,5252","0,3125","0,5204","0,3244","0,5299",thumbnail_grossTrial,thumbnail_grossTrial.png,1245.0,1080.0,337.0,0.0,798.0,692.0,Fixation,492.0,60.0,738.0,570.0,"0,3214","0,5274",,
26672,26351523,1400465622810,Eye Tracker,Participant0058,17.09.2021,Participant0058,Recording4,17.09.2021,17.09.2021,14:48:45.713,12:48:45.713,64514,Timeline2,Tobii I-VT (Fixation),1.145.28180,1080,1920,"10,00",694215215.0,,,741.0,573.0,,,741.0,573.0,,,,"-0,16871","0,10859","-0,97967",,"4,46",Invalid,Valid,,,,"292,1","99,5","517,3",,,"203,0","156,8","0,3239","0,5305",,,"0,3239","0,5305",thumbnail_grossTrial,thumbnail_grossTrial.png,1245.0,1080.0,337.0,0.0,798.0,692.0,Fixation,492.0,60.0,738.0,570.0,"0,3214","0,5274",,
26673,26359855,1400465631142,Eye Tracker,Participant0058,17.09.2021,Participant0058,Recording4,17.09.2021,17.09.2021,14:48:45.713,12:48:45.713,64514,Timeline2,Tobii I-VT (Fixation),1.145.28180,1080,1920,"10,00",694223547.0,,,733.0,566.0,723.0,562.0,742.0,570.0,"-0,06719","0,10308","-0,99240","-0,16792","0,10707","-0,97997",,,Valid,Valid,"233,2","99,9","518,0","292,1","99,5","517,2","198,1","153,7","203,5","156,0","0,3174","0,5239","0,3095","0,5200","0,3253","0,5278",thumbnail_grossTrial,thumbnail_grossTrial.png,1245.0,1080.0,337.0,0.0,798.0,692.0,Fixation,492.0,60.0,738.0,570.0,"0,3214","0,5274",,
26674,26368187,1400465639474,Eye Tracker,Participant0058,17.09.2021,Participant0058,Recording4,17.09.2021,17.09.2021,14:48:45.713,12:48:45.713,64514,Timeline2,Tobii I-VT (Fixation),1.145.28180,1080,1920,"10,00",694231879.0,,,732.0,572.0,721.0,578.0,743.0,566.0,"-0,06796","0,11152","-0,99144","-0,16763","0,10505","-0,98024",,,Valid,Valid,"233,1","99,9","518,0","292,0","99,5","517,2","197,6","158,1","203,6","154,9","0,3168","0,5296","0,3080","0,5350","0,3256","0,5241",thumbnail_grossTrial,thumbnail_grossTrial.png,1245.0,1080.0,337.0,0.0,798.0,692.0,Fixation,492.0,60.0,738.0,570.0,"0,3214","0,5274",,
26675,26376523,1400465647810,Eye Tracker,Participant0058,17.09.2021,Participant0058,Recording4,17.09.2021,17.09.2021,14:48:45.713,12:48:45.713,64514,Timeline2,Tobii I-VT (Fixation),1.145.28180,1080,1920,"10,00",694240214.0,,,741.0,567.0,,,741.0,567.0,,,,"-0,16835","0,10572","-0,98004",,"4,45",Invalid,Valid,,,,"292,1","99,5","517,3",,,"203,2","155,3","0,3245","0,5253",,,"0,3245","0,5253",thumbnail_grossTrial,thumbnail_grossTrial.png,1245.0,1080.0,337.0,0.0,798.0,692.0,Fixation,492.0,60.0,738.0,570.0,"0,3214","0,5274",,
26676,26384835,1400465656122,Eye Tracker,Participant0058,17.09.2021,Participant0058,Recording4,17.09.2021,17.09.2021,14:48:45.713,12:48:45.713,64514,Timeline2,Tobii I-VT (Fixation),1.145.28180,1080,1920,"10,00",694248526.0,,,736.0,577.0,730.0,586.0,741.0,568.0,"-0,06307","0,11575","-0,99127","-0,16871","0,10586","-0,97996",,,Valid,Valid,"233,2","99,9","518,0","292,1","99,5","517,2","200,2","160,4","203,1","155,4","0,3199","0,5342","0,3157","0,5426","0,3241","0,5257",thumbnail_grossTrial,thumbnail_grossTrial.png,1245.0,1080.0,337.0,0.0,798.0,692.0,Fixation,492.0,60.0,738.0,570.0,"0,3214","0,5274",,
26677,26393177,1400465664464,Eye Tracker,Participant0058,17.09.2021,Participant0058,Recording4,17.09.2021,17.09.2021,14:48:45.713,12:48:45.713,64514,Timeline2,Tobii I-VT (Fixation),1.145.28180,1080,1920,"10,00",694256868.0,,,736.0,574.0,730.0,579.0,741.0,569.0,"-0,06310","0,11218","-0,99168","-0,16861","0,10659","-0,97990",,,Valid,Valid,"233,1","99,9","518,0","292,0","99,5","517,2","200,1","158,5","203,1","155,7","0,3198","0,5316","0,3154","0,5362","0,3241","0,5269",thumbnail_grossTrial,thumbnail_grossTrial.png,1245.0,1080.0,337.0,0.0,798.0,692.0,Fixation,492.0,60.0,738.0,570.0,"0,3214","0,5274",,
26678,26401592,1400465672879,Eye Tracker,Participant0058,17.09.2021,Participant0058,Recording4,17.09.2021,17.09.2021,14:48:45.713,12:48:45.713,64514,Timeline2,Tobii I-VT (Fixation),1.145.28180,1080,1920,"10,00",694265283.0,,,737.0,567.0,,,737.0,567.0,,,,"-0,17086","0,10561","-0,97962",,"5,03",Invalid,Valid,,,,"292,1","99,5","517,2",,,"201,9","155,3","0,3206","0,5253",,,"0,3206","0,5253",thumbnail_grossTrial,thumbnail_grossTrial.png,1245.0,1080.0,337.0,0.0,798.0,692.0,Fixation,492.0,60.0,738.0,570.0,"0,3214","0,5274",,
26679,26409863,1400465681150,Eye Tracker,Participant0058,17.09.2021,Participant0058,Recording4,17.09.2021,17.09.2021,14:48:45.713,12:48:45.713,64514,Timeline2,Tobii I-VT (Fixation),1.145.28180,1080,1920,"10,00",694273553.0,,,733.0,571.0,730.0,574.0,736.0,569.0,"-0,06319","0,10923","-0,99201","-0,17126","0,10656","-0,97945",,,Valid,Valid,"233,2","99,9","518,0","292,1","99,5","517,1","200,2","157,0","201,7","155,8","0,3178","0,5291","0,3156","0,5311","0,3201","0,5271",thumbnail_grossTrial,thumbnail_grossTrial.png,1245.0,1080.0,337.0,0.0,798.0,692.0,Fixation,492.0,60.0,738.0,570.0,"0,3214","0,5274",,
26680,26418184,1400465689471,Eye Tracker,Participant0058,17.09.2021,Participant0058,Recording4,17.09.2021,17.09.2021,14:48:45.713,12:48:45.713,64514,Timeline2,Tobii I-VT (Fixation),1.145.28180,1080,1920,"10,00",694281874.0,,,732.0,569.0,728.0,568.0,736.0,570.0,"-0,06426","0,10659","-0,99222","-0,17128","0,10706","-0,97939",,,Valid,Valid,"233,1","99,9","517,9","292,1","99,5","517,1","199,5","155,6","201,6","156,0","0,3168","0,5272","0,3138","0,5264","0,3199","0,5280",thumbnail_grossTrial,thumbnail_grossTrial.png,1245.0,1080.0,337.0,0.0,798.0,692.0,Fixation,492.0,60.0,738.0,570.0,"0,3214","0,5274",,
26681,26426571,1400465697858,Eye Tracker,Participant0058,17.09.2021,Participant0058,Recording4,17.09.2021,17.09.2021,14:48:45.713,12:48:45.713,64514,Timeline2,Tobii I-VT (Fixation),1.145.28180,1080,1920,"10,00",694290261.0,,,737.0,570.0,,,737.0,570.0,,,,"-0,17041","0,10711","-0,97953",,"4,91",Invalid,Valid,,,,"292,1","99,5","517,1",,,"202,1","156,1","0,3213","0,5281",,,"0,3213","0,5281",thumbnail_grossTrial,thumbnail_grossTrial.png,1245.0,1080.0,337.0,0.0,798.0,692.0,Fixation,492.0,60.0,738.0,570.0,"0,3214","0,5274",,
26682,26434831,1400465706118,Eye Tracker,Participant0058,17.09.2021,Participant0058,Recording4,17.09.2021,17.09.2021,14:48:45.713,12:48:45.713,64514,Timeline2,Tobii I-VT (Fixation),1.145.28180,1080,1920,"10,00",694298520.0,,,732.0,570.0,727.0,572.0,738.0,567.0,"-0,06493","0,10823","-0,99200","-0,17048","0,10553","-0,97969",,,Valid,Valid,"233,2","100,0","517,9","292,1","99,6","517,1","199,3","156,5","202,1","155,3","0,3172","0,5275","0,3130","0,5295","0,3214","0,5254",thumbnail_grossTrial,thumbnail_grossTrial.png,1245.0,1080.0,337.0,0.0,798.0,692.0,Fixation,492.0,60.0,738.0,570.0,"0,3214","0,5274",,
26683,26443164,1400465714451,Eye Tracker,Participant0058,17.09.2021,Participant0058,Recording4,17.09.2021,17.09.2021,14:48:45.713,12:48:45.713,64514,Timeline2,Tobii I-VT (Fixation),1.145.28180,1080,1920,"10,00",694306853.0,,,738.0,573.0,733.0,579.0,742.0,567.0,"-0,06151","0,11218","-0,99178","-0,16799","0,10554","-0,98012",,,Valid,Valid,"233,1","100,0","517,8","292,0","99,6","517,0","201,0","158,6","203,4","155,3","0,3215","0,5309","0,3180","0,5366","0,3251","0,5253",thumbnail_grossTrial,thumbnail_grossTrial.png,1245.0,1080.0,337.0,0.0,798.0,692.0,Fixation,492.0,60.0,738.0,570.0,"0,3214","0,5274",,
26684,26451516,1400465722803,Eye Tracker,Participant0058,17.09.2021,Participant0058,Recording4,17.09.2021,17.09.2021,14:48:45.713,12:48:45.713,64514,Timeline2,Tobii I-VT (Fixation),1.145.28180,1080,1920,"10,00",694315205.0,,,740.0,568.0,,,740.0,568.0,,,,"-0,16929","0,10604","-0,97985",,"5,02",Invalid,Valid,,,,"292,1","99,6","517,0",,,"202,7","155,6","0,3231","0,5263",,,"0,3231","0,5263",thumbnail_grossTrial,thumbnail_grossTrial.png,1245.0,1080.0,337.0,0.0,798.0,692.0,Fixation,492.0,60.0,738.0,570.0,"0,3214","0,5274",,
26685,26459845,1400465731132,Eye Tracker,Participant0058,17.09.2021,Participant0058,Recording4,17.09.2021,17.09.2021,14:48:45.713,12:48:45.713,64514,Timeline2,Tobii I-VT (Fixation),1.145.28180,1080,1920,"10,00",694323534.0,,,739.0,579.0,737.0,580.0,742.0,578.0,"-0,05992","0,11257","-0,99184","-0,16820","0,11068","-0,97952",,,Valid,Valid,"233,1","100,1","517,7","292,1","99,7","516,9","201,9","158,8","203,3","158,1","0,3227","0,5361","0,3206","0,5374","0,3248","0,5348",thumbnail_grossTrial,thumbnail_grossTrial.png,1245.0,1080.0,337.0,0.0,798.0,692.0,Fixation,492.0,60.0,738.0,570.0,"0,3214","0,5274",,
26686,26468177,1400465739464,Eye Tracker,Participant0058,17.09.2021,Participant0058,Recording4,17.09.2021,17.09.2021,14:48:45.713,12:48:45.713,64514,Timeline2,Tobii I-VT (Fixation),1.145.28180,1080,1920,"10,00",694331865.0,,,739.0,578.0,739.0,578.0,739.0,578.0,"-0,05834","0,11131","-0,99207","-0,16948","0,11069","-0,97930",,,Valid,Valid,"233,1","100,1","517,6","292,0","99,7","516,9","202,6","158,2","202,5","158,1","0,3227","0,5350","0,3228","0,5352","0,3226","0,5349",thumbnail_grossTrial,thumbnail_grossTrial.png,1245.0,1080.0,337.0,0.0,798.0,692.0,Fixation,492.0,60.0,738.0,570.0,"0,3214","0,5274",,
26687,26476561,1400465747848,Eye Tracker,Participant0058,17.09.2021,Participant0058,Recording4,17.09.2021,17.09.2021,14:48:45.713,12:48:45.713,64514,Timeline2,Tobii I-VT (Fixation),1.145.28180,1080,1920,"10,00",694340249.0,,,,,,,,,,,,,,,,,Invalid,Invalid,,,,,,,,,,,,,,,,,thumbnail_grossTrial,thumbnail_grossTrial.png,1245.0,1080.0,337.0,0.0,798.0,692.0,Fixation,492.0,60.0,738.0,570.0,"0,3214","0,5274",,
26688,26484827,1400465756114,Eye Tracker,Participant0058,17.09.2021,Participant0058,Recording4,17.09.2021,17.09.2021,14:48:45.713,12:48:45.713,64514,Timeline2,Tobii I-VT (Fixation),1.145.28180,1080,1920,"10,00",694348515.0,,,740.0,575.0,740.0,573.0,740.0,576.0,"-0,05834","0,10848","-0,99239","-0,16922","0,10997","-0,97942",,,Valid,Valid,"233,1","100,2","517,5","292,0","99,7","516,8","202,7","156,7","202,8","157,7","0,3231","0,5320","0,3231","0,5303","0,3232","0,5336",thumbnail_grossTrial,thumbnail_grossTrial.png,1245.0,1080.0,337.0,0.0,798.0,692.0,Fixation,492.0,60.0,738.0,570.0,"0,3214","0,5274",,
26689,26493151,1400465764438,Eye Tracker,Participant0058,17.09.2021,Participant0058,Recording4,17.09.2021,17.09.2021,14:48:45.713,12:48:45.713,64514,Timeline2,Tobii I-VT (Fixation),1.145.28180,1080,1920,"10,00",694356839.0,,,736.0,576.0,731.0,578.0,742.0,573.0,"-0,06270","0,11134","-0,99180","-0,16829","0,10855","-0,97974",,,Valid,Valid,"233,1","100,2","517,4","292,0","99,7","516,8","200,4","158,2","203,2","156,9","0,3204","0,5332","0,3162","0,5354","0,3246","0,5310",thumbnail_grossTrial,thumbnail_grossTrial.png,1245.0,1080.0,337.0,0.0,798.0,692.0,Fixation,492.0,60.0,738.0,570.0,"0,3214","0,5274",,
26690,26501521,1400465772808,Eye Tracker,Participant0058,17.09.2021,Participant0058,Recording4,17.09.2021,17.09.2021,14:48:45.713,12:48:45.713,64514,Timeline2,Tobii I-VT (Fixation),1.145.28180,1080,1920,"10,00",694365208.0,,,743.0,576.0,,,743.0,576.0,,,,"-0,16736","0,10974","-0,97977",,"5,02",Invalid,Valid,,,,"292,0","99,7","516,8",,,"203,8","157,5","0,3261","0,5330",,,"0,3261","0,5330",thumbnail_grossTrial,thumbnail_grossTrial.png,1245.0,1080.0,337.0,0.0,798.0,692.0,Fixation,492.0,60.0,738.0,570.0,"0,3214","0,5274",,
26691,26509848,1400465781135,Eye Tracker,Participant0058,17.09.2021,Participant0058,Recording4,17.09.2021,17.09.2021,14:48:45.713,12:48:45.713,64514,Timeline2,Tobii I-VT (Fixation),1.145.28180,1080,1920,"10,00",694373535.0,,,737.0,573.0,730.0,574.0,743.0,573.0,"-0,06356","0,10910","-0,99200","-0,16748","0,10831","-0,97991",,,Valid,Valid,"233,2","100,2","517,3","292,1","99,6","516,7","200,0","157,1","203,8","156,8","0,3207","0,5309","0,3152","0,5314","0,3261","0,5304",thumbnail_grossTrial,thumbnail_grossTrial.png,1245.0,1080.0,337.0,0.0,798.0,692.0,Fixation,492.0,60.0,738.0,570.0,"0,3214","0,5274",,
26692,26518223,1400465789510,Eye Tracker,Participant0058,17.09.2021,Participant0058,Recording4,17.09.2021,17.09.2021,14:48:45.713,12:48:45.713,64514,Timeline2,Tobii I-VT (Fixation),1.145.28180,1080,1920,"10,00",694381910.0,,,738.0,566.0,732.0,563.0,745.0,570.0,"-0,06241","0,10335","-0,99269","-0,16667","0,10699","-0,98019",,,Valid,Valid,"233,1","100,1","517,2","292,0","99,6","516,7","200,6","153,9","204,2","156,0","0,3221","0,5243","0,3169","0,5208","0,3274","0,5277",thumbnail_grossTrial,thumbnail_grossTrial.png,1245.0,1080.0,337.0,0.0,798.0,692.0,Fixation,492.0,60.0,738.0,570.0,"0,3214","0,5274",,
26693,26526520,1400465797807,Eye Tracker,Participant0058,17.09.2021,Participant0058,Recording4,17.09.2021,17.09.2021,14:48:45.713,12:48:45.713,64514,Timeline2,Tobii I-VT (Fixation),1.145.28180,1080,1920,"10,00",694390206.0,,,741.0,566.0,737.0,566.0,745.0,565.0,"-0,05990","0,10515","-0,99265","-0,16695","0,10477","-0,98038","4,96","5,05",Valid,Valid,"233,1","100,0","517,2","292,1","99,5","516,7","201,9","154,8","204,1","154,7","0,3239","0,5236","0,3208","0,5238","0,3271","0,5235",thumbnail_grossTrial,thumbnail_grossTrial.png,1245.0,1080.0,337.0,0.0,798.0,692.0,Fixation,492.0,60.0,738.0,570.0,"0,3214","0,5274",,
26694,26534810,1400465806097,Eye Tracker,Participant0058,17.09.2021,Participant0058,Recording4,17.09.2021,17.09.2021,14:48:45.713,12:48:45.713,64514,Timeline2,Tobii I-VT (Fixation),1.145.28180,1080,1920,"10,00",694398496.0,,,737.0,567.0,732.0,566.0,743.0,567.0,"-0,06253","0,10541","-0,99246","-0,16788","0,10578","-0,98011",,,Valid,Valid,"233,2","100,0","517,1","292,1","99,5","516,6","200,6","154,9","203,6","155,2","0,3213","0,5246","0,3169","0,5241","0,3257","0,5251",thumbnail_grossTrial,thumbnail_grossTrial.png,1245.0,1080.0,337.0,0.0,798.0,692.0,Fixation,492.0,60.0,738.0,570.0,"0,3214","0,5274",,
26695,26543174,1400465814461,Eye Tracker,Participant0058,17.09.2021,Participant0058,Recording4,17.09.2021,17.09.2021,14:48:45.713,12:48:45.713,64514,Timeline2,Tobii I-VT (Fixation),1.145.28180,1080,1920,"10,00",694406860.0,,,737.0,567.0,733.0,565.0,742.0,569.0,"-0,06208","0,10513","-0,99252","-0,16807","0,10681","-0,97997",,,Valid,Valid,"233,1","99,9","517,1","292,1","99,4","516,6","200,8","154,7","203,5","155,7","0,3213","0,5250","0,3174","0,5233","0,3252","0,5267",thumbnail_grossTrial,thumbnail_grossTrial.png,1245.0,1080.0,337.0,0.0,798.0,692.0,Fixation,492.0,60.0,738.0,570.0,"0,3214","0,5274",,
26696,26551484,1400465822771,Eye Tracker,Participant0058,17.09.2021,Participant0058,Recording4,17.09.2021,17.09.2021,14:48:45.713,12:48:45.713,64514,Timeline2,Tobii I-VT (Fixation),1.145.28180,1080,1920,"10,00",694415170.0,,,743.0,573.0,,,743.0,573.0,,,,"-0,16792","0,10912","-0,97974",,"5,07",Invalid,Valid,,,,"292,1","99,3","516,6",,,"203,5","156,8","0,3255","0,5307",,,"0,3255","0,5307",thumbnail_grossTrial,thumbnail_grossTrial.png,1245.0,1080.0,337.0,0.0,798.0,692.0,Fixation,492.0,60.0,738.0,570.0,"0,3214","0,5274",,
26697,26559839,1400465831126,Eye Tracker,Participant0058,17.09.2021,Participant0058,Recording4,17.09.2021,17.09.2021,14:48:45.713,12:48:45.713,64514,Timeline2,Tobii I-VT (Fixation),1.145.28180,1080,1920,"10,00",694423524.0,,,738.0,572.0,733.0,571.0,743.0,572.0,"-0,06210","0,10812","-0,99220","-0,16775","0,10880","-0,97981",,,Valid,Valid,"233,2","99,8","516,9","292,1","99,3","516,5","200,8","156,2","203,7","156,6","0,3217","0,5292","0,3175","0,5284","0,3258","0,5299",thumbnail_grossTrial,thumbnail_grossTrial.png,1245.0,1080.0,337.0,0.0,798.0,692.0,Fixation,492.0,60.0,738.0,570.0,"0,3214","0,5274",,
26698,26568173,1400465839460,Eye Tracker,Participant0058,17.09.2021,Participant0058,Recording4,17.09.2021,17.09.2021,14:48:45.713,12:48:45.713,64514,Timeline2,Tobii I-VT (Fixation),1.145.28180,1080,1920,"10,00",694431858.0,,,747.0,573.0,753.0,573.0,741.0,572.0,"-0,05142","0,10971","-0,99263","-0,16874","0,10870","-0,97965",,,Valid,Valid,"233,1","99,8","516,9","292,0","99,2","516,5","206,3","156,9","203,1","156,5","0,3288","0,5302","0,3336","0,5309","0,3241","0,5296",thumbnail_grossTrial,thumbnail_grossTrial.png,1245.0,1080.0,337.0,0.0,798.0,692.0,Fixation,492.0,60.0,738.0,570.0,"0,3214","0,5274",,
26699,26576581,1400465847868,Eye Tracker,Participant0058,17.09.2021,Participant0058,Recording4,17.09.2021,17.09.2021,14:48:45.713,12:48:45.713,64514,Timeline2,Tobii I-VT (Fixation),1.145.28180,1080,1920,"10,00",694440266.0,,,741.0,567.0,,,741.0,567.0,,,,"-0,16871","0,10607","-0,97994",,"5,08",Invalid,Valid,,,,"292,0","99,2","516,5",,,"203,1","155,1","0,3242","0,5247",,,"0,3242","0,5247",thumbnail_grossTrial,thumbnail_grossTrial.png,1245.0,1080.0,337.0,0.0,798.0,692.0,Fixation,492.0,60.0,738.0,570.0,"0,3214","0,5274",,
26700,26584836,1400465856123,Eye Tracker,Participant0058,17.09.2021,Participant0058,Recording4,17.09.2021,17.09.2021,14:48:45.713,12:48:45.713,64514,Timeline2,Tobii I-VT (Fixation),1.145.28180,1080,1920,"10,00",694448521.0,,,750.0,570.0,759.0,575.0,741.0,565.0,"-0,04831","0,11052","-0,99270","-0,16868","0,10527","-0,98003",,,Valid,Valid,"233,2","99,7","516,9","292,0","99,2","516,4","208,0","157,3","203,2","154,6","0,3315","0,5277","0,3386","0,5322","0,3244","0,5232",thumbnail_grossTrial,thumbnail_grossTrial.png,1245.0,1080.0,337.0,0.0,798.0,692.0,Fixation,492.0,60.0,738.0,570.0,"0,3214","0,5274",,
26701,26593140,1400465864427,Eye Tracker,Participant0058,17.09.2021,Participant0058,Recording4,17.09.2021,17.09.2021,14:48:45.713,12:48:45.713,64514,Timeline2,Tobii I-VT (Fixation),1.145.28180,1080,1920,"10,00",694456824.0,,,733.0,576.0,725.0,584.0,741.0,569.0,"-0,06566","0,11508","-0,99118","-0,16887","0,10747","-0,97976",,,Valid,Valid,"233,1","99,7","516,9","292,0","99,1","516,5","198,8","159,7","203,0","155,8","0,3178","0,5337","0,3117","0,5404","0,3239","0,5270",thumbnail_grossTrial,thumbnail_grossTrial.png,1245.0,1080.0,337.0,0.0,798.0,692.0,Fixation,492.0,60.0,738.0,570.0,"0,3214","0,5274",,
26702,26601582,1400465872869,Eye Tracker,Participant0058,17.09.2021,Participant0058,Recording4,17.09.2021,17.09.2021,14:48:45.713,12:48:45.713,64514,Timeline2,Tobii I-VT (Fixation),1.145.28180,1080,1920,"10,00",694465266.0,,,741.0,570.0,,,741.0,570.0,,,,"-0,16884","0,10771","-0,97974",,"4,97",Invalid,Valid,,,,"292,0","99,1","516,5",,,"203,0","155,9","0,3240","0,5275",,,"0,3240","0,5275",thumbnail_grossTrial,thumbnail_grossTrial.png,1245.0,1080.0,337.0,0.0,798.0,692.0,Fixation,492.0,60.0,738.0,570.0,"0,3214","0,5274",,
26703,26609844,1400465881131,Eye Tracker,Participant0058,17.09.2021,Participant0058,Recording4,17.09.2021,17.09.2021,14:48:45.713,12:48:45.713,64514,Timeline2,Tobii I-VT (Fixation),1.145.28180,1080,1920,"10,00",694473528.0,,,733.0,578.0,722.0,584.0,744.0,573.0,"-0,06793","0,11508","-0,99103","-0,16738","0,10926","-0,97982",,,Valid,Valid,"233,2","99,7","517,0","292,0","99,1","516,4","197,7","159,8","203,8","156,7","0,3174","0,5354","0,3085","0,5405","0,3263","0,5303",thumbnail_grossTrial,thumbnail_grossTrial.png,1245.0,1080.0,337.0,0.0,798.0,692.0,Fixation,492.0,60.0,738.0,570.0,"0,3214","0,5274",,
26704,26618204,1400465889491,Eye Tracker,Participant0058,17.09.2021,Participant0058,Recording4,17.09.2021,17.09.2021,14:48:45.713,12:48:45.713,64514,Timeline2,Tobii I-VT (Fixation),1.145.28180,1080,1920,"10,00",694481887.0,,,734.0,571.0,723.0,575.0,745.0,566.0,"-0,06693","0,11077","-0,99159","-0,16690","0,10568","-0,98029",,,Valid,Valid,"233,1","99,7","517,0","292,0","99,1","516,5","198,2","157,5","204,1","154,8","0,3185","0,5283","0,3098","0,5328","0,3271","0,5238",thumbnail_grossTrial,thumbnail_grossTrial.png,1245.0,1080.0,337.0,0.0,798.0,692.0,Fixation,492.0,60.0,738.0,570.0,"0,3214","0,5274",,
26705,26626476,1400465897763,Eye Tracker,Participant0058,17.09.2021,Participant0058,Recording4,17.09.2021,17.09.2021,14:48:45.713,12:48:45.713,64514,Timeline2,Tobii I-VT (Fixation),1.145.28180,1080,1920,"10,00",694490159.0,,,742.0,567.0,,,742.0,567.0,,,,"-0,16828","0,10642","-0,97998",,"5,11",Invalid,Valid,,,,"292,0","99,1","516,6",,,"203,3","155,2","0,3249","0,5252",,,"0,3249","0,5252",thumbnail_grossTrial,thumbnail_grossTrial.png,1245.0,1080.0,337.0,0.0,798.0,692.0,Fixation,492.0,60.0,738.0,570.0,"0,3214","0,5274",,
26706,26634836,1400465906123,Eye Tracker,Participant0058,17.09.2021,Participant0058,Recording4,17.09.2021,17.09.2021,14:48:45.713,12:48:45.713,64514,Timeline2,Tobii I-VT (Fixation),1.145.28180,1080,1920,"10,00",694498519.0,,,751.0,564.0,762.0,569.0,739.0,559.0,"-0,04670","0,10771","-0,99309","-0,16990","0,10229","-0,98014",,,Valid,Valid,"233,2","99,7","517,0","292,1","99,2","516,5","208,9","155,8","202,5","153,1","0,3318","0,5225","0,3411","0,5271","0,3226","0,5180",thumbnail_grossTrial,thumbnail_grossTrial.png,1245.0,1080.0,337.0,0.0,798.0,692.0,Fixation,492.0,60.0,738.0,570.0,"0,3214","0,5274",,
26707,26643134,1400465914421,Eye Tracker,Participant0058,17.09.2021,Participant0058,Recording4,17.09.2021,17.09.2021,14:48:45.713,12:48:45.713,64514,Timeline2,Tobii I-VT (Fixation),1.145.28180,1080,1920,"10,00",694506817.0,,,726.0,558.0,714.0,551.0,738.0,565.0,"-0,07175","0,09806","-0,99259","-0,17038","0,10501","-0,97977",,,Valid,Valid,"233,1","99,7","517,1","292,0","99,2","516,6","195,7","150,8","202,2","154,5","0,3121","0,5165","0,3026","0,5103","0,3215","0,5228",thumbnail_grossTrial,thumbnail_grossTrial.png,1245.0,1080.0,337.0,0.0,798.0,692.0,Fixation,492.0,60.0,738.0,570.0,"0,3214","0,5274",,
26708,26651471,1400465922758,Eye Tracker,Participant0058,17.09.2021,Participant0058,Recording4,17.09.2021,17.09.2021,14:48:45.713,12:48:45.713,64514,Timeline2,Tobii I-VT (Fixation),1.145.28180,1080,1920,"10,00",694515153.0,,,737.0,558.0,,,737.0,558.0,,,,"-0,17099","0,10180","-0,98000",,"5,14",Invalid,Valid,,,,"292,1","99,2","516,7",,,"201,9","152,8","0,3207","0,5171",,,"0,3207","0,5171",thumbnail_grossTrial,thumbnail_grossTrial.png,1245.0,1080.0,337.0,0.0,798.0,692.0,Fixation,492.0,60.0,738.0,570.0,"0,3214","0,5274",,
26709,26659815,1400465931102,Eye Tracker,Participant0058,17.09.2021,Participant0058,Recording4,17.09.2021,17.09.2021,14:48:45.713,12:48:45.713,64514,Timeline2,Tobii I-VT (Fixation),1.145.28180,1080,1920,"10,00",694523497.0,,,731.0,565.0,724.0,565.0,738.0,566.0,"-0,06674","0,10525","-0,99220","-0,17044","0,10540","-0,97971",,,Valid,Valid,"233,2","99,8","517,1","292,1","99,2","516,7","198,4","154,6","202,2","154,8","0,3159","0,5234","0,3103","0,5232","0,3215","0,5237",thumbnail_grossTrial,thumbnail_grossTrial.png,1245.0,1080.0,337.0,0.0,798.0,692.0,Fixation,492.0,60.0,738.0,570.0,"0,3214","0,5274",,
26710,26668149,1400465939436,Eye Tracker,Participant0058,17.09.2021,Participant0058,Recording4,17.09.2021,17.09.2021,14:48:45.713,12:48:45.713,64514,Timeline2,Tobii I-VT (Fixation),1.145.28180,1080,1920,"10,00",694531831.0,,,734.0,567.0,727.0,570.0,741.0,563.0,"-0,06490","0,10805","-0,99202","-0,16887","0,10419","-0,98012",,,Valid,Valid,"233,1","99,8","517,1","292,0","99,2","516,8","199,3","156,1","203,0","154,1","0,3184","0,5248","0,3129","0,5281","0,3239","0,5214",thumbnail_grossTrial,thumbnail_grossTrial.png,1245.0,1080.0,337.0,0.0,798.0,692.0,Fixation,492.0,60.0,738.0,570.0,"0,3214","0,5274",,
26711,26676470,1400465947757,Eye Tracker,Participant0058,17.09.2021,Participant0058,Recording4,17.09.2021,17.09.2021,14:48:45.713,12:48:45.713,64514,Timeline2,Tobii I-VT (Fixation),1.145.28180,1080,1920,"10,00",694540152.0,,,,,,,,,,,,,,,,,Invalid,Invalid,,,,,,,,,,,,,,,,,thumbnail_grossTrial,thumbnail_grossTrial.png,1245.0,1080.0,337.0,0.0,798.0,692.0,Fixation,492.0,60.0,738.0,570.0,"0,3214","0,5274",,
26712,26684840,1400465956127,Eye Tracker,Participant0058,17.09.2021,Participant0058,Recording4,17.09.2021,17.09.2021,14:48:45.713,12:48:45.713,64514,Timeline2,Tobii I-VT (Fixation),1.145.28180,1080,1920,"10,00",694548521.0,,,730.0,567.0,721.0,573.0,739.0,560.0,"-0,06806","0,10949","-0,99166","-0,16990","0,10252","-0,98011",,,Valid,Valid,"233,2","99,8","517,0","292,1","99,2","516,8","197,7","156,9","202,5","153,2","0,3154","0,5247","0,3083","0,5309","0,3225","0,5184",thumbnail_grossTrial,thumbnail_grossTrial.png,1245.0,1080.0,337.0,0.0,798.0,692.0,Fixation,492.0,60.0,738.0,570.0,"0,3214","0,5274",,
26713,26693167,1400465964454,Eye Tracker,Participant0058,17.09.2021,Participant0058,Recording4,17.09.2021,17.09.2021,14:48:45.713,12:48:45.713,64514,Timeline2,Tobii I-VT (Fixation),1.145.28180,1080,1920,"10,00",694556848.0,,,732.0,574.0,726.0,584.0,737.0,564.0,"-0,06523","0,11478","-0,99125","-0,17081","0,10482","-0,97971",,,Valid,Valid,"233,1","99,9","516,9","292,0","99,1","516,9","199,1","159,7","201,9","154,4","0,3166","0,5315","0,3124","0,5404","0,3208","0,5225",thumbnail_grossTrial,thumbnail_grossTrial.png,1245.0,1080.0,337.0,0.0,798.0,692.0,Fixation,492.0,60.0,738.0,570.0,"0,3214","0,5274",,
26714,26701498,1400465972785,Eye Tracker,Participant0058,17.09.2021,Participant0058,Recording4,17.09.2021,17.09.2021,14:48:45.713,12:48:45.713,64514,Timeline2,Tobii I-VT (Fixation),1.145.28180,1080,1920,"10,00",694565179.0,,,741.0,567.0,,,741.0,567.0,,,,"-0,16896","0,10599","-0,97991",,"5,04",Invalid,Valid,,,,"292,1","99,1","517,0",,,"203,0","155,1","0,3238","0,5246",,,"0,3238","0,5246",thumbnail_grossTrial,thumbnail_grossTrial.png,1245.0,1080.0,337.0,0.0,798.0,692.0,Fixation,492.0,60.0,738.0,570.0,"0,3214","0,5274",,
26715,26709825,1400465981112,Eye Tracker,Participant0058,17.09.2021,Participant0058,Recording4,17.09.2021,17.09.2021,14:48:45.713,12:48:45.713,64514,Timeline2,Tobii I-VT (Fixation),1.145.28180,1080,1920,"10,00",694573505.0,,,739.0,573.0,736.0,581.0,742.0,565.0,"-0,06026","0,11316","-0,99175","-0,16841","0,10503","-0,98010",,,Valid,Valid,"233,2","100,0","516,8","292,2","99,2","517,0","201,8","158,9","203,3","154,6","0,3226","0,5303","0,3204","0,5377","0,3249","0,5229",thumbnail_grossTrial,thumbnail_grossTrial.png,1245.0,1080.0,337.0,0.0,798.0,692.0,Fixation,492.0,60.0,738.0,570.0,"0,3214","0,5274",,
26716,26718157,1400465989444,Eye Tracker,Participant0058,17.09.2021,Participant0058,Recording4,17.09.2021,17.09.2021,14:48:45.713,12:48:45.713,64514,Timeline2,Tobii I-VT (Fixation),1.145.28180,1080,1920,"10,00",694581837.0,,,737.0,565.0,730.0,570.0,743.0,561.0,"-0,06338","0,10731","-0,99220","-0,16755","0,10333","-0,98043",,,Valid,Valid,"233,2","100,0","516,7","292,1","99,1","517,0","200,2","155,9","203,8","153,6","0,3209","0,5236","0,3156","0,5274","0,3261","0,5198",thumbnail_grossTrial,thumbnail_grossTrial.png,1245.0,1080.0,337.0,0.0,798.0,692.0,Fixation,492.0,60.0,738.0,570.0,"0,3214","0,5274",,
26717,26726555,1400465997842,Eye Tracker,Participant0058,17.09.2021,Participant0058,Recording4,17.09.2021,17.09.2021,14:48:45.713,12:48:45.713,64514,Timeline2,Tobii I-VT (Fixation),1.145.28180,1080,1920,"10,00",694590235.0,,,,,,,,,,,,,,,,,Invalid,Invalid,,,,,,,,,,,,,,,,,thumbnail_grossTrial,thumbnail_grossTrial.png,1245.0,1080.0,337.0,0.0,798.0,692.0,EyesNotFound,8.0,98.0,,,,,,
26718,26734836,1400466006123,Eye Tracker,Participant0058,17.09.2021,Participant0058,Recording4,17.09.2021,17.09.2021,14:48:45.713,12:48:45.713,64514,Timeline2,Tobii I-VT (Fixation),1.145.28180,1080,1920,"10,00",694598516.0,,,734.0,563.0,724.0,567.0,744.0,559.0,"-0,06696","0,10550","-0,99216","-0,16731","0,10210","-0,98060",,,Valid,Valid,"233,3","100,1","516,5","292,2","99,2","517,0","198,4","155,0","204,0","153,0","0,3186","0,5211","0,3105","0,5246","0,3268","0,5177",thumbnail_grossTrial,thumbnail_grossTrial.png,1245.0,1080.0,337.0,0.0,798.0,692.0,Unclassified,17.0,128.0,,,,,,
26719,26743171,1400466014458,Eye Tracker,Participant0058,17.09.2021,Participant0058,Recording4,17.09.2021,17.09.2021,14:48:45.713,12:48:45.713,64514,Timeline2,Tobii I-VT (Fixation),1.145.28180,1080,1920,"10,00",694606850.0,,,735.0,567.0,723.0,571.0,747.0,563.0,"-0,06727","0,10787","-0,99189","-0,16559","0,10419","-0,98068",,,Valid,Valid,"233,2","100,2","516,3","292,2","99,2","517,0","198,2","156,3","204,9","154,1","0,3196","0,5252","0,3099","0,5289","0,3293","0,5214",thumbnail_grossTrial,thumbnail_grossTrial.png,1245.0,1080.0,337.0,0.0,798.0,692.0,Unclassified,17.0,128.0,,,,,,
26720,26751488,1400466022775,Eye Tracker,Participant0058,17.09.2021,Participant0058,Recording4,17.09.2021,17.09.2021,14:48:45.713,12:48:45.713,64514,Timeline2,Tobii I-VT (Fixation),1.145.28180,1080,1920,"10,00",694615167.0,,,,,,,,,,,,,,,,,Invalid,Invalid,,,,,,,,,,,,,,,,,thumbnail_grossTrial,thumbnail_grossTrial.png,1245.0,1080.0,337.0,0.0,798.0,692.0,EyesNotFound,8.0,99.0,,,,,,
26721,26759823,1400466031110,Eye Tracker,Participant0058,17.09.2021,Participant0058,Recording4,17.09.2021,17.09.2021,14:48:45.713,12:48:45.713,64514,Timeline2,Tobii I-VT (Fixation),1.145.28180,1080,1920,"10,00",694623502.0,,,745.0,566.0,719.0,570.0,771.0,563.0,"-0,06972","0,10700","-0,99181","-0,15355","0,10421","-0,98263",,,Valid,Valid,"233,3","100,3","516,1","292,2","99,2","517,0","197,0","156,0","211,4","154,0","0,3275","0,5245","0,3063","0,5278","0,3486","0,5212",thumbnail_grossTrial,thumbnail_grossTrial.png,1245.0,1080.0,337.0,0.0,798.0,692.0,Unclassified,17.0,129.0,,,,,,
26722,26768126,1400466039413,Eye Tracker,Participant0058,17.09.2021,Participant0058,Recording4,17.09.2021,17.09.2021,14:48:45.713,12:48:45.713,64514,Timeline2,Tobii I-VT (Fixation),1.145.28180,1080,1920,"10,00",694631805.0,,,741.0,565.0,724.0,574.0,757.0,557.0,"-0,06669","0,10891","-0,99181","-0,16073","0,10109","-0,98181",,,Valid,Valid,"233,2","100,3","516,0","292,1","99,2","517,0","198,5","157,0","207,5","152,5","0,3240","0,5235","0,3108","0,5312","0,3371","0,5158",thumbnail_grossTrial,thumbnail_grossTrial.png,1245.0,1080.0,337.0,0.0,798.0,692.0,Unclassified,17.0,129.0,,,,,,
26723,26776495,1400466047782,Eye Tracker,Participant0058,17.09.2021,Participant0058,Recording4,17.09.2021,17.09.2021,14:48:45.713,12:48:45.713,64514,Timeline2,Tobii I-VT (Fixation),1.145.28180,1080,1920,"10,00",694640173.0,,,,,,,,,,,,,,,,,Invalid,Invalid,,,,,,,,,,,,,,,,,thumbnail_grossTrial,thumbnail_grossTrial.png,1245.0,1080.0,337.0,0.0,798.0,692.0,EyesNotFound,8.0,100.0,,,,,,
26724,26784803,1400466056090,Eye Tracker,Participant0058,17.09.2021,Participant0058,Recording4,17.09.2021,17.09.2021,14:48:45.713,12:48:45.713,64514,Timeline2,Tobii I-VT (Fixation),1.145.28180,1080,1920,"10,00",694648481.0,,,744.0,556.0,725.0,566.0,762.0,547.0,"-0,06623","0,10468","-0,99230","-0,15829","0,09555","-0,98276",,,Valid,Valid,"233,2","100,5","515,9","292,1","99,3","516,9","198,8","154,9","208,9","149,6","0,3264","0,5151","0,3116","0,5241","0,3412","0,5061",thumbnail_grossTrial,thumbnail_grossTrial.png,1245.0,1080.0,337.0,0.0,798.0,692.0,Saccade,25.0,97.0,,,,,,
26725,26793138,1400466064425,Eye Tracker,Participant0058,17.09.2021,Participant0058,Recording4,17.09.2021,17.09.2021,14:48:45.713,12:48:45.713,64514,Timeline2,Tobii I-VT (Fixation),1.145.28180,1080,1920,"10,00",694656816.0,,,740.0,558.0,727.0,562.0,754.0,554.0,"-0,06538","0,10281","-0,99255","-0,16240","0,09933","-0,98171",,,Valid,Valid,"233,2","100,5","515,8","292,1","99,3","516,8","199,2","153,9","206,6","151,6","0,3236","0,5169","0,3128","0,5208","0,3344","0,5131",thumbnail_grossTrial,thumbnail_grossTrial.png,1245.0,1080.0,337.0,0.0,798.0,692.0,Saccade,25.0,97.0,,,,,,
26726,26801459,1400466072746,Eye Tracker,Participant0058,17.09.2021,Participant0058,Recording4,17.09.2021,17.09.2021,14:48:45.713,12:48:45.713,64514,Timeline2,Tobii I-VT (Fixation),1.145.28180,1080,1920,"10,00",694665137.0,,,730.0,569.0,,,730.0,569.0,,,,"-0,17440","0,10689","-0,97886",,"5,08",Invalid,Valid,,,,"292,1","99,4","516,9",,,"200,0","155,8","0,3151","0,5272",,,"0,3151","0,5272",thumbnail_grossTrial,thumbnail_grossTrial.png,1245.0,1080.0,337.0,0.0,798.0,692.0,Saccade,25.0,97.0,,,,,,
26727,26809872,1400466081159,Eye Tracker,Participant0058,17.09.2021,Participant0058,Recording4,17.09.2021,17.09.2021,14:48:45.713,12:48:45.713,64514,Timeline2,Tobii I-VT (Fixation),1.145.28180,1080,1920,"10,00",694673549.0,,,730.0,575.0,730.0,580.0,730.0,570.0,"-0,06360","0,11161","-0,99171","-0,17431","0,10727","-0,97883",,,Valid,Valid,"233,2","100,6","515,8","292,1","99,4","516,8","200,1","158,6","200,1","156,1","0,3154","0,5323","0,3155","0,5366","0,3154","0,5280",thumbnail_grossTrial,thumbnail_grossTrial.png,1245.0,1080.0,337.0,0.0,798.0,692.0,Unclassified,42.0,130.0,,,,,,
26728,26818152,1400466089439,Eye Tracker,Participant0058,17.09.2021,Participant0058,Recording4,17.09.2021,17.09.2021,14:48:45.713,12:48:45.713,64514,Timeline2,Tobii I-VT (Fixation),1.145.28180,1080,1920,"10,00",694681829.0,,,741.0,564.0,723.0,576.0,759.0,551.0,"-0,06750","0,10998","-0,99164","-0,15979","0,09741","-0,98233",,,Valid,Valid,"233,2","100,6","515,8","292,1","99,4","516,7","198,1","157,8","208,0","150,7","0,3240","0,5218","0,3094","0,5338","0,3386","0,5098",thumbnail_grossTrial,thumbnail_grossTrial.png,1245.0,1080.0,337.0,0.0,798.0,692.0,Unclassified,42.0,130.0,,,,,,
26729,26826455,1400466097742,Eye Tracker,Participant0058,17.09.2021,Participant0058,Recording4,17.09.2021,17.09.2021,14:48:45.713,12:48:45.713,64514,Timeline2,Tobii I-VT (Fixation),1.145.28180,1080,1920,"10,00",694690132.0,,,759.0,551.0,,,759.0,551.0,,,,"-0,15983","0,09735","-0,98233",,"5,10",Invalid,Valid,,,,"292,1","99,5","516,8",,,"208,0","150,7","0,3386","0,5098",,,"0,3386","0,5098",thumbnail_grossTrial,thumbnail_grossTrial.png,1245.0,1080.0,337.0,0.0,798.0,692.0,Unclassified,42.0,130.0,,,,,,
26730,26834787,1400466106074,Eye Tracker,Participant0058,17.09.2021,Participant0058,Recording4,17.09.2021,17.09.2021,14:48:45.713,12:48:45.713,64514,Timeline2,Tobii I-VT (Fixation),1.145.28180,1080,1920,"10,00",694698463.0,,,729.0,569.0,725.0,565.0,733.0,573.0,"-0,06628","0,10402","-0,99236","-0,17282","0,10829","-0,97898",,,Valid,Valid,"233,2","100,6","515,9","292,1","99,5","516,7","198,8","154,7","200,9","156,7","0,3147","0,5267","0,3116","0,5233","0,3178","0,5301",thumbnail_grossTrial,thumbnail_grossTrial.png,1245.0,1080.0,337.0,0.0,798.0,692.0,Unclassified,42.0,130.0,,,,,,
26731,26843119,1400466114406,Eye Tracker,Participant0058,17.09.2021,Participant0058,Recording4,17.09.2021,17.09.2021,14:48:45.713,12:48:45.713,64514,Timeline2,Tobii I-VT (Fixation),1.145.28180,1080,1920,"10,00",694706795.0,,,733.0,571.0,733.0,567.0,734.0,575.0,"-0,06236","0,10487","-0,99253","-0,17239","0,10936","-0,97894",,,Valid,Valid,"233,2","100,6","516,0","292,1","99,5","516,7","200,8","155,1","201,1","157,3","0,3179","0,5284","0,3174","0,5247","0,3183","0,5321",thumbnail_grossTrial,thumbnail_grossTrial.png,1245.0,1080.0,337.0,0.0,798.0,692.0,Unclassified,42.0,130.0,,,,,,
26732,26851483,1400466122770,Eye Tracker,Participant0058,17.09.2021,Participant0058,Recording4,17.09.2021,17.09.2021,14:48:45.713,12:48:45.713,64514,Timeline2,Tobii I-VT (Fixation),1.145.28180,1080,1920,"10,00",694715159.0,,,,,,,,,,,,,,,,,Invalid,Invalid,,,,,,,,,,,,,,,,,thumbnail_grossTrial,thumbnail_grossTrial.png,1245.0,1080.0,337.0,0.0,798.0,692.0,EyesNotFound,8.0,101.0,,,,,,
26733,26859797,1400466131084,Eye Tracker,Participant0058,17.09.2021,Participant0058,Recording4,17.09.2021,17.09.2021,14:48:45.713,12:48:45.713,64514,Timeline2,Tobii I-VT (Fixation),1.145.28180,1080,1920,"10,00",694723473.0,,,732.0,574.0,727.0,577.0,736.0,571.0,"-0,06520","0,10999","-0,99179","-0,17136","0,10728","-0,97935",,,Valid,Valid,"233,3","100,6","516,1","292,1","99,6","516,6","199,3","157,8","201,8","156,2","0,3167","0,5312","0,3132","0,5339","0,3203","0,5285",thumbnail_grossTrial,thumbnail_grossTrial.png,1245.0,1080.0,337.0,0.0,798.0,692.0,Unclassified,17.0,131.0,,,,,,
26734,26868157,1400466139444,Eye Tracker,Participant0058,17.09.2021,Participant0058,Recording4,17.09.2021,17.09.2021,14:48:45.713,12:48:45.713,64514,Timeline2,Tobii I-VT (Fixation),1.145.28180,1080,1920,"10,00",694731832.0,,,746.0,573.0,756.0,577.0,736.0,569.0,"-0,05007","0,11029","-0,99264","-0,17140","0,10621","-0,97946",,,Valid,Valid,"233,2","100,5","516,2","292,1","99,6","516,6","207,2","157,9","201,7","155,6","0,3281","0,5304","0,3362","0,5341","0,3201","0,5266",thumbnail_grossTrial,thumbnail_grossTrial.png,1245.0,1080.0,337.0,0.0,798.0,692.0,Unclassified,17.0,131.0,,,,,,
26735,26876454,1400466147741,Eye Tracker,Participant0058,17.09.2021,Participant0058,Recording4,17.09.2021,17.09.2021,14:48:45.713,12:48:45.713,64514,Timeline2,Tobii I-VT (Fixation),1.145.28180,1080,1920,"10,00",694740129.0,,,,,,,,,,,,,,,,,Invalid,Invalid,,,,,,,,,,,,,,,,,thumbnail_grossTrial,thumbnail_grossTrial.png,1245.0,1080.0,337.0,0.0,798.0,692.0,EyesNotFound,8.0,102.0,,,,,,
26736,26884792,1400466156079,Eye Tracker,Participant0058,17.09.2021,Participant0058,Recording4,17.09.2021,17.09.2021,14:48:45.713,12:48:45.713,64514,Timeline2,Tobii I-VT (Fixation),1.145.28180,1080,1920,"10,00",694748467.0,,,743.0,567.0,735.0,580.0,750.0,554.0,"-0,06090","0,11208","-0,99183","-0,16471","0,09875","-0,98139",,,Valid,Valid,"233,3","100,5","516,5","292,1","99,7","516,6","201,6","158,8","205,4","151,6","0,3254","0,5252","0,3197","0,5374","0,3310","0,5131",thumbnail_grossTrial,thumbnail_grossTrial.png,1245.0,1080.0,337.0,0.0,798.0,692.0,Unclassified,17.0,132.0,,,,,,
26737,26893147,1400466164434,Eye Tracker,Participant0058,17.09.2021,Participant0058,Recording4,17.09.2021,17.09.2021,14:48:45.713,12:48:45.713,64514,Timeline2,Tobii I-VT (Fixation),1.145.28180,1080,1920,"10,00",694756822.0,,,744.0,571.0,738.0,582.0,751.0,560.0,"-0,05961","0,11288","-0,99182","-0,16401","0,10185","-0,98119",,,Valid,Valid,"233,2","100,4","516,6","292,1","99,6","516,6","202,2","159,2","205,7","153,3","0,3267","0,5286","0,3215","0,5386","0,3319","0,5186",thumbnail_grossTrial,thumbnail_grossTrial.png,1245.0,1080.0,337.0,0.0,798.0,692.0,Unclassified,17.0,132.0,,,,,,
26738,26901451,1400466172738,Eye Tracker,Participant0058,17.09.2021,Participant0058,Recording4,17.09.2021,17.09.2021,14:48:45.713,12:48:45.713,64514,Timeline2,Tobii I-VT (Fixation),1.145.28180,1080,1920,"10,00",694765125.0,,,,,,,,,,,,,,,,,Invalid,Invalid,,,,,,,,,,,,,,,,,thumbnail_grossTrial,thumbnail_grossTrial.png,1245.0,1080.0,337.0,0.0,798.0,692.0,EyesNotFound,8.0,103.0,,,,,,
26739,26909805,1400466181092,Eye Tracker,Participant0058,17.09.2021,Participant0058,Recording4,17.09.2021,17.09.2021,14:48:45.713,12:48:45.713,64514,Timeline2,Tobii I-VT (Fixation),1.145.28180,1080,1920,"10,00",694773479.0,,,748.0,564.0,731.0,577.0,766.0,551.0,"-0,06311","0,11056","-0,99186","-0,15645","0,09715","-0,98290",,,Valid,Valid,"233,2","100,4","516,8","292,1","99,7","516,6","200,4","158,0","209,9","150,8","0,3301","0,5223","0,3162","0,5345","0,3441","0,5101",thumbnail_grossTrial,thumbnail_grossTrial.png,1245.0,1080.0,337.0,0.0,798.0,692.0,Unclassified,17.0,133.0,,,,,,
26740,26918111,1400466189398,Eye Tracker,Participant0058,17.09.2021,Participant0058,Recording4,17.09.2021,17.09.2021,14:48:45.713,12:48:45.713,64514,Timeline2,Tobii I-VT (Fixation),1.145.28180,1080,1920,"10,00",694781785.0,,,749.0,565.0,730.0,582.0,768.0,548.0,"-0,06344","0,11315","-0,99155","-0,15523","0,09570","-0,98323",,,Valid,Valid,"233,2","100,3","517,0","292,1","99,7","516,7","200,1","159,3","210,5","150,0","0,3307","0,5232","0,3155","0,5390","0,3459","0,5074",thumbnail_grossTrial,thumbnail_grossTrial.png,1245.0,1080.0,337.0,0.0,798.0,692.0,Unclassified,17.0,133.0,,,,,,
26741,26926447,1400466197734,Eye Tracker,Participant0058,17.09.2021,Participant0058,Recording4,17.09.2021,17.09.2021,14:48:45.713,12:48:45.713,64514,Timeline2,Tobii I-VT (Fixation),1.145.28180,1080,1920,"10,00",694790120.0,,,,,,,,,,,,,,,,,Invalid,Invalid,,,,,,,,,,,,,,,,,thumbnail_grossTrial,thumbnail_grossTrial.png,1245.0,1080.0,337.0,0.0,798.0,692.0,EyesNotFound,8.0,104.0,,,,,,
26742,26934794,1400466206081,Eye Tracker,Participant0058,17.09.2021,Participant0058,Recording4,17.09.2021,17.09.2021,14:48:45.713,12:48:45.713,64514,Timeline2,Tobii I-VT (Fixation),1.145.28180,1080,1920,"10,00",694798467.0,,,748.0,571.0,735.0,585.0,761.0,558.0,"-0,06072","0,11454","-0,99156","-0,15900","0,10064","-0,98214",,,Valid,Valid,"233,2","100,3","517,2","292,1","99,7","516,6","201,6","160,0","208,5","152,7","0,3298","0,5290","0,3197","0,5414","0,3400","0,5166",thumbnail_grossTrial,thumbnail_grossTrial.png,1245.0,1080.0,337.0,0.0,798.0,692.0,Unclassified,17.0,134.0,,,,,,
26743,26943115,1400466214402,Eye Tracker,Participant0058,17.09.2021,Participant0058,Recording4,17.09.2021,17.09.2021,14:48:45.713,12:48:45.713,64514,Timeline2,Tobii I-VT (Fixation),1.145.28180,1080,1920,"10,00",694806788.0,,,742.0,572.0,735.0,582.0,750.0,562.0,"-0,06102","0,11345","-0,99167","-0,16449","0,10274","-0,98101",,,Valid,Valid,"233,2","100,2","517,3","292,1","99,7","516,7","201,3","159,4","205,4","153,8","0,3251","0,5299","0,3191","0,5393","0,3311","0,5205",thumbnail_grossTrial,thumbnail_grossTrial.png,1245.0,1080.0,337.0,0.0,798.0,692.0,Unclassified,17.0,134.0,,,,,,
26744,26951449,1400466222736,Eye Tracker,Participant0058,17.09.2021,Participant0058,Recording4,17.09.2021,17.09.2021,14:48:45.713,12:48:45.713,64514,Timeline2,Tobii I-VT (Fixation),1.145.28180,1080,1920,"10,00",694815122.0,,,,,,,,,,,,,,,,,Invalid,Invalid,,,,,,,,,,,,,,,,,thumbnail_grossTrial,thumbnail_grossTrial.png,1245.0,1080.0,337.0,0.0,798.0,692.0,EyesNotFound,8.0,105.0,,,,,,
26745,26959805,1400466231092,Eye Tracker,Participant0058,17.09.2021,Participant0058,Recording4,17.09.2021,17.09.2021,14:48:45.713,12:48:45.713,64514,Timeline2,Tobii I-VT (Fixation),1.145.28180,1080,1920,"10,00",694823477.0,,,745.0,575.0,739.0,586.0,751.0,565.0,"-0,05882","0,11510","-0,99161","-0,16376","0,10393","-0,98101",,,Valid,Valid,"233,2","100,2","517,5","292,1","99,8","516,6","202,5","160,2","205,9","154,5","0,3275","0,5325","0,3226","0,5421","0,3324","0,5228",thumbnail_grossTrial,thumbnail_grossTrial.png,1245.0,1080.0,337.0,0.0,798.0,692.0,Unclassified,17.0,135.0,,,,,,
26746,26968194,1400466239481,Eye Tracker,Participant0058,17.09.2021,Participant0058,Recording4,17.09.2021,17.09.2021,14:48:45.713,12:48:45.713,64514,Timeline2,Tobii I-VT (Fixation),1.145.28180,1080,1920,"10,00",694831866.0,,,748.0,568.0,738.0,576.0,757.0,560.0,"-0,05924","0,10998","-0,99217","-0,16068","0,10179","-0,98174",,,Valid,Valid,"233,2","100,1","517,6","292,1","99,8","516,7","202,3","157,5","207,5","153,3","0,3295","0,5258","0,3218","0,5329","0,3372","0,5187",thumbnail_grossTrial,thumbnail_grossTrial.png,1245.0,1080.0,337.0,0.0,798.0,692.0,Unclassified,17.0,135.0,,,,,,
26747,26976522,1400466247809,Eye Tracker,Participant0058,17.09.2021,Participant0058,Recording4,17.09.2021,17.09.2021,14:48:45.713,12:48:45.713,64514,Timeline2,Tobii I-VT (Fixation),1.145.28180,1080,1920,"10,00",694840194.0,,,,,,,,,,,,,,,,,Invalid,Invalid,,,,,,,,,,,,,,,,,thumbnail_grossTrial,thumbnail_grossTrial.png,1245.0,1080.0,337.0,0.0,798.0,692.0,EyesNotFound,8.0,106.0,,,,,,
26748,26984856,1400466256143,Eye Tracker,Participant0058,17.09.2021,Participant0058,Recording4,17.09.2021,17.09.2021,14:48:45.713,12:48:45.713,64514,Timeline2,Tobii I-VT (Fixation),1.145.28180,1080,1920,"10,00",694848528.0,,,759.0,556.0,755.0,564.0,763.0,548.0,"-0,05034","0,10432","-0,99327","-0,15776","0,09535","-0,98286",,,Valid,Valid,"233,3","100,1","517,7","292,1","99,8","516,6","207,0","154,4","209,2","149,9","0,3389","0,5148","0,3357","0,5225","0,3421","0,5071",thumbnail_grossTrial,thumbnail_grossTrial.png,1245.0,1080.0,337.0,0.0,798.0,692.0,Unclassified,17.0,136.0,,,,,,
26749,26993190,1400466264477,Eye Tracker,Participant0058,17.09.2021,Participant0058,Recording4,17.09.2021,17.09.2021,14:48:45.713,12:48:45.713,64514,Timeline2,Tobii I-VT (Fixation),1.145.28180,1080,1920,"10,00",694856861.0,,,749.0,556.0,731.0,568.0,766.0,544.0,"-0,06290","0,10636","-0,99234","-0,15630","0,09343","-0,98328",,,Valid,Valid,"233,2","100,0","517,8","292,1","99,7","516,7","200,4","155,5","210,0","148,8","0,3303","0,5148","0,3162","0,5261","0,3444","0,5035",thumbnail_grossTrial,thumbnail_grossTrial.png,1245.0,1080.0,337.0,0.0,798.0,692.0,Unclassified,17.0,136.0,,,,,,
26750,27001557,1400466272844,Eye Tracker,Participant0058,17.09.2021,Participant0058,Recording4,17.09.2021,17.09.2021,14:48:45.713,12:48:45.713,64514,Timeline2,Tobii I-VT (Fixation),1.145.28180,1080,1920,"10,00",694865228.0,,,,,,,,,,,,,,,,,Invalid,Invalid,,,,,,,,,,,,,,,,,thumbnail_grossTrial,thumbnail_grossTrial.png,1245.0,1080.0,337.0,0.0,798.0,692.0,EyesNotFound,8.0,107.0,,,,,,
26751,27009786,1400466281073,Eye Tracker,Participant0058,17.09.2021,Participant0058,Recording4,17.09.2021,17.09.2021,14:48:45.713,12:48:45.713,64514,Timeline2,Tobii I-VT (Fixation),1.145.28180,1080,1920,"10,00",694873457.0,,,747.0,570.0,735.0,588.0,759.0,552.0,"-0,06112","0,11656","-0,99130","-0,15995","0,09784","-0,98226",,,Valid,Valid,"233,3","99,9","517,9","292,2","99,7","516,6","201,4","160,8","208,1","151,2","0,3289","0,5279","0,3191","0,5442","0,3387","0,5116",thumbnail_grossTrial,thumbnail_grossTrial.png,1245.0,1080.0,337.0,0.0,798.0,692.0,Unclassified,17.0,137.0,,,,,,
26752,27018118,1400466289405,Eye Tracker,Participant0058,17.09.2021,Participant0058,Recording4,17.09.2021,17.09.2021,14:48:45.713,12:48:45.713,64514,Timeline2,Tobii I-VT (Fixation),1.145.28180,1080,1920,"10,00",694881788.0,,,752.0,566.0,736.0,588.0,767.0,544.0,"-0,06010","0,11666","-0,99135","-0,15572","0,09357","-0,98336",,,Valid,Valid,"233,2","99,9","518,0","292,1","99,7","516,6","201,8","160,8","210,3","148,9","0,3329","0,5239","0,3204","0,5442","0,3453","0,5037",thumbnail_grossTrial,thumbnail_grossTrial.png,1245.0,1080.0,337.0,0.0,798.0,692.0,Unclassified,17.0,137.0,,,,,,
26753,27026476,1400466297763,Eye Tracker,Participant0058,17.09.2021,Participant0058,Recording4,17.09.2021,17.09.2021,14:48:45.713,12:48:45.713,64514,Timeline2,Tobii I-VT (Fixation),1.145.28180,1080,1920,"10,00",694890146.0,,,,,,,,,,,,,,,,,Invalid,Invalid,,,,,,,,,,,,,,,,,thumbnail_grossTrial,thumbnail_grossTrial.png,1245.0,1080.0,337.0,0.0,798.0,692.0,EyesNotFound,8.0,108.0,,,,,,
26754,27034860,1400466306147,Eye Tracker,Participant0058,17.09.2021,Participant0058,Recording4,17.09.2021,17.09.2021,14:48:45.713,12:48:45.713,64514,Timeline2,Tobii I-VT (Fixation),1.145.28180,1080,1920,"10,00",694898530.0,,,749.0,561.0,735.0,575.0,764.0,547.0,"-0,06125","0,11022","-0,99202","-0,15741","0,09490","-0,98296",,,Valid,Valid,"233,3","99,9","518,1","292,2","99,7","516,6","201,3","157,4","209,5","149,6","0,3309","0,5194","0,3190","0,5327","0,3428","0,5062",thumbnail_grossTrial,thumbnail_grossTrial.png,1245.0,1080.0,337.0,0.0,798.0,692.0,Unclassified,17.0,138.0,,,,,,
26755,27043140,1400466314427,Eye Tracker,Participant0058,17.09.2021,Participant0058,Recording4,17.09.2021,17.09.2021,14:48:45.713,12:48:45.713,64514,Timeline2,Tobii I-VT (Fixation),1.145.28180,1080,1920,"10,00",694906810.0,,,739.0,562.0,725.0,566.0,753.0,558.0,"-0,06584","0,10572","-0,99221","-0,16318","0,10086","-0,98143",,,Valid,Valid,"233,2","99,8","518,1","292,1","99,7","516,6","198,8","155,0","206,2","152,8","0,3225","0,5208","0,3117","0,5245","0,3334","0,5170",thumbnail_grossTrial,thumbnail_grossTrial.png,1245.0,1080.0,337.0,0.0,798.0,692.0,Unclassified,17.0,138.0,,,,,,
26756,27051478,1400466322765,Eye Tracker,Participant0058,17.09.2021,Participant0058,Recording4,17.09.2021,17.09.2021,14:48:45.713,12:48:45.713,64514,Timeline2,Tobii I-VT (Fixation),1.145.28180,1080,1920,"10,00",694915147.0,,,,,,,,,,,,,,,,,Invalid,Invalid,,,,,,,,,,,,,,,,,thumbnail_grossTrial,thumbnail_grossTrial.png,1245.0,1080.0,337.0,0.0,798.0,692.0,EyesNotFound,8.0,109.0,,,,,,
26757,27059813,1400466331100,Eye Tracker,Participant0058,17.09.2021,Participant0058,Recording4,17.09.2021,17.09.2021,14:48:45.713,12:48:45.713,64514,Timeline2,Tobii I-VT (Fixation),1.145.28180,1080,1920,"10,00",694923482.0,,,740.0,559.0,728.0,568.0,752.0,549.0,"-0,06460","0,10662","-0,99220","-0,16336","0,09613","-0,98187",,,Valid,Valid,"233,3","99,8","518,2","292,2","99,7","516,6","199,6","155,5","206,2","150,3","0,3236","0,5174","0,3138","0,5262","0,3333","0,5086",thumbnail_grossTrial,thumbnail_grossTrial.png,1245.0,1080.0,337.0,0.0,798.0,692.0,Unclassified,17.0,139.0,,,,,,
26758,27068189,1400466339476,Eye Tracker,Participant0058,17.09.2021,Participant0058,Recording4,17.09.2021,17.09.2021,14:48:45.713,12:48:45.713,64514,Timeline2,Tobii I-VT (Fixation),1.145.28180,1080,1920,"10,00",694931858.0,,,746.0,566.0,739.0,578.0,753.0,554.0,"-0,05859","0,11163","-0,99202","-0,16296","0,09880","-0,98167",,,Valid,Valid,"233,2","99,8","518,2","292,1","99,7","516,6","202,6","158,1","206,3","151,7","0,3282","0,5242","0,3227","0,5350","0,3337","0,5134",thumbnail_grossTrial,thumbnail_grossTrial.png,1245.0,1080.0,337.0,0.0,798.0,692.0,Unclassified,17.0,139.0,,,,,,
26759,27076435,1400466347722,Eye Tracker,Participant0058,17.09.2021,Participant0058,Recording4,17.09.2021,17.09.2021,14:48:45.713,12:48:45.713,64514,Timeline2,Tobii I-VT (Fixation),1.145.28180,1080,1920,"10,00",694940104.0,,,,,,,,,,,,,,,,,Invalid,Invalid,,,,,,,,,,,,,,,,,thumbnail_grossTrial,thumbnail_grossTrial.png,1245.0,1080.0,337.0,0.0,798.0,692.0,EyesNotFound,8.0,110.0,,,,,,
26760,27084799,1400466356086,Eye Tracker,Participant0058,17.09.2021,Participant0058,Recording4,17.09.2021,17.09.2021,14:48:45.713,12:48:45.713,64514,Timeline2,Tobii I-VT (Fixation),1.145.28180,1080,1920,"10,00",694948467.0,,,753.0,571.0,748.0,584.0,758.0,558.0,"-0,05397","0,11464","-0,99194","-0,16029","0,10077","-0,98191",,,Valid,Valid,"233,2","99,8","518,2","292,1","99,8","516,6","205,0","159,7","207,8","152,8","0,3339","0,5287","0,3298","0,5405","0,3380","0,5170",thumbnail_grossTrial,thumbnail_grossTrial.png,1245.0,1080.0,337.0,0.0,798.0,692.0,Unclassified,17.0,140.0,,,,,,
26761,27093098,1400466364385,Eye Tracker,Participant0058,17.09.2021,Participant0058,Recording4,17.09.2021,17.09.2021,14:48:45.713,12:48:45.713,64514,Timeline2,Tobii I-VT (Fixation),1.145.28180,1080,1920,"10,00",694956766.0,,,752.0,569.0,749.0,580.0,755.0,557.0,"-0,05320","0,11291","-0,99218","-0,16199","0,10009","-0,98170",,,Valid,Valid,"233,1","99,8","518,2","292,1","99,8","516,7","205,4","158,8","206,8","152,4","0,3330","0,5266","0,3308","0,5374","0,3351","0,5158",thumbnail_grossTrial,thumbnail_grossTrial.png,1245.0,1080.0,337.0,0.0,798.0,692.0,Unclassified,17.0,140.0,,,,,,
26762,27101434,1400466372721,Eye Tracker,Participant0058,17.09.2021,Participant0058,Recording4,17.09.2021,17.09.2021,14:48:45.713,12:48:45.713,64514,Timeline2,Tobii I-VT (Fixation),1.145.28180,1080,1920,"10,00",694965102.0,,,,,,,,,,,,,,,,,Invalid,Invalid,,,,,,,,,,,,,,,,,thumbnail_grossTrial,thumbnail_grossTrial.png,1245.0,1080.0,337.0,0.0,798.0,692.0,EyesNotFound,8.0,111.0,,,,,,
26763,27109792,1400466381079,Eye Tracker,Participant0058,17.09.2021,Participant0058,Recording4,17.09.2021,17.09.2021,14:48:45.713,12:48:45.713,64514,Timeline2,Tobii I-VT (Fixation),1.145.28180,1080,1920,"10,00",694973459.0,,,746.0,568.0,738.0,574.0,755.0,562.0,"-0,05937","0,10969","-0,99219","-0,16200","0,10279","-0,98142",,,Valid,Valid,"233,2","99,9","518,2","292,1","99,8","516,7","202,2","157,2","206,8","153,9","0,3284","0,5263","0,3216","0,5318","0,3352","0,5207",thumbnail_grossTrial,thumbnail_grossTrial.png,1245.0,1080.0,337.0,0.0,798.0,692.0,Unclassified,17.0,141.0,,,,,,
26764,27118097,1400466389384,Eye Tracker,Participant0058,17.09.2021,Participant0058,Recording4,17.09.2021,17.09.2021,14:48:45.713,12:48:45.713,64514,Timeline2,Tobii I-VT (Fixation),1.145.28180,1080,1920,"10,00",694981764.0,,,752.0,565.0,743.0,573.0,761.0,557.0,"-0,05659","0,10908","-0,99242","-0,15865","0,10016","-0,98224",,,Valid,Valid,"233,2","99,9","518,1","292,1","99,8","516,7","203,6","156,9","208,6","152,5","0,3331","0,5233","0,3257","0,5307","0,3404","0,5159",thumbnail_grossTrial,thumbnail_grossTrial.png,1245.0,1080.0,337.0,0.0,798.0,692.0,Unclassified,17.0,141.0,,,,,,
26765,27126461,1400466397748,Eye Tracker,Participant0058,17.09.2021,Participant0058,Recording4,17.09.2021,17.09.2021,14:48:45.713,12:48:45.713,64514,Timeline2,Tobii I-VT (Fixation),1.145.28180,1080,1920,"10,00",694990128.0,,,,,,,,,,,,,,,,,Invalid,Invalid,,,,,,,,,,,,,,,,,thumbnail_grossTrial,thumbnail_grossTrial.png,1245.0,1080.0,337.0,0.0,798.0,692.0,EyesNotFound,8.0,112.0,,,,,,
26766,27134762,1400466406049,Eye Tracker,Participant0058,17.09.2021,Participant0058,Recording4,17.09.2021,17.09.2021,14:48:45.713,12:48:45.713,64514,Timeline2,Tobii I-VT (Fixation),1.145.28180,1080,1920,"10,00",694998429.0,,,754.0,564.0,747.0,572.0,761.0,555.0,"-0,05458","0,10834","-0,99261","-0,15914","0,09921","-0,98226",,,Valid,Valid,"233,3","100,0","518,0","292,2","99,8","516,7","204,8","156,5","208,5","152,0","0,3345","0,5219","0,3291","0,5296","0,3399","0,5142",thumbnail_grossTrial,thumbnail_grossTrial.png,1245.0,1080.0,337.0,0.0,798.0,692.0,Unclassified,17.0,142.0,,,,,,
26767,27143125,1400466414412,Eye Tracker,Participant0058,17.09.2021,Participant0058,Recording4,17.09.2021,17.09.2021,14:48:45.713,12:48:45.713,64514,Timeline2,Tobii I-VT (Fixation),1.145.28180,1080,1920,"10,00",695006791.0,,,754.0,570.0,744.0,581.0,765.0,558.0,"-0,05597","0,11327","-0,99199","-0,15700","0,10060","-0,98246",,,Valid,Valid,"233,2","100,0","517,9","292,1","99,8","516,7","204,0","159,1","209,5","152,7","0,3349","0,5275","0,3268","0,5384","0,3431","0,5166",thumbnail_grossTrial,thumbnail_grossTrial.png,1245.0,1080.0,337.0,0.0,798.0,692.0,Unclassified,17.0,142.0,,,,,,
26768,27151501,1400466422788,Eye Tracker,Participant0058,17.09.2021,Participant0058,Recording4,17.09.2021,17.09.2021,14:48:45.713,12:48:45.713,64514,Timeline2,Tobii I-VT (Fixation),1.145.28180,1080,1920,"10,00",695015167.0,,,,,,,,,,,,,,,,,Invalid,Invalid,,,,,,,,,,,,,,,,,thumbnail_grossTrial,thumbnail_grossTrial.png,1245.0,1080.0,337.0,0.0,798.0,692.0,EyesNotFound,8.0,113.0,,,,,,
26769,27159864,1400466431151,Eye Tracker,Participant0058,17.09.2021,Participant0058,Recording4,17.09.2021,17.09.2021,14:48:45.713,12:48:45.713,64514,Timeline2,Tobii I-VT (Fixation),1.145.28180,1080,1920,"10,00",695023530.0,,,753.0,568.0,741.0,588.0,764.0,547.0,"-0,05761","0,11662","-0,99150","-0,15755","0,09503","-0,98293",,,Valid,Valid,"233,3","100,1","517,7","292,2","99,8","516,7","203,2","161,0","209,4","149,8","0,3336","0,5256","0,3246","0,5446","0,3426","0,5067",thumbnail_grossTrial,thumbnail_grossTrial.png,1245.0,1080.0,337.0,0.0,798.0,692.0,Unclassified,17.0,143.0,,,,,,
26770,27168122,1400466439409,Eye Tracker,Participant0058,17.09.2021,Participant0058,Recording4,17.09.2021,17.09.2021,14:48:45.713,12:48:45.713,64514,Timeline2,Tobii I-VT (Fixation),1.145.28180,1080,1920,"10,00",695031788.0,,,750.0,567.0,742.0,589.0,757.0,544.0,"-0,05717","0,11726","-0,99145","-0,16074","0,09344","-0,98256",,,Valid,Valid,"233,2","100,1","517,6","292,1","99,8","516,7","203,4","161,3","207,6","148,9","0,3312","0,5248","0,3250","0,5458","0,3374","0,5038",thumbnail_grossTrial,thumbnail_grossTrial.png,1245.0,1080.0,337.0,0.0,798.0,692.0,Unclassified,17.0,143.0,,,,,,
26771,27176503,1400466447790,Eye Tracker,Participant0058,17.09.2021,Participant0058,Recording4,17.09.2021,17.09.2021,14:48:45.713,12:48:45.713,64514,Timeline2,Tobii I-VT (Fixation),1.145.28180,1080,1920,"10,00",695040168.0,,,,,,,,,,,,,,,,,Invalid,Invalid,,,,,,,,,,,,,,,,,thumbnail_grossTrial,thumbnail_grossTrial.png,1245.0,1080.0,337.0,0.0,798.0,692.0,EyesNotFound,8.0,114.0,,,,,,
26772,27184757,1400466456044,Eye Tracker,Participant0058,17.09.2021,Participant0058,Recording4,17.09.2021,17.09.2021,14:48:45.713,12:48:45.713,64514,Timeline2,Tobii I-VT (Fixation),1.145.28180,1080,1920,"10,00",695048422.0,,,758.0,566.0,747.0,587.0,769.0,545.0,"-0,05471","0,11601","-0,99174","-0,15495","0,09409","-0,98343",,,Valid,Valid,"233,3","100,2","517,4","292,2","99,8","516,7","204,7","160,7","210,8","149,2","0,3378","0,5243","0,3290","0,5438","0,3466","0,5049",thumbnail_grossTrial,thumbnail_grossTrial.png,1245.0,1080.0,337.0,0.0,798.0,692.0,Unclassified,17.0,144.0,,,,,,
26773,27193120,1400466464407,Eye Tracker,Participant0058,17.09.2021,Participant0058,Recording4,17.09.2021,17.09.2021,14:48:45.713,12:48:45.713,64514,Timeline2,Tobii I-VT (Fixation),1.145.28180,1080,1920,"10,00",695056785.0,,,754.0,558.0,738.0,569.0,770.0,548.0,"-0,05951","0,10628","-0,99255","-0,15424","0,09531","-0,98343",,,Valid,Valid,"233,2","100,2","517,4","292,1","99,8","516,7","202,2","155,6","211,1","149,8","0,3345","0,5167","0,3215","0,5265","0,3475","0,5070",thumbnail_grossTrial,thumbnail_grossTrial.png,1245.0,1080.0,337.0,0.0,798.0,692.0,Unclassified,17.0,144.0,,,,,,
26774,27201453,1400466472740,Eye Tracker,Participant0058,17.09.2021,Participant0058,Recording4,17.09.2021,17.09.2021,14:48:45.713,12:48:45.713,64514,Timeline2,Tobii I-VT (Fixation),1.145.28180,1080,1920,"10,00",695065118.0,,,,,,,,,,,,,,,,,Invalid,Invalid,,,,,,,,,,,,,,,,,thumbnail_grossTrial,thumbnail_grossTrial.png,1245.0,1080.0,337.0,0.0,798.0,692.0,EyesNotFound,8.0,115.0,,,,,,
26775,27209784,1400466481071,Eye Tracker,Participant0058,17.09.2021,Participant0058,Recording4,17.09.2021,17.09.2021,14:48:45.713,12:48:45.713,64514,Timeline2,Tobii I-VT (Fixation),1.145.28180,1080,1920,"10,00",695073448.0,,,744.0,557.0,725.0,556.0,762.0,559.0,"-0,06620","0,09978","-0,99281","-0,15841","0,10086","-0,98221",,,Valid,Valid,"233,3","100,3","517,3","292,1","99,8","516,6","198,8","152,3","208,8","152,9","0,3262","0,5162","0,3115","0,5152","0,3409","0,5172",thumbnail_grossTrial,thumbnail_grossTrial.png,1245.0,1080.0,337.0,0.0,798.0,692.0,Unclassified,17.0,145.0,,,,,,
26776,27218117,1400466489404,Eye Tracker,Participant0058,17.09.2021,Participant0058,Recording4,17.09.2021,17.09.2021,14:48:45.713,12:48:45.713,64514,Timeline2,Tobii I-VT (Fixation),1.145.28180,1080,1920,"10,00",695081781.0,,,741.0,563.0,720.0,571.0,761.0,554.0,"-0,06857","0,10751","-0,99184","-0,15896","0,09856","-0,98235",,,Valid,Valid,"233,2","100,3","517,2","292,1","99,8","516,6","197,4","156,4","208,5","151,6","0,3238","0,5210","0,3076","0,5290","0,3399","0,5130",thumbnail_grossTrial,thumbnail_grossTrial.png,1245.0,1080.0,337.0,0.0,798.0,692.0,Unclassified,17.0,145.0,,,,,,
26777,27226456,1400466497743,Eye Tracker,Participant0058,17.09.2021,Participant0058,Recording4,17.09.2021,17.09.2021,14:48:45.713,12:48:45.713,64514,Timeline2,Tobii I-VT (Fixation),1.145.28180,1080,1920,"10,00",695090120.0,,,,,,,,,,,,,,,,,Invalid,Invalid,,,,,,,,,,,,,,,,,thumbnail_grossTrial,thumbnail_grossTrial.png,1245.0,1080.0,337.0,0.0,798.0,692.0,EyesNotFound,8.0,116.0,,,,,,
26778,27234783,1400466506070,Eye Tracker,Participant0058,17.09.2021,Participant0058,Recording4,17.09.2021,17.09.2021,14:48:45.713,12:48:45.713,64514,Timeline2,Tobii I-VT (Fixation),1.145.28180,1080,1920,"10,00",695098446.0,,,744.0,567.0,733.0,589.0,755.0,545.0,"-0,06190","0,11658","-0,99125","-0,16198","0,09388","-0,98232",,,Valid,Valid,"233,3","100,3","517,2","292,1","99,8","516,6","201,0","161,2","207,0","149,2","0,3267","0,5250","0,3180","0,5453","0,3355","0,5048",thumbnail_grossTrial,thumbnail_grossTrial.png,1245.0,1080.0,337.0,0.0,798.0,692.0,Unclassified,17.0,146.0,,,,,,
26779,27243087,1400466514374,Eye Tracker,Participant0058,17.09.2021,Participant0058,Recording4,17.09.2021,17.09.2021,14:48:45.713,12:48:45.713,64514,Timeline2,Tobii I-VT (Fixation),1.145.28180,1080,1920,"10,00",695106750.0,,,750.0,574.0,738.0,594.0,762.0,553.0,"-0,05912","0,11916","-0,99111","-0,15833","0,09815","-0,98250",,,Valid,Valid,"233,2","100,3","517,2","292,1","99,8","516,6","202,4","162,5","208,8","151,4","0,3315","0,5310","0,3220","0,5498","0,3410","0,5123",thumbnail_grossTrial,thumbnail_grossTrial.png,1245.0,1080.0,337.0,0.0,798.0,692.0,Unclassified,17.0,146.0,,,,,,
26780,27251502,1400466522789,Eye Tracker,Participant0058,17.09.2021,Participant0058,Recording4,17.09.2021,17.09.2021,14:48:45.713,12:48:45.713,64514,Timeline2,Tobii I-VT (Fixation),1.145.28180,1080,1920,"10,00",695115165.0,,,,,,,,,,,,,,,,,Invalid,Invalid,,,,,,,,,,,,,,,,,thumbnail_grossTrial,thumbnail_grossTrial.png,1245.0,1080.0,337.0,0.0,798.0,692.0,EyesNotFound,8.0,117.0,,,,,,
26781,27259797,1400466531084,Eye Tracker,Participant0058,17.09.2021,Participant0058,Recording4,17.09.2021,17.09.2021,14:48:45.713,12:48:45.713,64514,Timeline2,Tobii I-VT (Fixation),1.145.28180,1080,1920,"10,00",695123460.0,,,748.0,574.0,727.0,583.0,768.0,565.0,"-0,06531","0,11323","-0,99142","-0,15519","0,10408","-0,98239",,,Valid,Valid,"233,3","100,4","517,1","292,2","99,8","516,6","199,2","159,4","210,6","154,6","0,3295","0,5312","0,3129","0,5395","0,3461","0,5230",thumbnail_grossTrial,thumbnail_grossTrial.png,1245.0,1080.0,337.0,0.0,798.0,692.0,Unclassified,17.0,147.0,,,,,,
26782,27268113,1400466539400,Eye Tracker,Participant0058,17.09.2021,Participant0058,Recording4,17.09.2021,17.09.2021,14:48:45.713,12:48:45.713,64514,Timeline2,Tobii I-VT (Fixation),1.145.28180,1080,1920,"10,00",695131775.0,,,758.0,569.0,756.0,569.0,760.0,568.0,"-0,04991","0,10647","-0,99306","-0,15934","0,10574","-0,98154",,,Valid,Valid,"233,2","100,3","517,1","292,1","99,8","516,6","207,2","155,8","208,3","155,5","0,3378","0,5266","0,3364","0,5271","0,3393","0,5260",thumbnail_grossTrial,thumbnail_grossTrial.png,1245.0,1080.0,337.0,0.0,798.0,692.0,Unclassified,17.0,147.0,,,,,,
26783,27276420,1400466547707,Eye Tracker,Participant0058,17.09.2021,Participant0058,Recording4,17.09.2021,17.09.2021,14:48:45.713,12:48:45.713,64514,Timeline2,Tobii I-VT (Fixation),1.145.28180,1080,1920,"10,00",695140082.0,,,,,,,,,,,,,,,,,Invalid,Invalid,,,,,,,,,,,,,,,,,thumbnail_grossTrial,thumbnail_grossTrial.png,1245.0,1080.0,337.0,0.0,798.0,692.0,EyesNotFound,8.0,118.0,,,,,,
26784,27284777,1400466556064,Eye Tracker,Participant0058,17.09.2021,Participant0058,Recording4,17.09.2021,17.09.2021,14:48:45.713,12:48:45.713,64514,Timeline2,Tobii I-VT (Fixation),1.145.28180,1080,1920,"10,00",695148439.0,,,761.0,569.0,756.0,569.0,765.0,570.0,"-0,05002","0,10636","-0,99307","-0,15661","0,10650","-0,98190",,,Valid,Valid,"233,3","100,4","517,1","292,2","99,8","516,6","207,2","155,8","209,8","155,9","0,3400","0,5272","0,3364","0,5271","0,3437","0,5274",thumbnail_grossTrial,thumbnail_grossTrial.png,1245.0,1080.0,337.0,0.0,798.0,692.0,Unclassified,17.0,148.0,,,,,,
26785,27293145,1400466564432,Eye Tracker,Participant0058,17.09.2021,Participant0058,Recording4,17.09.2021,17.09.2021,14:48:45.713,12:48:45.713,64514,Timeline2,Tobii I-VT (Fixation),1.145.28180,1080,1920,"10,00",695156807.0,,,758.0,569.0,749.0,577.0,767.0,560.0,"-0,05355","0,11050","-0,99243","-0,15591","0,10170","-0,98252",,,Valid,Valid,"233,2","100,4","517,1","292,1","99,8","516,7","205,3","158,0","210,1","153,3","0,3377","0,5265","0,3307","0,5344","0,3448","0,5187",thumbnail_grossTrial,thumbnail_grossTrial.png,1245.0,1080.0,337.0,0.0,798.0,692.0,Unclassified,17.0,148.0,,,,,,
26786,27301420,1400466572707,Eye Tracker,Participant0058,17.09.2021,Participant0058,Recording4,17.09.2021,17.09.2021,14:48:45.713,12:48:45.713,64514,Timeline2,Tobii I-VT (Fixation),1.145.28180,1080,1920,"10,00",695165081.0,,,,,,,,,,,,,,,,,Invalid,Invalid,,,,,,,,,,,,,,,,,thumbnail_grossTrial,thumbnail_grossTrial.png,1245.0,1080.0,337.0,0.0,798.0,692.0,EyesNotFound,8.0,119.0,,,,,,
26787,27309834,1400466581121,Eye Tracker,Participant0058,17.09.2021,Participant0058,Recording4,17.09.2021,17.09.2021,14:48:45.713,12:48:45.713,64514,Timeline2,Tobii I-VT (Fixation),1.145.28180,1080,1920,"10,00",695173495.0,,,757.0,568.0,749.0,577.0,764.0,559.0,"-0,05363","0,11043","-0,99244","-0,15718","0,10086","-0,98241",,,Valid,Valid,"233,3","100,4","517,2","292,1","99,8","516,6","205,3","158,0","209,5","152,9","0,3368","0,5258","0,3307","0,5344","0,3429","0,5172",thumbnail_grossTrial,thumbnail_grossTrial.png,1245.0,1080.0,337.0,0.0,798.0,692.0,Unclassified,17.0,149.0,,,,,,
26788,27318166,1400466589453,Eye Tracker,Participant0058,17.09.2021,Participant0058,Recording4,17.09.2021,17.09.2021,14:48:45.713,12:48:45.713,64514,Timeline2,Tobii I-VT (Fixation),1.145.28180,1080,1920,"10,00",695181827.0,,,746.0,573.0,730.0,585.0,763.0,561.0,"-0,06365","0,11463","-0,99137","-0,15773","0,10224","-0,98218",,,Valid,Valid,"233,2","100,4","517,2","292,1","99,8","516,7","200,0","160,2","209,1","153,6","0,3285","0,5308","0,3151","0,5419","0,3418","0,5197",thumbnail_grossTrial,thumbnail_grossTrial.png,1245.0,1080.0,337.0,0.0,798.0,692.0,Unclassified,17.0,149.0,,,,,,
26789,27326497,1400466597784,Eye Tracker,Participant0058,17.09.2021,Participant0058,Recording4,17.09.2021,17.09.2021,14:48:45.713,12:48:45.713,64514,Timeline2,Tobii I-VT (Fixation),1.145.28180,1080,1920,"10,00",695190157.0,,,,,,,,,,,,,,,,,Invalid,Invalid,,,,,,,,,,,,,,,,,thumbnail_grossTrial,thumbnail_grossTrial.png,1245.0,1080.0,337.0,0.0,798.0,692.0,EyesNotFound,8.0,120.0,,,,,,
26790,27334782,1400466606069,Eye Tracker,Participant0058,17.09.2021,Participant0058,Recording4,17.09.2021,17.09.2021,14:48:45.713,12:48:45.713,64514,Timeline2,Tobii I-VT (Fixation),1.145.28180,1080,1920,"10,00",695198442.0,,,751.0,577.0,736.0,590.0,765.0,564.0,"-0,06050","0,11687","-0,99130","-0,15668","0,10353","-0,98221",,,Valid,Valid,"233,3","100,4","517,2","292,2","99,8","516,7","201,7","161,4","209,7","154,3","0,3319","0,5340","0,3201","0,5460","0,3436","0,5220",thumbnail_grossTrial,thumbnail_grossTrial.png,1245.0,1080.0,337.0,0.0,798.0,692.0,Unclassified,17.0,150.0,,,,,,
26791,27343109,1400466614396,Eye Tracker,Participant0058,17.09.2021,Participant0058,Recording4,17.09.2021,17.09.2021,14:48:45.713,12:48:45.713,64514,Timeline2,Tobii I-VT (Fixation),1.145.28180,1080,1920,"10,00",695206769.0,,,749.0,576.0,727.0,589.0,771.0,563.0,"-0,06482","0,11647","-0,99108","-0,15345","0,10330","-0,98274",,,Valid,Valid,"233,2","100,3","517,2","292,1","99,8","516,7","199,4","161,1","211,4","154,1","0,3310","0,5333","0,3133","0,5452","0,3486","0,5214",thumbnail_grossTrial,thumbnail_grossTrial.png,1245.0,1080.0,337.0,0.0,798.0,692.0,Unclassified,17.0,150.0,,,,,,
26792,27351497,1400466622784,Eye Tracker,Participant0058,17.09.2021,Participant0058,Recording4,17.09.2021,17.09.2021,14:48:45.713,12:48:45.713,64514,Timeline2,Tobii I-VT (Fixation),1.145.28180,1080,1920,"10,00",695215157.0,,,,,,,,,,,,,,,,,Invalid,Invalid,,,,,,,,,,,,,,,,,thumbnail_grossTrial,thumbnail_grossTrial.png,1245.0,1080.0,337.0,0.0,798.0,692.0,EyesNotFound,8.0,121.0,,,,,,
26793,27359772,1400466631059,Eye Tracker,Participant0058,17.09.2021,Participant0058,Recording4,17.09.2021,17.09.2021,14:48:45.713,12:48:45.713,64514,Timeline2,Tobii I-VT (Fixation),1.145.28180,1080,1920,"10,00",695223431.0,,,749.0,571.0,727.0,586.0,772.0,555.0,"-0,06532","0,11524","-0,99119","-0,15338","0,09894","-0,98320",,,Valid,Valid,"233,3","100,4","517,2","292,2","99,8","516,7","199,2","160,5","211,6","151,8","0,3309","0,5283","0,3128","0,5430","0,3490","0,5136",thumbnail_grossTrial,thumbnail_grossTrial.png,1245.0,1080.0,337.0,0.0,798.0,692.0,Unclassified,17.0,151.0,,,,,,
26794,27368102,1400466639389,Eye Tracker,Participant0058,17.09.2021,Participant0058,Recording4,17.09.2021,17.09.2021,14:48:45.713,12:48:45.713,64514,Timeline2,Tobii I-VT (Fixation),1.145.28180,1080,1920,"10,00",695231761.0,,,753.0,574.0,739.0,591.0,767.0,556.0,"-0,05891","0,11792","-0,99127","-0,15564","0,09963","-0,98278",,,Valid,Valid,"233,2","100,3","517,2","292,1","99,8","516,8","202,5","161,9","210,3","152,1","0,3339","0,5312","0,3224","0,5476","0,3453","0,5148",thumbnail_grossTrial,thumbnail_grossTrial.png,1245.0,1080.0,337.0,0.0,798.0,692.0,Unclassified,17.0,151.0,,,,,,
26795,27376435,1400466647722,Eye Tracker,Participant0058,17.09.2021,Participant0058,Recording4,17.09.2021,17.09.2021,14:48:45.713,12:48:45.713,64514,Timeline2,Tobii I-VT (Fixation),1.145.28180,1080,1920,"10,00",695240094.0,,,,,,,,,,,,,,,,,Invalid,Invalid,,,,,,,,,,,,,,,,,thumbnail_grossTrial,thumbnail_grossTrial.png,1245.0,1080.0,337.0,0.0,798.0,692.0,EyesNotFound,8.0,122.0,,,,,,
26796,27384770,1400466656057,Eye Tracker,Participant0058,17.09.2021,Participant0058,Recording4,17.09.2021,17.09.2021,14:48:45.713,12:48:45.713,64514,Timeline2,Tobii I-VT (Fixation),1.145.28180,1080,1920,"10,00",695248429.0,,,755.0,576.0,743.0,594.0,767.0,557.0,"-0,05696","0,11941","-0,99121","-0,15612","0,10006","-0,98266",,,Valid,Valid,"233,3","100,4","517,2","292,2","99,8","516,8","203,6","162,7","210,1","152,4","0,3351","0,5330","0,3256","0,5504","0,3447","0,5156",thumbnail_grossTrial,thumbnail_grossTrial.png,1245.0,1080.0,337.0,0.0,798.0,692.0,Unclassified,17.0,152.0,,,,,,
26797,27393106,1400466664393,Eye Tracker,Participant0058,17.09.2021,Participant0058,Recording4,17.09.2021,17.09.2021,14:48:45.713,12:48:45.713,64514,Timeline2,Tobii I-VT (Fixation),1.145.28180,1080,1920,"10,00",695256764.0,,,767.0,558.0,753.0,577.0,781.0,540.0,"-0,05133","0,11054","-0,99255","-0,14859","0,09148","-0,98466",,,Valid,Valid,"233,2","100,3","517,2","292,1","99,7","516,8","206,5","157,9","214,1","147,7","0,3453","0,5171","0,3341","0,5343","0,3566","0,4999",thumbnail_grossTrial,thumbnail_grossTrial.png,1245.0,1080.0,337.0,0.0,798.0,692.0,Unclassified,17.0,152.0,,,,,,
26798,27401411,1400466672698,Eye Tracker,Participant0058,17.09.2021,Participant0058,Recording4,17.09.2021,17.09.2021,14:48:45.713,12:48:45.713,64514,Timeline2,Tobii I-VT (Fixation),1.145.28180,1080,1920,"10,00",695265069.0,,,,,,,,,,,,,,,,,Invalid,Invalid,,,,,,,,,,,,,,,,,thumbnail_grossTrial,thumbnail_grossTrial.png,1245.0,1080.0,337.0,0.0,798.0,692.0,EyesNotFound,8.0,123.0,,,,,,
26799,27409754,1400466681041,Eye Tracker,Participant0058,17.09.2021,Participant0058,Recording4,17.09.2021,17.09.2021,14:48:45.713,12:48:45.713,64514,Timeline2,Tobii I-VT (Fixation),1.145.28180,1080,1920,"10,00",695273412.0,,,765.0,558.0,753.0,577.0,776.0,539.0,"-0,05141","0,11050","-0,99255","-0,15157","0,09113","-0,98424",,,Valid,Valid,"233,3","100,3","517,3","292,2","99,7","516,8","206,5","157,9","212,6","147,6","0,3431","0,5168","0,3341","0,5343","0,3520","0,4993",thumbnail_grossTrial,thumbnail_grossTrial.png,1245.0,1080.0,337.0,0.0,798.0,692.0,Unclassified,17.0,153.0,,,,,,
26800,27418087,1400466689374,Eye Tracker,Participant0058,17.09.2021,Participant0058,Recording4,17.09.2021,17.09.2021,14:48:45.713,12:48:45.713,64514,Timeline2,Tobii I-VT (Fixation),1.145.28180,1080,1920,"10,00",695281744.0,,,751.0,572.0,740.0,595.0,762.0,550.0,"-0,05822","0,11965","-0,99111","-0,15811","0,09666","-0,98268",,,Valid,Valid,"233,2","100,3","517,3","292,1","99,7","516,8","202,8","162,8","209,0","150,5","0,3324","0,5300","0,3234","0,5507","0,3414","0,5094",thumbnail_grossTrial,thumbnail_grossTrial.png,1245.0,1080.0,337.0,0.0,798.0,692.0,Unclassified,17.0,153.0,,,,,,
26801,27426416,1400466697703,Eye Tracker,Participant0058,17.09.2021,Participant0058,Recording4,17.09.2021,17.09.2021,14:48:45.713,12:48:45.713,64514,Timeline2,Tobii I-VT (Fixation),1.145.28180,1080,1920,"10,00",695290073.0,,,,,,,,,,,,,,,,,Invalid,Invalid,,,,,,,,,,,,,,,,,thumbnail_grossTrial,thumbnail_grossTrial.png,1245.0,1080.0,337.0,0.0,798.0,692.0,EyesNotFound,8.0,124.0,,,,,,
26802,27434771,1400466706058,Eye Tracker,Participant0058,17.09.2021,Participant0058,Recording4,17.09.2021,17.09.2021,14:48:45.713,12:48:45.713,64514,Timeline2,Tobii I-VT (Fixation),1.145.28180,1080,1920,"10,00",695298428.0,,,748.0,575.0,738.0,595.0,758.0,554.0,"-0,05935","0,11991","-0,99101","-0,16056","0,09861","-0,98209",,,Valid,Valid,"233,3","100,3","517,3","292,2","99,7","516,8","202,3","162,9","207,7","151,6","0,3297","0,5321","0,3218","0,5512","0,3376","0,5130",thumbnail_grossTrial,thumbnail_grossTrial.png,1245.0,1080.0,337.0,0.0,798.0,692.0,Unclassified,17.0,154.0,,,,,,
26803,27443177,1400466714464,Eye Tracker,Participant0058,17.09.2021,Participant0058,Recording4,17.09.2021,17.09.2021,14:48:45.713,12:48:45.713,64514,Timeline2,Tobii I-VT (Fixation),1.145.28180,1080,1920,"10,00",695306834.0,,,744.0,578.0,729.0,600.0,759.0,556.0,"-0,06381","0,12238","-0,99043","-0,15965","0,09978","-0,98212",,,Valid,Valid,"233,2","100,3","517,4","292,1","99,7","516,8","199,9","164,2","208,1","152,2","0,3268","0,5353","0,3147","0,5556","0,3388","0,5150",thumbnail_grossTrial,thumbnail_grossTrial.png,1245.0,1080.0,337.0,0.0,798.0,692.0,Unclassified,17.0,154.0,,,,,,
26804,27451442,1400466722729,Eye Tracker,Participant0058,17.09.2021,Participant0058,Recording4,17.09.2021,17.09.2021,14:48:45.713,12:48:45.713,64514,Timeline2,Tobii I-VT (Fixation),1.145.28180,1080,1920,"10,00",695315098.0,,,,,,,,,,,,,,,,,Invalid,Invalid,,,,,,,,,,,,,,,,,thumbnail_grossTrial,thumbnail_grossTrial.png,1245.0,1080.0,337.0,0.0,798.0,692.0,EyesNotFound,8.0,125.0,,,,,,
26805,27459764,1400466731051,Eye Tracker,Participant0058,17.09.2021,Participant0058,Recording4,17.09.2021,17.09.2021,14:48:45.713,12:48:45.713,64514,Timeline2,Tobii I-VT (Fixation),1.145.28180,1080,1920,"10,00",695323420.0,,,748.0,576.0,733.0,598.0,762.0,555.0,"-0,06211","0,12115","-0,99069","-0,15825","0,09908","-0,98241",,,Valid,Valid,"233,3","100,3","517,4","292,2","99,7","516,8","200,8","163,6","208,9","151,9","0,3294","0,5336","0,3175","0,5534","0,3412","0,5138",thumbnail_grossTrial,thumbnail_grossTrial.png,1245.0,1080.0,337.0,0.0,798.0,692.0,Saccade,42.0,98.0,,,,,,
26806,27468156,1400466739443,Eye Tracker,Participant0058,17.09.2021,Participant0058,Recording4,17.09.2021,17.09.2021,14:48:45.713,12:48:45.713,64514,Timeline2,Tobii I-VT (Fixation),1.145.28180,1080,1920,"10,00",695331812.0,,,747.0,558.0,732.0,579.0,762.0,538.0,"-0,06257","0,11160","-0,99178","-0,15835","0,09031","-0,98324",,,Valid,Valid,"233,2","100,2","517,4","292,2","99,7","516,8","200,6","158,4","208,9","147,1","0,3291","0,5169","0,3169","0,5360","0,3413","0,4978",thumbnail_grossTrial,thumbnail_grossTrial.png,1245.0,1080.0,337.0,0.0,798.0,692.0,Saccade,42.0,98.0,,,,,,
26807,27476441,1400466747728,Eye Tracker,Participant0058,17.09.2021,Participant0058,Recording4,17.09.2021,17.09.2021,14:48:45.713,12:48:45.713,64514,Timeline2,Tobii I-VT (Fixation),1.145.28180,1080,1920,"10,00",695340097.0,,,749.0,528.0,735.0,544.0,763.0,512.0,"-0,06144","0,09393","-0,99368","-0,15839","0,07734","-0,98434","4,74","5,24",Valid,Valid,"233,3","100,0","517,5","292,2","99,5","516,8","201,3","148,9","209,0","140,1","0,3302","0,4889","0,3190","0,5039","0,3415","0,4740",thumbnail_grossTrial,thumbnail_grossTrial.png,1245.0,1080.0,337.0,0.0,798.0,692.0,Saccade,42.0,98.0,,,,,,
26808,27484763,1400466756050,Eye Tracker,Participant0058,17.09.2021,Participant0058,Recording4,17.09.2021,17.09.2021,14:48:45.713,12:48:45.713,64514,Timeline2,Tobii I-VT (Fixation),1.145.28180,1080,1920,"10,00",695348418.0,,,766.0,489.0,747.0,504.0,785.0,473.0,"-0,05543","0,07313","-0,99578","-0,14703","0,05778","-0,98744",,,Valid,Valid,"233,4","99,9","517,4","292,2","99,3","516,6","204,6","137,9","215,3","129,6","0,3443","0,4524","0,3287","0,4664","0,3599","0,4384",thumbnail_grossTrial,thumbnail_grossTrial.png,1245.0,1080.0,337.0,0.0,798.0,692.0,Saccade,42.0,98.0,,,,,,
26809,27493127,1400466764414,Eye Tracker,Participant0058,17.09.2021,Participant0058,Recording4,17.09.2021,17.09.2021,14:48:45.713,12:48:45.713,64514,Timeline2,Tobii I-VT (Fixation),1.145.28180,1080,1920,"10,00",695356782.0,,,777.0,373.0,745.0,388.0,809.0,357.0,"-0,05669","0,01282","-0,99831","-0,13513","-0,00296","-0,99082",,,Valid,Valid,"233,4","99,6","517,4","292,1","99,2","516,6","204,1","106,3","221,6","97,7","0,3528","0,3450","0,3270","0,3595","0,3785","0,3304",thumbnail_grossTrial,thumbnail_grossTrial.png,1245.0,1080.0,337.0,0.0,798.0,692.0,Saccade,42.0,98.0,,,,,,
26810,27501482,1400466772769,Eye Tracker,Participant0058,17.09.2021,Participant0058,Recording4,17.09.2021,17.09.2021,14:48:45.713,12:48:45.713,64514,Timeline2,Tobii I-VT (Fixation),1.145.28180,1080,1920,"10,00",695365137.0,,,,,,,,,,,,,,,,,Invalid,Invalid,,,,,,,,,,,,,,,,,thumbnail_grossTrial,thumbnail_grossTrial.png,1245.0,1080.0,337.0,0.0,798.0,692.0,EyesNotFound,8.0,126.0,,,,,,
26811,27509762,1400466781049,Eye Tracker,Participant0058,17.09.2021,Participant0058,Recording4,17.09.2021,17.09.2021,14:48:45.713,12:48:45.713,64514,Timeline2,Tobii I-VT (Fixation),1.145.28180,1080,1920,"10,00",695373416.0,,,790.0,314.0,761.0,335.0,819.0,292.0,"-0,04868","-0,01515","-0,99870","-0,12960","-0,03661","-0,99089",,,Valid,Valid,"233,7","99,4","517,4","292,1","99,1","516,4","208,4","91,6","224,6","80,0","0,3635","0,2903","0,3398","0,3099","0,3872","0,2707",thumbnail_grossTrial,thumbnail_grossTrial.png,1245.0,1080.0,337.0,0.0,798.0,692.0,Unclassified,17.0,155.0,,,,,,
26812,27518117,1400466789404,Eye Tracker,Participant0058,17.09.2021,Participant0058,Recording4,17.09.2021,17.09.2021,14:48:45.713,12:48:45.713,64514,Timeline2,Tobii I-VT (Fixation),1.145.28180,1080,1920,"10,00",695381771.0,,,826.0,150.0,798.0,174.0,854.0,126.0,"-0,02887","-0,09919","-0,99465","-0,11054","-0,12350","-0,98617",,,Valid,Valid,"233,6","99,3","517,4","292,1","99,0","516,4","218,6","47,7","234,2","34,4","0,3924","0,1389","0,3695","0,1615","0,4152","0,1163",thumbnail_grossTrial,thumbnail_grossTrial.png,1245.0,1080.0,337.0,0.0,798.0,692.0,Unclassified,17.0,155.0,,,,,,
26813,27526428,1400466797715,Eye Tracker,Participant0058,17.09.2021,Participant0058,Recording4,17.09.2021,17.09.2021,14:48:45.713,12:48:45.713,64514,Timeline2,Tobii I-VT (Fixation),1.145.28180,1080,1920,"10,00",695390082.0,,,,,,,,,,,,,,,,,Invalid,Invalid,,,,,,,,,,,,,,,,,thumbnail_grossTrial,thumbnail_grossTrial.png,1245.0,1080.0,337.0,0.0,798.0,692.0,EyesNotFound,8.0,127.0,,,,,,
26814,27534758,1400466806045,Eye Tracker,Participant0058,17.09.2021,Participant0058,Recording4,17.09.2021,17.09.2021,14:48:45.713,12:48:45.713,64514,Timeline2,Tobii I-VT (Fixation),1.145.28180,1080,1920,"10,00",695398412.0,,,835.0,130.0,805.0,147.0,864.0,114.0,"-0,02502","-0,11363","-0,99321","-0,10547","-0,12969","-0,98593",,,Valid,Valid,"233,8","99,4","517,4","292,1","99,1","516,3","220,7","40,2","236,9","31,2","0,3995","0,1208","0,3758","0,1361","0,4232","0,1056",thumbnail_grossTrial,thumbnail_grossTrial.png,1245.0,1080.0,337.0,0.0,798.0,692.0,Unclassified,17.0,156.0,,,,,,
26815,27543062,1400466814349,Eye Tracker,Participant0058,17.09.2021,Participant0058,Recording4,17.09.2021,17.09.2021,14:48:45.713,12:48:45.713,64514,Timeline2,Tobii I-VT (Fixation),1.145.28180,1080,1920,"10,00",695406715.0,,,838.0,131.0,816.0,146.0,859.0,115.0,"-0,01918","-0,11414","-0,99328","-0,10801","-0,12915","-0,98573",,,Valid,Valid,"233,6","99,4","517,4","292,1","99,1","516,2","223,6","40,0","235,5","31,5","0,4018","0,1209","0,3844","0,1352","0,4191","0,1066",thumbnail_grossTrial,thumbnail_grossTrial.png,1245.0,1080.0,337.0,0.0,798.0,692.0,Unclassified,17.0,156.0,,,,,,
26816,27551427,1400466822714,Eye Tracker,Participant0058,17.09.2021,Participant0058,Recording4,17.09.2021,17.09.2021,14:48:45.713,12:48:45.713,64514,Timeline2,Tobii I-VT (Fixation),1.145.28180,1080,1920,"10,00",695415080.0,,,,,,,,,,,,,,,,,Invalid,Invalid,,,,,,,,,,,,,,,,,thumbnail_grossTrial,thumbnail_grossTrial.png,1245.0,1080.0,337.0,0.0,798.0,692.0,EyesNotFound,8.0,128.0,,,,,,
26817,27559808,1400466831095,Eye Tracker,Participant0058,17.09.2021,Participant0058,Recording4,17.09.2021,17.09.2021,14:48:45.713,12:48:45.713,64514,Timeline2,Tobii I-VT (Fixation),1.145.28180,1080,1920,"10,00",695423461.0,,,840.0,139.0,825.0,156.0,856.0,121.0,"-0,01471","-0,10910","-0,99392","-0,11005","-0,12607","-0,98590",,,Valid,Valid,"233,7","99,5","517,4","292,2","99,2","516,2","226,1","42,7","234,5","33,2","0,4039","0,1283","0,3915","0,1444","0,4163","0,1123",thumbnail_grossTrial,thumbnail_grossTrial.png,1245.0,1080.0,337.0,0.0,798.0,692.0,Unclassified,17.0,157.0,,,,,,
26818,27568060,1400466839347,Eye Tracker,Participant0058,17.09.2021,Participant0058,Recording4,17.09.2021,17.09.2021,14:48:45.713,12:48:45.713,64514,Timeline2,Tobii I-VT (Fixation),1.145.28180,1080,1920,"10,00",695431713.0,,,831.0,136.0,818.0,136.0,845.0,135.0,"-0,01833","-0,11954","-0,99266","-0,11570","-0,11868","-0,98617",,,Valid,Valid,"233,6","99,5","517,3","292,1","99,2","516,1","224,1","37,2","231,5","37,1","0,3966","0,1256","0,3857","0,1257","0,4075","0,1255",thumbnail_grossTrial,thumbnail_grossTrial.png,1245.0,1080.0,337.0,0.0,798.0,692.0,Unclassified,17.0,157.0,,,,,,
26819,27576424,1400466847711,Eye Tracker,Participant0058,17.09.2021,Participant0058,Recording4,17.09.2021,17.09.2021,14:48:45.713,12:48:45.713,64514,Timeline2,Tobii I-VT (Fixation),1.145.28180,1080,1920,"10,00",695440076.0,,,,,,,,,,,,,,,,,Invalid,Invalid,,,,,,,,,,,,,,,,,thumbnail_grossTrial,thumbnail_grossTrial.png,1245.0,1080.0,337.0,0.0,798.0,692.0,EyesNotFound,8.0,129.0,,,,,,
26820,27584754,1400466856041,Eye Tracker,Participant0058,17.09.2021,Participant0058,Recording4,17.09.2021,17.09.2021,14:48:45.713,12:48:45.713,64514,Timeline2,Tobii I-VT (Fixation),1.145.28180,1080,1920,"10,00",695448406.0,,,833.0,128.0,823.0,135.0,844.0,120.0,"-0,01558","-0,11998","-0,99265","-0,11636","-0,12693","-0,98506",,,Valid,Valid,"233,7","99,6","517,2","292,2","99,3","515,9","225,6","37,1","231,2","32,8","0,3984","0,1182","0,3902","0,1254","0,4066","0,1110",thumbnail_grossTrial,thumbnail_grossTrial.png,1245.0,1080.0,337.0,0.0,798.0,692.0,Saccade,25.0,99.0,,,,,,
26821,27593056,1400466864343,Eye Tracker,Participant0058,17.09.2021,Participant0058,Recording4,17.09.2021,17.09.2021,14:48:45.713,12:48:45.713,64514,Timeline2,Tobii I-VT (Fixation),1.145.28180,1080,1920,"10,00",695456708.0,,,846.0,122.0,830.0,139.0,861.0,105.0,"-0,01195","-0,11833","-0,99290","-0,10697","-0,13489","-0,98507",,,Valid,Valid,"233,6","99,6","517,0","292,1","99,3","515,8","227,4","38,0","236,1","28,7","0,4081","0,1127","0,3954","0,1284","0,4208","0,0971",thumbnail_grossTrial,thumbnail_grossTrial.png,1245.0,1080.0,337.0,0.0,798.0,692.0,Saccade,25.0,99.0,,,,,,
26822,27601393,1400466872680,Eye Tracker,Participant0058,17.09.2021,Participant0058,Recording4,17.09.2021,17.09.2021,14:48:45.713,12:48:45.713,64514,Timeline2,Tobii I-VT (Fixation),1.145.28180,1080,1920,"10,00",695465044.0,,,852.0,147.0,,,852.0,147.0,,,,"-0,11198","-0,11278","-0,98729",,"4,69",Invalid,Valid,,,,"292,1","99,2","515,7",,,"233,6","40,3","0,4135","0,1362",,,"0,4135","0,1362",thumbnail_grossTrial,thumbnail_grossTrial.png,1245.0,1080.0,337.0,0.0,798.0,692.0,Saccade,25.0,99.0,,,,,,
26823,27609739,1400466881026,Eye Tracker,Participant0058,17.09.2021,Participant0058,Recording4,17.09.2021,17.09.2021,14:48:45.713,12:48:45.713,64514,Timeline2,Tobii I-VT (Fixation),1.145.28180,1080,1920,"10,00",695473390.0,,,842.0,148.0,832.0,145.0,851.0,151.0,"-0,01112","-0,11513","-0,99329","-0,11264","-0,11126","-0,98739",,,Valid,Valid,"233,7","99,7","516,8","292,2","99,4","515,6","227,9","39,8","233,3","41,3","0,4049","0,1372","0,3970","0,1347","0,4128","0,1398",thumbnail_grossTrial,thumbnail_grossTrial.png,1245.0,1080.0,337.0,0.0,798.0,692.0,Unclassified,58.0,158.0,,,,,,
26824,27618071,1400466889358,Eye Tracker,Participant0058,17.09.2021,Participant0058,Recording4,17.09.2021,17.09.2021,14:48:45.713,12:48:45.713,64514,Timeline2,Tobii I-VT (Fixation),1.145.28180,1080,1920,"10,00",695481722.0,,,834.0,163.0,830.0,163.0,839.0,163.0,"-0,01203","-0,10615","-0,99428","-0,11924","-0,10520","-0,98728",,,Valid,Valid,"233,6","99,7","516,6","292,1","99,5","515,5","227,4","44,6","229,8","44,6","0,3989","0,1508","0,3953","0,1508","0,4025","0,1507",thumbnail_grossTrial,thumbnail_grossTrial.png,1245.0,1080.0,337.0,0.0,798.0,692.0,Unclassified,58.0,158.0,,,,,,
26825,27626403,1400466897690,Eye Tracker,Participant0058,17.09.2021,Participant0058,Recording4,17.09.2021,17.09.2021,14:48:45.713,12:48:45.713,64514,Timeline2,Tobii I-VT (Fixation),1.145.28180,1080,1920,"10,00",695490054.0,,,837.0,168.0,,,837.0,168.0,,,,"-0,11986","-0,10251","-0,98748",,"4,69",Invalid,Valid,,,,"292,1","99,4","515,3",,,"229,5","45,9","0,4016","0,1552",,,"0,4016","0,1552",thumbnail_grossTrial,thumbnail_grossTrial.png,1245.0,1080.0,337.0,0.0,798.0,692.0,Unclassified,58.0,158.0,,,,,,
26826,27634747,1400466906034,Eye Tracker,Participant0058,17.09.2021,Participant0058,Recording4,17.09.2021,17.09.2021,14:48:45.713,12:48:45.713,64514,Timeline2,Tobii I-VT (Fixation),1.145.28180,1080,1920,"10,00",695498397.0,,,835.0,167.0,831.0,166.0,838.0,167.0,"-0,01166","-0,10504","-0,99440","-0,11956","-0,10353","-0,98741",,,Valid,Valid,"233,7","100,0","516,1","292,1","99,7","515,0","227,7","45,4","229,8","45,7","0,3993","0,1542","0,3962","0,1537","0,4023","0,1546",thumbnail_grossTrial,thumbnail_grossTrial.png,1245.0,1080.0,337.0,0.0,798.0,692.0,Unclassified,58.0,158.0,,,,,,
26827,27643053,1400466914340,Eye Tracker,Participant0058,17.09.2021,Participant0058,Recording4,17.09.2021,17.09.2021,14:48:45.713,12:48:45.713,64514,Timeline2,Tobii I-VT (Fixation),1.145.28180,1080,1920,"10,00",695506703.0,,,835.0,157.0,829.0,151.0,841.0,162.0,"-0,01241","-0,11291","-0,99353","-0,11822","-0,10640","-0,98727",,,Valid,Valid,"233,6","100,0","515,9","292,0","99,8","514,8","227,2","41,4","230,4","44,3","0,3995","0,1450","0,3948","0,1401","0,4041","0,1499",thumbnail_grossTrial,thumbnail_grossTrial.png,1245.0,1080.0,337.0,0.0,798.0,692.0,Unclassified,58.0,158.0,,,,,,
26828,27651393,1400466922680,Eye Tracker,Participant0058,17.09.2021,Participant0058,Recording4,17.09.2021,17.09.2021,14:48:45.713,12:48:45.713,64514,Timeline2,Tobii I-VT (Fixation),1.145.28180,1080,1920,"10,00",695515043.0,,,843.0,162.0,,,843.0,162.0,,,,"-0,11698","-0,10605","-0,98746",,"4,67",Invalid,Valid,,,,"292,0","99,7","514,5",,,"231,0","44,4","0,4061","0,1503",,,"0,4061","0,1503",thumbnail_grossTrial,thumbnail_grossTrial.png,1245.0,1080.0,337.0,0.0,798.0,692.0,Unclassified,58.0,158.0,,,,,,
26829,27659749,1400466931036,Eye Tracker,Participant0058,17.09.2021,Participant0058,Recording4,17.09.2021,17.09.2021,14:48:45.713,12:48:45.713,64514,Timeline2,Tobii I-VT (Fixation),1.145.28180,1080,1920,"10,00",695523399.0,,,838.0,157.0,829.0,152.0,848.0,162.0,"-0,01279","-0,11322","-0,99349","-0,11473","-0,10671","-0,98765",,,Valid,Valid,"233,7","100,3","515,4","292,1","100,0","514,3","227,1","41,6","232,3","44,5","0,4022","0,1455","0,3945","0,1406","0,4098","0,1504",thumbnail_grossTrial,thumbnail_grossTrial.png,1245.0,1080.0,337.0,0.0,798.0,692.0,Unclassified,58.0,158.0,,,,,,
26830,27668050,1400466939337,Eye Tracker,Participant0058,17.09.2021,Participant0058,Recording4,17.09.2021,17.09.2021,14:48:45.713,12:48:45.713,64514,Timeline2,Tobii I-VT (Fixation),1.145.28180,1080,1920,"10,00",695531699.0,,,845.0,144.0,843.0,130.0,847.0,158.0,"-0,00519","-0,12488","-0,99216","-0,11470","-0,10916","-0,98738",,,Valid,Valid,"233,7","100,4","515,1","292,0","100,1","514,0","231,0","35,6","232,3","43,3","0,4078","0,1334","0,4059","0,1203","0,4097","0,1465",thumbnail_grossTrial,thumbnail_grossTrial.png,1245.0,1080.0,337.0,0.0,798.0,692.0,Saccade,25.0,100.0,,,,,,
26831,27676415,1400466947702,Eye Tracker,Participant0058,17.09.2021,Participant0058,Recording4,17.09.2021,17.09.2021,14:48:45.713,12:48:45.713,64514,Timeline2,Tobii I-VT (Fixation),1.145.28180,1080,1920,"10,00",695540064.0,,,845.0,143.0,,,845.0,143.0,,,,"-0,11592","-0,11699","-0,98634",,"4,66",Invalid,Valid,,,,"292,0","100,1","513,7",,,"231,6","39,2","0,4077","0,1327",,,"0,4077","0,1327",thumbnail_grossTrial,thumbnail_grossTrial.png,1245.0,1080.0,337.0,0.0,798.0,692.0,Saccade,25.0,100.0,,,,,,
26832,27684748,1400466956035,Eye Tracker,Participant0058,17.09.2021,Participant0058,Recording4,17.09.2021,17.09.2021,14:48:45.713,12:48:45.713,64514,Timeline2,Tobii I-VT (Fixation),1.145.28180,1080,1920,"10,00",695548397.0,,,832.0,125.0,827.0,106.0,836.0,144.0,"-0,01344","-0,13816","-0,99032","-0,12070","-0,11705","-0,98577",,,Valid,Valid,"233,8","100,7","514,5","292,0","100,4","513,4","226,8","28,9","229,1","39,4","0,3970","0,1155","0,3936","0,0977","0,4005","0,1334",thumbnail_grossTrial,thumbnail_grossTrial.png,1245.0,1080.0,337.0,0.0,798.0,692.0,Saccade,25.0,100.0,,,,,,
26833,27693048,1400466964335,Eye Tracker,Participant0058,17.09.2021,Participant0058,Recording4,17.09.2021,17.09.2021,14:48:45.713,12:48:45.713,64514,Timeline2,Tobii I-VT (Fixation),1.145.28180,1080,1920,"10,00",695556697.0,,,814.0,135.0,795.0,122.0,832.0,149.0,"-0,03067","-0,12977","-0,99107","-0,12250","-0,11482","-0,98580",,,Valid,Valid,"233,7","100,7","514,2","291,9","100,5","513,2","217,8","33,4","228,2","40,7","0,3824","0,1254","0,3672","0,1130","0,3976","0,1378",thumbnail_grossTrial,thumbnail_grossTrial.png,1245.0,1080.0,337.0,0.0,798.0,692.0,Unclassified,58.0,159.0,,,,,,
26834,27701386,1400466972673,Eye Tracker,Participant0058,17.09.2021,Participant0058,Recording4,17.09.2021,17.09.2021,14:48:45.713,12:48:45.713,64514,Timeline2,Tobii I-VT (Fixation),1.145.28180,1080,1920,"10,00",695565034.0,,,839.0,141.0,,,839.0,141.0,,,,"-0,11895","-0,11879","-0,98577",,"4,65",Invalid,Valid,,,,"291,9","100,5","512,9",,,"230,0","38,7","0,4031","0,1309",,,"0,4031","0,1309",thumbnail_grossTrial,thumbnail_grossTrial.png,1245.0,1080.0,337.0,0.0,798.0,692.0,Unclassified,58.0,159.0,,,,,,
26835,27709715,1400466981002,Eye Tracker,Participant0058,17.09.2021,Participant0058,Recording4,17.09.2021,17.09.2021,14:48:45.713,12:48:45.713,64514,Timeline2,Tobii I-VT (Fixation),1.145.28180,1080,1920,"10,00",695573363.0,,,832.0,140.0,824.0,128.0,840.0,152.0,"-0,01534","-0,12741","-0,99173","-0,11874","-0,11370","-0,98639",,,Valid,Valid,"233,8","101,0","513,7","291,9","100,7","512,6","225,8","35,0","230,2","41,6","0,3972","0,1296","0,3908","0,1183","0,4036","0,1408",thumbnail_grossTrial,thumbnail_grossTrial.png,1245.0,1080.0,337.0,0.0,798.0,692.0,Unclassified,58.0,159.0,,,,,,
26836,27718047,1400466989334,Eye Tracker,Participant0058,17.09.2021,Participant0058,Recording4,17.09.2021,17.09.2021,14:48:45.713,12:48:45.713,64514,Timeline2,Tobii I-VT (Fixation),1.145.28180,1080,1920,"10,00",695581695.0,,,820.0,139.0,807.0,128.0,834.0,149.0,"-0,02427","-0,12724","-0,99158","-0,12182","-0,11539","-0,98582",,,Valid,Valid,"233,7","101,0","513,5","291,9","100,8","512,5","221,1","35,1","228,5","40,8","0,3879","0,1284","0,3771","0,1188","0,3987","0,1380",thumbnail_grossTrial,thumbnail_grossTrial.png,1245.0,1080.0,337.0,0.0,798.0,692.0,Unclassified,58.0,159.0,,,,,,
26837,27726420,1400466997707,Eye Tracker,Participant0058,17.09.2021,Participant0058,Recording4,17.09.2021,17.09.2021,14:48:45.713,12:48:45.713,64514,Timeline2,Tobii I-VT (Fixation),1.145.28180,1080,1920,"10,00",695590067.0,,,846.0,140.0,,,846.0,140.0,,,,"-0,11551","-0,12024","-0,98600",,"4,63",Invalid,Valid,,,,"291,9","100,7","512,3",,,"231,8","38,2","0,4084","0,1294",,,"0,4084","0,1294",thumbnail_grossTrial,thumbnail_grossTrial.png,1245.0,1080.0,337.0,0.0,798.0,692.0,Unclassified,58.0,159.0,,,,,,
26838,27734713,1400467006000,Eye Tracker,Participant0058,17.09.2021,Participant0058,Recording4,17.09.2021,17.09.2021,14:48:45.713,12:48:45.713,64514,Timeline2,Tobii I-VT (Fixation),1.145.28180,1080,1920,"10,00",695598360.0,,,830.0,140.0,816.0,142.0,843.0,137.0,"-0,01955","-0,12041","-0,99253","-0,11697","-0,12199","-0,98562",,,Valid,Valid,"233,8","101,1","513,2","291,9","100,9","512,2","223,7","38,9","231,1","37,5","0,3953","0,1292","0,3845","0,1316","0,4062","0,1269",thumbnail_grossTrial,thumbnail_grossTrial.png,1245.0,1080.0,337.0,0.0,798.0,692.0,Unclassified,58.0,159.0,,,,,,
26839,27743045,1400467014332,Eye Tracker,Participant0058,17.09.2021,Participant0058,Recording4,17.09.2021,17.09.2021,14:48:45.713,12:48:45.713,64514,Timeline2,Tobii I-VT (Fixation),1.145.28180,1080,1920,"10,00",695606692.0,,,828.0,123.0,818.0,110.0,838.0,137.0,"-0,01813","-0,13695","-0,99041","-0,11947","-0,12223","-0,98529",,,Valid,Valid,"233,7","101,2","513,2","291,8","100,9","512,1","224,3","30,2","229,7","37,4","0,3943","0,1143","0,3863","0,1022","0,4022","0,1265",thumbnail_grossTrial,thumbnail_grossTrial.png,1245.0,1080.0,337.0,0.0,798.0,692.0,Unclassified,58.0,159.0,,,,,,
26840,27751381,1400467022668,Eye Tracker,Participant0058,17.09.2021,Participant0058,Recording4,17.09.2021,17.09.2021,14:48:45.713,12:48:45.713,64514,Timeline2,Tobii I-VT (Fixation),1.145.28180,1080,1920,"10,00",695615028.0,,,837.0,131.0,,,837.0,131.0,,,,"-0,12010","-0,12499","-0,98486",,"4,63",Invalid,Valid,,,,"291,8","100,9","512,1",,,"229,4","35,9","0,4012","0,1214",,,"0,4012","0,1214",thumbnail_grossTrial,thumbnail_grossTrial.png,1245.0,1080.0,337.0,0.0,798.0,692.0,Saccade,17.0,101.0,,,,,,
26841,27759795,1400467031082,Eye Tracker,Participant0058,17.09.2021,Participant0058,Recording4,17.09.2021,17.09.2021,14:48:45.713,12:48:45.713,64514,Timeline2,Tobii I-VT (Fixation),1.145.28180,1080,1920,"10,00",695623441.0,,,839.0,139.0,841.0,146.0,836.0,133.0,"-0,00612","-0,11857","-0,99293","-0,12055","-0,12426","-0,98490",,,Valid,Valid,"233,8","101,2","513,1","291,9","101,0","512,1","230,6","39,9","229,2","36,4","0,4027","0,1291","0,4048","0,1351","0,4006","0,1230",thumbnail_grossTrial,thumbnail_grossTrial.png,1245.0,1080.0,337.0,0.0,798.0,692.0,Saccade,17.0,101.0,,,,,,
26842,27768075,1400467039362,Eye Tracker,Participant0058,17.09.2021,Participant0058,Recording4,17.09.2021,17.09.2021,14:48:45.713,12:48:45.713,64514,Timeline2,Tobii I-VT (Fixation),1.145.28180,1080,1920,"10,00",695631721.0,,,835.0,155.0,829.0,176.0,841.0,133.0,"-0,01265","-0,10271","-0,99463","-0,11785","-0,12389","-0,98527",,,Valid,Valid,"233,7","101,2","513,1","291,8","100,9","512,2","227,2","48,2","230,6","36,5","0,3997","0,1433","0,3947","0,1631","0,4047","0,1236",thumbnail_grossTrial,thumbnail_grossTrial.png,1245.0,1080.0,337.0,0.0,798.0,692.0,Fixation,158.0,61.0,843.0,162.0,"0,4057","0,1501",,
26843,27776434,1400467047721,Eye Tracker,Participant0058,17.09.2021,Participant0058,Recording4,17.09.2021,17.09.2021,14:48:45.713,12:48:45.713,64514,Timeline2,Tobii I-VT (Fixation),1.145.28180,1080,1920,"10,00",695640080.0,,,836.0,157.0,829.0,176.0,843.0,137.0,"-0,01256","-0,10223","-0,99468","-0,11703","-0,12171","-0,98564","5,07","4,62",Valid,Valid,"233,7","100,9","513,2","291,8","100,8","512,3","227,2","48,2","231,0","37,6","0,4004","0,1451","0,3947","0,1631","0,4060","0,1271",thumbnail_grossTrial,thumbnail_grossTrial.png,1245.0,1080.0,337.0,0.0,798.0,692.0,Fixation,158.0,61.0,843.0,162.0,"0,4057","0,1501",,
26844,27784737,1400467056024,Eye Tracker,Participant0058,17.09.2021,Participant0058,Recording4,17.09.2021,17.09.2021,14:48:45.713,12:48:45.713,64514,Timeline2,Tobii I-VT (Fixation),1.145.28180,1080,1920,"10,00",695648383.0,,,839.0,149.0,832.0,165.0,845.0,133.0,"-0,01089","-0,10875","-0,99401","-0,11577","-0,12387","-0,98552",,,Valid,Valid,"233,8","101,2","513,3","291,9","100,9","512,3","228,2","45,0","231,7","36,5","0,4028","0,1379","0,3976","0,1523","0,4080","0,1235",thumbnail_grossTrial,thumbnail_grossTrial.png,1245.0,1080.0,337.0,0.0,798.0,692.0,Fixation,158.0,61.0,843.0,162.0,"0,4057","0,1501",,
26845,27793069,1400467064356,Eye Tracker,Participant0058,17.09.2021,Participant0058,Recording4,17.09.2021,17.09.2021,14:48:45.713,12:48:45.713,64514,Timeline2,Tobii I-VT (Fixation),1.145.28180,1080,1920,"10,00",695656714.0,,,839.0,145.0,835.0,148.0,844.0,143.0,"-0,00939","-0,11752","-0,99303","-0,11652","-0,11886","-0,98605",,,Valid,Valid,"233,7","101,1","513,4","291,8","100,8","512,5","228,9","40,4","231,3","39,0","0,4032","0,1343","0,3996","0,1366","0,4068","0,1321",thumbnail_grossTrial,thumbnail_grossTrial.png,1245.0,1080.0,337.0,0.0,798.0,692.0,Fixation,158.0,61.0,843.0,162.0,"0,4057","0,1501",,
26846,27801458,1400467072745,Eye Tracker,Participant0058,17.09.2021,Participant0058,Recording4,17.09.2021,17.09.2021,14:48:45.713,12:48:45.713,64514,Timeline2,Tobii I-VT (Fixation),1.145.28180,1080,1920,"10,00",695665103.0,,,,,,,,,,,,,,,,,Invalid,Invalid,,,,,,,,,,,,,,,,,thumbnail_grossTrial,thumbnail_grossTrial.png,1245.0,1080.0,337.0,0.0,798.0,692.0,Fixation,158.0,61.0,843.0,162.0,"0,4057","0,1501",,
26847,27809739,1400467081026,Eye Tracker,Participant0058,17.09.2021,Participant0058,Recording4,17.09.2021,17.09.2021,14:48:45.713,12:48:45.713,64514,Timeline2,Tobii I-VT (Fixation),1.145.28180,1080,1920,"10,00",695673384.0,,,848.0,169.0,848.0,194.0,847.0,143.0,"-0,00243","-0,09289","-0,99567","-0,11496","-0,11843","-0,98629",,,Valid,Valid,"233,8","101,1","513,4","291,9","100,8","512,7","232,5","53,2","232,2","39,2","0,4099","0,1563","0,4104","0,1800","0,4094","0,1326",thumbnail_grossTrial,thumbnail_grossTrial.png,1245.0,1080.0,337.0,0.0,798.0,692.0,Fixation,158.0,61.0,843.0,162.0,"0,4057","0,1501",,
26848,27818040,1400467089327,Eye Tracker,Participant0058,17.09.2021,Participant0058,Recording4,17.09.2021,17.09.2021,14:48:45.713,12:48:45.713,64514,Timeline2,Tobii I-VT (Fixation),1.145.28180,1080,1920,"10,00",695681684.0,,,849.0,168.0,852.0,191.0,846.0,146.0,"-0,00053","-0,09459","-0,99552","-0,11562","-0,11704","-0,98637",,,Valid,Valid,"233,7","101,1","513,5","291,9","100,7","512,8","233,4","52,3","231,8","39,8","0,4106","0,1558","0,4131","0,1769","0,4082","0,1348",thumbnail_grossTrial,thumbnail_grossTrial.png,1245.0,1080.0,337.0,0.0,798.0,692.0,Fixation,158.0,61.0,843.0,162.0,"0,4057","0,1501",,
26849,27826414,1400467097701,Eye Tracker,Participant0058,17.09.2021,Participant0058,Recording4,17.09.2021,17.09.2021,14:48:45.713,12:48:45.713,64514,Timeline2,Tobii I-VT (Fixation),1.145.28180,1080,1920,"10,00",695690058.0,,,,,,,,,,,,,,,,,Invalid,Invalid,,,,,,,,,,,,,,,,,thumbnail_grossTrial,thumbnail_grossTrial.png,1245.0,1080.0,337.0,0.0,798.0,692.0,Fixation,158.0,61.0,843.0,162.0,"0,4057","0,1501",,
26850,27834750,1400467106037,Eye Tracker,Participant0058,17.09.2021,Participant0058,Recording4,17.09.2021,17.09.2021,14:48:45.713,12:48:45.713,64514,Timeline2,Tobii I-VT (Fixation),1.145.28180,1080,1920,"10,00",695698394.0,,,841.0,128.0,824.0,124.0,859.0,132.0,"-0,01522","-0,12964","-0,99144","-0,10895","-0,12404","-0,98628",,,Valid,Valid,"233,8","101,1","513,6","292,0","100,6","513,0","225,9","33,9","235,3","36,1","0,4048","0,1184","0,3910","0,1147","0,4185","0,1222",thumbnail_grossTrial,thumbnail_grossTrial.png,1245.0,1080.0,337.0,0.0,798.0,692.0,Fixation,158.0,61.0,843.0,162.0,"0,4057","0,1501",,
26851,27843038,1400467114325,Eye Tracker,Participant0058,17.09.2021,Participant0058,Recording4,17.09.2021,17.09.2021,14:48:45.713,12:48:45.713,64514,Timeline2,Tobii I-VT (Fixation),1.145.28180,1080,1920,"10,00",695706682.0,,,847.0,126.0,833.0,125.0,862.0,127.0,"-0,01036","-0,12917","-0,99157","-0,10716","-0,12650","-0,98616",,,Valid,Valid,"233,7","101,0","513,6","291,9","100,6","513,1","228,3","34,1","236,1","34,7","0,4095","0,1165","0,3981","0,1155","0,4210","0,1175",thumbnail_grossTrial,thumbnail_grossTrial.png,1245.0,1080.0,337.0,0.0,798.0,692.0,Fixation,158.0,61.0,843.0,162.0,"0,4057","0,1501",,
26852,27851371,1400467122658,Eye Tracker,Participant0058,17.09.2021,Participant0058,Recording4,17.09.2021,17.09.2021,14:48:45.713,12:48:45.713,64514,Timeline2,Tobii I-VT (Fixation),1.145.28180,1080,1920,"10,00",695715014.0,,,856.0,161.0,853.0,180.0,859.0,143.0,"0,00015","-0,09991","-0,99500","-0,10868","-0,11808","-0,98704","5,10","4,63",Valid,Valid,"233,6","100,8","513,6","291,9","100,4","513,2","233,7","49,2","235,4","39,1","0,4164","0,1493","0,4139","0,1665","0,4189","0,1321",thumbnail_grossTrial,thumbnail_grossTrial.png,1245.0,1080.0,337.0,0.0,798.0,692.0,Fixation,158.0,61.0,843.0,162.0,"0,4057","0,1501",,
26853,27859704,1400467130991,Eye Tracker,Participant0058,17.09.2021,Participant0058,Recording4,17.09.2021,17.09.2021,14:48:45.713,12:48:45.713,64514,Timeline2,Tobii I-VT (Fixation),1.145.28180,1080,1920,"10,00",695723347.0,,,847.0,163.0,849.0,183.0,846.0,143.0,"-0,00234","-0,09879","-0,99511","-0,11571","-0,11788","-0,98626",,,Valid,Valid,"233,8","101,1","513,6","292,0","100,5","513,2","232,6","50,1","231,8","39,2","0,4094","0,1510","0,4105","0,1694","0,4082","0,1325",thumbnail_grossTrial,thumbnail_grossTrial.png,1245.0,1080.0,337.0,0.0,798.0,692.0,Fixation,158.0,61.0,843.0,162.0,"0,4057","0,1501",,
26854,27868068,1400467139355,Eye Tracker,Participant0058,17.09.2021,Participant0058,Recording4,17.09.2021,17.09.2021,14:48:45.713,12:48:45.713,64514,Timeline2,Tobii I-VT (Fixation),1.145.28180,1080,1920,"10,00",695731711.0,,,839.0,176.0,837.0,203.0,842.0,150.0,"-0,00824","-0,08838","-0,99605","-0,11769","-0,11443","-0,98643",,,Valid,Valid,"233,7","101,1","513,5","291,9","100,5","513,2","229,4","55,5","230,7","40,9","0,4032","0,1631","0,4014","0,1878","0,4050","0,1385",thumbnail_grossTrial,thumbnail_grossTrial.png,1245.0,1080.0,337.0,0.0,798.0,692.0,Fixation,158.0,61.0,843.0,162.0,"0,4057","0,1501",,
26855,27876397,1400467147684,Eye Tracker,Participant0058,17.09.2021,Participant0058,Recording4,17.09.2021,17.09.2021,14:48:45.713,12:48:45.713,64514,Timeline2,Tobii I-VT (Fixation),1.145.28180,1080,1920,"10,00",695740040.0,,,837.0,180.0,834.0,212.0,840.0,147.0,"-0,00981","-0,08298","-0,99650","-0,11866","-0,11559","-0,98618","4,64","4,63",Valid,Valid,"233,6","100,9","513,4","291,9","100,4","513,3","228,6","58,1","230,2","40,2","0,4012","0,1664","0,3989","0,1966","0,4035","0,1362",thumbnail_grossTrial,thumbnail_grossTrial.png,1245.0,1080.0,337.0,0.0,798.0,692.0,Fixation,158.0,61.0,843.0,162.0,"0,4057","0,1501",,
26856,27884737,1400467156024,Eye Tracker,Participant0058,17.09.2021,Participant0058,Recording4,17.09.2021,17.09.2021,14:48:45.713,12:48:45.713,64514,Timeline2,Tobii I-VT (Fixation),1.145.28180,1080,1920,"10,00",695748379.0,,,838.0,185.0,841.0,217.0,836.0,152.0,"-0,00657","-0,08143","-0,99666","-0,12104","-0,11306","-0,98619",,,Valid,Valid,"233,8","101,3","512,9","292,0","100,5","513,1","230,4","59,4","229,0","41,7","0,4021","0,1711","0,4042","0,2011","0,4001","0,1411",thumbnail_grossTrial,thumbnail_grossTrial.png,1245.0,1080.0,337.0,0.0,798.0,692.0,Fixation,158.0,61.0,843.0,162.0,"0,4057","0,1501",,
26857,27893033,1400467164320,Eye Tracker,Participant0058,17.09.2021,Participant0058,Recording4,17.09.2021,17.09.2021,14:48:45.713,12:48:45.713,64514,Timeline2,Tobii I-VT (Fixation),1.145.28180,1080,1920,"10,00",695756675.0,,,842.0,173.0,848.0,198.0,836.0,148.0,"-0,00255","-0,09190","-0,99577","-0,12055","-0,11529","-0,98599",,,Valid,Valid,"233,7","101,5","512,4","291,9","100,6","513,0","232,4","54,2","229,2","40,6","0,4053","0,1604","0,4101","0,1835","0,4006","0,1373",thumbnail_grossTrial,thumbnail_grossTrial.png,1245.0,1080.0,337.0,0.0,798.0,692.0,Fixation,158.0,61.0,843.0,162.0,"0,4057","0,1501",,
26858,27901364,1400467172651,Eye Tracker,Participant0058,17.09.2021,Participant0058,Recording4,17.09.2021,17.09.2021,14:48:45.713,12:48:45.713,64514,Timeline2,Tobii I-VT (Fixation),1.145.28180,1080,1920,"10,00",695765006.0,,,840.0,153.0,,,840.0,153.0,,,,"-0,11873","-0,11265","-0,98652",,"4,62",Invalid,Valid,,,,"291,9","100,6","512,9",,,"230,2","42,0","0,4035","0,1421",,,"0,4035","0,1421",thumbnail_grossTrial,thumbnail_grossTrial.png,1245.0,1080.0,337.0,0.0,798.0,692.0,Fixation,158.0,61.0,843.0,162.0,"0,4057","0,1501",,
26859,27909701,1400467180988,Eye Tracker,Participant0058,17.09.2021,Participant0058,Recording4,17.09.2021,17.09.2021,14:48:45.713,12:48:45.713,64514,Timeline2,Tobii I-VT (Fixation),1.145.28180,1080,1920,"10,00",695773342.0,,,849.0,177.0,854.0,201.0,844.0,152.0,"0,00056","-0,09124","-0,99583","-0,11657","-0,11376","-0,98665",,,Valid,Valid,"233,8","101,9","511,6","291,9","100,7","512,6","234,1","55,0","231,4","41,6","0,4111","0,1635","0,4151","0,1862","0,4070","0,1409",thumbnail_grossTrial,thumbnail_grossTrial.png,1245.0,1080.0,337.0,0.0,798.0,692.0,Fixation,158.0,61.0,843.0,162.0,"0,4057","0,1501",,
26860,27918031,1400467189318,Eye Tracker,Participant0058,17.09.2021,Participant0058,Recording4,17.09.2021,17.09.2021,14:48:45.713,12:48:45.713,64514,Timeline2,Tobii I-VT (Fixation),1.145.28180,1080,1920,"10,00",695781672.0,,,848.0,177.0,851.0,205.0,844.0,149.0,"-0,00086","-0,08974","-0,99597","-0,11652","-0,11556","-0,98644",,,Valid,Valid,"233,8","102,0","511,2","291,9","100,8","512,4","233,3","56,0","231,4","40,8","0,4099","0,1637","0,4128","0,1894","0,4070","0,1380",thumbnail_grossTrial,thumbnail_grossTrial.png,1245.0,1080.0,337.0,0.0,798.0,692.0,Fixation,158.0,61.0,843.0,162.0,"0,4057","0,1501",,
26861,27926396,1400467197683,Eye Tracker,Participant0058,17.09.2021,Participant0058,Recording4,17.09.2021,17.09.2021,14:48:45.713,12:48:45.713,64514,Timeline2,Tobii I-VT (Fixation),1.145.28180,1080,1920,"10,00",695790037.0,,,,,,,,,,,,,,,,,Invalid,Invalid,,,,,,,,,,,,,,,,,thumbnail_grossTrial,thumbnail_grossTrial.png,1245.0,1080.0,337.0,0.0,798.0,692.0,EyesNotFound,8.0,130.0,,,,,,
26862,27934696,1400467205983,Eye Tracker,Participant0058,17.09.2021,Participant0058,Recording4,17.09.2021,17.09.2021,14:48:45.713,12:48:45.713,64514,Timeline2,Tobii I-VT (Fixation),1.145.28180,1080,1920,"10,00",695798337.0,,,847.0,154.0,851.0,159.0,844.0,149.0,"-0,00144","-0,11465","-0,99340","-0,11693","-0,11610","-0,98633",,,Valid,Valid,"233,9","102,3","510,6","291,9","101,0","512,0","233,1","43,4","231,2","40,8","0,4093","0,1424","0,4121","0,1469","0,4065","0,1379",thumbnail_grossTrial,thumbnail_grossTrial.png,1245.0,1080.0,337.0,0.0,798.0,692.0,Unclassified,42.0,160.0,,,,,,
26863,27943053,1400467214340,Eye Tracker,Participant0058,17.09.2021,Participant0058,Recording4,17.09.2021,17.09.2021,14:48:45.713,12:48:45.713,64514,Timeline2,Tobii I-VT (Fixation),1.145.28180,1080,1920,"10,00",695806693.0,,,843.0,167.0,843.0,183.0,842.0,150.0,"-0,00541","-0,10220","-0,99475","-0,11750","-0,11552","-0,98633",,,Valid,Valid,"233,8","102,4","510,3","291,8","101,1","511,8","231,0","50,0","230,9","41,2","0,4058","0,1542","0,4061","0,1692","0,4055","0,1393",thumbnail_grossTrial,thumbnail_grossTrial.png,1245.0,1080.0,337.0,0.0,798.0,692.0,Unclassified,42.0,160.0,,,,,,
26864,27951394,1400467222681,Eye Tracker,Participant0058,17.09.2021,Participant0058,Recording4,17.09.2021,17.09.2021,14:48:45.713,12:48:45.713,64514,Timeline2,Tobii I-VT (Fixation),1.145.28180,1080,1920,"10,00",695815034.0,,,839.0,148.0,,,839.0,148.0,,,,"-0,11932","-0,11701","-0,98594",,"4,60",Invalid,Valid,,,,"291,8","101,1","511,6",,,"229,9","40,4","0,4027","0,1367",,,"0,4027","0,1367",thumbnail_grossTrial,thumbnail_grossTrial.png,1245.0,1080.0,337.0,0.0,798.0,692.0,Unclassified,42.0,160.0,,,,,,
26865,27959693,1400467230980,Eye Tracker,Participant0058,17.09.2021,Participant0058,Recording4,17.09.2021,17.09.2021,14:48:45.713,12:48:45.713,64514,Timeline2,Tobii I-VT (Fixation),1.145.28180,1080,1920,"10,00",695823333.0,,,836.0,161.0,835.0,172.0,837.0,151.0,"-0,00991","-0,10862","-0,99403","-0,12056","-0,11590","-0,98592",,,Valid,Valid,"233,9","102,7","509,8","291,8","101,3","511,3","228,8","47,0","229,3","41,2","0,4002","0,1492","0,3995","0,1589","0,4010","0,1395",thumbnail_grossTrial,thumbnail_grossTrial.png,1245.0,1080.0,337.0,0.0,798.0,692.0,Unclassified,42.0,160.0,,,,,,
26866,27968068,1400467239355,Eye Tracker,Participant0058,17.09.2021,Participant0058,Recording4,17.09.2021,17.09.2021,14:48:45.713,12:48:45.713,64514,Timeline2,Tobii I-VT (Fixation),1.145.28180,1080,1920,"10,00",695831708.0,,,848.0,168.0,850.0,177.0,846.0,158.0,"-0,00187","-0,10596","-0,99437","-0,11597","-0,11236","-0,98688",,,Valid,Valid,"234,0","102,8","509,6","291,9","101,5","511,2","233,1","48,5","231,8","43,3","0,4101","0,1552","0,4120","0,1641","0,4083","0,1464",thumbnail_grossTrial,thumbnail_grossTrial.png,1245.0,1080.0,337.0,0.0,798.0,692.0,Unclassified,42.0,160.0,,,,,,
26867,27976389,1400467247676,Eye Tracker,Participant0058,17.09.2021,Participant0058,Recording4,17.09.2021,17.09.2021,14:48:45.713,12:48:45.713,64514,Timeline2,Tobii I-VT (Fixation),1.145.28180,1080,1920,"10,00",695840028.0,,,,,,,,,,,,,,,,,Invalid,Invalid,,,,,,,,,,,,,,,,,thumbnail_grossTrial,thumbnail_grossTrial.png,1245.0,1080.0,337.0,0.0,798.0,692.0,EyesNotFound,8.0,131.0,,,,,,
26868,27984695,1400467255982,Eye Tracker,Participant0058,17.09.2021,Participant0058,Recording4,17.09.2021,17.09.2021,14:48:45.713,12:48:45.713,64514,Timeline2,Tobii I-VT (Fixation),1.145.28180,1080,1920,"10,00",695848334.0,,,901.0,203.0,948.0,230.0,855.0,176.0,"0,04924","-0,07857","-0,99569","-0,11237","-0,10383","-0,98823",,,Valid,Valid,"234,5","103,1","509,2","292,3","101,8","510,6","259,7","63,0","234,2","48,1","0,4527","0,1880","0,4901","0,2130","0,4153","0,1629",thumbnail_grossTrial,thumbnail_grossTrial.png,1245.0,1080.0,337.0,0.0,798.0,692.0,Saccade,25.0,102.0,,,,,,
26869,27993127,1400467264414,Eye Tracker,Participant0058,17.09.2021,Participant0058,Recording4,17.09.2021,17.09.2021,14:48:45.713,12:48:45.713,64514,Timeline2,Tobii I-VT (Fixation),1.145.28180,1080,1920,"10,00",695856766.0,,,1027.0,272.0,1079.0,289.0,974.0,255.0,"0,11899","-0,04701","-0,99178","-0,04953","-0,06247","-0,99682",,,Valid,Valid,"234,7","103,2","509,1","292,4","101,9","510,7","295,7","79,1","267,0","69,9","0,5535","0,2520","0,5956","0,2676","0,5114","0,2365",thumbnail_grossTrial,thumbnail_grossTrial.png,1245.0,1080.0,337.0,0.0,798.0,692.0,Saccade,25.0,102.0,,,,,,
26870,28001394,1400467272681,Eye Tracker,Participant0058,17.09.2021,Participant0058,Recording4,17.09.2021,17.09.2021,14:48:45.713,12:48:45.713,64514,Timeline2,Tobii I-VT (Fixation),1.145.28180,1080,1920,"10,00",695865032.0,,,1090.0,328.0,,,1090.0,328.0,,,,"0,01217","-0,02334","-0,99965",,"4,51",Invalid,Valid,,,,"292,4","101,8","510,6",,,"298,6","89,9","0,6040","0,3041",,,"0,6040","0,3041",thumbnail_grossTrial,thumbnail_grossTrial.png,1245.0,1080.0,337.0,0.0,798.0,692.0,Saccade,25.0,102.0,,,,,,
26871,28009729,1400467281016,Eye Tracker,Participant0058,17.09.2021,Participant0058,Recording4,17.09.2021,17.09.2021,14:48:45.713,12:48:45.713,64514,Timeline2,Tobii I-VT (Fixation),1.145.28180,1080,1920,"10,00",695873367.0,,,1067.0,313.0,1077.0,282.0,1056.0,344.0,"0,11808","-0,05058","-0,99172","-0,00566","-0,01506","-0,99987",,,Valid,Valid,"234,6","103,2","509,0","292,4","101,9","510,5","295,2","77,3","289,5","94,2","0,5858","0,2900","0,5942","0,2614","0,5774","0,3187",thumbnail_grossTrial,thumbnail_grossTrial.png,1245.0,1080.0,337.0,0.0,798.0,692.0,Unclassified,17.0,161.0,,,,,,
26872,28018057,1400467289344,Eye Tracker,Participant0058,17.09.2021,Participant0058,Recording4,17.09.2021,17.09.2021,14:48:45.713,12:48:45.713,64514,Timeline2,Tobii I-VT (Fixation),1.145.28180,1080,1920,"10,00",695881695.0,,,1059.0,325.0,1062.0,306.0,1056.0,344.0,"0,11011","-0,03793","-0,99320","-0,00577","-0,01492","-0,99987",,,Valid,Valid,"234,6","103,2","509,1","292,4","101,8","510,8","291,1","83,8","289,5","94,2","0,5796","0,3010","0,5819","0,2835","0,5773","0,3186",thumbnail_grossTrial,thumbnail_grossTrial.png,1245.0,1080.0,337.0,0.0,798.0,692.0,Unclassified,17.0,161.0,,,,,,
26873,28026355,1400467297642,Eye Tracker,Participant0058,17.09.2021,Participant0058,Recording4,17.09.2021,17.09.2021,14:48:45.713,12:48:45.713,64514,Timeline2,Tobii I-VT (Fixation),1.145.28180,1080,1920,"10,00",695889993.0,,,,,,,,,,,,,,,,,Invalid,Invalid,,,,,,,,,,,,,,,,,thumbnail_grossTrial,thumbnail_grossTrial.png,1245.0,1080.0,337.0,0.0,798.0,692.0,EyesNotFound,8.0,132.0,,,,,,
26874,28034752,1400467306039,Eye Tracker,Participant0058,17.09.2021,Participant0058,Recording4,17.09.2021,17.09.2021,14:48:45.713,12:48:45.713,64514,Timeline2,Tobii I-VT (Fixation),1.145.28180,1080,1920,"10,00",695898389.0,,,1077.0,311.0,1070.0,309.0,1084.0,313.0,"0,11392","-0,03539","-0,99286","0,00893","-0,03068","-0,99949",,,Valid,Valid,"234,6","102,8","509,9","292,5","101,4","511,5","293,1","84,6","297,1","85,7","0,5938","0,2882","0,5880","0,2864","0,5996","0,2900",thumbnail_grossTrial,thumbnail_grossTrial.png,1245.0,1080.0,337.0,0.0,798.0,692.0,Fixation,92.0,62.0,1081.0,301.0,"0,5972","0,2788",,
26875,28043111,1400467314398,Eye Tracker,Participant0058,17.09.2021,Participant0058,Recording4,17.09.2021,17.09.2021,14:48:45.713,12:48:45.713,64514,Timeline2,Tobii I-VT (Fixation),1.145.28180,1080,1920,"10,00",695906748.0,,,1079.0,311.0,1075.0,309.0,1082.0,314.0,"0,11679","-0,03551","-0,99252","0,00796","-0,03035","-0,99951",,,Valid,Valid,"234,6","102,8","510,1","292,5","101,4","511,6","294,6","84,5","296,6","85,9","0,5952","0,2883","0,5923","0,2859","0,5981","0,2906",thumbnail_grossTrial,thumbnail_grossTrial.png,1245.0,1080.0,337.0,0.0,798.0,692.0,Fixation,92.0,62.0,1081.0,301.0,"0,5972","0,2788",,
26876,28051426,1400467322713,Eye Tracker,Participant0058,17.09.2021,Participant0058,Recording4,17.09.2021,17.09.2021,14:48:45.713,12:48:45.713,64514,Timeline2,Tobii I-VT (Fixation),1.145.28180,1080,1920,"10,00",695915063.0,,,1092.0,325.0,,,1092.0,325.0,,,,"0,01344","-0,02400","-0,99962",,"4,85",Invalid,Valid,,,,"292,5","101,2","511,6",,,"299,4","88,9","0,6063","0,3009",,,"0,6063","0,3009",thumbnail_grossTrial,thumbnail_grossTrial.png,1245.0,1080.0,337.0,0.0,798.0,692.0,Fixation,92.0,62.0,1081.0,301.0,"0,5972","0,2788",,
26877,28059725,1400467331012,Eye Tracker,Participant0058,17.09.2021,Participant0058,Recording4,17.09.2021,17.09.2021,14:48:45.713,12:48:45.713,64514,Timeline2,Tobii I-VT (Fixation),1.145.28180,1080,1920,"10,00",695923362.0,,,1083.0,289.0,1069.0,301.0,1098.0,278.0,"0,11366","-0,03941","-0,99274","0,01625","-0,04932","-0,99865",,,Valid,Valid,"234,6","102,6","510,4","292,5","101,4","511,6","293,0","82,3","300,9","76,1","0,5991","0,2680","0,5876","0,2786","0,6106","0,2575",thumbnail_grossTrial,thumbnail_grossTrial.png,1245.0,1080.0,337.0,0.0,798.0,692.0,Fixation,92.0,62.0,1081.0,301.0,"0,5972","0,2788",,
26878,28068099,1400467339386,Eye Tracker,Participant0058,17.09.2021,Participant0058,Recording4,17.09.2021,17.09.2021,14:48:45.713,12:48:45.713,64514,Timeline2,Tobii I-VT (Fixation),1.145.28180,1080,1920,"10,00",695931735.0,,,1084.0,291.0,1066.0,299.0,1102.0,283.0,"0,11205","-0,04010","-0,99289","0,01848","-0,04672","-0,99874",,,Valid,Valid,"234,5","102,5","510,6","292,5","101,4","511,8","292,2","81,9","302,0","77,4","0,5995","0,2696","0,5851","0,2771","0,6139","0,2620",thumbnail_grossTrial,thumbnail_grossTrial.png,1245.0,1080.0,337.0,0.0,798.0,692.0,Fixation,92.0,62.0,1081.0,301.0,"0,5972","0,2788",,
26879,28076380,1400467347667,Eye Tracker,Participant0058,17.09.2021,Participant0058,Recording4,17.09.2021,17.09.2021,14:48:45.713,12:48:45.713,64514,Timeline2,Tobii I-VT (Fixation),1.145.28180,1080,1920,"10,00",695940016.0,,,1102.0,283.0,,,1102.0,283.0,,,,"0,01842","-0,04626","-0,99876",,"4,90",Invalid,Valid,,,,"292,5","101,1","511,8",,,"302,0","77,4","0,6139","0,2620",,,"0,6139","0,2620",thumbnail_grossTrial,thumbnail_grossTrial.png,1245.0,1080.0,337.0,0.0,798.0,692.0,Fixation,92.0,62.0,1081.0,301.0,"0,5972","0,2788",,
26880,28084714,1400467356001,Eye Tracker,Participant0058,17.09.2021,Participant0058,Recording4,17.09.2021,17.09.2021,14:48:45.713,12:48:45.713,64514,Timeline2,Tobii I-VT (Fixation),1.145.28180,1080,1920,"10,00",695948350.0,,,1071.0,299.0,1051.0,274.0,1091.0,324.0,"0,10418","-0,05329","-0,99313","0,01270","-0,02480","-0,99961",,,Valid,Valid,"234,5","102,4","511,0","292,6","101,3","511,9","288,1","75,0","299,1","88,6","0,5894","0,2766","0,5734","0,2536","0,6054","0,2997",thumbnail_grossTrial,thumbnail_grossTrial.png,1245.0,1080.0,337.0,0.0,798.0,692.0,Fixation,92.0,62.0,1081.0,301.0,"0,5972","0,2788",,
26881,28093045,1400467364332,Eye Tracker,Participant0058,17.09.2021,Participant0058,Recording4,17.09.2021,17.09.2021,14:48:45.713,12:48:45.713,64514,Timeline2,Tobii I-VT (Fixation),1.145.28180,1080,1920,"10,00",695956681.0,,,1071.0,299.0,1052.0,270.0,1089.0,327.0,"0,10480","-0,05498","-0,99297","0,01164","-0,02281","-0,99967",,,Valid,Valid,"234,5","102,3","511,2","292,5","101,3","512,0","288,5","74,0","298,5","89,6","0,5890","0,2768","0,5743","0,2504","0,6037","0,3031",thumbnail_grossTrial,thumbnail_grossTrial.png,1245.0,1080.0,337.0,0.0,798.0,692.0,Fixation,92.0,62.0,1081.0,301.0,"0,5972","0,2788",,
26882,28101378,1400467372665,Eye Tracker,Participant0058,17.09.2021,Participant0058,Recording4,17.09.2021,17.09.2021,14:48:45.713,12:48:45.713,64514,Timeline2,Tobii I-VT (Fixation),1.145.28180,1080,1920,"10,00",695965013.0,,,,,,,,,,,,,,,,,Invalid,Invalid,,,,,,,,,,,,,,,,,thumbnail_grossTrial,thumbnail_grossTrial.png,1245.0,1080.0,337.0,0.0,798.0,692.0,Fixation,92.0,62.0,1081.0,301.0,"0,5972","0,2788",,
26883,28109711,1400467380998,Eye Tracker,Participant0058,17.09.2021,Participant0058,Recording4,17.09.2021,17.09.2021,14:48:45.713,12:48:45.713,64514,Timeline2,Tobii I-VT (Fixation),1.145.28180,1080,1920,"10,00",695973346.0,,,1089.0,304.0,1074.0,313.0,1103.0,294.0,"0,11613","-0,03177","-0,99273","0,01906","-0,04048","-0,99900",,,Valid,Valid,"234,5","102,2","511,6","292,6","101,2","512,2","294,4","85,8","302,4","80,4","0,6033","0,2812","0,5916","0,2903","0,6150","0,2721",thumbnail_grossTrial,thumbnail_grossTrial.png,1245.0,1080.0,337.0,0.0,798.0,692.0,Fixation,92.0,62.0,1081.0,301.0,"0,5972","0,2788",,
26884,28118097,1400467389384,Eye Tracker,Participant0058,17.09.2021,Participant0058,Recording4,17.09.2021,17.09.2021,14:48:45.713,12:48:45.713,64514,Timeline2,Tobii I-VT (Fixation),1.145.28180,1080,1920,"10,00",695981732.0,,,1089.0,300.0,1073.0,308.0,1106.0,292.0,"0,11545","-0,03436","-0,99272","0,02064","-0,04158","-0,99892",,,Valid,Valid,"234,5","102,1","511,8","292,6","101,2","512,3","294,0","84,4","303,2","79,8","0,6040","0,2778","0,5906","0,2855","0,6174","0,2701",thumbnail_grossTrial,thumbnail_grossTrial.png,1245.0,1080.0,337.0,0.0,798.0,692.0,Fixation,92.0,62.0,1081.0,301.0,"0,5972","0,2788",,
26885,28126376,1400467397663,Eye Tracker,Participant0058,17.09.2021,Participant0058,Recording4,17.09.2021,17.09.2021,14:48:45.713,12:48:45.713,64514,Timeline2,Tobii I-VT (Fixation),1.145.28180,1080,1920,"10,00",695990010.0,,,1093.0,310.0,,,1093.0,310.0,,,,"0,01322","-0,03160","-0,99941",,"4,93",Invalid,Valid,,,,"292,6","101,0","512,4",,,"299,4","84,8","0,6064","0,2869",,,"0,6064","0,2869",thumbnail_grossTrial,thumbnail_grossTrial.png,1245.0,1080.0,337.0,0.0,798.0,692.0,Saccade,8.0,103.0,,,,,,
26886,28134681,1400467405968,Eye Tracker,Participant0058,17.09.2021,Participant0058,Recording4,17.09.2021,17.09.2021,14:48:45.713,12:48:45.713,64514,Timeline2,Tobii I-VT (Fixation),1.145.28180,1080,1920,"10,00",695998315.0,,,1083.0,320.0,1077.0,322.0,1090.0,319.0,"0,11732","-0,02691","-0,99273","0,01199","-0,02680","-0,99957",,,Valid,Valid,"234,5","101,9","512,2","292,7","101,0","512,5","295,1","88,1","298,8","87,3","0,5991","0,2967","0,5936","0,2979","0,6046","0,2954",thumbnail_grossTrial,thumbnail_grossTrial.png,1245.0,1080.0,337.0,0.0,798.0,692.0,Unclassified,17.0,162.0,,,,,,
26887,28143125,1400467414412,Eye Tracker,Participant0058,17.09.2021,Participant0058,Recording4,17.09.2021,17.09.2021,14:48:45.713,12:48:45.713,64514,Timeline2,Tobii I-VT (Fixation),1.145.28180,1080,1920,"10,00",696006759.0,,,1082.0,333.0,1091.0,330.0,1074.0,335.0,"0,12483","-0,02232","-0,99193","0,00344","-0,01829","-0,99983",,,Valid,Valid,"234,5","101,9","512,5","292,6","101,0","512,7","299,0","90,3","294,4","91,7","0,5983","0,3079","0,6051","0,3057","0,5916","0,3101",thumbnail_grossTrial,thumbnail_grossTrial.png,1245.0,1080.0,337.0,0.0,798.0,692.0,Unclassified,17.0,162.0,,,,,,
26888,28151349,1400467422636,Eye Tracker,Participant0058,17.09.2021,Participant0058,Recording4,17.09.2021,17.09.2021,14:48:45.713,12:48:45.713,64514,Timeline2,Tobii I-VT (Fixation),1.145.28180,1080,1920,"10,00",696014983.0,,,1076.0,334.0,,,1076.0,334.0,,,,"0,00454","-0,01830","-0,99982",,"4,90",Invalid,Valid,,,,"292,7","100,9","512,8",,,"295,0","91,5","0,5935","0,3095",,,"0,5935","0,3095",thumbnail_grossTrial,thumbnail_grossTrial.png,1245.0,1080.0,337.0,0.0,798.0,692.0,Saccade,17.0,104.0,,,,,,
26889,28159782,1400467431069,Eye Tracker,Participant0058,17.09.2021,Participant0058,Recording4,17.09.2021,17.09.2021,14:48:45.713,12:48:45.713,64514,Timeline2,Tobii I-VT (Fixation),1.145.28180,1080,1920,"10,00",696023415.0,,,1088.0,301.0,1078.0,299.0,1099.0,304.0,"0,11792","-0,03854","-0,99227","0,01637","-0,03458","-0,99927",,,Valid,Valid,"234,5","101,7","512,9","292,7","100,9","512,8","295,5","81,8","301,1","83,1","0,6030","0,2790","0,5948","0,2766","0,6113","0,2813",thumbnail_grossTrial,thumbnail_grossTrial.png,1245.0,1080.0,337.0,0.0,798.0,692.0,Saccade,17.0,104.0,,,,,,
26890,28168139,1400467439426,Eye Tracker,Participant0058,17.09.2021,Participant0058,Recording4,17.09.2021,17.09.2021,14:48:45.713,12:48:45.713,64514,Timeline2,Tobii I-VT (Fixation),1.145.28180,1080,1920,"10,00",696031772.0,,,1086.0,298.0,1079.0,291.0,1094.0,306.0,"0,11831","-0,04241","-0,99207","0,01389","-0,03361","-0,99934",,,Valid,Valid,"234,5","101,6","513,1","292,7","100,9","513,0","295,6","79,7","299,8","83,7","0,6014","0,2763","0,5953","0,2696","0,6075","0,2830",thumbnail_grossTrial,thumbnail_grossTrial.png,1245.0,1080.0,337.0,0.0,798.0,692.0,Fixation,308.0,63.0,1091.0,305.0,"0,6053","0,2821",,
26891,28176342,1400467447629,Eye Tracker,Participant0058,17.09.2021,Participant0058,Recording4,17.09.2021,17.09.2021,14:48:45.713,12:48:45.713,64514,Timeline2,Tobii I-VT (Fixation),1.145.28180,1080,1920,"10,00",696039975.0,,,1091.0,306.0,,,1091.0,306.0,,,,"0,01230","-0,03324","-0,99937",,"4,48",Invalid,Valid,,,,"292,7","100,8","513,0",,,"299,0","83,7","0,6052","0,2832",,,"0,6052","0,2832",thumbnail_grossTrial,thumbnail_grossTrial.png,1245.0,1080.0,337.0,0.0,798.0,692.0,Fixation,308.0,63.0,1091.0,305.0,"0,6053","0,2821",,
26892,28184803,1400467456090,Eye Tracker,Participant0058,17.09.2021,Participant0058,Recording4,17.09.2021,17.09.2021,14:48:45.713,12:48:45.713,64514,Timeline2,Tobii I-VT (Fixation),1.145.28180,1080,1920,"10,00",696048436.0,,,1076.0,300.0,1069.0,294.0,1083.0,307.0,"0,11288","-0,04084","-0,99277","0,00815","-0,03268","-0,99943",,,Valid,Valid,"234,5","101,4","513,4","292,7","100,8","513,0","292,9","80,3","296,9","84,0","0,5931","0,2781","0,5872","0,2718","0,5990","0,2844",thumbnail_grossTrial,thumbnail_grossTrial.png,1245.0,1080.0,337.0,0.0,798.0,692.0,Fixation,308.0,63.0,1091.0,305.0,"0,6053","0,2821",,
26893,28193045,1400467464332,Eye Tracker,Participant0058,17.09.2021,Participant0058,Recording4,17.09.2021,17.09.2021,14:48:45.713,12:48:45.713,64514,Timeline2,Tobii I-VT (Fixation),1.145.28180,1080,1920,"10,00",696056677.0,,,1078.0,298.0,1071.0,287.0,1085.0,308.0,"0,11426","-0,04392","-0,99248","0,00918","-0,03236","-0,99943",,,Valid,Valid,"234,5","101,4","513,5","292,7","100,8","513,1","293,6","78,7","297,4","84,2","0,5949","0,2756","0,5893","0,2661","0,6005","0,2850",thumbnail_grossTrial,thumbnail_grossTrial.png,1245.0,1080.0,337.0,0.0,798.0,692.0,Fixation,308.0,63.0,1091.0,305.0,"0,6053","0,2821",,
26894,28201375,1400467472662,Eye Tracker,Participant0058,17.09.2021,Participant0058,Recording4,17.09.2021,17.09.2021,14:48:45.713,12:48:45.713,64514,Timeline2,Tobii I-VT (Fixation),1.145.28180,1080,1920,"10,00",696065007.0,,,1100.0,312.0,,,1100.0,312.0,,,,"0,01715","-0,02997","-0,99940",,"4,92",Invalid,Valid,,,,"292,7","100,6","513,1",,,"301,5","85,3","0,6126","0,2884",,,"0,6126","0,2884",thumbnail_grossTrial,thumbnail_grossTrial.png,1245.0,1080.0,337.0,0.0,798.0,692.0,Fixation,308.0,63.0,1091.0,305.0,"0,6053","0,2821",,
26895,28209674,1400467480961,Eye Tracker,Participant0058,17.09.2021,Participant0058,Recording4,17.09.2021,17.09.2021,14:48:45.713,12:48:45.713,64514,Timeline2,Tobii I-VT (Fixation),1.145.28180,1080,1920,"10,00",696073306.0,,,1104.0,283.0,1088.0,282.0,1120.0,284.0,"0,12300","-0,04622","-0,99133","0,02745","-0,04492","-0,99861",,,Valid,Valid,"234,5","101,3","513,7","292,8","100,8","513,0","298,3","77,3","306,9","77,7","0,6156","0,2622","0,6030","0,2616","0,6282","0,2629",thumbnail_grossTrial,thumbnail_grossTrial.png,1245.0,1080.0,337.0,0.0,798.0,692.0,Fixation,308.0,63.0,1091.0,305.0,"0,6053","0,2821",,
26896,28218038,1400467489325,Eye Tracker,Participant0058,17.09.2021,Participant0058,Recording4,17.09.2021,17.09.2021,14:48:45.713,12:48:45.713,64514,Timeline2,Tobii I-VT (Fixation),1.145.28180,1080,1920,"10,00",696081669.0,,,1097.0,285.0,1082.0,286.0,1112.0,285.0,"0,11982","-0,04428","-0,99181","0,02348","-0,04445","-0,99874",,,Valid,Valid,"234,5","101,2","513,9","292,7","100,8","513,1","296,5","78,3","304,8","78,0","0,6100","0,2643","0,5980","0,2648","0,6221","0,2638",thumbnail_grossTrial,thumbnail_grossTrial.png,1245.0,1080.0,337.0,0.0,798.0,692.0,Fixation,308.0,63.0,1091.0,305.0,"0,6053","0,2821",,
26897,28226420,1400467497707,Eye Tracker,Participant0058,17.09.2021,Participant0058,Recording4,17.09.2021,17.09.2021,14:48:45.713,12:48:45.713,64514,Timeline2,Tobii I-VT (Fixation),1.145.28180,1080,1920,"10,00",696090051.0,,,1112.0,285.0,,,1112.0,285.0,,,,"0,02354","-0,04416","-0,99875",,"4,81",Invalid,Valid,,,,"292,8","100,7","513,1",,,"304,9","78,0","0,6223","0,2639",,,"0,6223","0,2639",thumbnail_grossTrial,thumbnail_grossTrial.png,1245.0,1080.0,337.0,0.0,798.0,692.0,Fixation,308.0,63.0,1091.0,305.0,"0,6053","0,2821",,
26898,28234697,1400467505984,Eye Tracker,Participant0058,17.09.2021,Participant0058,Recording4,17.09.2021,17.09.2021,14:48:45.713,12:48:45.713,64514,Timeline2,Tobii I-VT (Fixation),1.145.28180,1080,1920,"10,00",696098328.0,,,1089.0,298.0,1085.0,289.0,1092.0,308.0,"0,12120","-0,04258","-0,99171","0,01286","-0,03223","-0,99940",,,Valid,Valid,"234,5","101,1","514,0","292,8","100,7","513,0","297,3","79,0","299,4","84,2","0,6032","0,2762","0,6003","0,2674","0,6062","0,2849",thumbnail_grossTrial,thumbnail_grossTrial.png,1245.0,1080.0,337.0,0.0,798.0,692.0,Fixation,308.0,63.0,1091.0,305.0,"0,6053","0,2821",,
26899,28243086,1400467514373,Eye Tracker,Participant0058,17.09.2021,Participant0058,Recording4,17.09.2021,17.09.2021,14:48:45.713,12:48:45.713,64514,Timeline2,Tobii I-VT (Fixation),1.145.28180,1080,1920,"10,00",696106717.0,,,1091.0,290.0,1091.0,271.0,1091.0,309.0,"0,12429","-0,05197","-0,99088","0,01253","-0,03142","-0,99943",,,Valid,Valid,"234,4","101,1","514,1","292,7","100,8","513,0","298,9","74,1","299,1","84,6","0,6053","0,2686","0,6050","0,2508","0,6056","0,2864",thumbnail_grossTrial,thumbnail_grossTrial.png,1245.0,1080.0,337.0,0.0,798.0,692.0,Fixation,308.0,63.0,1091.0,305.0,"0,6053","0,2821",,
26900,28251336,1400467522623,Eye Tracker,Participant0058,17.09.2021,Participant0058,Recording4,17.09.2021,17.09.2021,14:48:45.713,12:48:45.713,64514,Timeline2,Tobii I-VT (Fixation),1.145.28180,1080,1920,"10,00",696114966.0,,,1086.0,310.0,,,1086.0,310.0,,,,"0,00937","-0,03073","-0,99948",,"4,51",Invalid,Valid,,,,"292,7","100,7","513,0",,,"297,6","84,9","0,6009","0,2872",,,"0,6009","0,2872",thumbnail_grossTrial,thumbnail_grossTrial.png,1245.0,1080.0,337.0,0.0,798.0,692.0,Fixation,308.0,63.0,1091.0,305.0,"0,6053","0,2821",,
26901,28259700,1400467530987,Eye Tracker,Participant0058,17.09.2021,Participant0058,Recording4,17.09.2021,17.09.2021,14:48:45.713,12:48:45.713,64514,Timeline2,Tobii I-VT (Fixation),1.145.28180,1080,1920,"10,00",696123330.0,,,1093.0,298.0,1096.0,286.0,1090.0,311.0,"0,12710","-0,04368","-0,99093","0,01194","-0,03064","-0,99946",,,Valid,Valid,"234,5","101,0","514,2","292,7","100,7","513,0","300,4","78,3","298,9","85,0","0,6070","0,2763","0,6093","0,2651","0,6047","0,2876",thumbnail_grossTrial,thumbnail_grossTrial.png,1245.0,1080.0,337.0,0.0,798.0,692.0,Fixation,308.0,63.0,1091.0,305.0,"0,6053","0,2821",,
26902,28268002,1400467539289,Eye Tracker,Participant0058,17.09.2021,Participant0058,Recording4,17.09.2021,17.09.2021,14:48:45.713,12:48:45.713,64514,Timeline2,Tobii I-VT (Fixation),1.145.28180,1080,1920,"10,00",696131632.0,,,1093.0,308.0,1093.0,311.0,1094.0,305.0,"0,12563","-0,03059","-0,99161","0,01385","-0,03347","-0,99934",,,Valid,Valid,"234,4","101,0","514,3","292,7","100,8","513,0","299,5","85,1","299,8","83,6","0,6071","0,2854","0,6068","0,2881","0,6074","0,2828",thumbnail_grossTrial,thumbnail_grossTrial.png,1245.0,1080.0,337.0,0.0,798.0,692.0,Fixation,308.0,63.0,1091.0,305.0,"0,6053","0,2821",,
26903,28276335,1400467547622,Eye Tracker,Participant0058,17.09.2021,Participant0058,Recording4,17.09.2021,17.09.2021,14:48:45.713,12:48:45.713,64514,Timeline2,Tobii I-VT (Fixation),1.145.28180,1080,1920,"10,00",696139965.0,,,1096.0,303.0,,,1096.0,303.0,,,,"0,01489","-0,03467","-0,99929",,"4,90",Invalid,Valid,,,,"292,7","100,7","513,0",,,"300,3","82,9","0,6091","0,2803",,,"0,6091","0,2803",thumbnail_grossTrial,thumbnail_grossTrial.png,1245.0,1080.0,337.0,0.0,798.0,692.0,Fixation,308.0,63.0,1091.0,305.0,"0,6053","0,2821",,
26904,28284669,1400467555956,Eye Tracker,Participant0058,17.09.2021,Participant0058,Recording4,17.09.2021,17.09.2021,14:48:45.713,12:48:45.713,64514,Timeline2,Tobii I-VT (Fixation),1.145.28180,1080,1920,"10,00",696148298.0,,,1092.0,300.0,1088.0,297.0,1095.0,304.0,"0,12307","-0,03809","-0,99167","0,01435","-0,03432","-0,99931",,,Valid,Valid,"234,4","101,0","514,5","292,7","100,7","513,0","298,3","81,2","300,1","83,1","0,6057","0,2779","0,6030","0,2747","0,6083","0,2812",thumbnail_grossTrial,thumbnail_grossTrial.png,1245.0,1080.0,337.0,0.0,798.0,692.0,Fixation,308.0,63.0,1091.0,305.0,"0,6053","0,2821",,
26905,28293001,1400467564288,Eye Tracker,Participant0058,17.09.2021,Participant0058,Recording4,17.09.2021,17.09.2021,14:48:45.713,12:48:45.713,64514,Timeline2,Tobii I-VT (Fixation),1.145.28180,1080,1920,"10,00",696156630.0,,,1089.0,302.0,1089.0,291.0,1090.0,312.0,"0,12331","-0,04098","-0,99152","0,01164","-0,03000","-0,99948",,,Valid,Valid,"234,4","101,0","514,6","292,7","100,8","513,1","298,4","79,7","298,6","85,4","0,6037","0,2792","0,6033","0,2696","0,6041","0,2888",thumbnail_grossTrial,thumbnail_grossTrial.png,1245.0,1080.0,337.0,0.0,798.0,692.0,Fixation,308.0,63.0,1091.0,305.0,"0,6053","0,2821",,
26906,28301361,1400467572648,Eye Tracker,Participant0058,17.09.2021,Participant0058,Recording4,17.09.2021,17.09.2021,14:48:45.713,12:48:45.713,64514,Timeline2,Tobii I-VT (Fixation),1.145.28180,1080,1920,"10,00",696164990.0,,,1089.0,313.0,,,1089.0,313.0,,,,"0,01127","-0,02935","-0,99951",,"4,55",Invalid,Valid,,,,"292,7","100,7","513,1",,,"298,5","85,6","0,6037","0,2896",,,"0,6037","0,2896",thumbnail_grossTrial,thumbnail_grossTrial.png,1245.0,1080.0,337.0,0.0,798.0,692.0,Fixation,308.0,63.0,1091.0,305.0,"0,6053","0,2821",,
26907,28309703,1400467580990,Eye Tracker,Participant0058,17.09.2021,Participant0058,Recording4,17.09.2021,17.09.2021,14:48:45.713,12:48:45.713,64514,Timeline2,Tobii I-VT (Fixation),1.145.28180,1080,1920,"10,00",696173331.0,,,1085.0,302.0,1082.0,288.0,1088.0,317.0,"0,11978","-0,04265","-0,99188","0,01056","-0,02727","-0,99957",,,Valid,Valid,"234,4","100,9","514,7","292,7","100,7","513,1","296,6","78,8","298,1","86,7","0,6004","0,2800","0,5981","0,2665","0,6027","0,2934",thumbnail_grossTrial,thumbnail_grossTrial.png,1245.0,1080.0,337.0,0.0,798.0,692.0,Fixation,308.0,63.0,1091.0,305.0,"0,6053","0,2821",,
26908,28318027,1400467589314,Eye Tracker,Participant0058,17.09.2021,Participant0058,Recording4,17.09.2021,17.09.2021,14:48:45.713,12:48:45.713,64514,Timeline2,Tobii I-VT (Fixation),1.145.28180,1080,1920,"10,00",696181655.0,,,1084.0,305.0,1076.0,306.0,1092.0,304.0,"0,11656","-0,03291","-0,99264","0,01271","-0,03406","-0,99934",,,Valid,Valid,"234,4","100,9","514,8","292,7","100,8","513,2","294,8","83,9","299,2","83,3","0,5994","0,2828","0,5929","0,2837","0,6058","0,2818",thumbnail_grossTrial,thumbnail_grossTrial.png,1245.0,1080.0,337.0,0.0,798.0,692.0,Fixation,308.0,63.0,1091.0,305.0,"0,6053","0,2821",,
26909,28326358,1400467597645,Eye Tracker,Participant0058,17.09.2021,Participant0058,Recording4,17.09.2021,17.09.2021,14:48:45.713,12:48:45.713,64514,Timeline2,Tobii I-VT (Fixation),1.145.28180,1080,1920,"10,00",696189986.0,,,1096.0,316.0,,,1096.0,316.0,,,,"0,01518","-0,02766","-0,99950",,"5,05",Invalid,Valid,,,,"292,7","100,6","513,2",,,"300,5","86,4","0,6096","0,2923",,,"0,6096","0,2923",thumbnail_grossTrial,thumbnail_grossTrial.png,1245.0,1080.0,337.0,0.0,798.0,692.0,Fixation,308.0,63.0,1091.0,305.0,"0,6053","0,2821",,
26910,28334694,1400467605981,Eye Tracker,Participant0058,17.09.2021,Participant0058,Recording4,17.09.2021,17.09.2021,14:48:45.713,12:48:45.713,64514,Timeline2,Tobii I-VT (Fixation),1.145.28180,1080,1920,"10,00",696198322.0,,,1091.0,317.0,1085.0,325.0,1097.0,310.0,"0,12147","-0,02320","-0,99232","0,01541","-0,03088","-0,99940",,,Valid,Valid,"234,5","100,9","514,8","292,8","100,7","513,2","297,5","88,9","300,7","84,9","0,6054","0,2939","0,6007","0,3006","0,6101","0,2872",thumbnail_grossTrial,thumbnail_grossTrial.png,1245.0,1080.0,337.0,0.0,798.0,692.0,Fixation,308.0,63.0,1091.0,305.0,"0,6053","0,2821",,
26911,28343095,1400467614382,Eye Tracker,Participant0058,17.09.2021,Participant0058,Recording4,17.09.2021,17.09.2021,14:48:45.713,12:48:45.713,64514,Timeline2,Tobii I-VT (Fixation),1.145.28180,1080,1920,"10,00",696206722.0,,,1094.0,313.0,1089.0,309.0,1099.0,318.0,"0,12358","-0,03149","-0,99183","0,01640","-0,02683","-0,99951",,,Valid,Valid,"234,4","100,9","514,9","292,7","100,8","513,2","298,6","84,6","301,2","87,0","0,6077","0,2902","0,6039","0,2861","0,6115","0,2943",thumbnail_grossTrial,thumbnail_grossTrial.png,1245.0,1080.0,337.0,0.0,798.0,692.0,Fixation,308.0,63.0,1091.0,305.0,"0,6053","0,2821",,
26912,28351413,1400467622700,Eye Tracker,Participant0058,17.09.2021,Participant0058,Recording4,17.09.2021,17.09.2021,14:48:45.713,12:48:45.713,64514,Timeline2,Tobii I-VT (Fixation),1.145.28180,1080,1920,"10,00",696215040.0,,,,,,,,,,,,,,,,,Invalid,Invalid,,,,,,,,,,,,,,,,,thumbnail_grossTrial,thumbnail_grossTrial.png,1245.0,1080.0,337.0,0.0,798.0,692.0,Fixation,308.0,63.0,1091.0,305.0,"0,6053","0,2821",,
26913,28359732,1400467631019,Eye Tracker,Participant0058,17.09.2021,Participant0058,Recording4,17.09.2021,17.09.2021,14:48:45.713,12:48:45.713,64514,Timeline2,Tobii I-VT (Fixation),1.145.28180,1080,1920,"10,00",696223359.0,,,1091.0,313.0,1085.0,305.0,1098.0,321.0,"0,12112","-0,03365","-0,99207","0,01574","-0,02524","-0,99956",,,Valid,Valid,"234,5","100,9","514,9","292,8","100,7","513,2","297,3","83,4","300,9","87,8","0,6054","0,2895","0,6002","0,2821","0,6106","0,2970",thumbnail_grossTrial,thumbnail_grossTrial.png,1245.0,1080.0,337.0,0.0,798.0,692.0,Fixation,308.0,63.0,1091.0,305.0,"0,6053","0,2821",,
26914,28368076,1400467639363,Eye Tracker,Participant0058,17.09.2021,Participant0058,Recording4,17.09.2021,17.09.2021,14:48:45.713,12:48:45.713,64514,Timeline2,Tobii I-VT (Fixation),1.145.28180,1080,1920,"10,00",696231703.0,,,1091.0,311.0,1083.0,300.0,1098.0,321.0,"0,12034","-0,03592","-0,99208","0,01619","-0,02509","-0,99955",,,Valid,Valid,"234,4","100,9","514,9","292,7","100,7","513,2","296,9","82,2","301,0","87,9","0,6050","0,2877","0,5989","0,2782","0,6111","0,2973",thumbnail_grossTrial,thumbnail_grossTrial.png,1245.0,1080.0,337.0,0.0,798.0,692.0,Fixation,308.0,63.0,1091.0,305.0,"0,6053","0,2821",,
26915,28376378,1400467647665,Eye Tracker,Participant0058,17.09.2021,Participant0058,Recording4,17.09.2021,17.09.2021,14:48:45.713,12:48:45.713,64514,Timeline2,Tobii I-VT (Fixation),1.145.28180,1080,1920,"10,00",696240004.0,,,1103.0,318.0,,,1103.0,318.0,,,,"0,01846","-0,02640","-0,99948",,"5,08",Invalid,Valid,,,,"292,7","100,6","513,2",,,"302,2","87,0","0,6145","0,2944",,,"0,6145","0,2944",thumbnail_grossTrial,thumbnail_grossTrial.png,1245.0,1080.0,337.0,0.0,798.0,692.0,Fixation,308.0,63.0,1091.0,305.0,"0,6053","0,2821",,
26916,28384765,1400467656052,Eye Tracker,Participant0058,17.09.2021,Participant0058,Recording4,17.09.2021,17.09.2021,14:48:45.713,12:48:45.713,64514,Timeline2,Tobii I-VT (Fixation),1.145.28180,1080,1920,"10,00",696248391.0,,,1095.0,318.0,1086.0,315.0,1105.0,321.0,"0,12158","-0,02825","-0,99218","0,01963","-0,02502","-0,99949",,,Valid,Valid,"234,4","100,8","514,9","292,7","100,7","513,1","297,5","86,2","302,8","87,9","0,6086","0,2944","0,6008","0,2916","0,6164","0,2973",thumbnail_grossTrial,thumbnail_grossTrial.png,1245.0,1080.0,337.0,0.0,798.0,692.0,Fixation,308.0,63.0,1091.0,305.0,"0,6053","0,2821",,
26917,28393038,1400467664325,Eye Tracker,Participant0058,17.09.2021,Participant0058,Recording4,17.09.2021,17.09.2021,14:48:45.713,12:48:45.713,64514,Timeline2,Tobii I-VT (Fixation),1.145.28180,1080,1920,"10,00",696256664.0,,,1094.0,317.0,1087.0,311.0,1102.0,324.0,"0,12221","-0,03036","-0,99204","0,01818","-0,02372","-0,99955",,,Valid,Valid,"234,4","100,8","514,9","292,7","100,7","513,2","297,8","85,1","302,0","88,5","0,6078","0,2937","0,6016","0,2879","0,6140","0,2996",thumbnail_grossTrial,thumbnail_grossTrial.png,1245.0,1080.0,337.0,0.0,798.0,692.0,Fixation,308.0,63.0,1091.0,305.0,"0,6053","0,2821",,
26918,28401362,1400467672649,Eye Tracker,Participant0058,17.09.2021,Participant0058,Recording4,17.09.2021,17.09.2021,14:48:45.713,12:48:45.713,64514,Timeline2,Tobii I-VT (Fixation),1.145.28180,1080,1920,"10,00",696264987.0,,,,,,,,,,,,,,,,,Invalid,Invalid,,,,,,,,,,,,,,,,,thumbnail_grossTrial,thumbnail_grossTrial.png,1245.0,1080.0,337.0,0.0,798.0,692.0,Fixation,308.0,63.0,1091.0,305.0,"0,6053","0,2821",,
26919,28409696,1400467680983,Eye Tracker,Participant0058,17.09.2021,Participant0058,Recording4,17.09.2021,17.09.2021,14:48:45.713,12:48:45.713,64514,Timeline2,Tobii I-VT (Fixation),1.145.28180,1080,1920,"10,00",696273321.0,,,1091.0,305.0,1081.0,289.0,1102.0,321.0,"0,11901","-0,04192","-0,99201","0,01830","-0,02493","-0,99952",,,Valid,Valid,"234,4","100,8","514,9","292,7","100,7","513,1","296,2","79,1","302,1","87,9","0,6056","0,2824","0,5969","0,2675","0,6142","0,2973",thumbnail_grossTrial,thumbnail_grossTrial.png,1245.0,1080.0,337.0,0.0,798.0,692.0,Fixation,308.0,63.0,1091.0,305.0,"0,6053","0,2821",,
26920,28418018,1400467689305,Eye Tracker,Participant0058,17.09.2021,Participant0058,Recording4,17.09.2021,17.09.2021,14:48:45.713,12:48:45.713,64514,Timeline2,Tobii I-VT (Fixation),1.145.28180,1080,1920,"10,00",696281643.0,,,1096.0,311.0,1086.0,303.0,1107.0,320.0,"0,12173","-0,03477","-0,99195","0,02086","-0,02555","-0,99946",,,Valid,Valid,"234,3","100,8","515,0","292,7","100,7","513,2","297,5","82,8","303,4","87,6","0,6094","0,2882","0,6009","0,2801","0,6180","0,2963",thumbnail_grossTrial,thumbnail_grossTrial.png,1245.0,1080.0,337.0,0.0,798.0,692.0,Fixation,308.0,63.0,1091.0,305.0,"0,6053","0,2821",,
26921,28426426,1400467697713,Eye Tracker,Participant0058,17.09.2021,Participant0058,Recording4,17.09.2021,17.09.2021,14:48:45.713,12:48:45.713,64514,Timeline2,Tobii I-VT (Fixation),1.145.28180,1080,1920,"10,00",696290051.0,,,1101.0,309.0,,,1101.0,309.0,,,,"0,01771","-0,03109","-0,99936",,"4,59",Invalid,Valid,,,,"292,7","100,6","513,2",,,"301,8","84,6","0,6134","0,2864",,,"0,6134","0,2864",thumbnail_grossTrial,thumbnail_grossTrial.png,1245.0,1080.0,337.0,0.0,798.0,692.0,Fixation,308.0,63.0,1091.0,305.0,"0,6053","0,2821",,
26922,28434657,1400467705944,Eye Tracker,Participant0058,17.09.2021,Participant0058,Recording4,17.09.2021,17.09.2021,14:48:45.713,12:48:45.713,64514,Timeline2,Tobii I-VT (Fixation),1.145.28180,1080,1920,"10,00",696298281.0,,,1095.0,309.0,1091.0,309.0,1099.0,308.0,"0,12416","-0,03118","-0,99177","0,01640","-0,03194","-0,99936",,,Valid,Valid,"234,4","100,8","515,0","292,7","100,7","513,1","298,9","84,6","301,2","84,3","0,6082","0,2857","0,6049","0,2863","0,6115","0,2851",thumbnail_grossTrial,thumbnail_grossTrial.png,1245.0,1080.0,337.0,0.0,798.0,692.0,Fixation,308.0,63.0,1091.0,305.0,"0,6053","0,2821",,
26923,28443017,1400467714304,Eye Tracker,Participant0058,17.09.2021,Participant0058,Recording4,17.09.2021,17.09.2021,14:48:45.713,12:48:45.713,64514,Timeline2,Tobii I-VT (Fixation),1.145.28180,1080,1920,"10,00",696306641.0,,,1091.0,302.0,1085.0,303.0,1096.0,301.0,"0,12127","-0,03460","-0,99202","0,01514","-0,03553","-0,99925",,,Valid,Valid,"234,4","100,8","515,1","292,7","100,7","513,2","297,3","82,9","300,5","82,4","0,6049","0,2797","0,6003","0,2804","0,6095","0,2789",thumbnail_grossTrial,thumbnail_grossTrial.png,1245.0,1080.0,337.0,0.0,798.0,692.0,Fixation,308.0,63.0,1091.0,305.0,"0,6053","0,2821",,
26924,28451349,1400467722636,Eye Tracker,Participant0058,17.09.2021,Participant0058,Recording4,17.09.2021,17.09.2021,14:48:45.713,12:48:45.713,64514,Timeline2,Tobii I-VT (Fixation),1.145.28180,1080,1920,"10,00",696314973.0,,,1097.0,302.0,,,1097.0,302.0,,,,"0,01543","-0,03511","-0,99926",,"4,61",Invalid,Valid,,,,"292,8","100,6","513,2",,,"300,7","82,6","0,6101","0,2793",,,"0,6101","0,2793",thumbnail_grossTrial,thumbnail_grossTrial.png,1245.0,1080.0,337.0,0.0,798.0,692.0,Fixation,308.0,63.0,1091.0,305.0,"0,6053","0,2821",,
26925,28459652,1400467730939,Eye Tracker,Participant0058,17.09.2021,Participant0058,Recording4,17.09.2021,17.09.2021,14:48:45.713,12:48:45.713,64514,Timeline2,Tobii I-VT (Fixation),1.145.28180,1080,1920,"10,00",696323276.0,,,1079.0,314.0,1082.0,297.0,1075.0,332.0,"0,11946","-0,03769","-0,99212","0,00383","-0,01926","-0,99981",,,Valid,Valid,"234,5","100,8","515,1","292,8","100,7","513,2","296,5","81,2","294,8","90,8","0,5953","0,2910","0,5978","0,2748","0,5927","0,3071",thumbnail_grossTrial,thumbnail_grossTrial.png,1245.0,1080.0,337.0,0.0,798.0,692.0,Fixation,308.0,63.0,1091.0,305.0,"0,6053","0,2821",,
26926,28468032,1400467739319,Eye Tracker,Participant0058,17.09.2021,Participant0058,Recording4,17.09.2021,17.09.2021,14:48:45.713,12:48:45.713,64514,Timeline2,Tobii I-VT (Fixation),1.145.28180,1080,1920,"10,00",696331655.0,,,1079.0,316.0,1083.0,300.0,1076.0,332.0,"0,12005","-0,03618","-0,99211","0,00391","-0,01934","-0,99981",,,Valid,Valid,"234,4","100,8","515,2","292,8","100,7","513,3","296,7","82,0","294,8","90,8","0,5956","0,2923","0,5985","0,2775","0,5927","0,3071",thumbnail_grossTrial,thumbnail_grossTrial.png,1245.0,1080.0,337.0,0.0,798.0,692.0,Fixation,308.0,63.0,1091.0,305.0,"0,6053","0,2821",,
26927,28476415,1400467747702,Eye Tracker,Participant0058,17.09.2021,Participant0058,Recording4,17.09.2021,17.09.2021,14:48:45.713,12:48:45.713,64514,Timeline2,Tobii I-VT (Fixation),1.145.28180,1080,1920,"10,00",696340038.0,,,1098.0,327.0,,,1098.0,327.0,,,,"0,01581","-0,02126","-0,99965",,"5,15",Invalid,Valid,,,,"292,8","100,5","513,3",,,"300,9","89,6","0,6107","0,3031",,,"0,6107","0,3031",thumbnail_grossTrial,thumbnail_grossTrial.png,1245.0,1080.0,337.0,0.0,798.0,692.0,Saccade,8.0,105.0,,,,,,
26928,28484683,1400467755970,Eye Tracker,Participant0058,17.09.2021,Participant0058,Recording4,17.09.2021,17.09.2021,14:48:45.713,12:48:45.713,64514,Timeline2,Tobii I-VT (Fixation),1.145.28180,1080,1920,"10,00",696348306.0,,,1096.0,319.0,1090.0,314.0,1101.0,323.0,"0,12384","-0,02848","-0,99189","0,01767","-0,02369","-0,99956",,,Valid,Valid,"234,5","100,8","515,2","292,8","100,6","513,3","298,8","86,0","301,9","88,5","0,6091","0,2951","0,6045","0,2909","0,6136","0,2994",thumbnail_grossTrial,thumbnail_grossTrial.png,1245.0,1080.0,337.0,0.0,798.0,692.0,Unclassified,42.0,163.0,,,,,,
26929,28493073,1400467764360,Eye Tracker,Participant0058,17.09.2021,Participant0058,Recording4,17.09.2021,17.09.2021,14:48:45.713,12:48:45.713,64514,Timeline2,Tobii I-VT (Fixation),1.145.28180,1080,1920,"10,00",696356696.0,,,1097.0,314.0,1094.0,311.0,1100.0,316.0,"0,12605","-0,03031","-0,99156","0,01700","-0,02740","-0,99948",,,Valid,Valid,"234,4","100,8","515,3","292,8","100,7","513,4","299,9","85,0","301,5","86,6","0,6101","0,2904","0,6078","0,2877","0,6124","0,2930",thumbnail_grossTrial,thumbnail_grossTrial.png,1245.0,1080.0,337.0,0.0,798.0,692.0,Unclassified,42.0,163.0,,,,,,
26930,28501347,1400467772634,Eye Tracker,Participant0058,17.09.2021,Participant0058,Recording4,17.09.2021,17.09.2021,14:48:45.713,12:48:45.713,64514,Timeline2,Tobii I-VT (Fixation),1.145.28180,1080,1920,"10,00",696364969.0,,,1098.0,311.0,,,1098.0,311.0,,,,"0,01609","-0,02996","-0,99942",,"4,61",Invalid,Valid,,,,"292,8","100,6","513,5",,,"301,0","85,2","0,6111","0,2882",,,"0,6111","0,2882",thumbnail_grossTrial,thumbnail_grossTrial.png,1245.0,1080.0,337.0,0.0,798.0,692.0,Unclassified,42.0,163.0,,,,,,
26931,28509683,1400467780970,Eye Tracker,Participant0058,17.09.2021,Participant0058,Recording4,17.09.2021,17.09.2021,14:48:45.713,12:48:45.713,64514,Timeline2,Tobii I-VT (Fixation),1.145.28180,1080,1920,"10,00",696373305.0,,,1093.0,303.0,1089.0,300.0,1097.0,307.0,"0,12342","-0,03600","-0,99170","0,01559","-0,03240","-0,99935",,,Valid,Valid,"234,4","100,8","515,3","292,8","100,6","513,4","298,6","82,1","300,8","84,0","0,6071","0,2809","0,6039","0,2776","0,6104","0,2842",thumbnail_grossTrial,thumbnail_grossTrial.png,1245.0,1080.0,337.0,0.0,798.0,692.0,Unclassified,42.0,163.0,,,,,,
26932,28518077,1400467789364,Eye Tracker,Participant0058,17.09.2021,Participant0058,Recording4,17.09.2021,17.09.2021,14:48:45.713,12:48:45.713,64514,Timeline2,Tobii I-VT (Fixation),1.145.28180,1080,1920,"10,00",696381699.0,,,1095.0,310.0,1092.0,308.0,1098.0,311.0,"0,12487","-0,03177","-0,99166","0,01610","-0,03008","-0,99942",,,Valid,Valid,"234,3","100,8","515,4","292,7","100,7","513,5","299,2","84,3","301,0","85,2","0,6084","0,2867","0,6059","0,2851","0,6110","0,2883",thumbnail_grossTrial,thumbnail_grossTrial.png,1245.0,1080.0,337.0,0.0,798.0,692.0,Unclassified,42.0,163.0,,,,,,
26933,28526346,1400467797633,Eye Tracker,Participant0058,17.09.2021,Participant0058,Recording4,17.09.2021,17.09.2021,14:48:45.713,12:48:45.713,64514,Timeline2,Tobii I-VT (Fixation),1.145.28180,1080,1920,"10,00",696389967.0,,,,,,,,,,,,,,,,,Invalid,Invalid,,,,,,,,,,,,,,,,,thumbnail_grossTrial,thumbnail_grossTrial.png,1245.0,1080.0,337.0,0.0,798.0,692.0,EyesNotFound,8.0,133.0,,,,,,
26934,28534694,1400467805981,Eye Tracker,Participant0058,17.09.2021,Participant0058,Recording4,17.09.2021,17.09.2021,14:48:45.713,12:48:45.713,64514,Timeline2,Tobii I-VT (Fixation),1.145.28180,1080,1920,"10,00",696398315.0,,,1096.0,302.0,1092.0,293.0,1100.0,312.0,"0,12504","-0,03963","-0,99136","0,01710","-0,02979","-0,99941",,,Valid,Valid,"234,4","100,8","515,4","292,7","100,6","513,6","299,4","80,1","301,5","85,3","0,6094","0,2799","0,6063","0,2712","0,6126","0,2886",thumbnail_grossTrial,thumbnail_grossTrial.png,1245.0,1080.0,337.0,0.0,798.0,692.0,Unclassified,17.0,164.0,,,,,,
26935,28542980,1400467814267,Eye Tracker,Participant0058,17.09.2021,Participant0058,Recording4,17.09.2021,17.09.2021,14:48:45.713,12:48:45.713,64514,Timeline2,Tobii I-VT (Fixation),1.145.28180,1080,1920,"10,00",696406601.0,,,1094.0,298.0,1088.0,288.0,1099.0,309.0,"0,12288","-0,04218","-0,99153","0,01679","-0,03153","-0,99936",,,Valid,Valid,"234,3","100,8","515,5","292,7","100,6","513,7","298,2","78,8","301,3","84,4","0,6074","0,2762","0,6028","0,2668","0,6119","0,2857",thumbnail_grossTrial,thumbnail_grossTrial.png,1245.0,1080.0,337.0,0.0,798.0,692.0,Unclassified,17.0,164.0,,,,,,
26936,28551364,1400467822651,Eye Tracker,Participant0058,17.09.2021,Participant0058,Recording4,17.09.2021,17.09.2021,14:48:45.713,12:48:45.713,64514,Timeline2,Tobii I-VT (Fixation),1.145.28180,1080,1920,"10,00",696414985.0,,,,,,,,,,,,,,,,,Invalid,Invalid,,,,,,,,,,,,,,,,,thumbnail_grossTrial,thumbnail_grossTrial.png,1245.0,1080.0,337.0,0.0,798.0,692.0,EyesNotFound,8.0,134.0,,,,,,
26937,28559684,1400467830971,Eye Tracker,Participant0058,17.09.2021,Participant0058,Recording4,17.09.2021,17.09.2021,14:48:45.713,12:48:45.713,64514,Timeline2,Tobii I-VT (Fixation),1.145.28180,1080,1920,"10,00",696423304.0,,,1100.0,296.0,1091.0,295.0,1108.0,297.0,"0,12438","-0,03841","-0,99149","0,02135","-0,03734","-0,99907",,,Valid,Valid,"234,4","100,8","515,5","292,7","100,6","513,6","299,0","80,8","303,7","81,4","0,6121","0,2744","0,6053","0,2734","0,6190","0,2755",thumbnail_grossTrial,thumbnail_grossTrial.png,1245.0,1080.0,337.0,0.0,798.0,692.0,Unclassified,17.0,165.0,,,,,,
26938,28567979,1400467839266,Eye Tracker,Participant0058,17.09.2021,Participant0058,Recording4,17.09.2021,17.09.2021,14:48:45.713,12:48:45.713,64514,Timeline2,Tobii I-VT (Fixation),1.145.28180,1080,1920,"10,00",696431599.0,,,1097.0,288.0,1085.0,267.0,1109.0,308.0,"0,12147","-0,05306","-0,99118","0,02201","-0,03185","-0,99925",,,Valid,Valid,"234,3","100,8","515,5","292,7","100,6","513,7","297,5","73,2","304,0","84,2","0,6102","0,2663","0,6007","0,2476","0,6198","0,2850",thumbnail_grossTrial,thumbnail_grossTrial.png,1245.0,1080.0,337.0,0.0,798.0,692.0,Unclassified,17.0,165.0,,,,,,
26939,28576340,1400467847627,Eye Tracker,Participant0058,17.09.2021,Participant0058,Recording4,17.09.2021,17.09.2021,14:48:45.713,12:48:45.713,64514,Timeline2,Tobii I-VT (Fixation),1.145.28180,1080,1920,"10,00",696439960.0,,,,,,,,,,,,,,,,,Invalid,Invalid,,,,,,,,,,,,,,,,,thumbnail_grossTrial,thumbnail_grossTrial.png,1245.0,1080.0,337.0,0.0,798.0,692.0,EyesNotFound,8.0,135.0,,,,,,
26940,28584682,1400467855969,Eye Tracker,Participant0058,17.09.2021,Participant0058,Recording4,17.09.2021,17.09.2021,14:48:45.713,12:48:45.713,64514,Timeline2,Tobii I-VT (Fixation),1.145.28180,1080,1920,"10,00",696448302.0,,,1106.0,281.0,1087.0,275.0,1124.0,287.0,"0,12195","-0,04935","-0,99131","0,03000","-0,04313","-0,99862",,,Valid,Valid,"234,4","100,8","515,4","292,7","100,6","513,7","297,8","75,1","308,2","78,4","0,6168","0,2598","0,6016","0,2542","0,6320","0,2654",thumbnail_grossTrial,thumbnail_grossTrial.png,1245.0,1080.0,337.0,0.0,798.0,692.0,Unclassified,17.0,166.0,,,,,,
26941,28593078,1400467864365,Eye Tracker,Participant0058,17.09.2021,Participant0058,Recording4,17.09.2021,17.09.2021,14:48:45.713,12:48:45.713,64514,Timeline2,Tobii I-VT (Fixation),1.145.28180,1080,1920,"10,00",696456697.0,,,1103.0,287.0,1086.0,293.0,1120.0,281.0,"0,12173","-0,03946","-0,99178","0,02777","-0,04614","-0,99855",,,Valid,Valid,"234,3","100,8","515,4","292,7","100,6","513,7","297,6","80,3","307,0","76,9","0,6148","0,2660","0,6010","0,2717","0,6286","0,2602",thumbnail_grossTrial,thumbnail_grossTrial.png,1245.0,1080.0,337.0,0.0,798.0,692.0,Unclassified,17.0,166.0,,,,,,
26942,28601340,1400467872627,Eye Tracker,Participant0058,17.09.2021,Participant0058,Recording4,17.09.2021,17.09.2021,14:48:45.713,12:48:45.713,64514,Timeline2,Tobii I-VT (Fixation),1.145.28180,1080,1920,"10,00",696464959.0,,,,,,,,,,,,,,,,,Invalid,Invalid,,,,,,,,,,,,,,,,,thumbnail_grossTrial,thumbnail_grossTrial.png,1245.0,1080.0,337.0,0.0,798.0,692.0,EyesNotFound,8.0,136.0,,,,,,
26943,28609680,1400467880967,Eye Tracker,Participant0058,17.09.2021,Participant0058,Recording4,17.09.2021,17.09.2021,14:48:45.713,12:48:45.713,64514,Timeline2,Tobii I-VT (Fixation),1.145.28180,1080,1920,"10,00",696473299.0,,,1098.0,292.0,1084.0,287.0,1112.0,297.0,"0,12055","-0,04277","-0,99179","0,02357","-0,03758","-0,99902",,,Valid,Valid,"234,4","100,8","515,4","292,8","100,6","513,6","297,0","78,6","304,9","81,3","0,6109","0,2705","0,5994","0,2659","0,6224","0,2751",thumbnail_grossTrial,thumbnail_grossTrial.png,1245.0,1080.0,337.0,0.0,798.0,692.0,Unclassified,17.0,167.0,,,,,,
26944,28618042,1400467889329,Eye Tracker,Participant0058,17.09.2021,Participant0058,Recording4,17.09.2021,17.09.2021,14:48:45.713,12:48:45.713,64514,Timeline2,Tobii I-VT (Fixation),1.145.28180,1080,1920,"10,00",696481660.0,,,1102.0,293.0,1088.0,284.0,1116.0,303.0,"0,12304","-0,04435","-0,99141","0,02546","-0,03477","-0,99907",,,Valid,Valid,"234,3","100,8","515,4","292,7","100,7","513,7","298,3","77,8","305,8","82,8","0,6141","0,2716","0,6031","0,2631","0,6251","0,2801",thumbnail_grossTrial,thumbnail_grossTrial.png,1245.0,1080.0,337.0,0.0,798.0,692.0,Unclassified,17.0,167.0,,,,,,
26945,28626355,1400467897642,Eye Tracker,Participant0058,17.09.2021,Participant0058,Recording4,17.09.2021,17.09.2021,14:48:45.713,12:48:45.713,64514,Timeline2,Tobii I-VT (Fixation),1.145.28180,1080,1920,"10,00",696489973.0,,,,,,,,,,,,,,,,,Invalid,Invalid,,,,,,,,,,,,,,,,,thumbnail_grossTrial,thumbnail_grossTrial.png,1245.0,1080.0,337.0,0.0,798.0,692.0,EyesNotFound,8.0,137.0,,,,,,
26946,28634672,1400467905959,Eye Tracker,Participant0058,17.09.2021,Participant0058,Recording4,17.09.2021,17.09.2021,14:48:45.713,12:48:45.713,64514,Timeline2,Tobii I-VT (Fixation),1.145.28180,1080,1920,"10,00",696498290.0,,,1104.0,307.0,1094.0,308.0,1114.0,306.0,"0,12571","-0,03167","-0,99156","0,02455","-0,03296","-0,99916",,,Valid,Valid,"234,4","100,8","515,3","292,8","100,6","513,6","299,7","84,3","305,4","83,7","0,6156","0,2842","0,6073","0,2854","0,6238","0,2831",thumbnail_grossTrial,thumbnail_grossTrial.png,1245.0,1080.0,337.0,0.0,798.0,692.0,Unclassified,17.0,168.0,,,,,,
26947,28642972,1400467914259,Eye Tracker,Participant0058,17.09.2021,Participant0058,Recording4,17.09.2021,17.09.2021,14:48:45.713,12:48:45.713,64514,Timeline2,Tobii I-VT (Fixation),1.145.28180,1080,1920,"10,00",696506590.0,,,1111.0,306.0,1097.0,326.0,1125.0,286.0,"0,12736","-0,02254","-0,99160","0,03047","-0,04368","-0,99858",,,Valid,Valid,"234,3","100,8","515,3","292,7","100,7","513,6","300,5","89,1","308,4","78,2","0,6211","0,2830","0,6096","0,3015","0,6326","0,2645",thumbnail_grossTrial,thumbnail_grossTrial.png,1245.0,1080.0,337.0,0.0,798.0,692.0,Unclassified,17.0,168.0,,,,,,
26948,28651334,1400467922621,Eye Tracker,Participant0058,17.09.2021,Participant0058,Recording4,17.09.2021,17.09.2021,14:48:45.713,12:48:45.713,64514,Timeline2,Tobii I-VT (Fixation),1.145.28180,1080,1920,"10,00",696514951.0,,,,,,,,,,,,,,,,,Invalid,Invalid,,,,,,,,,,,,,,,,,thumbnail_grossTrial,thumbnail_grossTrial.png,1245.0,1080.0,337.0,0.0,798.0,692.0,EyesNotFound,8.0,138.0,,,,,,
26949,28659639,1400467930926,Eye Tracker,Participant0058,17.09.2021,Participant0058,Recording4,17.09.2021,17.09.2021,14:48:45.713,12:48:45.713,64514,Timeline2,Tobii I-VT (Fixation),1.145.28180,1080,1920,"10,00",696523256.0,,,1112.0,296.0,1098.0,314.0,1126.0,279.0,"0,12796","-0,02888","-0,99136","0,03070","-0,04716","-0,99842",,,Valid,Valid,"234,4","100,8","515,2","292,7","100,6","513,6","300,9","85,8","308,5","76,3","0,6219","0,2743","0,6107","0,2903","0,6331","0,2583",thumbnail_grossTrial,thumbnail_grossTrial.png,1245.0,1080.0,337.0,0.0,798.0,692.0,Unclassified,17.0,169.0,,,,,,
26950,28668009,1400467939296,Eye Tracker,Participant0058,17.09.2021,Participant0058,Recording4,17.09.2021,17.09.2021,14:48:45.713,12:48:45.713,64514,Timeline2,Tobii I-VT (Fixation),1.145.28180,1080,1920,"10,00",696531626.0,,,1103.0,298.0,1091.0,306.0,1116.0,289.0,"0,12434","-0,03295","-0,99169","0,02540","-0,04169","-0,99881",,,Valid,Valid,"234,3","100,8","515,3","292,7","100,6","513,6","298,9","83,7","305,7","79,2","0,6149","0,2756","0,6049","0,2832","0,6249","0,2680",thumbnail_grossTrial,thumbnail_grossTrial.png,1245.0,1080.0,337.0,0.0,798.0,692.0,Unclassified,17.0,169.0,,,,,,
26951,28676330,1400467947617,Eye Tracker,Participant0058,17.09.2021,Participant0058,Recording4,17.09.2021,17.09.2021,14:48:45.713,12:48:45.713,64514,Timeline2,Tobii I-VT (Fixation),1.145.28180,1080,1920,"10,00",696539947.0,,,,,,,,,,,,,,,,,Invalid,Invalid,,,,,,,,,,,,,,,,,thumbnail_grossTrial,thumbnail_grossTrial.png,1245.0,1080.0,337.0,0.0,798.0,692.0,EyesNotFound,8.0,139.0,,,,,,
26952,28684676,1400467955963,Eye Tracker,Participant0058,17.09.2021,Participant0058,Recording4,17.09.2021,17.09.2021,14:48:45.713,12:48:45.713,64514,Timeline2,Tobii I-VT (Fixation),1.145.28180,1080,1920,"10,00",696548292.0,,,1101.0,294.0,1087.0,297.0,1115.0,290.0,"0,12234","-0,03755","-0,99178","0,02479","-0,04127","-0,99884",,,Valid,Valid,"234,4","100,8","515,2","292,7","100,6","513,6","297,9","81,3","305,5","79,4","0,6131","0,2718","0,6020","0,2750","0,6241","0,2686",thumbnail_grossTrial,thumbnail_grossTrial.png,1245.0,1080.0,337.0,0.0,798.0,692.0,Unclassified,17.0,170.0,,,,,,
26953,28692969,1400467964256,Eye Tracker,Participant0058,17.09.2021,Participant0058,Recording4,17.09.2021,17.09.2021,14:48:45.713,12:48:45.713,64514,Timeline2,Tobii I-VT (Fixation),1.145.28180,1080,1920,"10,00",696556585.0,,,1107.0,290.0,1093.0,285.0,1121.0,295.0,"0,12534","-0,04376","-0,99115","0,02846","-0,03862","-0,99885",,,Valid,Valid,"234,3","100,8","515,3","292,7","100,6","513,6","299,5","78,1","307,3","80,8","0,6180","0,2687","0,6065","0,2641","0,6295","0,2733",thumbnail_grossTrial,thumbnail_grossTrial.png,1245.0,1080.0,337.0,0.0,798.0,692.0,Unclassified,17.0,170.0,,,,,,
26954,28701300,1400467972587,Eye Tracker,Participant0058,17.09.2021,Participant0058,Recording4,17.09.2021,17.09.2021,14:48:45.713,12:48:45.713,64514,Timeline2,Tobii I-VT (Fixation),1.145.28180,1080,1920,"10,00",696564916.0,,,,,,,,,,,,,,,,,Invalid,Invalid,,,,,,,,,,,,,,,,,thumbnail_grossTrial,thumbnail_grossTrial.png,1245.0,1080.0,337.0,0.0,798.0,692.0,EyesNotFound,8.0,140.0,,,,,,
26955,28709664,1400467980951,Eye Tracker,Participant0058,17.09.2021,Participant0058,Recording4,17.09.2021,17.09.2021,14:48:45.713,12:48:45.713,64514,Timeline2,Tobii I-VT (Fixation),1.145.28180,1080,1920,"10,00",696573279.0,,,1105.0,285.0,1084.0,281.0,1125.0,290.0,"0,12092","-0,04615","-0,99159","0,03041","-0,04113","-0,99869",,,Valid,Valid,"234,4","100,8","515,3","292,7","100,6","513,6","297,2","76,8","308,4","79,4","0,6163","0,2643","0,5999","0,2599","0,6326","0,2687",thumbnail_grossTrial,thumbnail_grossTrial.png,1245.0,1080.0,337.0,0.0,798.0,692.0,Unclassified,17.0,171.0,,,,,,
26956,28717994,1400467989281,Eye Tracker,Participant0058,17.09.2021,Participant0058,Recording4,17.09.2021,17.09.2021,14:48:45.713,12:48:45.713,64514,Timeline2,Tobii I-VT (Fixation),1.145.28180,1080,1920,"10,00",696581609.0,,,1099.0,290.0,1083.0,286.0,1115.0,293.0,"0,12040","-0,04337","-0,99178","0,02504","-0,03969","-0,99890",,,Valid,Valid,"234,3","100,8","515,3","292,7","100,6","513,7","296,9","78,3","305,6","80,2","0,6117","0,2681","0,5989","0,2649","0,6244","0,2714",thumbnail_grossTrial,thumbnail_grossTrial.png,1245.0,1080.0,337.0,0.0,798.0,692.0,Unclassified,17.0,171.0,,,,,,
26957,28726335,1400467997622,Eye Tracker,Participant0058,17.09.2021,Participant0058,Recording4,17.09.2021,17.09.2021,14:48:45.713,12:48:45.713,64514,Timeline2,Tobii I-VT (Fixation),1.145.28180,1080,1920,"10,00",696589950.0,,,,,,,,,,,,,,,,,Invalid,Invalid,,,,,,,,,,,,,,,,,thumbnail_grossTrial,thumbnail_grossTrial.png,1245.0,1080.0,337.0,0.0,798.0,692.0,EyesNotFound,8.0,141.0,,,,,,
26958,28734663,1400468005950,Eye Tracker,Participant0058,17.09.2021,Participant0058,Recording4,17.09.2021,17.09.2021,14:48:45.713,12:48:45.713,64514,Timeline2,Tobii I-VT (Fixation),1.145.28180,1080,1920,"10,00",696598278.0,,,1101.0,305.0,1093.0,310.0,1109.0,300.0,"0,12523","-0,03079","-0,99165","0,02151","-0,03597","-0,99912",,,Valid,Valid,"234,4","100,8","515,4","292,8","100,6","513,8","299,5","84,8","303,8","82,1","0,6129","0,2823","0,6065","0,2869","0,6193","0,2777",thumbnail_grossTrial,thumbnail_grossTrial.png,1245.0,1080.0,337.0,0.0,798.0,692.0,Unclassified,17.0,172.0,,,,,,
26959,28743050,1400468014337,Eye Tracker,Participant0058,17.09.2021,Participant0058,Recording4,17.09.2021,17.09.2021,14:48:45.713,12:48:45.713,64514,Timeline2,Tobii I-VT (Fixation),1.145.28180,1080,1920,"10,00",696606664.0,,,1100.0,301.0,1092.0,310.0,1107.0,292.0,"0,12494","-0,03055","-0,99169","0,02099","-0,04009","-0,99898",,,Valid,Valid,"234,3","100,8","515,4","292,7","100,6","513,9","299,3","84,9","303,5","80,0","0,6121","0,2790","0,6059","0,2874","0,6184","0,2706",thumbnail_grossTrial,thumbnail_grossTrial.png,1245.0,1080.0,337.0,0.0,798.0,692.0,Unclassified,17.0,172.0,,,,,,
26960,28751413,1400468022700,Eye Tracker,Participant0058,17.09.2021,Participant0058,Recording4,17.09.2021,17.09.2021,14:48:45.713,12:48:45.713,64514,Timeline2,Tobii I-VT (Fixation),1.145.28180,1080,1920,"10,00",696615027.0,,,,,,,,,,,,,,,,,Invalid,Invalid,,,,,,,,,,,,,,,,,thumbnail_grossTrial,thumbnail_grossTrial.png,1245.0,1080.0,337.0,0.0,798.0,692.0,EyesNotFound,8.0,142.0,,,,,,
26961,28759669,1400468030956,Eye Tracker,Participant0058,17.09.2021,Participant0058,Recording4,17.09.2021,17.09.2021,14:48:45.713,12:48:45.713,64514,Timeline2,Tobii I-VT (Fixation),1.145.28180,1080,1920,"10,00",696623283.0,,,1099.0,292.0,1091.0,296.0,1107.0,288.0,"0,12423","-0,03820","-0,99152","0,02058","-0,04229","-0,99889",,,Valid,Valid,"234,4","100,8","515,5","292,8","100,6","513,9","299,0","80,9","303,4","78,8","0,6115","0,2702","0,6051","0,2738","0,6179","0,2666",thumbnail_grossTrial,thumbnail_grossTrial.png,1245.0,1080.0,337.0,0.0,798.0,692.0,Unclassified,17.0,173.0,,,,,,
26962,28767990,1400468039277,Eye Tracker,Participant0058,17.09.2021,Participant0058,Recording4,17.09.2021,17.09.2021,14:48:45.713,12:48:45.713,64514,Timeline2,Tobii I-VT (Fixation),1.145.28180,1080,1920,"10,00",696631604.0,,,1097.0,300.0,1082.0,311.0,1111.0,289.0,"0,11989","-0,03026","-0,99233","0,02282","-0,04163","-0,99887",,,Valid,Valid,"234,3","100,8","515,5","292,7","100,6","514,0","296,6","85,1","304,5","79,1","0,6097","0,2778","0,5981","0,2879","0,6212","0,2678",thumbnail_grossTrial,thumbnail_grossTrial.png,1245.0,1080.0,337.0,0.0,798.0,692.0,Unclassified,17.0,173.0,,,,,,
26963,28776330,1400468047617,Eye Tracker,Participant0058,17.09.2021,Participant0058,Recording4,17.09.2021,17.09.2021,14:48:45.713,12:48:45.713,64514,Timeline2,Tobii I-VT (Fixation),1.145.28180,1080,1920,"10,00",696639943.0,,,,,,,,,,,,,,,,,Invalid,Invalid,,,,,,,,,,,,,,,,,thumbnail_grossTrial,thumbnail_grossTrial.png,1245.0,1080.0,337.0,0.0,798.0,692.0,EyesNotFound,8.0,143.0,,,,,,
26964,28784662,1400468055949,Eye Tracker,Participant0058,17.09.2021,Participant0058,Recording4,17.09.2021,17.09.2021,14:48:45.713,12:48:45.713,64514,Timeline2,Tobii I-VT (Fixation),1.145.28180,1080,1920,"10,00",696648275.0,,,1096.0,298.0,1079.0,301.0,1112.0,295.0,"0,11828","-0,03533","-0,99235","0,02352","-0,03835","-0,99899",,,Valid,Valid,"234,4","100,8","515,5","292,8","100,5","514,0","295,8","82,5","304,9","80,8","0,6091","0,2761","0,5959","0,2790","0,6224","0,2733",thumbnail_grossTrial,thumbnail_grossTrial.png,1245.0,1080.0,337.0,0.0,798.0,692.0,Unclassified,17.0,174.0,,,,,,
26965,28793012,1400468064299,Eye Tracker,Participant0058,17.09.2021,Participant0058,Recording4,17.09.2021,17.09.2021,14:48:45.713,12:48:45.713,64514,Timeline2,Tobii I-VT (Fixation),1.145.28180,1080,1920,"10,00",696656625.0,,,1103.0,291.0,1092.0,297.0,1114.0,284.0,"0,12487","-0,03748","-0,99147","0,02436","-0,04420","-0,99873",,,Valid,Valid,"234,3","100,8","515,5","292,7","100,5","514,1","299,3","81,3","305,3","77,8","0,6147","0,2692","0,6059","0,2752","0,6236","0,2632",thumbnail_grossTrial,thumbnail_grossTrial.png,1245.0,1080.0,337.0,0.0,798.0,692.0,Unclassified,17.0,174.0,,,,,,
26966,28801353,1400468072640,Eye Tracker,Participant0058,17.09.2021,Participant0058,Recording4,17.09.2021,17.09.2021,14:48:45.713,12:48:45.713,64514,Timeline2,Tobii I-VT (Fixation),1.145.28180,1080,1920,"10,00",696664965.0,,,,,,,,,,,,,,,,,Invalid,Invalid,,,,,,,,,,,,,,,,,thumbnail_grossTrial,thumbnail_grossTrial.png,1245.0,1080.0,337.0,0.0,798.0,692.0,EyesNotFound,8.0,144.0,,,,,,
26967,28809721,1400468081008,Eye Tracker,Participant0058,17.09.2021,Participant0058,Recording4,17.09.2021,17.09.2021,14:48:45.713,12:48:45.713,64514,Timeline2,Tobii I-VT (Fixation),1.145.28180,1080,1920,"10,00",696673333.0,,,1103.0,292.0,1092.0,300.0,1113.0,284.0,"0,12497","-0,03578","-0,99152","0,02388","-0,04425","-0,99874",,,Valid,Valid,"234,4","100,8","515,5","292,8","100,5","514,2","299,4","82,2","305,1","77,7","0,6146","0,2705","0,6062","0,2781","0,6230","0,2628",thumbnail_grossTrial,thumbnail_grossTrial.png,1245.0,1080.0,337.0,0.0,798.0,692.0,Unclassified,17.0,175.0,,,,,,
26968,28817958,1400468089245,Eye Tracker,Participant0058,17.09.2021,Participant0058,Recording4,17.09.2021,17.09.2021,14:48:45.713,12:48:45.713,64514,Timeline2,Tobii I-VT (Fixation),1.145.28180,1080,1920,"10,00",696681570.0,,,1103.0,294.0,1091.0,291.0,1115.0,298.0,"0,12428","-0,04093","-0,99140","0,02469","-0,03661","-0,99902",,,Valid,Valid,"234,3","100,8","515,5","292,8","100,5","514,2","298,9","79,5","305,5","81,6","0,6145","0,2726","0,6050","0,2691","0,6241","0,2762",thumbnail_grossTrial,thumbnail_grossTrial.png,1245.0,1080.0,337.0,0.0,798.0,692.0,Unclassified,17.0,175.0,,,,,,
26969,28826320,1400468097607,Eye Tracker,Participant0058,17.09.2021,Participant0058,Recording4,17.09.2021,17.09.2021,14:48:45.713,12:48:45.713,64514,Timeline2,Tobii I-VT (Fixation),1.145.28180,1080,1920,"10,00",696689932.0,,,,,,,,,,,,,,,,,Invalid,Invalid,,,,,,,,,,,,,,,,,thumbnail_grossTrial,thumbnail_grossTrial.png,1245.0,1080.0,337.0,0.0,798.0,692.0,EyesNotFound,8.0,145.0,,,,,,
26970,28834658,1400468105945,Eye Tracker,Participant0058,17.09.2021,Participant0058,Recording4,17.09.2021,17.09.2021,14:48:45.713,12:48:45.713,64514,Timeline2,Tobii I-VT (Fixation),1.145.28180,1080,1920,"10,00",696698269.0,,,1095.0,289.0,1085.0,284.0,1105.0,295.0,"0,12116","-0,04425","-0,99165","0,01935","-0,03835","-0,99908",,,Valid,Valid,"234,4","100,8","515,4","292,8","100,4","514,3","297,4","77,8","302,8","80,7","0,6083","0,2680","0,6004","0,2632","0,6162","0,2729",thumbnail_grossTrial,thumbnail_grossTrial.png,1245.0,1080.0,337.0,0.0,798.0,692.0,Unclassified,17.0,176.0,,,,,,
26971,28842985,1400468114272,Eye Tracker,Participant0058,17.09.2021,Participant0058,Recording4,17.09.2021,17.09.2021,14:48:45.713,12:48:45.713,64514,Timeline2,Tobii I-VT (Fixation),1.145.28180,1080,1920,"10,00",696706596.0,,,1091.0,270.0,1077.0,253.0,1105.0,286.0,"0,11727","-0,06065","-0,99125","0,01957","-0,04276","-0,99889",,,Valid,Valid,"234,3","100,8","515,5","292,8","100,4","514,3","295,3","69,3","302,8","78,4","0,6053","0,2498","0,5943","0,2343","0,6164","0,2652",thumbnail_grossTrial,thumbnail_grossTrial.png,1245.0,1080.0,337.0,0.0,798.0,692.0,Unclassified,17.0,176.0,,,,,,
26972,28851324,1400468122611,Eye Tracker,Participant0058,17.09.2021,Participant0058,Recording4,17.09.2021,17.09.2021,14:48:45.713,12:48:45.713,64514,Timeline2,Tobii I-VT (Fixation),1.145.28180,1080,1920,"10,00",696714935.0,,,,,,,,,,,,,,,,,Invalid,Invalid,,,,,,,,,,,,,,,,,thumbnail_grossTrial,thumbnail_grossTrial.png,1245.0,1080.0,337.0,0.0,798.0,692.0,EyesNotFound,8.0,146.0,,,,,,
26973,28859663,1400468130950,Eye Tracker,Participant0058,17.09.2021,Participant0058,Recording4,17.09.2021,17.09.2021,14:48:45.713,12:48:45.713,64514,Timeline2,Tobii I-VT (Fixation),1.145.28180,1080,1920,"10,00",696723274.0,,,1096.0,264.0,1076.0,245.0,1117.0,284.0,"0,11635","-0,06475","-0,99109","0,02580","-0,04407","-0,99870",,,Valid,Valid,"234,4","100,8","515,4","292,8","100,3","514,3","294,9","67,1","306,1","77,6","0,6095","0,2449","0,5931","0,2270","0,6259","0,2627",thumbnail_grossTrial,thumbnail_grossTrial.png,1245.0,1080.0,337.0,0.0,798.0,692.0,Unclassified,17.0,177.0,,,,,,
26974,28867983,1400468139270,Eye Tracker,Participant0058,17.09.2021,Participant0058,Recording4,17.09.2021,17.09.2021,14:48:45.713,12:48:45.713,64514,Timeline2,Tobii I-VT (Fixation),1.145.28180,1080,1920,"10,00",696731593.0,,,1095.0,269.0,1074.0,263.0,1116.0,275.0,"0,11540","-0,05548","-0,99177","0,02563","-0,04887","-0,99848",,,Valid,Valid,"234,3","100,8","515,4","292,7","100,4","514,4","294,3","72,0","306,0","75,2","0,6084","0,2489","0,5913","0,2435","0,6255","0,2544",thumbnail_grossTrial,thumbnail_grossTrial.png,1245.0,1080.0,337.0,0.0,798.0,692.0,Unclassified,17.0,177.0,,,,,,
26975,28876334,1400468147621,Eye Tracker,Participant0058,17.09.2021,Participant0058,Recording4,17.09.2021,17.09.2021,14:48:45.713,12:48:45.713,64514,Timeline2,Tobii I-VT (Fixation),1.145.28180,1080,1920,"10,00",696739944.0,,,,,,,,,,,,,,,,,Invalid,Invalid,,,,,,,,,,,,,,,,,thumbnail_grossTrial,thumbnail_grossTrial.png,1245.0,1080.0,337.0,0.0,798.0,692.0,EyesNotFound,8.0,147.0,,,,,,
26976,28884620,1400468155907,Eye Tracker,Participant0058,17.09.2021,Participant0058,Recording4,17.09.2021,17.09.2021,14:48:45.713,12:48:45.713,64514,Timeline2,Tobii I-VT (Fixation),1.145.28180,1080,1920,"10,00",696748230.0,,,1090.0,281.0,1075.0,277.0,1105.0,285.0,"0,11590","-0,04802","-0,99210","0,01953","-0,04360","-0,99886",,,Valid,Valid,"234,4","100,8","515,4","292,8","100,3","514,4","294,6","75,8","302,9","77,9","0,6043","0,2600","0,5922","0,2566","0,6164","0,2635",thumbnail_grossTrial,thumbnail_grossTrial.png,1245.0,1080.0,337.0,0.0,798.0,692.0,Unclassified,17.0,178.0,,,,,,
26977,28892951,1400468164238,Eye Tracker,Participant0058,17.09.2021,Participant0058,Recording4,17.09.2021,17.09.2021,14:48:45.713,12:48:45.713,64514,Timeline2,Tobii I-VT (Fixation),1.145.28180,1080,1920,"10,00",696756561.0,,,1091.0,297.0,1081.0,293.0,1101.0,302.0,"0,11924","-0,03962","-0,99208","0,01741","-0,03460","-0,99925",,,Valid,Valid,"234,3","100,8","515,4","292,7","100,4","514,4","296,3","80,2","301,7","82,6","0,6051","0,2754","0,5971","0,2715","0,6131","0,2793",thumbnail_grossTrial,thumbnail_grossTrial.png,1245.0,1080.0,337.0,0.0,798.0,692.0,Unclassified,17.0,178.0,,,,,,
26978,28901283,1400468172570,Eye Tracker,Participant0058,17.09.2021,Participant0058,Recording4,17.09.2021,17.09.2021,14:48:45.713,12:48:45.713,64514,Timeline2,Tobii I-VT (Fixation),1.145.28180,1080,1920,"10,00",696764892.0,,,,,,,,,,,,,,,,,Invalid,Invalid,,,,,,,,,,,,,,,,,thumbnail_grossTrial,thumbnail_grossTrial.png,1245.0,1080.0,337.0,0.0,798.0,692.0,EyesNotFound,8.0,148.0,,,,,,
26979,28909705,1400468180992,Eye Tracker,Participant0058,17.09.2021,Participant0058,Recording4,17.09.2021,17.09.2021,14:48:45.713,12:48:45.713,64514,Timeline2,Tobii I-VT (Fixation),1.145.28180,1080,1920,"10,00",696773314.0,,,1100.0,292.0,1092.0,304.0,1109.0,279.0,"0,12479","-0,03376","-0,99161","0,02167","-0,04643","-0,99869",,,Valid,Valid,"234,4","100,8","515,4","292,8","100,4","514,4","299,2","83,3","304,0","76,4","0,6128","0,2702","0,6059","0,2817","0,6197","0,2586",thumbnail_grossTrial,thumbnail_grossTrial.png,1245.0,1080.0,337.0,0.0,798.0,692.0,Unclassified,17.0,179.0,,,,,,
26980,28917971,1400468189258,Eye Tracker,Participant0058,17.09.2021,Participant0058,Recording4,17.09.2021,17.09.2021,14:48:45.713,12:48:45.713,64514,Timeline2,Tobii I-VT (Fixation),1.145.28180,1080,1920,"10,00",696781580.0,,,1099.0,282.0,1088.0,300.0,1111.0,263.0,"0,12266","-0,03591","-0,99180","0,02274","-0,05506","-0,99822",,,Valid,Valid,"234,3","100,8","515,4","292,8","100,4","514,4","298,1","82,2","304,5","72,0","0,6118","0,2609","0,6024","0,2781","0,6212","0,2437",thumbnail_grossTrial,thumbnail_grossTrial.png,1245.0,1080.0,337.0,0.0,798.0,692.0,Unclassified,17.0,179.0,,,,,,
26981,28926283,1400468197570,Eye Tracker,Participant0058,17.09.2021,Participant0058,Recording4,17.09.2021,17.09.2021,14:48:45.713,12:48:45.713,64514,Timeline2,Tobii I-VT (Fixation),1.145.28180,1080,1920,"10,00",696789891.0,,,,,,,,,,,,,,,,,Invalid,Invalid,,,,,,,,,,,,,,,,,thumbnail_grossTrial,thumbnail_grossTrial.png,1245.0,1080.0,337.0,0.0,798.0,692.0,EyesNotFound,8.0,149.0,,,,,,
26982,28934616,1400468205903,Eye Tracker,Participant0058,17.09.2021,Participant0058,Recording4,17.09.2021,17.09.2021,14:48:45.713,12:48:45.713,64514,Timeline2,Tobii I-VT (Fixation),1.145.28180,1080,1920,"10,00",696798224.0,,,1092.0,281.0,1078.0,280.0,1107.0,282.0,"0,11737","-0,04671","-0,99199","0,02061","-0,04497","-0,99878",,,Valid,Valid,"234,4","100,8","515,4","292,8","100,4","514,4","295,4","76,6","303,4","77,2","0,6063","0,2602","0,5945","0,2591","0,6181","0,2613",thumbnail_grossTrial,thumbnail_grossTrial.png,1245.0,1080.0,337.0,0.0,798.0,692.0,Unclassified,17.0,180.0,,,,,,
26983,28942949,1400468214236,Eye Tracker,Participant0058,17.09.2021,Participant0058,Recording4,17.09.2021,17.09.2021,14:48:45.713,12:48:45.713,64514,Timeline2,Tobii I-VT (Fixation),1.145.28180,1080,1920,"10,00",696806557.0,,,1091.0,291.0,1075.0,291.0,1107.0,291.0,"0,11627","-0,04085","-0,99238","0,02077","-0,04058","-0,99896",,,Valid,Valid,"234,3","100,9","515,4","292,8","100,4","514,4","294,7","79,6","303,5","79,5","0,6054","0,2693","0,5926","0,2695","0,6182","0,2691",thumbnail_grossTrial,thumbnail_grossTrial.png,1245.0,1080.0,337.0,0.0,798.0,692.0,Unclassified,17.0,180.0,,,,,,
26984,28951279,1400468222566,Eye Tracker,Participant0058,17.09.2021,Participant0058,Recording4,17.09.2021,17.09.2021,14:48:45.713,12:48:45.713,64514,Timeline2,Tobii I-VT (Fixation),1.145.28180,1080,1920,"10,00",696814887.0,,,,,,,,,,,,,,,,,Invalid,Invalid,,,,,,,,,,,,,,,,,thumbnail_grossTrial,thumbnail_grossTrial.png,1245.0,1080.0,337.0,0.0,798.0,692.0,EyesNotFound,8.0,150.0,,,,,,
26985,28959643,1400468230930,Eye Tracker,Participant0058,17.09.2021,Participant0058,Recording4,17.09.2021,17.09.2021,14:48:45.713,12:48:45.713,64514,Timeline2,Tobii I-VT (Fixation),1.145.28180,1080,1920,"10,00",696823250.0,,,1090.0,296.0,1073.0,289.0,1106.0,303.0,"0,11504","-0,04176","-0,99248","0,01999","-0,03414","-0,99922",,,Valid,Valid,"234,4","100,8","515,4","292,8","100,4","514,3","294,1","79,2","303,1","82,8","0,6040","0,2741","0,5909","0,2678","0,6172","0,2803",thumbnail_grossTrial,thumbnail_grossTrial.png,1245.0,1080.0,337.0,0.0,798.0,692.0,Unclassified,17.0,181.0,,,,,,
26986,28967946,1400468239233,Eye Tracker,Participant0058,17.09.2021,Participant0058,Recording4,17.09.2021,17.09.2021,14:48:45.713,12:48:45.713,64514,Timeline2,Tobii I-VT (Fixation),1.145.28180,1080,1920,"10,00",696831553.0,,,1091.0,286.0,1075.0,277.0,1107.0,295.0,"0,11588","-0,04840","-0,99208","0,02091","-0,03823","-0,99905",,,Valid,Valid,"234,3","100,9","515,4","292,8","100,5","514,4","294,5","75,7","303,5","80,8","0,6052","0,2648","0,5920","0,2562","0,6184","0,2733",thumbnail_grossTrial,thumbnail_grossTrial.png,1245.0,1080.0,337.0,0.0,798.0,692.0,Unclassified,17.0,181.0,,,,,,
26987,28976304,1400468247591,Eye Tracker,Participant0058,17.09.2021,Participant0058,Recording4,17.09.2021,17.09.2021,14:48:45.713,12:48:45.713,64514,Timeline2,Tobii I-VT (Fixation),1.145.28180,1080,1920,"10,00",696839911.0,,,,,,,,,,,,,,,,,Invalid,Invalid,,,,,,,,,,,,,,,,,thumbnail_grossTrial,thumbnail_grossTrial.png,1245.0,1080.0,337.0,0.0,798.0,692.0,EyesNotFound,8.0,151.0,,,,,,
26988,28984613,1400468255900,Eye Tracker,Participant0058,17.09.2021,Participant0058,Recording4,17.09.2021,17.09.2021,14:48:45.713,12:48:45.713,64514,Timeline2,Tobii I-VT (Fixation),1.145.28180,1080,1920,"10,00",696848220.0,,,1102.0,290.0,1088.0,301.0,1115.0,278.0,"0,12292","-0,03538","-0,99179","0,02501","-0,04705","-0,99858",,,Valid,Valid,"234,4","100,8","515,4","292,8","100,4","514,3","298,2","82,5","305,7","76,2","0,6138","0,2684","0,6029","0,2790","0,6247","0,2578",thumbnail_grossTrial,thumbnail_grossTrial.png,1245.0,1080.0,337.0,0.0,798.0,692.0,Unclassified,17.0,182.0,,,,,,
26989,28992973,1400468264260,Eye Tracker,Participant0058,17.09.2021,Participant0058,Recording4,17.09.2021,17.09.2021,14:48:45.713,12:48:45.713,64514,Timeline2,Tobii I-VT (Fixation),1.145.28180,1080,1920,"10,00",696856579.0,,,1103.0,289.0,1086.0,306.0,1120.0,273.0,"0,12197","-0,03312","-0,99198","0,02743","-0,04992","-0,99838",,,Valid,Valid,"234,3","100,8","515,4","292,7","100,5","514,3","297,7","83,6","306,8","74,8","0,6147","0,2680","0,6012","0,2830","0,6281","0,2530",thumbnail_grossTrial,thumbnail_grossTrial.png,1245.0,1080.0,337.0,0.0,798.0,692.0,Unclassified,17.0,182.0,,,,,,
26990,29001275,1400468272562,Eye Tracker,Participant0058,17.09.2021,Participant0058,Recording4,17.09.2021,17.09.2021,14:48:45.713,12:48:45.713,64514,Timeline2,Tobii I-VT (Fixation),1.145.28180,1080,1920,"10,00",696864881.0,,,,,,,,,,,,,,,,,Invalid,Invalid,,,,,,,,,,,,,,,,,thumbnail_grossTrial,thumbnail_grossTrial.png,1245.0,1080.0,337.0,0.0,798.0,692.0,EyesNotFound,8.0,152.0,,,,,,
26991,29009610,1400468280897,Eye Tracker,Participant0058,17.09.2021,Participant0058,Recording4,17.09.2021,17.09.2021,14:48:45.713,12:48:45.713,64514,Timeline2,Tobii I-VT (Fixation),1.145.28180,1080,1920,"10,00",696873216.0,,,1101.0,297.0,1088.0,311.0,1114.0,283.0,"0,12264","-0,03019","-0,99199","0,02438","-0,04486","-0,99870",,,Valid,Valid,"234,3","100,8","515,4","292,8","100,4","514,2","298,1","85,1","305,3","77,3","0,6130","0,2748","0,6024","0,2880","0,6237","0,2616",thumbnail_grossTrial,thumbnail_grossTrial.png,1245.0,1080.0,337.0,0.0,798.0,692.0,Unclassified,17.0,183.0,,,,,,
26992,29017996,1400468289283,Eye Tracker,Participant0058,17.09.2021,Participant0058,Recording4,17.09.2021,17.09.2021,14:48:45.713,12:48:45.713,64514,Timeline2,Tobii I-VT (Fixation),1.145.28180,1080,1920,"10,00",696881601.0,,,1103.0,300.0,1090.0,313.0,1115.0,287.0,"0,12403","-0,02909","-0,99185","0,02502","-0,04258","-0,99878",,,Valid,Valid,"234,3","100,8","515,4","292,7","100,5","514,3","298,7","85,7","305,6","78,5","0,6144","0,2778","0,6044","0,2899","0,6245","0,2657",thumbnail_grossTrial,thumbnail_grossTrial.png,1245.0,1080.0,337.0,0.0,798.0,692.0,Unclassified,17.0,183.0,,,,,,
26993,29026275,1400468297562,Eye Tracker,Participant0058,17.09.2021,Participant0058,Recording4,17.09.2021,17.09.2021,14:48:45.713,12:48:45.713,64514,Timeline2,Tobii I-VT (Fixation),1.145.28180,1080,1920,"10,00",696889880.0,,,,,,,,,,,,,,,,,Invalid,Invalid,,,,,,,,,,,,,,,,,thumbnail_grossTrial,thumbnail_grossTrial.png,1245.0,1080.0,337.0,0.0,798.0,692.0,EyesNotFound,8.0,153.0,,,,,,
26994,29034643,1400468305930,Eye Tracker,Participant0058,17.09.2021,Participant0058,Recording4,17.09.2021,17.09.2021,14:48:45.713,12:48:45.713,64514,Timeline2,Tobii I-VT (Fixation),1.145.28180,1080,1920,"10,00",696898248.0,,,1099.0,296.0,1086.0,309.0,1112.0,282.0,"0,12168","-0,03108","-0,99208","0,02327","-0,04500","-0,99872",,,Valid,Valid,"234,4","100,8","515,4","292,8","100,4","514,2","297,6","84,6","304,8","77,3","0,6115","0,2739","0,6010","0,2864","0,6221","0,2614",thumbnail_grossTrial,thumbnail_grossTrial.png,1245.0,1080.0,337.0,0.0,798.0,692.0,Unclassified,17.0,184.0,,,,,,
26995,29043052,1400468314339,Eye Tracker,Participant0058,17.09.2021,Participant0058,Recording4,17.09.2021,17.09.2021,14:48:45.713,12:48:45.713,64514,Timeline2,Tobii I-VT (Fixation),1.145.28180,1080,1920,"10,00",696906657.0,,,1097.0,302.0,1086.0,312.0,1107.0,292.0,"0,12208","-0,02964","-0,99208","0,02054","-0,04000","-0,99899",,,Valid,Valid,"234,3","100,8","515,4","292,8","100,4","514,2","297,7","85,4","303,3","79,9","0,6097","0,2796","0,6014","0,2889","0,6179","0,2702",thumbnail_grossTrial,thumbnail_grossTrial.png,1245.0,1080.0,337.0,0.0,798.0,692.0,Unclassified,17.0,184.0,,,,,,
26996,29051272,1400468322559,Eye Tracker,Participant0058,17.09.2021,Participant0058,Recording4,17.09.2021,17.09.2021,14:48:45.713,12:48:45.713,64514,Timeline2,Tobii I-VT (Fixation),1.145.28180,1080,1920,"10,00",696914876.0,,,,,,,,,,,,,,,,,Invalid,Invalid,,,,,,,,,,,,,,,,,thumbnail_grossTrial,thumbnail_grossTrial.png,1245.0,1080.0,337.0,0.0,798.0,692.0,EyesNotFound,8.0,154.0,,,,,,
26997,29059648,1400468330935,Eye Tracker,Participant0058,17.09.2021,Participant0058,Recording4,17.09.2021,17.09.2021,14:48:45.713,12:48:45.713,64514,Timeline2,Tobii I-VT (Fixation),1.145.28180,1080,1920,"10,00",696923252.0,,,1098.0,311.0,1091.0,328.0,1104.0,294.0,"0,12453","-0,02138","-0,99199","0,01918","-0,03858","-0,99907",,,Valid,Valid,"234,4","100,8","515,4","292,8","100,4","514,2","299,1","89,7","302,7","80,6","0,6107","0,2880","0,6054","0,3034","0,6160","0,2726",thumbnail_grossTrial,thumbnail_grossTrial.png,1245.0,1080.0,337.0,0.0,798.0,692.0,Unclassified,17.0,185.0,,,,,,
26998,29067986,1400468339273,Eye Tracker,Participant0058,17.09.2021,Participant0058,Recording4,17.09.2021,17.09.2021,14:48:45.713,12:48:45.713,64514,Timeline2,Tobii I-VT (Fixation),1.145.28180,1080,1920,"10,00",696931590.0,,,1099.0,308.0,1091.0,326.0,1106.0,290.0,"0,12445","-0,02218","-0,99198","0,02028","-0,04082","-0,99896",,,Valid,Valid,"234,3","100,8","515,4","292,8","100,5","514,3","299,0","89,3","303,2","79,4","0,6113","0,2854","0,6051","0,3020","0,6175","0,2688",thumbnail_grossTrial,thumbnail_grossTrial.png,1245.0,1080.0,337.0,0.0,798.0,692.0,Unclassified,17.0,185.0,,,,,,
26999,29076277,1400468347564,Eye Tracker,Participant0058,17.09.2021,Participant0058,Recording4,17.09.2021,17.09.2021,14:48:45.713,12:48:45.713,64514,Timeline2,Tobii I-VT (Fixation),1.145.28180,1080,1920,"10,00",696939881.0,,,,,,,,,,,,,,,,,Invalid,Invalid,,,,,,,,,,,,,,,,,thumbnail_grossTrial,thumbnail_grossTrial.png,1245.0,1080.0,337.0,0.0,798.0,692.0,EyesNotFound,8.0,155.0,,,,,,
27000,29084606,1400468355893,Eye Tracker,Participant0058,17.09.2021,Participant0058,Recording4,17.09.2021,17.09.2021,14:48:45.713,12:48:45.713,64514,Timeline2,Tobii I-VT (Fixation),1.145.28180,1080,1920,"10,00",696948209.0,,,1100.0,288.0,1088.0,300.0,1112.0,276.0,"0,12258","-0,03614","-0,99180","0,02301","-0,04852","-0,99856",,,Valid,Valid,"234,4","100,8","515,3","292,8","100,4","514,2","298,1","82,0","304,7","75,4","0,6121","0,2663","0,6024","0,2775","0,6217","0,2552",thumbnail_grossTrial,thumbnail_grossTrial.png,1245.0,1080.0,337.0,0.0,798.0,692.0,Unclassified,17.0,186.0,,,,,,
27001,29092935,1400468364222,Eye Tracker,Participant0058,17.09.2021,Participant0058,Recording4,17.09.2021,17.09.2021,14:48:45.713,12:48:45.713,64514,Timeline2,Tobii I-VT (Fixation),1.145.28180,1080,1920,"10,00",696956538.0,,,1100.0,290.0,1085.0,299.0,1115.0,282.0,"0,12113","-0,03658","-0,99196","0,02483","-0,04535","-0,99866",,,Valid,Valid,"234,3","100,8","515,4","292,7","100,4","514,3","297,2","81,8","305,5","77,1","0,6121","0,2688","0,6000","0,2768","0,6243","0,2608",thumbnail_grossTrial,thumbnail_grossTrial.png,1245.0,1080.0,337.0,0.0,798.0,692.0,Unclassified,17.0,186.0,,,,,,
27002,29101297,1400468372584,Eye Tracker,Participant0058,17.09.2021,Participant0058,Recording4,17.09.2021,17.09.2021,14:48:45.713,12:48:45.713,64514,Timeline2,Tobii I-VT (Fixation),1.145.28180,1080,1920,"10,00",696964900.0,,,,,,,,,,,,,,,,,Invalid,Invalid,,,,,,,,,,,,,,,,,thumbnail_grossTrial,thumbnail_grossTrial.png,1245.0,1080.0,337.0,0.0,798.0,692.0,EyesNotFound,8.0,156.0,,,,,,
27003,29109629,1400468380916,Eye Tracker,Participant0058,17.09.2021,Participant0058,Recording4,17.09.2021,17.09.2021,14:48:45.713,12:48:45.713,64514,Timeline2,Tobii I-VT (Fixation),1.145.28180,1080,1920,"10,00",696973231.0,,,1104.0,303.0,1095.0,307.0,1113.0,299.0,"0,12651","-0,03251","-0,99143","0,02405","-0,03587","-0,99907",,,Valid,Valid,"234,3","100,8","515,3","292,8","100,4","514,2","300,1","83,9","305,2","81,9","0,6158","0,2806","0,6084","0,2839","0,6232","0,2772",thumbnail_grossTrial,thumbnail_grossTrial.png,1245.0,1080.0,337.0,0.0,798.0,692.0,Unclassified,17.0,187.0,,,,,,
27004,29117942,1400468389229,Eye Tracker,Participant0058,17.09.2021,Participant0058,Recording4,17.09.2021,17.09.2021,14:48:45.713,12:48:45.713,64514,Timeline2,Tobii I-VT (Fixation),1.145.28180,1080,1920,"10,00",696981544.0,,,1102.0,295.0,1090.0,306.0,1114.0,285.0,"0,12427","-0,03287","-0,99170","0,02448","-0,04370","-0,99874",,,Valid,Valid,"234,3","100,8","515,3","292,7","100,4","514,3","298,9","83,7","305,3","77,9","0,6142","0,2735","0,6047","0,2834","0,6237","0,2637",thumbnail_grossTrial,thumbnail_grossTrial.png,1245.0,1080.0,337.0,0.0,798.0,692.0,Unclassified,17.0,187.0,,,,,,
27005,29126287,1400468397574,Eye Tracker,Participant0058,17.09.2021,Participant0058,Recording4,17.09.2021,17.09.2021,14:48:45.713,12:48:45.713,64514,Timeline2,Tobii I-VT (Fixation),1.145.28180,1080,1920,"10,00",696989889.0,,,,,,,,,,,,,,,,,Invalid,Invalid,,,,,,,,,,,,,,,,,thumbnail_grossTrial,thumbnail_grossTrial.png,1245.0,1080.0,337.0,0.0,798.0,692.0,EyesNotFound,8.0,157.0,,,,,,
27006,29134629,1400468405916,Eye Tracker,Participant0058,17.09.2021,Participant0058,Recording4,17.09.2021,17.09.2021,14:48:45.713,12:48:45.713,64514,Timeline2,Tobii I-VT (Fixation),1.145.28180,1080,1920,"10,00",696998231.0,,,1109.0,301.0,1096.0,322.0,1121.0,280.0,"0,12731","-0,02438","-0,99156","0,02794","-0,04634","-0,99854",,,Valid,Valid,"234,4","100,8","515,3","292,8","100,4","514,2","300,5","88,2","307,2","76,5","0,6193","0,2786","0,6096","0,2983","0,6291","0,2590",thumbnail_grossTrial,thumbnail_grossTrial.png,1245.0,1080.0,337.0,0.0,798.0,692.0,Unclassified,17.0,188.0,,,,,,
27007,29142933,1400468414220,Eye Tracker,Participant0058,17.09.2021,Participant0058,Recording4,17.09.2021,17.09.2021,14:48:45.713,12:48:45.713,64514,Timeline2,Tobii I-VT (Fixation),1.145.28180,1080,1920,"10,00",697006534.0,,,1107.0,311.0,1098.0,321.0,1116.0,301.0,"0,12815","-0,02499","-0,99144","0,02528","-0,03512","-0,99906",,,Valid,Valid,"234,3","100,8","515,3","292,7","100,5","514,3","300,9","87,9","305,8","82,4","0,6178","0,2880","0,6107","0,2973","0,6249","0,2787",thumbnail_grossTrial,thumbnail_grossTrial.png,1245.0,1080.0,337.0,0.0,798.0,692.0,Unclassified,17.0,188.0,,,,,,
27008,29151266,1400468422553,Eye Tracker,Participant0058,17.09.2021,Participant0058,Recording4,17.09.2021,17.09.2021,14:48:45.713,12:48:45.713,64514,Timeline2,Tobii I-VT (Fixation),1.145.28180,1080,1920,"10,00",697014867.0,,,,,,,,,,,,,,,,,Invalid,Invalid,,,,,,,,,,,,,,,,,thumbnail_grossTrial,thumbnail_grossTrial.png,1245.0,1080.0,337.0,0.0,798.0,692.0,EyesNotFound,8.0,158.0,,,,,,
27009,29159598,1400468430885,Eye Tracker,Participant0058,17.09.2021,Participant0058,Recording4,17.09.2021,17.09.2021,14:48:45.713,12:48:45.713,64514,Timeline2,Tobii I-VT (Fixation),1.145.28180,1080,1920,"10,00",697023199.0,,,1103.0,315.0,1097.0,312.0,1109.0,318.0,"0,12733","-0,02988","-0,99141","0,02163","-0,02599","-0,99943",,,Valid,Valid,"234,4","100,8","515,3","292,8","100,4","514,2","300,5","85,3","303,9","87,0","0,6146","0,2915","0,6096","0,2886","0,6195","0,2945",thumbnail_grossTrial,thumbnail_grossTrial.png,1245.0,1080.0,337.0,0.0,798.0,692.0,Unclassified,17.0,189.0,,,,,,
27010,29167937,1400468439224,Eye Tracker,Participant0058,17.09.2021,Participant0058,Recording4,17.09.2021,17.09.2021,14:48:45.713,12:48:45.713,64514,Timeline2,Tobii I-VT (Fixation),1.145.28180,1080,1920,"10,00",697031538.0,,,1107.0,310.0,1100.0,311.0,1115.0,309.0,"0,12927","-0,03007","-0,99115","0,02481","-0,03101","-0,99921",,,Valid,Valid,"234,3","100,9","515,3","292,7","100,5","514,3","301,5","85,2","305,5","84,5","0,6183","0,2871","0,6125","0,2883","0,6242","0,2859",thumbnail_grossTrial,thumbnail_grossTrial.png,1245.0,1080.0,337.0,0.0,798.0,692.0,Unclassified,17.0,189.0,,,,,,
27011,29176269,1400468447556,Eye Tracker,Participant0058,17.09.2021,Participant0058,Recording4,17.09.2021,17.09.2021,14:48:45.713,12:48:45.713,64514,Timeline2,Tobii I-VT (Fixation),1.145.28180,1080,1920,"10,00",697039869.0,,,,,,,,,,,,,,,,,Invalid,Invalid,,,,,,,,,,,,,,,,,thumbnail_grossTrial,thumbnail_grossTrial.png,1245.0,1080.0,337.0,0.0,798.0,692.0,EyesNotFound,8.0,159.0,,,,,,
27012,29184632,1400468455919,Eye Tracker,Participant0058,17.09.2021,Participant0058,Recording4,17.09.2021,17.09.2021,14:48:45.713,12:48:45.713,64514,Timeline2,Tobii I-VT (Fixation),1.145.28180,1080,1920,"10,00",697048232.0,,,1107.0,308.0,1099.0,309.0,1115.0,308.0,"0,12855","-0,03149","-0,99120","0,02491","-0,03145","-0,99920",,,Valid,Valid,"234,3","100,8","515,3","292,8","100,4","514,2","301,2","84,5","305,6","84,2","0,6180","0,2854","0,6115","0,2857","0,6245","0,2850",thumbnail_grossTrial,thumbnail_grossTrial.png,1245.0,1080.0,337.0,0.0,798.0,692.0,Unclassified,17.0,190.0,,,,,,
27013,29192965,1400468464252,Eye Tracker,Participant0058,17.09.2021,Participant0058,Recording4,17.09.2021,17.09.2021,14:48:45.713,12:48:45.713,64514,Timeline2,Tobii I-VT (Fixation),1.145.28180,1080,1920,"10,00",697056565.0,,,1108.0,301.0,1096.0,296.0,1120.0,307.0,"0,12705","-0,03814","-0,99116","0,02781","-0,03211","-0,99910",,,Valid,Valid,"234,3","100,8","515,3","292,7","100,5","514,3","300,3","81,0","307,0","83,9","0,6188","0,2791","0,6090","0,2741","0,6287","0,2840",thumbnail_grossTrial,thumbnail_grossTrial.png,1245.0,1080.0,337.0,0.0,798.0,692.0,Unclassified,17.0,190.0,,,,,,
27014,29201260,1400468472547,Eye Tracker,Participant0058,17.09.2021,Participant0058,Recording4,17.09.2021,17.09.2021,14:48:45.713,12:48:45.713,64514,Timeline2,Tobii I-VT (Fixation),1.145.28180,1080,1920,"10,00",697064859.0,,,,,,,,,,,,,,,,,Invalid,Invalid,,,,,,,,,,,,,,,,,thumbnail_grossTrial,thumbnail_grossTrial.png,1245.0,1080.0,337.0,0.0,798.0,692.0,EyesNotFound,8.0,160.0,,,,,,
27015,29209642,1400468480929,Eye Tracker,Participant0058,17.09.2021,Participant0058,Recording4,17.09.2021,17.09.2021,14:48:45.713,12:48:45.713,64514,Timeline2,Tobii I-VT (Fixation),1.145.28180,1080,1920,"10,00",697073241.0,,,1111.0,292.0,1098.0,295.0,1125.0,289.0,"0,12798","-0,03872","-0,99102","0,03034","-0,04123","-0,99869",,,Valid,Valid,"234,3","100,8","515,3","292,8","100,4","514,2","300,9","80,7","308,4","79,2","0,6216","0,2705","0,6106","0,2730","0,6326","0,2680",thumbnail_grossTrial,thumbnail_grossTrial.png,1245.0,1080.0,337.0,0.0,798.0,692.0,Unclassified,17.0,191.0,,,,,,
27016,29218018,1400468489305,Eye Tracker,Participant0058,17.09.2021,Participant0058,Recording4,17.09.2021,17.09.2021,14:48:45.713,12:48:45.713,64514,Timeline2,Tobii I-VT (Fixation),1.145.28180,1080,1920,"10,00",697081617.0,,,1110.0,306.0,1112.0,307.0,1107.0,304.0,"0,13554","-0,03236","-0,99024","0,02082","-0,03347","-0,99922",,,Valid,Valid,"234,3","100,8","515,4","292,7","100,5","514,3","304,8","84,0","303,4","83,3","0,6201","0,2829","0,6222","0,2842","0,6181","0,2817",thumbnail_grossTrial,thumbnail_grossTrial.png,1245.0,1080.0,337.0,0.0,798.0,692.0,Unclassified,17.0,191.0,,,,,,
27017,29226305,1400468497592,Eye Tracker,Participant0058,17.09.2021,Participant0058,Recording4,17.09.2021,17.09.2021,14:48:45.713,12:48:45.713,64514,Timeline2,Tobii I-VT (Fixation),1.145.28180,1080,1920,"10,00",697089904.0,,,,,,,,,,,,,,,,,Invalid,Invalid,,,,,,,,,,,,,,,,,thumbnail_grossTrial,thumbnail_grossTrial.png,1245.0,1080.0,337.0,0.0,798.0,692.0,EyesNotFound,8.0,161.0,,,,,,
27018,29234618,1400468505905,Eye Tracker,Participant0058,17.09.2021,Participant0058,Recording4,17.09.2021,17.09.2021,14:48:45.713,12:48:45.713,64514,Timeline2,Tobii I-VT (Fixation),1.145.28180,1080,1920,"10,00",697098216.0,,,1107.0,309.0,1110.0,307.0,1105.0,310.0,"0,13419","-0,03225","-0,99043","0,01942","-0,03018","-0,99936",,,Valid,Valid,"234,3","100,8","515,4","292,8","100,5","514,2","304,2","84,0","302,8","84,9","0,6182","0,2858","0,6203","0,2844","0,6162","0,2873",thumbnail_grossTrial,thumbnail_grossTrial.png,1245.0,1080.0,337.0,0.0,798.0,692.0,Unclassified,17.0,192.0,,,,,,
27019,29242964,1400468514251,Eye Tracker,Participant0058,17.09.2021,Participant0058,Recording4,17.09.2021,17.09.2021,14:48:45.713,12:48:45.713,64514,Timeline2,Tobii I-VT (Fixation),1.145.28180,1080,1920,"10,00",697106562.0,,,1111.0,296.0,1106.0,304.0,1116.0,288.0,"0,13215","-0,03415","-0,99064","0,02539","-0,04219","-0,99879",,,Valid,Valid,"234,3","100,8","515,4","292,7","100,5","514,3","303,0","83,1","305,8","78,8","0,6210","0,2738","0,6169","0,2811","0,6251","0,2665",thumbnail_grossTrial,thumbnail_grossTrial.png,1245.0,1080.0,337.0,0.0,798.0,692.0,Unclassified,17.0,192.0,,,,,,
27020,29251292,1400468522579,Eye Tracker,Participant0058,17.09.2021,Participant0058,Recording4,17.09.2021,17.09.2021,14:48:45.713,12:48:45.713,64514,Timeline2,Tobii I-VT (Fixation),1.145.28180,1080,1920,"10,00",697114890.0,,,,,,,,,,,,,,,,,Invalid,Invalid,,,,,,,,,,,,,,,,,thumbnail_grossTrial,thumbnail_grossTrial.png,1245.0,1080.0,337.0,0.0,798.0,692.0,EyesNotFound,8.0,162.0,,,,,,
27021,29259653,1400468530940,Eye Tracker,Participant0058,17.09.2021,Participant0058,Recording4,17.09.2021,17.09.2021,14:48:45.713,12:48:45.713,64514,Timeline2,Tobii I-VT (Fixation),1.145.28180,1080,1920,"10,00",697123251.0,,,1110.0,299.0,1106.0,302.0,1115.0,296.0,"0,13210","-0,03470","-0,99063","0,02481","-0,03802","-0,99897",,,Valid,Valid,"234,3","100,8","515,4","292,8","100,5","514,2","303,1","82,8","305,6","80,9","0,6207","0,2768","0,6171","0,2800","0,6244","0,2736",thumbnail_grossTrial,thumbnail_grossTrial.png,1245.0,1080.0,337.0,0.0,798.0,692.0,Unclassified,17.0,193.0,,,,,,
27022,29268008,1400468539295,Eye Tracker,Participant0058,17.09.2021,Participant0058,Recording4,17.09.2021,17.09.2021,14:48:45.713,12:48:45.713,64514,Timeline2,Tobii I-VT (Fixation),1.145.28180,1080,1920,"10,00",697131605.0,,,1093.0,312.0,1100.0,304.0,1086.0,321.0,"0,12902","-0,03401","-0,99106","0,00973","-0,02482","-0,99964",,,Valid,Valid,"234,3","100,8","515,5","292,7","100,5","514,3","301,4","83,1","297,7","87,7","0,6068","0,2890","0,6121","0,2813","0,6014","0,2968",thumbnail_grossTrial,thumbnail_grossTrial.png,1245.0,1080.0,337.0,0.0,798.0,692.0,Unclassified,17.0,193.0,,,,,,
27023,29276254,1400468547541,Eye Tracker,Participant0058,17.09.2021,Participant0058,Recording4,17.09.2021,17.09.2021,14:48:45.713,12:48:45.713,64514,Timeline2,Tobii I-VT (Fixation),1.145.28180,1080,1920,"10,00",697139851.0,,,,,,,,,,,,,,,,,Invalid,Invalid,,,,,,,,,,,,,,,,,thumbnail_grossTrial,thumbnail_grossTrial.png,1245.0,1080.0,337.0,0.0,798.0,692.0,EyesNotFound,8.0,163.0,,,,,,
27024,29284694,1400468555981,Eye Tracker,Participant0058,17.09.2021,Participant0058,Recording4,17.09.2021,17.09.2021,14:48:45.713,12:48:45.713,64514,Timeline2,Tobii I-VT (Fixation),1.145.28180,1080,1920,"10,00",697148291.0,,,1111.0,291.0,1100.0,307.0,1123.0,276.0,"0,12889","-0,03221","-0,99114","0,02928","-0,04847","-0,99840",,,Valid,Valid,"234,3","100,8","515,5","292,8","100,4","514,2","301,4","84,0","307,9","75,5","0,6216","0,2698","0,6121","0,2843","0,6311","0,2553",thumbnail_grossTrial,thumbnail_grossTrial.png,1245.0,1080.0,337.0,0.0,798.0,692.0,Unclassified,17.0,194.0,,,,,,
27025,29292954,1400468564241,Eye Tracker,Participant0058,17.09.2021,Participant0058,Recording4,17.09.2021,17.09.2021,14:48:45.713,12:48:45.713,64514,Timeline2,Tobii I-VT (Fixation),1.145.28180,1080,1920,"10,00",697156551.0,,,1107.0,298.0,1098.0,308.0,1116.0,287.0,"0,12819","-0,03147","-0,99125","0,02552","-0,04247","-0,99877",,,Valid,Valid,"234,3","100,8","515,5","292,7","100,5","514,2","300,9","84,4","305,9","78,6","0,6180","0,2758","0,6108","0,2856","0,6253","0,2659",thumbnail_grossTrial,thumbnail_grossTrial.png,1245.0,1080.0,337.0,0.0,798.0,692.0,Unclassified,17.0,194.0,,,,,,
27026,29301294,1400468572581,Eye Tracker,Participant0058,17.09.2021,Participant0058,Recording4,17.09.2021,17.09.2021,14:48:45.713,12:48:45.713,64514,Timeline2,Tobii I-VT (Fixation),1.145.28180,1080,1920,"10,00",697164890.0,,,,,,,,,,,,,,,,,Invalid,Invalid,,,,,,,,,,,,,,,,,thumbnail_grossTrial,thumbnail_grossTrial.png,1245.0,1080.0,337.0,0.0,798.0,692.0,EyesNotFound,8.0,164.0,,,,,,
27027,29309627,1400468580914,Eye Tracker,Participant0058,17.09.2021,Participant0058,Recording4,17.09.2021,17.09.2021,14:48:45.713,12:48:45.713,64514,Timeline2,Tobii I-VT (Fixation),1.145.28180,1080,1920,"10,00",697173223.0,,,1106.0,292.0,1099.0,307.0,1114.0,276.0,"0,12844","-0,03190","-0,99120","0,02436","-0,04840","-0,99853",,,Valid,Valid,"234,3","100,7","515,6","292,8","100,4","514,2","301,1","84,1","305,3","75,5","0,6175","0,2701","0,6113","0,2846","0,6237","0,2555",thumbnail_grossTrial,thumbnail_grossTrial.png,1245.0,1080.0,337.0,0.0,798.0,692.0,Unclassified,17.0,195.0,,,,,,
27028,29317956,1400468589243,Eye Tracker,Participant0058,17.09.2021,Participant0058,Recording4,17.09.2021,17.09.2021,14:48:45.713,12:48:45.713,64514,Timeline2,Tobii I-VT (Fixation),1.145.28180,1080,1920,"10,00",697181552.0,,,1105.0,302.0,1094.0,317.0,1117.0,288.0,"0,12619","-0,02702","-0,99164","0,02601","-0,04224","-0,99877",,,Valid,Valid,"234,2","100,7","515,6","292,7","100,5","514,2","299,9","86,7","306,1","78,7","0,6168","0,2798","0,6077","0,2932","0,6259","0,2664",thumbnail_grossTrial,thumbnail_grossTrial.png,1245.0,1080.0,337.0,0.0,798.0,692.0,Unclassified,17.0,195.0,,,,,,
27029,29326260,1400468597547,Eye Tracker,Participant0058,17.09.2021,Participant0058,Recording4,17.09.2021,17.09.2021,14:48:45.713,12:48:45.713,64514,Timeline2,Tobii I-VT (Fixation),1.145.28180,1080,1920,"10,00",697189855.0,,,,,,,,,,,,,,,,,Invalid,Invalid,,,,,,,,,,,,,,,,,thumbnail_grossTrial,thumbnail_grossTrial.png,1245.0,1080.0,337.0,0.0,798.0,692.0,EyesNotFound,8.0,165.0,,,,,,
27030,29334627,1400468605914,Eye Tracker,Participant0058,17.09.2021,Participant0058,Recording4,17.09.2021,17.09.2021,14:48:45.713,12:48:45.713,64514,Timeline2,Tobii I-VT (Fixation),1.145.28180,1080,1920,"10,00",697198222.0,,,1104.0,305.0,1092.0,315.0,1115.0,296.0,"0,12524","-0,02808","-0,99173","0,02508","-0,03804","-0,99896",,,Valid,Valid,"234,3","100,7","515,6","292,8","100,5","514,1","299,4","86,1","305,7","80,9","0,6156","0,2825","0,6064","0,2912","0,6247","0,2737",thumbnail_grossTrial,thumbnail_grossTrial.png,1245.0,1080.0,337.0,0.0,798.0,692.0,Unclassified,17.0,196.0,,,,,,
27031,29342943,1400468614230,Eye Tracker,Participant0058,17.09.2021,Participant0058,Recording4,17.09.2021,17.09.2021,14:48:45.713,12:48:45.713,64514,Timeline2,Tobii I-VT (Fixation),1.145.28180,1080,1920,"10,00",697206538.0,,,1108.0,297.0,1106.0,302.0,1110.0,293.0,"0,13224","-0,03466","-0,99061","0,02234","-0,03973","-0,99896",,,Valid,Valid,"234,3","100,7","515,6","292,7","100,5","514,2","303,1","82,7","304,2","80,1","0,6188","0,2753","0,6171","0,2797","0,6204","0,2709",thumbnail_grossTrial,thumbnail_grossTrial.png,1245.0,1080.0,337.0,0.0,798.0,692.0,Unclassified,17.0,196.0,,,,,,
27032,29351247,1400468622534,Eye Tracker,Participant0058,17.09.2021,Participant0058,Recording4,17.09.2021,17.09.2021,14:48:45.713,12:48:45.713,64514,Timeline2,Tobii I-VT (Fixation),1.145.28180,1080,1920,"10,00",697214842.0,,,,,,,,,,,,,,,,,Invalid,Invalid,,,,,,,,,,,,,,,,,thumbnail_grossTrial,thumbnail_grossTrial.png,1245.0,1080.0,337.0,0.0,798.0,692.0,EyesNotFound,8.0,166.0,,,,,,
27033,29359617,1400468630904,Eye Tracker,Participant0058,17.09.2021,Participant0058,Recording4,17.09.2021,17.09.2021,14:48:45.713,12:48:45.713,64514,Timeline2,Tobii I-VT (Fixation),1.145.28180,1080,1920,"10,00",697223211.0,,,1105.0,286.0,1104.0,298.0,1105.0,274.0,"0,13125","-0,03665","-0,99067","0,01950","-0,04956","-0,99858",,,Valid,Valid,"234,3","100,7","515,7","292,8","100,5","514,1","302,6","81,6","302,8","75,0","0,6161","0,2649","0,6158","0,2761","0,6163","0,2538",thumbnail_grossTrial,thumbnail_grossTrial.png,1245.0,1080.0,337.0,0.0,798.0,692.0,Unclassified,17.0,197.0,,,,,,
27034,29367915,1400468639202,Eye Tracker,Participant0058,17.09.2021,Participant0058,Recording4,17.09.2021,17.09.2021,14:48:45.713,12:48:45.713,64514,Timeline2,Tobii I-VT (Fixation),1.145.28180,1080,1920,"10,00",697231509.0,,,1102.0,289.0,1094.0,301.0,1109.0,277.0,"0,12600","-0,03512","-0,99141","0,02193","-0,04829","-0,99859",,,Valid,Valid,"234,3","100,7","515,7","292,7","100,6","514,1","299,8","82,4","304,0","75,7","0,6137","0,2675","0,6075","0,2788","0,6198","0,2562",thumbnail_grossTrial,thumbnail_grossTrial.png,1245.0,1080.0,337.0,0.0,798.0,692.0,Unclassified,17.0,197.0,,,,,,
27035,29376277,1400468647564,Eye Tracker,Participant0058,17.09.2021,Participant0058,Recording4,17.09.2021,17.09.2021,14:48:45.713,12:48:45.713,64514,Timeline2,Tobii I-VT (Fixation),1.145.28180,1080,1920,"10,00",697239871.0,,,,,,,,,,,,,,,,,Invalid,Invalid,,,,,,,,,,,,,,,,,thumbnail_grossTrial,thumbnail_grossTrial.png,1245.0,1080.0,337.0,0.0,798.0,692.0,EyesNotFound,8.0,167.0,,,,,,
27036,29384617,1400468655904,Eye Tracker,Participant0058,17.09.2021,Participant0058,Recording4,17.09.2021,17.09.2021,14:48:45.713,12:48:45.713,64514,Timeline2,Tobii I-VT (Fixation),1.145.28180,1080,1920,"10,00",697248211.0,,,1110.0,311.0,1106.0,327.0,1115.0,295.0,"0,13195","-0,02140","-0,99103","0,02503","-0,03866","-0,99894",,,Valid,Valid,"234,3","100,7","515,7","292,8","100,6","514,0","303,0","89,5","305,6","80,7","0,6207","0,2879","0,6169","0,3029","0,6246","0,2729",thumbnail_grossTrial,thumbnail_grossTrial.png,1245.0,1080.0,337.0,0.0,798.0,692.0,Unclassified,17.0,198.0,,,,,,
27037,29392912,1400468664199,Eye Tracker,Participant0058,17.09.2021,Participant0058,Recording4,17.09.2021,17.09.2021,14:48:45.713,12:48:45.713,64514,Timeline2,Tobii I-VT (Fixation),1.145.28180,1080,1920,"10,00",697256505.0,,,1097.0,296.0,1089.0,298.0,1105.0,294.0,"0,12323","-0,03704","-0,99169","0,01971","-0,03903","-0,99904",,,Valid,Valid,"234,3","100,7","515,8","292,7","100,6","514,0","298,4","81,4","302,9","80,5","0,6099","0,2740","0,6033","0,2755","0,6165","0,2725",thumbnail_grossTrial,thumbnail_grossTrial.png,1245.0,1080.0,337.0,0.0,798.0,692.0,Unclassified,17.0,198.0,,,,,,
27038,29401338,1400468672625,Eye Tracker,Participant0058,17.09.2021,Participant0058,Recording4,17.09.2021,17.09.2021,14:48:45.713,12:48:45.713,64514,Timeline2,Tobii I-VT (Fixation),1.145.28180,1080,1920,"10,00",697264931.0,,,,,,,,,,,,,,,,,Invalid,Invalid,,,,,,,,,,,,,,,,,thumbnail_grossTrial,thumbnail_grossTrial.png,1245.0,1080.0,337.0,0.0,798.0,692.0,EyesNotFound,8.0,168.0,,,,,,
27039,29409619,1400468680906,Eye Tracker,Participant0058,17.09.2021,Participant0058,Recording4,17.09.2021,17.09.2021,14:48:45.713,12:48:45.713,64514,Timeline2,Tobii I-VT (Fixation),1.145.28180,1080,1920,"10,00",697273212.0,,,1089.0,288.0,1079.0,273.0,1099.0,303.0,"0,11810","-0,04991","-0,99175","0,01642","-0,03416","-0,99928",,,Valid,Valid,"234,3","100,7","515,8","292,8","100,6","513,9","295,7","74,7","301,2","83,1","0,6036","0,2669","0,5956","0,2527","0,6116","0,2810",thumbnail_grossTrial,thumbnail_grossTrial.png,1245.0,1080.0,337.0,0.0,798.0,692.0,Unclassified,17.0,199.0,,,,,,
27040,29417918,1400468689205,Eye Tracker,Participant0058,17.09.2021,Participant0058,Recording4,17.09.2021,17.09.2021,14:48:45.713,12:48:45.713,64514,Timeline2,Tobii I-VT (Fixation),1.145.28180,1080,1920,"10,00",697281510.0,,,1091.0,307.0,1081.0,305.0,1101.0,310.0,"0,11914","-0,03292","-0,99233","0,01741","-0,03090","-0,99937",,,Valid,Valid,"234,3","100,7","515,8","292,7","100,6","514,0","296,2","83,6","301,7","84,7","0,6050","0,2847","0,5969","0,2827","0,6130","0,2867",thumbnail_grossTrial,thumbnail_grossTrial.png,1245.0,1080.0,337.0,0.0,798.0,692.0,Unclassified,17.0,199.0,,,,,,
27041,29426249,1400468697536,Eye Tracker,Participant0058,17.09.2021,Participant0058,Recording4,17.09.2021,17.09.2021,14:48:45.713,12:48:45.713,64514,Timeline2,Tobii I-VT (Fixation),1.145.28180,1080,1920,"10,00",697289841.0,,,,,,,,,,,,,,,,,Invalid,Invalid,,,,,,,,,,,,,,,,,thumbnail_grossTrial,thumbnail_grossTrial.png,1245.0,1080.0,337.0,0.0,798.0,692.0,EyesNotFound,8.0,169.0,,,,,,
27042,29434608,1400468705895,Eye Tracker,Participant0058,17.09.2021,Participant0058,Recording4,17.09.2021,17.09.2021,14:48:45.713,12:48:45.713,64514,Timeline2,Tobii I-VT (Fixation),1.145.28180,1080,1920,"10,00",697298200.0,,,1086.0,294.0,1068.0,289.0,1104.0,298.0,"0,11252","-0,04137","-0,99279","0,01933","-0,03705","-0,99913",,,Valid,Valid,"234,3","100,6","515,8","292,8","100,6","513,9","292,8","79,1","302,7","81,6","0,6015","0,2719","0,5870","0,2677","0,6160","0,2760",thumbnail_grossTrial,thumbnail_grossTrial.png,1245.0,1080.0,337.0,0.0,798.0,692.0,Unclassified,17.0,200.0,,,,,,
27043,29442912,1400468714199,Eye Tracker,Participant0058,17.09.2021,Participant0058,Recording4,17.09.2021,17.09.2021,14:48:45.713,12:48:45.713,64514,Timeline2,Tobii I-VT (Fixation),1.145.28180,1080,1920,"10,00",697306504.0,,,1089.0,291.0,1067.0,288.0,1112.0,294.0,"0,11204","-0,04186","-0,99282","0,02318","-0,03924","-0,99896",,,Valid,Valid,"234,3","100,6","515,9","292,7","100,6","513,9","292,5","78,9","304,6","80,5","0,6039","0,2696","0,5860","0,2669","0,6217","0,2722",thumbnail_grossTrial,thumbnail_grossTrial.png,1245.0,1080.0,337.0,0.0,798.0,692.0,Unclassified,17.0,200.0,,,,,,
27044,29451286,1400468722573,Eye Tracker,Participant0058,17.09.2021,Participant0058,Recording4,17.09.2021,17.09.2021,14:48:45.713,12:48:45.713,64514,Timeline2,Tobii I-VT (Fixation),1.145.28180,1080,1920,"10,00",697314877.0,,,,,,,,,,,,,,,,,Invalid,Invalid,,,,,,,,,,,,,,,,,thumbnail_grossTrial,thumbnail_grossTrial.png,1245.0,1080.0,337.0,0.0,798.0,692.0,EyesNotFound,8.0,170.0,,,,,,
27045,29459574,1400468730861,Eye Tracker,Participant0058,17.09.2021,Participant0058,Recording4,17.09.2021,17.09.2021,14:48:45.713,12:48:45.713,64514,Timeline2,Tobii I-VT (Fixation),1.145.28180,1080,1920,"10,00",697323165.0,,,1092.0,296.0,1072.0,293.0,1112.0,299.0,"0,11463","-0,03908","-0,99264","0,02361","-0,03636","-0,99906",,,Valid,Valid,"234,3","100,6","515,9","292,7","100,6","513,9","293,9","80,3","304,9","81,9","0,6063","0,2744","0,5902","0,2717","0,6224","0,2771",thumbnail_grossTrial,thumbnail_grossTrial.png,1245.0,1080.0,337.0,0.0,798.0,692.0,Unclassified,17.0,201.0,,,,,,
27046,29467936,1400468739223,Eye Tracker,Participant0058,17.09.2021,Participant0058,Recording4,17.09.2021,17.09.2021,14:48:45.713,12:48:45.713,64514,Timeline2,Tobii I-VT (Fixation),1.145.28180,1080,1920,"10,00",697331527.0,,,1095.0,292.0,1073.0,298.0,1117.0,285.0,"0,11511","-0,03663","-0,99268","0,02616","-0,04376","-0,99870",,,Valid,Valid,"234,2","100,6","515,9","292,7","100,6","513,9","294,1","81,5","306,2","78,1","0,6084","0,2701","0,5907","0,2759","0,6261","0,2643",thumbnail_grossTrial,thumbnail_grossTrial.png,1245.0,1080.0,337.0,0.0,798.0,692.0,Unclassified,17.0,201.0,,,,,,
27047,29476237,1400468747524,Eye Tracker,Participant0058,17.09.2021,Participant0058,Recording4,17.09.2021,17.09.2021,14:48:45.713,12:48:45.713,64514,Timeline2,Tobii I-VT (Fixation),1.145.28180,1080,1920,"10,00",697339828.0,,,,,,,,,,,,,,,,,Invalid,Invalid,,,,,,,,,,,,,,,,,thumbnail_grossTrial,thumbnail_grossTrial.png,1245.0,1080.0,337.0,0.0,798.0,692.0,EyesNotFound,8.0,171.0,,,,,,
27048,29484616,1400468755903,Eye Tracker,Participant0058,17.09.2021,Participant0058,Recording4,17.09.2021,17.09.2021,14:48:45.713,12:48:45.713,64514,Timeline2,Tobii I-VT (Fixation),1.145.28180,1080,1920,"10,00",697348206.0,,,1103.0,294.0,1080.0,312.0,1126.0,277.0,"0,11868","-0,02930","-0,99250","0,03068","-0,04812","-0,99837",,,Valid,Valid,"234,3","100,6","515,9","292,7","100,6","513,9","296,0","85,3","308,5","75,8","0,6147","0,2726","0,5963","0,2887","0,6330","0,2565",thumbnail_grossTrial,thumbnail_grossTrial.png,1245.0,1080.0,337.0,0.0,798.0,692.0,Unclassified,17.0,202.0,,,,,,
27049,29492939,1400468764226,Eye Tracker,Participant0058,17.09.2021,Participant0058,Recording4,17.09.2021,17.09.2021,14:48:45.713,12:48:45.713,64514,Timeline2,Tobii I-VT (Fixation),1.145.28180,1080,1920,"10,00",697356529.0,,,1097.0,296.0,1077.0,303.0,1118.0,288.0,"0,11715","-0,03396","-0,99253","0,02648","-0,04235","-0,99875",,,Valid,Valid,"234,2","100,6","515,9","292,7","100,6","514,0","295,1","82,9","306,3","78,8","0,6102","0,2736","0,5938","0,2805","0,6266","0,2667",thumbnail_grossTrial,thumbnail_grossTrial.png,1245.0,1080.0,337.0,0.0,798.0,692.0,Unclassified,17.0,202.0,,,,,,
27050,29501276,1400468772563,Eye Tracker,Participant0058,17.09.2021,Participant0058,Recording4,17.09.2021,17.09.2021,14:48:45.713,12:48:45.713,64514,Timeline2,Tobii I-VT (Fixation),1.145.28180,1080,1920,"10,00",697364866.0,,,,,,,,,,,,,,,,,Invalid,Invalid,,,,,,,,,,,,,,,,,thumbnail_grossTrial,thumbnail_grossTrial.png,1245.0,1080.0,337.0,0.0,798.0,692.0,EyesNotFound,8.0,172.0,,,,,,
27051,29509654,1400468780941,Eye Tracker,Participant0058,17.09.2021,Participant0058,Recording4,17.09.2021,17.09.2021,14:48:45.713,12:48:45.713,64514,Timeline2,Tobii I-VT (Fixation),1.145.28180,1080,1920,"10,00",697373243.0,,,1096.0,301.0,1077.0,307.0,1115.0,296.0,"0,11712","-0,03173","-0,99261","0,02517","-0,03807","-0,99896",,,Valid,Valid,"234,3","100,5","515,9","292,7","100,5","514,0","295,2","84,0","305,7","81,0","0,6094","0,2791","0,5940","0,2844","0,6247","0,2739",thumbnail_grossTrial,thumbnail_grossTrial.png,1245.0,1080.0,337.0,0.0,798.0,692.0,Unclassified,17.0,203.0,,,,,,
27052,29517943,1400468789230,Eye Tracker,Participant0058,17.09.2021,Participant0058,Recording4,17.09.2021,17.09.2021,14:48:45.713,12:48:45.713,64514,Timeline2,Tobii I-VT (Fixation),1.145.28180,1080,1920,"10,00",697381532.0,,,1102.0,300.0,1084.0,306.0,1120.0,294.0,"0,12098","-0,03225","-0,99213","0,02783","-0,03926","-0,99884",,,Valid,Valid,"234,2","100,5","516,0","292,7","100,6","514,1","297,2","83,8","307,0","80,3","0,6142","0,2776","0,5997","0,2834","0,6287","0,2718",thumbnail_grossTrial,thumbnail_grossTrial.png,1245.0,1080.0,337.0,0.0,798.0,692.0,Unclassified,17.0,203.0,,,,,,
27053,29526264,1400468797551,Eye Tracker,Participant0058,17.09.2021,Participant0058,Recording4,17.09.2021,17.09.2021,14:48:45.713,12:48:45.713,64514,Timeline2,Tobii I-VT (Fixation),1.145.28180,1080,1920,"10,00",697389853.0,,,,,,,,,,,,,,,,,Invalid,Invalid,,,,,,,,,,,,,,,,,thumbnail_grossTrial,thumbnail_grossTrial.png,1245.0,1080.0,337.0,0.0,798.0,692.0,EyesNotFound,8.0,173.0,,,,,,
27054,29534576,1400468805863,Eye Tracker,Participant0058,17.09.2021,Participant0058,Recording4,17.09.2021,17.09.2021,14:48:45.713,12:48:45.713,64514,Timeline2,Tobii I-VT (Fixation),1.145.28180,1080,1920,"10,00",697398165.0,,,1096.0,289.0,1072.0,291.0,1119.0,288.0,"0,11436","-0,04025","-0,99262","0,02727","-0,04223","-0,99874",,,Valid,Valid,"234,3","100,5","515,9","292,8","100,5","514,2","293,8","79,6","306,8","78,7","0,6089","0,2679","0,5898","0,2694","0,6281","0,2664",thumbnail_grossTrial,thumbnail_grossTrial.png,1245.0,1080.0,337.0,0.0,798.0,692.0,Unclassified,17.0,204.0,,,,,,
27055,29542948,1400468814235,Eye Tracker,Participant0058,17.09.2021,Participant0058,Recording4,17.09.2021,17.09.2021,14:48:45.713,12:48:45.713,64514,Timeline2,Tobii I-VT (Fixation),1.145.28180,1080,1920,"10,00",697406536.0,,,1096.0,282.0,1076.0,291.0,1116.0,272.0,"0,11657","-0,03998","-0,99238","0,02540","-0,05079","-0,99839",,,Valid,Valid,"234,2","100,5","516,0","292,7","100,5","514,3","294,8","79,8","305,8","74,3","0,6091","0,2607","0,5930","0,2698","0,6252","0,2515",thumbnail_grossTrial,thumbnail_grossTrial.png,1245.0,1080.0,337.0,0.0,798.0,692.0,Unclassified,17.0,204.0,,,,,,
27056,29551282,1400468822569,Eye Tracker,Participant0058,17.09.2021,Participant0058,Recording4,17.09.2021,17.09.2021,14:48:45.713,12:48:45.713,64514,Timeline2,Tobii I-VT (Fixation),1.145.28180,1080,1920,"10,00",697414870.0,,,,,,,,,,,,,,,,,Invalid,Invalid,,,,,,,,,,,,,,,,,thumbnail_grossTrial,thumbnail_grossTrial.png,1245.0,1080.0,337.0,0.0,798.0,692.0,EyesNotFound,8.0,174.0,,,,,,
27057,29559607,1400468830894,Eye Tracker,Participant0058,17.09.2021,Participant0058,Recording4,17.09.2021,17.09.2021,14:48:45.713,12:48:45.713,64514,Timeline2,Tobii I-VT (Fixation),1.145.28180,1080,1920,"10,00",697423195.0,,,1099.0,288.0,1084.0,301.0,1115.0,275.0,"0,12070","-0,03485","-0,99208","0,02478","-0,04886","-0,99850",,,Valid,Valid,"234,3","100,6","516,0","292,8","100,4","514,4","297,1","82,4","305,6","75,3","0,6120","0,2668","0,5996","0,2789","0,6244","0,2546",thumbnail_grossTrial,thumbnail_grossTrial.png,1245.0,1080.0,337.0,0.0,798.0,692.0,Unclassified,17.0,205.0,,,,,,
27058,29567907,1400468839194,Eye Tracker,Participant0058,17.09.2021,Participant0058,Recording4,17.09.2021,17.09.2021,14:48:45.713,12:48:45.713,64514,Timeline2,Tobii I-VT (Fixation),1.145.28180,1080,1920,"10,00",697431495.0,,,1099.0,281.0,1077.0,274.0,1121.0,288.0,"0,11690","-0,04918","-0,99193","0,02815","-0,04215","-0,99871",,,Valid,Valid,"234,2","100,6","516,0","292,8","100,4","514,5","295,1","75,0","307,3","78,7","0,6115","0,2601","0,5936","0,2538","0,6294","0,2664",thumbnail_grossTrial,thumbnail_grossTrial.png,1245.0,1080.0,337.0,0.0,798.0,692.0,Unclassified,17.0,205.0,,,,,,
27059,29576271,1400468847558,Eye Tracker,Participant0058,17.09.2021,Participant0058,Recording4,17.09.2021,17.09.2021,14:48:45.713,12:48:45.713,64514,Timeline2,Tobii I-VT (Fixation),1.145.28180,1080,1920,"10,00",697439858.0,,,,,,,,,,,,,,,,,Invalid,Invalid,,,,,,,,,,,,,,,,,thumbnail_grossTrial,thumbnail_grossTrial.png,1245.0,1080.0,337.0,0.0,798.0,692.0,EyesNotFound,8.0,175.0,,,,,,
27060,29584598,1400468855885,Eye Tracker,Participant0058,17.09.2021,Participant0058,Recording4,17.09.2021,17.09.2021,14:48:45.713,12:48:45.713,64514,Timeline2,Tobii I-VT (Fixation),1.145.28180,1080,1920,"10,00",697448185.0,,,1100.0,285.0,1078.0,274.0,1122.0,296.0,"0,11764","-0,04914","-0,99184","0,02830","-0,03734","-0,99890",,,Valid,Valid,"234,3","100,6","516,0","292,8","100,4","514,6","295,5","75,0","307,4","81,1","0,6123","0,2642","0,5949","0,2538","0,6297","0,2745",thumbnail_grossTrial,thumbnail_grossTrial.png,1245.0,1080.0,337.0,0.0,798.0,692.0,Unclassified,17.0,206.0,,,,,,
27061,29592935,1400468864222,Eye Tracker,Participant0058,17.09.2021,Participant0058,Recording4,17.09.2021,17.09.2021,14:48:45.713,12:48:45.713,64514,Timeline2,Tobii I-VT (Fixation),1.145.28180,1080,1920,"10,00",697456522.0,,,1096.0,298.0,1080.0,291.0,1112.0,305.0,"0,11897","-0,04012","-0,99209","0,02345","-0,03285","-0,99919",,,Valid,Valid,"234,2","100,6","516,0","292,8","100,4","514,7","296,1","79,8","304,8","83,4","0,6095","0,2761","0,5967","0,2698","0,6223","0,2823",thumbnail_grossTrial,thumbnail_grossTrial.png,1245.0,1080.0,337.0,0.0,798.0,692.0,Unclassified,17.0,206.0,,,,,,
27062,29601228,1400468872515,Eye Tracker,Participant0058,17.09.2021,Participant0058,Recording4,17.09.2021,17.09.2021,14:48:45.713,12:48:45.713,64514,Timeline2,Tobii I-VT (Fixation),1.145.28180,1080,1920,"10,00",697464814.0,,,,,,,,,,,,,,,,,Invalid,Invalid,,,,,,,,,,,,,,,,,thumbnail_grossTrial,thumbnail_grossTrial.png,1245.0,1080.0,337.0,0.0,798.0,692.0,EyesNotFound,8.0,176.0,,,,,,
27063,29609599,1400468880886,Eye Tracker,Participant0058,17.09.2021,Participant0058,Recording4,17.09.2021,17.09.2021,14:48:45.713,12:48:45.713,64514,Timeline2,Tobii I-VT (Fixation),1.145.28180,1080,1920,"10,00",697473185.0,,,1089.0,281.0,1071.0,268.0,1107.0,294.0,"0,11396","-0,05256","-0,99209","0,02077","-0,03861","-0,99904",,,Valid,Valid,"234,3","100,6","515,9","292,8","100,3","514,8","293,6","73,3","303,5","80,4","0,6038","0,2600","0,5892","0,2480","0,6184","0,2720",thumbnail_grossTrial,thumbnail_grossTrial.png,1245.0,1080.0,337.0,0.0,798.0,692.0,Unclassified,17.0,207.0,,,,,,
27064,29617976,1400468889263,Eye Tracker,Participant0058,17.09.2021,Participant0058,Recording4,17.09.2021,17.09.2021,14:48:45.713,12:48:45.713,64514,Timeline2,Tobii I-VT (Fixation),1.145.28180,1080,1920,"10,00",697481562.0,,,1090.0,278.0,1068.0,269.0,1113.0,287.0,"0,11256","-0,05180","-0,99229","0,02352","-0,04193","-0,99884",,,Valid,Valid,"234,2","100,7","515,9","292,8","100,3","514,9","292,8","73,7","304,9","78,7","0,6047","0,2578","0,5869","0,2494","0,6225","0,2661",thumbnail_grossTrial,thumbnail_grossTrial.png,1245.0,1080.0,337.0,0.0,798.0,692.0,Unclassified,17.0,207.0,,,,,,
27065,29626268,1400468897555,Eye Tracker,Participant0058,17.09.2021,Participant0058,Recording4,17.09.2021,17.09.2021,14:48:45.713,12:48:45.713,64514,Timeline2,Tobii I-VT (Fixation),1.145.28180,1080,1920,"10,00",697489854.0,,,,,,,,,,,,,,,,,Invalid,Invalid,,,,,,,,,,,,,,,,,thumbnail_grossTrial,thumbnail_grossTrial.png,1245.0,1080.0,337.0,0.0,798.0,692.0,EyesNotFound,8.0,177.0,,,,,,
27066,29634588,1400468905875,Eye Tracker,Participant0058,17.09.2021,Participant0058,Recording4,17.09.2021,17.09.2021,14:48:45.713,12:48:45.713,64514,Timeline2,Tobii I-VT (Fixation),1.145.28180,1080,1920,"10,00",697498173.0,,,1096.0,291.0,1076.0,288.0,1116.0,295.0,"0,11647","-0,04202","-0,99231","0,02504","-0,03802","-0,99896",,,Valid,Valid,"234,3","100,7","515,8","292,9","100,2","515,0","294,9","78,8","305,8","80,6","0,6090","0,2697","0,5930","0,2666","0,6250","0,2728",thumbnail_grossTrial,thumbnail_grossTrial.png,1245.0,1080.0,337.0,0.0,798.0,692.0,Unclassified,17.0,208.0,,,,,,
27067,29642904,1400468914191,Eye Tracker,Participant0058,17.09.2021,Participant0058,Recording4,17.09.2021,17.09.2021,14:48:45.713,12:48:45.713,64514,Timeline2,Tobii I-VT (Fixation),1.145.28180,1080,1920,"10,00",697506489.0,,,1098.0,301.0,1085.0,299.0,1111.0,304.0,"0,12156","-0,03631","-0,99192","0,02286","-0,03305","-0,99919",,,Valid,Valid,"234,3","100,7","515,8","292,8","100,2","515,1","297,5","81,8","304,6","83,2","0,6111","0,2791","0,6007","0,2767","0,6216","0,2814",thumbnail_grossTrial,thumbnail_grossTrial.png,1245.0,1080.0,337.0,0.0,798.0,692.0,Unclassified,17.0,208.0,,,,,,
27068,29651254,1400468922541,Eye Tracker,Participant0058,17.09.2021,Participant0058,Recording4,17.09.2021,17.09.2021,14:48:45.713,12:48:45.713,64514,Timeline2,Tobii I-VT (Fixation),1.145.28180,1080,1920,"10,00",697514839.0,,,,,,,,,,,,,,,,,Invalid,Invalid,,,,,,,,,,,,,,,,,thumbnail_grossTrial,thumbnail_grossTrial.png,1245.0,1080.0,337.0,0.0,798.0,692.0,EyesNotFound,8.0,178.0,,,,,,
27069,29659606,1400468930893,Eye Tracker,Participant0058,17.09.2021,Participant0058,Recording4,17.09.2021,17.09.2021,14:48:45.713,12:48:45.713,64514,Timeline2,Tobii I-VT (Fixation),1.145.28180,1080,1920,"10,00",697523191.0,,,1097.0,297.0,1081.0,297.0,1113.0,297.0,"0,11916","-0,03751","-0,99217","0,02360","-0,03657","-0,99905",,,Valid,Valid,"234,3","100,7","515,8","292,9","100,2","515,1","296,3","81,2","305,1","81,3","0,6101","0,2748","0,5972","0,2746","0,6229","0,2751",thumbnail_grossTrial,thumbnail_grossTrial.png,1245.0,1080.0,337.0,0.0,798.0,692.0,Unclassified,17.0,209.0,,,,,,
27070,29667899,1400468939186,Eye Tracker,Participant0058,17.09.2021,Participant0058,Recording4,17.09.2021,17.09.2021,14:48:45.713,12:48:45.713,64514,Timeline2,Tobii I-VT (Fixation),1.145.28180,1080,1920,"10,00",697531483.0,,,1096.0,291.0,1076.0,289.0,1116.0,292.0,"0,11640","-0,04152","-0,99233","0,02530","-0,03925","-0,99891",,,Valid,Valid,"234,3","100,7","515,8","292,8","100,2","515,1","294,8","79,1","305,9","79,9","0,6091","0,2690","0,5928","0,2676","0,6253","0,2705",thumbnail_grossTrial,thumbnail_grossTrial.png,1245.0,1080.0,337.0,0.0,798.0,692.0,Unclassified,17.0,209.0,,,,,,
27071,29676230,1400468947517,Eye Tracker,Participant0058,17.09.2021,Participant0058,Recording4,17.09.2021,17.09.2021,14:48:45.713,12:48:45.713,64514,Timeline2,Tobii I-VT (Fixation),1.145.28180,1080,1920,"10,00",697539814.0,,,,,,,,,,,,,,,,,Invalid,Invalid,,,,,,,,,,,,,,,,,thumbnail_grossTrial,thumbnail_grossTrial.png,1245.0,1080.0,337.0,0.0,798.0,692.0,EyesNotFound,8.0,179.0,,,,,,
27072,29684592,1400468955879,Eye Tracker,Participant0058,17.09.2021,Participant0058,Recording4,17.09.2021,17.09.2021,14:48:45.713,12:48:45.713,64514,Timeline2,Tobii I-VT (Fixation),1.145.28180,1080,1920,"10,00",697548176.0,,,1095.0,292.0,1079.0,299.0,1111.0,286.0,"0,11815","-0,03635","-0,99233","0,02248","-0,04249","-0,99884",,,Valid,Valid,"234,3","100,6","515,7","292,9","100,1","515,1","295,7","81,7","304,5","78,2","0,6084","0,2706","0,5956","0,2766","0,6212","0,2646",thumbnail_grossTrial,thumbnail_grossTrial.png,1245.0,1080.0,337.0,0.0,798.0,692.0,Unclassified,17.0,210.0,,,,,,
27073,29692886,1400468964173,Eye Tracker,Participant0058,17.09.2021,Participant0058,Recording4,17.09.2021,17.09.2021,14:48:45.713,12:48:45.713,64514,Timeline2,Tobii I-VT (Fixation),1.145.28180,1080,1920,"10,00",697556470.0,,,1095.0,292.0,1081.0,299.0,1108.0,286.0,"0,11950","-0,03638","-0,99217","0,02123","-0,04243","-0,99887",,,Valid,Valid,"234,3","100,7","515,7","292,8","100,2","515,1","296,4","81,7","303,8","78,3","0,6083","0,2707","0,5975","0,2766","0,6192","0,2648",thumbnail_grossTrial,thumbnail_grossTrial.png,1245.0,1080.0,337.0,0.0,798.0,692.0,Unclassified,17.0,210.0,,,,,,
27074,29701220,1400468972507,Eye Tracker,Participant0058,17.09.2021,Participant0058,Recording4,17.09.2021,17.09.2021,14:48:45.713,12:48:45.713,64514,Timeline2,Tobii I-VT (Fixation),1.145.28180,1080,1920,"10,00",697564803.0,,,,,,,,,,,,,,,,,Invalid,Invalid,,,,,,,,,,,,,,,,,thumbnail_grossTrial,thumbnail_grossTrial.png,1245.0,1080.0,337.0,0.0,798.0,692.0,EyesNotFound,8.0,180.0,,,,,,
27075,29709641,1400468980928,Eye Tracker,Participant0058,17.09.2021,Participant0058,Recording4,17.09.2021,17.09.2021,14:48:45.713,12:48:45.713,64514,Timeline2,Tobii I-VT (Fixation),1.145.28180,1080,1920,"10,00",697573224.0,,,1095.0,299.0,1083.0,293.0,1108.0,305.0,"0,12013","-0,03946","-0,99197","0,02076","-0,03233","-0,99926",,,Valid,Valid,"234,3","100,6","515,7","292,9","100,1","515,0","296,8","80,1","303,6","83,5","0,6086","0,2768","0,5986","0,2711","0,6186","0,2824",thumbnail_grossTrial,thumbnail_grossTrial.png,1245.0,1080.0,337.0,0.0,798.0,692.0,Unclassified,17.0,211.0,,,,,,
27076,29717913,1400468989200,Eye Tracker,Participant0058,17.09.2021,Participant0058,Recording4,17.09.2021,17.09.2021,14:48:45.713,12:48:45.713,64514,Timeline2,Tobii I-VT (Fixation),1.145.28180,1080,1920,"10,00",697581496.0,,,1097.0,293.0,1084.0,292.0,1111.0,293.0,"0,12077","-0,03997","-0,99188","0,02250","-0,03870","-0,99900",,,Valid,Valid,"234,2","100,6","515,7","292,8","100,2","515,1","297,0","79,9","304,4","80,2","0,6102","0,2709","0,5994","0,2702","0,6210","0,2715",thumbnail_grossTrial,thumbnail_grossTrial.png,1245.0,1080.0,337.0,0.0,798.0,692.0,Unclassified,17.0,211.0,,,,,,
27077,29726250,1400468997537,Eye Tracker,Participant0058,17.09.2021,Participant0058,Recording4,17.09.2021,17.09.2021,14:48:45.713,12:48:45.713,64514,Timeline2,Tobii I-VT (Fixation),1.145.28180,1080,1920,"10,00",697589832.0,,,,,,,,,,,,,,,,,Invalid,Invalid,,,,,,,,,,,,,,,,,thumbnail_grossTrial,thumbnail_grossTrial.png,1245.0,1080.0,337.0,0.0,798.0,692.0,EyesNotFound,8.0,181.0,,,,,,
27078,29734583,1400469005870,Eye Tracker,Participant0058,17.09.2021,Participant0058,Recording4,17.09.2021,17.09.2021,14:48:45.713,12:48:45.713,64514,Timeline2,Tobii I-VT (Fixation),1.145.28180,1080,1920,"10,00",697598165.0,,,1101.0,288.0,1085.0,301.0,1118.0,274.0,"0,12129","-0,03509","-0,99200","0,02608","-0,04870","-0,99847",,,Valid,Valid,"234,3","100,6","515,7","292,9","100,2","514,9","297,4","82,4","306,3","75,1","0,6135","0,2664","0,6004","0,2788","0,6267","0,2540",thumbnail_grossTrial,thumbnail_grossTrial.png,1245.0,1080.0,337.0,0.0,798.0,692.0,Unclassified,17.0,212.0,,,,,,
27079,29742922,1400469014209,Eye Tracker,Participant0058,17.09.2021,Participant0058,Recording4,17.09.2021,17.09.2021,14:48:45.713,12:48:45.713,64514,Timeline2,Tobii I-VT (Fixation),1.145.28180,1080,1920,"10,00",697606504.0,,,1096.0,284.0,1081.0,283.0,1110.0,286.0,"0,11924","-0,04485","-0,99185","0,02218","-0,04247","-0,99885",,,Valid,Valid,"234,3","100,7","515,7","292,8","100,2","514,9","296,3","77,3","304,3","78,4","0,6089","0,2634","0,5972","0,2617","0,6206","0,2651",thumbnail_grossTrial,thumbnail_grossTrial.png,1245.0,1080.0,337.0,0.0,798.0,692.0,Unclassified,17.0,212.0,,,,,,
27080,29751242,1400469022529,Eye Tracker,Participant0058,17.09.2021,Participant0058,Recording4,17.09.2021,17.09.2021,14:48:45.713,12:48:45.713,64514,Timeline2,Tobii I-VT (Fixation),1.145.28180,1080,1920,"10,00",697614824.0,,,,,,,,,,,,,,,,,Invalid,Invalid,,,,,,,,,,,,,,,,,thumbnail_grossTrial,thumbnail_grossTrial.png,1245.0,1080.0,337.0,0.0,798.0,692.0,EyesNotFound,8.0,182.0,,,,,,
27081,29759590,1400469030877,Eye Tracker,Participant0058,17.09.2021,Participant0058,Recording4,17.09.2021,17.09.2021,14:48:45.713,12:48:45.713,64514,Timeline2,Tobii I-VT (Fixation),1.145.28180,1080,1920,"10,00",697623171.0,,,1092.0,277.0,1075.0,271.0,1109.0,284.0,"0,11593","-0,05107","-0,99194","0,02166","-0,04393","-0,99880",,,Valid,Valid,"234,4","100,6","515,7","292,9","100,3","514,8","294,6","74,1","304,1","77,6","0,6062","0,2567","0,5923","0,2506","0,6200","0,2627",thumbnail_grossTrial,thumbnail_grossTrial.png,1245.0,1080.0,337.0,0.0,798.0,692.0,Unclassified,17.0,213.0,,,,,,
27082,29767913,1400469039200,Eye Tracker,Participant0058,17.09.2021,Participant0058,Recording4,17.09.2021,17.09.2021,14:48:45.713,12:48:45.713,64514,Timeline2,Tobii I-VT (Fixation),1.145.28180,1080,1920,"10,00",697631494.0,,,1095.0,284.0,1075.0,285.0,1116.0,283.0,"0,11592","-0,04340","-0,99231","0,02517","-0,04443","-0,99870",,,Valid,Valid,"234,3","100,6","515,7","292,8","100,3","514,7","294,5","78,1","305,8","77,4","0,6086","0,2631","0,5921","0,2642","0,6251","0,2620",thumbnail_grossTrial,thumbnail_grossTrial.png,1245.0,1080.0,337.0,0.0,798.0,692.0,Unclassified,17.0,213.0,,,,,,
27083,29776215,1400469047502,Eye Tracker,Participant0058,17.09.2021,Participant0058,Recording4,17.09.2021,17.09.2021,14:48:45.713,12:48:45.713,64514,Timeline2,Tobii I-VT (Fixation),1.145.28180,1080,1920,"10,00",697639796.0,,,,,,,,,,,,,,,,,Invalid,Invalid,,,,,,,,,,,,,,,,,thumbnail_grossTrial,thumbnail_grossTrial.png,1245.0,1080.0,337.0,0.0,798.0,692.0,EyesNotFound,8.0,183.0,,,,,,
27084,29784587,1400469055874,Eye Tracker,Participant0058,17.09.2021,Participant0058,Recording4,17.09.2021,17.09.2021,14:48:45.713,12:48:45.713,64514,Timeline2,Tobii I-VT (Fixation),1.145.28180,1080,1920,"10,00",697648168.0,,,1099.0,287.0,1076.0,286.0,1122.0,288.0,"0,11658","-0,04323","-0,99224","0,02821","-0,04161","-0,99874",,,Valid,Valid,"234,4","100,6","515,7","292,9","100,4","514,6","294,9","78,2","307,4","78,9","0,6115","0,2657","0,5933","0,2644","0,6298","0,2671",thumbnail_grossTrial,thumbnail_grossTrial.png,1245.0,1080.0,337.0,0.0,798.0,692.0,Unclassified,17.0,214.0,,,,,,
27085,29792879,1400469064166,Eye Tracker,Participant0058,17.09.2021,Participant0058,Recording4,17.09.2021,17.09.2021,14:48:45.713,12:48:45.713,64514,Timeline2,Tobii I-VT (Fixation),1.145.28180,1080,1920,"10,00",697656459.0,,,1103.0,282.0,1082.0,288.0,1123.0,275.0,"0,11957","-0,04201","-0,99194","0,02924","-0,04865","-0,99839",,,Valid,Valid,"234,3","100,6","515,8","292,8","100,4","514,5","296,5","78,8","307,9","75,4","0,6144","0,2608","0,5977","0,2666","0,6312","0,2550",thumbnail_grossTrial,thumbnail_grossTrial.png,1245.0,1080.0,337.0,0.0,798.0,692.0,Unclassified,17.0,214.0,,,,,,
27086,29801241,1400469072528,Eye Tracker,Participant0058,17.09.2021,Participant0058,Recording4,17.09.2021,17.09.2021,14:48:45.713,12:48:45.713,64514,Timeline2,Tobii I-VT (Fixation),1.145.28180,1080,1920,"10,00",697664820.0,,,,,,,,,,,,,,,,,Invalid,Invalid,,,,,,,,,,,,,,,,,thumbnail_grossTrial,thumbnail_grossTrial.png,1245.0,1080.0,337.0,0.0,798.0,692.0,EyesNotFound,8.0,184.0,,,,,,
27087,29809581,1400469080868,Eye Tracker,Participant0058,17.09.2021,Participant0058,Recording4,17.09.2021,17.09.2021,14:48:45.713,12:48:45.713,64514,Timeline2,Tobii I-VT (Fixation),1.145.28180,1080,1920,"10,00",697673160.0,,,1102.0,286.0,1084.0,294.0,1120.0,278.0,"0,12054","-0,03868","-0,99195","0,02714","-0,04740","-0,99851",,,Valid,Valid,"234,3","100,6","515,8","292,8","100,5","514,4","297,0","80,5","306,8","76,0","0,6137","0,2648","0,5993","0,2724","0,6281","0,2573",thumbnail_grossTrial,thumbnail_grossTrial.png,1245.0,1080.0,337.0,0.0,798.0,692.0,Unclassified,17.0,215.0,,,,,,
27088,29817906,1400469089193,Eye Tracker,Participant0058,17.09.2021,Participant0058,Recording4,17.09.2021,17.09.2021,14:48:45.713,12:48:45.713,64514,Timeline2,Tobii I-VT (Fixation),1.145.28180,1080,1920,"10,00",697681484.0,,,1101.0,301.0,1085.0,308.0,1117.0,294.0,"0,12142","-0,03163","-0,99210","0,02612","-0,03915","-0,99889",,,Valid,Valid,"234,2","100,6","515,8","292,8","100,5","514,4","297,4","84,2","306,2","80,4","0,6134","0,2783","0,6004","0,2848","0,6263","0,2719",thumbnail_grossTrial,thumbnail_grossTrial.png,1245.0,1080.0,337.0,0.0,798.0,692.0,Unclassified,17.0,215.0,,,,,,
27089,29826213,1400469097500,Eye Tracker,Participant0058,17.09.2021,Participant0058,Recording4,17.09.2021,17.09.2021,14:48:45.713,12:48:45.713,64514,Timeline2,Tobii I-VT (Fixation),1.145.28180,1080,1920,"10,00",697689790.0,,,,,,,,,,,,,,,,,Invalid,Invalid,,,,,,,,,,,,,,,,,thumbnail_grossTrial,thumbnail_grossTrial.png,1245.0,1080.0,337.0,0.0,798.0,692.0,EyesNotFound,8.0,185.0,,,,,,
27090,29834574,1400469105861,Eye Tracker,Participant0058,17.09.2021,Participant0058,Recording4,17.09.2021,17.09.2021,14:48:45.713,12:48:45.713,64514,Timeline2,Tobii I-VT (Fixation),1.145.28180,1080,1920,"10,00",697698151.0,,,1098.0,295.0,1081.0,295.0,1115.0,295.0,"0,11916","-0,03820","-0,99214","0,02469","-0,03848","-0,99895",,,Valid,Valid,"234,3","100,6","515,8","292,8","100,5","514,2","296,3","80,7","305,5","80,7","0,6107","0,2731","0,5971","0,2731","0,6243","0,2731",thumbnail_grossTrial,thumbnail_grossTrial.png,1245.0,1080.0,337.0,0.0,798.0,692.0,Unclassified,17.0,216.0,,,,,,
27091,29842876,1400469114163,Eye Tracker,Participant0058,17.09.2021,Participant0058,Recording4,17.09.2021,17.09.2021,14:48:45.713,12:48:45.713,64514,Timeline2,Tobii I-VT (Fixation),1.145.28180,1080,1920,"10,00",697706453.0,,,1093.0,292.0,1070.0,292.0,1117.0,292.0,"0,11334","-0,04006","-0,99275","0,02579","-0,04008","-0,99886",,,Valid,Valid,"234,2","100,6","515,9","292,8","100,6","514,2","293,1","79,8","306,0","79,9","0,6069","0,2702","0,5880","0,2699","0,6258","0,2704",thumbnail_grossTrial,thumbnail_grossTrial.png,1245.0,1080.0,337.0,0.0,798.0,692.0,Unclassified,17.0,216.0,,,,,,
27092,29851210,1400469122497,Eye Tracker,Participant0058,17.09.2021,Participant0058,Recording4,17.09.2021,17.09.2021,14:48:45.713,12:48:45.713,64514,Timeline2,Tobii I-VT (Fixation),1.145.28180,1080,1920,"10,00",697714786.0,,,,,,,,,,,,,,,,,Invalid,Invalid,,,,,,,,,,,,,,,,,thumbnail_grossTrial,thumbnail_grossTrial.png,1245.0,1080.0,337.0,0.0,798.0,692.0,EyesNotFound,8.0,186.0,,,,,,
27093,29859579,1400469130866,Eye Tracker,Participant0058,17.09.2021,Participant0058,Recording4,17.09.2021,17.09.2021,14:48:45.713,12:48:45.713,64514,Timeline2,Tobii I-VT (Fixation),1.145.28180,1080,1920,"10,00",697723154.0,,,1090.0,288.0,1063.0,286.0,1117.0,290.0,"0,10971","-0,04317","-0,99303","0,02576","-0,04119","-0,99882",,,Valid,Valid,"234,3","100,6","515,9","292,8","100,5","514,1","291,3","78,1","306,1","79,3","0,6043","0,2664","0,5827","0,2644","0,6259","0,2685",thumbnail_grossTrial,thumbnail_grossTrial.png,1245.0,1080.0,337.0,0.0,798.0,692.0,Unclassified,17.0,217.0,,,,,,
27094,29867878,1400469139165,Eye Tracker,Participant0058,17.09.2021,Participant0058,Recording4,17.09.2021,17.09.2021,14:48:45.713,12:48:45.713,64514,Timeline2,Tobii I-VT (Fixation),1.145.28180,1080,1920,"10,00",697731453.0,,,1093.0,288.0,1070.0,283.0,1116.0,294.0,"0,11355","-0,04448","-0,99254","0,02526","-0,03920","-0,99891",,,Valid,Valid,"234,3","100,6","515,9","292,8","100,6","514,1","293,3","77,5","305,8","80,4","0,6067","0,2671","0,5884","0,2621","0,6250","0,2721",thumbnail_grossTrial,thumbnail_grossTrial.png,1245.0,1080.0,337.0,0.0,798.0,692.0,Unclassified,17.0,217.0,,,,,,
27095,29876209,1400469147496,Eye Tracker,Participant0058,17.09.2021,Participant0058,Recording4,17.09.2021,17.09.2021,14:48:45.713,12:48:45.713,64514,Timeline2,Tobii I-VT (Fixation),1.145.28180,1080,1920,"10,00",697739784.0,,,,,,,,,,,,,,,,,Invalid,Invalid,,,,,,,,,,,,,,,,,thumbnail_grossTrial,thumbnail_grossTrial.png,1245.0,1080.0,337.0,0.0,798.0,692.0,EyesNotFound,8.0,187.0,,,,,,
27096,29884590,1400469155877,Eye Tracker,Participant0058,17.09.2021,Participant0058,Recording4,17.09.2021,17.09.2021,14:48:45.713,12:48:45.713,64514,Timeline2,Tobii I-VT (Fixation),1.145.28180,1080,1920,"10,00",697748163.0,,,1096.0,308.0,1081.0,309.0,1111.0,307.0,"0,11896","-0,03050","-0,99243","0,02286","-0,03194","-0,99923",,,Valid,Valid,"234,3","100,5","515,9","292,8","100,6","514,1","296,2","84,7","304,6","84,1","0,6092","0,2856","0,5969","0,2865","0,6216","0,2846",thumbnail_grossTrial,thumbnail_grossTrial.png,1245.0,1080.0,337.0,0.0,798.0,692.0,Unclassified,17.0,218.0,,,,,,
27097,29892912,1400469164199,Eye Tracker,Participant0058,17.09.2021,Participant0058,Recording4,17.09.2021,17.09.2021,14:48:45.713,12:48:45.713,64514,Timeline2,Tobii I-VT (Fixation),1.145.28180,1080,1920,"10,00",697756485.0,,,1094.0,304.0,1077.0,309.0,1111.0,298.0,"0,11725","-0,03074","-0,99263","0,02280","-0,03677","-0,99906",,,Valid,Valid,"234,3","100,6","515,9","292,8","100,6","514,1","295,2","84,6","304,5","81,7","0,6077","0,2812","0,5941","0,2862","0,6213","0,2763",thumbnail_grossTrial,thumbnail_grossTrial.png,1245.0,1080.0,337.0,0.0,798.0,692.0,Unclassified,17.0,218.0,,,,,,
27098,29901250,1400469172537,Eye Tracker,Participant0058,17.09.2021,Participant0058,Recording4,17.09.2021,17.09.2021,14:48:45.713,12:48:45.713,64514,Timeline2,Tobii I-VT (Fixation),1.145.28180,1080,1920,"10,00",697764823.0,,,,,,,,,,,,,,,,,Invalid,Invalid,,,,,,,,,,,,,,,,,thumbnail_grossTrial,thumbnail_grossTrial.png,1245.0,1080.0,337.0,0.0,798.0,692.0,EyesNotFound,8.0,188.0,,,,,,
27099,29909595,1400469180882,Eye Tracker,Participant0058,17.09.2021,Participant0058,Recording4,17.09.2021,17.09.2021,14:48:45.713,12:48:45.713,64514,Timeline2,Tobii I-VT (Fixation),1.145.28180,1080,1920,"10,00",697773167.0,,,1096.0,297.0,1075.0,308.0,1117.0,286.0,"0,11593","-0,03140","-0,99276","0,02580","-0,04354","-0,99872",,,Valid,Valid,"234,3","100,5","515,9","292,8","100,6","514,0","294,6","84,2","306,1","78,1","0,6091","0,2747","0,5922","0,2849","0,6260","0,2644",thumbnail_grossTrial,thumbnail_grossTrial.png,1245.0,1080.0,337.0,0.0,798.0,692.0,Unclassified,17.0,219.0,,,,,,
27100,29917875,1400469189162,Eye Tracker,Participant0058,17.09.2021,Participant0058,Recording4,17.09.2021,17.09.2021,14:48:45.713,12:48:45.713,64514,Timeline2,Tobii I-VT (Fixation),1.145.28180,1080,1920,"10,00",697781446.0,,,1093.0,298.0,1071.0,307.0,1115.0,290.0,"0,11430","-0,03198","-0,99293","0,02465","-0,04121","-0,99885",,,Valid,Valid,"234,3","100,5","515,9","292,8","100,6","514,1","293,7","83,9","305,5","79,4","0,6068","0,2763","0,5895","0,2840","0,6241","0,2686",thumbnail_grossTrial,thumbnail_grossTrial.png,1245.0,1080.0,337.0,0.0,798.0,692.0,Unclassified,17.0,219.0,,,,,,
27101,29926243,1400469197530,Eye Tracker,Participant0058,17.09.2021,Participant0058,Recording4,17.09.2021,17.09.2021,14:48:45.713,12:48:45.713,64514,Timeline2,Tobii I-VT (Fixation),1.145.28180,1080,1920,"10,00",697789814.0,,,,,,,,,,,,,,,,,Invalid,Invalid,,,,,,,,,,,,,,,,,thumbnail_grossTrial,thumbnail_grossTrial.png,1245.0,1080.0,337.0,0.0,798.0,692.0,EyesNotFound,8.0,189.0,,,,,,
27102,29934552,1400469205839,Eye Tracker,Participant0058,17.09.2021,Participant0058,Recording4,17.09.2021,17.09.2021,14:48:45.713,12:48:45.713,64514,Timeline2,Tobii I-VT (Fixation),1.145.28180,1080,1920,"10,00",697798123.0,,,1099.0,283.0,1073.0,292.0,1126.0,274.0,"0,11480","-0,03965","-0,99260","0,03063","-0,04966","-0,99830",,,Valid,Valid,"234,3","100,5","515,9","292,8","100,6","514,0","294,0","79,9","308,6","75,0","0,6119","0,2621","0,5905","0,2705","0,6333","0,2537",thumbnail_grossTrial,thumbnail_grossTrial.png,1245.0,1080.0,337.0,0.0,798.0,692.0,Unclassified,17.0,220.0,,,,,,
27103,29942875,1400469214162,Eye Tracker,Participant0058,17.09.2021,Participant0058,Recording4,17.09.2021,17.09.2021,14:48:45.713,12:48:45.713,64514,Timeline2,Tobii I-VT (Fixation),1.145.28180,1080,1920,"10,00",697806444.0,,,1101.0,287.0,1071.0,294.0,1131.0,280.0,"0,11394","-0,03895","-0,99272","0,03342","-0,04681","-0,99834",,,Valid,Valid,"234,3","100,6","515,9","292,8","100,6","514,1","293,5","80,3","310,0","76,5","0,6131","0,2653","0,5889","0,2718","0,6373","0,2588",thumbnail_grossTrial,thumbnail_grossTrial.png,1245.0,1080.0,337.0,0.0,798.0,692.0,Unclassified,17.0,220.0,,,,,,
27104,29951205,1400469222492,Eye Tracker,Participant0058,17.09.2021,Participant0058,Recording4,17.09.2021,17.09.2021,14:48:45.713,12:48:45.713,64514,Timeline2,Tobii I-VT (Fixation),1.145.28180,1080,1920,"10,00",697814774.0,,,,,,,,,,,,,,,,,Invalid,Invalid,,,,,,,,,,,,,,,,,thumbnail_grossTrial,thumbnail_grossTrial.png,1245.0,1080.0,337.0,0.0,798.0,692.0,EyesNotFound,8.0,190.0,,,,,,
27105,29959584,1400469230871,Eye Tracker,Participant0058,17.09.2021,Participant0058,Recording4,17.09.2021,17.09.2021,14:48:45.713,12:48:45.713,64514,Timeline2,Tobii I-VT (Fixation),1.145.28180,1080,1920,"10,00",697823153.0,,,1094.0,299.0,1062.0,301.0,1126.0,297.0,"0,10915","-0,03503","-0,99341","0,03085","-0,03762","-0,99882",,,Valid,Valid,"234,3","100,6","515,8","292,8","100,6","514,0","291,0","82,4","308,7","81,2","0,6076","0,2768","0,5817","0,2788","0,6336","0,2748",thumbnail_grossTrial,thumbnail_grossTrial.png,1245.0,1080.0,337.0,0.0,798.0,692.0,Unclassified,17.0,221.0,,,,,,
27106,29967904,1400469239191,Eye Tracker,Participant0058,17.09.2021,Participant0058,Recording4,17.09.2021,17.09.2021,14:48:45.713,12:48:45.713,64514,Timeline2,Tobii I-VT (Fixation),1.145.28180,1080,1920,"10,00",697831472.0,,,1094.0,293.0,1065.0,305.0,1123.0,282.0,"0,11086","-0,03293","-0,99329","0,02912","-0,04563","-0,99853",,,Valid,Valid,"234,2","100,6","515,8","292,8","100,6","514,1","291,8","83,5","307,8","77,1","0,6075","0,2717","0,5841","0,2825","0,6309","0,2609",thumbnail_grossTrial,thumbnail_grossTrial.png,1245.0,1080.0,337.0,0.0,798.0,692.0,Unclassified,17.0,221.0,,,,,,
27107,29976206,1400469247493,Eye Tracker,Participant0058,17.09.2021,Participant0058,Recording4,17.09.2021,17.09.2021,14:48:45.713,12:48:45.713,64514,Timeline2,Tobii I-VT (Fixation),1.145.28180,1080,1920,"10,00",697839773.0,,,,,,,,,,,,,,,,,Invalid,Invalid,,,,,,,,,,,,,,,,,thumbnail_grossTrial,thumbnail_grossTrial.png,1245.0,1080.0,337.0,0.0,798.0,692.0,EyesNotFound,8.0,191.0,,,,,,
27108,29984581,1400469255868,Eye Tracker,Participant0058,17.09.2021,Participant0058,Recording4,17.09.2021,17.09.2021,14:48:45.713,12:48:45.713,64514,Timeline2,Tobii I-VT (Fixation),1.145.28180,1080,1920,"10,00",697848148.0,,,1083.0,322.0,1075.0,306.0,1091.0,339.0,"0,11620","-0,03252","-0,99269","0,01185","-0,01540","-0,99981",,,Valid,Valid,"234,3","100,6","515,8","292,8","100,6","514,1","294,7","83,7","298,9","92,7","0,5987","0,2984","0,5926","0,2833","0,6049","0,3136",thumbnail_grossTrial,thumbnail_grossTrial.png,1245.0,1080.0,337.0,0.0,798.0,692.0,Unclassified,17.0,222.0,,,,,,
27109,29992883,1400469264170,Eye Tracker,Participant0058,17.09.2021,Participant0058,Recording4,17.09.2021,17.09.2021,14:48:45.713,12:48:45.713,64514,Timeline2,Tobii I-VT (Fixation),1.145.28180,1080,1920,"10,00",697856450.0,,,1084.0,315.0,1077.0,291.0,1091.0,339.0,"0,11733","-0,04032","-0,99227","0,01194","-0,01546","-0,99981",,,Valid,Valid,"234,3","100,7","515,8","292,8","100,6","514,1","295,3","79,7","298,9","92,7","0,5996","0,2916","0,5942","0,2697","0,6049","0,3136",thumbnail_grossTrial,thumbnail_grossTrial.png,1245.0,1080.0,337.0,0.0,798.0,692.0,Unclassified,17.0,222.0,,,,,,
27110,30001245,1400469272532,Eye Tracker,Participant0058,17.09.2021,Participant0058,Recording4,17.09.2021,17.09.2021,14:48:45.713,12:48:45.713,64514,Timeline2,Tobii I-VT (Fixation),1.145.28180,1080,1920,"10,00",697864810.0,,,,,,,,,,,,,,,,,Invalid,Invalid,,,,,,,,,,,,,,,,,thumbnail_grossTrial,thumbnail_grossTrial.png,1245.0,1080.0,337.0,0.0,798.0,692.0,EyesNotFound,8.0,192.0,,,,,,
27111,30009550,1400469280837,Eye Tracker,Participant0058,17.09.2021,Participant0058,Recording4,17.09.2021,17.09.2021,14:48:45.713,12:48:45.713,64514,Timeline2,Tobii I-VT (Fixation),1.145.28180,1080,1920,"10,00",697873115.0,,,1106.0,302.0,1088.0,308.0,1124.0,296.0,"0,12274","-0,03151","-0,99194","0,02979","-0,03803","-0,99883",,,Valid,Valid,"234,3","100,7","515,7","292,8","100,6","514,1","298,1","84,3","308,2","81,0","0,6173","0,2796","0,6026","0,2852","0,6320","0,2741",thumbnail_grossTrial,thumbnail_grossTrial.png,1245.0,1080.0,337.0,0.0,798.0,692.0,Unclassified,17.0,223.0,,,,,,
27112,30017894,1400469289181,Eye Tracker,Participant0058,17.09.2021,Participant0058,Recording4,17.09.2021,17.09.2021,14:48:45.713,12:48:45.713,64514,Timeline2,Tobii I-VT (Fixation),1.145.28180,1080,1920,"10,00",697881459.0,,,1098.0,309.0,1081.0,327.0,1115.0,291.0,"0,11917","-0,02144","-0,99264","0,02464","-0,04085","-0,99886",,,Valid,Valid,"234,3","100,7","515,7","292,8","100,6","514,1","296,2","89,6","305,5","79,6","0,6105","0,2861","0,5969","0,3030","0,6241","0,2693",thumbnail_grossTrial,thumbnail_grossTrial.png,1245.0,1080.0,337.0,0.0,798.0,692.0,Unclassified,17.0,223.0,,,,,,
27113,30026203,1400469297490,Eye Tracker,Participant0058,17.09.2021,Participant0058,Recording4,17.09.2021,17.09.2021,14:48:45.713,12:48:45.713,64514,Timeline2,Tobii I-VT (Fixation),1.145.28180,1080,1920,"10,00",697889767.0,,,,,,,,,,,,,,,,,Invalid,Invalid,,,,,,,,,,,,,,,,,thumbnail_grossTrial,thumbnail_grossTrial.png,1245.0,1080.0,337.0,0.0,798.0,692.0,EyesNotFound,8.0,193.0,,,,,,
27114,30034682,1400469305969,Eye Tracker,Participant0058,17.09.2021,Participant0058,Recording4,17.09.2021,17.09.2021,14:48:45.713,12:48:45.713,64514,Timeline2,Tobii I-VT (Fixation),1.145.28180,1080,1920,"10,00",697898245.0,,,1100.0,304.0,1082.0,316.0,1117.0,292.0,"0,11955","-0,02751","-0,99245","0,02602","-0,04039","-0,99885",,,Valid,Valid,"234,3","100,7","515,7","292,8","100,6","514,1","296,4","86,4","306,2","79,8","0,6120","0,2811","0,5977","0,2923","0,6264","0,2699",thumbnail_grossTrial,thumbnail_grossTrial.png,1245.0,1080.0,337.0,0.0,798.0,692.0,Unclassified,17.0,224.0,,,,,,
27115,30042868,1400469314155,Eye Tracker,Participant0058,17.09.2021,Participant0058,Recording4,17.09.2021,17.09.2021,14:48:45.713,12:48:45.713,64514,Timeline2,Tobii I-VT (Fixation),1.145.28180,1080,1920,"10,00",697906431.0,,,1109.0,290.0,1083.0,301.0,1136.0,280.0,"0,12010","-0,03527","-0,99214","0,03621","-0,04661","-0,99826",,,Valid,Valid,"234,3","100,7","515,7","292,8","100,6","514,2","296,7","82,4","311,5","76,6","0,6200","0,2689","0,5984","0,2787","0,6416","0,2591",thumbnail_grossTrial,thumbnail_grossTrial.png,1245.0,1080.0,337.0,0.0,798.0,692.0,Unclassified,17.0,224.0,,,,,,
27116,30051229,1400469322516,Eye Tracker,Participant0058,17.09.2021,Participant0058,Recording4,17.09.2021,17.09.2021,14:48:45.713,12:48:45.713,64514,Timeline2,Tobii I-VT (Fixation),1.145.28180,1080,1920,"10,00",697914792.0,,,,,,,,,,,,,,,,,Invalid,Invalid,,,,,,,,,,,,,,,,,thumbnail_grossTrial,thumbnail_grossTrial.png,1245.0,1080.0,337.0,0.0,798.0,692.0,EyesNotFound,8.0,194.0,,,,,,
27117,30059576,1400469330863,Eye Tracker,Participant0058,17.09.2021,Participant0058,Recording4,17.09.2021,17.09.2021,14:48:45.713,12:48:45.713,64514,Timeline2,Tobii I-VT (Fixation),1.145.28180,1080,1920,"10,00",697923138.0,,,1106.0,292.0,1078.0,294.0,1135.0,290.0,"0,11765","-0,03904","-0,99229","0,03520","-0,04099","-0,99854",,,Valid,Valid,"234,3","100,7","515,6","292,9","100,5","514,2","295,5","80,4","311,0","79,4","0,6176","0,2703","0,5948","0,2720","0,6403","0,2687",thumbnail_grossTrial,thumbnail_grossTrial.png,1245.0,1080.0,337.0,0.0,798.0,692.0,Unclassified,17.0,225.0,,,,,,
27118,30067951,1400469339238,Eye Tracker,Participant0058,17.09.2021,Participant0058,Recording4,17.09.2021,17.09.2021,14:48:45.713,12:48:45.713,64514,Timeline2,Tobii I-VT (Fixation),1.145.28180,1080,1920,"10,00",697931512.0,,,1097.0,295.0,1074.0,294.0,1121.0,296.0,"0,11559","-0,03917","-0,99252","0,02779","-0,03770","-0,99890",,,Valid,Valid,"234,3","100,7","515,6","292,8","100,5","514,3","294,3","80,3","307,1","81,1","0,6103","0,2732","0,5915","0,2718","0,6290","0,2745",thumbnail_grossTrial,thumbnail_grossTrial.png,1245.0,1080.0,337.0,0.0,798.0,692.0,Unclassified,17.0,225.0,,,,,,
27119,30076223,1400469347510,Eye Tracker,Participant0058,17.09.2021,Participant0058,Recording4,17.09.2021,17.09.2021,14:48:45.713,12:48:45.713,64514,Timeline2,Tobii I-VT (Fixation),1.145.28180,1080,1920,"10,00",697939784.0,,,,,,,,,,,,,,,,,Invalid,Invalid,,,,,,,,,,,,,,,,,thumbnail_grossTrial,thumbnail_grossTrial.png,1245.0,1080.0,337.0,0.0,798.0,692.0,EyesNotFound,8.0,195.0,,,,,,
27120,30084574,1400469355861,Eye Tracker,Participant0058,17.09.2021,Participant0058,Recording4,17.09.2021,17.09.2021,14:48:45.713,12:48:45.713,64514,Timeline2,Tobii I-VT (Fixation),1.145.28180,1080,1920,"10,00",697948134.0,,,1099.0,292.0,1077.0,298.0,1122.0,287.0,"0,11688","-0,03701","-0,99246","0,02820","-0,04253","-0,99870",,,Valid,Valid,"234,3","100,7","515,6","292,9","100,5","514,3","295,1","81,4","307,4","78,6","0,6117","0,2707","0,5936","0,2755","0,6298","0,2659",thumbnail_grossTrial,thumbnail_grossTrial.png,1245.0,1080.0,337.0,0.0,798.0,692.0,Unclassified,17.0,226.0,,,,,,
27121,30092867,1400469364154,Eye Tracker,Participant0058,17.09.2021,Participant0058,Recording4,17.09.2021,17.09.2021,14:48:45.713,12:48:45.713,64514,Timeline2,Tobii I-VT (Fixation),1.145.28180,1080,1920,"10,00",697956427.0,,,1108.0,302.0,1091.0,304.0,1125.0,301.0,"0,12445","-0,03380","-0,99165","0,02992","-0,03505","-0,99894",,,Valid,Valid,"234,3","100,7","515,6","292,8","100,5","514,3","299,0","83,1","308,2","82,5","0,6187","0,2801","0,6051","0,2812","0,6322","0,2790",thumbnail_grossTrial,thumbnail_grossTrial.png,1245.0,1080.0,337.0,0.0,798.0,692.0,Unclassified,17.0,226.0,,,,,,
27122,30101198,1400469372485,Eye Tracker,Participant0058,17.09.2021,Participant0058,Recording4,17.09.2021,17.09.2021,14:48:45.713,12:48:45.713,64514,Timeline2,Tobii I-VT (Fixation),1.145.28180,1080,1920,"10,00",697964757.0,,,,,,,,,,,,,,,,,Invalid,Invalid,,,,,,,,,,,,,,,,,thumbnail_grossTrial,thumbnail_grossTrial.png,1245.0,1080.0,337.0,0.0,798.0,692.0,EyesNotFound,8.0,196.0,,,,,,
27123,30109568,1400469380855,Eye Tracker,Participant0058,17.09.2021,Participant0058,Recording4,17.09.2021,17.09.2021,14:48:45.713,12:48:45.713,64514,Timeline2,Tobii I-VT (Fixation),1.145.28180,1080,1920,"10,00",697973127.0,,,1104.0,302.0,1088.0,300.0,1120.0,304.0,"0,12284","-0,03571","-0,99178","0,02742","-0,03340","-0,99907",,,Valid,Valid,"234,3","100,7","515,6","292,9","100,4","514,3","298,2","82,1","307,0","83,2","0,6157","0,2797","0,6028","0,2777","0,6286","0,2817",thumbnail_grossTrial,thumbnail_grossTrial.png,1245.0,1080.0,337.0,0.0,798.0,692.0,Unclassified,17.0,227.0,,,,,,
27124,30117864,1400469389151,Eye Tracker,Participant0058,17.09.2021,Participant0058,Recording4,17.09.2021,17.09.2021,14:48:45.713,12:48:45.713,64514,Timeline2,Tobii I-VT (Fixation),1.145.28180,1080,1920,"10,00",697981422.0,,,1094.0,303.0,1075.0,303.0,1113.0,302.0,"0,11621","-0,03392","-0,99265","0,02368","-0,03478","-0,99911",,,Valid,Valid,"234,3","100,7","515,7","292,8","100,5","514,4","294,6","83,0","305,0","82,5","0,6076","0,2801","0,5924","0,2810","0,6228","0,2793",thumbnail_grossTrial,thumbnail_grossTrial.png,1245.0,1080.0,337.0,0.0,798.0,692.0,Unclassified,17.0,227.0,,,,,,
27125,30126198,1400469397485,Eye Tracker,Participant0058,17.09.2021,Participant0058,Recording4,17.09.2021,17.09.2021,14:48:45.713,12:48:45.713,64514,Timeline2,Tobii I-VT (Fixation),1.145.28180,1080,1920,"10,00",697989755.0,,,,,,,,,,,,,,,,,Invalid,Invalid,,,,,,,,,,,,,,,,,thumbnail_grossTrial,thumbnail_grossTrial.png,1245.0,1080.0,337.0,0.0,798.0,692.0,EyesNotFound,8.0,197.0,,,,,,
27126,30134598,1400469405885,Eye Tracker,Participant0058,17.09.2021,Participant0058,Recording4,17.09.2021,17.09.2021,14:48:45.713,12:48:45.713,64514,Timeline2,Tobii I-VT (Fixation),1.145.28180,1080,1920,"10,00",697998155.0,,,1095.0,304.0,1075.0,311.0,1115.0,297.0,"0,11614","-0,02991","-0,99278","0,02471","-0,03738","-0,99900",,,Valid,Valid,"234,3","100,6","515,7","292,9","100,4","514,4","294,7","85,1","305,6","81,2","0,6085","0,2812","0,5924","0,2879","0,6245","0,2746",thumbnail_grossTrial,thumbnail_grossTrial.png,1245.0,1080.0,337.0,0.0,798.0,692.0,Unclassified,17.0,228.0,,,,,,
27127,30142891,1400469414178,Eye Tracker,Participant0058,17.09.2021,Participant0058,Recording4,17.09.2021,17.09.2021,14:48:45.713,12:48:45.713,64514,Timeline2,Tobii I-VT (Fixation),1.145.28180,1080,1920,"10,00",698006447.0,,,1101.0,299.0,1076.0,303.0,1126.0,294.0,"0,11676","-0,03384","-0,99258","0,03067","-0,03880","-0,99878",,,Valid,Valid,"234,3","100,6","515,7","292,8","100,4","514,5","294,9","83,1","308,6","80,4","0,6133","0,2766","0,5932","0,2810","0,6334","0,2721",thumbnail_grossTrial,thumbnail_grossTrial.png,1245.0,1080.0,337.0,0.0,798.0,692.0,Unclassified,17.0,228.0,,,,,,
27128,30151226,1400469422513,Eye Tracker,Participant0058,17.09.2021,Participant0058,Recording4,17.09.2021,17.09.2021,14:48:45.713,12:48:45.713,64514,Timeline2,Tobii I-VT (Fixation),1.145.28180,1080,1920,"10,00",698014782.0,,,,,,,,,,,,,,,,,Invalid,Invalid,,,,,,,,,,,,,,,,,thumbnail_grossTrial,thumbnail_grossTrial.png,1245.0,1080.0,337.0,0.0,798.0,692.0,EyesNotFound,8.0,198.0,,,,,,
27129,30159561,1400469430848,Eye Tracker,Participant0058,17.09.2021,Participant0058,Recording4,17.09.2021,17.09.2021,14:48:45.713,12:48:45.713,64514,Timeline2,Tobii I-VT (Fixation),1.145.28180,1080,1920,"10,00",698023116.0,,,1101.0,295.0,1075.0,294.0,1127.0,296.0,"0,11598","-0,03892","-0,99249","0,03127","-0,03775","-0,99880",,,Valid,Valid,"234,3","100,6","515,7","292,9","100,4","514,4","294,6","80,4","309,0","80,9","0,6134","0,2729","0,5923","0,2719","0,6345","0,2738",thumbnail_grossTrial,thumbnail_grossTrial.png,1245.0,1080.0,337.0,0.0,798.0,692.0,Unclassified,17.0,229.0,,,,,,
27130,30167897,1400469439184,Eye Tracker,Participant0058,17.09.2021,Participant0058,Recording4,17.09.2021,17.09.2021,14:48:45.713,12:48:45.713,64514,Timeline2,Tobii I-VT (Fixation),1.145.28180,1080,1920,"10,00",698031452.0,,,1100.0,283.0,1076.0,288.0,1124.0,278.0,"0,11671","-0,04165","-0,99229","0,02970","-0,04734","-0,99844",,,Valid,Valid,"234,3","100,6","515,8","292,9","100,4","514,5","294,9","78,9","308,2","76,0","0,6126","0,2621","0,5932","0,2671","0,6320","0,2571",thumbnail_grossTrial,thumbnail_grossTrial.png,1245.0,1080.0,337.0,0.0,798.0,692.0,Unclassified,17.0,229.0,,,,,,
27131,30176195,1400469447482,Eye Tracker,Participant0058,17.09.2021,Participant0058,Recording4,17.09.2021,17.09.2021,14:48:45.713,12:48:45.713,64514,Timeline2,Tobii I-VT (Fixation),1.145.28180,1080,1920,"10,00",698039749.0,,,,,,,,,,,,,,,,,Invalid,Invalid,,,,,,,,,,,,,,,,,thumbnail_grossTrial,thumbnail_grossTrial.png,1245.0,1080.0,337.0,0.0,798.0,692.0,EyesNotFound,8.0,199.0,,,,,,
27132,30184531,1400469455818,Eye Tracker,Participant0058,17.09.2021,Participant0058,Recording4,17.09.2021,17.09.2021,14:48:45.713,12:48:45.713,64514,Timeline2,Tobii I-VT (Fixation),1.145.28180,1080,1920,"10,00",698048085.0,,,1097.0,284.0,1075.0,294.0,1120.0,273.0,"0,11583","-0,03847","-0,99252","0,02703","-0,04956","-0,99841",,,Valid,Valid,"234,3","100,6","515,8","292,9","100,4","514,4","294,5","80,6","306,8","74,8","0,6101","0,2629","0,5920","0,2726","0,6281","0,2532",thumbnail_grossTrial,thumbnail_grossTrial.png,1245.0,1080.0,337.0,0.0,798.0,692.0,Unclassified,17.0,230.0,,,,,,
27133,30192862,1400469464149,Eye Tracker,Participant0058,17.09.2021,Participant0058,Recording4,17.09.2021,17.09.2021,14:48:45.713,12:48:45.713,64514,Timeline2,Tobii I-VT (Fixation),1.145.28180,1080,1920,"10,00",698056415.0,,,1095.0,298.0,1074.0,294.0,1115.0,303.0,"0,11563","-0,03869","-0,99254","0,02472","-0,03417","-0,99911",,,Valid,Valid,"234,3","100,6","515,8","292,9","100,4","514,5","294,4","80,5","305,6","82,8","0,6080","0,2762","0,5916","0,2722","0,6244","0,2801",thumbnail_grossTrial,thumbnail_grossTrial.png,1245.0,1080.0,337.0,0.0,798.0,692.0,Unclassified,17.0,230.0,,,,,,
27134,30201194,1400469472481,Eye Tracker,Participant0058,17.09.2021,Participant0058,Recording4,17.09.2021,17.09.2021,14:48:45.713,12:48:45.713,64514,Timeline2,Tobii I-VT (Fixation),1.145.28180,1080,1920,"10,00",698064746.0,,,,,,,,,,,,,,,,,Invalid,Invalid,,,,,,,,,,,,,,,,,thumbnail_grossTrial,thumbnail_grossTrial.png,1245.0,1080.0,337.0,0.0,798.0,692.0,EyesNotFound,8.0,200.0,,,,,,
27135,30209556,1400469480843,Eye Tracker,Participant0058,17.09.2021,Participant0058,Recording4,17.09.2021,17.09.2021,14:48:45.713,12:48:45.713,64514,Timeline2,Tobii I-VT (Fixation),1.145.28180,1080,1920,"10,00",698073108.0,,,1095.0,307.0,1076.0,289.0,1113.0,324.0,"0,11643","-0,04095","-0,99235","0,02375","-0,02260","-0,99946",,,Valid,Valid,"234,3","100,5","515,9","292,9","100,4","514,4","294,9","79,2","305,1","88,7","0,6081","0,2841","0,5930","0,2680","0,6232","0,3002",thumbnail_grossTrial,thumbnail_grossTrial.png,1245.0,1080.0,337.0,0.0,798.0,692.0,Unclassified,17.0,231.0,,,,,,
27136,30217859,1400469489146,Eye Tracker,Participant0058,17.09.2021,Participant0058,Recording4,17.09.2021,17.09.2021,14:48:45.713,12:48:45.713,64514,Timeline2,Tobii I-VT (Fixation),1.145.28180,1080,1920,"10,00",698081410.0,,,1083.0,317.0,1081.0,305.0,1084.0,330.0,"0,11946","-0,03274","-0,99230","0,00838","-0,01968","-0,99977",,,Valid,Valid,"234,3","100,5","515,9","292,9","100,4","514,5","296,4","83,5","297,2","90,3","0,5986","0,2939","0,5975","0,2825","0,5998","0,3054",thumbnail_grossTrial,thumbnail_grossTrial.png,1245.0,1080.0,337.0,0.0,798.0,692.0,Unclassified,17.0,231.0,,,,,,
27137,30226221,1400469497508,Eye Tracker,Participant0058,17.09.2021,Participant0058,Recording4,17.09.2021,17.09.2021,14:48:45.713,12:48:45.713,64514,Timeline2,Tobii I-VT (Fixation),1.145.28180,1080,1920,"10,00",698089771.0,,,,,,,,,,,,,,,,,Invalid,Invalid,,,,,,,,,,,,,,,,,thumbnail_grossTrial,thumbnail_grossTrial.png,1245.0,1080.0,337.0,0.0,798.0,692.0,EyesNotFound,8.0,201.0,,,,,,
27138,30234557,1400469505844,Eye Tracker,Participant0058,17.09.2021,Participant0058,Recording4,17.09.2021,17.09.2021,14:48:45.713,12:48:45.713,64514,Timeline2,Tobii I-VT (Fixation),1.145.28180,1080,1920,"10,00",698098107.0,,,1100.0,310.0,1084.0,314.0,1116.0,307.0,"0,12044","-0,02808","-0,99232","0,02513","-0,03199","-0,99917",,,Valid,Valid,"234,3","100,5","515,9","292,9","100,4","514,4","297,0","85,9","305,9","83,9","0,6122","0,2872","0,5992","0,2906","0,6252","0,2838",thumbnail_grossTrial,thumbnail_grossTrial.png,1245.0,1080.0,337.0,0.0,798.0,692.0,Unclassified,17.0,232.0,,,,,,
27139,30242975,1400469514262,Eye Tracker,Participant0058,17.09.2021,Participant0058,Recording4,17.09.2021,17.09.2021,14:48:45.713,12:48:45.713,64514,Timeline2,Tobii I-VT (Fixation),1.145.28180,1080,1920,"10,00",698106525.0,,,1093.0,304.0,1073.0,296.0,1113.0,312.0,"0,11514","-0,03726","-0,99265","0,02366","-0,02929","-0,99929",,,Valid,Valid,"234,3","100,5","516,0","292,9","100,4","514,5","294,1","81,1","305,0","85,3","0,6069","0,2816","0,5909","0,2744","0,6229","0,2887",thumbnail_grossTrial,thumbnail_grossTrial.png,1245.0,1080.0,337.0,0.0,798.0,692.0,Unclassified,17.0,232.0,,,,,,
27140,30251223,1400469522510,Eye Tracker,Participant0058,17.09.2021,Participant0058,Recording4,17.09.2021,17.09.2021,14:48:45.713,12:48:45.713,64514,Timeline2,Tobii I-VT (Fixation),1.145.28180,1080,1920,"10,00",698114772.0,,,,,,,,,,,,,,,,,Invalid,Invalid,,,,,,,,,,,,,,,,,thumbnail_grossTrial,thumbnail_grossTrial.png,1245.0,1080.0,337.0,0.0,798.0,692.0,EyesNotFound,8.0,202.0,,,,,,
27141,30259594,1400469530881,Eye Tracker,Participant0058,17.09.2021,Participant0058,Recording4,17.09.2021,17.09.2021,14:48:45.713,12:48:45.713,64514,Timeline2,Tobii I-VT (Fixation),1.145.28180,1080,1920,"10,00",698123142.0,,,1094.0,299.0,1073.0,299.0,1116.0,299.0,"0,11491","-0,03604","-0,99272","0,02509","-0,03598","-0,99904",,,Valid,Valid,"234,3","100,5","516,0","292,9","100,4","514,4","294,1","81,7","305,8","81,9","0,6079","0,2767","0,5907","0,2765","0,6252","0,2769",thumbnail_grossTrial,thumbnail_grossTrial.png,1245.0,1080.0,337.0,0.0,798.0,692.0,Unclassified,17.0,233.0,,,,,,
27142,30267857,1400469539144,Eye Tracker,Participant0058,17.09.2021,Participant0058,Recording4,17.09.2021,17.09.2021,14:48:45.713,12:48:45.713,64514,Timeline2,Tobii I-VT (Fixation),1.145.28180,1080,1920,"10,00",698131405.0,,,1094.0,302.0,1071.0,303.0,1117.0,301.0,"0,11399","-0,03380","-0,99291","0,02567","-0,03499","-0,99906",,,Valid,Valid,"234,3","100,5","516,0","292,9","100,4","514,4","293,5","82,9","306,1","82,4","0,6075","0,2797","0,5891","0,2805","0,6259","0,2788",thumbnail_grossTrial,thumbnail_grossTrial.png,1245.0,1080.0,337.0,0.0,798.0,692.0,Unclassified,17.0,233.0,,,,,,
27143,30276226,1400469547513,Eye Tracker,Participant0058,17.09.2021,Participant0058,Recording4,17.09.2021,17.09.2021,14:48:45.713,12:48:45.713,64514,Timeline2,Tobii I-VT (Fixation),1.145.28180,1080,1920,"10,00",698139774.0,,,,,,,,,,,,,,,,,Invalid,Invalid,,,,,,,,,,,,,,,,,thumbnail_grossTrial,thumbnail_grossTrial.png,1245.0,1080.0,337.0,0.0,798.0,692.0,EyesNotFound,8.0,203.0,,,,,,
27144,30284593,1400469555880,Eye Tracker,Participant0058,17.09.2021,Participant0058,Recording4,17.09.2021,17.09.2021,14:48:45.713,12:48:45.713,64514,Timeline2,Tobii I-VT (Fixation),1.145.28180,1080,1920,"10,00",698148139.0,,,1089.0,306.0,1067.0,299.0,1111.0,313.0,"0,11181","-0,03591","-0,99308","0,02267","-0,02865","-0,99933",,,Valid,Valid,"234,3","100,5","516,0","292,9","100,4","514,3","292,4","81,8","304,6","85,7","0,6037","0,2833","0,5859","0,2768","0,6215","0,2899",thumbnail_grossTrial,thumbnail_grossTrial.png,1245.0,1080.0,337.0,0.0,798.0,692.0,Unclassified,17.0,234.0,,,,,,
27145,30292888,1400469564175,Eye Tracker,Participant0058,17.09.2021,Participant0058,Recording4,17.09.2021,17.09.2021,14:48:45.713,12:48:45.713,64514,Timeline2,Tobii I-VT (Fixation),1.145.28180,1080,1920,"10,00",698156434.0,,,1091.0,303.0,1068.0,292.0,1114.0,314.0,"0,11272","-0,03983","-0,99283","0,02412","-0,02842","-0,99931",,,Valid,Valid,"234,3","100,5","516,0","292,8","100,5","514,3","292,8","79,8","305,3","85,8","0,6053","0,2802","0,5871","0,2699","0,6235","0,2905",thumbnail_grossTrial,thumbnail_grossTrial.png,1245.0,1080.0,337.0,0.0,798.0,692.0,Unclassified,17.0,234.0,,,,,,
27146,30301188,1400469572475,Eye Tracker,Participant0058,17.09.2021,Participant0058,Recording4,17.09.2021,17.09.2021,14:48:45.713,12:48:45.713,64514,Timeline2,Tobii I-VT (Fixation),1.145.28180,1080,1920,"10,00",698164734.0,,,,,,,,,,,,,,,,,Invalid,Invalid,,,,,,,,,,,,,,,,,thumbnail_grossTrial,thumbnail_grossTrial.png,1245.0,1080.0,337.0,0.0,798.0,692.0,EyesNotFound,8.0,204.0,,,,,,
27147,30309602,1400469580889,Eye Tracker,Participant0058,17.09.2021,Participant0058,Recording4,17.09.2021,17.09.2021,14:48:45.713,12:48:45.713,64514,Timeline2,Tobii I-VT (Fixation),1.145.28180,1080,1920,"10,00",698173147.0,,,1099.0,284.0,1068.0,281.0,1130.0,287.0,"0,11223","-0,04560","-0,99263","0,03292","-0,04266","-0,99855",,,Valid,Valid,"234,3","100,5","516,0","292,9","100,5","514,2","292,7","76,8","309,8","78,5","0,6117","0,2627","0,5866","0,2597","0,6369","0,2657",thumbnail_grossTrial,thumbnail_grossTrial.png,1245.0,1080.0,337.0,0.0,798.0,692.0,Unclassified,17.0,235.0,,,,,,
27148,30317891,1400469589178,Eye Tracker,Participant0058,17.09.2021,Participant0058,Recording4,17.09.2021,17.09.2021,14:48:45.713,12:48:45.713,64514,Timeline2,Tobii I-VT (Fixation),1.145.28180,1080,1920,"10,00",698181435.0,,,1097.0,289.0,1066.0,292.0,1127.0,286.0,"0,11169","-0,03954","-0,99296","0,03125","-0,04329","-0,99857",,,Valid,Valid,"234,3","100,5","516,0","292,8","100,5","514,1","292,3","79,9","308,9","78,2","0,6098","0,2676","0,5855","0,2705","0,6342","0,2647",thumbnail_grossTrial,thumbnail_grossTrial.png,1245.0,1080.0,337.0,0.0,798.0,692.0,Unclassified,17.0,235.0,,,,,,
27149,30326219,1400469597506,Eye Tracker,Participant0058,17.09.2021,Participant0058,Recording4,17.09.2021,17.09.2021,14:48:45.713,12:48:45.713,64514,Timeline2,Tobii I-VT (Fixation),1.145.28180,1080,1920,"10,00",698189763.0,,,,,,,,,,,,,,,,,Invalid,Invalid,,,,,,,,,,,,,,,,,thumbnail_grossTrial,thumbnail_grossTrial.png,1245.0,1080.0,337.0,0.0,798.0,692.0,EyesNotFound,8.0,205.0,,,,,,
27150,30334621,1400469605908,Eye Tracker,Participant0058,17.09.2021,Participant0058,Recording4,17.09.2021,17.09.2021,14:48:45.713,12:48:45.713,64514,Timeline2,Tobii I-VT (Fixation),1.145.28180,1080,1920,"10,00",698198165.0,,,1092.0,300.0,1061.0,295.0,1123.0,304.0,"0,10855","-0,03819","-0,99336","0,02915","-0,03349","-0,99901",,,Valid,Valid,"234,3","100,5","516,0","292,9","100,5","514,0","290,7","80,6","307,9","83,3","0,6060","0,2773","0,5809","0,2728","0,6311","0,2818",thumbnail_grossTrial,thumbnail_grossTrial.png,1245.0,1080.0,337.0,0.0,798.0,692.0,Unclassified,17.0,236.0,,,,,,
27151,30342940,1400469614227,Eye Tracker,Participant0058,17.09.2021,Participant0058,Recording4,17.09.2021,17.09.2021,14:48:45.713,12:48:45.713,64514,Timeline2,Tobii I-VT (Fixation),1.145.28180,1080,1920,"10,00",698206482.0,,,1095.0,296.0,1066.0,287.0,1124.0,305.0,"0,11120","-0,04199","-0,99291","0,02963","-0,03323","-0,99901",,,Valid,Valid,"234,3","100,5","516,0","292,8","100,6","514,0","292,1","78,7","308,1","83,5","0,6083","0,2743","0,5848","0,2661","0,6318","0,2825",thumbnail_grossTrial,thumbnail_grossTrial.png,1245.0,1080.0,337.0,0.0,798.0,692.0,Unclassified,17.0,236.0,,,,,,
27152,30351218,1400469622505,Eye Tracker,Participant0058,17.09.2021,Participant0058,Recording4,17.09.2021,17.09.2021,14:48:45.713,12:48:45.713,64514,Timeline2,Tobii I-VT (Fixation),1.145.28180,1080,1920,"10,00",698214760.0,,,,,,,,,,,,,,,,,Invalid,Invalid,,,,,,,,,,,,,,,,,thumbnail_grossTrial,thumbnail_grossTrial.png,1245.0,1080.0,337.0,0.0,798.0,692.0,EyesNotFound,8.0,206.0,,,,,,
27153,30359608,1400469630895,Eye Tracker,Participant0058,17.09.2021,Participant0058,Recording4,17.09.2021,17.09.2021,14:48:45.713,12:48:45.713,64514,Timeline2,Tobii I-VT (Fixation),1.145.28180,1080,1920,"10,00",698223150.0,,,1090.0,296.0,1062.0,281.0,1117.0,311.0,"0,10933","-0,04541","-0,99297","0,02585","-0,02997","-0,99922",,,Valid,Valid,"234,4","100,5","515,9","292,9","100,6","513,8","291,2","76,9","306,2","85,2","0,6042","0,2741","0,5822","0,2601","0,6262","0,2882",thumbnail_grossTrial,thumbnail_grossTrial.png,1245.0,1080.0,337.0,0.0,798.0,692.0,Unclassified,17.0,237.0,,,,,,
27154,30367884,1400469639171,Eye Tracker,Participant0058,17.09.2021,Participant0058,Recording4,17.09.2021,17.09.2021,14:48:45.713,12:48:45.713,64514,Timeline2,Tobii I-VT (Fixation),1.145.28180,1080,1920,"10,00",698231425.0,,,1086.0,311.0,1047.0,303.0,1125.0,319.0,"0,10127","-0,03390","-0,99428","0,03019","-0,02617","-0,99920",,,Valid,Valid,"234,3","100,5","515,9","292,8","100,6","513,8","286,8","82,9","308,4","87,2","0,6011","0,2877","0,5695","0,2805","0,6326","0,2950",thumbnail_grossTrial,thumbnail_grossTrial.png,1245.0,1080.0,337.0,0.0,798.0,692.0,Unclassified,17.0,237.0,,,,,,
27155,30376223,1400469647510,Eye Tracker,Participant0058,17.09.2021,Participant0058,Recording4,17.09.2021,17.09.2021,14:48:45.713,12:48:45.713,64514,Timeline2,Tobii I-VT (Fixation),1.145.28180,1080,1920,"10,00",698239763.0,,,,,,,,,,,,,,,,,Invalid,Invalid,,,,,,,,,,,,,,,,,thumbnail_grossTrial,thumbnail_grossTrial.png,1245.0,1080.0,337.0,0.0,798.0,692.0,EyesNotFound,8.0,207.0,,,,,,
27156,30384558,1400469655845,Eye Tracker,Participant0058,17.09.2021,Participant0058,Recording4,17.09.2021,17.09.2021,14:48:45.713,12:48:45.713,64514,Timeline2,Tobii I-VT (Fixation),1.145.28180,1080,1920,"10,00",698248098.0,,,1096.0,316.0,1063.0,326.0,1130.0,307.0,"0,10968","-0,02192","-0,99373","0,03250","-0,03246","-0,99894",,,Valid,Valid,"234,4","100,5","515,9","292,9","100,6","513,7","291,3","89,1","309,6","84,0","0,6094","0,2927","0,5826","0,3014","0,6362","0,2841",thumbnail_grossTrial,thumbnail_grossTrial.png,1245.0,1080.0,337.0,0.0,798.0,692.0,Unclassified,17.0,238.0,,,,,,
27157,30392884,1400469664171,Eye Tracker,Participant0058,17.09.2021,Participant0058,Recording4,17.09.2021,17.09.2021,14:48:45.713,12:48:45.713,64514,Timeline2,Tobii I-VT (Fixation),1.145.28180,1080,1920,"10,00",698256424.0,,,1095.0,313.0,1068.0,319.0,1122.0,308.0,"0,11251","-0,02525","-0,99333","0,02858","-0,03206","-0,99908",,,Valid,Valid,"234,3","100,5","515,9","292,8","100,7","513,7","292,7","87,4","307,5","84,2","0,6084","0,2903","0,5868","0,2956","0,6301","0,2849",thumbnail_grossTrial,thumbnail_grossTrial.png,1245.0,1080.0,337.0,0.0,798.0,692.0,Unclassified,17.0,238.0,,,,,,
27158,30401213,1400469672500,Eye Tracker,Participant0058,17.09.2021,Participant0058,Recording4,17.09.2021,17.09.2021,14:48:45.713,12:48:45.713,64514,Timeline2,Tobii I-VT (Fixation),1.145.28180,1080,1920,"10,00",698264751.0,,,,,,,,,,,,,,,,,Invalid,Invalid,,,,,,,,,,,,,,,,,thumbnail_grossTrial,thumbnail_grossTrial.png,1245.0,1080.0,337.0,0.0,798.0,692.0,EyesNotFound,8.0,208.0,,,,,,
27159,30409547,1400469680834,Eye Tracker,Participant0058,17.09.2021,Participant0058,Recording4,17.09.2021,17.09.2021,14:48:45.713,12:48:45.713,64514,Timeline2,Tobii I-VT (Fixation),1.145.28180,1080,1920,"10,00",698273085.0,,,1094.0,306.0,1064.0,303.0,1124.0,309.0,"0,11040","-0,03356","-0,99332","0,02970","-0,03148","-0,99906",,,Valid,Valid,"234,3","100,5","515,9","292,8","100,7","513,6","291,7","83,0","308,1","84,5","0,6078","0,2835","0,5837","0,2810","0,6318","0,2860",thumbnail_grossTrial,thumbnail_grossTrial.png,1245.0,1080.0,337.0,0.0,798.0,692.0,Unclassified,17.0,239.0,,,,,,
27160,30417892,1400469689179,Eye Tracker,Participant0058,17.09.2021,Participant0058,Recording4,17.09.2021,17.09.2021,14:48:45.713,12:48:45.713,64514,Timeline2,Tobii I-VT (Fixation),1.145.28180,1080,1920,"10,00",698281430.0,,,1099.0,299.0,1064.0,297.0,1135.0,302.0,"0,11043","-0,03721","-0,99319","0,03542","-0,03525","-0,99875",,,Valid,Valid,"234,2","100,5","515,9","292,8","100,7","513,6","291,6","81,2","311,0","82,6","0,6119","0,2771","0,5835","0,2746","0,6403","0,2795",thumbnail_grossTrial,thumbnail_grossTrial.png,1245.0,1080.0,337.0,0.0,798.0,692.0,Unclassified,17.0,239.0,,,,,,
27161,30426197,1400469697484,Eye Tracker,Participant0058,17.09.2021,Participant0058,Recording4,17.09.2021,17.09.2021,14:48:45.713,12:48:45.713,64514,Timeline2,Tobii I-VT (Fixation),1.145.28180,1080,1920,"10,00",698289734.0,,,,,,,,,,,,,,,,,Invalid,Invalid,,,,,,,,,,,,,,,,,thumbnail_grossTrial,thumbnail_grossTrial.png,1245.0,1080.0,337.0,0.0,798.0,692.0,EyesNotFound,8.0,209.0,,,,,,
27162,30434558,1400469705845,Eye Tracker,Participant0058,17.09.2021,Participant0058,Recording4,17.09.2021,17.09.2021,14:48:45.713,12:48:45.713,64514,Timeline2,Tobii I-VT (Fixation),1.145.28180,1080,1920,"10,00",698298094.0,,,1094.0,290.0,1056.0,278.0,1132.0,301.0,"0,10610","-0,04695","-0,99325","0,03364","-0,03569","-0,99880",,,Valid,Valid,"234,3","100,5","515,9","292,8","100,7","513,5","289,4","76,1","310,1","82,4","0,6074","0,2681","0,5771","0,2575","0,6377","0,2787",thumbnail_grossTrial,thumbnail_grossTrial.png,1245.0,1080.0,337.0,0.0,798.0,692.0,Unclassified,17.0,240.0,,,,,,
27163,30442885,1400469714172,Eye Tracker,Participant0058,17.09.2021,Participant0058,Recording4,17.09.2021,17.09.2021,14:48:45.713,12:48:45.713,64514,Timeline2,Tobii I-VT (Fixation),1.145.28180,1080,1920,"10,00",698306421.0,,,1087.0,301.0,1051.0,294.0,1123.0,307.0,"0,10361","-0,03869","-0,99387","0,02941","-0,03234","-0,99904",,,Valid,Valid,"234,2","100,5","516,0","292,8","100,8","513,6","288,0","80,4","307,9","84,1","0,6021","0,2784","0,5730","0,2721","0,6312","0,2846",thumbnail_grossTrial,thumbnail_grossTrial.png,1245.0,1080.0,337.0,0.0,798.0,692.0,Unclassified,17.0,240.0,,,,,,
27164,30451216,1400469722503,Eye Tracker,Participant0058,17.09.2021,Participant0058,Recording4,17.09.2021,17.09.2021,14:48:45.713,12:48:45.713,64514,Timeline2,Tobii I-VT (Fixation),1.145.28180,1080,1920,"10,00",698314751.0,,,,,,,,,,,,,,,,,Invalid,Invalid,,,,,,,,,,,,,,,,,thumbnail_grossTrial,thumbnail_grossTrial.png,1245.0,1080.0,337.0,0.0,798.0,692.0,EyesNotFound,8.0,210.0,,,,,,
27165,30459634,1400469730921,Eye Tracker,Participant0058,17.09.2021,Participant0058,Recording4,17.09.2021,17.09.2021,14:48:45.713,12:48:45.713,64514,Timeline2,Tobii I-VT (Fixation),1.145.28180,1080,1920,"10,00",698323169.0,,,1073.0,326.0,1057.0,310.0,1088.0,342.0,"0,10670","-0,03008","-0,99384","0,01047","-0,01382","-0,99985",,,Valid,Valid,"234,3","100,5","515,9","292,8","100,7","513,6","289,7","84,9","298,2","93,6","0,5904","0,3020","0,5780","0,2872","0,6029","0,3168",thumbnail_grossTrial,thumbnail_grossTrial.png,1245.0,1080.0,337.0,0.0,798.0,692.0,Unclassified,17.0,241.0,,,,,,
27166,30467930,1400469739217,Eye Tracker,Participant0058,17.09.2021,Participant0058,Recording4,17.09.2021,17.09.2021,14:48:45.713,12:48:45.713,64514,Timeline2,Tobii I-VT (Fixation),1.145.28180,1080,1920,"10,00",698331464.0,,,1073.0,326.0,1059.0,310.0,1088.0,342.0,"0,10773","-0,03034","-0,99372","0,01057","-0,01385","-0,99985",,,Valid,Valid,"234,3","100,5","516,0","292,8","100,7","513,6","290,2","84,8","298,2","93,6","0,5911","0,3018","0,5794","0,2868","0,6029","0,3168",thumbnail_grossTrial,thumbnail_grossTrial.png,1245.0,1080.0,337.0,0.0,798.0,692.0,Unclassified,17.0,241.0,,,,,,
27167,30476211,1400469747498,Eye Tracker,Participant0058,17.09.2021,Participant0058,Recording4,17.09.2021,17.09.2021,14:48:45.713,12:48:45.713,64514,Timeline2,Tobii I-VT (Fixation),1.145.28180,1080,1920,"10,00",698339745.0,,,,,,,,,,,,,,,,,Invalid,Invalid,,,,,,,,,,,,,,,,,thumbnail_grossTrial,thumbnail_grossTrial.png,1245.0,1080.0,337.0,0.0,798.0,692.0,EyesNotFound,8.0,211.0,,,,,,
27168,30484552,1400469755839,Eye Tracker,Participant0058,17.09.2021,Participant0058,Recording4,17.09.2021,17.09.2021,14:48:45.713,12:48:45.713,64514,Timeline2,Tobii I-VT (Fixation),1.145.28180,1080,1920,"10,00",698348085.0,,,1101.0,312.0,1061.0,310.0,1141.0,314.0,"0,10859","-0,03012","-0,99363","0,03849","-0,02844","-0,99885",,,Valid,Valid,"234,4","100,5","515,9","292,9","100,7","513,6","290,7","84,9","312,7","86,0","0,6131","0,2891","0,5810","0,2871","0,6452","0,2911",thumbnail_grossTrial,thumbnail_grossTrial.png,1245.0,1080.0,337.0,0.0,798.0,692.0,Unclassified,17.0,242.0,,,,,,
27169,30492945,1400469764232,Eye Tracker,Participant0058,17.09.2021,Participant0058,Recording4,17.09.2021,17.09.2021,14:48:45.713,12:48:45.713,64514,Timeline2,Tobii I-VT (Fixation),1.145.28180,1080,1920,"10,00",698356477.0,,,1094.0,311.0,1057.0,314.0,1130.0,308.0,"0,10679","-0,02825","-0,99388","0,03299","-0,03176","-0,99895",,,Valid,Valid,"234,3","100,5","515,9","292,8","100,7","513,7","289,7","85,9","309,8","84,4","0,6074","0,2879","0,5780","0,2905","0,6368","0,2854",thumbnail_grossTrial,thumbnail_grossTrial.png,1245.0,1080.0,337.0,0.0,798.0,692.0,Unclassified,17.0,242.0,,,,,,
27170,30501180,1400469772467,Eye Tracker,Participant0058,17.09.2021,Participant0058,Recording4,17.09.2021,17.09.2021,14:48:45.713,12:48:45.713,64514,Timeline2,Tobii I-VT (Fixation),1.145.28180,1080,1920,"10,00",698364712.0,,,,,,,,,,,,,,,,,Invalid,Invalid,,,,,,,,,,,,,,,,,thumbnail_grossTrial,thumbnail_grossTrial.png,1245.0,1080.0,337.0,0.0,798.0,692.0,EyesNotFound,8.0,212.0,,,,,,
27171,30509545,1400469780832,Eye Tracker,Participant0058,17.09.2021,Participant0058,Recording4,17.09.2021,17.09.2021,14:48:45.713,12:48:45.713,64514,Timeline2,Tobii I-VT (Fixation),1.145.28180,1080,1920,"10,00",698373076.0,,,1093.0,315.0,1061.0,328.0,1126.0,302.0,"0,10859","-0,02052","-0,99387","0,03073","-0,03474","-0,99892",,,Valid,Valid,"234,4","100,5","515,9","292,9","100,6","513,7","290,7","89,9","308,7","82,8","0,6072","0,2920","0,5809","0,3040","0,6335","0,2800",thumbnail_grossTrial,thumbnail_grossTrial.png,1245.0,1080.0,337.0,0.0,798.0,692.0,Unclassified,17.0,243.0,,,,,,
27172,30517880,1400469789167,Eye Tracker,Participant0058,17.09.2021,Participant0058,Recording4,17.09.2021,17.09.2021,14:48:45.713,12:48:45.713,64514,Timeline2,Tobii I-VT (Fixation),1.145.28180,1080,1920,"10,00",698381411.0,,,1094.0,300.0,1062.0,305.0,1126.0,295.0,"0,10950","-0,03286","-0,99344","0,03096","-0,03877","-0,99877",,,Valid,Valid,"234,3","100,5","515,9","292,8","100,6","513,8","291,1","83,5","308,7","80,7","0,6079","0,2777","0,5821","0,2824","0,6337","0,2730",thumbnail_grossTrial,thumbnail_grossTrial.png,1245.0,1080.0,337.0,0.0,798.0,692.0,Unclassified,17.0,243.0,,,,,,
27173,30526181,1400469797468,Eye Tracker,Participant0058,17.09.2021,Participant0058,Recording4,17.09.2021,17.09.2021,14:48:45.713,12:48:45.713,64514,Timeline2,Tobii I-VT (Fixation),1.145.28180,1080,1920,"10,00",698389711.0,,,,,,,,,,,,,,,,,Invalid,Invalid,,,,,,,,,,,,,,,,,thumbnail_grossTrial,thumbnail_grossTrial.png,1245.0,1080.0,337.0,0.0,798.0,692.0,EyesNotFound,8.0,213.0,,,,,,
27174,30534654,1400469805941,Eye Tracker,Participant0058,17.09.2021,Participant0058,Recording4,17.09.2021,17.09.2021,14:48:45.713,12:48:45.713,64514,Timeline2,Tobii I-VT (Fixation),1.145.28180,1080,1920,"10,00",698398183.0,,,1096.0,301.0,1070.0,305.0,1122.0,296.0,"0,11340","-0,03293","-0,99300","0,02842","-0,03785","-0,99888",,,Valid,Valid,"234,3","100,5","515,8","292,8","100,6","513,8","293,2","83,4","307,4","81,1","0,6091","0,2784","0,5882","0,2823","0,6299","0,2744",thumbnail_grossTrial,thumbnail_grossTrial.png,1245.0,1080.0,337.0,0.0,798.0,692.0,Unclassified,17.0,244.0,,,,,,
27175,30542876,1400469814163,Eye Tracker,Participant0058,17.09.2021,Participant0058,Recording4,17.09.2021,17.09.2021,14:48:45.713,12:48:45.713,64514,Timeline2,Tobii I-VT (Fixation),1.145.28180,1080,1920,"10,00",698406405.0,,,1097.0,304.0,1071.0,315.0,1122.0,292.0,"0,11439","-0,02761","-0,99305","0,02852","-0,04013","-0,99879",,,Valid,Valid,"234,2","100,5","515,8","292,8","100,6","513,8","293,7","86,2","307,4","80,0","0,6097","0,2811","0,5895","0,2916","0,6298","0,2705",thumbnail_grossTrial,thumbnail_grossTrial.png,1245.0,1080.0,337.0,0.0,798.0,692.0,Unclassified,17.0,244.0,,,,,,
27176,30551177,1400469822464,Eye Tracker,Participant0058,17.09.2021,Participant0058,Recording4,17.09.2021,17.09.2021,14:48:45.713,12:48:45.713,64514,Timeline2,Tobii I-VT (Fixation),1.145.28180,1080,1920,"10,00",698414706.0,,,,,,,,,,,,,,,,,Invalid,Invalid,,,,,,,,,,,,,,,,,thumbnail_grossTrial,thumbnail_grossTrial.png,1245.0,1080.0,337.0,0.0,798.0,692.0,EyesNotFound,8.0,214.0,,,,,,
27177,30559601,1400469830888,Eye Tracker,Participant0058,17.09.2021,Participant0058,Recording4,17.09.2021,17.09.2021,14:48:45.713,12:48:45.713,64514,Timeline2,Tobii I-VT (Fixation),1.145.28180,1080,1920,"10,00",698423129.0,,,1075.0,324.0,1071.0,313.0,1079.0,334.0,"0,11392","-0,02844","-0,99308","0,00586","-0,01796","-0,99982",,,Valid,Valid,"234,3","100,6","515,7","292,8","100,6","513,8","293,5","85,8","295,8","91,3","0,5924","0,2996","0,5889","0,2902","0,5958","0,3090",thumbnail_grossTrial,thumbnail_grossTrial.png,1245.0,1080.0,337.0,0.0,798.0,692.0,Unclassified,17.0,245.0,,,,,,
27178,30567877,1400469839164,Eye Tracker,Participant0058,17.09.2021,Participant0058,Recording4,17.09.2021,17.09.2021,14:48:45.713,12:48:45.713,64514,Timeline2,Tobii I-VT (Fixation),1.145.28180,1080,1920,"10,00",698431404.0,,,1088.0,315.0,1074.0,305.0,1102.0,324.0,"0,11566","-0,03270","-0,99275","0,01785","-0,02338","-0,99957",,,Valid,Valid,"234,2","100,6","515,7","292,8","100,6","513,9","294,3","83,6","301,9","88,6","0,6026","0,2912","0,5915","0,2828","0,6137","0,2996",thumbnail_grossTrial,thumbnail_grossTrial.png,1245.0,1080.0,337.0,0.0,798.0,692.0,Unclassified,17.0,245.0,,,,,,
27179,30576210,1400469847497,Eye Tracker,Participant0058,17.09.2021,Participant0058,Recording4,17.09.2021,17.09.2021,14:48:45.713,12:48:45.713,64514,Timeline2,Tobii I-VT (Fixation),1.145.28180,1080,1920,"10,00",698439737.0,,,,,,,,,,,,,,,,,Invalid,Invalid,,,,,,,,,,,,,,,,,thumbnail_grossTrial,thumbnail_grossTrial.png,1245.0,1080.0,337.0,0.0,798.0,692.0,EyesNotFound,8.0,215.0,,,,,,
27180,30584541,1400469855828,Eye Tracker,Participant0058,17.09.2021,Participant0058,Recording4,17.09.2021,17.09.2021,14:48:45.713,12:48:45.713,64514,Timeline2,Tobii I-VT (Fixation),1.145.28180,1080,1920,"10,00",698448068.0,,,1091.0,307.0,1074.0,303.0,1108.0,310.0,"0,11576","-0,03395","-0,99270","0,02107","-0,03039","-0,99932",,,Valid,Valid,"234,3","100,6","515,7","292,8","100,5","513,8","294,4","82,9","303,6","84,9","0,6053","0,2840","0,5918","0,2806","0,6188","0,2873",thumbnail_grossTrial,thumbnail_grossTrial.png,1245.0,1080.0,337.0,0.0,798.0,692.0,Unclassified,17.0,246.0,,,,,,
27181,30592874,1400469864161,Eye Tracker,Participant0058,17.09.2021,Participant0058,Recording4,17.09.2021,17.09.2021,14:48:45.713,12:48:45.713,64514,Timeline2,Tobii I-VT (Fixation),1.145.28180,1080,1920,"10,00",698456399.0,,,1098.0,308.0,1075.0,304.0,1121.0,311.0,"0,11646","-0,03360","-0,99263","0,02814","-0,02990","-0,99916",,,Valid,Valid,"234,3","100,6","515,7","292,8","100,6","513,9","294,8","83,1","307,2","85,2","0,6110","0,2848","0,5927","0,2813","0,6293","0,2883",thumbnail_grossTrial,thumbnail_grossTrial.png,1245.0,1080.0,337.0,0.0,798.0,692.0,Unclassified,17.0,246.0,,,,,,
27182,30601205,1400469872492,Eye Tracker,Participant0058,17.09.2021,Participant0058,Recording4,17.09.2021,17.09.2021,14:48:45.713,12:48:45.713,64514,Timeline2,Tobii I-VT (Fixation),1.145.28180,1080,1920,"10,00",698464730.0,,,,,,,,,,,,,,,,,Invalid,Invalid,,,,,,,,,,,,,,,,,thumbnail_grossTrial,thumbnail_grossTrial.png,1245.0,1080.0,337.0,0.0,798.0,692.0,EyesNotFound,8.0,216.0,,,,,,
27183,30609547,1400469880834,Eye Tracker,Participant0058,17.09.2021,Participant0058,Recording4,17.09.2021,17.09.2021,14:48:45.713,12:48:45.713,64514,Timeline2,Tobii I-VT (Fixation),1.145.28180,1080,1920,"10,00",698473072.0,,,1094.0,311.0,1072.0,308.0,1116.0,314.0,"0,11457","-0,03136","-0,99292","0,02554","-0,02819","-0,99928",,,Valid,Valid,"234,3","100,6","515,6","292,8","100,6","513,8","293,8","84,3","305,9","86,1","0,6077","0,2882","0,5899","0,2853","0,6254","0,2912",thumbnail_grossTrial,thumbnail_grossTrial.png,1245.0,1080.0,337.0,0.0,798.0,692.0,Unclassified,17.0,247.0,,,,,,
27184,30617870,1400469889157,Eye Tracker,Participant0058,17.09.2021,Participant0058,Recording4,17.09.2021,17.09.2021,14:48:45.713,12:48:45.713,64514,Timeline2,Tobii I-VT (Fixation),1.145.28180,1080,1920,"10,00",698481394.0,,,1055.0,308.0,1034.0,316.0,1077.0,301.0,"0,09519","-0,02747","-0,99508","0,00513","-0,03560","-0,99935",,,Valid,Valid,"234,1","100,6","515,7","292,5","100,6","513,8","283,4","86,4","295,1","82,2","0,5766","0,2853","0,5594","0,2922","0,5938","0,2783",thumbnail_grossTrial,thumbnail_grossTrial.png,1245.0,1080.0,337.0,0.0,798.0,692.0,Unclassified,17.0,247.0,,,,,,
27185,30626244,1400469897531,Eye Tracker,Participant0058,17.09.2021,Participant0058,Recording4,17.09.2021,17.09.2021,14:48:45.713,12:48:45.713,64514,Timeline2,Tobii I-VT (Fixation),1.145.28180,1080,1920,"10,00",698489767.0,,,,,,,,,,,,,,,,,Invalid,Invalid,,,,,,,,,,,,,,,,,thumbnail_grossTrial,thumbnail_grossTrial.png,1245.0,1080.0,337.0,0.0,798.0,692.0,EyesNotFound,8.0,217.0,,,,,,
27186,30634518,1400469905805,Eye Tracker,Participant0058,17.09.2021,Participant0058,Recording4,17.09.2021,17.09.2021,14:48:45.713,12:48:45.713,64514,Timeline2,Tobii I-VT (Fixation),1.145.28180,1080,1920,"10,00",698498041.0,,,1010.0,295.0,952.0,293.0,1068.0,296.0,"0,05294","-0,03943","-0,99782","0,00159","-0,03794","-0,99928",,,Valid,Valid,"233,6","100,6","515,6","291,8","100,6","513,7","260,9","80,3","292,6","81,1","0,5401","0,2729","0,4936","0,2715","0,5865","0,2743",thumbnail_grossTrial,thumbnail_grossTrial.png,1245.0,1080.0,337.0,0.0,798.0,692.0,Saccade,42.0,106.0,,,,,,
27187,30642864,1400469914151,Eye Tracker,Participant0058,17.09.2021,Participant0058,Recording4,17.09.2021,17.09.2021,14:48:45.713,12:48:45.713,64514,Timeline2,Tobii I-VT (Fixation),1.145.28180,1080,1920,"10,00",698506386.0,,,732.0,257.0,708.0,253.0,755.0,260.0,"-0,07565","-0,06053","-0,99530","-0,16208","-0,05607","-0,98518",,,Valid,Valid,"233,2","100,6","515,6","291,5","100,5","513,8","194,1","69,2","207,0","71,3","0,3167","0,2377","0,2977","0,2341","0,3356","0,2412",thumbnail_grossTrial,thumbnail_grossTrial.png,1245.0,1080.0,337.0,0.0,798.0,692.0,Saccade,42.0,106.0,,,,,,
27188,30651204,1400469922491,Eye Tracker,Participant0058,17.09.2021,Participant0058,Recording4,17.09.2021,17.09.2021,14:48:45.713,12:48:45.713,64514,Timeline2,Tobii I-VT (Fixation),1.145.28180,1080,1920,"10,00",698514725.0,,,695.0,254.0,695.0,254.0,,,"-0,08228","-0,05965","-0,99482",,,,"5,45",,Valid,Invalid,"233,1","100,5","515,7",,,,"190,5","69,6",,,"0,2873","0,2355","0,2873","0,2355",,,thumbnail_grossTrial,thumbnail_grossTrial.png,1245.0,1080.0,337.0,0.0,798.0,692.0,Saccade,42.0,106.0,,,,,,
27189,30659541,1400469930828,Eye Tracker,Participant0058,17.09.2021,Participant0058,Recording4,17.09.2021,17.09.2021,14:48:45.713,12:48:45.713,64514,Timeline2,Tobii I-VT (Fixation),1.145.28180,1080,1920,"10,00",698523062.0,,,696.0,244.0,683.0,256.0,709.0,232.0,"-0,08852","-0,05878","-0,99434","-0,18545","-0,07095","-0,98009",,,Valid,Valid,"233,2","100,6","515,7","291,4","100,6","513,7","187,3","70,1","194,2","63,4","0,2880","0,2259","0,2778","0,2373","0,2981","0,2145",thumbnail_grossTrial,thumbnail_grossTrial.png,1245.0,1080.0,337.0,0.0,798.0,692.0,Saccade,42.0,106.0,,,,,,
27190,30667868,1400469939155,Eye Tracker,Participant0058,17.09.2021,Participant0058,Recording4,17.09.2021,17.09.2021,14:48:45.713,12:48:45.713,64514,Timeline2,Tobii I-VT (Fixation),1.145.28180,1080,1920,"10,00",698531389.0,,,667.0,244.0,650.0,252.0,684.0,235.0,"-0,10589","-0,06080","-0,99252","-0,19776","-0,06877","-0,97784",,,Valid,Valid,"233,1","100,6","515,7","291,3","100,6","513,7","178,1","69,0","187,4","64,4","0,2646","0,2256","0,2508","0,2333","0,2783","0,2180",thumbnail_grossTrial,thumbnail_grossTrial.png,1245.0,1080.0,337.0,0.0,798.0,692.0,Saccade,42.0,106.0,,,,,,
27191,30676174,1400469947461,Eye Tracker,Participant0058,17.09.2021,Participant0058,Recording4,17.09.2021,17.09.2021,14:48:45.713,12:48:45.713,64514,Timeline2,Tobii I-VT (Fixation),1.145.28180,1080,1920,"10,00",698539694.0,,,,,,,,,,,,,,,,,Invalid,Invalid,,,,,,,,,,,,,,,,,thumbnail_grossTrial,thumbnail_grossTrial.png,1245.0,1080.0,337.0,0.0,798.0,692.0,EyesNotFound,8.0,218.0,,,,,,
27192,30684536,1400469955823,Eye Tracker,Participant0058,17.09.2021,Participant0058,Recording4,17.09.2021,17.09.2021,14:48:45.713,12:48:45.713,64514,Timeline2,Tobii I-VT (Fixation),1.145.28180,1080,1920,"10,00",698548055.0,,,667.0,233.0,,,667.0,233.0,,,,"-0,20621","-0,06989","-0,97601",,,Invalid,Valid,,,,"291,4","100,6","513,7",,,"182,9","63,8","0,2649","0,2159",,,"0,2649","0,2159",thumbnail_grossTrial,thumbnail_grossTrial.png,1245.0,1080.0,337.0,0.0,798.0,692.0,Unclassified,17.0,248.0,,,,,,
27193,30692866,1400469964153,Eye Tracker,Participant0058,17.09.2021,Participant0058,Recording4,17.09.2021,17.09.2021,14:48:45.713,12:48:45.713,64514,Timeline2,Tobii I-VT (Fixation),1.145.28180,1080,1920,"10,00",698556385.0,,,660.0,254.0,666.0,262.0,655.0,245.0,"-0,09748","-0,05557","-0,99368","-0,21222","-0,06353","-0,97515",,,Valid,Valid,"233,1","100,5","515,8","291,4","100,5","513,8","182,5","71,7","179,6","67,1","0,2595","0,2347","0,2637","0,2426","0,2552","0,2269",thumbnail_grossTrial,thumbnail_grossTrial.png,1245.0,1080.0,337.0,0.0,798.0,692.0,Unclassified,17.0,248.0,,,,,,
27194,30701200,1400469972487,Eye Tracker,Participant0058,17.09.2021,Participant0058,Recording4,17.09.2021,17.09.2021,14:48:45.713,12:48:45.713,64514,Timeline2,Tobii I-VT (Fixation),1.145.28180,1080,1920,"10,00",698564718.0,,,,,,,,,,,,,,,,,Invalid,Invalid,,,,,,,,,,,,,,,,,thumbnail_grossTrial,thumbnail_grossTrial.png,1245.0,1080.0,337.0,0.0,798.0,692.0,EyesNotFound,8.0,219.0,,,,,,
27195,30709560,1400469980847,Eye Tracker,Participant0058,17.09.2021,Participant0058,Recording4,17.09.2021,17.09.2021,14:48:45.713,12:48:45.713,64514,Timeline2,Tobii I-VT (Fixation),1.145.28180,1080,1920,"10,00",698573077.0,,,655.0,251.0,,,655.0,251.0,,,,"-0,21228","-0,06040","-0,97534",,,Invalid,Valid,,,,"291,4","100,6","513,8",,,"179,6","68,8","0,2553","0,2327",,,"0,2553","0,2327",thumbnail_grossTrial,thumbnail_grossTrial.png,1245.0,1080.0,337.0,0.0,798.0,692.0,Unclassified,17.0,249.0,,,,,,
27196,30717871,1400469989158,Eye Tracker,Participant0058,17.09.2021,Participant0058,Recording4,17.09.2021,17.09.2021,14:48:45.713,12:48:45.713,64514,Timeline2,Tobii I-VT (Fixation),1.145.28180,1080,1920,"10,00",698581388.0,,,656.0,273.0,659.0,298.0,652.0,249.0,"-0,10086","-0,03674","-0,99422","-0,21384","-0,06173","-0,97492",,,Valid,Valid,"233,0","100,5","515,7","291,3","100,6","513,7","180,7","81,5","178,7","68,0","0,2556","0,2529","0,2585","0,2757","0,2526","0,2302",thumbnail_grossTrial,thumbnail_grossTrial.png,1245.0,1080.0,337.0,0.0,798.0,692.0,Unclassified,17.0,249.0,,,,,,
27197,30726249,1400469997536,Eye Tracker,Participant0058,17.09.2021,Participant0058,Recording4,17.09.2021,17.09.2021,14:48:45.713,12:48:45.713,64514,Timeline2,Tobii I-VT (Fixation),1.145.28180,1080,1920,"10,00",698589766.0,,,,,,,,,,,,,,,,,Invalid,Invalid,,,,,,,,,,,,,,,,,thumbnail_grossTrial,thumbnail_grossTrial.png,1245.0,1080.0,337.0,0.0,798.0,692.0,EyesNotFound,8.0,220.0,,,,,,
27198,30734544,1400470005831,Eye Tracker,Participant0058,17.09.2021,Participant0058,Recording4,17.09.2021,17.09.2021,14:48:45.713,12:48:45.713,64514,Timeline2,Tobii I-VT (Fixation),1.145.28180,1080,1920,"10,00",698598060.0,,,641.0,256.0,624.0,257.0,659.0,255.0,"-0,11917","-0,05800","-0,99118","-0,21061","-0,05875","-0,97580",,,Valid,Valid,"233,1","100,6","515,7","291,4","100,6","513,7","171,1","70,4","180,5","69,7","0,2442","0,2370","0,2303","0,2383","0,2580","0,2357",thumbnail_grossTrial,thumbnail_grossTrial.png,1245.0,1080.0,337.0,0.0,798.0,692.0,Unclassified,17.0,250.0,,,,,,
27199,30742868,1400470014155,Eye Tracker,Participant0058,17.09.2021,Participant0058,Recording4,17.09.2021,17.09.2021,14:48:45.713,12:48:45.713,64514,Timeline2,Tobii I-VT (Fixation),1.145.28180,1080,1920,"10,00",698606383.0,,,641.0,261.0,624.0,262.0,658.0,261.0,"-0,11894","-0,05547","-0,99135","-0,21060","-0,05561","-0,97599",,,Valid,Valid,"233,0","100,5","515,7","291,3","100,6","513,6","171,1","71,7","180,5","71,3","0,2442","0,2419","0,2304","0,2425","0,2579","0,2412",thumbnail_grossTrial,thumbnail_grossTrial.png,1245.0,1080.0,337.0,0.0,798.0,692.0,Unclassified,17.0,250.0,,,,,,
27200,30751174,1400470022461,Eye Tracker,Participant0058,17.09.2021,Participant0058,Recording4,17.09.2021,17.09.2021,14:48:45.713,12:48:45.713,64514,Timeline2,Tobii I-VT (Fixation),1.145.28180,1080,1920,"10,00",698614689.0,,,,,,,,,,,,,,,,,Invalid,Invalid,,,,,,,,,,,,,,,,,thumbnail_grossTrial,thumbnail_grossTrial.png,1245.0,1080.0,337.0,0.0,798.0,692.0,EyesNotFound,8.0,221.0,,,,,,
27201,30759542,1400470030829,Eye Tracker,Participant0058,17.09.2021,Participant0058,Recording4,17.09.2021,17.09.2021,14:48:45.713,12:48:45.713,64514,Timeline2,Tobii I-VT (Fixation),1.145.28180,1080,1920,"10,00",698623056.0,,,639.0,263.0,622.0,262.0,657.0,264.0,"-0,12046","-0,05530","-0,99118","-0,21142","-0,05408","-0,97590",,,Valid,Valid,"233,1","100,6","515,7","291,4","100,6","513,6","170,4","71,8","180,1","72,2","0,2426","0,2436","0,2284","0,2430","0,2568","0,2442",thumbnail_grossTrial,thumbnail_grossTrial.png,1245.0,1080.0,337.0,0.0,798.0,692.0,Unclassified,17.0,251.0,,,,,,
27202,30767864,1400470039151,Eye Tracker,Participant0058,17.09.2021,Participant0058,Recording4,17.09.2021,17.09.2021,14:48:45.713,12:48:45.713,64514,Timeline2,Tobii I-VT (Fixation),1.145.28180,1080,1920,"10,00",698631378.0,,,659.0,260.0,658.0,270.0,660.0,251.0,"-0,10164","-0,05133","-0,99350","-0,21003","-0,06066","-0,97581",,,Valid,Valid,"233,0","100,5","515,6","291,3","100,6","513,5","180,2","73,9","180,8","68,7","0,2580","0,2411","0,2572","0,2499","0,2588","0,2323",thumbnail_grossTrial,thumbnail_grossTrial.png,1245.0,1080.0,337.0,0.0,798.0,692.0,Unclassified,17.0,251.0,,,,,,
27203,30776197,1400470047484,Eye Tracker,Participant0058,17.09.2021,Participant0058,Recording4,17.09.2021,17.09.2021,14:48:45.713,12:48:45.713,64514,Timeline2,Tobii I-VT (Fixation),1.145.28180,1080,1920,"10,00",698639710.0,,,,,,,,,,,,,,,,,Invalid,Invalid,,,,,,,,,,,,,,,,,thumbnail_grossTrial,thumbnail_grossTrial.png,1245.0,1080.0,337.0,0.0,798.0,692.0,EyesNotFound,8.0,222.0,,,,,,
27204,30784597,1400470055884,Eye Tracker,Participant0058,17.09.2021,Participant0058,Recording4,17.09.2021,17.09.2021,14:48:45.713,12:48:45.713,64514,Timeline2,Tobii I-VT (Fixation),1.145.28180,1080,1920,"10,00",698648109.0,,,643.0,250.0,632.0,259.0,655.0,241.0,"-0,11530","-0,05694","-0,99170","-0,21243","-0,06603","-0,97494",,,Valid,Valid,"233,1","100,6","515,6","291,4","100,7","513,5","173,1","71,0","179,5","65,9","0,2458","0,2315","0,2364","0,2402","0,2551","0,2229",thumbnail_grossTrial,thumbnail_grossTrial.png,1245.0,1080.0,337.0,0.0,798.0,692.0,Unclassified,17.0,252.0,,,,,,
27205,30792863,1400470064150,Eye Tracker,Participant0058,17.09.2021,Participant0058,Recording4,17.09.2021,17.09.2021,14:48:45.713,12:48:45.713,64514,Timeline2,Tobii I-VT (Fixation),1.145.28180,1080,1920,"10,00",698656375.0,,,638.0,247.0,626.0,240.0,650.0,255.0,"-0,11802","-0,06687","-0,99076","-0,21477","-0,05871","-0,97490",,,Valid,Valid,"233,0","100,5","515,6","291,4","100,6","513,4","171,6","65,7","178,2","69,7","0,2416","0,2291","0,2319","0,2224","0,2514","0,2358",thumbnail_grossTrial,thumbnail_grossTrial.png,1245.0,1080.0,337.0,0.0,798.0,692.0,Unclassified,17.0,252.0,,,,,,
27206,30801253,1400470072540,Eye Tracker,Participant0058,17.09.2021,Participant0058,Recording4,17.09.2021,17.09.2021,14:48:45.713,12:48:45.713,64514,Timeline2,Tobii I-VT (Fixation),1.145.28180,1080,1920,"10,00",698664764.0,,,,,,,,,,,,,,,,,Invalid,Invalid,,,,,,,,,,,,,,,,,thumbnail_grossTrial,thumbnail_grossTrial.png,1245.0,1080.0,337.0,0.0,798.0,692.0,EyesNotFound,8.0,223.0,,,,,,
27207,30809534,1400470080821,Eye Tracker,Participant0058,17.09.2021,Participant0058,Recording4,17.09.2021,17.09.2021,14:48:45.713,12:48:45.713,64514,Timeline2,Tobii I-VT (Fixation),1.145.28180,1080,1920,"10,00",698673045.0,,,637.0,246.0,623.0,227.0,651.0,266.0,"-0,11962","-0,07379","-0,99007","-0,21455","-0,05324","-0,97526",,,Valid,Valid,"233,1","100,6","515,5","291,4","100,7","513,4","170,8","62,2","178,5","72,7","0,2408","0,2282","0,2296","0,2105","0,2520","0,2459",thumbnail_grossTrial,thumbnail_grossTrial.png,1245.0,1080.0,337.0,0.0,798.0,692.0,Unclassified,17.0,253.0,,,,,,
27208,30817863,1400470089150,Eye Tracker,Participant0058,17.09.2021,Participant0058,Recording4,17.09.2021,17.09.2021,14:48:45.713,12:48:45.713,64514,Timeline2,Tobii I-VT (Fixation),1.145.28180,1080,1920,"10,00",698681373.0,,,656.0,259.0,656.0,268.0,657.0,249.0,"-0,10252","-0,05252","-0,99334","-0,21163","-0,06178","-0,97540",,,Valid,Valid,"233,0","100,6","515,5","291,3","100,7","513,4","179,8","73,3","180,0","68,2","0,2562","0,2394","0,2559","0,2481","0,2564","0,2306",thumbnail_grossTrial,thumbnail_grossTrial.png,1245.0,1080.0,337.0,0.0,798.0,692.0,Unclassified,17.0,253.0,,,,,,
27209,30826195,1400470097482,Eye Tracker,Participant0058,17.09.2021,Participant0058,Recording4,17.09.2021,17.09.2021,14:48:45.713,12:48:45.713,64514,Timeline2,Tobii I-VT (Fixation),1.145.28180,1080,1920,"10,00",698689705.0,,,,,,,,,,,,,,,,,Invalid,Invalid,,,,,,,,,,,,,,,,,thumbnail_grossTrial,thumbnail_grossTrial.png,1245.0,1080.0,337.0,0.0,798.0,692.0,EyesNotFound,8.0,224.0,,,,,,
27210,30834531,1400470105818,Eye Tracker,Participant0058,17.09.2021,Participant0058,Recording4,17.09.2021,17.09.2021,14:48:45.713,12:48:45.713,64514,Timeline2,Tobii I-VT (Fixation),1.145.28180,1080,1920,"10,00",698698040.0,,,645.0,253.0,635.0,264.0,655.0,241.0,"-0,11358","-0,05457","-0,99203","-0,21251","-0,06608","-0,97492",,,Valid,Valid,"233,1","100,7","515,4","291,4","100,8","513,3","174,1","72,4","179,5","66,0","0,2471","0,2341","0,2391","0,2449","0,2550","0,2232",thumbnail_grossTrial,thumbnail_grossTrial.png,1245.0,1080.0,337.0,0.0,798.0,692.0,Unclassified,17.0,254.0,,,,,,
27211,30842863,1400470114150,Eye Tracker,Participant0058,17.09.2021,Participant0058,Recording4,17.09.2021,17.09.2021,14:48:45.713,12:48:45.713,64514,Timeline2,Tobii I-VT (Fixation),1.145.28180,1080,1920,"10,00",698706371.0,,,628.0,248.0,619.0,254.0,637.0,241.0,"-0,12155","-0,05979","-0,99078","-0,22114","-0,06573","-0,97302",,,Valid,Valid,"233,0","100,7","515,3","291,3","100,7","513,3","169,7","69,6","174,7","66,1","0,2337","0,2295","0,2265","0,2355","0,2409","0,2235",thumbnail_grossTrial,thumbnail_grossTrial.png,1245.0,1080.0,337.0,0.0,798.0,692.0,Unclassified,17.0,254.0,,,,,,
27212,30851195,1400470122482,Eye Tracker,Participant0058,17.09.2021,Participant0058,Recording4,17.09.2021,17.09.2021,14:48:45.713,12:48:45.713,64514,Timeline2,Tobii I-VT (Fixation),1.145.28180,1080,1920,"10,00",698714703.0,,,,,,,,,,,,,,,,,Invalid,Invalid,,,,,,,,,,,,,,,,,thumbnail_grossTrial,thumbnail_grossTrial.png,1245.0,1080.0,337.0,0.0,798.0,692.0,EyesNotFound,8.0,225.0,,,,,,
27213,30859535,1400470130822,Eye Tracker,Participant0058,17.09.2021,Participant0058,Recording4,17.09.2021,17.09.2021,14:48:45.713,12:48:45.713,64514,Timeline2,Tobii I-VT (Fixation),1.145.28180,1080,1920,"10,00",698723043.0,,,637.0,231.0,608.0,228.0,666.0,233.0,"-0,12770","-0,07363","-0,98908","-0,20712","-0,07044","-0,97578",,,Valid,Valid,"233,0","100,9","515,2","291,4","100,8","513,3","166,5","62,5","182,4","63,8","0,2403","0,2136","0,2171","0,2115","0,2636","0,2158",thumbnail_grossTrial,thumbnail_grossTrial.png,1245.0,1080.0,337.0,0.0,798.0,692.0,Unclassified,17.0,255.0,,,,,,
27214,30867862,1400470139149,Eye Tracker,Participant0058,17.09.2021,Participant0058,Recording4,17.09.2021,17.09.2021,14:48:45.713,12:48:45.713,64514,Timeline2,Tobii I-VT (Fixation),1.145.28180,1080,1920,"10,00",698731369.0,,,658.0,257.0,657.0,271.0,658.0,242.0,"-0,10180","-0,05125","-0,99348","-0,21087","-0,06574","-0,97530",,,Valid,Valid,"233,0","100,8","515,1","291,3","100,8","513,3","180,2","74,3","180,3","66,2","0,2573","0,2376","0,2571","0,2513","0,2575","0,2240",thumbnail_grossTrial,thumbnail_grossTrial.png,1245.0,1080.0,337.0,0.0,798.0,692.0,Unclassified,17.0,255.0,,,,,,
27215,30876194,1400470147481,Eye Tracker,Participant0058,17.09.2021,Participant0058,Recording4,17.09.2021,17.09.2021,14:48:45.713,12:48:45.713,64514,Timeline2,Tobii I-VT (Fixation),1.145.28180,1080,1920,"10,00",698739700.0,,,,,,,,,,,,,,,,,Invalid,Invalid,,,,,,,,,,,,,,,,,thumbnail_grossTrial,thumbnail_grossTrial.png,1245.0,1080.0,337.0,0.0,798.0,692.0,EyesNotFound,8.0,226.0,,,,,,
27216,30884499,1400470155786,Eye Tracker,Participant0058,17.09.2021,Participant0058,Recording4,17.09.2021,17.09.2021,14:48:45.713,12:48:45.713,64514,Timeline2,Tobii I-VT (Fixation),1.145.28180,1080,1920,"10,00",698748005.0,,,651.0,270.0,657.0,271.0,645.0,269.0,"-0,10204","-0,05157","-0,99344","-0,21739","-0,05152","-0,97472",,,Valid,Valid,"233,1","101,0","514,9","291,4","100,9","513,2","180,2","74,3","176,9","73,7","0,2522","0,2504","0,2571","0,2513","0,2474","0,2494",thumbnail_grossTrial,thumbnail_grossTrial.png,1245.0,1080.0,337.0,0.0,798.0,692.0,Unclassified,17.0,256.0,,,,,,
27217,30892830,1400470164117,Eye Tracker,Participant0058,17.09.2021,Participant0058,Recording4,17.09.2021,17.09.2021,14:48:45.713,12:48:45.713,64514,Timeline2,Tobii I-VT (Fixation),1.145.28180,1080,1920,"10,00",698756335.0,,,631.0,257.0,615.0,235.0,646.0,279.0,"-0,12396","-0,07042","-0,98979","-0,21691","-0,04655","-0,97508",,,Valid,Valid,"233,0","101,0","514,8","291,3","100,8","513,3","168,5","64,3","177,2","76,3","0,2355","0,2379","0,2229","0,2177","0,2482","0,2581",thumbnail_grossTrial,thumbnail_grossTrial.png,1245.0,1080.0,337.0,0.0,798.0,692.0,Unclassified,17.0,256.0,,,,,,
27218,30901162,1400470172449,Eye Tracker,Participant0058,17.09.2021,Participant0058,Recording4,17.09.2021,17.09.2021,14:48:45.713,12:48:45.713,64514,Timeline2,Tobii I-VT (Fixation),1.145.28180,1080,1920,"10,00",698764666.0,,,,,,,,,,,,,,,,,Invalid,Invalid,,,,,,,,,,,,,,,,,thumbnail_grossTrial,thumbnail_grossTrial.png,1245.0,1080.0,337.0,0.0,798.0,692.0,EyesNotFound,8.0,227.0,,,,,,
27219,30909528,1400470180815,Eye Tracker,Participant0058,17.09.2021,Participant0058,Recording4,17.09.2021,17.09.2021,14:48:45.713,12:48:45.713,64514,Timeline2,Tobii I-VT (Fixation),1.145.28180,1080,1920,"10,00",698773032.0,,,630.0,262.0,616.0,255.0,644.0,268.0,"-0,12387","-0,06045","-0,99046","-0,21837","-0,05201","-0,97448",,,Valid,Valid,"233,1","101,1","514,5","291,4","100,8","513,2","168,8","69,7","176,4","73,4","0,2348","0,2422","0,2236","0,2359","0,2459","0,2485",thumbnail_grossTrial,thumbnail_grossTrial.png,1245.0,1080.0,337.0,0.0,798.0,692.0,Unclassified,17.0,257.0,,,,,,
27220,30917857,1400470189144,Eye Tracker,Participant0058,17.09.2021,Participant0058,Recording4,17.09.2021,17.09.2021,14:48:45.713,12:48:45.713,64514,Timeline2,Tobii I-VT (Fixation),1.145.28180,1080,1920,"10,00",698781361.0,,,638.0,263.0,624.0,279.0,651.0,247.0,"-0,11932","-0,04757","-0,99172","-0,21455","-0,06314","-0,97467",,,Valid,Valid,"233,0","101,1","514,4","291,3","100,8","513,2","171,1","76,4","178,4","67,5","0,2411","0,2435","0,2305","0,2585","0,2517","0,2285",thumbnail_grossTrial,thumbnail_grossTrial.png,1245.0,1080.0,337.0,0.0,798.0,692.0,Unclassified,17.0,257.0,,,,,,
27221,30926163,1400470197450,Eye Tracker,Participant0058,17.09.2021,Participant0058,Recording4,17.09.2021,17.09.2021,14:48:45.713,12:48:45.713,64514,Timeline2,Tobii I-VT (Fixation),1.145.28180,1080,1920,"10,00",698789665.0,,,,,,,,,,,,,,,,,Invalid,Invalid,,,,,,,,,,,,,,,,,thumbnail_grossTrial,thumbnail_grossTrial.png,1245.0,1080.0,337.0,0.0,798.0,692.0,EyesNotFound,8.0,228.0,,,,,,
27222,30934498,1400470205785,Eye Tracker,Participant0058,17.09.2021,Participant0058,Recording4,17.09.2021,17.09.2021,14:48:45.713,12:48:45.713,64514,Timeline2,Tobii I-VT (Fixation),1.145.28180,1080,1920,"10,00",698798000.0,,,639.0,254.0,627.0,265.0,651.0,244.0,"-0,11816","-0,05556","-0,99144","-0,21457","-0,06459","-0,97457",,,Valid,Valid,"233,1","101,2","514,1","291,4","100,8","513,2","171,8","72,4","178,4","66,8","0,2422","0,2355","0,2326","0,2451","0,2518","0,2260",thumbnail_grossTrial,thumbnail_grossTrial.png,1245.0,1080.0,337.0,0.0,798.0,692.0,Unclassified,17.0,258.0,,,,,,
27223,30942828,1400470214115,Eye Tracker,Participant0058,17.09.2021,Participant0058,Recording4,17.09.2021,17.09.2021,14:48:45.713,12:48:45.713,64514,Timeline2,Tobii I-VT (Fixation),1.145.28180,1080,1920,"10,00",698806330.0,,,639.0,245.0,627.0,247.0,650.0,243.0,"-0,11807","-0,06463","-0,99090","-0,21475","-0,06517","-0,97449",,,Valid,Valid,"233,0","101,2","514,0","291,3","100,8","513,2","171,8","67,7","178,2","66,4","0,2419","0,2269","0,2324","0,2290","0,2514","0,2248",thumbnail_grossTrial,thumbnail_grossTrial.png,1245.0,1080.0,337.0,0.0,798.0,692.0,Unclassified,17.0,258.0,,,,,,
27224,30951188,1400470222475,Eye Tracker,Participant0058,17.09.2021,Participant0058,Recording4,17.09.2021,17.09.2021,14:48:45.713,12:48:45.713,64514,Timeline2,Tobii I-VT (Fixation),1.145.28180,1080,1920,"10,00",698814689.0,,,,,,,,,,,,,,,,,Invalid,Invalid,,,,,,,,,,,,,,,,,thumbnail_grossTrial,thumbnail_grossTrial.png,1245.0,1080.0,337.0,0.0,798.0,692.0,EyesNotFound,8.0,229.0,,,,,,
27225,30959528,1400470230815,Eye Tracker,Participant0058,17.09.2021,Participant0058,Recording4,17.09.2021,17.09.2021,14:48:45.713,12:48:45.713,64514,Timeline2,Tobii I-VT (Fixation),1.145.28180,1080,1920,"10,00",698823028.0,,,648.0,256.0,652.0,254.0,644.0,259.0,"-0,10531","-0,06169","-0,99252","-0,21787","-0,05690","-0,97432",,,Valid,Valid,"233,1","101,4","513,8","291,4","100,8","513,2","178,6","69,4","176,6","70,8","0,2495","0,2373","0,2524","0,2349","0,2466","0,2396",thumbnail_grossTrial,thumbnail_grossTrial.png,1245.0,1080.0,337.0,0.0,798.0,692.0,Unclassified,17.0,259.0,,,,,,
27226,30967855,1400470239142,Eye Tracker,Participant0058,17.09.2021,Participant0058,Recording4,17.09.2021,17.09.2021,14:48:45.713,12:48:45.713,64514,Timeline2,Tobii I-VT (Fixation),1.145.28180,1080,1920,"10,00",698831355.0,,,635.0,256.0,623.0,253.0,646.0,259.0,"-0,11985","-0,06196","-0,99086","-0,21704","-0,05674","-0,97451",,,Valid,Valid,"233,0","101,3","513,7","291,3","100,7","513,3","170,9","69,2","177,0","70,8","0,2388","0,2369","0,2298","0,2342","0,2478","0,2397",thumbnail_grossTrial,thumbnail_grossTrial.png,1245.0,1080.0,337.0,0.0,798.0,692.0,Unclassified,17.0,259.0,,,,,,
27227,30976188,1400470247475,Eye Tracker,Participant0058,17.09.2021,Participant0058,Recording4,17.09.2021,17.09.2021,14:48:45.713,12:48:45.713,64514,Timeline2,Tobii I-VT (Fixation),1.145.28180,1080,1920,"10,00",698839687.0,,,,,,,,,,,,,,,,,Invalid,Invalid,,,,,,,,,,,,,,,,,thumbnail_grossTrial,thumbnail_grossTrial.png,1245.0,1080.0,337.0,0.0,798.0,692.0,EyesNotFound,8.0,230.0,,,,,,
27228,30984534,1400470255821,Eye Tracker,Participant0058,17.09.2021,Participant0058,Recording4,17.09.2021,17.09.2021,14:48:45.713,12:48:45.713,64514,Timeline2,Tobii I-VT (Fixation),1.145.28180,1080,1920,"10,00",698848033.0,,,636.0,247.0,624.0,251.0,647.0,243.0,"-0,11965","-0,06350","-0,99078","-0,21648","-0,06492","-0,97413",,,Valid,Valid,"233,1","101,5","513,5","291,4","100,8","513,3","171,1","68,6","177,3","66,6","0,2395","0,2286","0,2304","0,2321","0,2486","0,2252",thumbnail_grossTrial,thumbnail_grossTrial.png,1245.0,1080.0,337.0,0.0,798.0,692.0,Unclassified,17.0,260.0,,,,,,
27229,30992865,1400470264152,Eye Tracker,Participant0058,17.09.2021,Participant0058,Recording4,17.09.2021,17.09.2021,14:48:45.713,12:48:45.713,64514,Timeline2,Tobii I-VT (Fixation),1.145.28180,1080,1920,"10,00",698856363.0,,,627.0,266.0,615.0,281.0,640.0,251.0,"-0,12468","-0,04733","-0,99107","-0,21982","-0,06081","-0,97364",,,Valid,Valid,"233,0","101,5","513,4","291,3","100,7","513,3","168,4","76,9","175,4","68,7","0,2329","0,2463","0,2226","0,2603","0,2431","0,2323",thumbnail_grossTrial,thumbnail_grossTrial.png,1245.0,1080.0,337.0,0.0,798.0,692.0,Unclassified,17.0,260.0,,,,,,
27230,31001196,1400470272483,Eye Tracker,Participant0058,17.09.2021,Participant0058,Recording4,17.09.2021,17.09.2021,14:48:45.713,12:48:45.713,64514,Timeline2,Tobii I-VT (Fixation),1.145.28180,1080,1920,"10,00",698864694.0,,,,,,,,,,,,,,,,,Invalid,Invalid,,,,,,,,,,,,,,,,,thumbnail_grossTrial,thumbnail_grossTrial.png,1245.0,1080.0,337.0,0.0,798.0,692.0,EyesNotFound,8.0,231.0,,,,,,
27231,31009563,1400470280850,Eye Tracker,Participant0058,17.09.2021,Participant0058,Recording4,17.09.2021,17.09.2021,14:48:45.713,12:48:45.713,64514,Timeline2,Tobii I-VT (Fixation),1.145.28180,1080,1920,"10,00",698873060.0,,,631.0,266.0,618.0,275.0,644.0,258.0,"-0,12310","-0,05111","-0,99108","-0,21801","-0,05719","-0,97427",,,Valid,Valid,"233,1","101,6","513,3","291,4","100,8","513,3","169,3","75,1","176,5","70,6","0,2358","0,2466","0,2253","0,2542","0,2463","0,2390",thumbnail_grossTrial,thumbnail_grossTrial.png,1245.0,1080.0,337.0,0.0,798.0,692.0,Unclassified,17.0,261.0,,,,,,
27232,31017855,1400470289142,Eye Tracker,Participant0058,17.09.2021,Participant0058,Recording4,17.09.2021,17.09.2021,14:48:45.713,12:48:45.713,64514,Timeline2,Tobii I-VT (Fixation),1.145.28180,1080,1920,"10,00",698881351.0,,,634.0,248.0,616.0,253.0,651.0,243.0,"-0,12395","-0,06254","-0,99032","-0,21427","-0,06496","-0,97461",,,Valid,Valid,"233,0","101,6","513,2","291,3","100,7","513,4","168,8","69,2","178,5","66,5","0,2379","0,2295","0,2237","0,2340","0,2520","0,2250",thumbnail_grossTrial,thumbnail_grossTrial.png,1245.0,1080.0,337.0,0.0,798.0,692.0,Unclassified,17.0,261.0,,,,,,
27233,31026157,1400470297444,Eye Tracker,Participant0058,17.09.2021,Participant0058,Recording4,17.09.2021,17.09.2021,14:48:45.713,12:48:45.713,64514,Timeline2,Tobii I-VT (Fixation),1.145.28180,1080,1920,"10,00",698889653.0,,,,,,,,,,,,,,,,,Invalid,Invalid,,,,,,,,,,,,,,,,,thumbnail_grossTrial,thumbnail_grossTrial.png,1245.0,1080.0,337.0,0.0,798.0,692.0,EyesNotFound,8.0,232.0,,,,,,
27234,31034658,1400470305945,Eye Tracker,Participant0058,17.09.2021,Participant0058,Recording4,17.09.2021,17.09.2021,14:48:45.713,12:48:45.713,64514,Timeline2,Tobii I-VT (Fixation),1.145.28180,1080,1920,"10,00",698898153.0,,,637.0,239.0,617.0,260.0,657.0,217.0,"-0,12360","-0,05899","-0,99058","-0,21126","-0,07846","-0,97428",,,Valid,Valid,"233,1","101,7","513,1","291,4","100,8","513,4","169,1","71,1","180,1","59,4","0,2406","0,2209","0,2246","0,2407","0,2567","0,2010",thumbnail_grossTrial,thumbnail_grossTrial.png,1245.0,1080.0,337.0,0.0,798.0,692.0,Unclassified,17.0,262.0,,,,,,
27235,31042844,1400470314131,Eye Tracker,Participant0058,17.09.2021,Participant0058,Recording4,17.09.2021,17.09.2021,14:48:45.713,12:48:45.713,64514,Timeline2,Tobii I-VT (Fixation),1.145.28180,1080,1920,"10,00",698906339.0,,,635.0,247.0,622.0,259.0,647.0,235.0,"-0,12088","-0,05947","-0,99088","-0,21618","-0,06931","-0,97389",,,Valid,Valid,"233,0","101,7","513,0","291,3","100,7","513,4","170,5","70,9","177,4","64,2","0,2387","0,2285","0,2286","0,2398","0,2488","0,2172",thumbnail_grossTrial,thumbnail_grossTrial.png,1245.0,1080.0,337.0,0.0,798.0,692.0,Unclassified,17.0,262.0,,,,,,
27236,31051156,1400470322443,Eye Tracker,Participant0058,17.09.2021,Participant0058,Recording4,17.09.2021,17.09.2021,14:48:45.713,12:48:45.713,64514,Timeline2,Tobii I-VT (Fixation),1.145.28180,1080,1920,"10,00",698914650.0,,,,,,,,,,,,,,,,,Invalid,Invalid,,,,,,,,,,,,,,,,,thumbnail_grossTrial,thumbnail_grossTrial.png,1245.0,1080.0,337.0,0.0,798.0,692.0,EyesNotFound,8.0,233.0,,,,,,
27237,31059493,1400470330780,Eye Tracker,Participant0058,17.09.2021,Participant0058,Recording4,17.09.2021,17.09.2021,14:48:45.713,12:48:45.713,64514,Timeline2,Tobii I-VT (Fixation),1.145.28180,1080,1920,"10,00",698922986.0,,,631.0,262.0,624.0,270.0,638.0,255.0,"-0,11977","-0,05392","-0,99134","-0,22101","-0,05900","-0,97348",,,Valid,Valid,"233,1","101,8","512,9","291,4","100,8","513,4","171,1","73,9","174,8","69,7","0,2360","0,2428","0,2306","0,2499","0,2414","0,2357",thumbnail_grossTrial,thumbnail_grossTrial.png,1245.0,1080.0,337.0,0.0,798.0,692.0,Unclassified,17.0,263.0,,,,,,
27238,31067822,1400470339109,Eye Tracker,Participant0058,17.09.2021,Participant0058,Recording4,17.09.2021,17.09.2021,14:48:45.713,12:48:45.713,64514,Timeline2,Tobii I-VT (Fixation),1.145.28180,1080,1920,"10,00",698931315.0,,,625.0,286.0,622.0,300.0,628.0,272.0,"-0,12116","-0,03823","-0,99190","-0,22568","-0,04978","-0,97293",,,Valid,Valid,"233,0","101,7","512,8","291,3","100,7","513,4","170,4","82,0","172,2","74,5","0,2311","0,2647","0,2284","0,2773","0,2338","0,2520",thumbnail_grossTrial,thumbnail_grossTrial.png,1245.0,1080.0,337.0,0.0,798.0,692.0,Unclassified,17.0,263.0,,,,,,
27239,31076155,1400470347442,Eye Tracker,Participant0058,17.09.2021,Participant0058,Recording4,17.09.2021,17.09.2021,14:48:45.713,12:48:45.713,64514,Timeline2,Tobii I-VT (Fixation),1.145.28180,1080,1920,"10,00",698939648.0,,,,,,,,,,,,,,,,,Invalid,Invalid,,,,,,,,,,,,,,,,,thumbnail_grossTrial,thumbnail_grossTrial.png,1245.0,1080.0,337.0,0.0,798.0,692.0,EyesNotFound,8.0,234.0,,,,,,
27240,31084519,1400470355806,Eye Tracker,Participant0058,17.09.2021,Participant0058,Recording4,17.09.2021,17.09.2021,14:48:45.713,12:48:45.713,64514,Timeline2,Tobii I-VT (Fixation),1.145.28180,1080,1920,"10,00",698948011.0,,,618.0,281.0,609.0,287.0,627.0,275.0,"-0,12791","-0,04478","-0,99077","-0,22639","-0,04863","-0,97282",,,Valid,Valid,"233,1","101,8","512,7","291,4","100,8","513,4","166,9","78,7","171,9","75,1","0,2255","0,2602","0,2182","0,2662","0,2328","0,2542",thumbnail_grossTrial,thumbnail_grossTrial.png,1245.0,1080.0,337.0,0.0,798.0,692.0,Unclassified,17.0,264.0,,,,,,
27241,31092856,1400470364143,Eye Tracker,Participant0058,17.09.2021,Participant0058,Recording4,17.09.2021,17.09.2021,14:48:45.713,12:48:45.713,64514,Timeline2,Tobii I-VT (Fixation),1.145.28180,1080,1920,"10,00",698956347.0,,,617.0,277.0,605.0,275.0,628.0,279.0,"-0,12977","-0,05112","-0,99023","-0,22599","-0,04627","-0,97303",,,Valid,Valid,"233,0","101,8","512,7","291,3","100,8","513,4","165,8","75,3","172,1","76,4","0,2242","0,2566","0,2151","0,2549","0,2333","0,2583",thumbnail_grossTrial,thumbnail_grossTrial.png,1245.0,1080.0,337.0,0.0,798.0,692.0,Unclassified,17.0,264.0,,,,,,
27242,31101153,1400470372440,Eye Tracker,Participant0058,17.09.2021,Participant0058,Recording4,17.09.2021,17.09.2021,14:48:45.713,12:48:45.713,64514,Timeline2,Tobii I-VT (Fixation),1.145.28180,1080,1920,"10,00",698964644.0,,,,,,,,,,,,,,,,,Invalid,Invalid,,,,,,,,,,,,,,,,,thumbnail_grossTrial,thumbnail_grossTrial.png,1245.0,1080.0,337.0,0.0,798.0,692.0,EyesNotFound,8.0,235.0,,,,,,
27243,31109520,1400470380807,Eye Tracker,Participant0058,17.09.2021,Participant0058,Recording4,17.09.2021,17.09.2021,14:48:45.713,12:48:45.713,64514,Timeline2,Tobii I-VT (Fixation),1.145.28180,1080,1920,"10,00",698973010.0,,,619.0,277.0,607.0,273.0,631.0,281.0,"-0,12892","-0,05253","-0,99026","-0,22460","-0,04524","-0,97340",,,Valid,Valid,"233,1","101,9","512,6","291,4","100,8","513,3","166,4","74,7","172,9","77,0","0,2262","0,2566","0,2166","0,2528","0,2358","0,2604",thumbnail_grossTrial,thumbnail_grossTrial.png,1245.0,1080.0,337.0,0.0,798.0,692.0,Unclassified,17.0,265.0,,,,,,
27244,31117861,1400470389148,Eye Tracker,Participant0058,17.09.2021,Participant0058,Recording4,17.09.2021,17.09.2021,14:48:45.713,12:48:45.713,64514,Timeline2,Tobii I-VT (Fixation),1.145.28180,1080,1920,"10,00",698981350.0,,,622.0,270.0,610.0,276.0,634.0,263.0,"-0,12717","-0,05090","-0,99057","-0,22302","-0,05457","-0,97328",,,Valid,Valid,"233,0","101,8","512,5","291,3","100,8","513,3","167,2","75,5","173,7","72,0","0,2286","0,2496","0,2192","0,2555","0,2381","0,2436",thumbnail_grossTrial,thumbnail_grossTrial.png,1245.0,1080.0,337.0,0.0,798.0,692.0,Unclassified,17.0,265.0,,,,,,
27245,31126182,1400470397469,Eye Tracker,Participant0058,17.09.2021,Participant0058,Recording4,17.09.2021,17.09.2021,14:48:45.713,12:48:45.713,64514,Timeline2,Tobii I-VT (Fixation),1.145.28180,1080,1920,"10,00",698989671.0,,,,,,,,,,,,,,,,,Invalid,Invalid,,,,,,,,,,,,,,,,,thumbnail_grossTrial,thumbnail_grossTrial.png,1245.0,1080.0,337.0,0.0,798.0,692.0,EyesNotFound,8.0,236.0,,,,,,
27246,31134516,1400470405803,Eye Tracker,Participant0058,17.09.2021,Participant0058,Recording4,17.09.2021,17.09.2021,14:48:45.713,12:48:45.713,64514,Timeline2,Tobii I-VT (Fixation),1.145.28180,1080,1920,"10,00",698998005.0,,,623.0,267.0,611.0,273.0,635.0,261.0,"-0,12716","-0,05256","-0,99049","-0,22242","-0,05588","-0,97335",,,Valid,Valid,"233,1","101,9","512,5","291,4","100,8","513,2","167,3","74,7","174,1","71,4","0,2293","0,2472","0,2194","0,2529","0,2392","0,2415",thumbnail_grossTrial,thumbnail_grossTrial.png,1245.0,1080.0,337.0,0.0,798.0,692.0,Unclassified,17.0,266.0,,,,,,
27247,31142852,1400470414139,Eye Tracker,Participant0058,17.09.2021,Participant0058,Recording4,17.09.2021,17.09.2021,14:48:45.713,12:48:45.713,64514,Timeline2,Tobii I-VT (Fixation),1.145.28180,1080,1920,"10,00",699006339.0,,,621.0,269.0,607.0,263.0,636.0,274.0,"-0,12875","-0,05781","-0,98999","-0,22219","-0,04884","-0,97378",,,Valid,Valid,"233,0","101,9","512,4","291,3","100,8","513,3","166,4","71,9","174,2","75,1","0,2281","0,2487","0,2167","0,2434","0,2396","0,2539",thumbnail_grossTrial,thumbnail_grossTrial.png,1245.0,1080.0,337.0,0.0,798.0,692.0,Unclassified,17.0,266.0,,,,,,
27248,31151151,1400470422438,Eye Tracker,Participant0058,17.09.2021,Participant0058,Recording4,17.09.2021,17.09.2021,14:48:45.713,12:48:45.713,64514,Timeline2,Tobii I-VT (Fixation),1.145.28180,1080,1920,"10,00",699014638.0,,,,,,,,,,,,,,,,,Invalid,Invalid,,,,,,,,,,,,,,,,,thumbnail_grossTrial,thumbnail_grossTrial.png,1245.0,1080.0,337.0,0.0,798.0,692.0,EyesNotFound,8.0,237.0,,,,,,
27249,31159530,1400470430817,Eye Tracker,Participant0058,17.09.2021,Participant0058,Recording4,17.09.2021,17.09.2021,14:48:45.713,12:48:45.713,64514,Timeline2,Tobii I-VT (Fixation),1.145.28180,1080,1920,"10,00",699023017.0,,,615.0,270.0,605.0,267.0,625.0,273.0,"-0,12980","-0,05577","-0,98997","-0,22728","-0,04964","-0,97256",,,Valid,Valid,"233,1","101,9","512,4","291,4","100,8","513,3","165,9","73,1","171,4","74,6","0,2233","0,2499","0,2153","0,2472","0,2314","0,2526",thumbnail_grossTrial,thumbnail_grossTrial.png,1245.0,1080.0,337.0,0.0,798.0,692.0,Unclassified,17.0,267.0,,,,,,
27250,31167938,1400470439225,Eye Tracker,Participant0058,17.09.2021,Participant0058,Recording4,17.09.2021,17.09.2021,14:48:45.713,12:48:45.713,64514,Timeline2,Tobii I-VT (Fixation),1.145.28180,1080,1920,"10,00",699031424.0,,,615.0,271.0,606.0,278.0,625.0,265.0,"-0,12932","-0,05001","-0,99034","-0,22751","-0,05379","-0,97229",,,Valid,Valid,"233,0","101,9","512,4","291,3","100,8","513,3","166,1","76,0","171,2","72,4","0,2233","0,2510","0,2159","0,2571","0,2307","0,2449",thumbnail_grossTrial,thumbnail_grossTrial.png,1245.0,1080.0,337.0,0.0,798.0,692.0,Unclassified,17.0,267.0,,,,,,
27251,31176195,1400470447482,Eye Tracker,Participant0058,17.09.2021,Participant0058,Recording4,17.09.2021,17.09.2021,14:48:45.713,12:48:45.713,64514,Timeline2,Tobii I-VT (Fixation),1.145.28180,1080,1920,"10,00",699039680.0,,,,,,,,,,,,,,,,,Invalid,Invalid,,,,,,,,,,,,,,,,,thumbnail_grossTrial,thumbnail_grossTrial.png,1245.0,1080.0,337.0,0.0,798.0,692.0,EyesNotFound,8.0,238.0,,,,,,
27252,31184486,1400470455773,Eye Tracker,Participant0058,17.09.2021,Participant0058,Recording4,17.09.2021,17.09.2021,14:48:45.713,12:48:45.713,64514,Timeline2,Tobii I-VT (Fixation),1.145.28180,1080,1920,"10,00",699047971.0,,,617.0,272.0,607.0,279.0,627.0,265.0,"-0,12889","-0,04949","-0,99042","-0,22655","-0,05387","-0,97251",,,Valid,Valid,"233,1","101,9","512,5","291,4","100,8","513,3","166,4","76,3","171,8","72,4","0,2246","0,2516","0,2167","0,2583","0,2324","0,2449",thumbnail_grossTrial,thumbnail_grossTrial.png,1245.0,1080.0,337.0,0.0,798.0,692.0,Unclassified,17.0,268.0,,,,,,
27253,31192818,1400470464105,Eye Tracker,Participant0058,17.09.2021,Participant0058,Recording4,17.09.2021,17.09.2021,14:48:45.713,12:48:45.713,64514,Timeline2,Tobii I-VT (Fixation),1.145.28180,1080,1920,"10,00",699056303.0,,,616.0,275.0,608.0,277.0,624.0,273.0,"-0,12830","-0,05047","-0,99045","-0,22780","-0,04936","-0,97246",,,Valid,Valid,"233,0","101,9","512,4","291,2","100,8","513,4","166,6","75,8","171,0","74,7","0,2237","0,2545","0,2173","0,2563","0,2301","0,2527",thumbnail_grossTrial,thumbnail_grossTrial.png,1245.0,1080.0,337.0,0.0,798.0,692.0,Unclassified,17.0,268.0,,,,,,
27254,31201150,1400470472437,Eye Tracker,Participant0058,17.09.2021,Participant0058,Recording4,17.09.2021,17.09.2021,14:48:45.713,12:48:45.713,64514,Timeline2,Tobii I-VT (Fixation),1.145.28180,1080,1920,"10,00",699064633.0,,,596.0,290.0,596.0,290.0,,,"-0,13406","-0,04330","-0,99003",,,,"4,63",,Valid,Invalid,"232,8","101,8","512,4",,,,"163,4","79,4",,,"0,2080","0,2687","0,2080","0,2687",,,thumbnail_grossTrial,thumbnail_grossTrial.png,1245.0,1080.0,337.0,0.0,798.0,692.0,Saccade,25.0,107.0,,,,,,
27255,31209517,1400470480804,Eye Tracker,Participant0058,17.09.2021,Participant0058,Recording4,17.09.2021,17.09.2021,14:48:45.713,12:48:45.713,64514,Timeline2,Tobii I-VT (Fixation),1.145.28180,1080,1920,"10,00",699073000.0,,,597.0,282.0,608.0,317.0,585.0,246.0,"-0,12801","-0,02961","-0,99133","-0,24620","-0,06282","-0,96718",,,Valid,Valid,"232,9","102,0","512,4","291,0","100,8","513,5","166,7","86,7","160,3","67,4","0,2082","0,2608","0,2176","0,2934","0,1988","0,2281",thumbnail_grossTrial,thumbnail_grossTrial.png,1245.0,1080.0,337.0,0.0,798.0,692.0,Saccade,25.0,107.0,,,,,,
27256,31217816,1400470489103,Eye Tracker,Participant0058,17.09.2021,Participant0058,Recording4,17.09.2021,17.09.2021,14:48:45.713,12:48:45.713,64514,Timeline2,Tobii I-VT (Fixation),1.145.28180,1080,1920,"10,00",699081299.0,,,513.0,230.0,504.0,250.0,522.0,209.0,"-0,18131","-0,06385","-0,98135","-0,27564","-0,08091","-0,95785",,,Valid,Valid,"232,7","101,9","512,4","290,9","100,6","513,8","138,0","68,6","143,1","57,2","0,1410","0,2127","0,1336","0,2319","0,1483","0,1934",thumbnail_grossTrial,thumbnail_grossTrial.png,1245.0,1080.0,337.0,0.0,798.0,692.0,Saccade,25.0,107.0,,,,,,
27257,31226231,1400470497518,Eye Tracker,Participant0058,17.09.2021,Participant0058,Recording4,17.09.2021,17.09.2021,14:48:45.713,12:48:45.713,64514,Timeline2,Tobii I-VT (Fixation),1.145.28180,1080,1920,"10,00",699089713.0,,,489.0,227.0,469.0,218.0,508.0,236.0,"-0,19828","-0,07999","-0,97688","-0,28251","-0,06689","-0,95693","4,56","5,40",Valid,Valid,"232,7","101,7","512,6","291,0","100,4","514,1","128,6","59,7","139,2","64,5","0,1215","0,2101","0,1060","0,2019","0,1370","0,2182",thumbnail_grossTrial,thumbnail_grossTrial.png,1245.0,1080.0,337.0,0.0,798.0,692.0,Unclassified,8.0,269.0,,,,,,
27258,31234514,1400470505801,Eye Tracker,Participant0058,17.09.2021,Participant0058,Recording4,17.09.2021,17.09.2021,14:48:45.713,12:48:45.713,64514,Timeline2,Tobii I-VT (Fixation),1.145.28180,1080,1920,"10,00",699097995.0,,,487.0,223.0,487.0,223.0,,,"-0,18956","-0,07792","-0,97877",,,,,,Valid,Invalid,"232,9","101,9","512,6",,,,"133,6","61,1",,,"0,1206","0,2069","0,1206","0,2069",,,thumbnail_grossTrial,thumbnail_grossTrial.png,1245.0,1080.0,337.0,0.0,798.0,692.0,Saccade,17.0,108.0,,,,,,
27259,31242884,1400470514171,Eye Tracker,Participant0058,17.09.2021,Participant0058,Recording4,17.09.2021,17.09.2021,14:48:45.713,12:48:45.713,64514,Timeline2,Tobii I-VT (Fixation),1.145.28180,1080,1920,"10,00",699106365.0,,,522.0,240.0,527.0,277.0,516.0,203.0,"-0,16976","-0,04998","-0,98422","-0,27827","-0,08390","-0,95683",,,Valid,Valid,"232,7","101,9","512,4","291,0","100,5","513,9","144,4","75,9","141,5","55,5","0,1480","0,2222","0,1521","0,2568","0,1438","0,1877",thumbnail_grossTrial,thumbnail_grossTrial.png,1245.0,1080.0,337.0,0.0,798.0,692.0,Saccade,17.0,108.0,,,,,,
27260,31251188,1400470522475,Eye Tracker,Participant0058,17.09.2021,Participant0058,Recording4,17.09.2021,17.09.2021,14:48:45.713,12:48:45.713,64514,Timeline2,Tobii I-VT (Fixation),1.145.28180,1080,1920,"10,00",699114668.0,,,523.0,238.0,532.0,270.0,514.0,205.0,"-0,16697","-0,05419","-0,98447","-0,27957","-0,08270","-0,95656","4,87","5,38",Valid,Valid,"232,7","102,0","512,0","291,0","100,6","513,7","145,9","73,8","140,8","56,2","0,1491","0,2199","0,1566","0,2498","0,1417","0,1901",thumbnail_grossTrial,thumbnail_grossTrial.png,1245.0,1080.0,337.0,0.0,798.0,692.0,Unclassified,8.0,270.0,,,,,,
27261,31259491,1400470530778,Eye Tracker,Participant0058,17.09.2021,Participant0058,Recording4,17.09.2021,17.09.2021,14:48:45.713,12:48:45.713,64514,Timeline2,Tobii I-VT (Fixation),1.145.28180,1080,1920,"10,00",699122971.0,,,532.0,274.0,532.0,274.0,,,"-0,16763","-0,05237","-0,98446",,,,,,Valid,Invalid,"232,9","102,3","511,7",,,,"145,7","75,1",,,"0,1562","0,2542","0,1562","0,2542",,,thumbnail_grossTrial,thumbnail_grossTrial.png,1245.0,1080.0,337.0,0.0,798.0,692.0,Saccade,17.0,109.0,,,,,,
27262,31267850,1400470539137,Eye Tracker,Participant0058,17.09.2021,Participant0058,Recording4,17.09.2021,17.09.2021,14:48:45.713,12:48:45.713,64514,Timeline2,Tobii I-VT (Fixation),1.145.28180,1080,1920,"10,00",699131329.0,,,539.0,283.0,562.0,301.0,516.0,264.0,"-0,15220","-0,03840","-0,98760","-0,27927","-0,05299","-0,95875",,,Valid,Valid,"232,8","102,3","511,4","291,0","100,7","513,6","154,0","82,4","141,4","72,3","0,1618","0,2618","0,1802","0,2790","0,1433","0,2446",thumbnail_grossTrial,thumbnail_grossTrial.png,1245.0,1080.0,337.0,0.0,798.0,692.0,Saccade,17.0,109.0,,,,,,
27263,31276187,1400470547474,Eye Tracker,Participant0058,17.09.2021,Participant0058,Recording4,17.09.2021,17.09.2021,14:48:45.713,12:48:45.713,64514,Timeline2,Tobii I-VT (Fixation),1.145.28180,1080,1920,"10,00",699139666.0,,,517.0,289.0,539.0,310.0,496.0,268.0,"-0,16403","-0,03378","-0,98588","-0,28862","-0,05100","-0,95608","4,57","5,39",Valid,Valid,"232,7","102,4","511,1","290,9","100,6","513,7","147,7","84,9","135,9","73,2","0,1446","0,2674","0,1619","0,2872","0,1273","0,2477",thumbnail_grossTrial,thumbnail_grossTrial.png,1245.0,1080.0,337.0,0.0,798.0,692.0,Unclassified,25.0,271.0,,,,,,
27264,31284613,1400470555900,Eye Tracker,Participant0058,17.09.2021,Participant0058,Recording4,17.09.2021,17.09.2021,14:48:45.713,12:48:45.713,64514,Timeline2,Tobii I-VT (Fixation),1.145.28180,1080,1920,"10,00",699148091.0,,,539.0,310.0,539.0,310.0,,,"-0,16441","-0,03446","-0,98579",,,,,,Valid,Invalid,"232,9","102,7","510,8",,,,"147,7","84,9",,,"0,1619","0,2872","0,1619","0,2872",,,thumbnail_grossTrial,thumbnail_grossTrial.png,1245.0,1080.0,337.0,0.0,798.0,692.0,Unclassified,25.0,271.0,,,,,,
27265,31292874,1400470564161,Eye Tracker,Participant0058,17.09.2021,Participant0058,Recording4,17.09.2021,17.09.2021,14:48:45.713,12:48:45.713,64514,Timeline2,Tobii I-VT (Fixation),1.145.28180,1080,1920,"10,00",699156351.0,,,517.0,291.0,538.0,314.0,495.0,268.0,"-0,16468","-0,03267","-0,98581","-0,28891","-0,05059","-0,95602",,,Valid,Valid,"232,8","102,8","510,4","291,0","100,6","513,8","147,5","85,9","135,7","73,4","0,1441","0,2694","0,1614","0,2905","0,1267","0,2484",thumbnail_grossTrial,thumbnail_grossTrial.png,1245.0,1080.0,337.0,0.0,798.0,692.0,Unclassified,25.0,271.0,,,,,,
27266,31301171,1400470572458,Eye Tracker,Participant0058,17.09.2021,Participant0058,Recording4,17.09.2021,17.09.2021,14:48:45.713,12:48:45.713,64514,Timeline2,Tobii I-VT (Fixation),1.145.28180,1080,1920,"10,00",699164648.0,,,473.0,262.0,,,473.0,262.0,,,,"-0,29895","-0,05335","-0,95278",,"5,58",Invalid,Valid,,,,"291,0","100,5","514,0",,,"129,7","71,7","0,1092","0,2427",,,"0,1092","0,2427",thumbnail_grossTrial,thumbnail_grossTrial.png,1245.0,1080.0,337.0,0.0,798.0,692.0,Saccade,33.0,110.0,,,,,,
27267,31309511,1400470580798,Eye Tracker,Participant0058,17.09.2021,Participant0058,Recording4,17.09.2021,17.09.2021,14:48:45.713,12:48:45.713,64514,Timeline2,Tobii I-VT (Fixation),1.145.28180,1080,1920,"10,00",699172987.0,,,538.0,314.0,538.0,314.0,,,"-0,16509","-0,03346","-0,98571",,,,,,Valid,Invalid,"232,9","103,2","509,7",,,,"147,5","85,9",,,"0,1614","0,2905","0,1614","0,2905",,,thumbnail_grossTrial,thumbnail_grossTrial.png,1245.0,1080.0,337.0,0.0,798.0,692.0,Saccade,33.0,110.0,,,,,,
27268,31317908,1400470589195,Eye Tracker,Participant0058,17.09.2021,Participant0058,Recording4,17.09.2021,17.09.2021,14:48:45.713,12:48:45.713,64514,Timeline2,Tobii I-VT (Fixation),1.145.28180,1080,1920,"10,00",699181384.0,,,497.0,255.0,516.0,266.0,478.0,244.0,"-0,17660","-0,05886","-0,98252","-0,29650","-0,06258","-0,95298",,,Valid,Valid,"232,8","103,2","509,3","291,0","100,4","514,2","141,3","72,7","131,0","66,7","0,1281","0,2357","0,1431","0,2459","0,1130","0,2255",thumbnail_grossTrial,thumbnail_grossTrial.png,1245.0,1080.0,337.0,0.0,798.0,692.0,Saccade,33.0,110.0,,,,,,
27269,31326183,1400470597470,Eye Tracker,Participant0058,17.09.2021,Participant0058,Recording4,17.09.2021,17.09.2021,14:48:45.713,12:48:45.713,64514,Timeline2,Tobii I-VT (Fixation),1.145.28180,1080,1920,"10,00",699189658.0,,,505.0,214.0,,,505.0,214.0,,,,"-0,28349","-0,07737","-0,95585",,"5,41",Invalid,Valid,,,,"291,0","100,3","514,5",,,"138,4","58,7","0,1348","0,1985",,,"0,1348","0,1985",thumbnail_grossTrial,thumbnail_grossTrial.png,1245.0,1080.0,337.0,0.0,798.0,692.0,Saccade,33.0,110.0,,,,,,
27270,31334494,1400470605781,Eye Tracker,Participant0058,17.09.2021,Participant0058,Recording4,17.09.2021,17.09.2021,14:48:45.713,12:48:45.713,64514,Timeline2,Tobii I-VT (Fixation),1.145.28180,1080,1920,"10,00",699197968.0,,,,,,,,,,,,,,,,,Invalid,Invalid,,,,,,,,,,,,,,,,,thumbnail_grossTrial,thumbnail_grossTrial.png,1245.0,1080.0,337.0,0.0,798.0,692.0,EyesNotFound,8.0,239.0,,,,,,
27271,31342857,1400470614144,Eye Tracker,Participant0058,17.09.2021,Participant0058,Recording4,17.09.2021,17.09.2021,14:48:45.713,12:48:45.713,64514,Timeline2,Tobii I-VT (Fixation),1.145.28180,1080,1920,"10,00",699206331.0,,,500.0,243.0,500.0,248.0,499.0,237.0,"-0,18464","-0,06892","-0,98039","-0,28630","-0,06510","-0,95593",,,Valid,Valid,"232,9","103,5","508,4","291,1","100,1","515,1","137,1","67,8","136,8","65,0","0,1304","0,2246","0,1309","0,2293","0,1300","0,2199",thumbnail_grossTrial,thumbnail_grossTrial.png,1245.0,1080.0,337.0,0.0,798.0,692.0,Unclassified,17.0,272.0,,,,,,
27272,31351177,1400470622464,Eye Tracker,Participant0058,17.09.2021,Participant0058,Recording4,17.09.2021,17.09.2021,14:48:45.713,12:48:45.713,64514,Timeline2,Tobii I-VT (Fixation),1.145.28180,1080,1920,"10,00",699214651.0,,,534.0,282.0,530.0,275.0,537.0,289.0,"-0,16940","-0,05480","-0,98402","-0,26871","-0,03878","-0,96244","4,87","5,37",Valid,Valid,"232,8","103,6","508,1","291,0","99,9","515,2","145,4","75,3","147,2","79,1","0,1577","0,2612","0,1550","0,2547","0,1604","0,2677",thumbnail_grossTrial,thumbnail_grossTrial.png,1245.0,1080.0,337.0,0.0,798.0,692.0,Unclassified,17.0,272.0,,,,,,
27273,31359498,1400470630785,Eye Tracker,Participant0058,17.09.2021,Participant0058,Recording4,17.09.2021,17.09.2021,14:48:45.713,12:48:45.713,64514,Timeline2,Tobii I-VT (Fixation),1.145.28180,1080,1920,"10,00",699222970.0,,,,,,,,,,,,,,,,,Invalid,Invalid,,,,,,,,,,,,,,,,,thumbnail_grossTrial,thumbnail_grossTrial.png,1245.0,1080.0,337.0,0.0,798.0,692.0,EyesNotFound,8.0,240.0,,,,,,
27274,31367810,1400470639097,Eye Tracker,Participant0058,17.09.2021,Participant0058,Recording4,17.09.2021,17.09.2021,14:48:45.713,12:48:45.713,64514,Timeline2,Tobii I-VT (Fixation),1.145.28180,1080,1920,"10,00",699231282.0,,,547.0,304.0,559.0,309.0,535.0,300.0,"-0,15517","-0,03774","-0,98717","-0,26987","-0,03290","-0,96233",,,Valid,Valid,"232,9","103,9","507,6","291,2","99,7","515,9","153,1","84,4","146,5","82,1","0,1681","0,2817","0,1778","0,2857","0,1584","0,2777",thumbnail_grossTrial,thumbnail_grossTrial.png,1245.0,1080.0,337.0,0.0,798.0,692.0,Unclassified,8.0,273.0,,,,,,
27275,31376173,1400470647460,Eye Tracker,Participant0058,17.09.2021,Participant0058,Recording4,17.09.2021,17.09.2021,14:48:45.713,12:48:45.713,64514,Timeline2,Tobii I-VT (Fixation),1.145.28180,1080,1920,"10,00",699239645.0,,,,,,,,,,,,,,,,,Invalid,Invalid,,,,,,,,,,,,,,,,,thumbnail_grossTrial,thumbnail_grossTrial.png,1245.0,1080.0,337.0,0.0,798.0,692.0,EyesNotFound,8.0,241.0,,,,,,
27276,31384512,1400470655799,Eye Tracker,Participant0058,17.09.2021,Participant0058,Recording4,17.09.2021,17.09.2021,14:48:45.713,12:48:45.713,64514,Timeline2,Tobii I-VT (Fixation),1.145.28180,1080,1920,"10,00",699247984.0,,,531.0,255.0,,,531.0,255.0,,,,"-0,27120","-0,05527","-0,96093",,,Invalid,Valid,,,,"291,3","99,5","516,6",,,"145,5","69,8","0,1555","0,2360",,,"0,1555","0,2360",thumbnail_grossTrial,thumbnail_grossTrial.png,1245.0,1080.0,337.0,0.0,798.0,692.0,Fixation,200.0,64.0,530.0,269.0,"0,1545","0,2494",,
27277,31392810,1400470664097,Eye Tracker,Participant0058,17.09.2021,Participant0058,Recording4,17.09.2021,17.09.2021,14:48:45.713,12:48:45.713,64514,Timeline2,Tobii I-VT (Fixation),1.145.28180,1080,1920,"10,00",699256280.0,,,546.0,277.0,563.0,307.0,530.0,246.0,"-0,15332","-0,03879","-0,98741","-0,27110","-0,05905","-0,96074",,,Valid,Valid,"232,9","104,1","507,1","291,3","99,2","517,1","154,2","84,1","145,4","67,4","0,1680","0,2564","0,1809","0,2846","0,1550","0,2282",thumbnail_grossTrial,thumbnail_grossTrial.png,1245.0,1080.0,337.0,0.0,798.0,692.0,Fixation,200.0,64.0,530.0,269.0,"0,1545","0,2494",,
27278,31401151,1400470672438,Eye Tracker,Participant0058,17.09.2021,Participant0058,Recording4,17.09.2021,17.09.2021,14:48:45.713,12:48:45.713,64514,Timeline2,Tobii I-VT (Fixation),1.145.28180,1080,1920,"10,00",699264621.0,,,537.0,297.0,537.0,297.0,,,"-0,16636","-0,04435","-0,98507",,,,"4,56",,Valid,Invalid,"232,9","104,1","507,0",,,,"147,3","81,3",,,"0,1607","0,2750","0,1607","0,2750",,,thumbnail_grossTrial,thumbnail_grossTrial.png,1245.0,1080.0,337.0,0.0,798.0,692.0,Fixation,200.0,64.0,530.0,269.0,"0,1545","0,2494",,
27279,31409509,1400470680796,Eye Tracker,Participant0058,17.09.2021,Participant0058,Recording4,17.09.2021,17.09.2021,14:48:45.713,12:48:45.713,64514,Timeline2,Tobii I-VT (Fixation),1.145.28180,1080,1920,"10,00",699272979.0,,,522.0,209.0,,,522.0,209.0,,,,"-0,27464","-0,07785","-0,95839",,,Invalid,Valid,,,,"291,4","99,1","517,6",,,"143,1","57,1","0,1484","0,1931",,,"0,1484","0,1931",thumbnail_grossTrial,thumbnail_grossTrial.png,1245.0,1080.0,337.0,0.0,798.0,692.0,Fixation,200.0,64.0,530.0,269.0,"0,1545","0,2494",,
27280,31417844,1400470689131,Eye Tracker,Participant0058,17.09.2021,Participant0058,Recording4,17.09.2021,17.09.2021,14:48:45.713,12:48:45.713,64514,Timeline2,Tobii I-VT (Fixation),1.145.28180,1080,1920,"10,00",699281312.0,,,530.0,254.0,532.0,299.0,529.0,209.0,"-0,16944","-0,04379","-0,98457","-0,27127","-0,07763","-0,95937",,,Valid,Valid,"232,9","104,2","506,7","291,3","99,0","517,6","145,7","81,7","145,0","57,1","0,1550","0,2349","0,1562","0,2764","0,1539","0,1933",thumbnail_grossTrial,thumbnail_grossTrial.png,1245.0,1080.0,337.0,0.0,798.0,692.0,Fixation,200.0,64.0,530.0,269.0,"0,1545","0,2494",,
27281,31426139,1400470697426,Eye Tracker,Participant0058,17.09.2021,Participant0058,Recording4,17.09.2021,17.09.2021,14:48:45.713,12:48:45.713,64514,Timeline2,Tobii I-VT (Fixation),1.145.28180,1080,1920,"10,00",699289607.0,,,532.0,274.0,532.0,304.0,532.0,244.0,"-0,16918","-0,04093","-0,98474","-0,27019","-0,05937","-0,96097","4,56","5,36",Valid,Valid,"232,9","104,2","506,6","291,2","98,9","517,6","145,9","83,2","145,7","66,9","0,1563","0,2539","0,1566","0,2815","0,1561","0,2263",thumbnail_grossTrial,thumbnail_grossTrial.png,1245.0,1080.0,337.0,0.0,798.0,692.0,Fixation,200.0,64.0,530.0,269.0,"0,1545","0,2494",,
27282,31434516,1400470705803,Eye Tracker,Participant0058,17.09.2021,Participant0058,Recording4,17.09.2021,17.09.2021,14:48:45.713,12:48:45.713,64514,Timeline2,Tobii I-VT (Fixation),1.145.28180,1080,1920,"10,00",699297984.0,,,521.0,241.0,,,521.0,241.0,,,,"-0,27558","-0,06129","-0,95932",,,Invalid,Valid,,,,"291,4","99,1","517,6",,,"142,7","66,1","0,1474","0,2235",,,"0,1474","0,2235",thumbnail_grossTrial,thumbnail_grossTrial.png,1245.0,1080.0,337.0,0.0,798.0,692.0,Fixation,200.0,64.0,530.0,269.0,"0,1545","0,2494",,
27283,31442888,1400470714175,Eye Tracker,Participant0058,17.09.2021,Participant0058,Recording4,17.09.2021,17.09.2021,14:48:45.713,12:48:45.713,64514,Timeline2,Tobii I-VT (Fixation),1.145.28180,1080,1920,"10,00",699306355.0,,,530.0,270.0,534.0,304.0,526.0,235.0,"-0,16836","-0,04101","-0,98487","-0,27304","-0,06481","-0,95982",,,Valid,Valid,"233,0","104,4","506,4","291,3","99,2","517,3","146,4","83,3","144,1","64,2","0,1547","0,2495","0,1580","0,2818","0,1514","0,2173",thumbnail_grossTrial,thumbnail_grossTrial.png,1245.0,1080.0,337.0,0.0,798.0,692.0,Fixation,200.0,64.0,530.0,269.0,"0,1545","0,2494",,
27284,31451223,1400470722510,Eye Tracker,Participant0058,17.09.2021,Participant0058,Recording4,17.09.2021,17.09.2021,14:48:45.713,12:48:45.713,64514,Timeline2,Tobii I-VT (Fixation),1.145.28180,1080,1920,"10,00",699314689.0,,,532.0,257.0,557.0,307.0,506.0,207.0,"-0,15609","-0,03936","-0,98696","-0,28214","-0,07892","-0,95612","4,93","5,68",Valid,Valid,"232,9","104,1","506,9","291,3","99,3","516,9","152,7","83,9","138,7","56,7","0,1561","0,2378","0,1766","0,2839","0,1357","0,1917",thumbnail_grossTrial,thumbnail_grossTrial.png,1245.0,1080.0,337.0,0.0,798.0,692.0,Fixation,200.0,64.0,530.0,269.0,"0,1545","0,2494",,
27285,31459475,1400470730762,Eye Tracker,Participant0058,17.09.2021,Participant0058,Recording4,17.09.2021,17.09.2021,14:48:45.713,12:48:45.713,64514,Timeline2,Tobii I-VT (Fixation),1.145.28180,1080,1920,"10,00",699322941.0,,,,,,,,,,,,,,,,,Invalid,Invalid,,,,,,,,,,,,,,,,,thumbnail_grossTrial,thumbnail_grossTrial.png,1245.0,1080.0,337.0,0.0,798.0,692.0,Fixation,200.0,64.0,530.0,269.0,"0,1545","0,2494",,
27286,31467893,1400470739180,Eye Tracker,Participant0058,17.09.2021,Participant0058,Recording4,17.09.2021,17.09.2021,14:48:45.713,12:48:45.713,64514,Timeline2,Tobii I-VT (Fixation),1.145.28180,1080,1920,"10,00",699331359.0,,,525.0,264.0,557.0,298.0,493.0,229.0,"-0,15445","-0,04010","-0,98719","-0,29045","-0,07279","-0,95412",,,Valid,Valid,"232,8","102,4","511,2","290,8","101,6","511,3","152,8","81,6","135,1","62,6","0,1509","0,2440","0,1768","0,2762","0,1251","0,2118",thumbnail_grossTrial,thumbnail_grossTrial.png,1245.0,1080.0,337.0,0.0,798.0,692.0,Fixation,200.0,64.0,530.0,269.0,"0,1545","0,2494",,
27287,31476145,1400470747432,Eye Tracker,Participant0058,17.09.2021,Participant0058,Recording4,17.09.2021,17.09.2021,14:48:45.713,12:48:45.713,64514,Timeline2,Tobii I-VT (Fixation),1.145.28180,1080,1920,"10,00",699339610.0,,,526.0,282.0,534.0,302.0,518.0,261.0,"-0,16601","-0,03705","-0,98543","-0,27918","-0,05664","-0,95857","4,56","5,34",Valid,Valid,"232,7","102,0","512,2","290,6","101,7","510,7","146,4","82,7","141,9","71,6","0,1515","0,2610","0,1581","0,2798","0,1449","0,2421",thumbnail_grossTrial,thumbnail_grossTrial.png,1245.0,1080.0,337.0,0.0,798.0,692.0,Fixation,200.0,64.0,530.0,269.0,"0,1545","0,2494",,
27288,31484478,1400470755765,Eye Tracker,Participant0058,17.09.2021,Participant0058,Recording4,17.09.2021,17.09.2021,14:48:45.713,12:48:45.713,64514,Timeline2,Tobii I-VT (Fixation),1.145.28180,1080,1920,"10,00",699347942.0,,,,,,,,,,,,,,,,,Invalid,Invalid,,,,,,,,,,,,,,,,,thumbnail_grossTrial,thumbnail_grossTrial.png,1245.0,1080.0,337.0,0.0,798.0,692.0,Fixation,200.0,64.0,530.0,269.0,"0,1545","0,2494",,
27289,31492844,1400470764131,Eye Tracker,Participant0058,17.09.2021,Participant0058,Recording4,17.09.2021,17.09.2021,14:48:45.713,12:48:45.713,64514,Timeline2,Tobii I-VT (Fixation),1.145.28180,1080,1920,"10,00",699356308.0,,,552.0,278.0,539.0,305.0,565.0,251.0,"-0,16373","-0,03581","-0,98586","-0,25712","-0,06364","-0,96428",,,Valid,Valid,"232,7","102,1","512,0","290,7","102,2","509,8","147,7","83,5","154,7","68,6","0,1722","0,2573","0,1619","0,2826","0,1825","0,2319",thumbnail_grossTrial,thumbnail_grossTrial.png,1245.0,1080.0,337.0,0.0,798.0,692.0,Fixation,200.0,64.0,530.0,269.0,"0,1545","0,2494",,
27290,31501135,1400470772422,Eye Tracker,Participant0058,17.09.2021,Participant0058,Recording4,17.09.2021,17.09.2021,14:48:45.713,12:48:45.713,64514,Timeline2,Tobii I-VT (Fixation),1.145.28180,1080,1920,"10,00",699364598.0,,,548.0,281.0,540.0,308.0,555.0,253.0,"-0,16294","-0,03424","-0,98604","-0,26152","-0,06194","-0,96321","4,56","5,52",Valid,Valid,"232,7","102,0","512,0","290,6","102,1","509,7","148,1","84,3","152,2","69,4","0,1690","0,2599","0,1631","0,2851","0,1750","0,2347",thumbnail_grossTrial,thumbnail_grossTrial.png,1245.0,1080.0,337.0,0.0,798.0,692.0,Fixation,200.0,64.0,530.0,269.0,"0,1545","0,2494",,
27291,31509502,1400470780789,Eye Tracker,Participant0058,17.09.2021,Participant0058,Recording4,17.09.2021,17.09.2021,14:48:45.713,12:48:45.713,64514,Timeline2,Tobii I-VT (Fixation),1.145.28180,1080,1920,"10,00",699372964.0,,,,,,,,,,,,,,,,,Invalid,Invalid,,,,,,,,,,,,,,,,,thumbnail_grossTrial,thumbnail_grossTrial.png,1245.0,1080.0,337.0,0.0,798.0,692.0,Fixation,200.0,64.0,530.0,269.0,"0,1545","0,2494",,
27292,31517802,1400470789089,Eye Tracker,Participant0058,17.09.2021,Participant0058,Recording4,17.09.2021,17.09.2021,14:48:45.713,12:48:45.713,64514,Timeline2,Tobii I-VT (Fixation),1.145.28180,1080,1920,"10,00",699381264.0,,,528.0,275.0,526.0,229.0,531.0,321.0,"-0,16954","-0,07461","-0,98269","-0,27388","-0,02733","-0,96138",,,Valid,Valid,"232,7","101,6","513,2","290,6","102,4","509,4","144,2","62,7","145,5","87,9","0,1535","0,2547","0,1515","0,2120","0,1555","0,2973",thumbnail_grossTrial,thumbnail_grossTrial.png,1245.0,1080.0,337.0,0.0,798.0,692.0,Fixation,200.0,64.0,530.0,269.0,"0,1545","0,2494",,
27293,31526142,1400470797429,Eye Tracker,Participant0058,17.09.2021,Participant0058,Recording4,17.09.2021,17.09.2021,14:48:45.713,12:48:45.713,64514,Timeline2,Tobii I-VT (Fixation),1.145.28180,1080,1920,"10,00",699389603.0,,,519.0,275.0,521.0,259.0,516.0,290.0,"-0,17168","-0,05769","-0,98346","-0,28092","-0,04319","-0,95876","4,62","5,55",Valid,Valid,"232,7","101,2","514,2","290,6","102,3","509,6","142,9","71,0","141,3","79,4","0,1455","0,2543","0,1479","0,2402","0,1432","0,2685",thumbnail_grossTrial,thumbnail_grossTrial.png,1245.0,1080.0,337.0,0.0,798.0,692.0,Fixation,200.0,64.0,530.0,269.0,"0,1545","0,2494",,
27294,31534587,1400470805874,Eye Tracker,Participant0058,17.09.2021,Participant0058,Recording4,17.09.2021,17.09.2021,14:48:45.713,12:48:45.713,64514,Timeline2,Tobii I-VT (Fixation),1.145.28180,1080,1920,"10,00",699398048.0,,,525.0,277.0,,,525.0,277.0,,,,"-0,27642","-0,04983","-0,95975",,,Invalid,Valid,,,,"290,7","102,4","509,6",,,"143,9","75,9","0,1509","0,2568",,,"0,1509","0,2568",thumbnail_grossTrial,thumbnail_grossTrial.png,1245.0,1080.0,337.0,0.0,798.0,692.0,Fixation,200.0,64.0,530.0,269.0,"0,1545","0,2494",,
27295,31542904,1400470814191,Eye Tracker,Participant0058,17.09.2021,Participant0058,Recording4,17.09.2021,17.09.2021,14:48:45.713,12:48:45.713,64514,Timeline2,Tobii I-VT (Fixation),1.145.28180,1080,1920,"10,00",699406364.0,,,531.0,272.0,530.0,273.0,532.0,271.0,"-0,16680","-0,04906","-0,98477","-0,27273","-0,05278","-0,96064",,,Valid,Valid,"232,6","100,4","516,2","290,6","102,2","509,7","145,2","74,7","145,9","74,2","0,1556","0,2519","0,1544","0,2526","0,1567","0,2512",thumbnail_grossTrial,thumbnail_grossTrial.png,1245.0,1080.0,337.0,0.0,798.0,692.0,Fixation,200.0,64.0,530.0,269.0,"0,1545","0,2494",,
27296,31551134,1400470822421,Eye Tracker,Participant0058,17.09.2021,Participant0058,Recording4,17.09.2021,17.09.2021,14:48:45.713,12:48:45.713,64514,Timeline2,Tobii I-VT (Fixation),1.145.28180,1080,1920,"10,00",699414594.0,,,524.0,271.0,529.0,265.0,519.0,278.0,"-0,16667","-0,05206","-0,98464","-0,27907","-0,04919","-0,95901","4,65","5,55",Valid,Valid,"232,6","99,9","517,2","290,7","102,1","510,0","145,0","72,6","142,3","76,0","0,1500","0,2513","0,1540","0,2456","0,1460","0,2570",thumbnail_grossTrial,thumbnail_grossTrial.png,1245.0,1080.0,337.0,0.0,798.0,692.0,Fixation,200.0,64.0,530.0,269.0,"0,1545","0,2494",,
27297,31559546,1400470830833,Eye Tracker,Participant0058,17.09.2021,Participant0058,Recording4,17.09.2021,17.09.2021,14:48:45.713,12:48:45.713,64514,Timeline2,Tobii I-VT (Fixation),1.145.28180,1080,1920,"10,00",699423005.0,,,511.0,275.0,,,511.0,275.0,,,,"-0,28314","-0,05026","-0,95776",,,Invalid,Valid,,,,"290,7","102,1","510,2",,,"139,9","75,4","0,1391","0,2550",,,"0,1391","0,2550",thumbnail_grossTrial,thumbnail_grossTrial.png,1245.0,1080.0,337.0,0.0,798.0,692.0,Fixation,200.0,64.0,530.0,269.0,"0,1545","0,2494",,
27298,31567801,1400470839088,Eye Tracker,Participant0058,17.09.2021,Participant0058,Recording4,17.09.2021,17.09.2021,14:48:45.713,12:48:45.713,64514,Timeline2,Tobii I-VT (Fixation),1.145.28180,1080,1920,"10,00",699431260.0,,,516.0,278.0,522.0,288.0,511.0,268.0,"-0,16984","-0,03899","-0,98470","-0,28255","-0,05342","-0,95776",,,Valid,Valid,"232,5","99,3","519,0","290,7","101,9","510,4","143,0","78,7","140,1","73,5","0,1438","0,2574","0,1480","0,2663","0,1397","0,2486",thumbnail_grossTrial,thumbnail_grossTrial.png,1245.0,1080.0,337.0,0.0,798.0,692.0,Fixation,200.0,64.0,530.0,269.0,"0,1545","0,2494",,
27299,31576263,1400470847550,Eye Tracker,Participant0058,17.09.2021,Participant0058,Recording4,17.09.2021,17.09.2021,14:48:45.713,12:48:45.713,64514,Timeline2,Tobii I-VT (Fixation),1.145.28180,1080,1920,"10,00",699439721.0,,,525.0,278.0,,,525.0,278.0,,,,"-0,27602","-0,04827","-0,95994",,"5,60",Invalid,Valid,,,,"290,6","101,7","510,7",,,"143,8","76,1","0,1505","0,2573",,,"0,1505","0,2573",thumbnail_grossTrial,thumbnail_grossTrial.png,1245.0,1080.0,337.0,0.0,798.0,692.0,Fixation,200.0,64.0,530.0,269.0,"0,1545","0,2494",,
27300,31584550,1400470855837,Eye Tracker,Participant0058,17.09.2021,Participant0058,Recording4,17.09.2021,17.09.2021,14:48:45.713,12:48:45.713,64514,Timeline2,Tobii I-VT (Fixation),1.145.28180,1080,1920,"10,00",699448007.0,,,524.0,275.0,,,524.0,275.0,,,,"-0,27654","-0,05016","-0,95969",,,Invalid,Valid,,,,"290,8","101,9","510,9",,,"143,6","75,2","0,1498","0,2543",,,"0,1498","0,2543",thumbnail_grossTrial,thumbnail_grossTrial.png,1245.0,1080.0,337.0,0.0,798.0,692.0,Saccade,17.0,111.0,,,,,,
27301,31592846,1400470864133,Eye Tracker,Participant0058,17.09.2021,Participant0058,Recording4,17.09.2021,17.09.2021,14:48:45.713,12:48:45.713,64514,Timeline2,Tobii I-VT (Fixation),1.145.28180,1080,1920,"10,00",699456303.0,,,522.0,257.0,524.0,263.0,520.0,250.0,"-0,16784","-0,04996","-0,98455","-0,27818","-0,06227","-0,95851",,,Valid,Valid,"232,4","98,4","521,1","290,7","101,7","511,0","143,5","72,0","142,4","68,5","0,1481","0,2377","0,1497","0,2436","0,1465","0,2319",thumbnail_grossTrial,thumbnail_grossTrial.png,1245.0,1080.0,337.0,0.0,798.0,692.0,Saccade,17.0,111.0,,,,,,
27302,31601131,1400470872418,Eye Tracker,Participant0058,17.09.2021,Participant0058,Recording4,17.09.2021,17.09.2021,14:48:45.713,12:48:45.713,64514,Timeline2,Tobii I-VT (Fixation),1.145.28180,1080,1920,"10,00",699464587.0,,,,,,,,,,,,,,,,,Invalid,Invalid,,,,,,,,,,,,,,,,,thumbnail_grossTrial,thumbnail_grossTrial.png,1245.0,1080.0,337.0,0.0,798.0,692.0,EyesNotFound,8.0,242.0,,,,,,
27303,31609557,1400470880844,Eye Tracker,Participant0058,17.09.2021,Participant0058,Recording4,17.09.2021,17.09.2021,14:48:45.713,12:48:45.713,64514,Timeline2,Tobii I-VT (Fixation),1.145.28180,1080,1920,"10,00",699473012.0,,,522.0,253.0,,,522.0,253.0,,,,"-0,27716","-0,06115","-0,95888",,,Invalid,Valid,,,,"290,8","101,7","511,2",,,"143,0","69,1","0,1483","0,2339",,,"0,1483","0,2339",thumbnail_grossTrial,thumbnail_grossTrial.png,1245.0,1080.0,337.0,0.0,798.0,692.0,Unclassified,50.0,274.0,,,,,,
27304,31617842,1400470889129,Eye Tracker,Participant0058,17.09.2021,Participant0058,Recording4,17.09.2021,17.09.2021,14:48:45.713,12:48:45.713,64514,Timeline2,Tobii I-VT (Fixation),1.145.28180,1080,1920,"10,00",699481297.0,,,529.0,250.0,532.0,248.0,525.0,253.0,"-0,16306","-0,05645","-0,98500","-0,27550","-0,06094","-0,95937",,,Valid,Valid,"232,3","97,8","522,5","290,8","101,7","511,2","145,8","67,9","144,0","69,2","0,1536","0,2319","0,1564","0,2297","0,1509","0,2341",thumbnail_grossTrial,thumbnail_grossTrial.png,1245.0,1080.0,337.0,0.0,798.0,692.0,Unclassified,50.0,274.0,,,,,,
27305,31626202,1400470897489,Eye Tracker,Participant0058,17.09.2021,Participant0058,Recording4,17.09.2021,17.09.2021,14:48:45.713,12:48:45.713,64514,Timeline2,Tobii I-VT (Fixation),1.145.28180,1080,1920,"10,00",699489657.0,,,517.0,244.0,,,517.0,244.0,,,,"-0,27941","-0,06516","-0,95796",,"5,45",Invalid,Valid,,,,"290,7","101,7","511,2",,,"141,6","66,9","0,1440","0,2263",,,"0,1440","0,2263",thumbnail_grossTrial,thumbnail_grossTrial.png,1245.0,1080.0,337.0,0.0,798.0,692.0,Unclassified,50.0,274.0,,,,,,
27306,31634507,1400470905794,Eye Tracker,Participant0058,17.09.2021,Participant0058,Recording4,17.09.2021,17.09.2021,14:48:45.713,12:48:45.713,64514,Timeline2,Tobii I-VT (Fixation),1.145.28180,1080,1920,"10,00",699497961.0,,,516.0,246.0,,,516.0,246.0,,,,"-0,28010","-0,06473","-0,95779",,,Invalid,Valid,,,,"290,8","101,8","511,1",,,"141,3","67,2","0,1433","0,2275",,,"0,1433","0,2275",thumbnail_grossTrial,thumbnail_grossTrial.png,1245.0,1080.0,337.0,0.0,798.0,692.0,Unclassified,50.0,274.0,,,,,,
27307,31642876,1400470914163,Eye Tracker,Participant0058,17.09.2021,Participant0058,Recording4,17.09.2021,17.09.2021,14:48:45.713,12:48:45.713,64514,Timeline2,Tobii I-VT (Fixation),1.145.28180,1080,1920,"10,00",699506329.0,,,515.0,219.0,512.0,195.0,518.0,243.0,"-0,17280","-0,08310","-0,98145","-0,27913","-0,06597","-0,95798",,,Valid,Valid,"232,3","97,6","523,2","290,8","101,7","511,0","140,2","53,3","141,9","66,5","0,1424","0,2027","0,1399","0,1802","0,1448","0,2251",thumbnail_grossTrial,thumbnail_grossTrial.png,1245.0,1080.0,337.0,0.0,798.0,692.0,Unclassified,50.0,274.0,,,,,,
27308,31651137,1400470922424,Eye Tracker,Participant0058,17.09.2021,Participant0058,Recording4,17.09.2021,17.09.2021,14:48:45.713,12:48:45.713,64514,Timeline2,Tobii I-VT (Fixation),1.145.28180,1080,1920,"10,00",699514590.0,,,515.0,238.0,520.0,238.0,511.0,238.0,"-0,16876","-0,06075","-0,98378","-0,28241","-0,06873","-0,95683","4,75","5,60",Valid,Valid,"232,3","97,5","523,3","290,8","101,7","510,9","142,6","65,2","140,0","65,0","0,1430","0,2203","0,1469","0,2205","0,1392","0,2201",thumbnail_grossTrial,thumbnail_grossTrial.png,1245.0,1080.0,337.0,0.0,798.0,692.0,Unclassified,50.0,274.0,,,,,,
27309,31659502,1400470930789,Eye Tracker,Participant0058,17.09.2021,Participant0058,Recording4,17.09.2021,17.09.2021,14:48:45.713,12:48:45.713,64514,Timeline2,Tobii I-VT (Fixation),1.145.28180,1080,1920,"10,00",699522954.0,,,511.0,237.0,,,511.0,237.0,,,,"-0,28228","-0,06929","-0,95683",,,Invalid,Valid,,,,"290,8","101,9","510,8",,,"140,1","64,9","0,1397","0,2196",,,"0,1397","0,2196",thumbnail_grossTrial,thumbnail_grossTrial.png,1245.0,1080.0,337.0,0.0,798.0,692.0,Saccade,17.0,112.0,,,,,,
27310,31667837,1400470939124,Eye Tracker,Participant0058,17.09.2021,Participant0058,Recording4,17.09.2021,17.09.2021,14:48:45.713,12:48:45.713,64514,Timeline2,Tobii I-VT (Fixation),1.145.28180,1080,1920,"10,00",699531288.0,,,523.0,263.0,538.0,264.0,509.0,262.0,"-0,15990","-0,04758","-0,98599","-0,28370","-0,05671","-0,95724",,,Valid,Valid,"232,3","97,6","523,1","290,7","101,9","510,7","147,5","72,3","139,4","71,6","0,1494","0,2435","0,1613","0,2448","0,1375","0,2423",thumbnail_grossTrial,thumbnail_grossTrial.png,1245.0,1080.0,337.0,0.0,798.0,692.0,Saccade,17.0,112.0,,,,,,
27311,31676128,1400470947415,Eye Tracker,Participant0058,17.09.2021,Participant0058,Recording4,17.09.2021,17.09.2021,14:48:45.713,12:48:45.713,64514,Timeline2,Tobii I-VT (Fixation),1.145.28180,1080,1920,"10,00",699539579.0,,,538.0,267.0,551.0,258.0,524.0,276.0,"-0,15335","-0,05087","-0,98686","-0,27628","-0,04935","-0,95981","5,15","5,60",Valid,Valid,"232,3","97,5","523,1","290,7","101,8","510,7","151,1","70,6","143,7","75,5","0,1609","0,2472","0,1717","0,2388","0,1501","0,2555",thumbnail_grossTrial,thumbnail_grossTrial.png,1245.0,1080.0,337.0,0.0,798.0,692.0,Unclassified,58.0,275.0,,,,,,
27312,31684510,1400470955797,Eye Tracker,Participant0058,17.09.2021,Participant0058,Recording4,17.09.2021,17.09.2021,14:48:45.713,12:48:45.713,64514,Timeline2,Tobii I-VT (Fixation),1.145.28180,1080,1920,"10,00",699547960.0,,,525.0,278.0,,,525.0,278.0,,,,"-0,27622","-0,04845","-0,95987",,,Invalid,Valid,,,,"290,8","102,0","510,6",,,"143,9","76,2","0,1507","0,2578",,,"0,1507","0,2578",thumbnail_grossTrial,thumbnail_grossTrial.png,1245.0,1080.0,337.0,0.0,798.0,692.0,Unclassified,58.0,275.0,,,,,,
27313,31692795,1400470964082,Eye Tracker,Participant0058,17.09.2021,Participant0058,Recording4,17.09.2021,17.09.2021,14:48:45.713,12:48:45.713,64514,Timeline2,Tobii I-VT (Fixation),1.145.28180,1080,1920,"10,00",699556244.0,,,537.0,274.0,553.0,264.0,521.0,285.0,"-0,15258","-0,04815","-0,98712","-0,27786","-0,04520","-0,95956",,,Valid,Valid,"232,3","97,7","523,0","290,7","101,9","510,6","151,5","72,2","142,9","77,9","0,1604","0,2538","0,1730","0,2441","0,1478","0,2634",thumbnail_grossTrial,thumbnail_grossTrial.png,1245.0,1080.0,337.0,0.0,798.0,692.0,Unclassified,58.0,275.0,,,,,,
27314,31701157,1400470972444,Eye Tracker,Participant0058,17.09.2021,Participant0058,Recording4,17.09.2021,17.09.2021,14:48:45.713,12:48:45.713,64514,Timeline2,Tobii I-VT (Fixation),1.145.28180,1080,1920,"10,00",699564606.0,,,525.0,272.0,,,525.0,272.0,,,,"-0,27614","-0,05140","-0,95974",,"4,76",Invalid,Valid,,,,"290,7","101,9","510,7",,,"143,8","74,5","0,1505","0,2522",,,"0,1505","0,2522",thumbnail_grossTrial,thumbnail_grossTrial.png,1245.0,1080.0,337.0,0.0,798.0,692.0,Unclassified,58.0,275.0,,,,,,
27315,31709498,1400470980785,Eye Tracker,Participant0058,17.09.2021,Participant0058,Recording4,17.09.2021,17.09.2021,14:48:45.713,12:48:45.713,64514,Timeline2,Tobii I-VT (Fixation),1.145.28180,1080,1920,"10,00",699572947.0,,,522.0,270.0,,,522.0,270.0,,,,"-0,27767","-0,05251","-0,95924",,,Invalid,Valid,,,,"290,8","102,0","510,7",,,"143,0","74,0","0,1480","0,2504",,,"0,1480","0,2504",thumbnail_grossTrial,thumbnail_grossTrial.png,1245.0,1080.0,337.0,0.0,798.0,692.0,Unclassified,58.0,275.0,,,,,,
27316,31717826,1400470989113,Eye Tracker,Participant0058,17.09.2021,Participant0058,Recording4,17.09.2021,17.09.2021,14:48:45.713,12:48:45.713,64514,Timeline2,Tobii I-VT (Fixation),1.145.28180,1080,1920,"10,00",699581274.0,,,534.0,262.0,546.0,261.0,522.0,264.0,"-0,15608","-0,04947","-0,98650","-0,27712","-0,05588","-0,95921",,,Valid,Valid,"232,3","97,7","522,9","290,8","101,9","510,7","149,6","71,4","143,2","72,1","0,1580","0,2429","0,1674","0,2417","0,1487","0,2440",thumbnail_grossTrial,thumbnail_grossTrial.png,1245.0,1080.0,337.0,0.0,798.0,692.0,Unclassified,58.0,275.0,,,,,,
27317,31726139,1400470997426,Eye Tracker,Participant0058,17.09.2021,Participant0058,Recording4,17.09.2021,17.09.2021,14:48:45.713,12:48:45.713,64514,Timeline2,Tobii I-VT (Fixation),1.145.28180,1080,1920,"10,00",699589586.0,,,525.0,267.0,,,525.0,267.0,,,,"-0,27586","-0,05408","-0,95968",,"4,82",Invalid,Valid,,,,"290,7","101,8","510,9",,,"143,9","73,0","0,1507","0,2470",,,"0,1507","0,2470",thumbnail_grossTrial,thumbnail_grossTrial.png,1245.0,1080.0,337.0,0.0,798.0,692.0,Unclassified,58.0,275.0,,,,,,
27318,31734472,1400471005759,Eye Tracker,Participant0058,17.09.2021,Participant0058,Recording4,17.09.2021,17.09.2021,14:48:45.713,12:48:45.713,64514,Timeline2,Tobii I-VT (Fixation),1.145.28180,1080,1920,"10,00",699597919.0,,,529.0,265.0,,,529.0,265.0,,,,"-0,27390","-0,05501","-0,96018",,,Invalid,Valid,,,,"290,8","101,9","510,9",,,"145,1","72,6","0,1542","0,2457",,,"0,1542","0,2457",thumbnail_grossTrial,thumbnail_grossTrial.png,1245.0,1080.0,337.0,0.0,798.0,692.0,Saccade,17.0,113.0,,,,,,
27319,31742852,1400471014139,Eye Tracker,Participant0058,17.09.2021,Participant0058,Recording4,17.09.2021,17.09.2021,14:48:45.713,12:48:45.713,64514,Timeline2,Tobii I-VT (Fixation),1.145.28180,1080,1920,"10,00",699606298.0,,,520.0,211.0,508.0,159.0,532.0,263.0,"-0,17428","-0,10165","-0,97944","-0,27265","-0,05598","-0,96048",,,Valid,Valid,"232,3","97,7","523,0","290,8","101,8","510,9","139,3","43,4","145,7","72,0","0,1466","0,1952","0,1372","0,1468","0,1561","0,2436",thumbnail_grossTrial,thumbnail_grossTrial.png,1245.0,1080.0,337.0,0.0,798.0,692.0,Saccade,17.0,113.0,,,,,,
27320,31751126,1400471022413,Eye Tracker,Participant0058,17.09.2021,Participant0058,Recording4,17.09.2021,17.09.2021,14:48:45.713,12:48:45.713,64514,Timeline2,Tobii I-VT (Fixation),1.145.28180,1080,1920,"10,00",699614572.0,,,528.0,258.0,,,528.0,258.0,,,,"-0,27452","-0,05842","-0,95981",,"4,77",Invalid,Valid,,,,"290,8","101,7","511,0",,,"144,6","70,6","0,1528","0,2390",,,"0,1528","0,2390",thumbnail_grossTrial,thumbnail_grossTrial.png,1245.0,1080.0,337.0,0.0,798.0,692.0,Unclassified,8.0,276.0,,,,,,
27321,31759497,1400471030784,Eye Tracker,Participant0058,17.09.2021,Participant0058,Recording4,17.09.2021,17.09.2021,14:48:45.713,12:48:45.713,64514,Timeline2,Tobii I-VT (Fixation),1.145.28180,1080,1920,"10,00",699622942.0,,,522.0,261.0,,,522.0,261.0,,,,"-0,27744","-0,05721","-0,95904",,,Invalid,Valid,,,,"290,8","101,8","511,0",,,"143,0","71,4","0,1481","0,2414",,,"0,1481","0,2414",thumbnail_grossTrial,thumbnail_grossTrial.png,1245.0,1080.0,337.0,0.0,798.0,692.0,Saccade,17.0,114.0,,,,,,
27322,31767821,1400471039108,Eye Tracker,Participant0058,17.09.2021,Participant0058,Recording4,17.09.2021,17.09.2021,14:48:45.713,12:48:45.713,64514,Timeline2,Tobii I-VT (Fixation),1.145.28180,1080,1920,"10,00",699631265.0,,,531.0,261.0,540.0,253.0,523.0,268.0,"-0,15879","-0,05380","-0,98585","-0,27699","-0,05307","-0,95941",,,Valid,Valid,"232,3","97,7","522,9","290,8","101,7","511,0","148,1","69,1","143,2","73,5","0,1559","0,2412","0,1631","0,2339","0,1488","0,2486",thumbnail_grossTrial,thumbnail_grossTrial.png,1245.0,1080.0,337.0,0.0,798.0,692.0,Saccade,17.0,114.0,,,,,,
27323,31776137,1400471047424,Eye Tracker,Participant0058,17.09.2021,Participant0058,Recording4,17.09.2021,17.09.2021,14:48:45.713,12:48:45.713,64514,Timeline2,Tobii I-VT (Fixation),1.145.28180,1080,1920,"10,00",699639581.0,,,524.0,270.0,,,524.0,270.0,,,,"-0,27644","-0,05206","-0,95962",,"4,78",Invalid,Valid,,,,"290,8","101,7","511,1",,,"143,5","74,0","0,1497","0,2503",,,"0,1497","0,2503",thumbnail_grossTrial,thumbnail_grossTrial.png,1245.0,1080.0,337.0,0.0,798.0,692.0,Fixation,83.0,65.0,530.0,265.0,"0,1547","0,2454",,
27324,31784487,1400471055774,Eye Tracker,Participant0058,17.09.2021,Participant0058,Recording4,17.09.2021,17.09.2021,14:48:45.713,12:48:45.713,64514,Timeline2,Tobii I-VT (Fixation),1.145.28180,1080,1920,"10,00",699647930.0,,,531.0,268.0,,,531.0,268.0,,,,"-0,27324","-0,05325","-0,96047",,,Invalid,Valid,,,,"290,8","101,8","511,1",,,"145,4","73,5","0,1553","0,2486",,,"0,1553","0,2486",thumbnail_grossTrial,thumbnail_grossTrial.png,1245.0,1080.0,337.0,0.0,798.0,692.0,Fixation,83.0,65.0,530.0,265.0,"0,1547","0,2454",,
27325,31792792,1400471064079,Eye Tracker,Participant0058,17.09.2021,Participant0058,Recording4,17.09.2021,17.09.2021,14:48:45.713,12:48:45.713,64514,Timeline2,Tobii I-VT (Fixation),1.145.28180,1080,1920,"10,00",699656235.0,,,531.0,249.0,534.0,235.0,529.0,263.0,"-0,16207","-0,06296","-0,98477","-0,27382","-0,05612","-0,96014",,,Valid,Valid,"232,3","97,7","522,9","290,8","101,7","511,1","146,3","64,2","145,0","71,9","0,1559","0,2302","0,1577","0,2174","0,1541","0,2431",thumbnail_grossTrial,thumbnail_grossTrial.png,1245.0,1080.0,337.0,0.0,798.0,692.0,Fixation,83.0,65.0,530.0,265.0,"0,1547","0,2454",,
27326,31801153,1400471072440,Eye Tracker,Participant0058,17.09.2021,Participant0058,Recording4,17.09.2021,17.09.2021,14:48:45.713,12:48:45.713,64514,Timeline2,Tobii I-VT (Fixation),1.145.28180,1080,1920,"10,00",699664595.0,,,,,,,,,,,,,,,,,Invalid,Invalid,,,,,,,,,,,,,,,,,thumbnail_grossTrial,thumbnail_grossTrial.png,1245.0,1080.0,337.0,0.0,798.0,692.0,Fixation,83.0,65.0,530.0,265.0,"0,1547","0,2454",,
27327,31809495,1400471080782,Eye Tracker,Participant0058,17.09.2021,Participant0058,Recording4,17.09.2021,17.09.2021,14:48:45.713,12:48:45.713,64514,Timeline2,Tobii I-VT (Fixation),1.145.28180,1080,1920,"10,00",699672937.0,,,529.0,262.0,,,529.0,262.0,,,,"-0,27393","-0,05675","-0,96007",,,Invalid,Valid,,,,"290,8","101,8","511,0",,,"145,0","71,6","0,1540","0,2423",,,"0,1540","0,2423",thumbnail_grossTrial,thumbnail_grossTrial.png,1245.0,1080.0,337.0,0.0,798.0,692.0,Fixation,83.0,65.0,530.0,265.0,"0,1547","0,2454",,
27328,31817788,1400471089075,Eye Tracker,Participant0058,17.09.2021,Participant0058,Recording4,17.09.2021,17.09.2021,14:48:45.713,12:48:45.713,64514,Timeline2,Tobii I-VT (Fixation),1.145.28180,1080,1920,"10,00",699681229.0,,,534.0,272.0,542.0,276.0,527.0,267.0,"-0,15808","-0,04198","-0,98653","-0,27502","-0,05364","-0,95994",,,Valid,Valid,"232,3","97,7","522,9","290,8","101,7","511,0","148,5","75,4","144,4","73,2","0,1582","0,2514","0,1643","0,2552","0,1521","0,2476",thumbnail_grossTrial,thumbnail_grossTrial.png,1245.0,1080.0,337.0,0.0,798.0,692.0,Fixation,83.0,65.0,530.0,265.0,"0,1547","0,2454",,
27329,31826167,1400471097454,Eye Tracker,Participant0058,17.09.2021,Participant0058,Recording4,17.09.2021,17.09.2021,14:48:45.713,12:48:45.713,64514,Timeline2,Tobii I-VT (Fixation),1.145.28180,1080,1920,"10,00",699689607.0,,,528.0,265.0,,,528.0,265.0,,,,"-0,27446","-0,05478","-0,96004",,"4,80",Invalid,Valid,,,,"290,7","101,7","511,0",,,"144,6","72,6","0,1530","0,2455",,,"0,1530","0,2455",thumbnail_grossTrial,thumbnail_grossTrial.png,1245.0,1080.0,337.0,0.0,798.0,692.0,Fixation,83.0,65.0,530.0,265.0,"0,1547","0,2454",,
27330,31834472,1400471105759,Eye Tracker,Participant0058,17.09.2021,Participant0058,Recording4,17.09.2021,17.09.2021,14:48:45.713,12:48:45.713,64514,Timeline2,Tobii I-VT (Fixation),1.145.28180,1080,1920,"10,00",699697912.0,,,526.0,271.0,,,526.0,271.0,,,,"-0,27549","-0,05193","-0,95990",,,Invalid,Valid,,,,"290,8","101,8","510,9",,,"144,2","74,2","0,1516","0,2511",,,"0,1516","0,2511",thumbnail_grossTrial,thumbnail_grossTrial.png,1245.0,1080.0,337.0,0.0,798.0,692.0,Fixation,83.0,65.0,530.0,265.0,"0,1547","0,2454",,
27331,31842792,1400471114079,Eye Tracker,Participant0058,17.09.2021,Participant0058,Recording4,17.09.2021,17.09.2021,14:48:45.713,12:48:45.713,64514,Timeline2,Tobii I-VT (Fixation),1.145.28180,1080,1920,"10,00",699706231.0,,,534.0,257.0,540.0,254.0,529.0,259.0,"-0,15913","-0,05309","-0,98583","-0,27388","-0,05792","-0,96002",,,Valid,Valid,"232,3","97,7","522,9","290,7","101,8","510,8","147,9","69,5","145,0","71,0","0,1582","0,2377","0,1625","0,2353","0,1540","0,2401",thumbnail_grossTrial,thumbnail_grossTrial.png,1245.0,1080.0,337.0,0.0,798.0,692.0,Fixation,83.0,65.0,530.0,265.0,"0,1547","0,2454",,
27332,31851133,1400471122420,Eye Tracker,Participant0058,17.09.2021,Participant0058,Recording4,17.09.2021,17.09.2021,14:48:45.713,12:48:45.713,64514,Timeline2,Tobii I-VT (Fixation),1.145.28180,1080,1920,"10,00",699714571.0,,,532.0,270.0,,,532.0,270.0,,,,"-0,27255","-0,05223","-0,96072",,"5,51",Invalid,Valid,,,,"290,7","101,7","510,8",,,"145,7","73,9","0,1562","0,2501",,,"0,1562","0,2501",thumbnail_grossTrial,thumbnail_grossTrial.png,1245.0,1080.0,337.0,0.0,798.0,692.0,Fixation,83.0,65.0,530.0,265.0,"0,1547","0,2454",,
27333,31859552,1400471130839,Eye Tracker,Participant0058,17.09.2021,Participant0058,Recording4,17.09.2021,17.09.2021,14:48:45.713,12:48:45.713,64514,Timeline2,Tobii I-VT (Fixation),1.145.28180,1080,1920,"10,00",699722990.0,,,530.0,266.0,,,530.0,266.0,,,,"-0,27354","-0,05467","-0,96031",,,Invalid,Valid,,,,"290,8","101,9","510,7",,,"145,3","72,8","0,1549","0,2464",,,"0,1549","0,2464",thumbnail_grossTrial,thumbnail_grossTrial.png,1245.0,1080.0,337.0,0.0,798.0,692.0,Saccade,17.0,115.0,,,,,,
27334,31867789,1400471139076,Eye Tracker,Participant0058,17.09.2021,Participant0058,Recording4,17.09.2021,17.09.2021,14:48:45.713,12:48:45.713,64514,Timeline2,Tobii I-VT (Fixation),1.145.28180,1080,1920,"10,00",699731226.0,,,537.0,233.0,541.0,211.0,533.0,254.0,"-0,15808","-0,07520","-0,98456","-0,27210","-0,06067","-0,96035",,,Valid,Valid,"232,3","97,7","522,9","290,8","101,8","510,7","148,4","57,7","146,1","69,6","0,1605","0,2154","0,1639","0,1953","0,1571","0,2354",thumbnail_grossTrial,thumbnail_grossTrial.png,1245.0,1080.0,337.0,0.0,798.0,692.0,Saccade,17.0,115.0,,,,,,
27335,31876156,1400471147443,Eye Tracker,Participant0058,17.09.2021,Participant0058,Recording4,17.09.2021,17.09.2021,14:48:45.713,12:48:45.713,64514,Timeline2,Tobii I-VT (Fixation),1.145.28180,1080,1920,"10,00",699739593.0,,,523.0,251.0,,,523.0,251.0,,,,"-0,27656","-0,06209","-0,95899",,"5,64",Invalid,Valid,,,,"290,7","101,7","510,6",,,"143,4","68,7","0,1493","0,2324",,,"0,1493","0,2324",thumbnail_grossTrial,thumbnail_grossTrial.png,1245.0,1080.0,337.0,0.0,798.0,692.0,Unclassified,8.0,277.0,,,,,,
27336,31884460,1400471155747,Eye Tracker,Participant0058,17.09.2021,Participant0058,Recording4,17.09.2021,17.09.2021,14:48:45.713,12:48:45.713,64514,Timeline2,Tobii I-VT (Fixation),1.145.28180,1080,1920,"10,00",699747896.0,,,526.0,248.0,,,526.0,248.0,,,,"-0,27568","-0,06404","-0,95912",,,Invalid,Valid,,,,"290,8","102,0","510,6",,,"144,1","67,9","0,1512","0,2297",,,"0,1512","0,2297",thumbnail_grossTrial,thumbnail_grossTrial.png,1245.0,1080.0,337.0,0.0,798.0,692.0,Saccade,17.0,116.0,,,,,,
27337,31892816,1400471164103,Eye Tracker,Participant0058,17.09.2021,Participant0058,Recording4,17.09.2021,17.09.2021,14:48:45.713,12:48:45.713,64514,Timeline2,Tobii I-VT (Fixation),1.145.28180,1080,1920,"10,00",699756252.0,,,526.0,270.0,531.0,271.0,521.0,268.0,"-0,16346","-0,04410","-0,98556","-0,27790","-0,05364","-0,95911",,,Valid,Valid,"232,3","97,7","522,9","290,8","101,9","510,5","145,6","74,3","142,8","73,4","0,1517","0,2497","0,1558","0,2513","0,1476","0,2482",thumbnail_grossTrial,thumbnail_grossTrial.png,1245.0,1080.0,337.0,0.0,798.0,692.0,Saccade,17.0,116.0,,,,,,
27338,31901149,1400471172436,Eye Tracker,Participant0058,17.09.2021,Participant0058,Recording4,17.09.2021,17.09.2021,14:48:45.713,12:48:45.713,64514,Timeline2,Tobii I-VT (Fixation),1.145.28180,1080,1920,"10,00",699764584.0,,,,,,,,,,,,,,,,,Invalid,Invalid,,,,,,,,,,,,,,,,,thumbnail_grossTrial,thumbnail_grossTrial.png,1245.0,1080.0,337.0,0.0,798.0,692.0,EyesNotFound,8.0,243.0,,,,,,
27339,31909459,1400471180746,Eye Tracker,Participant0058,17.09.2021,Participant0058,Recording4,17.09.2021,17.09.2021,14:48:45.713,12:48:45.713,64514,Timeline2,Tobii I-VT (Fixation),1.145.28180,1080,1920,"10,00",699772893.0,,,525.0,270.0,531.0,271.0,520.0,268.0,"-0,16380","-0,04432","-0,98550","-0,27877","-0,05387","-0,95885",,,Valid,Valid,"232,5","97,8","522,9","290,8","102,0","510,5","145,6","74,3","142,4","73,4","0,1510","0,2497","0,1558","0,2513","0,1463","0,2482",thumbnail_grossTrial,thumbnail_grossTrial.png,1245.0,1080.0,337.0,0.0,798.0,692.0,Unclassified,25.0,278.0,,,,,,
27340,31917784,1400471189071,Eye Tracker,Participant0058,17.09.2021,Participant0058,Recording4,17.09.2021,17.09.2021,14:48:45.713,12:48:45.713,64514,Timeline2,Tobii I-VT (Fixation),1.145.28180,1080,1920,"10,00",699781218.0,,,529.0,259.0,536.0,246.0,522.0,272.0,"-0,16100","-0,05722","-0,98529","-0,27737","-0,05165","-0,95937",,,Valid,Valid,"232,3","97,6","522,9","290,7","102,0","510,5","146,9","67,3","143,1","74,5","0,1540","0,2398","0,1595","0,2276","0,1486","0,2520",thumbnail_grossTrial,thumbnail_grossTrial.png,1245.0,1080.0,337.0,0.0,798.0,692.0,Unclassified,25.0,278.0,,,,,,
27341,31926162,1400471197449,Eye Tracker,Participant0058,17.09.2021,Participant0058,Recording4,17.09.2021,17.09.2021,14:48:45.713,12:48:45.713,64514,Timeline2,Tobii I-VT (Fixation),1.145.28180,1080,1920,"10,00",699789595.0,,,520.0,262.0,,,520.0,262.0,,,,"-0,27847","-0,05684","-0,95876",,"5,53",Invalid,Valid,,,,"290,7","101,9","510,5",,,"142,4","71,7","0,1465","0,2424",,,"0,1465","0,2424",thumbnail_grossTrial,thumbnail_grossTrial.png,1245.0,1080.0,337.0,0.0,798.0,692.0,Unclassified,25.0,278.0,,,,,,
27342,31934466,1400471205753,Eye Tracker,Participant0058,17.09.2021,Participant0058,Recording4,17.09.2021,17.09.2021,14:48:45.713,12:48:45.713,64514,Timeline2,Tobii I-VT (Fixation),1.145.28180,1080,1920,"10,00",699797899.0,,,528.0,257.0,536.0,246.0,519.0,267.0,"-0,16133","-0,05740","-0,98523","-0,27879","-0,05419","-0,95882",,,Valid,Valid,"232,5","97,8","523,0","290,8","102,0","510,5","146,9","67,3","142,4","73,2","0,1529","0,2376","0,1595","0,2276","0,1463","0,2476",thumbnail_grossTrial,thumbnail_grossTrial.png,1245.0,1080.0,337.0,0.0,798.0,692.0,Saccade,17.0,117.0,,,,,,
27343,31942822,1400471214109,Eye Tracker,Participant0058,17.09.2021,Participant0058,Recording4,17.09.2021,17.09.2021,14:48:45.713,12:48:45.713,64514,Timeline2,Tobii I-VT (Fixation),1.145.28180,1080,1920,"10,00",699806254.0,,,490.0,214.0,464.0,163.0,517.0,265.0,"-0,19632","-0,09905","-0,97552","-0,27993","-0,05548","-0,95842",,,Valid,Valid,"232,3","97,6","523,1","290,7","102,0","510,5","127,0","44,5","141,6","72,4","0,1227","0,1977","0,1014","0,1505","0,1441","0,2450",thumbnail_grossTrial,thumbnail_grossTrial.png,1245.0,1080.0,337.0,0.0,798.0,692.0,Saccade,17.0,117.0,,,,,,
27344,31951160,1400471222447,Eye Tracker,Participant0058,17.09.2021,Participant0058,Recording4,17.09.2021,17.09.2021,14:48:45.713,12:48:45.713,64514,Timeline2,Tobii I-VT (Fixation),1.145.28180,1080,1920,"10,00",699814591.0,,,515.0,268.0,,,515.0,268.0,,,,"-0,28070","-0,05383","-0,95828",,"5,50",Invalid,Valid,,,,"290,7","101,9","510,5",,,"141,2","73,2","0,1428","0,2478",,,"0,1428","0,2478",thumbnail_grossTrial,thumbnail_grossTrial.png,1245.0,1080.0,337.0,0.0,798.0,692.0,Unclassified,8.0,279.0,,,,,,
27345,31959485,1400471230772,Eye Tracker,Participant0058,17.09.2021,Participant0058,Recording4,17.09.2021,17.09.2021,14:48:45.713,12:48:45.713,64514,Timeline2,Tobii I-VT (Fixation),1.145.28180,1080,1920,"10,00",699822916.0,,,470.0,214.0,423.0,163.0,518.0,264.0,"-0,21640","-0,09856","-0,97132","-0,27959","-0,05566","-0,95850",,,Valid,Valid,"232,5","97,7","523,3","290,8","102,0","510,5","115,9","44,6","141,9","72,4","0,1069","0,1978","0,0689","0,1508","0,1449","0,2449",thumbnail_grossTrial,thumbnail_grossTrial.png,1245.0,1080.0,337.0,0.0,798.0,692.0,Saccade,17.0,118.0,,,,,,
27346,31967822,1400471239109,Eye Tracker,Participant0058,17.09.2021,Participant0058,Recording4,17.09.2021,17.09.2021,14:48:45.713,12:48:45.713,64514,Timeline2,Tobii I-VT (Fixation),1.145.28180,1080,1920,"10,00",699831252.0,,,524.0,263.0,530.0,266.0,518.0,261.0,"-0,16415","-0,04681","-0,98532","-0,27915","-0,05751","-0,95852",,,Valid,Valid,"232,3","97,6","523,0","290,8","101,9","510,5","145,2","72,8","142,1","71,3","0,1500","0,2437","0,1546","0,2461","0,1455","0,2412",thumbnail_grossTrial,thumbnail_grossTrial.png,1245.0,1080.0,337.0,0.0,798.0,692.0,Saccade,17.0,118.0,,,,,,
27347,31976155,1400471247442,Eye Tracker,Participant0058,17.09.2021,Participant0058,Recording4,17.09.2021,17.09.2021,14:48:45.713,12:48:45.713,64514,Timeline2,Tobii I-VT (Fixation),1.145.28180,1080,1920,"10,00",699839585.0,,,515.0,259.0,,,515.0,259.0,,,,"-0,28078","-0,05810","-0,95801",,"5,46",Invalid,Valid,,,,"290,8","101,9","510,5",,,"141,1","70,9","0,1427","0,2399",,,"0,1427","0,2399",thumbnail_grossTrial,thumbnail_grossTrial.png,1245.0,1080.0,337.0,0.0,798.0,692.0,Unclassified,25.0,280.0,,,,,,
27348,31984492,1400471255779,Eye Tracker,Participant0058,17.09.2021,Participant0058,Recording4,17.09.2021,17.09.2021,14:48:45.713,12:48:45.713,64514,Timeline2,Tobii I-VT (Fixation),1.145.28180,1080,1920,"10,00",699847921.0,,,522.0,255.0,530.0,266.0,514.0,244.0,"-0,16479","-0,04757","-0,98518","-0,28117","-0,06604","-0,95738",,,Valid,Valid,"232,6","98,0","522,4","290,8","102,0","510,5","145,2","72,8","140,9","66,8","0,1483","0,2360","0,1546","0,2461","0,1420","0,2259",thumbnail_grossTrial,thumbnail_grossTrial.png,1245.0,1080.0,337.0,0.0,798.0,692.0,Unclassified,25.0,280.0,,,,,,
27349,31992866,1400471264153,Eye Tracker,Participant0058,17.09.2021,Participant0058,Recording4,17.09.2021,17.09.2021,14:48:45.713,12:48:45.713,64514,Timeline2,Tobii I-VT (Fixation),1.145.28180,1080,1920,"10,00",699856295.0,,,525.0,268.0,537.0,282.0,513.0,254.0,"-0,16104","-0,03961","-0,98615","-0,28169","-0,06078","-0,95758",,,Valid,Valid,"232,4","98,0","521,9","290,8","101,9","510,5","147,2","77,1","140,6","69,5","0,1507","0,2479","0,1603","0,2607","0,1411","0,2350",thumbnail_grossTrial,thumbnail_grossTrial.png,1245.0,1080.0,337.0,0.0,798.0,692.0,Unclassified,25.0,280.0,,,,,,
27350,32001128,1400471272415,Eye Tracker,Participant0058,17.09.2021,Participant0058,Recording4,17.09.2021,17.09.2021,14:48:45.713,12:48:45.713,64514,Timeline2,Tobii I-VT (Fixation),1.145.28180,1080,1920,"10,00",699864556.0,,,,,,,,,,,,,,,,,Invalid,Invalid,,,,,,,,,,,,,,,,,thumbnail_grossTrial,thumbnail_grossTrial.png,1245.0,1080.0,337.0,0.0,798.0,692.0,EyesNotFound,8.0,244.0,,,,,,
27351,32009459,1400471280746,Eye Tracker,Participant0058,17.09.2021,Participant0058,Recording4,17.09.2021,17.09.2021,14:48:45.713,12:48:45.713,64514,Timeline2,Tobii I-VT (Fixation),1.145.28180,1080,1920,"10,00",699872886.0,,,523.0,273.0,537.0,282.0,509.0,265.0,"-0,16170","-0,04055","-0,98601","-0,28385","-0,05489","-0,95730",,,Valid,Valid,"232,6","98,5","521,0","290,8","101,9","510,6","147,2","77,1","139,5","72,6","0,1490","0,2532","0,1603","0,2607","0,1377","0,2457",thumbnail_grossTrial,thumbnail_grossTrial.png,1245.0,1080.0,337.0,0.0,798.0,692.0,Saccade,17.0,119.0,,,,,,
27352,32017822,1400471289109,Eye Tracker,Participant0058,17.09.2021,Participant0058,Recording4,17.09.2021,17.09.2021,14:48:45.713,12:48:45.713,64514,Timeline2,Tobii I-VT (Fixation),1.145.28180,1080,1920,"10,00",699881249.0,,,482.0,235.0,454.0,206.0,510.0,264.0,"-0,20248","-0,07919","-0,97608","-0,28309","-0,05527","-0,95750",,,Valid,Valid,"232,4","98,6","520,4","290,8","101,8","510,6","124,5","56,3","139,8","72,3","0,1164","0,2177","0,0939","0,1906","0,1389","0,2447",thumbnail_grossTrial,thumbnail_grossTrial.png,1245.0,1080.0,337.0,0.0,798.0,692.0,Saccade,17.0,119.0,,,,,,
27353,32026180,1400471297467,Eye Tracker,Participant0058,17.09.2021,Participant0058,Recording4,17.09.2021,17.09.2021,14:48:45.713,12:48:45.713,64514,Timeline2,Tobii I-VT (Fixation),1.145.28180,1080,1920,"10,00",699889606.0,,,506.0,255.0,,,506.0,255.0,,,,"-0,28498","-0,05976","-0,95667",,"5,70",Invalid,Valid,,,,"290,8","101,8","510,6",,,"138,7","69,9","0,1354","0,2364",,,"0,1354","0,2364",thumbnail_grossTrial,thumbnail_grossTrial.png,1245.0,1080.0,337.0,0.0,798.0,692.0,Unclassified,8.0,281.0,,,,,,
27354,32034518,1400471305805,Eye Tracker,Participant0058,17.09.2021,Participant0058,Recording4,17.09.2021,17.09.2021,14:48:45.713,12:48:45.713,64514,Timeline2,Tobii I-VT (Fixation),1.145.28180,1080,1920,"10,00",699897943.0,,,490.0,236.0,473.0,213.0,508.0,258.0,"-0,19392","-0,07673","-0,97801","-0,28437","-0,05846","-0,95693",,,Valid,Valid,"232,6","99,1","519,3","290,8","101,8","510,6","129,7","58,4","139,1","70,7","0,1229","0,2183","0,1091","0,1976","0,1367","0,2391",thumbnail_grossTrial,thumbnail_grossTrial.png,1245.0,1080.0,337.0,0.0,798.0,692.0,Saccade,17.0,120.0,,,,,,
27355,32042780,1400471314067,Eye Tracker,Participant0058,17.09.2021,Participant0058,Recording4,17.09.2021,17.09.2021,14:48:45.713,12:48:45.713,64514,Timeline2,Tobii I-VT (Fixation),1.145.28180,1080,1920,"10,00",699906205.0,,,523.0,245.0,538.0,244.0,508.0,247.0,"-0,16170","-0,06165","-0,98491","-0,28405","-0,06413","-0,95666",,,Valid,Valid,"232,5","99,3","518,6","290,8","101,7","510,6","147,3","66,8","139,2","67,5","0,1488","0,2272","0,1608","0,2261","0,1369","0,2284",thumbnail_grossTrial,thumbnail_grossTrial.png,1245.0,1080.0,337.0,0.0,798.0,692.0,Saccade,17.0,120.0,,,,,,
27356,32051154,1400471322441,Eye Tracker,Participant0058,17.09.2021,Participant0058,Recording4,17.09.2021,17.09.2021,14:48:45.713,12:48:45.713,64514,Timeline2,Tobii I-VT (Fixation),1.145.28180,1080,1920,"10,00",699914578.0,,,510.0,249.0,,,510.0,249.0,,,,"-0,28316","-0,06309","-0,95700",,"5,60",Invalid,Valid,,,,"290,8","101,7","510,7",,,"139,7","68,0","0,1384","0,2302",,,"0,1384","0,2302",thumbnail_grossTrial,thumbnail_grossTrial.png,1245.0,1080.0,337.0,0.0,798.0,692.0,Unclassified,8.0,282.0,,,,,,
27357,32059452,1400471330739,Eye Tracker,Participant0058,17.09.2021,Participant0058,Recording4,17.09.2021,17.09.2021,14:48:45.713,12:48:45.713,64514,Timeline2,Tobii I-VT (Fixation),1.145.28180,1080,1920,"10,00",699922876.0,,,523.0,245.0,538.0,244.0,509.0,245.0,"-0,16248","-0,06300","-0,98470","-0,28361","-0,06501","-0,95673",,,Valid,Valid,"232,7","99,9","517,3","290,8","101,8","510,7","147,3","66,8","139,5","67,1","0,1493","0,2266","0,1608","0,2261","0,1377","0,2270",thumbnail_grossTrial,thumbnail_grossTrial.png,1245.0,1080.0,337.0,0.0,798.0,692.0,Saccade,17.0,121.0,,,,,,
27358,32067856,1400471339143,Eye Tracker,Participant0058,17.09.2021,Participant0058,Recording4,17.09.2021,17.09.2021,14:48:45.713,12:48:45.713,64514,Timeline2,Tobii I-VT (Fixation),1.145.28180,1080,1920,"10,00",699931279.0,,,523.0,264.0,536.0,277.0,510.0,251.0,"-0,16314","-0,04630","-0,98552","-0,28300","-0,06182","-0,95712",,,Valid,Valid,"232,5","100,1","516,6","290,8","101,7","510,7","147,0","75,8","139,8","68,7","0,1493","0,2445","0,1599","0,2565","0,1387","0,2325",thumbnail_grossTrial,thumbnail_grossTrial.png,1245.0,1080.0,337.0,0.0,798.0,692.0,Saccade,17.0,121.0,,,,,,
27359,32076159,1400471347446,Eye Tracker,Participant0058,17.09.2021,Participant0058,Recording4,17.09.2021,17.09.2021,14:48:45.713,12:48:45.713,64514,Timeline2,Tobii I-VT (Fixation),1.145.28180,1080,1920,"10,00",699939582.0,,,,,,,,,,,,,,,,,Invalid,Invalid,,,,,,,,,,,,,,,,,thumbnail_grossTrial,thumbnail_grossTrial.png,1245.0,1080.0,337.0,0.0,798.0,692.0,EyesNotFound,8.0,245.0,,,,,,
27360,32084455,1400471355742,Eye Tracker,Participant0058,17.09.2021,Participant0058,Recording4,17.09.2021,17.09.2021,14:48:45.713,12:48:45.713,64514,Timeline2,Tobii I-VT (Fixation),1.145.28180,1080,1920,"10,00",699947877.0,,,522.0,264.0,536.0,277.0,507.0,251.0,"-0,16391","-0,04760","-0,98533","-0,28443","-0,06170","-0,95671",,,Valid,Valid,"232,7","100,7","515,4","290,9","101,8","510,8","147,0","75,8","139,0","68,8","0,1481","0,2446","0,1599","0,2565","0,1364","0,2328",thumbnail_grossTrial,thumbnail_grossTrial.png,1245.0,1080.0,337.0,0.0,798.0,692.0,Unclassified,17.0,283.0,,,,,,
27361,32092822,1400471364109,Eye Tracker,Participant0058,17.09.2021,Participant0058,Recording4,17.09.2021,17.09.2021,14:48:45.713,12:48:45.713,64514,Timeline2,Tobii I-VT (Fixation),1.145.28180,1080,1920,"10,00",699956243.0,,,523.0,256.0,530.0,269.0,516.0,244.0,"-0,16714","-0,05218","-0,98455","-0,27995","-0,06556","-0,95777",,,Valid,Valid,"232,6","100,8","514,7","290,8","101,7","510,8","145,2","73,5","141,5","66,7","0,1492","0,2372","0,1547","0,2488","0,1437","0,2256",thumbnail_grossTrial,thumbnail_grossTrial.png,1245.0,1080.0,337.0,0.0,798.0,692.0,Unclassified,17.0,283.0,,,,,,
27362,32101141,1400471372428,Eye Tracker,Participant0058,17.09.2021,Participant0058,Recording4,17.09.2021,17.09.2021,14:48:45.713,12:48:45.713,64514,Timeline2,Tobii I-VT (Fixation),1.145.28180,1080,1920,"10,00",699964562.0,,,,,,,,,,,,,,,,,Invalid,Invalid,,,,,,,,,,,,,,,,,thumbnail_grossTrial,thumbnail_grossTrial.png,1245.0,1080.0,337.0,0.0,798.0,692.0,EyesNotFound,8.0,246.0,,,,,,
27363,32109447,1400471380734,Eye Tracker,Participant0058,17.09.2021,Participant0058,Recording4,17.09.2021,17.09.2021,14:48:45.713,12:48:45.713,64514,Timeline2,Tobii I-VT (Fixation),1.145.28180,1080,1920,"10,00",699972867.0,,,533.0,250.0,530.0,269.0,535.0,232.0,"-0,16779","-0,05339","-0,98438","-0,27094","-0,07184","-0,95991",,,Valid,Valid,"232,8","101,4","513,6","290,9","101,7","510,9","145,2","73,5","146,7","63,5","0,1568","0,2318","0,1547","0,2488","0,1589","0,2148",thumbnail_grossTrial,thumbnail_grossTrial.png,1245.0,1080.0,337.0,0.0,798.0,692.0,Saccade,42.0,122.0,,,,,,
27364,32117818,1400471389105,Eye Tracker,Participant0058,17.09.2021,Participant0058,Recording4,17.09.2021,17.09.2021,14:48:45.713,12:48:45.713,64514,Timeline2,Tobii I-VT (Fixation),1.145.28180,1080,1920,"10,00",699981238.0,,,529.0,251.0,525.0,271.0,532.0,230.0,"-0,17048","-0,05243","-0,98396","-0,27210","-0,07246","-0,95954",,,Valid,Valid,"232,7","101,5","513,1","290,8","101,6","511,0","143,8","74,1","145,9","63,0","0,1536","0,2321","0,1504","0,2509","0,1567","0,2133",thumbnail_grossTrial,thumbnail_grossTrial.png,1245.0,1080.0,337.0,0.0,798.0,692.0,Saccade,42.0,122.0,,,,,,
27365,32126122,1400471397409,Eye Tracker,Participant0058,17.09.2021,Participant0058,Recording4,17.09.2021,17.09.2021,14:48:45.713,12:48:45.713,64514,Timeline2,Tobii I-VT (Fixation),1.145.28180,1080,1920,"10,00",699989541.0,,,513.0,247.0,,,513.0,247.0,,,,"-0,28140","-0,06361","-0,95748",,"5,55",Invalid,Valid,,,,"290,8","101,6","511,0",,,"140,6","67,6","0,1411","0,2288",,,"0,1411","0,2288",thumbnail_grossTrial,thumbnail_grossTrial.png,1245.0,1080.0,337.0,0.0,798.0,692.0,Saccade,42.0,122.0,,,,,,
27366,32134459,1400471405746,Eye Tracker,Participant0058,17.09.2021,Participant0058,Recording4,17.09.2021,17.09.2021,14:48:45.713,12:48:45.713,64514,Timeline2,Tobii I-VT (Fixation),1.145.28180,1080,1920,"10,00",699997877.0,,,514.0,266.0,525.0,271.0,504.0,262.0,"-0,17102","-0,05345","-0,98382","-0,28590","-0,05621","-0,95661",,,Valid,Valid,"232,8","102,0","512,2","290,9","101,7","511,0","143,8","74,1","138,1","71,6","0,1422","0,2466","0,1504","0,2509","0,1339","0,2424",thumbnail_grossTrial,thumbnail_grossTrial.png,1245.0,1080.0,337.0,0.0,798.0,692.0,Saccade,42.0,122.0,,,,,,
27367,32142774,1400471414061,Eye Tracker,Participant0058,17.09.2021,Participant0058,Recording4,17.09.2021,17.09.2021,14:48:45.713,12:48:45.713,64514,Timeline2,Tobii I-VT (Fixation),1.145.28180,1080,1920,"10,00",700006192.0,,,491.0,247.0,478.0,224.0,504.0,271.0,"-0,19449","-0,07791","-0,97781","-0,28598","-0,05152","-0,95685",,,Valid,Valid,"232,7","102,0","511,8","290,8","101,6","511,1","130,9","61,3","138,1","74,0","0,1232","0,2289","0,1127","0,2073","0,1337","0,2505",thumbnail_grossTrial,thumbnail_grossTrial.png,1245.0,1080.0,337.0,0.0,798.0,692.0,Saccade,42.0,122.0,,,,,,
27368,32151106,1400471422393,Eye Tracker,Participant0058,17.09.2021,Participant0058,Recording4,17.09.2021,17.09.2021,14:48:45.713,12:48:45.713,64514,Timeline2,Tobii I-VT (Fixation),1.145.28180,1080,1920,"10,00",700014524.0,,,,,,,,,,,,,,,,,Invalid,Invalid,,,,,,,,,,,,,,,,,thumbnail_grossTrial,thumbnail_grossTrial.png,1245.0,1080.0,337.0,0.0,798.0,692.0,EyesNotFound,8.0,247.0,,,,,,
27369,32159445,1400471430732,Eye Tracker,Participant0058,17.09.2021,Participant0058,Recording4,17.09.2021,17.09.2021,14:48:45.713,12:48:45.713,64514,Timeline2,Tobii I-VT (Fixation),1.145.28180,1080,1920,"10,00",700022862.0,,,489.0,245.0,459.0,228.0,520.0,263.0,"-0,20440","-0,07657","-0,97589","-0,27845","-0,05558","-0,95884",,,Valid,Valid,"232,8","102,4","511,1","290,9","101,6","511,1","125,8","62,3","142,4","72,0","0,1221","0,2272","0,0977","0,2109","0,1465","0,2436",thumbnail_grossTrial,thumbnail_grossTrial.png,1245.0,1080.0,337.0,0.0,798.0,692.0,Saccade,42.0,123.0,,,,,,
27370,32167877,1400471439164,Eye Tracker,Participant0058,17.09.2021,Participant0058,Recording4,17.09.2021,17.09.2021,14:48:45.713,12:48:45.713,64514,Timeline2,Tobii I-VT (Fixation),1.145.28180,1080,1920,"10,00",700031293.0,,,495.0,264.0,477.0,244.0,512.0,283.0,"-0,19560","-0,06811","-0,97831","-0,28195","-0,04504","-0,95837",,,Valid,Valid,"232,8","102,4","510,7","290,8","101,5","511,1","130,6","66,9","140,4","77,5","0,1263","0,2443","0,1119","0,2263","0,1406","0,2622",thumbnail_grossTrial,thumbnail_grossTrial.png,1245.0,1080.0,337.0,0.0,798.0,692.0,Saccade,42.0,123.0,,,,,,
27371,32176142,1400471447429,Eye Tracker,Participant0058,17.09.2021,Participant0058,Recording4,17.09.2021,17.09.2021,14:48:45.713,12:48:45.713,64514,Timeline2,Tobii I-VT (Fixation),1.145.28180,1080,1920,"10,00",700039558.0,,,527.0,313.0,,,527.0,313.0,,,,"-0,27507","-0,02956","-0,96097",,"5,49",Invalid,Valid,,,,"290,7","101,4","511,2",,,"144,4","85,7","0,1522","0,2899",,,"0,1522","0,2899",thumbnail_grossTrial,thumbnail_grossTrial.png,1245.0,1080.0,337.0,0.0,798.0,692.0,Saccade,42.0,123.0,,,,,,
27372,32184484,1400471455771,Eye Tracker,Participant0058,17.09.2021,Participant0058,Recording4,17.09.2021,17.09.2021,14:48:45.713,12:48:45.713,64514,Timeline2,Tobii I-VT (Fixation),1.145.28180,1080,1920,"10,00",700047899.0,,,514.0,288.0,501.0,263.0,528.0,313.0,"-0,18387","-0,05918","-0,98117","-0,27494","-0,02981","-0,96100",,,Valid,Valid,"232,9","102,8","510,2","290,9","101,6","511,2","137,3","72,0","144,6","85,7","0,1421","0,2668","0,1313","0,2436","0,1529","0,2900",thumbnail_grossTrial,thumbnail_grossTrial.png,1245.0,1080.0,337.0,0.0,798.0,692.0,Saccade,42.0,123.0,,,,,,
27373,32192806,1400471464093,Eye Tracker,Participant0058,17.09.2021,Participant0058,Recording4,17.09.2021,17.09.2021,14:48:45.713,12:48:45.713,64514,Timeline2,Tobii I-VT (Fixation),1.145.28180,1080,1920,"10,00",700056220.0,,,524.0,251.0,504.0,267.0,543.0,235.0,"-0,18213","-0,05696","-0,98162","-0,26691","-0,06990","-0,96118",,,Valid,Valid,"232,8","102,8","509,9","290,8","101,5","511,2","138,2","73,2","148,9","64,3","0,1497","0,2326","0,1340","0,2476","0,1653","0,2176",thumbnail_grossTrial,thumbnail_grossTrial.png,1245.0,1080.0,337.0,0.0,798.0,692.0,Saccade,42.0,123.0,,,,,,
27374,32201106,1400471472393,Eye Tracker,Participant0058,17.09.2021,Participant0058,Recording4,17.09.2021,17.09.2021,14:48:45.713,12:48:45.713,64514,Timeline2,Tobii I-VT (Fixation),1.145.28180,1080,1920,"10,00",700064520.0,,,,,,,,,,,,,,,,,Invalid,Invalid,,,,,,,,,,,,,,,,,thumbnail_grossTrial,thumbnail_grossTrial.png,1245.0,1080.0,337.0,0.0,798.0,692.0,EyesNotFound,8.0,248.0,,,,,,
27375,32209484,1400471480771,Eye Tracker,Participant0058,17.09.2021,Participant0058,Recording4,17.09.2021,17.09.2021,14:48:45.713,12:48:45.713,64514,Timeline2,Tobii I-VT (Fixation),1.145.28180,1080,1920,"10,00",700072898.0,,,524.0,255.0,509.0,268.0,539.0,243.0,"-0,17978","-0,05724","-0,98204","-0,26907","-0,06597","-0,96086",,,Valid,Valid,"232,9","103,1","509,5","290,9","101,5","511,3","139,6","73,4","147,7","66,4","0,1501","0,2365","0,1382","0,2482","0,1620","0,2248",thumbnail_grossTrial,thumbnail_grossTrial.png,1245.0,1080.0,337.0,0.0,798.0,692.0,Unclassified,17.0,284.0,,,,,,
27376,32217771,1400471489058,Eye Tracker,Participant0058,17.09.2021,Participant0058,Recording4,17.09.2021,17.09.2021,14:48:45.713,12:48:45.713,64514,Timeline2,Tobii I-VT (Fixation),1.145.28180,1080,1920,"10,00",700081183.0,,,526.0,278.0,524.0,264.0,528.0,292.0,"-0,17237","-0,05936","-0,98324","-0,27479","-0,04028","-0,96066",,,Valid,Valid,"232,8","103,0","509,3","290,9","101,5","511,3","143,5","72,3","144,6","80,0","0,1512","0,2577","0,1496","0,2446","0,1528","0,2707",thumbnail_grossTrial,thumbnail_grossTrial.png,1245.0,1080.0,337.0,0.0,798.0,692.0,Unclassified,17.0,284.0,,,,,,
27377,32226146,1400471497433,Eye Tracker,Participant0058,17.09.2021,Participant0058,Recording4,17.09.2021,17.09.2021,14:48:45.713,12:48:45.713,64514,Timeline2,Tobii I-VT (Fixation),1.145.28180,1080,1920,"10,00",700089558.0,,,,,,,,,,,,,,,,,Invalid,Invalid,,,,,,,,,,,,,,,,,thumbnail_grossTrial,thumbnail_grossTrial.png,1245.0,1080.0,337.0,0.0,798.0,692.0,EyesNotFound,8.0,249.0,,,,,,
27378,32234450,1400471505737,Eye Tracker,Participant0058,17.09.2021,Participant0058,Recording4,17.09.2021,17.09.2021,14:48:45.713,12:48:45.713,64514,Timeline2,Tobii I-VT (Fixation),1.145.28180,1080,1920,"10,00",700097862.0,,,532.0,272.0,517.0,261.0,548.0,283.0,"-0,17602","-0,06179","-0,98245","-0,26518","-0,04557","-0,96312",,,Valid,Valid,"232,9","103,3","508,9","290,9","101,5","511,4","141,8","71,3","150,1","77,3","0,1567","0,2515","0,1445","0,2413","0,1689","0,2616",thumbnail_grossTrial,thumbnail_grossTrial.png,1245.0,1080.0,337.0,0.0,798.0,692.0,Saccade,25.0,124.0,,,,,,
27379,32242816,1400471514103,Eye Tracker,Participant0058,17.09.2021,Participant0058,Recording4,17.09.2021,17.09.2021,14:48:45.713,12:48:45.713,64514,Timeline2,Tobii I-VT (Fixation),1.145.28180,1080,1920,"10,00",700106227.0,,,524.0,278.0,495.0,276.0,553.0,280.0,"-0,18724","-0,05351","-0,98085","-0,26256","-0,04653","-0,96379",,,Valid,Valid,"232,8","103,4","508,5","290,9","101,4","511,4","135,8","75,6","151,5","76,7","0,1500","0,2577","0,1270","0,2558","0,1731","0,2597",thumbnail_grossTrial,thumbnail_grossTrial.png,1245.0,1080.0,337.0,0.0,798.0,692.0,Saccade,25.0,124.0,,,,,,
27380,32251110,1400471522397,Eye Tracker,Participant0058,17.09.2021,Participant0058,Recording4,17.09.2021,17.09.2021,14:48:45.713,12:48:45.713,64514,Timeline2,Tobii I-VT (Fixation),1.145.28180,1080,1920,"10,00",700114520.0,,,497.0,256.0,,,497.0,256.0,,,,"-0,28915","-0,05860","-0,95549",,"5,75",Invalid,Valid,,,,"290,9","101,4","511,5",,,"136,1","70,0","0,1278","0,2370",,,"0,1278","0,2370",thumbnail_grossTrial,thumbnail_grossTrial.png,1245.0,1080.0,337.0,0.0,798.0,692.0,Saccade,25.0,124.0,,,,,,
27381,32259443,1400471530730,Eye Tracker,Participant0058,17.09.2021,Participant0058,Recording4,17.09.2021,17.09.2021,14:48:45.713,12:48:45.713,64514,Timeline2,Tobii I-VT (Fixation),1.145.28180,1080,1920,"10,00",700122853.0,,,497.0,268.0,502.0,285.0,491.0,252.0,"-0,18433","-0,05003","-0,98159","-0,29164","-0,06058","-0,95461",,,Valid,Valid,"232,9","103,8","507,9","290,9","101,5","511,5","137,6","77,9","134,6","69,0","0,1279","0,2485","0,1322","0,2635","0,1236","0,2336",thumbnail_grossTrial,thumbnail_grossTrial.png,1245.0,1080.0,337.0,0.0,798.0,692.0,Fixation,92.0,66.0,507.0,251.0,"0,1361","0,2327",,
27382,32267770,1400471539057,Eye Tracker,Participant0058,17.09.2021,Participant0058,Recording4,17.09.2021,17.09.2021,14:48:45.713,12:48:45.713,64514,Timeline2,Tobii I-VT (Fixation),1.145.28180,1080,1920,"10,00",700131179.0,,,501.0,254.0,509.0,263.0,492.0,244.0,"-0,18053","-0,06141","-0,98165","-0,29111","-0,06445","-0,95452",,,Valid,Valid,"232,9","103,8","507,5","290,9","101,4","511,5","139,5","72,0","134,9","66,9","0,1311","0,2349","0,1380","0,2436","0,1243","0,2262",thumbnail_grossTrial,thumbnail_grossTrial.png,1245.0,1080.0,337.0,0.0,798.0,692.0,Fixation,92.0,66.0,507.0,251.0,"0,1361","0,2327",,
27383,32276128,1400471547415,Eye Tracker,Participant0058,17.09.2021,Participant0058,Recording4,17.09.2021,17.09.2021,14:48:45.713,12:48:45.713,64514,Timeline2,Tobii I-VT (Fixation),1.145.28180,1080,1920,"10,00",700139537.0,,,481.0,237.0,,,481.0,237.0,,,,"-0,29635","-0,06781","-0,95267",,"5,63",Invalid,Valid,,,,"290,9","101,4","511,6",,,"131,7","65,0","0,1151","0,2198",,,"0,1151","0,2198",thumbnail_grossTrial,thumbnail_grossTrial.png,1245.0,1080.0,337.0,0.0,798.0,692.0,Fixation,92.0,66.0,507.0,251.0,"0,1361","0,2327",,
27384,32284440,1400471555727,Eye Tracker,Participant0058,17.09.2021,Participant0058,Recording4,17.09.2021,17.09.2021,14:48:45.713,12:48:45.713,64514,Timeline2,Tobii I-VT (Fixation),1.145.28180,1080,1920,"10,00",700147848.0,,,500.0,254.0,516.0,267.0,485.0,241.0,"-0,17757","-0,06034","-0,98226","-0,29449","-0,06630","-0,95335",,,Valid,Valid,"233,0","104,1","507,0","290,9","101,5","511,5","141,3","72,9","132,9","65,9","0,1309","0,2349","0,1432","0,2468","0,1186","0,2229",thumbnail_grossTrial,thumbnail_grossTrial.png,1245.0,1080.0,337.0,0.0,798.0,692.0,Fixation,92.0,66.0,507.0,251.0,"0,1361","0,2327",,
27385,32292805,1400471564092,Eye Tracker,Participant0058,17.09.2021,Participant0058,Recording4,17.09.2021,17.09.2021,14:48:45.713,12:48:45.713,64514,Timeline2,Tobii I-VT (Fixation),1.145.28180,1080,1920,"10,00",700156213.0,,,500.0,238.0,508.0,283.0,492.0,193.0,"-0,18129","-0,05165","-0,98207","-0,29039","-0,09023","-0,95265",,,Valid,Valid,"232,9","104,0","506,8","290,9","101,4","511,5","139,4","77,4","134,9","52,9","0,1310","0,2205","0,1375","0,2619","0,1245","0,1791",thumbnail_grossTrial,thumbnail_grossTrial.png,1245.0,1080.0,337.0,0.0,798.0,692.0,Fixation,92.0,66.0,507.0,251.0,"0,1361","0,2327",,
27386,32301145,1400471572432,Eye Tracker,Participant0058,17.09.2021,Participant0058,Recording4,17.09.2021,17.09.2021,14:48:45.713,12:48:45.713,64514,Timeline2,Tobii I-VT (Fixation),1.145.28180,1080,1920,"10,00",700164552.0,,,525.0,220.0,,,525.0,220.0,,,,"-0,27551","-0,07732","-0,95818",,"5,53",Invalid,Valid,,,,"290,9","101,4","511,6",,,"143,8","60,1","0,1504","0,2033",,,"0,1504","0,2033",thumbnail_grossTrial,thumbnail_grossTrial.png,1245.0,1080.0,337.0,0.0,798.0,692.0,Fixation,92.0,66.0,507.0,251.0,"0,1361","0,2327",,
27387,32309500,1400471580787,Eye Tracker,Participant0058,17.09.2021,Participant0058,Recording4,17.09.2021,17.09.2021,14:48:45.713,12:48:45.713,64514,Timeline2,Tobii I-VT (Fixation),1.145.28180,1080,1920,"10,00",700172906.0,,,515.0,249.0,503.0,281.0,526.0,216.0,"-0,18412","-0,05288","-0,98148","-0,27494","-0,07922","-0,95819",,,Valid,Valid,"233,0","104,3","506,5","290,9","101,5","511,5","138,0","77,0","144,1","59,2","0,1425","0,2304","0,1334","0,2606","0,1515","0,2002",thumbnail_grossTrial,thumbnail_grossTrial.png,1245.0,1080.0,337.0,0.0,798.0,692.0,Fixation,92.0,66.0,507.0,251.0,"0,1361","0,2327",,
27388,32317835,1400471589122,Eye Tracker,Participant0058,17.09.2021,Participant0058,Recording4,17.09.2021,17.09.2021,14:48:45.713,12:48:45.713,64514,Timeline2,Tobii I-VT (Fixation),1.145.28180,1080,1920,"10,00",700181241.0,,,514.0,266.0,514.0,270.0,515.0,262.0,"-0,17882","-0,05887","-0,98212","-0,28031","-0,05548","-0,95830",,,Valid,Valid,"232,9","104,2","506,3","290,9","101,4","511,5","140,7","73,9","141,2","71,8","0,1422","0,2464","0,1415","0,2499","0,1430","0,2429",thumbnail_grossTrial,thumbnail_grossTrial.png,1245.0,1080.0,337.0,0.0,798.0,692.0,Fixation,92.0,66.0,507.0,251.0,"0,1361","0,2327",,
27389,32326110,1400471597397,Eye Tracker,Participant0058,17.09.2021,Participant0058,Recording4,17.09.2021,17.09.2021,14:48:45.713,12:48:45.713,64514,Timeline2,Tobii I-VT (Fixation),1.145.28180,1080,1920,"10,00",700189515.0,,,514.0,255.0,,,514.0,255.0,,,,"-0,28064","-0,05928","-0,95798",,"5,52",Invalid,Valid,,,,"290,8","101,4","511,5",,,"141,0","69,7","0,1423","0,2359",,,"0,1423","0,2359",thumbnail_grossTrial,thumbnail_grossTrial.png,1245.0,1080.0,337.0,0.0,798.0,692.0,Fixation,92.0,66.0,507.0,251.0,"0,1361","0,2327",,
27390,32334524,1400471605811,Eye Tracker,Participant0058,17.09.2021,Participant0058,Recording4,17.09.2021,17.09.2021,14:48:45.713,12:48:45.713,64514,Timeline2,Tobii I-VT (Fixation),1.145.28180,1080,1920,"10,00",700197929.0,,,512.0,259.0,510.0,266.0,514.0,252.0,"-0,18084","-0,06099","-0,98162","-0,28081","-0,06088","-0,95783",,,Valid,Valid,"233,0","104,4","506,3","290,9","101,5","511,4","139,7","72,9","141,0","69,0","0,1403","0,2401","0,1385","0,2467","0,1422","0,2334",thumbnail_grossTrial,thumbnail_grossTrial.png,1245.0,1080.0,337.0,0.0,798.0,692.0,Fixation,92.0,66.0,507.0,251.0,"0,1361","0,2327",,
27391,32342806,1400471614093,Eye Tracker,Participant0058,17.09.2021,Participant0058,Recording4,17.09.2021,17.09.2021,14:48:45.713,12:48:45.713,64514,Timeline2,Tobii I-VT (Fixation),1.145.28180,1080,1920,"10,00",700206210.0,,,510.0,265.0,508.0,275.0,512.0,254.0,"-0,18159","-0,05615","-0,98177","-0,28177","-0,05958","-0,95763",,,Valid,Valid,"232,9","104,3","506,2","290,8","101,4","511,4","139,3","75,3","140,4","69,6","0,1388","0,2451","0,1372","0,2548","0,1404","0,2355",thumbnail_grossTrial,thumbnail_grossTrial.png,1245.0,1080.0,337.0,0.0,798.0,692.0,Fixation,92.0,66.0,507.0,251.0,"0,1361","0,2327",,
27392,32351139,1400471622426,Eye Tracker,Participant0058,17.09.2021,Participant0058,Recording4,17.09.2021,17.09.2021,14:48:45.713,12:48:45.713,64514,Timeline2,Tobii I-VT (Fixation),1.145.28180,1080,1920,"10,00",700214542.0,,,,,,,,,,,,,,,,,Invalid,Invalid,,,,,,,,,,,,,,,,,thumbnail_grossTrial,thumbnail_grossTrial.png,1245.0,1080.0,337.0,0.0,798.0,692.0,EyesNotFound,8.0,250.0,,,,,,
27393,32359467,1400471630754,Eye Tracker,Participant0058,17.09.2021,Participant0058,Recording4,17.09.2021,17.09.2021,14:48:45.713,12:48:45.713,64514,Timeline2,Tobii I-VT (Fixation),1.145.28180,1080,1920,"10,00",700222870.0,,,498.0,303.0,506.0,325.0,489.0,282.0,"-0,18279","-0,03031","-0,98269","-0,29256","-0,04572","-0,95515",,,Valid,Valid,"232,9","104,5","506,4","290,7","101,7","511,5","138,7","88,9","134,1","77,2","0,1287","0,2809","0,1356","0,3007","0,1219","0,2611",thumbnail_grossTrial,thumbnail_grossTrial.png,1245.0,1080.0,337.0,0.0,798.0,692.0,Unclassified,17.0,285.0,,,,,,
27394,32367846,1400471639133,Eye Tracker,Participant0058,17.09.2021,Participant0058,Recording4,17.09.2021,17.09.2021,14:48:45.713,12:48:45.713,64514,Timeline2,Tobii I-VT (Fixation),1.145.28180,1080,1920,"10,00",700231248.0,,,438.0,346.0,424.0,374.0,452.0,317.0,"-0,22423","-0,00395","-0,97453","-0,30988","-0,02766","-0,95037",,,Valid,Valid,"232,8","104,4","506,5","290,6","101,7","511,4","116,2","102,4","123,8","86,8","0,0808","0,3200","0,0697","0,3463","0,0920","0,2937",thumbnail_grossTrial,thumbnail_grossTrial.png,1245.0,1080.0,337.0,0.0,798.0,692.0,Unclassified,17.0,285.0,,,,,,
27395,32376135,1400471647422,Eye Tracker,Participant0058,17.09.2021,Participant0058,Recording4,17.09.2021,17.09.2021,14:48:45.713,12:48:45.713,64514,Timeline2,Tobii I-VT (Fixation),1.145.28180,1080,1920,"10,00",700239537.0,,,,,,,,,,,,,,,,,Invalid,Invalid,,,,,,,,,,,,,,,,,thumbnail_grossTrial,thumbnail_grossTrial.png,1245.0,1080.0,337.0,0.0,798.0,692.0,EyesNotFound,8.0,251.0,,,,,,
27396,32384520,1400471655807,Eye Tracker,Participant0058,17.09.2021,Participant0058,Recording4,17.09.2021,17.09.2021,14:48:45.713,12:48:45.713,64514,Timeline2,Tobii I-VT (Fixation),1.145.28180,1080,1920,"10,00",700247921.0,,,445.0,376.0,429.0,381.0,461.0,372.0,"-0,22178","-0,00050","-0,97510","-0,30582","-0,00008","-0,95209",,,Valid,Valid,"232,8","104,5","506,8","290,7","101,8","511,4","117,6","104,2","126,4","101,7","0,0866","0,3483","0,0736","0,3525","0,0996","0,3442",thumbnail_grossTrial,thumbnail_grossTrial.png,1245.0,1080.0,337.0,0.0,798.0,692.0,Unclassified,17.0,286.0,,,,,,
27397,32392765,1400471664052,Eye Tracker,Participant0058,17.09.2021,Participant0058,Recording4,17.09.2021,17.09.2021,14:48:45.713,12:48:45.713,64514,Timeline2,Tobii I-VT (Fixation),1.145.28180,1080,1920,"10,00",700256165.0,,,457.0,371.0,438.0,362.0,475.0,380.0,"-0,21726","-0,01017","-0,97606","-0,29915","0,00411","-0,95420",,,Valid,Valid,"232,8","104,3","506,8","290,6","101,7","511,4","119,9","99,1","130,3","103,9","0,0957","0,3434","0,0806","0,3351","0,1109","0,3516",thumbnail_grossTrial,thumbnail_grossTrial.png,1245.0,1080.0,337.0,0.0,798.0,692.0,Unclassified,17.0,286.0,,,,,,
27398,32401106,1400471672393,Eye Tracker,Participant0058,17.09.2021,Participant0058,Recording4,17.09.2021,17.09.2021,14:48:45.713,12:48:45.713,64514,Timeline2,Tobii I-VT (Fixation),1.145.28180,1080,1920,"10,00",700264506.0,,,,,,,,,,,,,,,,,Invalid,Invalid,,,,,,,,,,,,,,,,,thumbnail_grossTrial,thumbnail_grossTrial.png,1245.0,1080.0,337.0,0.0,798.0,692.0,EyesNotFound,8.0,252.0,,,,,,
27399,32409442,1400471680729,Eye Tracker,Participant0058,17.09.2021,Participant0058,Recording4,17.09.2021,17.09.2021,14:48:45.713,12:48:45.713,64514,Timeline2,Tobii I-VT (Fixation),1.145.28180,1080,1920,"10,00",700272841.0,,,452.0,379.0,435.0,367.0,470.0,392.0,"-0,21857","-0,00771","-0,97579","-0,30192","0,01037","-0,95328",,,Valid,Valid,"232,8","104,4","506,9","290,7","101,8","511,4","119,3","100,4","128,7","107,3","0,0925","0,3514","0,0786","0,3396","0,1064","0,3631",thumbnail_grossTrial,thumbnail_grossTrial.png,1245.0,1080.0,337.0,0.0,798.0,692.0,Unclassified,17.0,287.0,,,,,,
27400,32417802,1400471689089,Eye Tracker,Participant0058,17.09.2021,Participant0058,Recording4,17.09.2021,17.09.2021,14:48:45.713,12:48:45.713,64514,Timeline2,Tobii I-VT (Fixation),1.145.28180,1080,1920,"10,00",700281200.0,,,460.0,383.0,449.0,389.0,471.0,377.0,"-0,21153","0,00411","-0,97736","-0,30101","0,00293","-0,95362",,,Valid,Valid,"232,7","104,3","507,0","290,6","101,7","511,4","123,0","106,4","129,2","103,3","0,0987","0,3547","0,0896","0,3600","0,1077","0,3494",thumbnail_grossTrial,thumbnail_grossTrial.png,1245.0,1080.0,337.0,0.0,798.0,692.0,Unclassified,17.0,287.0,,,,,,
27401,32426097,1400471697384,Eye Tracker,Participant0058,17.09.2021,Participant0058,Recording4,17.09.2021,17.09.2021,14:48:45.713,12:48:45.713,64514,Timeline2,Tobii I-VT (Fixation),1.145.28180,1080,1920,"10,00",700289495.0,,,,,,,,,,,,,,,,,Invalid,Invalid,,,,,,,,,,,,,,,,,thumbnail_grossTrial,thumbnail_grossTrial.png,1245.0,1080.0,337.0,0.0,798.0,692.0,EyesNotFound,8.0,253.0,,,,,,
27402,32434434,1400471705721,Eye Tracker,Participant0058,17.09.2021,Participant0058,Recording4,17.09.2021,17.09.2021,14:48:45.713,12:48:45.713,64514,Timeline2,Tobii I-VT (Fixation),1.145.28180,1080,1920,"10,00",700297831.0,,,457.0,387.0,441.0,395.0,473.0,378.0,"-0,21566","0,00716","-0,97644","-0,30034","0,00341","-0,95383",,,Valid,Valid,"232,8","104,3","507,1","290,7","101,7","511,4","120,8","108,0","129,7","103,6","0,0961","0,3580","0,0831","0,3655","0,1092","0,3504",thumbnail_grossTrial,thumbnail_grossTrial.png,1245.0,1080.0,337.0,0.0,798.0,692.0,Unclassified,17.0,288.0,,,,,,
27403,32442792,1400471714079,Eye Tracker,Participant0058,17.09.2021,Participant0058,Recording4,17.09.2021,17.09.2021,14:48:45.713,12:48:45.713,64514,Timeline2,Tobii I-VT (Fixation),1.145.28180,1080,1920,"10,00",700306189.0,,,451.0,378.0,427.0,376.0,474.0,380.0,"-0,22238","-0,00243","-0,97496","-0,29983","0,00449","-0,95398",,,Valid,Valid,"232,7","104,2","507,1","290,7","101,7","511,4","117,1","102,9","129,9","104,1","0,0910","0,3502","0,0721","0,3483","0,1099","0,3522",thumbnail_grossTrial,thumbnail_grossTrial.png,1245.0,1080.0,337.0,0.0,798.0,692.0,Unclassified,17.0,288.0,,,,,,
27404,32451143,1400471722430,Eye Tracker,Participant0058,17.09.2021,Participant0058,Recording4,17.09.2021,17.09.2021,14:48:45.713,12:48:45.713,64514,Timeline2,Tobii I-VT (Fixation),1.145.28180,1080,1920,"10,00",700314539.0,,,,,,,,,,,,,,,,,Invalid,Invalid,,,,,,,,,,,,,,,,,thumbnail_grossTrial,thumbnail_grossTrial.png,1245.0,1080.0,337.0,0.0,798.0,692.0,EyesNotFound,8.0,254.0,,,,,,
27405,32459445,1400471730732,Eye Tracker,Participant0058,17.09.2021,Participant0058,Recording4,17.09.2021,17.09.2021,14:48:45.713,12:48:45.713,64514,Timeline2,Tobii I-VT (Fixation),1.145.28180,1080,1920,"10,00",700322841.0,,,456.0,379.0,439.0,378.0,473.0,380.0,"-0,21647","-0,00136","-0,97629","-0,30055","0,00436","-0,95376",,,Valid,Valid,"232,8","104,3","507,2","290,7","101,7","511,3","120,4","103,6","129,6","104,1","0,0953","0,3512","0,0818","0,3504","0,1089","0,3520",thumbnail_grossTrial,thumbnail_grossTrial.png,1245.0,1080.0,337.0,0.0,798.0,692.0,Unclassified,17.0,289.0,,,,,,
27406,32467798,1400471739085,Eye Tracker,Participant0058,17.09.2021,Participant0058,Recording4,17.09.2021,17.09.2021,14:48:45.713,12:48:45.713,64514,Timeline2,Tobii I-VT (Fixation),1.145.28180,1080,1920,"10,00",700331193.0,,,465.0,396.0,455.0,411.0,475.0,381.0,"-0,20815","0,01585","-0,97797","-0,29966","0,00493","-0,95403",,,Valid,Valid,"232,7","104,2","507,1","290,7","101,7","511,3","124,8","112,4","130,1","104,3","0,1025","0,3666","0,0947","0,3802","0,1103","0,3530",thumbnail_grossTrial,thumbnail_grossTrial.png,1245.0,1080.0,337.0,0.0,798.0,692.0,Unclassified,17.0,289.0,,,,,,
27407,32476125,1400471747412,Eye Tracker,Participant0058,17.09.2021,Participant0058,Recording4,17.09.2021,17.09.2021,14:48:45.713,12:48:45.713,64514,Timeline2,Tobii I-VT (Fixation),1.145.28180,1080,1920,"10,00",700339519.0,,,,,,,,,,,,,,,,,Invalid,Invalid,,,,,,,,,,,,,,,,,thumbnail_grossTrial,thumbnail_grossTrial.png,1245.0,1080.0,337.0,0.0,798.0,692.0,EyesNotFound,8.0,255.0,,,,,,
27408,32484431,1400471755718,Eye Tracker,Participant0058,17.09.2021,Participant0058,Recording4,17.09.2021,17.09.2021,14:48:45.713,12:48:45.713,64514,Timeline2,Tobii I-VT (Fixation),1.145.28180,1080,1920,"10,00",700347825.0,,,466.0,394.0,456.0,412.0,477.0,376.0,"-0,20812","0,01657","-0,97796","-0,29894","0,00232","-0,95427",,,Valid,Valid,"232,8","104,3","507,1","290,8","101,8","511,1","124,9","112,9","130,6","103,0","0,1035","0,3652","0,0951","0,3818","0,1119","0,3485",thumbnail_grossTrial,thumbnail_grossTrial.png,1245.0,1080.0,337.0,0.0,798.0,692.0,Unclassified,17.0,290.0,,,,,,
27409,32492817,1400471764104,Eye Tracker,Participant0058,17.09.2021,Participant0058,Recording4,17.09.2021,17.09.2021,14:48:45.713,12:48:45.713,64514,Timeline2,Tobii I-VT (Fixation),1.145.28180,1080,1920,"10,00",700356210.0,,,464.0,390.0,449.0,403.0,480.0,378.0,"-0,21156","0,01152","-0,97730","-0,29737","0,00327","-0,95476",,,Valid,Valid,"232,7","104,2","507,0","290,7","101,7","511,1","123,0","110,2","131,5","103,5","0,1020","0,3614","0,0895","0,3727","0,1145","0,3501",thumbnail_grossTrial,thumbnail_grossTrial.png,1245.0,1080.0,337.0,0.0,798.0,692.0,Unclassified,17.0,290.0,,,,,,
27410,32501123,1400471772410,Eye Tracker,Participant0058,17.09.2021,Participant0058,Recording4,17.09.2021,17.09.2021,14:48:45.713,12:48:45.713,64514,Timeline2,Tobii I-VT (Fixation),1.145.28180,1080,1920,"10,00",700364515.0,,,,,,,,,,,,,,,,,Invalid,Invalid,,,,,,,,,,,,,,,,,thumbnail_grossTrial,thumbnail_grossTrial.png,1245.0,1080.0,337.0,0.0,798.0,692.0,EyesNotFound,8.0,256.0,,,,,,
27411,32509469,1400471780756,Eye Tracker,Participant0058,17.09.2021,Participant0058,Recording4,17.09.2021,17.09.2021,14:48:45.713,12:48:45.713,64514,Timeline2,Tobii I-VT (Fixation),1.145.28180,1080,1920,"10,00",700372861.0,,,471.0,397.0,448.0,405.0,495.0,388.0,"-0,21206","0,01261","-0,97718","-0,29051","0,00820","-0,95684",,,Valid,Valid,"232,8","104,3","507,0","290,7","101,8","510,9","122,8","110,8","135,6","106,2","0,1078","0,3671","0,0890","0,3750","0,1265","0,3593",thumbnail_grossTrial,thumbnail_grossTrial.png,1245.0,1080.0,337.0,0.0,798.0,692.0,Unclassified,17.0,291.0,,,,,,
27412,32517759,1400471789046,Eye Tracker,Participant0058,17.09.2021,Participant0058,Recording4,17.09.2021,17.09.2021,14:48:45.713,12:48:45.713,64514,Timeline2,Tobii I-VT (Fixation),1.145.28180,1080,1920,"10,00",700381151.0,,,474.0,397.0,454.0,408.0,494.0,385.0,"-0,20872","0,01425","-0,97787","-0,29074","0,00678","-0,95678",,,Valid,Valid,"232,7","104,2","506,9","290,7","101,8","510,8","124,6","111,6","135,5","105,4","0,1101","0,3672","0,0941","0,3776","0,1260","0,3567",thumbnail_grossTrial,thumbnail_grossTrial.png,1245.0,1080.0,337.0,0.0,798.0,692.0,Unclassified,17.0,291.0,,,,,,
27413,32526131,1400471797418,Eye Tracker,Participant0058,17.09.2021,Participant0058,Recording4,17.09.2021,17.09.2021,14:48:45.713,12:48:45.713,64514,Timeline2,Tobii I-VT (Fixation),1.145.28180,1080,1920,"10,00",700389521.0,,,,,,,,,,,,,,,,,Invalid,Invalid,,,,,,,,,,,,,,,,,thumbnail_grossTrial,thumbnail_grossTrial.png,1245.0,1080.0,337.0,0.0,798.0,692.0,EyesNotFound,8.0,257.0,,,,,,
27414,32534437,1400471805724,Eye Tracker,Participant0058,17.09.2021,Participant0058,Recording4,17.09.2021,17.09.2021,14:48:45.713,12:48:45.713,64514,Timeline2,Tobii I-VT (Fixation),1.145.28180,1080,1920,"10,00",700397827.0,,,466.0,387.0,450.0,393.0,482.0,381.0,"-0,21104","0,00624","-0,97746","-0,29644","0,00432","-0,95504",,,Valid,Valid,"232,8","104,3","506,8","290,7","101,9","510,6","123,4","107,6","132,2","104,2","0,1036","0,3583","0,0907","0,3639","0,1166","0,3526",thumbnail_grossTrial,thumbnail_grossTrial.png,1245.0,1080.0,337.0,0.0,798.0,692.0,Unclassified,17.0,292.0,,,,,,
27415,32542824,1400471814111,Eye Tracker,Participant0058,17.09.2021,Participant0058,Recording4,17.09.2021,17.09.2021,14:48:45.713,12:48:45.713,64514,Timeline2,Tobii I-VT (Fixation),1.145.28180,1080,1920,"10,00",700406214.0,,,461.0,394.0,449.0,394.0,473.0,394.0,"-0,21150","0,00709","-0,97735","-0,30069","0,01110","-0,95366",,,Valid,Valid,"232,7","104,3","506,7","290,6","101,9","510,5","123,1","107,9","129,7","107,9","0,0994","0,3651","0,0898","0,3652","0,1091","0,3649",thumbnail_grossTrial,thumbnail_grossTrial.png,1245.0,1080.0,337.0,0.0,798.0,692.0,Unclassified,17.0,292.0,,,,,,
27416,32551127,1400471822414,Eye Tracker,Participant0058,17.09.2021,Participant0058,Recording4,17.09.2021,17.09.2021,14:48:45.713,12:48:45.713,64514,Timeline2,Tobii I-VT (Fixation),1.145.28180,1080,1920,"10,00",700414516.0,,,,,,,,,,,,,,,,,Invalid,Invalid,,,,,,,,,,,,,,,,,thumbnail_grossTrial,thumbnail_grossTrial.png,1245.0,1080.0,337.0,0.0,798.0,692.0,EyesNotFound,8.0,258.0,,,,,,
27417,32559466,1400471830753,Eye Tracker,Participant0058,17.09.2021,Participant0058,Recording4,17.09.2021,17.09.2021,14:48:45.713,12:48:45.713,64514,Timeline2,Tobii I-VT (Fixation),1.145.28180,1080,1920,"10,00",700422854.0,,,465.0,403.0,458.0,410.0,472.0,396.0,"-0,20690","0,01512","-0,97825","-0,30151","0,01170","-0,95339",,,Valid,Valid,"232,8","104,4","506,6","290,7","102,0","510,4","125,7","112,2","129,3","108,3","0,1026","0,3731","0,0973","0,3798","0,1079","0,3664",thumbnail_grossTrial,thumbnail_grossTrial.png,1245.0,1080.0,337.0,0.0,798.0,692.0,Unclassified,17.0,293.0,,,,,,
27418,32567854,1400471839141,Eye Tracker,Participant0058,17.09.2021,Participant0058,Recording4,17.09.2021,17.09.2021,14:48:45.713,12:48:45.713,64514,Timeline2,Tobii I-VT (Fixation),1.145.28180,1080,1920,"10,00",700431242.0,,,462.0,387.0,445.0,392.0,478.0,382.0,"-0,21346","0,00552","-0,97694","-0,29850","0,00492","-0,95440",,,Valid,Valid,"232,7","104,4","506,5","290,6","102,0","510,3","122,0","107,2","131,0","104,7","0,0999","0,3584","0,0867","0,3628","0,1130","0,3541",thumbnail_grossTrial,thumbnail_grossTrial.png,1245.0,1080.0,337.0,0.0,798.0,692.0,Unclassified,17.0,293.0,,,,,,
27419,32576184,1400471847471,Eye Tracker,Participant0058,17.09.2021,Participant0058,Recording4,17.09.2021,17.09.2021,14:48:45.713,12:48:45.713,64514,Timeline2,Tobii I-VT (Fixation),1.145.28180,1080,1920,"10,00",700439571.0,,,,,,,,,,,,,,,,,Invalid,Invalid,,,,,,,,,,,,,,,,,thumbnail_grossTrial,thumbnail_grossTrial.png,1245.0,1080.0,337.0,0.0,798.0,692.0,EyesNotFound,8.0,259.0,,,,,,
27420,32584517,1400471855804,Eye Tracker,Participant0058,17.09.2021,Participant0058,Recording4,17.09.2021,17.09.2021,14:48:45.713,12:48:45.713,64514,Timeline2,Tobii I-VT (Fixation),1.145.28180,1080,1920,"10,00",700447904.0,,,459.0,389.0,442.0,393.0,477.0,385.0,"-0,21519","0,00593","-0,97655","-0,29928","0,00587","-0,95415",,,Valid,Valid,"232,8","104,5","506,5","290,7","102,1","510,1","121,2","107,6","130,6","105,3","0,0981","0,3601","0,0842","0,3639","0,1119","0,3562",thumbnail_grossTrial,thumbnail_grossTrial.png,1245.0,1080.0,337.0,0.0,798.0,692.0,Unclassified,17.0,294.0,,,,,,
27421,32592783,1400471864070,Eye Tracker,Participant0058,17.09.2021,Participant0058,Recording4,17.09.2021,17.09.2021,14:48:45.713,12:48:45.713,64514,Timeline2,Tobii I-VT (Fixation),1.145.28180,1080,1920,"10,00",700456169.0,,,460.0,398.0,446.0,403.0,474.0,394.0,"-0,21305","0,01117","-0,97698","-0,30029","0,01042","-0,95379",,,Valid,Valid,"232,7","104,4","506,4","290,6","102,1","510,1","122,3","110,2","130,0","107,7","0,0987","0,3686","0,0874","0,3729","0,1100","0,3644",thumbnail_grossTrial,thumbnail_grossTrial.png,1245.0,1080.0,337.0,0.0,798.0,692.0,Unclassified,17.0,294.0,,,,,,
27422,32601089,1400471872376,Eye Tracker,Participant0058,17.09.2021,Participant0058,Recording4,17.09.2021,17.09.2021,14:48:45.713,12:48:45.713,64514,Timeline2,Tobii I-VT (Fixation),1.145.28180,1080,1920,"10,00",700464475.0,,,,,,,,,,,,,,,,,Invalid,Invalid,,,,,,,,,,,,,,,,,thumbnail_grossTrial,thumbnail_grossTrial.png,1245.0,1080.0,337.0,0.0,798.0,692.0,EyesNotFound,8.0,260.0,,,,,,
27423,32609466,1400471880753,Eye Tracker,Participant0058,17.09.2021,Participant0058,Recording4,17.09.2021,17.09.2021,14:48:45.713,12:48:45.713,64514,Timeline2,Tobii I-VT (Fixation),1.145.28180,1080,1920,"10,00",700472851.0,,,496.0,433.0,485.0,445.0,506.0,421.0,"-0,19380","0,03327","-0,98048","-0,28544","0,02438","-0,95809",,,Valid,Valid,"233,0","104,6","506,5","290,8","102,3","510,1","132,9","121,8","138,8","115,3","0,1272","0,4011","0,1185","0,4121","0,1359","0,3902",thumbnail_grossTrial,thumbnail_grossTrial.png,1245.0,1080.0,337.0,0.0,798.0,692.0,Unclassified,17.0,295.0,,,,,,
27424,32617825,1400471889112,Eye Tracker,Participant0058,17.09.2021,Participant0058,Recording4,17.09.2021,17.09.2021,14:48:45.713,12:48:45.713,64514,Timeline2,Tobii I-VT (Fixation),1.145.28180,1080,1920,"10,00",700481209.0,,,570.0,499.0,564.0,525.0,575.0,472.0,"-0,15290","0,07603","-0,98531","-0,25252","0,05064","-0,96627",,,Valid,Valid,"233,2","104,7","506,6","291,0","102,5","510,1","154,6","143,8","157,7","129,2","0,1866","0,4618","0,1821","0,4864","0,1911","0,4371",thumbnail_grossTrial,thumbnail_grossTrial.png,1245.0,1080.0,337.0,0.0,798.0,692.0,Unclassified,17.0,295.0,,,,,,
27425,32626184,1400471897471,Eye Tracker,Participant0058,17.09.2021,Participant0058,Recording4,17.09.2021,17.09.2021,14:48:45.713,12:48:45.713,64514,Timeline2,Tobii I-VT (Fixation),1.145.28180,1080,1920,"10,00",700489568.0,,,,,,,,,,,,,,,,,Invalid,Invalid,,,,,,,,,,,,,,,,,thumbnail_grossTrial,thumbnail_grossTrial.png,1245.0,1080.0,337.0,0.0,798.0,692.0,EyesNotFound,8.0,261.0,,,,,,
27426,32634424,1400471905711,Eye Tracker,Participant0058,17.09.2021,Participant0058,Recording4,17.09.2021,17.09.2021,14:48:45.713,12:48:45.713,64514,Timeline2,Tobii I-VT (Fixation),1.145.28180,1080,1920,"10,00",700497807.0,,,664.0,585.0,647.0,604.0,681.0,566.0,"-0,10925","0,11739","-0,98706","-0,19975","0,09958","-0,97477",,,Valid,Valid,"233,5","104,9","506,7","291,2","102,7","510,2","177,4","165,2","186,6","154,8","0,2624","0,5414","0,2489","0,5589","0,2760","0,5238",thumbnail_grossTrial,thumbnail_grossTrial.png,1245.0,1080.0,337.0,0.0,798.0,692.0,Unclassified,17.0,296.0,,,,,,
27427,32642754,1400471914041,Eye Tracker,Participant0058,17.09.2021,Participant0058,Recording4,17.09.2021,17.09.2021,14:48:45.713,12:48:45.713,64514,Timeline2,Tobii I-VT (Fixation),1.145.28180,1080,1920,"10,00",700506137.0,,,703.0,689.0,689.0,716.0,717.0,663.0,"-0,08637","0,17610","-0,98058","-0,18041","0,14972","-0,97213",,,Valid,Valid,"233,5","105,0","506,7","291,2","102,7","510,2","188,9","196,0","196,5","181,3","0,2938","0,6383","0,2826","0,6631","0,3049","0,6135",thumbnail_grossTrial,thumbnail_grossTrial.png,1245.0,1080.0,337.0,0.0,798.0,692.0,Unclassified,17.0,296.0,,,,,,
27428,32651122,1400471922409,Eye Tracker,Participant0058,17.09.2021,Participant0058,Recording4,17.09.2021,17.09.2021,14:48:45.713,12:48:45.713,64514,Timeline2,Tobii I-VT (Fixation),1.145.28180,1080,1920,"10,00",700514504.0,,,,,,,,,,,,,,,,,Invalid,Invalid,,,,,,,,,,,,,,,,,thumbnail_grossTrial,thumbnail_grossTrial.png,1245.0,1080.0,337.0,0.0,798.0,692.0,EyesNotFound,8.0,262.0,,,,,,
27429,32659453,1400471930740,Eye Tracker,Participant0058,17.09.2021,Participant0058,Recording4,17.09.2021,17.09.2021,14:48:45.713,12:48:45.713,64514,Timeline2,Tobii I-VT (Fixation),1.145.28180,1080,1920,"10,00",700522834.0,,,711.0,706.0,702.0,729.0,720.0,684.0,"-0,07949","0,18266","-0,97996","-0,17884","0,16078","-0,97065",,,Valid,Valid,"233,5","105,0","506,8","291,2","102,7","510,2","192,4","199,4","197,2","187,2","0,2999","0,6541","0,2928","0,6747","0,3069","0,6334",thumbnail_grossTrial,thumbnail_grossTrial.png,1245.0,1080.0,337.0,0.0,798.0,692.0,Fixation,75.0,67.0,718.0,708.0,"0,3059","0,6558",,
27430,32667752,1400471939039,Eye Tracker,Participant0058,17.09.2021,Participant0058,Recording4,17.09.2021,17.09.2021,14:48:45.713,12:48:45.713,64514,Timeline2,Tobii I-VT (Fixation),1.145.28180,1080,1920,"10,00",700531133.0,,,716.0,703.0,704.0,714.0,728.0,693.0,"-0,07864","0,17512","-0,98140","-0,17438","0,16560","-0,97065",,,Valid,Valid,"233,5","104,9","506,9","291,2","102,6","510,3","192,9","195,3","199,6","189,7","0,3041","0,6514","0,2943","0,6608","0,3139","0,6419",thumbnail_grossTrial,thumbnail_grossTrial.png,1245.0,1080.0,337.0,0.0,798.0,692.0,Fixation,75.0,67.0,718.0,708.0,"0,3059","0,6558",,
27431,32676087,1400471947374,Eye Tracker,Participant0058,17.09.2021,Participant0058,Recording4,17.09.2021,17.09.2021,14:48:45.713,12:48:45.713,64514,Timeline2,Tobii I-VT (Fixation),1.145.28180,1080,1920,"10,00",700539467.0,,,715.0,701.0,,,715.0,701.0,,,,"-0,18079","0,16945","-0,96881",,"4,83",Invalid,Valid,,,,"291,2","102,6","510,4",,,"196,0","191,9","0,3033","0,6492",,,"0,3033","0,6492",thumbnail_grossTrial,thumbnail_grossTrial.png,1245.0,1080.0,337.0,0.0,798.0,692.0,Fixation,75.0,67.0,718.0,708.0,"0,3059","0,6558",,
27432,32684451,1400471955738,Eye Tracker,Participant0058,17.09.2021,Participant0058,Recording4,17.09.2021,17.09.2021,14:48:45.713,12:48:45.713,64514,Timeline2,Tobii I-VT (Fixation),1.145.28180,1080,1920,"10,00",700547831.0,,,712.0,711.0,706.0,720.0,718.0,701.0,"-0,07754","0,17863","-0,98086","-0,17955","0,16960","-0,96902",,,Valid,Valid,"233,4","104,8","506,9","291,2","102,6","510,3","193,4","197,2","196,7","191,9","0,3005","0,6582","0,2957","0,6671","0,3054","0,6494",thumbnail_grossTrial,thumbnail_grossTrial.png,1245.0,1080.0,337.0,0.0,798.0,692.0,Fixation,75.0,67.0,718.0,708.0,"0,3059","0,6558",,
27433,32692781,1400471964068,Eye Tracker,Participant0058,17.09.2021,Participant0058,Recording4,17.09.2021,17.09.2021,14:48:45.713,12:48:45.713,64514,Timeline2,Tobii I-VT (Fixation),1.145.28180,1080,1920,"10,00",700556160.0,,,723.0,710.0,710.0,736.0,736.0,683.0,"-0,07506","0,18679","-0,97953","-0,17077","0,16071","-0,97212",,,Valid,Valid,"233,4","104,7","507,1","291,3","102,6","510,4","194,6","201,4","201,6","187,0","0,3095","0,6571","0,2992","0,6815","0,3198","0,6326",thumbnail_grossTrial,thumbnail_grossTrial.png,1245.0,1080.0,337.0,0.0,798.0,692.0,Fixation,75.0,67.0,718.0,708.0,"0,3059","0,6558",,
27434,32701154,1400471972441,Eye Tracker,Participant0058,17.09.2021,Participant0058,Recording4,17.09.2021,17.09.2021,14:48:45.713,12:48:45.713,64514,Timeline2,Tobii I-VT (Fixation),1.145.28180,1080,1920,"10,00",700564533.0,,,736.0,683.0,,,736.0,683.0,,,,"-0,17032","0,16165","-0,97204",,"5,47",Invalid,Valid,,,,"291,4","101,7","512,6",,,"201,6","187,0","0,3198","0,6325",,,"0,3198","0,6325",thumbnail_grossTrial,thumbnail_grossTrial.png,1245.0,1080.0,337.0,0.0,798.0,692.0,Fixation,75.0,67.0,718.0,708.0,"0,3059","0,6558",,
27435,32709420,1400471980707,Eye Tracker,Participant0058,17.09.2021,Participant0058,Recording4,17.09.2021,17.09.2021,14:48:45.713,12:48:45.713,64514,Timeline2,Tobii I-VT (Fixation),1.145.28180,1080,1920,"10,00",700572798.0,,,720.0,711.0,705.0,731.0,734.0,691.0,"-0,07737","0,18512","-0,97967","-0,17086","0,16572","-0,97126",,,Valid,Valid,"233,4","104,0","508,9","291,5","101,6","512,9","193,2","200,2","201,3","189,1","0,3069","0,6585","0,2951","0,6773","0,3188","0,6398",thumbnail_grossTrial,thumbnail_grossTrial.png,1245.0,1080.0,337.0,0.0,798.0,692.0,Fixation,75.0,67.0,718.0,708.0,"0,3059","0,6558",,
27436,32717750,1400471989037,Eye Tracker,Participant0058,17.09.2021,Participant0058,Recording4,17.09.2021,17.09.2021,14:48:45.713,12:48:45.713,64514,Timeline2,Tobii I-VT (Fixation),1.145.28180,1080,1920,"10,00",700581127.0,,,721.0,711.0,703.0,729.0,739.0,693.0,"-0,07839","0,18380","-0,97983","-0,16837","0,16684","-0,97150",,,Valid,Valid,"233,3","103,8","509,4","291,5","101,4","513,4","192,6","199,4","202,5","189,6","0,3080","0,6580","0,2934","0,6746","0,3226","0,6414",thumbnail_grossTrial,thumbnail_grossTrial.png,1245.0,1080.0,337.0,0.0,798.0,692.0,Fixation,75.0,67.0,718.0,708.0,"0,3059","0,6558",,
27437,32726096,1400471997383,Eye Tracker,Participant0058,17.09.2021,Participant0058,Recording4,17.09.2021,17.09.2021,14:48:45.713,12:48:45.713,64514,Timeline2,Tobii I-VT (Fixation),1.145.28180,1080,1920,"10,00",700589473.0,,,739.0,693.0,,,739.0,693.0,,,,"-0,16827","0,16707","-0,97148",,"4,86",Invalid,Valid,,,,"291,6","101,2","513,9",,,"202,5","189,6","0,3226","0,6414",,,"0,3226","0,6414",thumbnail_grossTrial,thumbnail_grossTrial.png,1245.0,1080.0,337.0,0.0,798.0,692.0,Fixation,75.0,67.0,718.0,708.0,"0,3059","0,6558",,
27438,32734432,1400472005719,Eye Tracker,Participant0058,17.09.2021,Participant0058,Recording4,17.09.2021,17.09.2021,14:48:45.713,12:48:45.713,64514,Timeline2,Tobii I-VT (Fixation),1.145.28180,1080,1920,"10,00",700597808.0,,,706.0,715.0,697.0,728.0,714.0,702.0,"-0,08112","0,18359","-0,97965","-0,18054","0,17166","-0,96847",,,Valid,Valid,"233,3","103,5","510,2","291,6","101,0","514,4","191,1","199,1","195,8","192,2","0,2958","0,6620","0,2889","0,6738","0,3027","0,6503",thumbnail_grossTrial,thumbnail_grossTrial.png,1245.0,1080.0,337.0,0.0,798.0,692.0,Saccade,17.0,125.0,,,,,,
27439,32742763,1400472014050,Eye Tracker,Participant0058,17.09.2021,Participant0058,Recording4,17.09.2021,17.09.2021,14:48:45.713,12:48:45.713,64514,Timeline2,Tobii I-VT (Fixation),1.145.28180,1080,1920,"10,00",700606138.0,,,704.0,716.0,695.0,726.0,712.0,705.0,"-0,08215","0,18301","-0,97967","-0,18134","0,17311","-0,96806",,,Valid,Valid,"233,3","103,3","510,7","291,7","100,8","514,8","190,5","198,7","195,2","192,9","0,2942","0,6625","0,2872","0,6724","0,3012","0,6526",thumbnail_grossTrial,thumbnail_grossTrial.png,1245.0,1080.0,337.0,0.0,798.0,692.0,Saccade,17.0,125.0,,,,,,
27440,32751124,1400472022411,Eye Tracker,Participant0058,17.09.2021,Participant0058,Recording4,17.09.2021,17.09.2021,14:48:45.713,12:48:45.713,64514,Timeline2,Tobii I-VT (Fixation),1.145.28180,1080,1920,"10,00",700614499.0,,,,,,,,,,,,,,,,,Invalid,Invalid,,,,,,,,,,,,,,,,,thumbnail_grossTrial,thumbnail_grossTrial.png,1245.0,1080.0,337.0,0.0,798.0,692.0,EyesNotFound,8.0,263.0,,,,,,
27441,32759421,1400472030708,Eye Tracker,Participant0058,17.09.2021,Participant0058,Recording4,17.09.2021,17.09.2021,14:48:45.713,12:48:45.713,64514,Timeline2,Tobii I-VT (Fixation),1.145.28180,1080,1920,"10,00",700622795.0,,,698.0,720.0,692.0,729.0,705.0,711.0,"-0,08376","0,18472","-0,97922","-0,18478","0,17618","-0,96686",,,Valid,Valid,"233,3","103,0","511,4","291,8","100,6","515,5","189,5","199,5","193,3","194,5","0,2899","0,6666","0,2844","0,6750","0,2954","0,6581",thumbnail_grossTrial,thumbnail_grossTrial.png,1245.0,1080.0,337.0,0.0,798.0,692.0,Unclassified,17.0,297.0,,,,,,
27442,32767748,1400472039035,Eye Tracker,Participant0058,17.09.2021,Participant0058,Recording4,17.09.2021,17.09.2021,14:48:45.713,12:48:45.713,64514,Timeline2,Tobii I-VT (Fixation),1.145.28180,1080,1920,"10,00",700631121.0,,,698.0,722.0,693.0,736.0,704.0,709.0,"-0,08274","0,18828","-0,97862","-0,18542","0,17555","-0,96685",,,Valid,Valid,"233,2","102,9","511,9","291,8","100,4","515,9","190,0","201,3","192,9","194,1","0,2900","0,6690","0,2857","0,6812","0,2942","0,6567",thumbnail_grossTrial,thumbnail_grossTrial.png,1245.0,1080.0,337.0,0.0,798.0,692.0,Unclassified,17.0,297.0,,,,,,
27443,32776090,1400472047377,Eye Tracker,Participant0058,17.09.2021,Participant0058,Recording4,17.09.2021,17.09.2021,14:48:45.713,12:48:45.713,64514,Timeline2,Tobii I-VT (Fixation),1.145.28180,1080,1920,"10,00",700639463.0,,,,,,,,,,,,,,,,,Invalid,Invalid,,,,,,,,,,,,,,,,,thumbnail_grossTrial,thumbnail_grossTrial.png,1245.0,1080.0,337.0,0.0,798.0,692.0,EyesNotFound,8.0,264.0,,,,,,
27444,32784423,1400472055710,Eye Tracker,Participant0058,17.09.2021,Participant0058,Recording4,17.09.2021,17.09.2021,14:48:45.713,12:48:45.713,64514,Timeline2,Tobii I-VT (Fixation),1.145.28180,1080,1920,"10,00",700647795.0,,,703.0,710.0,689.0,737.0,718.0,684.0,"-0,08486","0,18910","-0,97828","-0,17868","0,16333","-0,97026",,,Valid,Valid,"233,2","102,6","512,6","291,9","100,2","516,4","188,8","201,7","196,8","187,1","0,2940","0,6577","0,2823","0,6823","0,3057","0,6331",thumbnail_grossTrial,thumbnail_grossTrial.png,1245.0,1080.0,337.0,0.0,798.0,692.0,Unclassified,17.0,298.0,,,,,,
27445,32792785,1400472064072,Eye Tracker,Participant0058,17.09.2021,Participant0058,Recording4,17.09.2021,17.09.2021,14:48:45.713,12:48:45.713,64514,Timeline2,Tobii I-VT (Fixation),1.145.28180,1080,1920,"10,00",700656157.0,,,703.0,703.0,689.0,728.0,717.0,679.0,"-0,08450","0,18464","-0,97917","-0,17893","0,16105","-0,97059",,,Valid,Valid,"233,2","102,4","513,0","291,9","100,0","516,8","188,9","199,1","196,6","185,8","0,2939","0,6511","0,2826","0,6737","0,3052","0,6285",thumbnail_grossTrial,thumbnail_grossTrial.png,1245.0,1080.0,337.0,0.0,798.0,692.0,Unclassified,17.0,298.0,,,,,,
27446,32801091,1400472072378,Eye Tracker,Participant0058,17.09.2021,Participant0058,Recording4,17.09.2021,17.09.2021,14:48:45.713,12:48:45.713,64514,Timeline2,Tobii I-VT (Fixation),1.145.28180,1080,1920,"10,00",700664462.0,,,,,,,,,,,,,,,,,Invalid,Invalid,,,,,,,,,,,,,,,,,thumbnail_grossTrial,thumbnail_grossTrial.png,1245.0,1080.0,337.0,0.0,798.0,692.0,EyesNotFound,8.0,265.0,,,,,,
27447,32809515,1400472080802,Eye Tracker,Participant0058,17.09.2021,Participant0058,Recording4,17.09.2021,17.09.2021,14:48:45.713,12:48:45.713,64514,Timeline2,Tobii I-VT (Fixation),1.145.28180,1080,1920,"10,00",700672886.0,,,715.0,700.0,699.0,727.0,731.0,674.0,"-0,07941","0,18454","-0,97961","-0,17225","0,15901","-0,97213",,,Valid,Valid,"233,2","102,1","513,8","292,0","99,7","517,5","191,5","198,9","200,3","184,4","0,3032","0,6483","0,2904","0,6728","0,3160","0,6238",thumbnail_grossTrial,thumbnail_grossTrial.png,1245.0,1080.0,337.0,0.0,798.0,692.0,Unclassified,17.0,299.0,,,,,,
27448,32817782,1400472089069,Eye Tracker,Participant0058,17.09.2021,Participant0058,Recording4,17.09.2021,17.09.2021,14:48:45.713,12:48:45.713,64514,Timeline2,Tobii I-VT (Fixation),1.145.28180,1080,1920,"10,00",700681152.0,,,711.0,693.0,691.0,717.0,731.0,669.0,"-0,08339","0,17965","-0,98019","-0,17225","0,15676","-0,97250",,,Valid,Valid,"233,1","101,9","514,2","292,0","99,6","517,8","189,4","196,1","200,3","183,1","0,3000","0,6414","0,2840","0,6635","0,3159","0,6193",thumbnail_grossTrial,thumbnail_grossTrial.png,1245.0,1080.0,337.0,0.0,798.0,692.0,Unclassified,17.0,299.0,,,,,,
27449,32826113,1400472097400,Eye Tracker,Participant0058,17.09.2021,Participant0058,Recording4,17.09.2021,17.09.2021,14:48:45.713,12:48:45.713,64514,Timeline2,Tobii I-VT (Fixation),1.145.28180,1080,1920,"10,00",700689482.0,,,,,,,,,,,,,,,,,Invalid,Invalid,,,,,,,,,,,,,,,,,thumbnail_grossTrial,thumbnail_grossTrial.png,1245.0,1080.0,337.0,0.0,798.0,692.0,EyesNotFound,8.0,266.0,,,,,,
27450,32834417,1400472105704,Eye Tracker,Participant0058,17.09.2021,Participant0058,Recording4,17.09.2021,17.09.2021,14:48:45.713,12:48:45.713,64514,Timeline2,Tobii I-VT (Fixation),1.145.28180,1080,1920,"10,00",700697786.0,,,707.0,694.0,689.0,711.0,726.0,677.0,"-0,08428","0,17691","-0,98061","-0,17470","0,16108","-0,97136",,,Valid,Valid,"233,2","101,6","514,9","292,0","99,4","518,1","188,9","194,5","198,9","185,3","0,2972","0,6425","0,2826","0,6579","0,3118","0,6271",thumbnail_grossTrial,thumbnail_grossTrial.png,1245.0,1080.0,337.0,0.0,798.0,692.0,Unclassified,17.0,300.0,,,,,,
27451,32842746,1400472114033,Eye Tracker,Participant0058,17.09.2021,Participant0058,Recording4,17.09.2021,17.09.2021,14:48:45.713,12:48:45.713,64514,Timeline2,Tobii I-VT (Fixation),1.145.28180,1080,1920,"10,00",700706114.0,,,700.0,699.0,676.0,724.0,724.0,674.0,"-0,09080","0,18371","-0,97878","-0,17543","0,15959","-0,97147",,,Valid,Valid,"233,1","101,4","515,2","292,0","99,3","518,3","185,3","198,1","198,4","184,5","0,2912","0,6472","0,2720","0,6703","0,3105","0,6242",thumbnail_grossTrial,thumbnail_grossTrial.png,1245.0,1080.0,337.0,0.0,798.0,692.0,Unclassified,17.0,300.0,,,,,,
27452,32851094,1400472122381,Eye Tracker,Participant0058,17.09.2021,Participant0058,Recording4,17.09.2021,17.09.2021,14:48:45.713,12:48:45.713,64514,Timeline2,Tobii I-VT (Fixation),1.145.28180,1080,1920,"10,00",700714461.0,,,,,,,,,,,,,,,,,Invalid,Invalid,,,,,,,,,,,,,,,,,thumbnail_grossTrial,thumbnail_grossTrial.png,1245.0,1080.0,337.0,0.0,798.0,692.0,EyesNotFound,8.0,267.0,,,,,,
27453,32859433,1400472130720,Eye Tracker,Participant0058,17.09.2021,Participant0058,Recording4,17.09.2021,17.09.2021,14:48:45.713,12:48:45.713,64514,Timeline2,Tobii I-VT (Fixation),1.145.28180,1080,1920,"10,00",700722800.0,,,716.0,703.0,697.0,727.0,734.0,678.0,"-0,07981","0,18563","-0,97937","-0,17035","0,16198","-0,97198",,,Valid,Valid,"233,1","101,2","515,7","292,1","99,3","518,4","191,1","199,0","201,2","185,7","0,3039","0,6507","0,2890","0,6732","0,3187","0,6282",thumbnail_grossTrial,thumbnail_grossTrial.png,1245.0,1080.0,337.0,0.0,798.0,692.0,Saccade,17.0,126.0,,,,,,
27454,32867748,1400472139035,Eye Tracker,Participant0058,17.09.2021,Participant0058,Recording4,17.09.2021,17.09.2021,14:48:45.713,12:48:45.713,64514,Timeline2,Tobii I-VT (Fixation),1.145.28180,1080,1920,"10,00",700731114.0,,,706.0,707.0,696.0,726.0,716.0,687.0,"-0,08007","0,18543","-0,97939","-0,17937","0,16605","-0,96967",,,Valid,Valid,"233,1","101,1","515,9","292,0","99,2","518,5","190,9","198,8","196,1","188,0","0,2961","0,6544","0,2884","0,6726","0,3037","0,6362",thumbnail_grossTrial,thumbnail_grossTrial.png,1245.0,1080.0,337.0,0.0,798.0,692.0,Saccade,17.0,126.0,,,,,,
27455,32876078,1400472147365,Eye Tracker,Participant0058,17.09.2021,Participant0058,Recording4,17.09.2021,17.09.2021,14:48:45.713,12:48:45.713,64514,Timeline2,Tobii I-VT (Fixation),1.145.28180,1080,1920,"10,00",700739444.0,,,701.0,699.0,,,701.0,699.0,,,,"-0,18652","0,17166","-0,96734",,"4,81",Invalid,Valid,,,,"292,0","99,2","518,6",,,"192,0","191,3","0,2918","0,6471",,,"0,2918","0,6471",thumbnail_grossTrial,thumbnail_grossTrial.png,1245.0,1080.0,337.0,0.0,798.0,692.0,Fixation,1675.0,68.0,697.0,719.0,"0,2892","0,6653",,
27456,32884446,1400472155733,Eye Tracker,Participant0058,17.09.2021,Participant0058,Recording4,17.09.2021,17.09.2021,14:48:45.713,12:48:45.713,64514,Timeline2,Tobii I-VT (Fixation),1.145.28180,1080,1920,"10,00",700747811.0,,,693.0,711.0,687.0,720.0,699.0,701.0,"-0,08500","0,18203","-0,97961","-0,18752","0,17285","-0,96693",,,Valid,Valid,"233,1","101,0","516,2","292,1","99,3","518,5","188,3","197,0","191,5","191,9","0,2856","0,6579","0,2809","0,6664","0,2903","0,6494",thumbnail_grossTrial,thumbnail_grossTrial.png,1245.0,1080.0,337.0,0.0,798.0,692.0,Fixation,1675.0,68.0,697.0,719.0,"0,2892","0,6653",,
27457,32892744,1400472164031,Eye Tracker,Participant0058,17.09.2021,Participant0058,Recording4,17.09.2021,17.09.2021,14:48:45.713,12:48:45.713,64514,Timeline2,Tobii I-VT (Fixation),1.145.28180,1080,1920,"10,00",700756108.0,,,696.0,716.0,687.0,731.0,705.0,702.0,"-0,08485","0,18763","-0,97857","-0,18455","0,17320","-0,96744",,,Valid,Valid,"233,0","101,0","516,3","292,0","99,3","518,5","188,3","200,0","193,1","192,1","0,2879","0,6633","0,2808","0,6766","0,2950","0,6499",thumbnail_grossTrial,thumbnail_grossTrial.png,1245.0,1080.0,337.0,0.0,798.0,692.0,Fixation,1675.0,68.0,697.0,719.0,"0,2892","0,6653",,
27458,32901090,1400472172377,Eye Tracker,Participant0058,17.09.2021,Participant0058,Recording4,17.09.2021,17.09.2021,14:48:45.713,12:48:45.713,64514,Timeline2,Tobii I-VT (Fixation),1.145.28180,1080,1920,"10,00",700764454.0,,,702.0,703.0,,,702.0,703.0,,,,"-0,18564","0,17375","-0,96713",,"4,76",Invalid,Valid,,,,"292,0","99,3","518,5",,,"192,5","192,4","0,2932","0,6510",,,"0,2932","0,6510",thumbnail_grossTrial,thumbnail_grossTrial.png,1245.0,1080.0,337.0,0.0,798.0,692.0,Fixation,1675.0,68.0,697.0,719.0,"0,2892","0,6653",,
27459,32909419,1400472180706,Eye Tracker,Participant0058,17.09.2021,Participant0058,Recording4,17.09.2021,17.09.2021,14:48:45.713,12:48:45.713,64514,Timeline2,Tobii I-VT (Fixation),1.145.28180,1080,1920,"10,00",700772782.0,,,689.0,711.0,682.0,718.0,695.0,703.0,"-0,08746","0,18132","-0,97953","-0,18932","0,17354","-0,96646",,,Valid,Valid,"233,1","101,0","516,4","292,1","99,3","518,4","187,0","196,6","190,6","192,4","0,2822","0,6580","0,2770","0,6651","0,2874","0,6509",thumbnail_grossTrial,thumbnail_grossTrial.png,1245.0,1080.0,337.0,0.0,798.0,692.0,Fixation,1675.0,68.0,697.0,719.0,"0,2892","0,6653",,
27460,32917742,1400472189029,Eye Tracker,Participant0058,17.09.2021,Participant0058,Recording4,17.09.2021,17.09.2021,14:48:45.713,12:48:45.713,64514,Timeline2,Tobii I-VT (Fixation),1.145.28180,1080,1920,"10,00",700781105.0,,,686.0,709.0,685.0,714.0,687.0,704.0,"-0,08604","0,17902","-0,98008","-0,19314","0,17378","-0,96566",,,Valid,Valid,"233,0","100,9","516,5","292,0","99,3","518,4","187,7","195,3","188,4","192,6","0,2801","0,6562","0,2791","0,6607","0,2810","0,6517",thumbnail_grossTrial,thumbnail_grossTrial.png,1245.0,1080.0,337.0,0.0,798.0,692.0,Fixation,1675.0,68.0,697.0,719.0,"0,2892","0,6653",,
27461,32926105,1400472197392,Eye Tracker,Participant0058,17.09.2021,Participant0058,Recording4,17.09.2021,17.09.2021,14:48:45.713,12:48:45.713,64514,Timeline2,Tobii I-VT (Fixation),1.145.28180,1080,1920,"10,00",700789467.0,,,689.0,708.0,,,689.0,708.0,,,,"-0,19211","0,17591","-0,96548",,"4,70",Invalid,Valid,,,,"292,0","99,3","518,3",,,"188,9","193,8","0,2826","0,6557",,,"0,2826","0,6557",thumbnail_grossTrial,thumbnail_grossTrial.png,1245.0,1080.0,337.0,0.0,798.0,692.0,Fixation,1675.0,68.0,697.0,719.0,"0,2892","0,6653",,
27462,32934438,1400472205725,Eye Tracker,Participant0058,17.09.2021,Participant0058,Recording4,17.09.2021,17.09.2021,14:48:45.713,12:48:45.713,64514,Timeline2,Tobii I-VT (Fixation),1.145.28180,1080,1920,"10,00",700797799.0,,,692.0,716.0,693.0,724.0,691.0,707.0,"-0,08178","0,18440","-0,97944","-0,19155","0,17544","-0,96568",,,Valid,Valid,"233,1","100,9","516,5","292,1","99,4","518,2","190,0","198,2","189,3","193,5","0,2848","0,6627","0,2858","0,6706","0,2838","0,6548",thumbnail_grossTrial,thumbnail_grossTrial.png,1245.0,1080.0,337.0,0.0,798.0,692.0,Fixation,1675.0,68.0,697.0,719.0,"0,2892","0,6653",,
27463,32942741,1400472214028,Eye Tracker,Participant0058,17.09.2021,Participant0058,Recording4,17.09.2021,17.09.2021,14:48:45.713,12:48:45.713,64514,Timeline2,Tobii I-VT (Fixation),1.145.28180,1080,1920,"10,00",700806102.0,,,698.0,710.0,695.0,724.0,700.0,697.0,"-0,08076","0,18429","-0,97955","-0,18688","0,17050","-0,96747",,,Valid,Valid,"233,0","100,9","516,6","292,0","99,4","518,2","190,5","198,1","191,9","190,7","0,2893","0,6578","0,2872","0,6702","0,2915","0,6453",thumbnail_grossTrial,thumbnail_grossTrial.png,1245.0,1080.0,337.0,0.0,798.0,692.0,Fixation,1675.0,68.0,697.0,719.0,"0,2892","0,6653",,
27464,32951090,1400472222377,Eye Tracker,Participant0058,17.09.2021,Participant0058,Recording4,17.09.2021,17.09.2021,14:48:45.713,12:48:45.713,64514,Timeline2,Tobii I-VT (Fixation),1.145.28180,1080,1920,"10,00",700814451.0,,,697.0,695.0,,,697.0,695.0,,,,"-0,18840","0,16941","-0,96737",,"4,64",Invalid,Valid,,,,"292,0","99,4","518,2",,,"191,1","190,2","0,2891","0,6434",,,"0,2891","0,6434",thumbnail_grossTrial,thumbnail_grossTrial.png,1245.0,1080.0,337.0,0.0,798.0,692.0,Fixation,1675.0,68.0,697.0,719.0,"0,2892","0,6653",,
27465,32959450,1400472230737,Eye Tracker,Participant0058,17.09.2021,Participant0058,Recording4,17.09.2021,17.09.2021,14:48:45.713,12:48:45.713,64514,Timeline2,Tobii I-VT (Fixation),1.145.28180,1080,1920,"10,00",700822810.0,,,688.0,702.0,682.0,711.0,694.0,694.0,"-0,08769","0,17766","-0,98018","-0,19041","0,16868","-0,96711",,,Valid,Valid,"233,1","100,9","516,6","292,1","99,4","518,0","186,9","194,5","190,1","189,8","0,2814","0,6502","0,2767","0,6582","0,2861","0,6422",thumbnail_grossTrial,thumbnail_grossTrial.png,1245.0,1080.0,337.0,0.0,798.0,692.0,Fixation,1675.0,68.0,697.0,719.0,"0,2892","0,6653",,
27466,32967742,1400472239029,Eye Tracker,Participant0058,17.09.2021,Participant0058,Recording4,17.09.2021,17.09.2021,14:48:45.713,12:48:45.713,64514,Timeline2,Tobii I-VT (Fixation),1.145.28180,1080,1920,"10,00",700831101.0,,,688.0,703.0,681.0,709.0,695.0,697.0,"-0,08799","0,17688","-0,98029","-0,18953","0,17042","-0,96697",,,Valid,Valid,"233,0","100,8","516,7","292,0","99,4","518,0","186,7","194,1","190,5","190,7","0,2817","0,6510","0,2761","0,6566","0,2873","0,6454",thumbnail_grossTrial,thumbnail_grossTrial.png,1245.0,1080.0,337.0,0.0,798.0,692.0,Fixation,1675.0,68.0,697.0,719.0,"0,2892","0,6653",,
27467,32976168,1400472247455,Eye Tracker,Participant0058,17.09.2021,Participant0058,Recording4,17.09.2021,17.09.2021,14:48:45.713,12:48:45.713,64514,Timeline2,Tobii I-VT (Fixation),1.145.28180,1080,1920,"10,00",700839527.0,,,693.0,695.0,,,693.0,695.0,,,,"-0,19074","0,16962","-0,96688",,"4,57",Invalid,Valid,,,,"292,0","99,4","518,0",,,"189,8","190,3","0,2853","0,6439",,,"0,2853","0,6439",thumbnail_grossTrial,thumbnail_grossTrial.png,1245.0,1080.0,337.0,0.0,798.0,692.0,Fixation,1675.0,68.0,697.0,719.0,"0,2892","0,6653",,
27468,32984522,1400472255809,Eye Tracker,Participant0058,17.09.2021,Participant0058,Recording4,17.09.2021,17.09.2021,14:48:45.713,12:48:45.713,64514,Timeline2,Tobii I-VT (Fixation),1.145.28180,1080,1920,"10,00",700847880.0,,,694.0,708.0,692.0,717.0,696.0,698.0,"-0,08251","0,18092","-0,98003","-0,18936","0,17106","-0,96689",,,Valid,Valid,"233,1","100,8","516,7","292,1","99,5","517,9","189,6","196,2","190,6","191,1","0,2862","0,6552","0,2846","0,6639","0,2877","0,6465",thumbnail_grossTrial,thumbnail_grossTrial.png,1245.0,1080.0,337.0,0.0,798.0,692.0,Fixation,1675.0,68.0,697.0,719.0,"0,2892","0,6653",,
27469,32992786,1400472264073,Eye Tracker,Participant0058,17.09.2021,Participant0058,Recording4,17.09.2021,17.09.2021,14:48:45.713,12:48:45.713,64514,Timeline2,Tobii I-VT (Fixation),1.145.28180,1080,1920,"10,00",700856143.0,,,692.0,712.0,696.0,720.0,689.0,703.0,"-0,08010","0,18242","-0,97995","-0,19254","0,17352","-0,96583",,,Valid,Valid,"233,0","100,8","516,8","292,0","99,5","517,9","190,8","197,0","188,8","192,5","0,2852","0,6589","0,2881","0,6665","0,2822","0,6513",thumbnail_grossTrial,thumbnail_grossTrial.png,1245.0,1080.0,337.0,0.0,798.0,692.0,Fixation,1675.0,68.0,697.0,719.0,"0,2892","0,6653",,
27470,33001102,1400472272389,Eye Tracker,Participant0058,17.09.2021,Participant0058,Recording4,17.09.2021,17.09.2021,14:48:45.713,12:48:45.713,64514,Timeline2,Tobii I-VT (Fixation),1.145.28180,1080,1920,"10,00",700864459.0,,,689.0,706.0,,,689.0,706.0,,,,"-0,19243","0,17476","-0,96562",,"4,52",Invalid,Valid,,,,"292,0","99,5","518,0",,,"188,8","193,2","0,2823","0,6537",,,"0,2823","0,6537",thumbnail_grossTrial,thumbnail_grossTrial.png,1245.0,1080.0,337.0,0.0,798.0,692.0,Fixation,1675.0,68.0,697.0,719.0,"0,2892","0,6653",,
27471,33009437,1400472280724,Eye Tracker,Participant0058,17.09.2021,Participant0058,Recording4,17.09.2021,17.09.2021,14:48:45.713,12:48:45.713,64514,Timeline2,Tobii I-VT (Fixation),1.145.28180,1080,1920,"10,00",700872794.0,,,695.0,713.0,698.0,722.0,691.0,704.0,"-0,07899","0,18355","-0,97983","-0,19168","0,17371","-0,96596",,,Valid,Valid,"233,1","100,8","516,8","292,0","99,5","517,9","191,4","197,6","189,3","192,6","0,2869","0,6601","0,2900","0,6685","0,2837","0,6516",thumbnail_grossTrial,thumbnail_grossTrial.png,1245.0,1080.0,337.0,0.0,798.0,692.0,Fixation,1675.0,68.0,697.0,719.0,"0,2892","0,6653",,
27472,33017768,1400472289055,Eye Tracker,Participant0058,17.09.2021,Participant0058,Recording4,17.09.2021,17.09.2021,14:48:45.713,12:48:45.713,64514,Timeline2,Tobii I-VT (Fixation),1.145.28180,1080,1920,"10,00",700881123.0,,,694.0,703.0,695.0,710.0,694.0,696.0,"-0,08083","0,17746","-0,98080","-0,19026","0,17001","-0,96690",,,Valid,Valid,"233,0","100,7","516,8","292,0","99,5","517,9","190,4","194,2","190,1","190,5","0,2865","0,6509","0,2870","0,6572","0,2860","0,6446",thumbnail_grossTrial,thumbnail_grossTrial.png,1245.0,1080.0,337.0,0.0,798.0,692.0,Fixation,1675.0,68.0,697.0,719.0,"0,2892","0,6653",,
27473,33026190,1400472297477,Eye Tracker,Participant0058,17.09.2021,Participant0058,Recording4,17.09.2021,17.09.2021,14:48:45.713,12:48:45.713,64514,Timeline2,Tobii I-VT (Fixation),1.145.28180,1080,1920,"10,00",700889545.0,,,695.0,711.0,697.0,723.0,692.0,699.0,"-0,07971","0,18404","-0,97968","-0,19078","0,17118","-0,96659","4,42","4,88",Valid,Valid,"233,0","100,7","516,9","292,0","99,5","517,9","191,0","197,8","189,8","191,2","0,2869","0,6581","0,2886","0,6693","0,2851","0,6469",thumbnail_grossTrial,thumbnail_grossTrial.png,1245.0,1080.0,337.0,0.0,798.0,692.0,Fixation,1675.0,68.0,697.0,719.0,"0,2892","0,6653",,
27474,33034521,1400472305808,Eye Tracker,Participant0058,17.09.2021,Participant0058,Recording4,17.09.2021,17.09.2021,14:48:45.713,12:48:45.713,64514,Timeline2,Tobii I-VT (Fixation),1.145.28180,1080,1920,"10,00",700897876.0,,,693.0,714.0,697.0,727.0,689.0,701.0,"-0,07945","0,18606","-0,97932","-0,19237","0,17235","-0,96607",,,Valid,Valid,"233,1","100,7","516,9","292,0","99,5","517,9","191,1","198,9","188,9","191,9","0,2859","0,6611","0,2891","0,6731","0,2826","0,6492",thumbnail_grossTrial,thumbnail_grossTrial.png,1245.0,1080.0,337.0,0.0,798.0,692.0,Fixation,1675.0,68.0,697.0,719.0,"0,2892","0,6653",,
27475,33042767,1400472314054,Eye Tracker,Participant0058,17.09.2021,Participant0058,Recording4,17.09.2021,17.09.2021,14:48:45.713,12:48:45.713,64514,Timeline2,Tobii I-VT (Fixation),1.145.28180,1080,1920,"10,00",700906121.0,,,694.0,721.0,702.0,734.0,686.0,709.0,"-0,07679","0,18965","-0,97884","-0,19397","0,17594","-0,96510",,,Valid,Valid,"233,0","100,7","516,9","292,0","99,5","517,9","192,4","200,9","187,9","193,9","0,2863","0,6678","0,2929","0,6796","0,2796","0,6560",thumbnail_grossTrial,thumbnail_grossTrial.png,1245.0,1080.0,337.0,0.0,798.0,692.0,Fixation,1675.0,68.0,697.0,719.0,"0,2892","0,6653",,
27476,33051100,1400472322387,Eye Tracker,Participant0058,17.09.2021,Participant0058,Recording4,17.09.2021,17.09.2021,14:48:45.713,12:48:45.713,64514,Timeline2,Tobii I-VT (Fixation),1.145.28180,1080,1920,"10,00",700914453.0,,,699.0,719.0,712.0,730.0,686.0,707.0,"-0,07193","0,18787","-0,97956","-0,19369","0,17540","-0,96526","4,55","4,45",Valid,Valid,"233,0","100,7","517,0","292,0","99,5","518,0","195,0","199,8","188,0","193,6","0,2903","0,6656","0,3006","0,6761","0,2801","0,6550",thumbnail_grossTrial,thumbnail_grossTrial.png,1245.0,1080.0,337.0,0.0,798.0,692.0,Fixation,1675.0,68.0,697.0,719.0,"0,2892","0,6653",,
27477,33059434,1400472330721,Eye Tracker,Participant0058,17.09.2021,Participant0058,Recording4,17.09.2021,17.09.2021,14:48:45.713,12:48:45.713,64514,Timeline2,Tobii I-VT (Fixation),1.145.28180,1080,1920,"10,00",700922787.0,,,703.0,717.0,711.0,731.0,694.0,703.0,"-0,07213","0,18832","-0,97945","-0,19010","0,17319","-0,96637",,,Valid,Valid,"233,0","100,7","517,0","292,0","99,5","517,9","195,0","200,1","190,2","192,3","0,2933","0,6639","0,3004","0,6771","0,2863","0,6506",thumbnail_grossTrial,thumbnail_grossTrial.png,1245.0,1080.0,337.0,0.0,798.0,692.0,Fixation,1675.0,68.0,697.0,719.0,"0,2892","0,6653",,
27478,33067824,1400472339111,Eye Tracker,Participant0058,17.09.2021,Participant0058,Recording4,17.09.2021,17.09.2021,14:48:45.713,12:48:45.713,64514,Timeline2,Tobii I-VT (Fixation),1.145.28180,1080,1920,"10,00",700931176.0,,,704.0,707.0,707.0,719.0,701.0,695.0,"-0,07445","0,18240","-0,98040","-0,18660","0,16939","-0,96772",,,Valid,Valid,"233,0","100,7","517,0","292,0","99,5","517,9","193,7","196,9","192,1","190,1","0,2944","0,6548","0,2968","0,6662","0,2920","0,6434",thumbnail_grossTrial,thumbnail_grossTrial.png,1245.0,1080.0,337.0,0.0,798.0,692.0,Fixation,1675.0,68.0,697.0,719.0,"0,2892","0,6653",,
27479,33076145,1400472347432,Eye Tracker,Participant0058,17.09.2021,Participant0058,Recording4,17.09.2021,17.09.2021,14:48:45.713,12:48:45.713,64514,Timeline2,Tobii I-VT (Fixation),1.145.28180,1080,1920,"10,00",700939496.0,,,699.0,710.0,699.0,726.0,699.0,693.0,"-0,07828","0,18573","-0,97948","-0,18778","0,16861","-0,96763","4,35","4,39",Valid,Valid,"233,0","100,7","517,0","292,0","99,5","517,9","191,7","198,7","191,5","189,7","0,2905","0,6572","0,2908","0,6724","0,2902","0,6420",thumbnail_grossTrial,thumbnail_grossTrial.png,1245.0,1080.0,337.0,0.0,798.0,692.0,Fixation,1675.0,68.0,697.0,719.0,"0,2892","0,6653",,
27480,33084440,1400472355727,Eye Tracker,Participant0058,17.09.2021,Participant0058,Recording4,17.09.2021,17.09.2021,14:48:45.713,12:48:45.713,64514,Timeline2,Tobii I-VT (Fixation),1.145.28180,1080,1920,"10,00",700947791.0,,,698.0,711.0,698.0,725.0,697.0,697.0,"-0,07914","0,18504","-0,97954","-0,18860","0,17025","-0,96718",,,Valid,Valid,"233,1","100,7","516,9","292,1","99,5","517,8","191,3","198,4","191,1","190,7","0,2893","0,6582","0,2897","0,6712","0,2890","0,6451",thumbnail_grossTrial,thumbnail_grossTrial.png,1245.0,1080.0,337.0,0.0,798.0,692.0,Fixation,1675.0,68.0,697.0,719.0,"0,2892","0,6653",,
27481,33092850,1400472364137,Eye Tracker,Participant0058,17.09.2021,Participant0058,Recording4,17.09.2021,17.09.2021,14:48:45.713,12:48:45.713,64514,Timeline2,Tobii I-VT (Fixation),1.145.28180,1080,1920,"10,00",700956200.0,,,695.0,719.0,699.0,735.0,690.0,702.0,"-0,07826","0,19011","-0,97864","-0,19180","0,17286","-0,96609",,,Valid,Valid,"233,0","100,7","516,9","292,0","99,5","517,9","191,7","201,1","189,2","192,2","0,2871","0,6654","0,2907","0,6806","0,2834","0,6502",thumbnail_grossTrial,thumbnail_grossTrial.png,1245.0,1080.0,337.0,0.0,798.0,692.0,Fixation,1675.0,68.0,697.0,719.0,"0,2892","0,6653",,
27482,33101097,1400472372384,Eye Tracker,Participant0058,17.09.2021,Participant0058,Recording4,17.09.2021,17.09.2021,14:48:45.713,12:48:45.713,64514,Timeline2,Tobii I-VT (Fixation),1.145.28180,1080,1920,"10,00",700964446.0,,,709.0,708.0,709.0,730.0,708.0,685.0,"-0,07332","0,18780","-0,97947","-0,18313","0,16464","-0,96920","4,62","4,35",Valid,Valid,"233,1","100,7","517,0","292,0","99,5","517,9","194,4","199,8","194,2","187,5","0,2983","0,6552","0,2986","0,6761","0,2980","0,6344",thumbnail_grossTrial,thumbnail_grossTrial.png,1245.0,1080.0,337.0,0.0,798.0,692.0,Fixation,1675.0,68.0,697.0,719.0,"0,2892","0,6653",,
27483,33109404,1400472380691,Eye Tracker,Participant0058,17.09.2021,Participant0058,Recording4,17.09.2021,17.09.2021,14:48:45.713,12:48:45.713,64514,Timeline2,Tobii I-VT (Fixation),1.145.28180,1080,1920,"10,00",700972753.0,,,693.0,718.0,702.0,725.0,684.0,711.0,"-0,07716","0,18524","-0,97966","-0,19502","0,17731","-0,96464",,,Valid,Valid,"233,1","100,8","516,9","292,1","99,5","517,8","192,4","198,5","187,4","194,7","0,2855","0,6652","0,2928","0,6716","0,2782","0,6588",thumbnail_grossTrial,thumbnail_grossTrial.png,1245.0,1080.0,337.0,0.0,798.0,692.0,Fixation,1675.0,68.0,697.0,719.0,"0,2892","0,6653",,
27484,33117767,1400472389054,Eye Tracker,Participant0058,17.09.2021,Participant0058,Recording4,17.09.2021,17.09.2021,14:48:45.713,12:48:45.713,64514,Timeline2,Tobii I-VT (Fixation),1.145.28180,1080,1920,"10,00",700981116.0,,,694.0,719.0,705.0,725.0,683.0,714.0,"-0,07569","0,18492","-0,97983","-0,19549","0,17832","-0,96436",,,Valid,Valid,"233,0","100,7","516,9","292,0","99,5","517,8","193,1","198,3","187,1","195,3","0,2861","0,6658","0,2949","0,6709","0,2772","0,6607",thumbnail_grossTrial,thumbnail_grossTrial.png,1245.0,1080.0,337.0,0.0,798.0,692.0,Fixation,1675.0,68.0,697.0,719.0,"0,2892","0,6653",,
27485,33126180,1400472397467,Eye Tracker,Participant0058,17.09.2021,Participant0058,Recording4,17.09.2021,17.09.2021,14:48:45.713,12:48:45.713,64514,Timeline2,Tobii I-VT (Fixation),1.145.28180,1080,1920,"10,00",700989528.0,,,692.0,718.0,702.0,724.0,682.0,712.0,"-0,07701","0,18487","-0,97974","-0,19587","0,17774","-0,96439","4,54","4,32",Valid,Valid,"233,1","100,7","516,9","292,0","99,5","517,8","192,4","198,2","186,9","195,0","0,2848","0,6652","0,2929","0,6707","0,2766","0,6596",thumbnail_grossTrial,thumbnail_grossTrial.png,1245.0,1080.0,337.0,0.0,798.0,692.0,Fixation,1675.0,68.0,697.0,719.0,"0,2892","0,6653",,
27486,33134440,1400472405727,Eye Tracker,Participant0058,17.09.2021,Participant0058,Recording4,17.09.2021,17.09.2021,14:48:45.713,12:48:45.713,64514,Timeline2,Tobii I-VT (Fixation),1.145.28180,1080,1920,"10,00",700997787.0,,,701.0,716.0,713.0,727.0,689.0,705.0,"-0,07158","0,18628","-0,97989","-0,19277","0,17427","-0,96564",,,Valid,Valid,"233,1","100,7","516,8","292,1","99,6","517,6","195,3","199,0","188,7","193,0","0,2918","0,6631","0,3015","0,6733","0,2821","0,6529",thumbnail_grossTrial,thumbnail_grossTrial.png,1245.0,1080.0,337.0,0.0,798.0,692.0,Fixation,1675.0,68.0,697.0,719.0,"0,2892","0,6653",,
27487,33142770,1400472414057,Eye Tracker,Participant0058,17.09.2021,Participant0058,Recording4,17.09.2021,17.09.2021,14:48:45.713,12:48:45.713,64514,Timeline2,Tobii I-VT (Fixation),1.145.28180,1080,1920,"10,00",701006117.0,,,699.0,714.0,709.0,724.0,690.0,705.0,"-0,07355","0,18471","-0,98004","-0,19211","0,17401","-0,96582",,,Valid,Valid,"233,0","100,7","516,8","292,0","99,6","517,6","194,2","198,1","189,0","192,8","0,2906","0,6614","0,2982","0,6703","0,2830","0,6524",thumbnail_grossTrial,thumbnail_grossTrial.png,1245.0,1080.0,337.0,0.0,798.0,692.0,Fixation,1675.0,68.0,697.0,719.0,"0,2892","0,6653",,
27488,33151179,1400472422466,Eye Tracker,Participant0058,17.09.2021,Participant0058,Recording4,17.09.2021,17.09.2021,14:48:45.713,12:48:45.713,64514,Timeline2,Tobii I-VT (Fixation),1.145.28180,1080,1920,"10,00",701014525.0,,,702.0,717.0,712.0,731.0,692.0,704.0,"-0,07194","0,18823","-0,97949","-0,19082","0,17358","-0,96616","4,45","4,31",Valid,Valid,"233,0","100,7","516,9","292,0","99,6","517,6","195,1","200,0","189,8","192,6","0,2929","0,6641","0,3007","0,6767","0,2851","0,6516",thumbnail_grossTrial,thumbnail_grossTrial.png,1245.0,1080.0,337.0,0.0,798.0,692.0,Fixation,1675.0,68.0,697.0,719.0,"0,2892","0,6653",,
27489,33159403,1400472430690,Eye Tracker,Participant0058,17.09.2021,Participant0058,Recording4,17.09.2021,17.09.2021,14:48:45.713,12:48:45.713,64514,Timeline2,Tobii I-VT (Fixation),1.145.28180,1080,1920,"10,00",701022748.0,,,709.0,712.0,705.0,730.0,712.0,695.0,"-0,07562","0,18766","-0,97932","-0,18110","0,16962","-0,96873",,,Valid,Valid,"233,1","100,7","516,8","292,0","99,6","517,5","193,2","199,8","195,3","190,2","0,2982","0,6597","0,2951","0,6758","0,3013","0,6436",thumbnail_grossTrial,thumbnail_grossTrial.png,1245.0,1080.0,337.0,0.0,798.0,692.0,Fixation,1675.0,68.0,697.0,719.0,"0,2892","0,6653",,
27490,33167776,1400472439063,Eye Tracker,Participant0058,17.09.2021,Participant0058,Recording4,17.09.2021,17.09.2021,14:48:45.713,12:48:45.713,64514,Timeline2,Tobii I-VT (Fixation),1.145.28180,1080,1920,"10,00",701031121.0,,,703.0,720.0,708.0,733.0,698.0,707.0,"-0,07392","0,18903","-0,97918","-0,18794","0,17540","-0,96639",,,Valid,Valid,"233,0","100,7","516,8","292,0","99,6","517,5","194,0","200,5","191,3","193,5","0,2936","0,6665","0,2975","0,6783","0,2896","0,6548",thumbnail_grossTrial,thumbnail_grossTrial.png,1245.0,1080.0,337.0,0.0,798.0,692.0,Fixation,1675.0,68.0,697.0,719.0,"0,2892","0,6653",,
27491,33176108,1400472447395,Eye Tracker,Participant0058,17.09.2021,Participant0058,Recording4,17.09.2021,17.09.2021,14:48:45.713,12:48:45.713,64514,Timeline2,Tobii I-VT (Fixation),1.145.28180,1080,1920,"10,00",701039452.0,,,702.0,720.0,703.0,729.0,700.0,711.0,"-0,07621","0,18740","-0,97932","-0,18679","0,17748","-0,96624","4,35","4,61",Valid,Valid,"233,0","100,7","516,9","292,0","99,6","517,6","192,8","199,6","191,9","194,7","0,2927","0,6670","0,2940","0,6753","0,2914","0,6587",thumbnail_grossTrial,thumbnail_grossTrial.png,1245.0,1080.0,337.0,0.0,798.0,692.0,Fixation,1675.0,68.0,697.0,719.0,"0,2892","0,6653",,
27492,33184436,1400472455723,Eye Tracker,Participant0058,17.09.2021,Participant0058,Recording4,17.09.2021,17.09.2021,14:48:45.713,12:48:45.713,64514,Timeline2,Tobii I-VT (Fixation),1.145.28180,1080,1920,"10,00",701047779.0,,,696.0,715.0,700.0,722.0,692.0,708.0,"-0,07801","0,18345","-0,97993","-0,19076","0,17564","-0,96580",,,Valid,Valid,"233,0","100,7","516,9","292,0","99,6","517,5","191,9","197,5","189,8","193,7","0,2883","0,6618","0,2914","0,6681","0,2852","0,6555",thumbnail_grossTrial,thumbnail_grossTrial.png,1245.0,1080.0,337.0,0.0,798.0,692.0,Fixation,1675.0,68.0,697.0,719.0,"0,2892","0,6653",,
27493,33192741,1400472464028,Eye Tracker,Participant0058,17.09.2021,Participant0058,Recording4,17.09.2021,17.09.2021,14:48:45.713,12:48:45.713,64514,Timeline2,Tobii I-VT (Fixation),1.145.28180,1080,1920,"10,00",701056084.0,,,690.0,713.0,694.0,710.0,687.0,715.0,"-0,08121","0,17747","-0,98077","-0,19321","0,17923","-0,96465",,,Valid,Valid,"233,0","100,7","516,9","291,9","99,6","517,5","190,2","194,2","188,3","195,8","0,2836","0,6598","0,2864","0,6571","0,2808","0,6624",thumbnail_grossTrial,thumbnail_grossTrial.png,1245.0,1080.0,337.0,0.0,798.0,692.0,Fixation,1675.0,68.0,697.0,719.0,"0,2892","0,6653",,
27494,33201066,1400472472353,Eye Tracker,Participant0058,17.09.2021,Participant0058,Recording4,17.09.2021,17.09.2021,14:48:45.713,12:48:45.713,64514,Timeline2,Tobii I-VT (Fixation),1.145.28180,1080,1920,"10,00",701064408.0,,,688.0,712.0,691.0,710.0,686.0,714.0,"-0,08294","0,17748","-0,98062","-0,19361","0,17842","-0,96472","4,20","4,25",Valid,Valid,"233,0","100,7","517,0","292,0","99,6","517,5","189,3","194,2","188,1","195,4","0,2820","0,6590","0,2837","0,6571","0,2802","0,6610",thumbnail_grossTrial,thumbnail_grossTrial.png,1245.0,1080.0,337.0,0.0,798.0,692.0,Fixation,1675.0,68.0,697.0,719.0,"0,2892","0,6653",,
27495,33209427,1400472480714,Eye Tracker,Participant0058,17.09.2021,Participant0058,Recording4,17.09.2021,17.09.2021,14:48:45.713,12:48:45.713,64514,Timeline2,Tobii I-VT (Fixation),1.145.28180,1080,1920,"10,00",701072768.0,,,688.0,714.0,693.0,714.0,684.0,715.0,"-0,08185","0,17937","-0,98037","-0,19494","0,17878","-0,96438",,,Valid,Valid,"233,1","100,7","516,9","292,0","99,6","517,4","189,9","195,3","187,4","195,6","0,2819","0,6612","0,2855","0,6607","0,2782","0,6617",thumbnail_grossTrial,thumbnail_grossTrial.png,1245.0,1080.0,337.0,0.0,798.0,692.0,Fixation,1675.0,68.0,697.0,719.0,"0,2892","0,6653",,
27496,33217740,1400472489027,Eye Tracker,Participant0058,17.09.2021,Participant0058,Recording4,17.09.2021,17.09.2021,14:48:45.713,12:48:45.713,64514,Timeline2,Tobii I-VT (Fixation),1.145.28180,1080,1920,"10,00",701081081.0,,,691.0,717.0,693.0,724.0,689.0,710.0,"-0,08150","0,18455","-0,97944","-0,19242","0,17669","-0,96527",,,Valid,Valid,"233,0","100,7","517,0","292,0","99,6","517,5","190,0","198,1","188,8","194,4","0,2840","0,6639","0,2858","0,6702","0,2823","0,6576",thumbnail_grossTrial,thumbnail_grossTrial.png,1245.0,1080.0,337.0,0.0,798.0,692.0,Fixation,1675.0,68.0,697.0,719.0,"0,2892","0,6653",,
27497,33226064,1400472497351,Eye Tracker,Participant0058,17.09.2021,Participant0058,Recording4,17.09.2021,17.09.2021,14:48:45.713,12:48:45.713,64514,Timeline2,Tobii I-VT (Fixation),1.145.28180,1080,1920,"10,00",701089405.0,,,693.0,720.0,695.0,727.0,691.0,713.0,"-0,08078","0,18604","-0,97922","-0,19137","0,17796","-0,96525","4,16","4,24",Valid,Valid,"233,0","100,7","517,0","292,0","99,6","517,6","190,4","198,9","189,4","195,1","0,2854","0,6664","0,2869","0,6729","0,2840","0,6600",thumbnail_grossTrial,thumbnail_grossTrial.png,1245.0,1080.0,337.0,0.0,798.0,692.0,Fixation,1675.0,68.0,697.0,719.0,"0,2892","0,6653",,
27498,33234489,1400472505776,Eye Tracker,Participant0058,17.09.2021,Participant0058,Recording4,17.09.2021,17.09.2021,14:48:45.713,12:48:45.713,64514,Timeline2,Tobii I-VT (Fixation),1.145.28180,1080,1920,"10,00",701097829.0,,,697.0,727.0,707.0,737.0,687.0,717.0,"-0,07417","0,19103","-0,97878","-0,19353","0,18024","-0,96440",,,Valid,Valid,"233,1","100,7","517,0","292,0","99,6","517,5","193,9","201,6","188,2","196,3","0,2889","0,6732","0,2972","0,6821","0,2805","0,6643",thumbnail_grossTrial,thumbnail_grossTrial.png,1245.0,1080.0,337.0,0.0,798.0,692.0,Fixation,1675.0,68.0,697.0,719.0,"0,2892","0,6653",,
27499,33242765,1400472514052,Eye Tracker,Participant0058,17.09.2021,Participant0058,Recording4,17.09.2021,17.09.2021,14:48:45.713,12:48:45.713,64514,Timeline2,Tobii I-VT (Fixation),1.145.28180,1080,1920,"10,00",701106104.0,,,699.0,725.0,711.0,736.0,688.0,715.0,"-0,07200","0,19058","-0,97903","-0,19302","0,17898","-0,96473",,,Valid,Valid,"233,0","100,7","517,0","292,0","99,6","517,6","195,0","201,3","188,4","195,6","0,2908","0,6715","0,3004","0,6811","0,2812","0,6619",thumbnail_grossTrial,thumbnail_grossTrial.png,1245.0,1080.0,337.0,0.0,798.0,692.0,Fixation,1675.0,68.0,697.0,719.0,"0,2892","0,6653",,
27500,33251111,1400472522398,Eye Tracker,Participant0058,17.09.2021,Participant0058,Recording4,17.09.2021,17.09.2021,14:48:45.713,12:48:45.713,64514,Timeline2,Tobii I-VT (Fixation),1.145.28180,1080,1920,"10,00",701114450.0,,,698.0,725.0,710.0,737.0,686.0,712.0,"-0,07296","0,19144","-0,97879","-0,19403","0,17745","-0,96481","4,15","4,21",Valid,Valid,"233,1","100,6","517,0","292,0","99,6","517,7","194,5","201,8","187,9","194,8","0,2893","0,6709","0,2991","0,6826","0,2796","0,6591",thumbnail_grossTrial,thumbnail_grossTrial.png,1245.0,1080.0,337.0,0.0,798.0,692.0,Fixation,1675.0,68.0,697.0,719.0,"0,2892","0,6653",,
27501,33259427,1400472530714,Eye Tracker,Participant0058,17.09.2021,Participant0058,Recording4,17.09.2021,17.09.2021,14:48:45.713,12:48:45.713,64514,Timeline2,Tobii I-VT (Fixation),1.145.28180,1080,1920,"10,00",701122766.0,,,700.0,727.0,705.0,737.0,695.0,716.0,"-0,07531","0,19119","-0,97866","-0,18929","0,17974","-0,96533",,,Valid,Valid,"233,1","100,7","516,9","292,0","99,6","517,6","193,3","201,7","190,5","196,0","0,2915","0,6727","0,2955","0,6824","0,2874","0,6630",thumbnail_grossTrial,thumbnail_grossTrial.png,1245.0,1080.0,337.0,0.0,798.0,692.0,Fixation,1675.0,68.0,697.0,719.0,"0,2892","0,6653",,
27502,33267746,1400472539033,Eye Tracker,Participant0058,17.09.2021,Participant0058,Recording4,17.09.2021,17.09.2021,14:48:45.713,12:48:45.713,64514,Timeline2,Tobii I-VT (Fixation),1.145.28180,1080,1920,"10,00",701131083.0,,,698.0,732.0,710.0,739.0,686.0,725.0,"-0,07282","0,19203","-0,97868","-0,19373","0,18395","-0,96366",,,Valid,Valid,"233,0","100,7","516,9","292,0","99,6","517,7","194,6","202,1","187,9","198,4","0,2894","0,6775","0,2992","0,6838","0,2797","0,6712",thumbnail_grossTrial,thumbnail_grossTrial.png,1245.0,1080.0,337.0,0.0,798.0,692.0,Fixation,1675.0,68.0,697.0,719.0,"0,2892","0,6653",,
27503,33276149,1400472547436,Eye Tracker,Participant0058,17.09.2021,Participant0058,Recording4,17.09.2021,17.09.2021,14:48:45.713,12:48:45.713,64514,Timeline2,Tobii I-VT (Fixation),1.145.28180,1080,1920,"10,00",701139486.0,,,702.0,729.0,719.0,735.0,685.0,723.0,"-0,06838","0,19045","-0,97931","-0,19421","0,18284","-0,96377","4,33","4,17",Valid,Valid,"233,0","100,7","516,9","292,0","99,5","517,7","197,0","201,2","187,7","197,8","0,2926","0,6749","0,3062","0,6807","0,2790","0,6691",thumbnail_grossTrial,thumbnail_grossTrial.png,1245.0,1080.0,337.0,0.0,798.0,692.0,Fixation,1675.0,68.0,697.0,719.0,"0,2892","0,6653",,
27504,33284442,1400472555729,Eye Tracker,Participant0058,17.09.2021,Participant0058,Recording4,17.09.2021,17.09.2021,14:48:45.713,12:48:45.713,64514,Timeline2,Tobii I-VT (Fixation),1.145.28180,1080,1920,"10,00",701147779.0,,,701.0,728.0,719.0,732.0,684.0,724.0,"-0,06842","0,18870","-0,97965","-0,19470","0,18336","-0,96357",,,Valid,Valid,"233,1","100,7","516,9","292,0","99,5","517,7","197,0","200,3","187,4","198,0","0,2923","0,6739","0,3063","0,6777","0,2783","0,6701",thumbnail_grossTrial,thumbnail_grossTrial.png,1245.0,1080.0,337.0,0.0,798.0,692.0,Fixation,1675.0,68.0,697.0,719.0,"0,2892","0,6653",,
27505,33292762,1400472564049,Eye Tracker,Participant0058,17.09.2021,Participant0058,Recording4,17.09.2021,17.09.2021,14:48:45.713,12:48:45.713,64514,Timeline2,Tobii I-VT (Fixation),1.145.28180,1080,1920,"10,00",701156097.0,,,706.0,725.0,719.0,732.0,692.0,717.0,"-0,06824","0,18903","-0,97960","-0,19058","0,18032","-0,96497",,,Valid,Valid,"233,0","100,7","516,8","292,0","99,5","517,7","197,0","200,4","189,7","196,3","0,2957","0,6711","0,3063","0,6782","0,2851","0,6641",thumbnail_grossTrial,thumbnail_grossTrial.png,1245.0,1080.0,337.0,0.0,798.0,692.0,Fixation,1675.0,68.0,697.0,719.0,"0,2892","0,6653",,
27506,33301062,1400472572349,Eye Tracker,Participant0058,17.09.2021,Participant0058,Recording4,17.09.2021,17.09.2021,14:48:45.713,12:48:45.713,64514,Timeline2,Tobii I-VT (Fixation),1.145.28180,1080,1920,"10,00",701164397.0,,,706.0,727.0,718.0,732.0,695.0,721.0,"-0,06894","0,18909","-0,97954","-0,18911","0,18236","-0,96487","4,38","4,57",Valid,Valid,"233,0","100,7","516,9","292,0","99,5","517,7","196,7","200,5","190,5","197,4","0,2963","0,6730","0,3053","0,6782","0,2873","0,6678",thumbnail_grossTrial,thumbnail_grossTrial.png,1245.0,1080.0,337.0,0.0,798.0,692.0,Fixation,1675.0,68.0,697.0,719.0,"0,2892","0,6653",,
27507,33309431,1400472580718,Eye Tracker,Participant0058,17.09.2021,Participant0058,Recording4,17.09.2021,17.09.2021,14:48:45.713,12:48:45.713,64514,Timeline2,Tobii I-VT (Fixation),1.145.28180,1080,1920,"10,00",701172766.0,,,703.0,726.0,714.0,733.0,692.0,720.0,"-0,07101","0,18924","-0,97936","-0,19098","0,18157","-0,96466",,,Valid,Valid,"233,1","100,7","516,8","292,0","99,5","517,7","195,6","200,6","189,5","197,0","0,2933","0,6725","0,3022","0,6787","0,2845","0,6664",thumbnail_grossTrial,thumbnail_grossTrial.png,1245.0,1080.0,337.0,0.0,798.0,692.0,Fixation,1675.0,68.0,697.0,719.0,"0,2892","0,6653",,
27508,33317837,1400472589124,Eye Tracker,Participant0058,17.09.2021,Participant0058,Recording4,17.09.2021,17.09.2021,14:48:45.713,12:48:45.713,64514,Timeline2,Tobii I-VT (Fixation),1.145.28180,1080,1920,"10,00",701181171.0,,,697.0,729.0,709.0,733.0,685.0,725.0,"-0,07337","0,18948","-0,97914","-0,19399","0,18428","-0,96354",,,Valid,Valid,"233,0","100,7","516,8","292,0","99,5","517,7","194,3","200,7","187,7","198,5","0,2888","0,6754","0,2983","0,6792","0,2792","0,6717",thumbnail_grossTrial,thumbnail_grossTrial.png,1245.0,1080.0,337.0,0.0,798.0,692.0,Fixation,1675.0,68.0,697.0,719.0,"0,2892","0,6653",,
27509,33326176,1400472597463,Eye Tracker,Participant0058,17.09.2021,Participant0058,Recording4,17.09.2021,17.09.2021,14:48:45.713,12:48:45.713,64514,Timeline2,Tobii I-VT (Fixation),1.145.28180,1080,1920,"10,00",701189509.0,,,695.0,728.0,703.0,732.0,687.0,724.0,"-0,07632","0,18894","-0,97902","-0,19305","0,18381","-0,96382","4,09","4,15",Valid,Valid,"233,0","100,7","516,8","292,0","99,5","517,7","192,7","200,4","188,3","198,2","0,2873","0,6745","0,2938","0,6782","0,2807","0,6707",thumbnail_grossTrial,thumbnail_grossTrial.png,1245.0,1080.0,337.0,0.0,798.0,692.0,Fixation,1675.0,68.0,697.0,719.0,"0,2892","0,6653",,
27510,33334519,1400472605806,Eye Tracker,Participant0058,17.09.2021,Participant0058,Recording4,17.09.2021,17.09.2021,14:48:45.713,12:48:45.713,64514,Timeline2,Tobii I-VT (Fixation),1.145.28180,1080,1920,"10,00",701197852.0,,,697.0,729.0,706.0,735.0,689.0,723.0,"-0,07495","0,19039","-0,97884","-0,19223","0,18302","-0,96413",,,Valid,Valid,"233,0","100,8","516,7","292,0","99,5","517,6","193,5","201,3","188,8","197,8","0,2891","0,6751","0,2960","0,6810","0,2823","0,6692",thumbnail_grossTrial,thumbnail_grossTrial.png,1245.0,1080.0,337.0,0.0,798.0,692.0,Fixation,1675.0,68.0,697.0,719.0,"0,2892","0,6653",,
27511,33342804,1400472614091,Eye Tracker,Participant0058,17.09.2021,Participant0058,Recording4,17.09.2021,17.09.2021,14:48:45.713,12:48:45.713,64514,Timeline2,Tobii I-VT (Fixation),1.145.28180,1080,1920,"10,00",701206136.0,,,701.0,724.0,708.0,729.0,694.0,719.0,"-0,07402","0,18728","-0,97951","-0,18948","0,18150","-0,96496",,,Valid,Valid,"233,0","100,8","516,7","291,9","99,5","517,7","193,9","199,6","190,3","196,9","0,2920","0,6707","0,2973","0,6752","0,2867","0,6662",thumbnail_grossTrial,thumbnail_grossTrial.png,1245.0,1080.0,337.0,0.0,798.0,692.0,Fixation,1675.0,68.0,697.0,719.0,"0,2892","0,6653",,
27512,33351059,1400472622346,Eye Tracker,Participant0058,17.09.2021,Participant0058,Recording4,17.09.2021,17.09.2021,14:48:45.713,12:48:45.713,64514,Timeline2,Tobii I-VT (Fixation),1.145.28180,1080,1920,"10,00",701214390.0,,,701.0,721.0,711.0,724.0,692.0,718.0,"-0,07243","0,18479","-0,98011","-0,19089","0,18049","-0,96488","4,23","4,14",Valid,Valid,"233,0","100,8","516,7","292,0","99,5","517,7","194,8","198,2","189,5","196,4","0,2922","0,6674","0,2999","0,6705","0,2845","0,6644",thumbnail_grossTrial,thumbnail_grossTrial.png,1245.0,1080.0,337.0,0.0,798.0,692.0,Fixation,1675.0,68.0,697.0,719.0,"0,2892","0,6653",,
27513,33359410,1400472630697,Eye Tracker,Participant0058,17.09.2021,Participant0058,Recording4,17.09.2021,17.09.2021,14:48:45.713,12:48:45.713,64514,Timeline2,Tobii I-VT (Fixation),1.145.28180,1080,1920,"10,00",701222741.0,,,701.0,722.0,715.0,726.0,688.0,718.0,"-0,07015","0,18560","-0,98012","-0,19297","0,18084","-0,96440",,,Valid,Valid,"233,0","100,8","516,6","292,0","99,5","517,6","196,1","198,6","188,4","196,6","0,2924","0,6686","0,3036","0,6721","0,2812","0,6652",thumbnail_grossTrial,thumbnail_grossTrial.png,1245.0,1080.0,337.0,0.0,798.0,692.0,Fixation,1675.0,68.0,697.0,719.0,"0,2892","0,6653",,
27514,33367768,1400472639055,Eye Tracker,Participant0058,17.09.2021,Participant0058,Recording4,17.09.2021,17.09.2021,14:48:45.713,12:48:45.713,64514,Timeline2,Tobii I-VT (Fixation),1.145.28180,1080,1920,"10,00",701231099.0,,,704.0,719.0,721.0,721.0,687.0,718.0,"-0,06704","0,18327","-0,98077","-0,19293","0,18055","-0,96446",,,Valid,Valid,"233,0","100,8","516,6","292,0","99,5","517,7","197,7","197,3","188,4","196,4","0,2947","0,6662","0,3083","0,6677","0,2812","0,6646",thumbnail_grossTrial,thumbnail_grossTrial.png,1245.0,1080.0,337.0,0.0,798.0,692.0,Fixation,1675.0,68.0,697.0,719.0,"0,2892","0,6653",,
27515,33376125,1400472647412,Eye Tracker,Participant0058,17.09.2021,Participant0058,Recording4,17.09.2021,17.09.2021,14:48:45.713,12:48:45.713,64514,Timeline2,Tobii I-VT (Fixation),1.145.28180,1080,1920,"10,00",701239455.0,,,708.0,722.0,727.0,729.0,689.0,715.0,"-0,06424","0,18727","-0,98021","-0,19201","0,17926","-0,96488","4,27","4,13",Valid,Valid,"233,0","100,8","516,7","292,0","99,5","517,8","199,2","199,5","189,0","195,7","0,2977","0,6685","0,3126","0,6749","0,2828","0,6621",thumbnail_grossTrial,thumbnail_grossTrial.png,1245.0,1080.0,337.0,0.0,798.0,692.0,Fixation,1675.0,68.0,697.0,719.0,"0,2892","0,6653",,
27516,33384425,1400472655712,Eye Tracker,Participant0058,17.09.2021,Participant0058,Recording4,17.09.2021,17.09.2021,14:48:45.713,12:48:45.713,64514,Timeline2,Tobii I-VT (Fixation),1.145.28180,1080,1920,"10,00",701247754.0,,,706.0,717.0,720.0,721.0,692.0,714.0,"-0,06780","0,18307","-0,98076","-0,19091","0,17885","-0,96518",,,Valid,Valid,"233,1","100,8","516,7","292,0","99,5","517,7","197,3","197,2","189,6","195,4","0,2961","0,6643","0,3073","0,6674","0,2848","0,6612",thumbnail_grossTrial,thumbnail_grossTrial.png,1245.0,1080.0,337.0,0.0,798.0,692.0,Fixation,1675.0,68.0,697.0,719.0,"0,2892","0,6653",,
27517,33392723,1400472664010,Eye Tracker,Participant0058,17.09.2021,Participant0058,Recording4,17.09.2021,17.09.2021,14:48:45.713,12:48:45.713,64514,Timeline2,Tobii I-VT (Fixation),1.145.28180,1080,1920,"10,00",701256052.0,,,711.0,733.0,735.0,749.0,687.0,717.0,"-0,06004","0,19741","-0,97848","-0,19321","0,18027","-0,96445",,,Valid,Valid,"233,0","100,8","516,7","292,0","99,5","517,8","201,3","205,0","188,3","196,3","0,2999","0,6788","0,3189","0,6936","0,2808","0,6640",thumbnail_grossTrial,thumbnail_grossTrial.png,1245.0,1080.0,337.0,0.0,798.0,692.0,Fixation,1675.0,68.0,697.0,719.0,"0,2892","0,6653",,
27518,33401055,1400472672342,Eye Tracker,Participant0058,17.09.2021,Participant0058,Recording4,17.09.2021,17.09.2021,14:48:45.713,12:48:45.713,64514,Timeline2,Tobii I-VT (Fixation),1.145.28180,1080,1920,"10,00",701264383.0,,,707.0,731.0,730.0,746.0,684.0,716.0,"-0,06221","0,19585","-0,97866","-0,19462","0,17977","-0,96426","4,35","4,70",Valid,Valid,"233,0","100,7","516,8","292,0","99,4","517,9","200,2","204,1","187,5","196,0","0,2971","0,6769","0,3157","0,6907","0,2785","0,6631",thumbnail_grossTrial,thumbnail_grossTrial.png,1245.0,1080.0,337.0,0.0,798.0,692.0,Fixation,1675.0,68.0,697.0,719.0,"0,2892","0,6653",,
27519,33409435,1400472680722,Eye Tracker,Participant0058,17.09.2021,Participant0058,Recording4,17.09.2021,17.09.2021,14:48:45.713,12:48:45.713,64514,Timeline2,Tobii I-VT (Fixation),1.145.28180,1080,1920,"10,00",701272762.0,,,707.0,731.0,730.0,746.0,684.0,717.0,"-0,06229","0,19577","-0,97867","-0,19500","0,18013","-0,96412",,,Valid,Valid,"233,1","100,7","516,8","292,1","99,4","517,9","200,2","204,1","187,3","196,2","0,2969","0,6772","0,3157","0,6906","0,2780","0,6638",thumbnail_grossTrial,thumbnail_grossTrial.png,1245.0,1080.0,337.0,0.0,798.0,692.0,Fixation,1675.0,68.0,697.0,719.0,"0,2892","0,6653",,
27520,33417731,1400472689018,Eye Tracker,Participant0058,17.09.2021,Participant0058,Recording4,17.09.2021,17.09.2021,14:48:45.713,12:48:45.713,64514,Timeline2,Tobii I-VT (Fixation),1.145.28180,1080,1920,"10,00",701281058.0,,,700.0,722.0,712.0,730.0,689.0,713.0,"-0,07185","0,18806","-0,97953","-0,19224","0,17859","-0,96496",,,Valid,Valid,"233,0","100,7","516,9","292,0","99,4","517,9","195,1","199,9","188,9","195,3","0,2916","0,6685","0,3008","0,6764","0,2825","0,6606",thumbnail_grossTrial,thumbnail_grossTrial.png,1245.0,1080.0,337.0,0.0,798.0,692.0,Fixation,1675.0,68.0,697.0,719.0,"0,2892","0,6653",,
27521,33426149,1400472697436,Eye Tracker,Participant0058,17.09.2021,Participant0058,Recording4,17.09.2021,17.09.2021,14:48:45.713,12:48:45.713,64514,Timeline2,Tobii I-VT (Fixation),1.145.28180,1080,1920,"10,00",701289475.0,,,698.0,723.0,713.0,731.0,683.0,714.0,"-0,07117","0,18859","-0,97947","-0,19543","0,17878","-0,96428","4,35","4,70",Valid,Valid,"233,0","100,6","517,0","292,1","99,4","518,0","195,5","200,2","187,1","195,4","0,2895","0,6692","0,3019","0,6772","0,2772","0,6612",thumbnail_grossTrial,thumbnail_grossTrial.png,1245.0,1080.0,337.0,0.0,798.0,692.0,Fixation,1675.0,68.0,697.0,719.0,"0,2892","0,6653",,
27522,33434466,1400472705753,Eye Tracker,Participant0058,17.09.2021,Participant0058,Recording4,17.09.2021,17.09.2021,14:48:45.713,12:48:45.713,64514,Timeline2,Tobii I-VT (Fixation),1.145.28180,1080,1920,"10,00",701297791.0,,,700.0,724.0,717.0,731.0,683.0,716.0,"-0,06913","0,18858","-0,97962","-0,19532","0,17980","-0,96412",,,Valid,Valid,"233,1","100,6","517,0","292,1","99,4","518,0","196,6","200,1","187,1","196,0","0,2913","0,6701","0,3051","0,6772","0,2775","0,6630",thumbnail_grossTrial,thumbnail_grossTrial.png,1245.0,1080.0,337.0,0.0,798.0,692.0,Fixation,1675.0,68.0,697.0,719.0,"0,2892","0,6653",,
27523,33442721,1400472714008,Eye Tracker,Participant0058,17.09.2021,Participant0058,Recording4,17.09.2021,17.09.2021,14:48:45.713,12:48:45.713,64514,Timeline2,Tobii I-VT (Fixation),1.145.28180,1080,1920,"10,00",701306046.0,,,698.0,722.0,711.0,730.0,685.0,713.0,"-0,07225","0,18811","-0,97949","-0,19418","0,17853","-0,96458",,,Valid,Valid,"233,0","100,6","517,1","292,0","99,3","518,1","194,8","199,9","187,7","195,2","0,2896","0,6684","0,3000","0,6763","0,2792","0,6605",thumbnail_grossTrial,thumbnail_grossTrial.png,1245.0,1080.0,337.0,0.0,798.0,692.0,Fixation,1675.0,68.0,697.0,719.0,"0,2892","0,6653",,
27524,33451053,1400472722340,Eye Tracker,Participant0058,17.09.2021,Participant0058,Recording4,17.09.2021,17.09.2021,14:48:45.713,12:48:45.713,64514,Timeline2,Tobii I-VT (Fixation),1.145.28180,1080,1920,"10,00",701314377.0,,,702.0,723.0,712.0,729.0,691.0,717.0,"-0,07172","0,18741","-0,97966","-0,19108","0,18028","-0,96488","4,28","4,56",Valid,Valid,"233,0","100,5","517,2","292,0","99,3","518,1","195,1","199,5","189,4","196,1","0,2925","0,6692","0,3009","0,6749","0,2842","0,6635",thumbnail_grossTrial,thumbnail_grossTrial.png,1245.0,1080.0,337.0,0.0,798.0,692.0,Fixation,1675.0,68.0,697.0,719.0,"0,2892","0,6653",,
27525,33459404,1400472730691,Eye Tracker,Participant0058,17.09.2021,Participant0058,Recording4,17.09.2021,17.09.2021,14:48:45.713,12:48:45.713,64514,Timeline2,Tobii I-VT (Fixation),1.145.28180,1080,1920,"10,00",701322727.0,,,694.0,718.0,700.0,720.0,688.0,716.0,"-0,07829","0,18284","-0,98002","-0,19274","0,17973","-0,96465",,,Valid,Valid,"233,0","100,5","517,2","292,1","99,3","518,1","191,7","197,0","188,6","195,8","0,2862","0,6646","0,2908","0,6666","0,2816","0,6626",thumbnail_grossTrial,thumbnail_grossTrial.png,1245.0,1080.0,337.0,0.0,798.0,692.0,Fixation,1675.0,68.0,697.0,719.0,"0,2892","0,6653",,
27526,33467732,1400472739019,Eye Tracker,Participant0058,17.09.2021,Participant0058,Recording4,17.09.2021,17.09.2021,14:48:45.713,12:48:45.713,64514,Timeline2,Tobii I-VT (Fixation),1.145.28180,1080,1920,"10,00",701331055.0,,,696.0,723.0,706.0,726.0,686.0,720.0,"-0,07456","0,18599","-0,97972","-0,19357","0,18192","-0,96407",,,Valid,Valid,"232,9","100,5","517,2","292,0","99,3","518,1","193,6","198,7","188,0","197,1","0,2881","0,6695","0,2963","0,6722","0,2799","0,6668",thumbnail_grossTrial,thumbnail_grossTrial.png,1245.0,1080.0,337.0,0.0,798.0,692.0,Fixation,1675.0,68.0,697.0,719.0,"0,2892","0,6653",,
27527,33476084,1400472747371,Eye Tracker,Participant0058,17.09.2021,Participant0058,Recording4,17.09.2021,17.09.2021,14:48:45.713,12:48:45.713,64514,Timeline2,Tobii I-VT (Fixation),1.145.28180,1080,1920,"10,00",701339407.0,,,710.0,722.0,729.0,722.0,690.0,723.0,"-0,06288","0,18400","-0,98091","-0,19151","0,18329","-0,96422","4,31","4,14",Valid,Valid,"233,0","100,5","517,3","292,0","99,3","518,1","199,8","197,5","189,1","197,8","0,2989","0,6688","0,3146","0,6683","0,2832","0,6693",thumbnail_grossTrial,thumbnail_grossTrial.png,1245.0,1080.0,337.0,0.0,798.0,692.0,Fixation,1675.0,68.0,697.0,719.0,"0,2892","0,6653",,
27528,33484406,1400472755693,Eye Tracker,Participant0058,17.09.2021,Participant0058,Recording4,17.09.2021,17.09.2021,14:48:45.713,12:48:45.713,64514,Timeline2,Tobii I-VT (Fixation),1.145.28180,1080,1920,"10,00",701347728.0,,,705.0,724.0,715.0,727.0,694.0,722.0,"-0,07033","0,18638","-0,97996","-0,18951","0,18306","-0,96466",,,Valid,Valid,"233,0","100,5","517,3","292,1","99,3","518,0","195,9","198,9","190,3","197,6","0,2949","0,6708","0,3031","0,6729","0,2866","0,6687",thumbnail_grossTrial,thumbnail_grossTrial.png,1245.0,1080.0,337.0,0.0,798.0,692.0,Fixation,1675.0,68.0,697.0,719.0,"0,2892","0,6653",,
27529,33492750,1400472764037,Eye Tracker,Participant0058,17.09.2021,Participant0058,Recording4,17.09.2021,17.09.2021,14:48:45.713,12:48:45.713,64514,Timeline2,Tobii I-VT (Fixation),1.145.28180,1080,1920,"10,00",701356071.0,,,703.0,723.0,717.0,721.0,688.0,724.0,"-0,06900","0,18337","-0,98062","-0,19242","0,18405","-0,96390",,,Valid,Valid,"232,9","100,5","517,3","292,0","99,3","518,0","196,5","197,2","188,6","198,2","0,2933","0,6690","0,3050","0,6673","0,2817","0,6707",thumbnail_grossTrial,thumbnail_grossTrial.png,1245.0,1080.0,337.0,0.0,798.0,692.0,Fixation,1675.0,68.0,697.0,719.0,"0,2892","0,6653",,
27530,33501089,1400472772376,Eye Tracker,Participant0058,17.09.2021,Participant0058,Recording4,17.09.2021,17.09.2021,14:48:45.713,12:48:45.713,64514,Timeline2,Tobii I-VT (Fixation),1.145.28180,1080,1920,"10,00",701364410.0,,,704.0,726.0,721.0,734.0,688.0,718.0,"-0,06723","0,18984","-0,97951","-0,19266","0,18099","-0,96443","4,28","4,11",Valid,Valid,"233,0","100,5","517,3","292,0","99,3","518,1","197,5","200,7","188,5","196,6","0,2946","0,6721","0,3077","0,6792","0,2815","0,6651",thumbnail_grossTrial,thumbnail_grossTrial.png,1245.0,1080.0,337.0,0.0,798.0,692.0,Fixation,1675.0,68.0,697.0,719.0,"0,2892","0,6653",,
27531,33509436,1400472780723,Eye Tracker,Participant0058,17.09.2021,Participant0058,Recording4,17.09.2021,17.09.2021,14:48:45.713,12:48:45.713,64514,Timeline2,Tobii I-VT (Fixation),1.145.28180,1080,1920,"10,00",701372756.0,,,702.0,725.0,718.0,732.0,685.0,717.0,"-0,06850","0,18911","-0,97956","-0,19398","0,18037","-0,96428",,,Valid,Valid,"233,0","100,5","517,2","292,0","99,4","518,0","196,9","200,4","187,9","196,3","0,2927","0,6710","0,3059","0,6780","0,2795","0,6640",thumbnail_grossTrial,thumbnail_grossTrial.png,1245.0,1080.0,337.0,0.0,798.0,692.0,Fixation,1675.0,68.0,697.0,719.0,"0,2892","0,6653",,
27532,33517758,1400472789045,Eye Tracker,Participant0058,17.09.2021,Participant0058,Recording4,17.09.2021,17.09.2021,14:48:45.713,12:48:45.713,64514,Timeline2,Tobii I-VT (Fixation),1.145.28180,1080,1920,"10,00",701381077.0,,,701.0,726.0,717.0,734.0,684.0,718.0,"-0,06900","0,19026","-0,97931","-0,19438","0,18084","-0,96411",,,Valid,Valid,"233,0","100,5","517,1","292,0","99,4","517,9","196,5","201,0","187,6","196,5","0,2918","0,6725","0,3049","0,6801","0,2787","0,6650",thumbnail_grossTrial,thumbnail_grossTrial.png,1245.0,1080.0,337.0,0.0,798.0,692.0,Fixation,1675.0,68.0,697.0,719.0,"0,2892","0,6653",,
27533,33526144,1400472797431,Eye Tracker,Participant0058,17.09.2021,Participant0058,Recording4,17.09.2021,17.09.2021,14:48:45.713,12:48:45.713,64514,Timeline2,Tobii I-VT (Fixation),1.145.28180,1080,1920,"10,00",701389463.0,,,698.0,721.0,711.0,719.0,685.0,722.0,"-0,07241","0,18266","-0,98051","-0,19422","0,18272","-0,96379","4,21","4,14",Valid,Valid,"233,0","100,5","517,1","292,0","99,4","518,0","194,8","196,9","187,6","197,6","0,2894","0,6673","0,2999","0,6661","0,2789","0,6685",thumbnail_grossTrial,thumbnail_grossTrial.png,1245.0,1080.0,337.0,0.0,798.0,692.0,Fixation,1675.0,68.0,697.0,719.0,"0,2892","0,6653",,
27534,33534496,1400472805783,Eye Tracker,Participant0058,17.09.2021,Participant0058,Recording4,17.09.2021,17.09.2021,14:48:45.713,12:48:45.713,64514,Timeline2,Tobii I-VT (Fixation),1.145.28180,1080,1920,"10,00",701397815.0,,,701.0,719.0,714.0,717.0,689.0,722.0,"-0,07077","0,18146","-0,98085","-0,19241","0,18260","-0,96418",,,Valid,Valid,"233,0","100,6","517,0","292,1","99,4","517,9","195,7","196,2","188,7","197,5","0,2923","0,6661","0,3026","0,6640","0,2820","0,6682",thumbnail_grossTrial,thumbnail_grossTrial.png,1245.0,1080.0,337.0,0.0,798.0,692.0,Fixation,1675.0,68.0,697.0,719.0,"0,2892","0,6653",,
27535,33542762,1400472814049,Eye Tracker,Participant0058,17.09.2021,Participant0058,Recording4,17.09.2021,17.09.2021,14:48:45.713,12:48:45.713,64514,Timeline2,Tobii I-VT (Fixation),1.145.28180,1080,1920,"10,00",701406079.0,,,701.0,719.0,712.0,715.0,690.0,722.0,"-0,07173","0,18038","-0,98098","-0,19143","0,18292","-0,96431",,,Valid,Valid,"233,0","100,6","517,0","292,0","99,4","517,9","195,2","195,7","189,2","197,7","0,2922","0,6654","0,3010","0,6620","0,2835","0,6687",thumbnail_grossTrial,thumbnail_grossTrial.png,1245.0,1080.0,337.0,0.0,798.0,692.0,Fixation,1675.0,68.0,697.0,719.0,"0,2892","0,6653",,
27536,33551081,1400472822368,Eye Tracker,Participant0058,17.09.2021,Participant0058,Recording4,17.09.2021,17.09.2021,14:48:45.713,12:48:45.713,64514,Timeline2,Tobii I-VT (Fixation),1.145.28180,1080,1920,"10,00",701414398.0,,,701.0,724.0,710.0,725.0,691.0,723.0,"-0,07266","0,18521","-0,98001","-0,19097","0,18337","-0,96432","4,09","4,15",Valid,Valid,"233,0","100,6","517,0","292,0","99,4","517,9","194,7","198,3","189,4","197,9","0,2918","0,6703","0,2995","0,6710","0,2842","0,6696",thumbnail_grossTrial,thumbnail_grossTrial.png,1245.0,1080.0,337.0,0.0,798.0,692.0,Fixation,1675.0,68.0,697.0,719.0,"0,2892","0,6653",,
27537,33559398,1400472830685,Eye Tracker,Participant0058,17.09.2021,Participant0058,Recording4,17.09.2021,17.09.2021,14:48:45.713,12:48:45.713,64514,Timeline2,Tobii I-VT (Fixation),1.145.28180,1080,1920,"10,00",701422715.0,,,699.0,728.0,707.0,728.0,692.0,728.0,"-0,07456","0,18664","-0,97960","-0,19070","0,18577","-0,96391",,,Valid,Valid,"233,0","100,7","516,8","292,0","99,4","517,8","193,7","199,1","189,6","199,2","0,2906","0,6739","0,2966","0,6738","0,2847","0,6741",thumbnail_grossTrial,thumbnail_grossTrial.png,1245.0,1080.0,337.0,0.0,798.0,692.0,Fixation,1675.0,68.0,697.0,719.0,"0,2892","0,6653",,
27538,33567766,1400472839053,Eye Tracker,Participant0058,17.09.2021,Participant0058,Recording4,17.09.2021,17.09.2021,14:48:45.713,12:48:45.713,64514,Timeline2,Tobii I-VT (Fixation),1.145.28180,1080,1920,"10,00",701431082.0,,,701.0,725.0,711.0,726.0,691.0,724.0,"-0,07246","0,18594","-0,97989","-0,19086","0,18369","-0,96428",,,Valid,Valid,"233,0","100,7","516,8","292,0","99,4","517,8","194,7","198,7","189,5","198,1","0,2920","0,6713","0,2997","0,6724","0,2844","0,6702",thumbnail_grossTrial,thumbnail_grossTrial.png,1245.0,1080.0,337.0,0.0,798.0,692.0,Fixation,1675.0,68.0,697.0,719.0,"0,2892","0,6653",,
27539,33576050,1400472847337,Eye Tracker,Participant0058,17.09.2021,Participant0058,Recording4,17.09.2021,17.09.2021,14:48:45.713,12:48:45.713,64514,Timeline2,Tobii I-VT (Fixation),1.145.28180,1080,1920,"10,00",701439365.0,,,701.0,726.0,711.0,728.0,691.0,725.0,"-0,07230","0,18694","-0,97971","-0,19108","0,18416","-0,96414","4,09","4,57",Valid,Valid,"233,0","100,7","516,8","292,0","99,4","517,8","194,9","199,3","189,4","198,4","0,2920","0,6727","0,3000","0,6742","0,2839","0,6711",thumbnail_grossTrial,thumbnail_grossTrial.png,1245.0,1080.0,337.0,0.0,798.0,692.0,Fixation,1675.0,68.0,697.0,719.0,"0,2892","0,6653",,
27540,33584393,1400472855680,Eye Tracker,Participant0058,17.09.2021,Participant0058,Recording4,17.09.2021,17.09.2021,14:48:45.713,12:48:45.713,64514,Timeline2,Tobii I-VT (Fixation),1.145.28180,1080,1920,"10,00",701447708.0,,,696.0,723.0,707.0,727.0,685.0,719.0,"-0,07422","0,18609","-0,97973","-0,19426","0,18107","-0,96409",,,Valid,Valid,"233,0","100,7","516,7","292,0","99,5","517,8","193,9","198,9","187,7","196,7","0,2881","0,6692","0,2972","0,6728","0,2791","0,6655",thumbnail_grossTrial,thumbnail_grossTrial.png,1245.0,1080.0,337.0,0.0,798.0,692.0,Fixation,1675.0,68.0,697.0,719.0,"0,2892","0,6653",,
27541,33592718,1400472864005,Eye Tracker,Participant0058,17.09.2021,Participant0058,Recording4,17.09.2021,17.09.2021,14:48:45.713,12:48:45.713,64514,Timeline2,Tobii I-VT (Fixation),1.145.28180,1080,1920,"10,00",701456032.0,,,697.0,724.0,705.0,731.0,689.0,717.0,"-0,07508","0,18825","-0,97925","-0,19210","0,18032","-0,96467",,,Valid,Valid,"232,9","100,7","516,7","292,0","99,4","517,8","193,3","200,0","188,8","196,2","0,2890","0,6704","0,2956","0,6768","0,2824","0,6639",thumbnail_grossTrial,thumbnail_grossTrial.png,1245.0,1080.0,337.0,0.0,798.0,692.0,Fixation,1675.0,68.0,697.0,719.0,"0,2892","0,6653",,
27542,33601081,1400472872368,Eye Tracker,Participant0058,17.09.2021,Participant0058,Recording4,17.09.2021,17.09.2021,14:48:45.713,12:48:45.713,64514,Timeline2,Tobii I-VT (Fixation),1.145.28180,1080,1920,"10,00",701464394.0,,,699.0,721.0,710.0,726.0,689.0,716.0,"-0,07294","0,18577","-0,97988","-0,19237","0,17962","-0,96474","4,28","4,15",Valid,Valid,"233,0","100,7","516,8","292,0","99,4","517,8","194,5","198,6","188,7","195,9","0,2905","0,6674","0,2990","0,6721","0,2820","0,6627",thumbnail_grossTrial,thumbnail_grossTrial.png,1245.0,1080.0,337.0,0.0,798.0,692.0,Fixation,1675.0,68.0,697.0,719.0,"0,2892","0,6653",,
27543,33609428,1400472880715,Eye Tracker,Participant0058,17.09.2021,Participant0058,Recording4,17.09.2021,17.09.2021,14:48:45.713,12:48:45.713,64514,Timeline2,Tobii I-VT (Fixation),1.145.28180,1080,1920,"10,00",701472741.0,,,705.0,722.0,709.0,722.0,701.0,723.0,"-0,07361","0,18380","-0,98020","-0,18629","0,18336","-0,96523",,,Valid,Valid,"233,0","100,7","516,8","292,0","99,5","517,8","194,2","197,6","192,0","197,8","0,2950","0,6689","0,2981","0,6686","0,2918","0,6693",thumbnail_grossTrial,thumbnail_grossTrial.png,1245.0,1080.0,337.0,0.0,798.0,692.0,Fixation,1675.0,68.0,697.0,719.0,"0,2892","0,6653",,
27544,33617716,1400472889003,Eye Tracker,Participant0058,17.09.2021,Participant0058,Recording4,17.09.2021,17.09.2021,14:48:45.713,12:48:45.713,64514,Timeline2,Tobii I-VT (Fixation),1.145.28180,1080,1920,"10,00",701481028.0,,,703.0,720.0,706.0,717.0,701.0,723.0,"-0,07494","0,18127","-0,98057","-0,18609","0,18345","-0,96525",,,Valid,Valid,"232,9","100,7","516,8","291,9","99,5","517,8","193,4","196,2","192,1","197,9","0,2939","0,6667","0,2959","0,6639","0,2920","0,6695",thumbnail_grossTrial,thumbnail_grossTrial.png,1245.0,1080.0,337.0,0.0,798.0,692.0,Fixation,1675.0,68.0,697.0,719.0,"0,2892","0,6653",,
27545,33626075,1400472897362,Eye Tracker,Participant0058,17.09.2021,Participant0058,Recording4,17.09.2021,17.09.2021,14:48:45.713,12:48:45.713,64514,Timeline2,Tobii I-VT (Fixation),1.145.28180,1080,1920,"10,00",701489386.0,,,704.0,721.0,709.0,721.0,700.0,722.0,"-0,07349","0,18326","-0,98031","-0,18682","0,18292","-0,96521","4,39","4,16",Valid,Valid,"232,9","100,6","517,0","292,0","99,4","517,9","194,2","197,3","191,7","197,6","0,2945","0,6680","0,2981","0,6674","0,2909","0,6685",thumbnail_grossTrial,thumbnail_grossTrial.png,1245.0,1080.0,337.0,0.0,798.0,692.0,Fixation,1675.0,68.0,697.0,719.0,"0,2892","0,6653",,
27546,33634392,1400472905679,Eye Tracker,Participant0058,17.09.2021,Participant0058,Recording4,17.09.2021,17.09.2021,14:48:45.713,12:48:45.713,64514,Timeline2,Tobii I-VT (Fixation),1.145.28180,1080,1920,"10,00",701497703.0,,,701.0,720.0,707.0,722.0,694.0,719.0,"-0,07416","0,18364","-0,98019","-0,18964","0,18145","-0,96494",,,Valid,Valid,"233,0","100,6","517,0","292,0","99,5","517,8","193,9","197,5","190,2","196,8","0,2918","0,6671","0,2972","0,6682","0,2865","0,6659",thumbnail_grossTrial,thumbnail_grossTrial.png,1245.0,1080.0,337.0,0.0,798.0,692.0,Fixation,1675.0,68.0,697.0,719.0,"0,2892","0,6653",,
27547,33642748,1400472914035,Eye Tracker,Participant0058,17.09.2021,Participant0058,Recording4,17.09.2021,17.09.2021,14:48:45.713,12:48:45.713,64514,Timeline2,Tobii I-VT (Fixation),1.145.28180,1080,1920,"10,00",701506059.0,,,698.0,717.0,704.0,717.0,692.0,717.0,"-0,07581","0,18110","-0,98054","-0,19067","0,18016","-0,96498",,,Valid,Valid,"232,9","100,6","517,0","291,9","99,4","517,9","192,9","196,1","189,6","196,1","0,2896","0,6635","0,2944","0,6635","0,2847","0,6636",thumbnail_grossTrial,thumbnail_grossTrial.png,1245.0,1080.0,337.0,0.0,798.0,692.0,Fixation,1675.0,68.0,697.0,719.0,"0,2892","0,6653",,
27548,33651080,1400472922367,Eye Tracker,Participant0058,17.09.2021,Participant0058,Recording4,17.09.2021,17.09.2021,14:48:45.713,12:48:45.713,64514,Timeline2,Tobii I-VT (Fixation),1.145.28180,1080,1920,"10,00",701514389.0,,,697.0,718.0,703.0,718.0,690.0,719.0,"-0,07637","0,18169","-0,98039","-0,19142","0,18127","-0,96463","4,41","4,14",Valid,Valid,"232,9","100,6","517,1","292,0","99,4","517,9","192,7","196,4","189,2","196,7","0,2885","0,6651","0,2936","0,6645","0,2834","0,6657",thumbnail_grossTrial,thumbnail_grossTrial.png,1245.0,1080.0,337.0,0.0,798.0,692.0,Fixation,1675.0,68.0,697.0,719.0,"0,2892","0,6653",,
27549,33659391,1400472930678,Eye Tracker,Participant0058,17.09.2021,Participant0058,Recording4,17.09.2021,17.09.2021,14:48:45.713,12:48:45.713,64514,Timeline2,Tobii I-VT (Fixation),1.145.28180,1080,1920,"10,00",701522700.0,,,698.0,721.0,705.0,719.0,692.0,724.0,"-0,07553","0,18207","-0,98038","-0,19046","0,18361","-0,96437",,,Valid,Valid,"233,0","100,6","517,0","292,0","99,4","517,8","193,1","196,6","189,7","198,0","0,2900","0,6677","0,2950","0,6653","0,2850","0,6700",thumbnail_grossTrial,thumbnail_grossTrial.png,1245.0,1080.0,337.0,0.0,798.0,692.0,Fixation,1675.0,68.0,697.0,719.0,"0,2892","0,6653",,
27550,33667755,1400472939042,Eye Tracker,Participant0058,17.09.2021,Participant0058,Recording4,17.09.2021,17.09.2021,14:48:45.713,12:48:45.713,64514,Timeline2,Tobii I-VT (Fixation),1.145.28180,1080,1920,"10,00",701531064.0,,,702.0,722.0,706.0,720.0,698.0,725.0,"-0,07491","0,18282","-0,98029","-0,18761","0,18439","-0,96478",,,Valid,Valid,"232,9","100,6","517,1","291,9","99,4","517,9","193,4","197,0","191,2","198,4","0,2926","0,6689","0,2958","0,6666","0,2894","0,6713",thumbnail_grossTrial,thumbnail_grossTrial.png,1245.0,1080.0,337.0,0.0,798.0,692.0,Fixation,1675.0,68.0,697.0,719.0,"0,2892","0,6653",,
27551,33676045,1400472947332,Eye Tracker,Participant0058,17.09.2021,Participant0058,Recording4,17.09.2021,17.09.2021,14:48:45.713,12:48:45.713,64514,Timeline2,Tobii I-VT (Fixation),1.145.28180,1080,1920,"10,00",701539353.0,,,701.0,722.0,705.0,718.0,698.0,726.0,"-0,07551","0,18186","-0,98042","-0,18744","0,18481","-0,96474","4,37","4,48",Valid,Valid,"232,9","100,6","517,1","292,0","99,4","518,0","193,1","196,5","191,3","198,6","0,2923","0,6684","0,2949","0,6648","0,2897","0,6720",thumbnail_grossTrial,thumbnail_grossTrial.png,1245.0,1080.0,337.0,0.0,798.0,692.0,Fixation,1675.0,68.0,697.0,719.0,"0,2892","0,6653",,
27552,33684388,1400472955675,Eye Tracker,Participant0058,17.09.2021,Participant0058,Recording4,17.09.2021,17.09.2021,14:48:45.713,12:48:45.713,64514,Timeline2,Tobii I-VT (Fixation),1.145.28180,1080,1920,"10,00",701547695.0,,,703.0,718.0,700.0,713.0,705.0,724.0,"-0,07808","0,17916","-0,98072","-0,18407","0,18399","-0,96554",,,Valid,Valid,"233,0","100,6","517,0","292,0","99,4","517,9","191,8","195,1","193,3","198,1","0,2933","0,6651","0,2912","0,6600","0,2954","0,6703",thumbnail_grossTrial,thumbnail_grossTrial.png,1245.0,1080.0,337.0,0.0,798.0,692.0,Fixation,1675.0,68.0,697.0,719.0,"0,2892","0,6653",,
27553,33692805,1400472964092,Eye Tracker,Participant0058,17.09.2021,Participant0058,Recording4,17.09.2021,17.09.2021,14:48:45.713,12:48:45.713,64514,Timeline2,Tobii I-VT (Fixation),1.145.28180,1080,1920,"10,00",701556112.0,,,714.0,716.0,705.0,721.0,724.0,711.0,"-0,07545","0,18317","-0,98018","-0,17476","0,17801","-0,96839",,,Valid,Valid,"232,9","100,6","517,0","292,0","99,4","518,0","193,1","197,2","198,5","194,6","0,3028","0,6629","0,2950","0,6673","0,3107","0,6584",thumbnail_grossTrial,thumbnail_grossTrial.png,1245.0,1080.0,337.0,0.0,798.0,692.0,Fixation,1675.0,68.0,697.0,719.0,"0,2892","0,6653",,
27554,33701093,1400472972380,Eye Tracker,Participant0058,17.09.2021,Participant0058,Recording4,17.09.2021,17.09.2021,14:48:45.713,12:48:45.713,64514,Timeline2,Tobii I-VT (Fixation),1.145.28180,1080,1920,"10,00",701564399.0,,,716.0,715.0,707.0,720.0,724.0,711.0,"-0,07415","0,18262","-0,98038","-0,17477","0,17801","-0,96838","4,37","4,16",Valid,Valid,"232,9","100,6","517,0","292,0","99,4","518,1","193,8","196,9","198,5","194,6","0,3039","0,6623","0,2971","0,6663","0,3107","0,6584",thumbnail_grossTrial,thumbnail_grossTrial.png,1245.0,1080.0,337.0,0.0,798.0,692.0,Fixation,1675.0,68.0,697.0,719.0,"0,2892","0,6653",,
27555,33709453,1400472980740,Eye Tracker,Participant0058,17.09.2021,Participant0058,Recording4,17.09.2021,17.09.2021,14:48:45.713,12:48:45.713,64514,Timeline2,Tobii I-VT (Fixation),1.145.28180,1080,1920,"10,00",701572758.0,,,705.0,725.0,712.0,726.0,698.0,723.0,"-0,07156","0,18594","-0,97995","-0,18764","0,18332","-0,96498",,,Valid,Valid,"233,0","100,7","516,9","292,0","99,4","518,0","195,3","198,8","191,3","197,8","0,2954","0,6709","0,3012","0,6725","0,2896","0,6692",thumbnail_grossTrial,thumbnail_grossTrial.png,1245.0,1080.0,337.0,0.0,798.0,692.0,Fixation,1675.0,68.0,697.0,719.0,"0,2892","0,6653",,
27556,33717710,1400472988997,Eye Tracker,Participant0058,17.09.2021,Participant0058,Recording4,17.09.2021,17.09.2021,14:48:45.713,12:48:45.713,64514,Timeline2,Tobii I-VT (Fixation),1.145.28180,1080,1920,"10,00",701581015.0,,,702.0,722.0,708.0,718.0,697.0,725.0,"-0,07391","0,18201","-0,98051","-0,18814","0,18419","-0,96472",,,Valid,Valid,"232,9","100,7","516,8","292,0","99,4","518,1","194,0","196,6","190,9","198,3","0,2930","0,6681","0,2975","0,6653","0,2886","0,6709",thumbnail_grossTrial,thumbnail_grossTrial.png,1245.0,1080.0,337.0,0.0,798.0,692.0,Fixation,1675.0,68.0,697.0,719.0,"0,2892","0,6653",,
27557,33726156,1400472997443,Eye Tracker,Participant0058,17.09.2021,Participant0058,Recording4,17.09.2021,17.09.2021,14:48:45.713,12:48:45.713,64514,Timeline2,Tobii I-VT (Fixation),1.145.28180,1080,1920,"10,00",701589460.0,,,698.0,723.0,701.0,721.0,696.0,725.0,"-0,07763","0,18328","-0,97999","-0,18840","0,18443","-0,96462","4,18","4,17",Valid,Valid,"233,0","100,7","516,8","292,0","99,4","518,2","192,0","197,3","190,8","198,4","0,2899","0,6695","0,2917","0,6677","0,2882","0,6714",thumbnail_grossTrial,thumbnail_grossTrial.png,1245.0,1080.0,337.0,0.0,798.0,692.0,Fixation,1675.0,68.0,697.0,719.0,"0,2892","0,6653",,
27558,33734390,1400473005677,Eye Tracker,Participant0058,17.09.2021,Participant0058,Recording4,17.09.2021,17.09.2021,14:48:45.713,12:48:45.713,64514,Timeline2,Tobii I-VT (Fixation),1.145.28180,1080,1920,"10,00",701597693.0,,,697.0,722.0,700.0,720.0,694.0,725.0,"-0,07796","0,18243","-0,98012","-0,18928","0,18434","-0,96447",,,Valid,Valid,"233,0","100,7","516,8","292,0","99,4","518,1","191,9","196,9","190,3","198,4","0,2891","0,6687","0,2914","0,6663","0,2868","0,6712",thumbnail_grossTrial,thumbnail_grossTrial.png,1245.0,1080.0,337.0,0.0,798.0,692.0,Fixation,1675.0,68.0,697.0,719.0,"0,2892","0,6653",,
27559,33742720,1400473014007,Eye Tracker,Participant0058,17.09.2021,Participant0058,Recording4,17.09.2021,17.09.2021,14:48:45.713,12:48:45.713,64514,Timeline2,Tobii I-VT (Fixation),1.145.28180,1080,1920,"10,00",701606023.0,,,698.0,724.0,700.0,728.0,696.0,719.0,"-0,07770","0,18681","-0,97932","-0,18858","0,18165","-0,96511",,,Valid,Valid,"232,9","100,7","516,7","292,0","99,3","518,2","191,9","199,3","190,7","196,9","0,2897","0,6702","0,2915","0,6743","0,2880","0,6661",thumbnail_grossTrial,thumbnail_grossTrial.png,1245.0,1080.0,337.0,0.0,798.0,692.0,Fixation,1675.0,68.0,697.0,719.0,"0,2892","0,6653",,
27560,33751073,1400473022360,Eye Tracker,Participant0058,17.09.2021,Participant0058,Recording4,17.09.2021,17.09.2021,14:48:45.713,12:48:45.713,64514,Timeline2,Tobii I-VT (Fixation),1.145.28180,1080,1920,"10,00",701614376.0,,,698.0,723.0,701.0,729.0,695.0,716.0,"-0,07761","0,18706","-0,97928","-0,18914","0,18020","-0,96527","4,20","4,17",Valid,Valid,"232,9","100,7","516,8","292,0","99,3","518,3","192,0","199,4","190,4","196,1","0,2894","0,6691","0,2917","0,6748","0,2871","0,6634",thumbnail_grossTrial,thumbnail_grossTrial.png,1245.0,1080.0,337.0,0.0,798.0,692.0,Fixation,1675.0,68.0,697.0,719.0,"0,2892","0,6653",,
27561,33759411,1400473030698,Eye Tracker,Participant0058,17.09.2021,Participant0058,Recording4,17.09.2021,17.09.2021,14:48:45.713,12:48:45.713,64514,Timeline2,Tobii I-VT (Fixation),1.145.28180,1080,1920,"10,00",701622713.0,,,695.0,721.0,695.0,729.0,694.0,714.0,"-0,08031","0,18688","-0,97909","-0,18946","0,17906","-0,96542",,,Valid,Valid,"233,0","100,8","516,7","292,0","99,3","518,2","190,6","199,4","190,3","195,4","0,2872","0,6679","0,2876","0,6746","0,2868","0,6612",thumbnail_grossTrial,thumbnail_grossTrial.png,1245.0,1080.0,337.0,0.0,798.0,692.0,Fixation,1675.0,68.0,697.0,719.0,"0,2892","0,6653",,
27562,33767808,1400473039095,Eye Tracker,Participant0058,17.09.2021,Participant0058,Recording4,17.09.2021,17.09.2021,14:48:45.713,12:48:45.713,64514,Timeline2,Tobii I-VT (Fixation),1.145.28180,1080,1920,"10,00",701631109.0,,,694.0,721.0,697.0,727.0,691.0,716.0,"-0,07926","0,18611","-0,97933","-0,19094","0,17979","-0,96499",,,Valid,Valid,"232,9","100,7","516,7","292,0","99,3","518,3","191,1","198,9","189,4","195,8","0,2866","0,6679","0,2890","0,6731","0,2841","0,6626",thumbnail_grossTrial,thumbnail_grossTrial.png,1245.0,1080.0,337.0,0.0,798.0,692.0,Fixation,1675.0,68.0,697.0,719.0,"0,2892","0,6653",,
27563,33776072,1400473047359,Eye Tracker,Participant0058,17.09.2021,Participant0058,Recording4,17.09.2021,17.09.2021,14:48:45.713,12:48:45.713,64514,Timeline2,Tobii I-VT (Fixation),1.145.28180,1080,1920,"10,00",701639373.0,,,695.0,721.0,697.0,728.0,692.0,714.0,"-0,07914","0,18663","-0,97924","-0,19061","0,17917","-0,96518","4,21","4,21",Valid,Valid,"232,9","100,7","516,7","292,0","99,2","518,4","191,2","199,2","189,6","195,5","0,2870","0,6677","0,2892","0,6740","0,2847","0,6614",thumbnail_grossTrial,thumbnail_grossTrial.png,1245.0,1080.0,337.0,0.0,798.0,692.0,Fixation,1675.0,68.0,697.0,719.0,"0,2892","0,6653",,
27564,33784476,1400473055763,Eye Tracker,Participant0058,17.09.2021,Participant0058,Recording4,17.09.2021,17.09.2021,14:48:45.713,12:48:45.713,64514,Timeline2,Tobii I-VT (Fixation),1.145.28180,1080,1920,"10,00",701647776.0,,,696.0,720.0,700.0,728.0,691.0,713.0,"-0,07780","0,18658","-0,97935","-0,19108","0,17861","-0,96519",,,Valid,Valid,"233,0","100,7","516,7","292,0","99,2","518,3","191,9","199,2","189,4","195,2","0,2877","0,6671","0,2914","0,6739","0,2841","0,6603",thumbnail_grossTrial,thumbnail_grossTrial.png,1245.0,1080.0,337.0,0.0,798.0,692.0,Fixation,1675.0,68.0,697.0,719.0,"0,2892","0,6653",,
27565,33792814,1400473064101,Eye Tracker,Participant0058,17.09.2021,Participant0058,Recording4,17.09.2021,17.09.2021,14:48:45.713,12:48:45.713,64514,Timeline2,Tobii I-VT (Fixation),1.145.28180,1080,1920,"10,00",701656113.0,,,694.0,719.0,695.0,726.0,693.0,712.0,"-0,08057","0,18560","-0,97932","-0,19003","0,17824","-0,96546",,,Valid,Valid,"232,9","100,7","516,7","292,0","99,2","518,4","190,4","198,6","189,9","194,9","0,2863","0,6658","0,2869","0,6721","0,2856","0,6594",thumbnail_grossTrial,thumbnail_grossTrial.png,1245.0,1080.0,337.0,0.0,798.0,692.0,Fixation,1675.0,68.0,697.0,719.0,"0,2892","0,6653",,
27566,33801040,1400473072327,Eye Tracker,Participant0058,17.09.2021,Participant0058,Recording4,17.09.2021,17.09.2021,14:48:45.713,12:48:45.713,64514,Timeline2,Tobii I-VT (Fixation),1.145.28180,1080,1920,"10,00",701664339.0,,,694.0,721.0,695.0,727.0,692.0,714.0,"-0,08044","0,18613","-0,97923","-0,19034","0,17933","-0,96520","4,22","4,23",Valid,Valid,"232,9","100,7","516,7","292,0","99,2","518,5","190,5","198,9","189,7","195,5","0,2861","0,6672","0,2872","0,6730","0,2851","0,6614",thumbnail_grossTrial,thumbnail_grossTrial.png,1245.0,1080.0,337.0,0.0,798.0,692.0,Fixation,1675.0,68.0,697.0,719.0,"0,2892","0,6653",,
27567,33809414,1400473080701,Eye Tracker,Participant0058,17.09.2021,Participant0058,Recording4,17.09.2021,17.09.2021,14:48:45.713,12:48:45.713,64514,Timeline2,Tobii I-VT (Fixation),1.145.28180,1080,1920,"10,00",701672712.0,,,695.0,720.0,695.0,726.0,695.0,715.0,"-0,08051","0,18549","-0,97934","-0,18923","0,17957","-0,96537",,,Valid,Valid,"232,9","100,7","516,7","292,0","99,1","518,5","190,5","198,6","190,4","195,6","0,2871","0,6668","0,2872","0,6719","0,2870","0,6617",thumbnail_grossTrial,thumbnail_grossTrial.png,1245.0,1080.0,337.0,0.0,798.0,692.0,Fixation,1675.0,68.0,697.0,719.0,"0,2892","0,6653",,
27568,33817713,1400473089000,Eye Tracker,Participant0058,17.09.2021,Participant0058,Recording4,17.09.2021,17.09.2021,14:48:45.713,12:48:45.713,64514,Timeline2,Tobii I-VT (Fixation),1.145.28180,1080,1920,"10,00",701681010.0,,,697.0,723.0,700.0,728.0,693.0,719.0,"-0,07763","0,18693","-0,97930","-0,18980","0,18151","-0,96490",,,Valid,Valid,"232,9","100,7","516,6","292,0","99,1","518,5","191,9","199,3","190,0","196,7","0,2886","0,6699","0,2915","0,6744","0,2858","0,6654",thumbnail_grossTrial,thumbnail_grossTrial.png,1245.0,1080.0,337.0,0.0,798.0,692.0,Fixation,1675.0,68.0,697.0,719.0,"0,2892","0,6653",,
27569,33826066,1400473097353,Eye Tracker,Participant0058,17.09.2021,Participant0058,Recording4,17.09.2021,17.09.2021,14:48:45.713,12:48:45.713,64514,Timeline2,Tobii I-VT (Fixation),1.145.28180,1080,1920,"10,00",701689363.0,,,697.0,723.0,701.0,726.0,694.0,719.0,"-0,07757","0,18575","-0,97953","-0,18929","0,18195","-0,96492","4,23","4,24",Valid,Valid,"232,9","100,7","516,7","292,0","99,1","518,6","192,0","198,7","190,3","196,9","0,2891","0,6691","0,2917","0,6721","0,2866","0,6661",thumbnail_grossTrial,thumbnail_grossTrial.png,1245.0,1080.0,337.0,0.0,798.0,692.0,Fixation,1675.0,68.0,697.0,719.0,"0,2892","0,6653",,
27570,33834401,1400473105688,Eye Tracker,Participant0058,17.09.2021,Participant0058,Recording4,17.09.2021,17.09.2021,14:48:45.713,12:48:45.713,64514,Timeline2,Tobii I-VT (Fixation),1.145.28180,1080,1920,"10,00",701697698.0,,,693.0,721.0,693.0,721.0,692.0,721.0,"-0,08148","0,18332","-0,97967","-0,19029","0,18250","-0,96462",,,Valid,Valid,"233,0","100,7","516,6","292,0","99,1","518,5","190,0","197,4","189,7","197,2","0,2854","0,6675","0,2858","0,6678","0,2851","0,6672",thumbnail_grossTrial,thumbnail_grossTrial.png,1245.0,1080.0,337.0,0.0,798.0,692.0,Fixation,1675.0,68.0,697.0,719.0,"0,2892","0,6653",,
27571,33842706,1400473113993,Eye Tracker,Participant0058,17.09.2021,Participant0058,Recording4,17.09.2021,17.09.2021,14:48:45.713,12:48:45.713,64514,Timeline2,Tobii I-VT (Fixation),1.145.28180,1080,1920,"10,00",701706002.0,,,695.0,720.0,691.0,725.0,700.0,715.0,"-0,08261","0,18531","-0,97920","-0,18642","0,17985","-0,96587",,,Valid,Valid,"232,9","100,7","516,5","292,0","99,1","518,6","189,3","198,5","191,9","195,6","0,2876","0,6667","0,2838","0,6715","0,2914","0,6620",thumbnail_grossTrial,thumbnail_grossTrial.png,1245.0,1080.0,337.0,0.0,798.0,692.0,Fixation,1675.0,68.0,697.0,719.0,"0,2892","0,6653",,
27572,33851071,1400473122358,Eye Tracker,Participant0058,17.09.2021,Participant0058,Recording4,17.09.2021,17.09.2021,14:48:45.713,12:48:45.713,64514,Timeline2,Tobii I-VT (Fixation),1.145.28180,1080,1920,"10,00",701714366.0,,,712.0,725.0,723.0,734.0,701.0,715.0,"-0,06568","0,19002","-0,97958","-0,18587","0,17985","-0,96597","4,47","4,28",Valid,Valid,"232,9","100,7","516,6","292,0","99,1","518,6","198,3","200,9","192,2","195,6","0,3012","0,6709","0,3101","0,6798","0,2923","0,6619",thumbnail_grossTrial,thumbnail_grossTrial.png,1245.0,1080.0,337.0,0.0,798.0,692.0,Fixation,1675.0,68.0,697.0,719.0,"0,2892","0,6653",,
27573,33859384,1400473130671,Eye Tracker,Participant0058,17.09.2021,Participant0058,Recording4,17.09.2021,17.09.2021,14:48:45.713,12:48:45.713,64514,Timeline2,Tobii I-VT (Fixation),1.145.28180,1080,1920,"10,00",701722679.0,,,703.0,722.0,705.0,731.0,700.0,713.0,"-0,07513","0,18830","-0,97923","-0,18681","0,17895","-0,96596",,,Valid,Valid,"233,0","100,8","516,5","292,0","99,1","518,5","193,3","200,1","191,8","195,2","0,2933","0,6687","0,2956","0,6770","0,2910","0,6603",thumbnail_grossTrial,thumbnail_grossTrial.png,1245.0,1080.0,337.0,0.0,798.0,692.0,Fixation,1675.0,68.0,697.0,719.0,"0,2892","0,6653",,
27574,33867714,1400473139001,Eye Tracker,Participant0058,17.09.2021,Participant0058,Recording4,17.09.2021,17.09.2021,14:48:45.713,12:48:45.713,64514,Timeline2,Tobii I-VT (Fixation),1.145.28180,1080,1920,"10,00",701731008.0,,,697.0,721.0,705.0,722.0,688.0,720.0,"-0,07532","0,18356","-0,98012","-0,19223","0,18215","-0,96430",,,Valid,Valid,"232,9","100,8","516,4","292,0","99,1","518,5","193,2","197,5","188,6","197,1","0,2885","0,6675","0,2952","0,6683","0,2818","0,6668",thumbnail_grossTrial,thumbnail_grossTrial.png,1245.0,1080.0,337.0,0.0,798.0,692.0,Fixation,1675.0,68.0,697.0,719.0,"0,2892","0,6653",,
27575,33876129,1400473147416,Eye Tracker,Participant0058,17.09.2021,Participant0058,Recording4,17.09.2021,17.09.2021,14:48:45.713,12:48:45.713,64514,Timeline2,Tobii I-VT (Fixation),1.145.28180,1080,1920,"10,00",701739422.0,,,694.0,719.0,704.0,719.0,685.0,720.0,"-0,07606","0,18225","-0,98031","-0,19398","0,18184","-0,96401","4,55","4,29",Valid,Valid,"232,9","100,8","516,4","292,0","99,1","518,5","192,9","196,8","187,7","197,0","0,2866","0,6661","0,2942","0,6659","0,2790","0,6664",thumbnail_grossTrial,thumbnail_grossTrial.png,1245.0,1080.0,337.0,0.0,798.0,692.0,Fixation,1675.0,68.0,697.0,719.0,"0,2892","0,6653",,
27576,33884375,1400473155662,Eye Tracker,Participant0058,17.09.2021,Participant0058,Recording4,17.09.2021,17.09.2021,14:48:45.713,12:48:45.713,64514,Timeline2,Tobii I-VT (Fixation),1.145.28180,1080,1920,"10,00",701747668.0,,,697.0,720.0,703.0,723.0,690.0,717.0,"-0,07669","0,18398","-0,97993","-0,19131","0,18056","-0,96478",,,Valid,Valid,"233,0","100,9","516,3","292,0","99,2","518,4","192,6","197,8","189,2","196,2","0,2885","0,6666","0,2933","0,6692","0,2836","0,6639",thumbnail_grossTrial,thumbnail_grossTrial.png,1245.0,1080.0,337.0,0.0,798.0,692.0,Fixation,1675.0,68.0,697.0,719.0,"0,2892","0,6653",,
27577,33892705,1400473163992,Eye Tracker,Participant0058,17.09.2021,Participant0058,Recording4,17.09.2021,17.09.2021,14:48:45.713,12:48:45.713,64514,Timeline2,Tobii I-VT (Fixation),1.145.28180,1080,1920,"10,00",701755997.0,,,695.0,718.0,697.0,720.0,693.0,717.0,"-0,07956","0,18263","-0,97996","-0,18998","0,18041","-0,96507",,,Valid,Valid,"232,9","100,9","516,3","292,0","99,2","518,3","191,0","197,1","189,9","196,1","0,2872","0,6652","0,2887","0,6668","0,2856","0,6636",thumbnail_grossTrial,thumbnail_grossTrial.png,1245.0,1080.0,337.0,0.0,798.0,692.0,Fixation,1675.0,68.0,697.0,719.0,"0,2892","0,6653",,
27578,33901037,1400473172324,Eye Tracker,Participant0058,17.09.2021,Participant0058,Recording4,17.09.2021,17.09.2021,14:48:45.713,12:48:45.713,64514,Timeline2,Tobii I-VT (Fixation),1.145.28180,1080,1920,"10,00",701764328.0,,,697.0,719.0,699.0,720.0,694.0,717.0,"-0,07842","0,18281","-0,98002","-0,18931","0,18063","-0,96516","4,49","4,31",Valid,Valid,"232,9","100,9","516,3","292,0","99,2","518,3","191,6","197,2","190,3","196,2","0,2886","0,6655","0,2905","0,6671","0,2868","0,6640",thumbnail_grossTrial,thumbnail_grossTrial.png,1245.0,1080.0,337.0,0.0,798.0,692.0,Fixation,1675.0,68.0,697.0,719.0,"0,2892","0,6653",,
27579,33909380,1400473180667,Eye Tracker,Participant0058,17.09.2021,Participant0058,Recording4,17.09.2021,17.09.2021,14:48:45.713,12:48:45.713,64514,Timeline2,Tobii I-VT (Fixation),1.145.28180,1080,1920,"10,00",701772671.0,,,693.0,716.0,699.0,714.0,687.0,718.0,"-0,07855","0,17948","-0,98062","-0,19306","0,18110","-0,96433",,,Valid,Valid,"233,0","100,9","516,2","292,0","99,3","518,2","191,6","195,4","188,3","196,6","0,2856","0,6632","0,2905","0,6612","0,2808","0,6652",thumbnail_grossTrial,thumbnail_grossTrial.png,1245.0,1080.0,337.0,0.0,798.0,692.0,Fixation,1675.0,68.0,697.0,719.0,"0,2892","0,6653",,
27580,33917704,1400473188991,Eye Tracker,Participant0058,17.09.2021,Participant0058,Recording4,17.09.2021,17.09.2021,14:48:45.713,12:48:45.713,64514,Timeline2,Tobii I-VT (Fixation),1.145.28180,1080,1920,"10,00",701780994.0,,,696.0,716.0,702.0,720.0,689.0,713.0,"-0,07673","0,18251","-0,98021","-0,19198","0,17839","-0,96505",,,Valid,Valid,"232,9","100,9","516,2","291,9","99,3","518,2","192,5","197,0","188,9","195,1","0,2878","0,6634","0,2931","0,6667","0,2825","0,6601",thumbnail_grossTrial,thumbnail_grossTrial.png,1245.0,1080.0,337.0,0.0,798.0,692.0,Fixation,1675.0,68.0,697.0,719.0,"0,2892","0,6653",,
27581,33926035,1400473197322,Eye Tracker,Participant0058,17.09.2021,Participant0058,Recording4,17.09.2021,17.09.2021,14:48:45.713,12:48:45.713,64514,Timeline2,Tobii I-VT (Fixation),1.145.28180,1080,1920,"10,00",701789325.0,,,692.0,716.0,694.0,724.0,690.0,707.0,"-0,08122","0,18466","-0,97944","-0,19187","0,17541","-0,96562","4,27","4,32",Valid,Valid,"232,9","100,9","516,3","292,0","99,3","518,2","190,1","198,2","189,0","193,5","0,2845","0,6627","0,2861","0,6707","0,2829","0,6546",thumbnail_grossTrial,thumbnail_grossTrial.png,1245.0,1080.0,337.0,0.0,798.0,692.0,Fixation,1675.0,68.0,697.0,719.0,"0,2892","0,6653",,
27582,33934377,1400473205664,Eye Tracker,Participant0058,17.09.2021,Participant0058,Recording4,17.09.2021,17.09.2021,14:48:45.713,12:48:45.713,64514,Timeline2,Tobii I-VT (Fixation),1.145.28180,1080,1920,"10,00",701797666.0,,,693.0,720.0,691.0,729.0,696.0,711.0,"-0,08265","0,18677","-0,97892","-0,18881","0,17756","-0,96583",,,Valid,Valid,"233,0","101,0","516,2","292,0","99,4","518,0","189,4","199,4","190,7","194,6","0,2860","0,6666","0,2840","0,6748","0,2879","0,6584",thumbnail_grossTrial,thumbnail_grossTrial.png,1245.0,1080.0,337.0,0.0,798.0,692.0,Fixation,1675.0,68.0,697.0,719.0,"0,2892","0,6653",,
27583,33942704,1400473213991,Eye Tracker,Participant0058,17.09.2021,Participant0058,Recording4,17.09.2021,17.09.2021,14:48:45.713,12:48:45.713,64514,Timeline2,Tobii I-VT (Fixation),1.145.28180,1080,1920,"10,00",701805992.0,,,696.0,726.0,695.0,737.0,696.0,715.0,"-0,08056","0,19082","-0,97831","-0,18837","0,17933","-0,96559",,,Valid,Valid,"232,9","100,9","516,2","291,9","99,4","518,0","190,4","201,6","190,9","195,6","0,2877","0,6719","0,2870","0,6822","0,2884","0,6617",thumbnail_grossTrial,thumbnail_grossTrial.png,1245.0,1080.0,337.0,0.0,798.0,692.0,Fixation,1675.0,68.0,697.0,719.0,"0,2892","0,6653",,
27584,33951065,1400473222352,Eye Tracker,Participant0058,17.09.2021,Participant0058,Recording4,17.09.2021,17.09.2021,14:48:45.713,12:48:45.713,64514,Timeline2,Tobii I-VT (Fixation),1.145.28180,1080,1920,"10,00",701814353.0,,,697.0,729.0,695.0,737.0,698.0,720.0,"-0,08033","0,19121","-0,97826","-0,18746","0,18211","-0,96524","4,29","4,36",Valid,Valid,"232,9","100,9","516,2","291,9","99,4","518,0","190,5","201,8","191,3","197,1","0,2886","0,6748","0,2874","0,6828","0,2897","0,6669",thumbnail_grossTrial,thumbnail_grossTrial.png,1245.0,1080.0,337.0,0.0,798.0,692.0,Fixation,1675.0,68.0,697.0,719.0,"0,2892","0,6653",,
27585,33959366,1400473230653,Eye Tracker,Participant0058,17.09.2021,Participant0058,Recording4,17.09.2021,17.09.2021,14:48:45.713,12:48:45.713,64514,Timeline2,Tobii I-VT (Fixation),1.145.28180,1080,1920,"10,00",701822653.0,,,696.0,726.0,698.0,734.0,694.0,719.0,"-0,07896","0,18950","-0,97870","-0,18941","0,18137","-0,96500",,,Valid,Valid,"233,0","100,9","516,2","292,0","99,4","517,9","191,3","200,9","190,3","196,7","0,2882","0,6727","0,2897","0,6797","0,2868","0,6657",thumbnail_grossTrial,thumbnail_grossTrial.png,1245.0,1080.0,337.0,0.0,798.0,692.0,Fixation,1675.0,68.0,697.0,719.0,"0,2892","0,6653",,
27586,33967700,1400473238987,Eye Tracker,Participant0058,17.09.2021,Participant0058,Recording4,17.09.2021,17.09.2021,14:48:45.713,12:48:45.713,64514,Timeline2,Tobii I-VT (Fixation),1.145.28180,1080,1920,"10,00",701830987.0,,,695.0,725.0,698.0,734.0,692.0,717.0,"-0,07888","0,18926","-0,97875","-0,19037","0,18028","-0,96502",,,Valid,Valid,"232,9","100,9","516,2","291,9","99,4","517,9","191,3","200,7","189,8","196,2","0,2874","0,6714","0,2896","0,6792","0,2851","0,6637",thumbnail_grossTrial,thumbnail_grossTrial.png,1245.0,1080.0,337.0,0.0,798.0,692.0,Fixation,1675.0,68.0,697.0,719.0,"0,2892","0,6653",,
27587,33976068,1400473247355,Eye Tracker,Participant0058,17.09.2021,Participant0058,Recording4,17.09.2021,17.09.2021,14:48:45.713,12:48:45.713,64514,Timeline2,Tobii I-VT (Fixation),1.145.28180,1080,1920,"10,00",701839354.0,,,693.0,725.0,696.0,734.0,691.0,716.0,"-0,07991","0,18956","-0,97861","-0,19115","0,18009","-0,96490","4,32","4,37",Valid,Valid,"232,9","100,9","516,2","291,9","99,4","517,9","190,8","200,9","189,3","196,1","0,2860","0,6715","0,2881","0,6797","0,2839","0,6634",thumbnail_grossTrial,thumbnail_grossTrial.png,1245.0,1080.0,337.0,0.0,798.0,692.0,Fixation,1675.0,68.0,697.0,719.0,"0,2892","0,6653",,
27588,33984399,1400473255686,Eye Tracker,Participant0058,17.09.2021,Participant0058,Recording4,17.09.2021,17.09.2021,14:48:45.713,12:48:45.713,64514,Timeline2,Tobii I-VT (Fixation),1.145.28180,1080,1920,"10,00",701847684.0,,,692.0,723.0,694.0,734.0,691.0,711.0,"-0,08104","0,18942","-0,97855","-0,19136","0,17756","-0,96533",,,Valid,Valid,"233,0","100,9","516,2","292,0","99,4","517,8","190,2","200,9","189,3","194,7","0,2851","0,6691","0,2865","0,6796","0,2838","0,6586",thumbnail_grossTrial,thumbnail_grossTrial.png,1245.0,1080.0,337.0,0.0,798.0,692.0,Fixation,1675.0,68.0,697.0,719.0,"0,2892","0,6653",,
27589,33992731,1400473264018,Eye Tracker,Participant0058,17.09.2021,Participant0058,Recording4,17.09.2021,17.09.2021,14:48:45.713,12:48:45.713,64514,Timeline2,Tobii I-VT (Fixation),1.145.28180,1080,1920,"10,00",701856016.0,,,692.0,722.0,691.0,731.0,694.0,714.0,"-0,08268","0,18782","-0,97872","-0,18989","0,17882","-0,96538",,,Valid,Valid,"232,9","100,9","516,2","291,9","99,4","517,8","189,3","200,0","190,1","195,3","0,2849","0,6688","0,2838","0,6766","0,2860","0,6609",thumbnail_grossTrial,thumbnail_grossTrial.png,1245.0,1080.0,337.0,0.0,798.0,692.0,Fixation,1675.0,68.0,697.0,719.0,"0,2892","0,6653",,
27590,34001115,1400473272402,Eye Tracker,Participant0058,17.09.2021,Participant0058,Recording4,17.09.2021,17.09.2021,14:48:45.713,12:48:45.713,64514,Timeline2,Tobii I-VT (Fixation),1.145.28180,1080,1920,"10,00",701864399.0,,,691.0,721.0,690.0,729.0,692.0,714.0,"-0,08289","0,18696","-0,97886","-0,19065","0,17871","-0,96525","4,33","4,37",Valid,Valid,"232,9","100,9","516,3","292,0","99,4","517,9","189,2","199,5","189,7","195,3","0,2842","0,6679","0,2835","0,6749","0,2848","0,6608",thumbnail_grossTrial,thumbnail_grossTrial.png,1245.0,1080.0,337.0,0.0,798.0,692.0,Fixation,1675.0,68.0,697.0,719.0,"0,2892","0,6653",,
27591,34009478,1400473280765,Eye Tracker,Participant0058,17.09.2021,Participant0058,Recording4,17.09.2021,17.09.2021,14:48:45.713,12:48:45.713,64514,Timeline2,Tobii I-VT (Fixation),1.145.28180,1080,1920,"10,00",701872762.0,,,687.0,719.0,682.0,723.0,692.0,715.0,"-0,08740","0,18387","-0,97906","-0,19048","0,17954","-0,96513",,,Valid,Valid,"233,0","100,9","516,2","292,0","99,5","517,8","186,9","197,9","189,8","195,8","0,2810","0,6659","0,2767","0,6695","0,2852","0,6624",thumbnail_grossTrial,thumbnail_grossTrial.png,1245.0,1080.0,337.0,0.0,798.0,692.0,Fixation,1675.0,68.0,697.0,719.0,"0,2892","0,6653",,
27592,34017699,1400473288986,Eye Tracker,Participant0058,17.09.2021,Participant0058,Recording4,17.09.2021,17.09.2021,14:48:45.713,12:48:45.713,64514,Timeline2,Tobii I-VT (Fixation),1.145.28180,1080,1920,"10,00",701880982.0,,,691.0,718.0,692.0,721.0,690.0,714.0,"-0,08184","0,18322","-0,97966","-0,19142","0,17895","-0,96506",,,Valid,Valid,"232,9","100,9","516,2","291,9","99,5","517,8","189,8","197,4","189,2","195,5","0,2844","0,6647","0,2852","0,6680","0,2836","0,6614",thumbnail_grossTrial,thumbnail_grossTrial.png,1245.0,1080.0,337.0,0.0,798.0,692.0,Fixation,1675.0,68.0,697.0,719.0,"0,2892","0,6653",,
27593,34026144,1400473297431,Eye Tracker,Participant0058,17.09.2021,Participant0058,Recording4,17.09.2021,17.09.2021,14:48:45.713,12:48:45.713,64514,Timeline2,Tobii I-VT (Fixation),1.145.28180,1080,1920,"10,00",701889426.0,,,691.0,717.0,691.0,721.0,690.0,714.0,"-0,08238","0,18275","-0,97970","-0,19151","0,17868","-0,96509","4,32","4,39",Valid,Valid,"232,9","100,9","516,3","291,9","99,5","517,8","189,5","197,2","189,2","195,3","0,2839","0,6640","0,2844","0,6671","0,2834","0,6609",thumbnail_grossTrial,thumbnail_grossTrial.png,1245.0,1080.0,337.0,0.0,798.0,692.0,Fixation,1675.0,68.0,697.0,719.0,"0,2892","0,6653",,
27594,34034392,1400473305679,Eye Tracker,Participant0058,17.09.2021,Participant0058,Recording4,17.09.2021,17.09.2021,14:48:45.713,12:48:45.713,64514,Timeline2,Tobii I-VT (Fixation),1.145.28180,1080,1920,"10,00",701897674.0,,,692.0,719.0,697.0,722.0,686.0,715.0,"-0,07977","0,18339","-0,97980","-0,19348","0,17934","-0,96457",,,Valid,Valid,"233,0","100,9","516,3","292,0","99,5","517,7","190,9","197,5","188,1","195,7","0,2844","0,6653","0,2886","0,6684","0,2803","0,6623",thumbnail_grossTrial,thumbnail_grossTrial.png,1245.0,1080.0,337.0,0.0,798.0,692.0,Fixation,1675.0,68.0,697.0,719.0,"0,2892","0,6653",,
27595,34042745,1400473314032,Eye Tracker,Participant0058,17.09.2021,Participant0058,Recording4,17.09.2021,17.09.2021,14:48:45.713,12:48:45.713,64514,Timeline2,Tobii I-VT (Fixation),1.145.28180,1080,1920,"10,00",701906026.0,,,688.0,715.0,686.0,713.0,691.0,716.0,"-0,08543","0,17898","-0,98014","-0,19097","0,17978","-0,96499",,,Valid,Valid,"232,9","100,9","516,3","291,9","99,5","517,8","187,9","195,2","189,4","195,9","0,2819","0,6616","0,2797","0,6603","0,2842","0,6629",thumbnail_grossTrial,thumbnail_grossTrial.png,1245.0,1080.0,337.0,0.0,798.0,692.0,Fixation,1675.0,68.0,697.0,719.0,"0,2892","0,6653",,
27596,34051030,1400473322317,Eye Tracker,Participant0058,17.09.2021,Participant0058,Recording4,17.09.2021,17.09.2021,14:48:45.713,12:48:45.713,64514,Timeline2,Tobii I-VT (Fixation),1.145.28180,1080,1920,"10,00",701914311.0,,,689.0,713.0,686.0,711.0,691.0,715.0,"-0,08513","0,17780","-0,98038","-0,19118","0,17953","-0,96500","4,34","4,41",Valid,Valid,"232,9","100,9","516,4","291,9","99,5","517,8","188,1","194,5","189,3","195,8","0,2820","0,6603","0,2802","0,6581","0,2839","0,6625",thumbnail_grossTrial,thumbnail_grossTrial.png,1245.0,1080.0,337.0,0.0,798.0,692.0,Fixation,1675.0,68.0,697.0,719.0,"0,2892","0,6653",,
27597,34059395,1400473330682,Eye Tracker,Participant0058,17.09.2021,Participant0058,Recording4,17.09.2021,17.09.2021,14:48:45.713,12:48:45.713,64514,Timeline2,Tobii I-VT (Fixation),1.145.28180,1080,1920,"10,00",701922675.0,,,694.0,714.0,688.0,713.0,700.0,715.0,"-0,08414","0,17874","-0,98029","-0,18692","0,17937","-0,96586",,,Valid,Valid,"233,0","100,9","516,3","292,0","99,5","517,8","188,6","195,0","191,8","195,6","0,2864","0,6609","0,2818","0,6599","0,2910","0,6619",thumbnail_grossTrial,thumbnail_grossTrial.png,1245.0,1080.0,337.0,0.0,798.0,692.0,Fixation,1675.0,68.0,697.0,719.0,"0,2892","0,6653",,
27598,34067696,1400473338983,Eye Tracker,Participant0058,17.09.2021,Participant0058,Recording4,17.09.2021,17.09.2021,14:48:45.713,12:48:45.713,64514,Timeline2,Tobii I-VT (Fixation),1.145.28180,1080,1920,"10,00",701930975.0,,,693.0,718.0,694.0,720.0,692.0,716.0,"-0,08111","0,18265","-0,97983","-0,19076","0,17965","-0,96506",,,Valid,Valid,"232,9","100,9","516,3","291,9","99,5","517,8","190,2","197,1","189,6","195,9","0,2854","0,6648","0,2863","0,6670","0,2845","0,6627",thumbnail_grossTrial,thumbnail_grossTrial.png,1245.0,1080.0,337.0,0.0,798.0,692.0,Fixation,1675.0,68.0,697.0,719.0,"0,2892","0,6653",,
27599,34076028,1400473347315,Eye Tracker,Participant0058,17.09.2021,Participant0058,Recording4,17.09.2021,17.09.2021,14:48:45.713,12:48:45.713,64514,Timeline2,Tobii I-VT (Fixation),1.145.28180,1080,1920,"10,00",701939307.0,,,695.0,726.0,695.0,726.0,,,"-0,08075","0,18534","-0,97935",,,,"4,36",,Valid,Invalid,"232,9","100,9","516,4",,,,"190,3","198,6",,,"0,2868","0,6719","0,2868","0,6719",,,thumbnail_grossTrial,thumbnail_grossTrial.png,1245.0,1080.0,337.0,0.0,798.0,692.0,Fixation,1675.0,68.0,697.0,719.0,"0,2892","0,6653",,
27600,34084393,1400473355680,Eye Tracker,Participant0058,17.09.2021,Participant0058,Recording4,17.09.2021,17.09.2021,14:48:45.713,12:48:45.713,64514,Timeline2,Tobii I-VT (Fixation),1.145.28180,1080,1920,"10,00",701947671.0,,,689.0,722.0,694.0,728.0,684.0,716.0,"-0,08084","0,18667","-0,97909","-0,19441","0,17946","-0,96436",,,Valid,Valid,"233,0","100,9","516,3","292,0","99,4","517,8","190,3","199,3","187,6","195,8","0,2828","0,6685","0,2868","0,6745","0,2787","0,6625",thumbnail_grossTrial,thumbnail_grossTrial.png,1245.0,1080.0,337.0,0.0,798.0,692.0,Fixation,1675.0,68.0,697.0,719.0,"0,2892","0,6653",,
27601,34092798,1400473364085,Eye Tracker,Participant0058,17.09.2021,Participant0058,Recording4,17.09.2021,17.09.2021,14:48:45.713,12:48:45.713,64514,Timeline2,Tobii I-VT (Fixation),1.145.28180,1080,1920,"10,00",701956075.0,,,687.0,723.0,691.0,731.0,684.0,716.0,"-0,08259","0,18777","-0,97873","-0,19460","0,17963","-0,96429",,,Valid,Valid,"232,9","100,9","516,4","291,9","99,4","517,9","189,3","199,9","187,4","195,9","0,2811","0,6696","0,2839","0,6765","0,2783","0,6628",thumbnail_grossTrial,thumbnail_grossTrial.png,1245.0,1080.0,337.0,0.0,798.0,692.0,Fixation,1675.0,68.0,697.0,719.0,"0,2892","0,6653",,
27602,34101077,1400473372364,Eye Tracker,Participant0058,17.09.2021,Participant0058,Recording4,17.09.2021,17.09.2021,14:48:45.713,12:48:45.713,64514,Timeline2,Tobii I-VT (Fixation),1.145.28180,1080,1920,"10,00",701964354.0,,,692.0,732.0,692.0,732.0,,,"-0,08210","0,18855","-0,97863",,,,"4,40",,Valid,Invalid,"232,9","100,8","516,4",,,,"189,6","200,3",,,"0,2847","0,6779","0,2847","0,6779",,,thumbnail_grossTrial,thumbnail_grossTrial.png,1245.0,1080.0,337.0,0.0,798.0,692.0,Fixation,1675.0,68.0,697.0,719.0,"0,2892","0,6653",,
27603,34109447,1400473380734,Eye Tracker,Participant0058,17.09.2021,Participant0058,Recording4,17.09.2021,17.09.2021,14:48:45.713,12:48:45.713,64514,Timeline2,Tobii I-VT (Fixation),1.145.28180,1080,1920,"10,00",701972723.0,,,696.0,716.0,690.0,732.0,703.0,701.0,"-0,08322","0,18823","-0,97859","-0,18558","0,17266","-0,96734",,,Valid,Valid,"233,0","100,9","516,3","292,0","99,4","517,9","189,1","200,2","192,6","191,9","0,2883","0,6633","0,2831","0,6774","0,2936","0,6492",thumbnail_grossTrial,thumbnail_grossTrial.png,1245.0,1080.0,337.0,0.0,798.0,692.0,Fixation,1675.0,68.0,697.0,719.0,"0,2892","0,6653",,
27604,34117693,1400473388980,Eye Tracker,Participant0058,17.09.2021,Participant0058,Recording4,17.09.2021,17.09.2021,14:48:45.713,12:48:45.713,64514,Timeline2,Tobii I-VT (Fixation),1.145.28180,1080,1920,"10,00",701980969.0,,,699.0,716.0,689.0,733.0,709.0,699.0,"-0,08365","0,18895","-0,97842","-0,18242","0,17192","-0,96807",,,Valid,Valid,"232,9","100,9","516,3","292,0","99,4","518,0","188,8","200,6","194,4","191,4","0,2904","0,6631","0,2822","0,6787","0,2986","0,6476",thumbnail_grossTrial,thumbnail_grossTrial.png,1245.0,1080.0,337.0,0.0,798.0,692.0,Fixation,1675.0,68.0,697.0,719.0,"0,2892","0,6653",,
27605,34126056,1400473397343,Eye Tracker,Participant0058,17.09.2021,Participant0058,Recording4,17.09.2021,17.09.2021,14:48:45.713,12:48:45.713,64514,Timeline2,Tobii I-VT (Fixation),1.145.28180,1080,1920,"10,00",701989331.0,,,689.0,734.0,689.0,734.0,,,"-0,08356","0,18937","-0,97834",,,,"4,42",,Valid,Invalid,"232,9","100,9","516,4",,,,"188,8","200,8",,,"0,2824","0,6794","0,2824","0,6794",,,thumbnail_grossTrial,thumbnail_grossTrial.png,1245.0,1080.0,337.0,0.0,798.0,692.0,Fixation,1675.0,68.0,697.0,719.0,"0,2892","0,6653",,
27606,34134403,1400473405690,Eye Tracker,Participant0058,17.09.2021,Participant0058,Recording4,17.09.2021,17.09.2021,14:48:45.713,12:48:45.713,64514,Timeline2,Tobii I-VT (Fixation),1.145.28180,1080,1920,"10,00",701997677.0,,,701.0,724.0,691.0,737.0,711.0,710.0,"-0,08245","0,19099","-0,97812","-0,18119","0,17719","-0,96736",,,Valid,Valid,"233,0","100,9","516,3","292,0","99,4","518,0","189,5","201,7","195,0","194,3","0,2923","0,6699","0,2842","0,6825","0,3004","0,6573",thumbnail_grossTrial,thumbnail_grossTrial.png,1245.0,1080.0,337.0,0.0,798.0,692.0,Fixation,1675.0,68.0,697.0,719.0,"0,2892","0,6653",,
27607,34142707,1400473413994,Eye Tracker,Participant0058,17.09.2021,Participant0058,Recording4,17.09.2021,17.09.2021,14:48:45.713,12:48:45.713,64514,Timeline2,Tobii I-VT (Fixation),1.145.28180,1080,1920,"10,00",702005981.0,,,706.0,719.0,694.0,732.0,719.0,707.0,"-0,08101","0,18832","-0,97876","-0,17755","0,17601","-0,96824",,,Valid,Valid,"232,9","100,9","516,3","291,9","99,4","518,0","190,2","200,2","197,0","193,6","0,2963","0,6662","0,2863","0,6774","0,3062","0,6549",thumbnail_grossTrial,thumbnail_grossTrial.png,1245.0,1080.0,337.0,0.0,798.0,692.0,Fixation,1675.0,68.0,697.0,719.0,"0,2892","0,6653",,
27608,34151038,1400473422325,Eye Tracker,Participant0058,17.09.2021,Participant0058,Recording4,17.09.2021,17.09.2021,14:48:45.713,12:48:45.713,64514,Timeline2,Tobii I-VT (Fixation),1.145.28180,1080,1920,"10,00",702014311.0,,,693.0,732.0,693.0,732.0,,,"-0,08132","0,18847","-0,97871",,,,"4,43",,Valid,Invalid,"232,9","100,9","516,4",,,,"190,0","200,3",,,"0,2859","0,6777","0,2859","0,6777",,,thumbnail_grossTrial,thumbnail_grossTrial.png,1245.0,1080.0,337.0,0.0,798.0,692.0,Fixation,1675.0,68.0,697.0,719.0,"0,2892","0,6653",,
27609,34159391,1400473430678,Eye Tracker,Participant0058,17.09.2021,Participant0058,Recording4,17.09.2021,17.09.2021,14:48:45.713,12:48:45.713,64514,Timeline2,Tobii I-VT (Fixation),1.145.28180,1080,1920,"10,00",702022663.0,,,702.0,719.0,690.0,732.0,715.0,706.0,"-0,08307","0,18836","-0,97858","-0,17966","0,17522","-0,96800",,,Valid,Valid,"233,0","100,9","516,3","292,0","99,4","518,0","189,1","200,3","195,9","193,2","0,2932","0,6656","0,2833","0,6777","0,3030","0,6536",thumbnail_grossTrial,thumbnail_grossTrial.png,1245.0,1080.0,337.0,0.0,798.0,692.0,Fixation,1675.0,68.0,697.0,719.0,"0,2892","0,6653",,
27610,34167766,1400473439053,Eye Tracker,Participant0058,17.09.2021,Participant0058,Recording4,17.09.2021,17.09.2021,14:48:45.713,12:48:45.713,64514,Timeline2,Tobii I-VT (Fixation),1.145.28180,1080,1920,"10,00",702031038.0,,,701.0,723.0,689.0,737.0,713.0,709.0,"-0,08355","0,19090","-0,97805","-0,18053","0,17690","-0,96753",,,Valid,Valid,"232,9","100,9","516,3","291,9","99,4","518,0","188,8","201,7","195,3","194,1","0,2918","0,6696","0,2823","0,6823","0,3013","0,6568",thumbnail_grossTrial,thumbnail_grossTrial.png,1245.0,1080.0,337.0,0.0,798.0,692.0,Fixation,1675.0,68.0,697.0,719.0,"0,2892","0,6653",,
27611,34176092,1400473447379,Eye Tracker,Participant0058,17.09.2021,Participant0058,Recording4,17.09.2021,17.09.2021,14:48:45.713,12:48:45.713,64514,Timeline2,Tobii I-VT (Fixation),1.145.28180,1080,1920,"10,00",702039363.0,,,687.0,738.0,687.0,738.0,,,"-0,08439","0,19135","-0,97789",,,,"4,45",,Valid,Invalid,"232,9","100,9","516,4",,,,"188,4","201,9",,,"0,2811","0,6831","0,2811","0,6831",,,thumbnail_grossTrial,thumbnail_grossTrial.png,1245.0,1080.0,337.0,0.0,798.0,692.0,Fixation,1675.0,68.0,697.0,719.0,"0,2892","0,6653",,
27612,34184452,1400473455739,Eye Tracker,Participant0058,17.09.2021,Participant0058,Recording4,17.09.2021,17.09.2021,14:48:45.713,12:48:45.713,64514,Timeline2,Tobii I-VT (Fixation),1.145.28180,1080,1920,"10,00",702047723.0,,,699.0,723.0,687.0,736.0,711.0,710.0,"-0,08456","0,19055","-0,97803","-0,18161","0,17710","-0,96729",,,Valid,Valid,"233,0","100,9","516,3","292,0","99,4","518,0","188,3","201,5","194,7","194,2","0,2903","0,6695","0,2810","0,6818","0,2997","0,6572",thumbnail_grossTrial,thumbnail_grossTrial.png,1245.0,1080.0,337.0,0.0,798.0,692.0,Fixation,1675.0,68.0,697.0,719.0,"0,2892","0,6653",,
27613,34192757,1400473464044,Eye Tracker,Participant0058,17.09.2021,Participant0058,Recording4,17.09.2021,17.09.2021,14:48:45.713,12:48:45.713,64514,Timeline2,Tobii I-VT (Fixation),1.145.28180,1080,1920,"10,00",702056027.0,,,694.0,723.0,686.0,733.0,703.0,712.0,"-0,08523","0,18907","-0,97826","-0,18534","0,17812","-0,96640",,,Valid,Valid,"232,9","100,9","516,3","292,0","99,4","518,0","187,9","200,7","192,6","194,9","0,2866","0,6692","0,2797","0,6790","0,2934","0,6594",thumbnail_grossTrial,thumbnail_grossTrial.png,1245.0,1080.0,337.0,0.0,798.0,692.0,Fixation,1675.0,68.0,697.0,719.0,"0,2892","0,6653",,
27614,34201024,1400473472311,Eye Tracker,Participant0058,17.09.2021,Participant0058,Recording4,17.09.2021,17.09.2021,14:48:45.713,12:48:45.713,64514,Timeline2,Tobii I-VT (Fixation),1.145.28180,1080,1920,"10,00",702064294.0,,,688.0,732.0,688.0,732.0,,,"-0,08400","0,18845","-0,97848",,,,"4,45",,Valid,Invalid,"232,9","100,9","516,4",,,,"188,6","200,3",,,"0,2818","0,6778","0,2818","0,6778",,,thumbnail_grossTrial,thumbnail_grossTrial.png,1245.0,1080.0,337.0,0.0,798.0,692.0,Fixation,1675.0,68.0,697.0,719.0,"0,2892","0,6653",,
27615,34209372,1400473480659,Eye Tracker,Participant0058,17.09.2021,Participant0058,Recording4,17.09.2021,17.09.2021,14:48:45.713,12:48:45.713,64514,Timeline2,Tobii I-VT (Fixation),1.145.28180,1080,1920,"10,00",702072641.0,,,700.0,721.0,690.0,731.0,710.0,710.0,"-0,08311","0,18808","-0,97863","-0,18173","0,17714","-0,96726",,,Valid,Valid,"233,0","100,9","516,3","292,0","99,4","518,0","189,1","200,2","194,7","194,3","0,2914","0,6673","0,2833","0,6772","0,2995","0,6573",thumbnail_grossTrial,thumbnail_grossTrial.png,1245.0,1080.0,337.0,0.0,798.0,692.0,Fixation,1675.0,68.0,697.0,719.0,"0,2892","0,6653",,
27616,34217739,1400473489026,Eye Tracker,Participant0058,17.09.2021,Participant0058,Recording4,17.09.2021,17.09.2021,14:48:45.713,12:48:45.713,64514,Timeline2,Tobii I-VT (Fixation),1.145.28180,1080,1920,"10,00",702081007.0,,,704.0,717.0,688.0,730.0,720.0,704.0,"-0,08403","0,18725","-0,97871","-0,17701","0,17428","-0,96866",,,Valid,Valid,"232,9","100,9","516,3","292,0","99,4","518,1","188,6","199,7","197,3","192,6","0,2944","0,6637","0,2817","0,6756","0,3072","0,6517",thumbnail_grossTrial,thumbnail_grossTrial.png,1245.0,1080.0,337.0,0.0,798.0,692.0,Fixation,1675.0,68.0,697.0,719.0,"0,2892","0,6653",,
27617,34226064,1400473497351,Eye Tracker,Participant0058,17.09.2021,Participant0058,Recording4,17.09.2021,17.09.2021,14:48:45.713,12:48:45.713,64514,Timeline2,Tobii I-VT (Fixation),1.145.28180,1080,1920,"10,00",702089332.0,,,686.0,727.0,686.0,727.0,,,"-0,08523","0,18611","-0,97883",,,,"4,45",,Valid,Invalid,"232,9","100,9","516,3",,,,"188,0","199,1",,,"0,2799","0,6736","0,2799","0,6736",,,thumbnail_grossTrial,thumbnail_grossTrial.png,1245.0,1080.0,337.0,0.0,798.0,692.0,Fixation,1675.0,68.0,697.0,719.0,"0,2892","0,6653",,
27618,34234366,1400473505653,Eye Tracker,Participant0058,17.09.2021,Participant0058,Recording4,17.09.2021,17.09.2021,14:48:45.713,12:48:45.713,64514,Timeline2,Tobii I-VT (Fixation),1.145.28180,1080,1920,"10,00",702097633.0,,,702.0,712.0,685.0,728.0,719.0,697.0,"-0,08596","0,18614","-0,97875","-0,17750","0,17087","-0,96917",,,Valid,Valid,"233,0","101,0","516,2","292,0","99,4","518,0","187,6","199,1","197,1","190,7","0,2928","0,6595","0,2789","0,6738","0,3067","0,6453",thumbnail_grossTrial,thumbnail_grossTrial.png,1245.0,1080.0,337.0,0.0,798.0,692.0,Fixation,1675.0,68.0,697.0,719.0,"0,2892","0,6653",,
27619,34242732,1400473514019,Eye Tracker,Participant0058,17.09.2021,Participant0058,Recording4,17.09.2021,17.09.2021,14:48:45.713,12:48:45.713,64514,Timeline2,Tobii I-VT (Fixation),1.145.28180,1080,1920,"10,00",702105998.0,,,704.0,710.0,686.0,728.0,721.0,692.0,"-0,08501","0,18657","-0,97876","-0,17664","0,16861","-0,96973",,,Valid,Valid,"232,9","100,9","516,2","292,0","99,4","518,1","188,1","199,3","197,6","189,5","0,2941","0,6578","0,2802","0,6744","0,3080","0,6411",thumbnail_grossTrial,thumbnail_grossTrial.png,1245.0,1080.0,337.0,0.0,798.0,692.0,Fixation,1675.0,68.0,697.0,719.0,"0,2892","0,6653",,
27620,34251022,1400473522309,Eye Tracker,Participant0058,17.09.2021,Participant0058,Recording4,17.09.2021,17.09.2021,14:48:45.713,12:48:45.713,64514,Timeline2,Tobii I-VT (Fixation),1.145.28180,1080,1920,"10,00",702114288.0,,,686.0,731.0,686.0,731.0,,,"-0,08526","0,18802","-0,97846",,,,"4,48",,Valid,Invalid,"233,0","100,9","516,3",,,,"188,0","200,1",,,"0,2799","0,6771","0,2799","0,6771",,,thumbnail_grossTrial,thumbnail_grossTrial.png,1245.0,1080.0,337.0,0.0,798.0,692.0,Fixation,1675.0,68.0,697.0,719.0,"0,2892","0,6653",,
27621,34259365,1400473530652,Eye Tracker,Participant0058,17.09.2021,Participant0058,Recording4,17.09.2021,17.09.2021,14:48:45.713,12:48:45.713,64514,Timeline2,Tobii I-VT (Fixation),1.145.28180,1080,1920,"10,00",702122630.0,,,703.0,713.0,686.0,733.0,720.0,693.0,"-0,08529","0,18880","-0,97831","-0,17724","0,16895","-0,96956",,,Valid,Valid,"233,0","101,0","516,2","292,0","99,4","518,1","188,0","200,6","197,3","189,6","0,2936","0,6602","0,2799","0,6787","0,3072","0,6417",thumbnail_grossTrial,thumbnail_grossTrial.png,1245.0,1080.0,337.0,0.0,798.0,692.0,Fixation,1675.0,68.0,697.0,719.0,"0,2892","0,6653",,
27622,34267734,1400473539021,Eye Tracker,Participant0058,17.09.2021,Participant0058,Recording4,17.09.2021,17.09.2021,14:48:45.713,12:48:45.713,64514,Timeline2,Tobii I-VT (Fixation),1.145.28180,1080,1920,"10,00",702130998.0,,,704.0,714.0,686.0,738.0,722.0,689.0,"-0,08511","0,19149","-0,97780","-0,17621","0,16692","-0,97010",,,Valid,Valid,"232,9","101,0","516,2","292,0","99,4","518,2","188,0","202,0","197,8","188,5","0,2944","0,6607","0,2799","0,6836","0,3088","0,6379",thumbnail_grossTrial,thumbnail_grossTrial.png,1245.0,1080.0,337.0,0.0,798.0,692.0,Fixation,1675.0,68.0,697.0,719.0,"0,2892","0,6653",,
27623,34276131,1400473547418,Eye Tracker,Participant0058,17.09.2021,Participant0058,Recording4,17.09.2021,17.09.2021,14:48:45.713,12:48:45.713,64514,Timeline2,Tobii I-VT (Fixation),1.145.28180,1080,1920,"10,00",702139395.0,,,687.0,738.0,687.0,738.0,,,"-0,08476","0,19140","-0,97785",,,,"4,48",,Valid,Invalid,"233,0","101,0","516,2",,,,"188,2","202,0",,,"0,2806","0,6834","0,2806","0,6834",,,thumbnail_grossTrial,thumbnail_grossTrial.png,1245.0,1080.0,337.0,0.0,798.0,692.0,Fixation,1675.0,68.0,697.0,719.0,"0,2892","0,6653",,
27624,34284466,1400473555753,Eye Tracker,Participant0058,17.09.2021,Participant0058,Recording4,17.09.2021,17.09.2021,14:48:45.713,12:48:45.713,64514,Timeline2,Tobii I-VT (Fixation),1.145.28180,1080,1920,"10,00",702147730.0,,,711.0,716.0,685.0,740.0,736.0,693.0,"-0,08555","0,19234","-0,97759","-0,16905","0,16910","-0,97099",,,Valid,Valid,"233,0","101,0","516,2","292,0","99,4","518,2","187,8","202,6","201,8","189,6","0,2999","0,6634","0,2795","0,6853","0,3204","0,6415",thumbnail_grossTrial,thumbnail_grossTrial.png,1245.0,1080.0,337.0,0.0,798.0,692.0,Fixation,1675.0,68.0,697.0,719.0,"0,2892","0,6653",,
27625,34292721,1400473564008,Eye Tracker,Participant0058,17.09.2021,Participant0058,Recording4,17.09.2021,17.09.2021,14:48:45.713,12:48:45.713,64514,Timeline2,Tobii I-VT (Fixation),1.145.28180,1080,1920,"10,00",702155984.0,,,701.0,718.0,685.0,737.0,717.0,699.0,"-0,08555","0,19067","-0,97792","-0,17847","0,17180","-0,96883",,,Valid,Valid,"232,9","101,0","516,2","292,0","99,4","518,2","187,8","201,6","196,5","191,3","0,2921","0,6647","0,2793","0,6822","0,3049","0,6471",thumbnail_grossTrial,thumbnail_grossTrial.png,1245.0,1080.0,337.0,0.0,798.0,692.0,Fixation,1675.0,68.0,697.0,719.0,"0,2892","0,6653",,
27626,34301054,1400473572341,Eye Tracker,Participant0058,17.09.2021,Participant0058,Recording4,17.09.2021,17.09.2021,14:48:45.713,12:48:45.713,64514,Timeline2,Tobii I-VT (Fixation),1.145.28180,1080,1920,"10,00",702164316.0,,,685.0,734.0,685.0,734.0,,,"-0,08548","0,18924","-0,97820",,,,"4,49",,Valid,Invalid,"233,0","101,0","516,2",,,,"187,8","200,8",,,"0,2795","0,6795","0,2795","0,6795",,,thumbnail_grossTrial,thumbnail_grossTrial.png,1245.0,1080.0,337.0,0.0,798.0,692.0,Fixation,1675.0,68.0,697.0,719.0,"0,2892","0,6653",,
27627,34309394,1400473580681,Eye Tracker,Participant0058,17.09.2021,Participant0058,Recording4,17.09.2021,17.09.2021,14:48:45.713,12:48:45.713,64514,Timeline2,Tobii I-VT (Fixation),1.145.28180,1080,1920,"10,00",702172656.0,,,692.0,714.0,685.0,731.0,700.0,698.0,"-0,08590","0,18787","-0,97843","-0,18698","0,17087","-0,96739",,,Valid,Valid,"233,0","101,0","516,1","292,0","99,4","518,2","187,7","200,1","191,9","190,9","0,2851","0,6615","0,2790","0,6771","0,2913","0,6459",thumbnail_grossTrial,thumbnail_grossTrial.png,1245.0,1080.0,337.0,0.0,798.0,692.0,Fixation,1675.0,68.0,697.0,719.0,"0,2892","0,6653",,
27628,34317694,1400473588981,Eye Tracker,Participant0058,17.09.2021,Participant0058,Recording4,17.09.2021,17.09.2021,14:48:45.713,12:48:45.713,64514,Timeline2,Tobii I-VT (Fixation),1.145.28180,1080,1920,"10,00",702180955.0,,,693.0,715.0,683.0,730.0,703.0,699.0,"-0,08652","0,18725","-0,97850","-0,18526","0,17169","-0,96758",,,Valid,Valid,"232,9","101,0","516,1","292,0","99,4","518,3","187,3","199,8","192,7","191,3","0,2859","0,6617","0,2779","0,6760","0,2938","0,6473",thumbnail_grossTrial,thumbnail_grossTrial.png,1245.0,1080.0,337.0,0.0,798.0,692.0,Fixation,1675.0,68.0,697.0,719.0,"0,2892","0,6653",,
27629,34326021,1400473597308,Eye Tracker,Participant0058,17.09.2021,Participant0058,Recording4,17.09.2021,17.09.2021,14:48:45.713,12:48:45.713,64514,Timeline2,Tobii I-VT (Fixation),1.145.28180,1080,1920,"10,00",702189281.0,,,685.0,731.0,685.0,731.0,,,"-0,08588","0,18760","-0,97848",,,,"4,50",,Valid,Invalid,"232,9","101,0","516,2",,,,"187,6","200,0",,,"0,2789","0,6766","0,2789","0,6766",,,thumbnail_grossTrial,thumbnail_grossTrial.png,1245.0,1080.0,337.0,0.0,798.0,692.0,Fixation,1675.0,68.0,697.0,719.0,"0,2892","0,6653",,
27630,34334357,1400473605644,Eye Tracker,Participant0058,17.09.2021,Participant0058,Recording4,17.09.2021,17.09.2021,14:48:45.713,12:48:45.713,64514,Timeline2,Tobii I-VT (Fixation),1.145.28180,1080,1920,"10,00",702197617.0,,,696.0,717.0,684.0,729.0,708.0,706.0,"-0,08620","0,18655","-0,97866","-0,18273","0,17497","-0,96747",,,Valid,Valid,"233,0","101,1","516,1","292,0","99,4","518,3","187,5","199,4","194,1","193,1","0,2882","0,6641","0,2786","0,6748","0,2979","0,6533",thumbnail_grossTrial,thumbnail_grossTrial.png,1245.0,1080.0,337.0,0.0,798.0,692.0,Fixation,1675.0,68.0,697.0,719.0,"0,2892","0,6653",,
27631,34342732,1400473614019,Eye Tracker,Participant0058,17.09.2021,Participant0058,Recording4,17.09.2021,17.09.2021,14:48:45.713,12:48:45.713,64514,Timeline2,Tobii I-VT (Fixation),1.145.28180,1080,1920,"10,00",702205991.0,,,698.0,724.0,686.0,734.0,710.0,714.0,"-0,08501","0,18922","-0,97825","-0,18166","0,17930","-0,96688",,,Valid,Valid,"232,9","101,0","516,1","292,0","99,3","518,3","188,1","200,9","194,6","195,5","0,2897","0,6705","0,2802","0,6797","0,2992","0,6614",thumbnail_grossTrial,thumbnail_grossTrial.png,1245.0,1080.0,337.0,0.0,798.0,692.0,Fixation,1675.0,68.0,697.0,719.0,"0,2892","0,6653",,
27632,34351073,1400473622360,Eye Tracker,Participant0058,17.09.2021,Participant0058,Recording4,17.09.2021,17.09.2021,14:48:45.713,12:48:45.713,64514,Timeline2,Tobii I-VT (Fixation),1.145.28180,1080,1920,"10,00",702214331.0,,,686.0,734.0,686.0,734.0,,,"-0,08540","0,18907","-0,97824",,,,"4,52",,Valid,Invalid,"232,9","101,0","516,2",,,,"187,9","200,8",,,"0,2796","0,6794","0,2796","0,6794",,,thumbnail_grossTrial,thumbnail_grossTrial.png,1245.0,1080.0,337.0,0.0,798.0,692.0,Fixation,1675.0,68.0,697.0,719.0,"0,2892","0,6653",,
27633,34359359,1400473630646,Eye Tracker,Participant0058,17.09.2021,Participant0058,Recording4,17.09.2021,17.09.2021,14:48:45.713,12:48:45.713,64514,Timeline2,Tobii I-VT (Fixation),1.145.28180,1080,1920,"10,00",702222617.0,,,700.0,719.0,687.0,732.0,712.0,707.0,"-0,08476","0,18813","-0,97848","-0,18075","0,17564","-0,96772",,,Valid,Valid,"233,0","101,1","516,1","292,0","99,3","518,4","188,3","200,3","195,2","193,4","0,2909","0,6660","0,2808","0,6777","0,3011","0,6544",thumbnail_grossTrial,thumbnail_grossTrial.png,1245.0,1080.0,337.0,0.0,798.0,692.0,Fixation,1675.0,68.0,697.0,719.0,"0,2892","0,6653",,
27634,34367684,1400473638971,Eye Tracker,Participant0058,17.09.2021,Participant0058,Recording4,17.09.2021,17.09.2021,14:48:45.713,12:48:45.713,64514,Timeline2,Tobii I-VT (Fixation),1.145.28180,1080,1920,"10,00",702230942.0,,,697.0,712.0,683.0,729.0,712.0,696.0,"-0,08673","0,18665","-0,97859","-0,18111","0,17018","-0,96863",,,Valid,Valid,"232,9","101,0","516,2","292,0","99,3","518,4","187,2","199,5","195,1","190,4","0,2891","0,6595","0,2776","0,6749","0,3006","0,6442",thumbnail_grossTrial,thumbnail_grossTrial.png,1245.0,1080.0,337.0,0.0,798.0,692.0,Fixation,1675.0,68.0,697.0,719.0,"0,2892","0,6653",,
27635,34376075,1400473647362,Eye Tracker,Participant0058,17.09.2021,Participant0058,Recording4,17.09.2021,17.09.2021,14:48:45.713,12:48:45.713,64514,Timeline2,Tobii I-VT (Fixation),1.145.28180,1080,1920,"10,00",702239331.0,,,681.0,723.0,681.0,723.0,,,"-0,08806","0,18371","-0,97903",,,,"4,50",,Valid,Invalid,"233,0","101,0","516,3",,,,"186,5","197,9",,,"0,2756","0,6695","0,2756","0,6695",,,thumbnail_grossTrial,thumbnail_grossTrial.png,1245.0,1080.0,337.0,0.0,798.0,692.0,Fixation,1675.0,68.0,697.0,719.0,"0,2892","0,6653",,
27636,34384430,1400473655717,Eye Tracker,Participant0058,17.09.2021,Participant0058,Recording4,17.09.2021,17.09.2021,14:48:45.713,12:48:45.713,64514,Timeline2,Tobii I-VT (Fixation),1.145.28180,1080,1920,"10,00",702247686.0,,,693.0,714.0,689.0,732.0,698.0,695.0,"-0,08387","0,18824","-0,97854","-0,18802","0,16987","-0,96736",,,Valid,Valid,"233,0","101,0","516,2","292,1","99,3","518,5","188,7","200,3","191,3","190,3","0,2859","0,6608","0,2821","0,6778","0,2896","0,6439",thumbnail_grossTrial,thumbnail_grossTrial.png,1245.0,1080.0,337.0,0.0,798.0,692.0,Fixation,1675.0,68.0,697.0,719.0,"0,2892","0,6653",,
27637,34392683,1400473663970,Eye Tracker,Participant0058,17.09.2021,Participant0058,Recording4,17.09.2021,17.09.2021,14:48:45.713,12:48:45.713,64514,Timeline2,Tobii I-VT (Fixation),1.145.28180,1080,1920,"10,00",702255939.0,,,700.0,717.0,695.0,733.0,704.0,701.0,"-0,08048","0,18906","-0,97866","-0,18484","0,17299","-0,96742",,,Valid,Valid,"233,0","101,0","516,3","292,0","99,3","518,5","190,5","200,7","193,0","192,0","0,2909","0,6643","0,2873","0,6791","0,2945","0,6495",thumbnail_grossTrial,thumbnail_grossTrial.png,1245.0,1080.0,337.0,0.0,798.0,692.0,Fixation,1675.0,68.0,697.0,719.0,"0,2892","0,6653",,
27638,34401098,1400473672385,Eye Tracker,Participant0058,17.09.2021,Participant0058,Recording4,17.09.2021,17.09.2021,14:48:45.713,12:48:45.713,64514,Timeline2,Tobii I-VT (Fixation),1.145.28180,1080,1920,"10,00",702264352.0,,,,,,,,,,,,,,,,,Invalid,Invalid,,,,,,,,,,,,,,,,,thumbnail_grossTrial,thumbnail_grossTrial.png,1245.0,1080.0,337.0,0.0,798.0,692.0,Fixation,1675.0,68.0,697.0,719.0,"0,2892","0,6653",,
27639,34409470,1400473680757,Eye Tracker,Participant0058,17.09.2021,Participant0058,Recording4,17.09.2021,17.09.2021,14:48:45.713,12:48:45.713,64514,Timeline2,Tobii I-VT (Fixation),1.145.28180,1080,1920,"10,00",702272724.0,,,699.0,712.0,692.0,727.0,707.0,697.0,"-0,08227","0,18585","-0,97913","-0,18365","0,17085","-0,96803",,,Valid,Valid,"233,0","100,9","516,4","292,1","99,2","518,5","189,6","199,0","193,7","190,7","0,2907","0,6593","0,2846","0,6731","0,2967","0,6454",thumbnail_grossTrial,thumbnail_grossTrial.png,1245.0,1080.0,337.0,0.0,798.0,692.0,Fixation,1675.0,68.0,697.0,719.0,"0,2892","0,6653",,
27640,34417720,1400473689007,Eye Tracker,Participant0058,17.09.2021,Participant0058,Recording4,17.09.2021,17.09.2021,14:48:45.713,12:48:45.713,64514,Timeline2,Tobii I-VT (Fixation),1.145.28180,1080,1920,"10,00",702280974.0,,,695.0,706.0,687.0,723.0,704.0,689.0,"-0,08488","0,18391","-0,97927","-0,18527","0,16691","-0,96841",,,Valid,Valid,"232,9","100,9","516,5","292,0","99,2","518,6","188,2","197,9","192,8","188,6","0,2873","0,6538","0,2805","0,6696","0,2941","0,6381",thumbnail_grossTrial,thumbnail_grossTrial.png,1245.0,1080.0,337.0,0.0,798.0,692.0,Fixation,1675.0,68.0,697.0,719.0,"0,2892","0,6653",,
27641,34426055,1400473697342,Eye Tracker,Participant0058,17.09.2021,Participant0058,Recording4,17.09.2021,17.09.2021,14:48:45.713,12:48:45.713,64514,Timeline2,Tobii I-VT (Fixation),1.145.28180,1080,1920,"10,00",702289308.0,,,,,,,,,,,,,,,,,Invalid,Invalid,,,,,,,,,,,,,,,,,thumbnail_grossTrial,thumbnail_grossTrial.png,1245.0,1080.0,337.0,0.0,798.0,692.0,Fixation,1675.0,68.0,697.0,719.0,"0,2892","0,6653",,
27642,34434389,1400473705676,Eye Tracker,Participant0058,17.09.2021,Participant0058,Recording4,17.09.2021,17.09.2021,14:48:45.713,12:48:45.713,64514,Timeline2,Tobii I-VT (Fixation),1.145.28180,1080,1920,"10,00",702297641.0,,,690.0,705.0,678.0,719.0,702.0,692.0,"-0,08918","0,18165","-0,97931","-0,18604","0,16824","-0,96803",,,Valid,Valid,"233,0","100,9","516,5","292,1","99,2","518,6","185,9","196,7","192,4","189,3","0,2834","0,6530","0,2739","0,6654","0,2929","0,6406",thumbnail_grossTrial,thumbnail_grossTrial.png,1245.0,1080.0,337.0,0.0,798.0,692.0,Fixation,1675.0,68.0,697.0,719.0,"0,2892","0,6653",,
27643,34442691,1400473713978,Eye Tracker,Participant0058,17.09.2021,Participant0058,Recording4,17.09.2021,17.09.2021,14:48:45.713,12:48:45.713,64514,Timeline2,Tobii I-VT (Fixation),1.145.28180,1080,1920,"10,00",702305943.0,,,692.0,709.0,683.0,724.0,701.0,694.0,"-0,08642","0,18461","-0,97900","-0,18624","0,16915","-0,96784",,,Valid,Valid,"232,9","100,8","516,6","292,0","99,2","518,6","187,3","198,2","192,2","189,8","0,2852","0,6565","0,2780","0,6708","0,2923","0,6423",thumbnail_grossTrial,thumbnail_grossTrial.png,1245.0,1080.0,337.0,0.0,798.0,692.0,Fixation,1675.0,68.0,697.0,719.0,"0,2892","0,6653",,
27644,34451096,1400473722383,Eye Tracker,Participant0058,17.09.2021,Participant0058,Recording4,17.09.2021,17.09.2021,14:48:45.713,12:48:45.713,64514,Timeline2,Tobii I-VT (Fixation),1.145.28180,1080,1920,"10,00",702314347.0,,,689.0,731.0,689.0,731.0,,,"-0,08375","0,18824","-0,97855",,,,"4,54",,Valid,Invalid,"232,9","100,8","516,7",,,,"188,7","200,2",,,"0,2821","0,6773","0,2821","0,6773",,,thumbnail_grossTrial,thumbnail_grossTrial.png,1245.0,1080.0,337.0,0.0,798.0,692.0,Fixation,1675.0,68.0,697.0,719.0,"0,2892","0,6653",,
27645,34459357,1400473730644,Eye Tracker,Participant0058,17.09.2021,Participant0058,Recording4,17.09.2021,17.09.2021,14:48:45.713,12:48:45.713,64514,Timeline2,Tobii I-VT (Fixation),1.145.28180,1080,1920,"10,00",702322607.0,,,698.0,711.0,686.0,729.0,710.0,693.0,"-0,08523","0,18697","-0,97866","-0,18206","0,16920","-0,96862",,,Valid,Valid,"233,0","100,8","516,8","292,1","99,2","518,6","188,0","199,5","194,6","189,8","0,2896","0,6585","0,2798","0,6750","0,2993","0,6420",thumbnail_grossTrial,thumbnail_grossTrial.png,1245.0,1080.0,337.0,0.0,798.0,692.0,Fixation,1675.0,68.0,697.0,719.0,"0,2892","0,6653",,
27646,34467723,1400473739010,Eye Tracker,Participant0058,17.09.2021,Participant0058,Recording4,17.09.2021,17.09.2021,14:48:45.713,12:48:45.713,64514,Timeline2,Tobii I-VT (Fixation),1.145.28180,1080,1920,"10,00",702330973.0,,,699.0,712.0,687.0,728.0,710.0,696.0,"-0,08462","0,18644","-0,97882","-0,18171","0,17051","-0,96846",,,Valid,Valid,"232,9","100,7","516,9","292,0","99,2","518,7","188,2","199,2","194,7","190,5","0,2901","0,6592","0,2806","0,6739","0,2996","0,6445",thumbnail_grossTrial,thumbnail_grossTrial.png,1245.0,1080.0,337.0,0.0,798.0,692.0,Fixation,1675.0,68.0,697.0,719.0,"0,2892","0,6653",,
27647,34476012,1400473747299,Eye Tracker,Participant0058,17.09.2021,Participant0058,Recording4,17.09.2021,17.09.2021,14:48:45.713,12:48:45.713,64514,Timeline2,Tobii I-VT (Fixation),1.145.28180,1080,1920,"10,00",702339262.0,,,,,,,,,,,,,,,,,Invalid,Invalid,,,,,,,,,,,,,,,,,thumbnail_grossTrial,thumbnail_grossTrial.png,1245.0,1080.0,337.0,0.0,798.0,692.0,Fixation,1675.0,68.0,697.0,719.0,"0,2892","0,6653",,
27648,34484379,1400473755666,Eye Tracker,Participant0058,17.09.2021,Participant0058,Recording4,17.09.2021,17.09.2021,14:48:45.713,12:48:45.713,64514,Timeline2,Tobii I-VT (Fixation),1.145.28180,1080,1920,"10,00",702347627.0,,,698.0,712.0,692.0,729.0,703.0,695.0,"-0,08188","0,18695","-0,97895","-0,18542","0,16993","-0,96786",,,Valid,Valid,"233,0","100,6","517,1","292,1","99,1","518,7","189,7","199,4","192,7","190,2","0,2894","0,6591","0,2850","0,6746","0,2938","0,6436",thumbnail_grossTrial,thumbnail_grossTrial.png,1245.0,1080.0,337.0,0.0,798.0,692.0,Fixation,1675.0,68.0,697.0,719.0,"0,2892","0,6653",,
27649,34492771,1400473764058,Eye Tracker,Participant0058,17.09.2021,Participant0058,Recording4,17.09.2021,17.09.2021,14:48:45.713,12:48:45.713,64514,Timeline2,Tobii I-VT (Fixation),1.145.28180,1080,1920,"10,00",702356019.0,,,696.0,711.0,687.0,725.0,704.0,698.0,"-0,08453","0,18516","-0,97907","-0,18466","0,17119","-0,96778",,,Valid,Valid,"232,9","100,6","517,2","292,1","99,1","518,7","188,3","198,4","193,1","190,9","0,2878","0,6586","0,2807","0,6712","0,2948","0,6459",thumbnail_grossTrial,thumbnail_grossTrial.png,1245.0,1080.0,337.0,0.0,798.0,692.0,Fixation,1675.0,68.0,697.0,719.0,"0,2892","0,6653",,
27650,34501040,1400473772327,Eye Tracker,Participant0058,17.09.2021,Participant0058,Recording4,17.09.2021,17.09.2021,14:48:45.713,12:48:45.713,64514,Timeline2,Tobii I-VT (Fixation),1.145.28180,1080,1920,"10,00",702364288.0,,,,,,,,,,,,,,,,,Invalid,Invalid,,,,,,,,,,,,,,,,,thumbnail_grossTrial,thumbnail_grossTrial.png,1245.0,1080.0,337.0,0.0,798.0,692.0,Fixation,1675.0,68.0,697.0,719.0,"0,2892","0,6653",,
27651,34509384,1400473780671,Eye Tracker,Participant0058,17.09.2021,Participant0058,Recording4,17.09.2021,17.09.2021,14:48:45.713,12:48:45.713,64514,Timeline2,Tobii I-VT (Fixation),1.145.28180,1080,1920,"10,00",702372630.0,,,696.0,705.0,672.0,713.0,720.0,697.0,"-0,09262","0,17899","-0,97948","-0,17708","0,17121","-0,96919",,,Valid,Valid,"233,0","100,5","517,4","292,1","99,1","518,7","184,1","195,0","197,3","190,8","0,2879","0,6527","0,2684","0,6599","0,3073","0,6454",thumbnail_grossTrial,thumbnail_grossTrial.png,1245.0,1080.0,337.0,0.0,798.0,692.0,Fixation,1675.0,68.0,697.0,719.0,"0,2892","0,6653",,
27652,34517758,1400473789045,Eye Tracker,Participant0058,17.09.2021,Participant0058,Recording4,17.09.2021,17.09.2021,14:48:45.713,12:48:45.713,64514,Timeline2,Tobii I-VT (Fixation),1.145.28180,1080,1920,"10,00",702381004.0,,,699.0,705.0,678.0,718.0,720.0,693.0,"-0,08904","0,18175","-0,97931","-0,17695","0,16896","-0,96961",,,Valid,Valid,"232,9","100,4","517,6","292,1","99,1","518,7","185,9","196,5","197,4","189,5","0,2906","0,6530","0,2737","0,6648","0,3075","0,6412",thumbnail_grossTrial,thumbnail_grossTrial.png,1245.0,1080.0,337.0,0.0,798.0,692.0,Fixation,1675.0,68.0,697.0,719.0,"0,2892","0,6653",,
27653,34526036,1400473797323,Eye Tracker,Participant0058,17.09.2021,Participant0058,Recording4,17.09.2021,17.09.2021,14:48:45.713,12:48:45.713,64514,Timeline2,Tobii I-VT (Fixation),1.145.28180,1080,1920,"10,00",702389282.0,,,682.0,726.0,682.0,726.0,,,"-0,08717","0,18576","-0,97872",,,,"4,56",,Valid,Invalid,"232,9","100,3","517,7",,,,"186,8","198,6",,,"0,2765","0,6720","0,2765","0,6720",,,thumbnail_grossTrial,thumbnail_grossTrial.png,1245.0,1080.0,337.0,0.0,798.0,692.0,Fixation,1675.0,68.0,697.0,719.0,"0,2892","0,6653",,
27654,34534377,1400473805664,Eye Tracker,Participant0058,17.09.2021,Participant0058,Recording4,17.09.2021,17.09.2021,14:48:45.713,12:48:45.713,64514,Timeline2,Tobii I-VT (Fixation),1.145.28180,1080,1920,"10,00",702397621.0,,,692.0,710.0,683.0,727.0,700.0,693.0,"-0,08664","0,18621","-0,97868","-0,18695","0,16876","-0,96777",,,Valid,Valid,"233,0","100,3","517,8","292,1","99,1","518,7","187,1","198,9","191,9","189,6","0,2844","0,6571","0,2774","0,6728","0,2914","0,6414",thumbnail_grossTrial,thumbnail_grossTrial.png,1245.0,1080.0,337.0,0.0,798.0,692.0,Fixation,1675.0,68.0,697.0,719.0,"0,2892","0,6653",,
27655,34542688,1400473813975,Eye Tracker,Participant0058,17.09.2021,Participant0058,Recording4,17.09.2021,17.09.2021,14:48:45.713,12:48:45.713,64514,Timeline2,Tobii I-VT (Fixation),1.145.28180,1080,1920,"10,00",702405932.0,,,694.0,710.0,680.0,726.0,708.0,695.0,"-0,08808","0,18573","-0,97865","-0,18275","0,16990","-0,96837",,,Valid,Valid,"232,9","100,3","517,9","292,1","99,1","518,7","186,3","198,6","194,2","190,1","0,2864","0,6576","0,2749","0,6719","0,2980","0,6434",thumbnail_grossTrial,thumbnail_grossTrial.png,1245.0,1080.0,337.0,0.0,798.0,692.0,Fixation,1675.0,68.0,697.0,719.0,"0,2892","0,6653",,
27656,34551114,1400473822401,Eye Tracker,Participant0058,17.09.2021,Participant0058,Recording4,17.09.2021,17.09.2021,14:48:45.713,12:48:45.713,64514,Timeline2,Tobii I-VT (Fixation),1.145.28180,1080,1920,"10,00",702414358.0,,,,,,,,,,,,,,,,,Invalid,Invalid,,,,,,,,,,,,,,,,,thumbnail_grossTrial,thumbnail_grossTrial.png,1245.0,1080.0,337.0,0.0,798.0,692.0,EyesNotFound,8.0,268.0,,,,,,
27657,34559420,1400473830707,Eye Tracker,Participant0058,17.09.2021,Participant0058,Recording4,17.09.2021,17.09.2021,14:48:45.713,12:48:45.713,64514,Timeline2,Tobii I-VT (Fixation),1.145.28180,1080,1920,"10,00",702422663.0,,,695.0,709.0,680.0,725.0,710.0,692.0,"-0,08814","0,18563","-0,97866","-0,18189","0,16863","-0,96875",,,Valid,Valid,"232,9","100,2","518,1","292,1","99,2","518,6","186,3","198,5","194,7","189,4","0,2873","0,6563","0,2749","0,6716","0,2996","0,6409",thumbnail_grossTrial,thumbnail_grossTrial.png,1245.0,1080.0,337.0,0.0,798.0,692.0,Unclassified,17.0,301.0,,,,,,
27658,34567709,1400473838996,Eye Tracker,Participant0058,17.09.2021,Participant0058,Recording4,17.09.2021,17.09.2021,14:48:45.713,12:48:45.713,64514,Timeline2,Tobii I-VT (Fixation),1.145.28180,1080,1920,"10,00",702430951.0,,,698.0,707.0,685.0,729.0,712.0,685.0,"-0,08539","0,18737","-0,97857","-0,18101","0,16483","-0,96957",,,Valid,Valid,"232,9","100,2","518,1","292,0","99,2","518,7","187,6","199,4","195,2","187,3","0,2900","0,6543","0,2789","0,6747","0,3011","0,6339",thumbnail_grossTrial,thumbnail_grossTrial.png,1245.0,1080.0,337.0,0.0,798.0,692.0,Unclassified,17.0,301.0,,,,,,
27659,34576050,1400473847337,Eye Tracker,Participant0058,17.09.2021,Participant0058,Recording4,17.09.2021,17.09.2021,14:48:45.713,12:48:45.713,64514,Timeline2,Tobii I-VT (Fixation),1.145.28180,1080,1920,"10,00",702439292.0,,,,,,,,,,,,,,,,,Invalid,Invalid,,,,,,,,,,,,,,,,,thumbnail_grossTrial,thumbnail_grossTrial.png,1245.0,1080.0,337.0,0.0,798.0,692.0,EyesNotFound,8.0,269.0,,,,,,
27660,34584458,1400473855745,Eye Tracker,Participant0058,17.09.2021,Participant0058,Recording4,17.09.2021,17.09.2021,14:48:45.713,12:48:45.713,64514,Timeline2,Tobii I-VT (Fixation),1.145.28180,1080,1920,"10,00",702447699.0,,,709.0,706.0,692.0,718.0,727.0,693.0,"-0,08202","0,18220","-0,97983","-0,17385","0,16911","-0,97014",,,Valid,Valid,"232,9","100,2","518,2","292,1","99,2","518,6","189,5","196,6","199,1","189,6","0,2985","0,6533","0,2845","0,6650","0,3126","0,6415",thumbnail_grossTrial,thumbnail_grossTrial.png,1245.0,1080.0,337.0,0.0,798.0,692.0,Unclassified,17.0,302.0,,,,,,
27661,34592709,1400473863996,Eye Tracker,Participant0058,17.09.2021,Participant0058,Recording4,17.09.2021,17.09.2021,14:48:45.713,12:48:45.713,64514,Timeline2,Tobii I-VT (Fixation),1.145.28180,1080,1920,"10,00",702455949.0,,,704.0,711.0,687.0,723.0,721.0,699.0,"-0,08428","0,18472","-0,97917","-0,17632","0,17220","-0,96915",,,Valid,Valid,"232,9","100,2","518,2","292,0","99,2","518,5","188,3","197,9","197,7","191,4","0,2945","0,6586","0,2807","0,6697","0,3083","0,6475",thumbnail_grossTrial,thumbnail_grossTrial.png,1245.0,1080.0,337.0,0.0,798.0,692.0,Unclassified,17.0,302.0,,,,,,
27662,34601044,1400473872331,Eye Tracker,Participant0058,17.09.2021,Participant0058,Recording4,17.09.2021,17.09.2021,14:48:45.713,12:48:45.713,64514,Timeline2,Tobii I-VT (Fixation),1.145.28180,1080,1920,"10,00",702464284.0,,,,,,,,,,,,,,,,,Invalid,Invalid,,,,,,,,,,,,,,,,,thumbnail_grossTrial,thumbnail_grossTrial.png,1245.0,1080.0,337.0,0.0,798.0,692.0,EyesNotFound,8.0,270.0,,,,,,
27663,34609383,1400473880670,Eye Tracker,Participant0058,17.09.2021,Participant0058,Recording4,17.09.2021,17.09.2021,14:48:45.713,12:48:45.713,64514,Timeline2,Tobii I-VT (Fixation),1.145.28180,1080,1920,"10,00",702472623.0,,,699.0,710.0,684.0,727.0,715.0,694.0,"-0,08586","0,18635","-0,97872","-0,17971","0,16923","-0,96905",,,Valid,Valid,"232,9","100,2","518,2","292,1","99,3","518,4","187,5","198,9","195,9","189,8","0,2908","0,6575","0,2784","0,6729","0,3032","0,6422",thumbnail_grossTrial,thumbnail_grossTrial.png,1245.0,1080.0,337.0,0.0,798.0,692.0,Unclassified,17.0,303.0,,,,,,
27664,34617698,1400473888985,Eye Tracker,Participant0058,17.09.2021,Participant0058,Recording4,17.09.2021,17.09.2021,14:48:45.713,12:48:45.713,64514,Timeline2,Tobii I-VT (Fixation),1.145.28180,1080,1920,"10,00",702480936.0,,,695.0,709.0,677.0,720.0,714.0,698.0,"-0,08959","0,18317","-0,97899","-0,17999","0,17123","-0,96865",,,Valid,Valid,"232,9","100,2","518,2","292,0","99,3","518,4","185,4","197,2","195,7","190,9","0,2875","0,6566","0,2725","0,6671","0,3025","0,6460",thumbnail_grossTrial,thumbnail_grossTrial.png,1245.0,1080.0,337.0,0.0,798.0,692.0,Unclassified,17.0,303.0,,,,,,
27665,34626049,1400473897336,Eye Tracker,Participant0058,17.09.2021,Participant0058,Recording4,17.09.2021,17.09.2021,14:48:45.713,12:48:45.713,64514,Timeline2,Tobii I-VT (Fixation),1.145.28180,1080,1920,"10,00",702489287.0,,,,,,,,,,,,,,,,,Invalid,Invalid,,,,,,,,,,,,,,,,,thumbnail_grossTrial,thumbnail_grossTrial.png,1245.0,1080.0,337.0,0.0,798.0,692.0,EyesNotFound,8.0,271.0,,,,,,
27666,34634450,1400473905737,Eye Tracker,Participant0058,17.09.2021,Participant0058,Recording4,17.09.2021,17.09.2021,14:48:45.713,12:48:45.713,64514,Timeline2,Tobii I-VT (Fixation),1.145.28180,1080,1920,"10,00",702497688.0,,,702.0,714.0,683.0,726.0,720.0,702.0,"-0,08640","0,18600","-0,97874","-0,17701","0,17346","-0,96880",,,Valid,Valid,"232,9","100,3","518,1","292,1","99,3","518,3","187,2","198,7","197,4","192,1","0,2925","0,6612","0,2776","0,6724","0,3074","0,6501",thumbnail_grossTrial,thumbnail_grossTrial.png,1245.0,1080.0,337.0,0.0,798.0,692.0,Unclassified,17.0,304.0,,,,,,
27667,34642785,1400473914072,Eye Tracker,Participant0058,17.09.2021,Participant0058,Recording4,17.09.2021,17.09.2021,14:48:45.713,12:48:45.713,64514,Timeline2,Tobii I-VT (Fixation),1.145.28180,1080,1920,"10,00",702506022.0,,,702.0,705.0,678.0,718.0,726.0,692.0,"-0,08900","0,18180","-0,97930","-0,17404","0,16838","-0,97024",,,Valid,Valid,"232,9","100,3","518,0","292,0","99,4","518,3","185,8","196,5","199,0","189,3","0,2929","0,6526","0,2735","0,6647","0,3123","0,6405",thumbnail_grossTrial,thumbnail_grossTrial.png,1245.0,1080.0,337.0,0.0,798.0,692.0,Unclassified,17.0,304.0,,,,,,
27668,34651096,1400473922383,Eye Tracker,Participant0058,17.09.2021,Participant0058,Recording4,17.09.2021,17.09.2021,14:48:45.713,12:48:45.713,64514,Timeline2,Tobii I-VT (Fixation),1.145.28180,1080,1920,"10,00",702514332.0,,,,,,,,,,,,,,,,,Invalid,Invalid,,,,,,,,,,,,,,,,,thumbnail_grossTrial,thumbnail_grossTrial.png,1245.0,1080.0,337.0,0.0,798.0,692.0,EyesNotFound,8.0,272.0,,,,,,
27669,34659450,1400473930737,Eye Tracker,Participant0058,17.09.2021,Participant0058,Recording4,17.09.2021,17.09.2021,14:48:45.713,12:48:45.713,64514,Timeline2,Tobii I-VT (Fixation),1.145.28180,1080,1920,"10,00",702522686.0,,,690.0,710.0,670.0,734.0,710.0,686.0,"-0,09325","0,18972","-0,97740","-0,18221","0,16528","-0,96927",,,Valid,Valid,"232,9","100,3","517,9","292,0","99,4","518,2","183,5","200,9","194,6","187,8","0,2831","0,6575","0,2668","0,6796","0,2994","0,6353",thumbnail_grossTrial,thumbnail_grossTrial.png,1245.0,1080.0,337.0,0.0,798.0,692.0,Unclassified,17.0,305.0,,,,,,
27670,34667793,1400473939080,Eye Tracker,Participant0058,17.09.2021,Participant0058,Recording4,17.09.2021,17.09.2021,14:48:45.713,12:48:45.713,64514,Timeline2,Tobii I-VT (Fixation),1.145.28180,1080,1920,"10,00",702531028.0,,,692.0,711.0,689.0,730.0,695.0,691.0,"-0,08309","0,18805","-0,97864","-0,18937","0,16769","-0,96748",,,Valid,Valid,"232,9","100,4","517,9","292,0","99,4","518,2","188,9","199,9","190,6","189,2","0,2850","0,6582","0,2826","0,6762","0,2874","0,6402",thumbnail_grossTrial,thumbnail_grossTrial.png,1245.0,1080.0,337.0,0.0,798.0,692.0,Unclassified,17.0,305.0,,,,,,
27671,34676088,1400473947375,Eye Tracker,Participant0058,17.09.2021,Participant0058,Recording4,17.09.2021,17.09.2021,14:48:45.713,12:48:45.713,64514,Timeline2,Tobii I-VT (Fixation),1.145.28180,1080,1920,"10,00",702539322.0,,,,,,,,,,,,,,,,,Invalid,Invalid,,,,,,,,,,,,,,,,,thumbnail_grossTrial,thumbnail_grossTrial.png,1245.0,1080.0,337.0,0.0,798.0,692.0,EyesNotFound,8.0,273.0,,,,,,
27672,34684421,1400473955708,Eye Tracker,Participant0058,17.09.2021,Participant0058,Recording4,17.09.2021,17.09.2021,14:48:45.713,12:48:45.713,64514,Timeline2,Tobii I-VT (Fixation),1.145.28180,1080,1920,"10,00",702547655.0,,,693.0,713.0,675.0,727.0,712.0,698.0,"-0,09074","0,18618","-0,97832","-0,18106","0,17130","-0,96844",,,Valid,Valid,"232,9","100,4","517,8","292,0","99,4","518,2","184,9","198,9","195,2","191,1","0,2859","0,6598","0,2709","0,6731","0,3009","0,6465",thumbnail_grossTrial,thumbnail_grossTrial.png,1245.0,1080.0,337.0,0.0,798.0,692.0,Unclassified,17.0,306.0,,,,,,
27673,34692787,1400473964074,Eye Tracker,Participant0058,17.09.2021,Participant0058,Recording4,17.09.2021,17.09.2021,14:48:45.713,12:48:45.713,64514,Timeline2,Tobii I-VT (Fixation),1.145.28180,1080,1920,"10,00",702556020.0,,,692.0,710.0,662.0,718.0,721.0,703.0,"-0,09701","0,18171","-0,97855","-0,17638","0,17360","-0,96889",,,Valid,Valid,"232,9","100,4","517,8","292,0","99,4","518,2","181,6","196,6","197,7","192,3","0,2847","0,6578","0,2611","0,6650","0,3082","0,6505",thumbnail_grossTrial,thumbnail_grossTrial.png,1245.0,1080.0,337.0,0.0,798.0,692.0,Unclassified,17.0,306.0,,,,,,
27674,34701140,1400473972427,Eye Tracker,Participant0058,17.09.2021,Participant0058,Recording4,17.09.2021,17.09.2021,14:48:45.713,12:48:45.713,64514,Timeline2,Tobii I-VT (Fixation),1.145.28180,1080,1920,"10,00",702564372.0,,,,,,,,,,,,,,,,,Invalid,Invalid,,,,,,,,,,,,,,,,,thumbnail_grossTrial,thumbnail_grossTrial.png,1245.0,1080.0,337.0,0.0,798.0,692.0,EyesNotFound,8.0,274.0,,,,,,
27675,34709372,1400473980659,Eye Tracker,Participant0058,17.09.2021,Participant0058,Recording4,17.09.2021,17.09.2021,14:48:45.713,12:48:45.713,64514,Timeline2,Tobii I-VT (Fixation),1.145.28180,1080,1920,"10,00",702572604.0,,,695.0,708.0,672.0,719.0,718.0,698.0,"-0,09205","0,18197","-0,97899","-0,17802","0,17131","-0,96900",,,Valid,Valid,"233,0","100,5","517,7","292,0","99,4","518,2","184,3","196,7","196,8","191,1","0,2875","0,6559","0,2691","0,6655","0,3059","0,6464",thumbnail_grossTrial,thumbnail_grossTrial.png,1245.0,1080.0,337.0,0.0,798.0,692.0,Unclassified,17.0,307.0,,,,,,
27676,34717746,1400473989033,Eye Tracker,Participant0058,17.09.2021,Participant0058,Recording4,17.09.2021,17.09.2021,14:48:45.713,12:48:45.713,64514,Timeline2,Tobii I-VT (Fixation),1.145.28180,1080,1920,"10,00",702580977.0,,,701.0,714.0,680.0,729.0,723.0,699.0,"-0,08805","0,18711","-0,97838","-0,17573","0,17170","-0,96935",,,Valid,Valid,"232,9","100,4","517,7","292,0","99,4","518,2","186,3","199,4","198,0","191,2","0,2922","0,6609","0,2750","0,6748","0,3094","0,6470",thumbnail_grossTrial,thumbnail_grossTrial.png,1245.0,1080.0,337.0,0.0,798.0,692.0,Unclassified,17.0,307.0,,,,,,
27677,34726034,1400473997321,Eye Tracker,Participant0058,17.09.2021,Participant0058,Recording4,17.09.2021,17.09.2021,14:48:45.713,12:48:45.713,64514,Timeline2,Tobii I-VT (Fixation),1.145.28180,1080,1920,"10,00",702589265.0,,,,,,,,,,,,,,,,,Invalid,Invalid,,,,,,,,,,,,,,,,,thumbnail_grossTrial,thumbnail_grossTrial.png,1245.0,1080.0,337.0,0.0,798.0,692.0,EyesNotFound,8.0,275.0,,,,,,
27678,34734379,1400474005666,Eye Tracker,Participant0058,17.09.2021,Participant0058,Recording4,17.09.2021,17.09.2021,14:48:45.713,12:48:45.713,64514,Timeline2,Tobii I-VT (Fixation),1.145.28180,1080,1920,"10,00",702597609.0,,,697.0,710.0,666.0,723.0,728.0,698.0,"-0,09523","0,18399","-0,97830","-0,17335","0,17127","-0,96985",,,Valid,Valid,"233,0","100,5","517,7","292,0","99,5","518,2","182,6","197,8","199,4","191,0","0,2888","0,6578","0,2641","0,6694","0,3134","0,6461",thumbnail_grossTrial,thumbnail_grossTrial.png,1245.0,1080.0,337.0,0.0,798.0,692.0,Fixation,175.0,69.0,704.0,718.0,"0,2942","0,6645",,
27679,34742686,1400474013973,Eye Tracker,Participant0058,17.09.2021,Participant0058,Recording4,17.09.2021,17.09.2021,14:48:45.713,12:48:45.713,64514,Timeline2,Tobii I-VT (Fixation),1.145.28180,1080,1920,"10,00",702605915.0,,,695.0,712.0,670.0,723.0,720.0,700.0,"-0,09337","0,18427","-0,97843","-0,17722","0,17247","-0,96894",,,Valid,Valid,"232,9","100,5","517,7","292,0","99,5","518,2","183,5","198,0","197,2","191,7","0,2868","0,6592","0,2668","0,6698","0,3069","0,6486",thumbnail_grossTrial,thumbnail_grossTrial.png,1245.0,1080.0,337.0,0.0,798.0,692.0,Fixation,175.0,69.0,704.0,718.0,"0,2942","0,6645",,
27680,34751011,1400474022298,Eye Tracker,Participant0058,17.09.2021,Participant0058,Recording4,17.09.2021,17.09.2021,14:48:45.713,12:48:45.713,64514,Timeline2,Tobii I-VT (Fixation),1.145.28180,1080,1920,"10,00",702614240.0,,,675.0,731.0,675.0,731.0,,,"-0,09076","0,18824","-0,97792",,,,"4,56",,Valid,Invalid,"232,9","100,5","517,7",,,,"184,9","200,1",,,"0,2708","0,6771","0,2708","0,6771",,,thumbnail_grossTrial,thumbnail_grossTrial.png,1245.0,1080.0,337.0,0.0,798.0,692.0,Fixation,175.0,69.0,704.0,718.0,"0,2942","0,6645",,
27681,34759399,1400474030686,Eye Tracker,Participant0058,17.09.2021,Participant0058,Recording4,17.09.2021,17.09.2021,14:48:45.713,12:48:45.713,64514,Timeline2,Tobii I-VT (Fixation),1.145.28180,1080,1920,"10,00",702622627.0,,,705.0,717.0,682.0,736.0,729.0,698.0,"-0,08706","0,19056","-0,97781","-0,17286","0,17151","-0,96990",,,Valid,Valid,"233,0","100,5","517,6","292,0","99,5","518,2","186,9","201,4","199,7","191,1","0,2954","0,6640","0,2766","0,6814","0,3141","0,6465",thumbnail_grossTrial,thumbnail_grossTrial.png,1245.0,1080.0,337.0,0.0,798.0,692.0,Fixation,175.0,69.0,704.0,718.0,"0,2942","0,6645",,
27682,34767718,1400474039005,Eye Tracker,Participant0058,17.09.2021,Participant0058,Recording4,17.09.2021,17.09.2021,14:48:45.713,12:48:45.713,64514,Timeline2,Tobii I-VT (Fixation),1.145.28180,1080,1920,"10,00",702630945.0,,,710.0,713.0,681.0,737.0,739.0,690.0,"-0,08736","0,19115","-0,97767","-0,16757","0,16735","-0,97155",,,Valid,Valid,"232,9","100,5","517,6","292,0","99,5","518,2","186,6","201,7","202,6","188,7","0,2993","0,6605","0,2759","0,6825","0,3227","0,6385",thumbnail_grossTrial,thumbnail_grossTrial.png,1245.0,1080.0,337.0,0.0,798.0,692.0,Fixation,175.0,69.0,704.0,718.0,"0,2942","0,6645",,
27683,34776035,1400474047322,Eye Tracker,Participant0058,17.09.2021,Participant0058,Recording4,17.09.2021,17.09.2021,14:48:45.713,12:48:45.713,64514,Timeline2,Tobii I-VT (Fixation),1.145.28180,1080,1920,"10,00",702639262.0,,,682.0,738.0,682.0,738.0,,,"-0,08668","0,19147","-0,97766",,,,"4,56",,Valid,Invalid,"232,9","100,5","517,6",,,,"187,0","201,9",,,"0,2771","0,6830","0,2771","0,6830",,,thumbnail_grossTrial,thumbnail_grossTrial.png,1245.0,1080.0,337.0,0.0,798.0,692.0,Fixation,175.0,69.0,704.0,718.0,"0,2942","0,6645",,
27684,34784367,1400474055654,Eye Tracker,Participant0058,17.09.2021,Participant0058,Recording4,17.09.2021,17.09.2021,14:48:45.713,12:48:45.713,64514,Timeline2,Tobii I-VT (Fixation),1.145.28180,1080,1920,"10,00",702647593.0,,,704.0,714.0,681.0,740.0,727.0,688.0,"-0,08726","0,19268","-0,97737","-0,17389","0,16638","-0,97061",,,Valid,Valid,"232,9","100,5","517,6","292,0","99,5","518,2","186,7","202,6","199,2","188,3","0,2945","0,6612","0,2763","0,6854","0,3127","0,6370",thumbnail_grossTrial,thumbnail_grossTrial.png,1245.0,1080.0,337.0,0.0,798.0,692.0,Fixation,175.0,69.0,704.0,718.0,"0,2942","0,6645",,
27685,34792701,1400474063988,Eye Tracker,Participant0058,17.09.2021,Participant0058,Recording4,17.09.2021,17.09.2021,14:48:45.713,12:48:45.713,64514,Timeline2,Tobii I-VT (Fixation),1.145.28180,1080,1920,"10,00",702655927.0,,,706.0,716.0,683.0,741.0,729.0,691.0,"-0,08634","0,19326","-0,97734","-0,17276","0,16806","-0,97052",,,Valid,Valid,"232,9","100,5","517,5","292,0","99,5","518,2","187,2","202,9","199,7","189,2","0,2959","0,6632","0,2775","0,6864","0,3143","0,6401",thumbnail_grossTrial,thumbnail_grossTrial.png,1245.0,1080.0,337.0,0.0,798.0,692.0,Fixation,175.0,69.0,704.0,718.0,"0,2942","0,6645",,
27686,34801030,1400474072317,Eye Tracker,Participant0058,17.09.2021,Participant0058,Recording4,17.09.2021,17.09.2021,14:48:45.713,12:48:45.713,64514,Timeline2,Tobii I-VT (Fixation),1.145.28180,1080,1920,"10,00",702664256.0,,,684.0,744.0,684.0,744.0,,,"-0,08575","0,19444","-0,97716",,,,"4,56",,Valid,Invalid,"232,9","100,5","517,5",,,,"187,5","203,5",,,"0,2785","0,6885","0,2785","0,6885",,,thumbnail_grossTrial,thumbnail_grossTrial.png,1245.0,1080.0,337.0,0.0,798.0,692.0,Fixation,175.0,69.0,704.0,718.0,"0,2942","0,6645",,
27687,34809345,1400474080632,Eye Tracker,Participant0058,17.09.2021,Participant0058,Recording4,17.09.2021,17.09.2021,14:48:45.713,12:48:45.713,64514,Timeline2,Tobii I-VT (Fixation),1.145.28180,1080,1920,"10,00",702672571.0,,,710.0,714.0,689.0,742.0,732.0,686.0,"-0,08360","0,19380","-0,97747","-0,17109","0,16556","-0,97124",,,Valid,Valid,"233,0","100,6","517,4","292,0","99,4","518,1","188,7","203,2","200,7","187,8","0,2997","0,6613","0,2820","0,6874","0,3173","0,6353",thumbnail_grossTrial,thumbnail_grossTrial.png,1245.0,1080.0,337.0,0.0,798.0,692.0,Fixation,175.0,69.0,704.0,718.0,"0,2942","0,6645",,
27688,34817676,1400474088963,Eye Tracker,Participant0058,17.09.2021,Participant0058,Recording4,17.09.2021,17.09.2021,14:48:45.713,12:48:45.713,64514,Timeline2,Tobii I-VT (Fixation),1.145.28180,1080,1920,"10,00",702680901.0,,,708.0,706.0,688.0,741.0,728.0,670.0,"-0,08380","0,19308","-0,97760","-0,17352","0,15762","-0,97214",,,Valid,Valid,"232,9","100,6","517,4","292,0","99,4","518,2","188,5","202,8","199,5","183,5","0,2976","0,6533","0,2815","0,6860","0,3136","0,6207",thumbnail_grossTrial,thumbnail_grossTrial.png,1245.0,1080.0,337.0,0.0,798.0,692.0,Fixation,175.0,69.0,704.0,718.0,"0,2942","0,6645",,
27689,34826029,1400474097316,Eye Tracker,Participant0058,17.09.2021,Participant0058,Recording4,17.09.2021,17.09.2021,14:48:45.713,12:48:45.713,64514,Timeline2,Tobii I-VT (Fixation),1.145.28180,1080,1920,"10,00",702689254.0,,,687.0,741.0,687.0,741.0,,,"-0,08442","0,19306","-0,97755",,,,"4,55",,Valid,Invalid,"232,9","100,6","517,3",,,,"188,2","202,8",,,"0,2807","0,6860","0,2807","0,6860",,,thumbnail_grossTrial,thumbnail_grossTrial.png,1245.0,1080.0,337.0,0.0,798.0,692.0,Fixation,175.0,69.0,704.0,718.0,"0,2942","0,6645",,
27690,34834369,1400474105656,Eye Tracker,Participant0058,17.09.2021,Participant0058,Recording4,17.09.2021,17.09.2021,14:48:45.713,12:48:45.713,64514,Timeline2,Tobii I-VT (Fixation),1.145.28180,1080,1920,"10,00",702697594.0,,,706.0,717.0,683.0,743.0,728.0,692.0,"-0,08663","0,19381","-0,97721","-0,17305","0,16840","-0,97041",,,Valid,Valid,"233,0","100,6","517,2","292,0","99,4","518,1","187,1","203,2","199,6","189,3","0,2957","0,6641","0,2774","0,6876","0,3141","0,6406",thumbnail_grossTrial,thumbnail_grossTrial.png,1245.0,1080.0,337.0,0.0,798.0,692.0,Fixation,175.0,69.0,704.0,718.0,"0,2942","0,6645",,
27691,34842711,1400474113998,Eye Tracker,Participant0058,17.09.2021,Participant0058,Recording4,17.09.2021,17.09.2021,14:48:45.713,12:48:45.713,64514,Timeline2,Tobii I-VT (Fixation),1.145.28180,1080,1920,"10,00",702705935.0,,,703.0,722.0,681.0,743.0,726.0,701.0,"-0,08765","0,19407","-0,97706","-0,17407","0,17306","-0,96941",,,Valid,Valid,"232,9","100,6","517,2","292,0","99,4","518,2","186,5","203,4","198,9","191,9","0,2938","0,6687","0,2756","0,6880","0,3120","0,6494",thumbnail_grossTrial,thumbnail_grossTrial.png,1245.0,1080.0,337.0,0.0,798.0,692.0,Fixation,175.0,69.0,704.0,718.0,"0,2942","0,6645",,
27692,34851030,1400474122317,Eye Tracker,Participant0058,17.09.2021,Participant0058,Recording4,17.09.2021,17.09.2021,14:48:45.713,12:48:45.713,64514,Timeline2,Tobii I-VT (Fixation),1.145.28180,1080,1920,"10,00",702714254.0,,,680.0,744.0,680.0,744.0,,,"-0,08772","0,19458","-0,97696",,,,"4,54",,Valid,Invalid,"232,9","100,7","517,2",,,,"186,5","203,7",,,"0,2755","0,6890","0,2755","0,6890",,,thumbnail_grossTrial,thumbnail_grossTrial.png,1245.0,1080.0,337.0,0.0,798.0,692.0,Fixation,175.0,69.0,704.0,718.0,"0,2942","0,6645",,
27693,34859335,1400474130622,Eye Tracker,Participant0058,17.09.2021,Participant0058,Recording4,17.09.2021,17.09.2021,14:48:45.713,12:48:45.713,64514,Timeline2,Tobii I-VT (Fixation),1.145.28180,1080,1920,"10,00",702722559.0,,,708.0,717.0,685.0,749.0,730.0,686.0,"-0,08548","0,19678","-0,97671","-0,17218","0,16562","-0,97104",,,Valid,Valid,"233,0","100,7","517,1","292,0","99,4","518,2","187,7","204,9","200,2","187,8","0,2974","0,6643","0,2791","0,6932","0,3156","0,6354",thumbnail_grossTrial,thumbnail_grossTrial.png,1245.0,1080.0,337.0,0.0,798.0,692.0,Fixation,175.0,69.0,704.0,718.0,"0,2942","0,6645",,
27694,34867761,1400474139048,Eye Tracker,Participant0058,17.09.2021,Participant0058,Recording4,17.09.2021,17.09.2021,14:48:45.713,12:48:45.713,64514,Timeline2,Tobii I-VT (Fixation),1.145.28180,1080,1920,"10,00",702730984.0,,,704.0,720.0,683.0,743.0,726.0,697.0,"-0,08621","0,19419","-0,97717","-0,17428","0,17106","-0,96972",,,Valid,Valid,"232,9","100,7","517,0","292,0","99,4","518,3","187,3","203,5","198,8","190,8","0,2948","0,6670","0,2779","0,6884","0,3117","0,6456",thumbnail_grossTrial,thumbnail_grossTrial.png,1245.0,1080.0,337.0,0.0,798.0,692.0,Fixation,175.0,69.0,704.0,718.0,"0,2942","0,6645",,
27695,34875994,1400474147281,Eye Tracker,Participant0058,17.09.2021,Participant0058,Recording4,17.09.2021,17.09.2021,14:48:45.713,12:48:45.713,64514,Timeline2,Tobii I-VT (Fixation),1.145.28180,1080,1920,"10,00",702739217.0,,,684.0,743.0,684.0,743.0,,,"-0,08612","0,19400","-0,97721",,,,"4,53",,Valid,Invalid,"232,9","100,7","517,1",,,,"187,3","203,4",,,"0,2780","0,6880","0,2780","0,6880",,,thumbnail_grossTrial,thumbnail_grossTrial.png,1245.0,1080.0,337.0,0.0,798.0,692.0,Fixation,175.0,69.0,704.0,718.0,"0,2942","0,6645",,
27696,34884337,1400474155624,Eye Tracker,Participant0058,17.09.2021,Participant0058,Recording4,17.09.2021,17.09.2021,14:48:45.713,12:48:45.713,64514,Timeline2,Tobii I-VT (Fixation),1.145.28180,1080,1920,"10,00",702747560.0,,,704.0,721.0,682.0,739.0,726.0,703.0,"-0,08708","0,19174","-0,97757","-0,17393","0,17381","-0,96930",,,Valid,Valid,"233,0","100,7","517,0","292,0","99,3","518,4","186,9","202,2","199,0","192,3","0,2945","0,6673","0,2768","0,6840","0,3122","0,6506",thumbnail_grossTrial,thumbnail_grossTrial.png,1245.0,1080.0,337.0,0.0,798.0,692.0,Fixation,175.0,69.0,704.0,718.0,"0,2942","0,6645",,
27697,34892692,1400474163979,Eye Tracker,Participant0058,17.09.2021,Participant0058,Recording4,17.09.2021,17.09.2021,14:48:45.713,12:48:45.713,64514,Timeline2,Tobii I-VT (Fixation),1.145.28180,1080,1920,"10,00",702755915.0,,,712.0,718.0,683.0,747.0,740.0,690.0,"-0,08618","0,19573","-0,97686","-0,16689","0,16782","-0,97159",,,Valid,Valid,"232,9","100,7","517,0","292,0","99,3","518,5","187,3","204,3","202,9","188,9","0,3008","0,6652","0,2779","0,6913","0,3237","0,6391",thumbnail_grossTrial,thumbnail_grossTrial.png,1245.0,1080.0,337.0,0.0,798.0,692.0,Fixation,175.0,69.0,704.0,718.0,"0,2942","0,6645",,
27698,34900993,1400474172280,Eye Tracker,Participant0058,17.09.2021,Participant0058,Recording4,17.09.2021,17.09.2021,14:48:45.713,12:48:45.713,64514,Timeline2,Tobii I-VT (Fixation),1.145.28180,1080,1920,"10,00",702764215.0,,,686.0,747.0,686.0,747.0,,,"-0,08493","0,19588","-0,97694",,,,"4,51",,Valid,Invalid,"232,9","100,7","517,1",,,,"188,0","204,4",,,"0,2799","0,6916","0,2799","0,6916",,,thumbnail_grossTrial,thumbnail_grossTrial.png,1245.0,1080.0,337.0,0.0,798.0,692.0,Fixation,175.0,69.0,704.0,718.0,"0,2942","0,6645",,
27699,34909337,1400474180624,Eye Tracker,Participant0058,17.09.2021,Participant0058,Recording4,17.09.2021,17.09.2021,14:48:45.713,12:48:45.713,64514,Timeline2,Tobii I-VT (Fixation),1.145.28180,1080,1920,"10,00",702772559.0,,,713.0,719.0,685.0,745.0,742.0,694.0,"-0,08540","0,19473","-0,97713","-0,16632","0,16965","-0,97137",,,Valid,Valid,"233,0","100,7","517,0","292,1","99,3","518,6","187,8","203,8","203,3","189,8","0,3020","0,6659","0,2794","0,6895","0,3247","0,6423",thumbnail_grossTrial,thumbnail_grossTrial.png,1245.0,1080.0,337.0,0.0,798.0,692.0,Saccade,67.0,127.0,,,,,,
27700,34917685,1400474188972,Eye Tracker,Participant0058,17.09.2021,Participant0058,Recording4,17.09.2021,17.09.2021,14:48:45.713,12:48:45.713,64514,Timeline2,Tobii I-VT (Fixation),1.145.28180,1080,1920,"10,00",702780907.0,,,725.0,703.0,690.0,729.0,759.0,677.0,"-0,08311","0,18746","-0,97875","-0,15779","0,16169","-0,97415",,,Valid,Valid,"233,1","100,6","517,0","292,1","99,1","518,7","189,2","199,6","208,1","185,2","0,3112","0,6510","0,2834","0,6753","0,3389","0,6266",thumbnail_grossTrial,thumbnail_grossTrial.png,1245.0,1080.0,337.0,0.0,798.0,692.0,Saccade,67.0,127.0,,,,,,
27701,34926019,1400474197306,Eye Tracker,Participant0058,17.09.2021,Participant0058,Recording4,17.09.2021,17.09.2021,14:48:45.713,12:48:45.713,64514,Timeline2,Tobii I-VT (Fixation),1.145.28180,1080,1920,"10,00",702789240.0,,,719.0,678.0,719.0,678.0,,,"-0,06902","0,16196","-0,98438",,,,"4,93",,Valid,Invalid,"233,3","100,4","517,1",,,,"197,0","185,5",,,"0,3064","0,6275","0,3064","0,6275",,,thumbnail_grossTrial,thumbnail_grossTrial.png,1245.0,1080.0,337.0,0.0,798.0,692.0,Saccade,67.0,127.0,,,,,,
27702,34934334,1400474205621,Eye Tracker,Participant0058,17.09.2021,Participant0058,Recording4,17.09.2021,17.09.2021,14:48:45.713,12:48:45.713,64514,Timeline2,Tobii I-VT (Fixation),1.145.28180,1080,1920,"10,00",702797555.0,,,804.0,595.0,780.0,589.0,827.0,600.0,"-0,03767","0,11706","-0,99241","-0,12451","0,12436","-0,98439",,,Valid,Valid,"233,5","100,2","517,2","292,4","98,7","518,9","213,8","161,2","226,8","164,2","0,3746","0,5505","0,3557","0,5453","0,3936","0,5557",thumbnail_grossTrial,thumbnail_grossTrial.png,1245.0,1080.0,337.0,0.0,798.0,692.0,Saccade,67.0,127.0,,,,,,
27703,34942693,1400474213980,Eye Tracker,Participant0058,17.09.2021,Participant0058,Recording4,17.09.2021,17.09.2021,14:48:45.713,12:48:45.713,64514,Timeline2,Tobii I-VT (Fixation),1.145.28180,1080,1920,"10,00",702805914.0,,,857.0,474.0,825.0,502.0,889.0,447.0,"-0,01442","0,07198","-0,99730","-0,09338","0,04547","-0,99459",,,Valid,Valid,"233,5","100,0","517,3","292,4","98,5","518,9","226,0","137,4","243,7","122,3","0,4172","0,4392","0,3914","0,4647","0,4430","0,4136",thumbnail_grossTrial,thumbnail_grossTrial.png,1245.0,1080.0,337.0,0.0,798.0,692.0,Saccade,67.0,127.0,,,,,,
27704,34951016,1400474222303,Eye Tracker,Participant0058,17.09.2021,Participant0058,Recording4,17.09.2021,17.09.2021,14:48:45.713,12:48:45.713,64514,Timeline2,Tobii I-VT (Fixation),1.145.28180,1080,1920,"10,00",702814236.0,,,856.0,453.0,,,856.0,453.0,,,,"-0,11077","0,04883","-0,99265",,"5,06",Invalid,Valid,,,,"292,4","98,5","518,9",,,"234,5","124,0","0,4162","0,4195",,,"0,4162","0,4195",thumbnail_grossTrial,thumbnail_grossTrial.png,1245.0,1080.0,337.0,0.0,798.0,692.0,Saccade,67.0,127.0,,,,,,
27705,34959332,1400474230619,Eye Tracker,Participant0058,17.09.2021,Participant0058,Recording4,17.09.2021,17.09.2021,14:48:45.713,12:48:45.713,64514,Timeline2,Tobii I-VT (Fixation),1.145.28180,1080,1920,"10,00",702822552.0,,,868.0,435.0,852.0,434.0,883.0,435.0,"-0,00005","0,03661","-0,99933","-0,09679","0,03955","-0,99452",,,Valid,Valid,"233,7","100,0","517,2","292,4","98,5","518,7","233,6","118,9","241,9","119,1","0,4258","0,4027","0,4136","0,4023","0,4380","0,4031",thumbnail_grossTrial,thumbnail_grossTrial.png,1245.0,1080.0,337.0,0.0,798.0,692.0,Saccade,67.0,127.0,,,,,,
27706,34967700,1400474238987,Eye Tracker,Participant0058,17.09.2021,Participant0058,Recording4,17.09.2021,17.09.2021,14:48:45.713,12:48:45.713,64514,Timeline2,Tobii I-VT (Fixation),1.145.28180,1080,1920,"10,00",702830920.0,,,860.0,457.0,841.0,486.0,879.0,429.0,"-0,00583","0,06363","-0,99796","-0,09847","0,03609","-0,99449",,,Valid,Valid,"233,6","100,0","517,1","292,3","98,5","518,5","230,6","132,9","241,0","117,3","0,4199","0,4234","0,4047","0,4498","0,4352","0,3970",thumbnail_grossTrial,thumbnail_grossTrial.png,1245.0,1080.0,337.0,0.0,798.0,692.0,Saccade,67.0,127.0,,,,,,
27707,34976091,1400474247378,Eye Tracker,Participant0058,17.09.2021,Participant0058,Recording4,17.09.2021,17.09.2021,14:48:45.713,12:48:45.713,64514,Timeline2,Tobii I-VT (Fixation),1.145.28180,1080,1920,"10,00",702839310.0,,,,,,,,,,,,,,,,,Invalid,Invalid,,,,,,,,,,,,,,,,,thumbnail_grossTrial,thumbnail_grossTrial.png,1245.0,1080.0,337.0,0.0,798.0,692.0,EyesNotFound,8.0,276.0,,,,,,
27708,34984330,1400474255617,Eye Tracker,Participant0058,17.09.2021,Participant0058,Recording4,17.09.2021,17.09.2021,14:48:45.713,12:48:45.713,64514,Timeline2,Tobii I-VT (Fixation),1.145.28180,1080,1920,"10,00",702847549.0,,,877.0,415.0,867.0,412.0,886.0,418.0,"0,00774","0,02476","-0,99966","-0,09505","0,03045","-0,99501",,,Valid,Valid,"233,7","100,0","517,0","292,4","98,6","518,3","237,7","112,8","242,9","114,5","0,4331","0,3845","0,4254","0,3816","0,4407","0,3873",thumbnail_grossTrial,thumbnail_grossTrial.png,1245.0,1080.0,337.0,0.0,798.0,692.0,Unclassified,17.0,308.0,,,,,,
27709,34992725,1400474264012,Eye Tracker,Participant0058,17.09.2021,Participant0058,Recording4,17.09.2021,17.09.2021,14:48:45.713,12:48:45.713,64514,Timeline2,Tobii I-VT (Fixation),1.145.28180,1080,1920,"10,00",702855944.0,,,879.0,408.0,871.0,411.0,887.0,406.0,"0,01005","0,02415","-0,99966","-0,09434","0,02394","-0,99525",,,Valid,Valid,"233,6","100,0","517,0","292,3","98,6","518,2","238,8","112,5","243,2","111,1","0,4352","0,3782","0,4287","0,3805","0,4417","0,3759",thumbnail_grossTrial,thumbnail_grossTrial.png,1245.0,1080.0,337.0,0.0,798.0,692.0,Unclassified,17.0,308.0,,,,,,
27710,35001025,1400474272312,Eye Tracker,Participant0058,17.09.2021,Participant0058,Recording4,17.09.2021,17.09.2021,14:48:45.713,12:48:45.713,64514,Timeline2,Tobii I-VT (Fixation),1.145.28180,1080,1920,"10,00",702864244.0,,,,,,,,,,,,,,,,,Invalid,Invalid,,,,,,,,,,,,,,,,,thumbnail_grossTrial,thumbnail_grossTrial.png,1245.0,1080.0,337.0,0.0,798.0,692.0,EyesNotFound,8.0,277.0,,,,,,
27711,35009347,1400474280634,Eye Tracker,Participant0058,17.09.2021,Participant0058,Recording4,17.09.2021,17.09.2021,14:48:45.713,12:48:45.713,64514,Timeline2,Tobii I-VT (Fixation),1.145.28180,1080,1920,"10,00",702872565.0,,,885.0,397.0,874.0,404.0,896.0,390.0,"0,01137","0,02067","-0,99972","-0,08981","0,01570","-0,99584",,,Valid,Valid,"233,6","100,0","517,0","292,4","98,7","518,1","239,5","110,7","245,7","106,8","0,4399","0,3680","0,4309","0,3744","0,4490","0,3615",thumbnail_grossTrial,thumbnail_grossTrial.png,1245.0,1080.0,337.0,0.0,798.0,692.0,Unclassified,17.0,309.0,,,,,,
27712,35017681,1400474288968,Eye Tracker,Participant0058,17.09.2021,Participant0058,Recording4,17.09.2021,17.09.2021,14:48:45.713,12:48:45.713,64514,Timeline2,Tobii I-VT (Fixation),1.145.28180,1080,1920,"10,00",702880899.0,,,885.0,383.0,872.0,369.0,898.0,397.0,"0,01070","0,00177","-0,99994","-0,08894","0,01911","-0,99585",,,Valid,Valid,"233,6","99,9","517,0","292,4","98,7","518,1","239,1","100,9","246,1","108,6","0,4399","0,3544","0,4297","0,3413","0,4502","0,3675",thumbnail_grossTrial,thumbnail_grossTrial.png,1245.0,1080.0,337.0,0.0,798.0,692.0,Unclassified,17.0,309.0,,,,,,
27713,35026013,1400474297300,Eye Tracker,Participant0058,17.09.2021,Participant0058,Recording4,17.09.2021,17.09.2021,14:48:45.713,12:48:45.713,64514,Timeline2,Tobii I-VT (Fixation),1.145.28180,1080,1920,"10,00",702889231.0,,,,,,,,,,,,,,,,,Invalid,Invalid,,,,,,,,,,,,,,,,,thumbnail_grossTrial,thumbnail_grossTrial.png,1245.0,1080.0,337.0,0.0,798.0,692.0,EyesNotFound,8.0,278.0,,,,,,
27714,35034357,1400474305644,Eye Tracker,Participant0058,17.09.2021,Participant0058,Recording4,17.09.2021,17.09.2021,14:48:45.713,12:48:45.713,64514,Timeline2,Tobii I-VT (Fixation),1.145.28180,1080,1920,"10,00",702897574.0,,,886.0,384.0,873.0,368.0,899.0,400.0,"0,01110","0,00162","-0,99994","-0,08874","0,02085","-0,99584",,,Valid,Valid,"233,6","99,9","517,1","292,5","98,7","518,0","239,4","100,8","246,3","109,5","0,4406","0,3558","0,4305","0,3409","0,4508","0,3706",thumbnail_grossTrial,thumbnail_grossTrial.png,1245.0,1080.0,337.0,0.0,798.0,692.0,Unclassified,17.0,310.0,,,,,,
27715,35042693,1400474313980,Eye Tracker,Participant0058,17.09.2021,Participant0058,Recording4,17.09.2021,17.09.2021,14:48:45.713,12:48:45.713,64514,Timeline2,Tobii I-VT (Fixation),1.145.28180,1080,1920,"10,00",702905910.0,,,880.0,404.0,872.0,405.0,889.0,403.0,"0,01048","0,02108","-0,99972","-0,09393","0,02220","-0,99533",,,Valid,Valid,"233,6","99,9","517,2","292,4","98,7","518,1","239,0","110,8","243,5","110,3","0,4360","0,3740","0,4293","0,3750","0,4426","0,3730",thumbnail_grossTrial,thumbnail_grossTrial.png,1245.0,1080.0,337.0,0.0,798.0,692.0,Unclassified,17.0,310.0,,,,,,
27716,35051011,1400474322298,Eye Tracker,Participant0058,17.09.2021,Participant0058,Recording4,17.09.2021,17.09.2021,14:48:45.713,12:48:45.713,64514,Timeline2,Tobii I-VT (Fixation),1.145.28180,1080,1920,"10,00",702914228.0,,,,,,,,,,,,,,,,,Invalid,Invalid,,,,,,,,,,,,,,,,,thumbnail_grossTrial,thumbnail_grossTrial.png,1245.0,1080.0,337.0,0.0,798.0,692.0,EyesNotFound,8.0,279.0,,,,,,
27717,35059349,1400474330636,Eye Tracker,Participant0058,17.09.2021,Participant0058,Recording4,17.09.2021,17.09.2021,14:48:45.713,12:48:45.713,64514,Timeline2,Tobii I-VT (Fixation),1.145.28180,1080,1920,"10,00",702922565.0,,,881.0,391.0,867.0,395.0,894.0,387.0,"0,00788","0,01565","-0,99985","-0,09129","0,01373","-0,99573",,,Valid,Valid,"233,6","99,9","517,2","292,5","98,7","518,0","237,7","108,0","245,0","105,9","0,4362","0,3618","0,4256","0,3654","0,4469","0,3582",thumbnail_grossTrial,thumbnail_grossTrial.png,1245.0,1080.0,337.0,0.0,798.0,692.0,Fixation,383.0,70.0,888.0,405.0,"0,4421","0,3749",,
27718,35067646,1400474338933,Eye Tracker,Participant0058,17.09.2021,Participant0058,Recording4,17.09.2021,17.09.2021,14:48:45.713,12:48:45.713,64514,Timeline2,Tobii I-VT (Fixation),1.145.28180,1080,1920,"10,00",702930862.0,,,883.0,389.0,868.0,398.0,898.0,381.0,"0,00849","0,01733","-0,99981","-0,08888","0,01064","-0,99599",,,Valid,Valid,"233,5","99,9","517,3","292,4","98,7","518,1","237,9","108,9","246,2","104,3","0,4383","0,3605","0,4262","0,3683","0,4504","0,3527",thumbnail_grossTrial,thumbnail_grossTrial.png,1245.0,1080.0,337.0,0.0,798.0,692.0,Fixation,383.0,70.0,888.0,405.0,"0,4421","0,3749",,
27719,35076006,1400474347293,Eye Tracker,Participant0058,17.09.2021,Participant0058,Recording4,17.09.2021,17.09.2021,14:48:45.713,12:48:45.713,64514,Timeline2,Tobii I-VT (Fixation),1.145.28180,1080,1920,"10,00",702939222.0,,,879.0,408.0,879.0,408.0,,,"0,01403","0,02310","-0,99964",,,,"4,98",,Valid,Invalid,"233,5","99,8","517,6",,,,"240,8","111,7",,,"0,4347","0,3780","0,4347","0,3780",,,thumbnail_grossTrial,thumbnail_grossTrial.png,1245.0,1080.0,337.0,0.0,798.0,692.0,Fixation,383.0,70.0,888.0,405.0,"0,4421","0,3749",,
27720,35084323,1400474355610,Eye Tracker,Participant0058,17.09.2021,Participant0058,Recording4,17.09.2021,17.09.2021,14:48:45.713,12:48:45.713,64514,Timeline2,Tobii I-VT (Fixation),1.145.28180,1080,1920,"10,00",702947539.0,,,889.0,399.0,878.0,413.0,900.0,385.0,"0,01377","0,02586","-0,99957","-0,08808","0,01292","-0,99603",,,Valid,Valid,"233,6","99,7","517,7","292,5","98,7","518,2","240,7","113,1","246,6","105,4","0,4430","0,3697","0,4343","0,3828","0,4518","0,3565",thumbnail_grossTrial,thumbnail_grossTrial.png,1245.0,1080.0,337.0,0.0,798.0,692.0,Fixation,383.0,70.0,888.0,405.0,"0,4421","0,3749",,
27721,35092665,1400474363952,Eye Tracker,Participant0058,17.09.2021,Participant0058,Recording4,17.09.2021,17.09.2021,14:48:45.713,12:48:45.713,64514,Timeline2,Tobii I-VT (Fixation),1.145.28180,1080,1920,"10,00",702955880.0,,,907.0,399.0,894.0,424.0,919.0,373.0,"0,02253","0,03174","-0,99924","-0,07813","0,00654","-0,99692",,,Valid,Valid,"233,5","99,7","517,8","292,4","98,7","518,3","245,2","116,2","251,8","102,1","0,4571","0,3692","0,4474","0,3930","0,4668","0,3453",thumbnail_grossTrial,thumbnail_grossTrial.png,1245.0,1080.0,337.0,0.0,798.0,692.0,Fixation,383.0,70.0,888.0,405.0,"0,4421","0,3749",,
27722,35100978,1400474372265,Eye Tracker,Participant0058,17.09.2021,Participant0058,Recording4,17.09.2021,17.09.2021,14:48:45.713,12:48:45.713,64514,Timeline2,Tobii I-VT (Fixation),1.145.28180,1080,1920,"10,00",702964193.0,,,871.0,422.0,871.0,422.0,,,"0,01011","0,03064","-0,99948",,,,"4,54",,Valid,Invalid,"233,5","99,6","517,9",,,,"238,7","115,5",,,"0,4286","0,3908","0,4286","0,3908",,,thumbnail_grossTrial,thumbnail_grossTrial.png,1245.0,1080.0,337.0,0.0,798.0,692.0,Fixation,383.0,70.0,888.0,405.0,"0,4421","0,3749",,
27723,35109342,1400474380629,Eye Tracker,Participant0058,17.09.2021,Participant0058,Recording4,17.09.2021,17.09.2021,14:48:45.713,12:48:45.713,64514,Timeline2,Tobii I-VT (Fixation),1.145.28180,1080,1920,"10,00",702972557.0,,,897.0,402.0,876.0,423.0,918.0,382.0,"0,01250","0,03109","-0,99944","-0,07873","0,01114","-0,99683",,,Valid,Valid,"233,5","99,7","518,0","292,5","98,7","518,2","240,0","115,8","251,5","104,5","0,4492","0,3726","0,4324","0,3917","0,4661","0,3535",thumbnail_grossTrial,thumbnail_grossTrial.png,1245.0,1080.0,337.0,0.0,798.0,692.0,Fixation,383.0,70.0,888.0,405.0,"0,4421","0,3749",,
27724,35117717,1400474389004,Eye Tracker,Participant0058,17.09.2021,Participant0058,Recording4,17.09.2021,17.09.2021,14:48:45.713,12:48:45.713,64514,Timeline2,Tobii I-VT (Fixation),1.145.28180,1080,1920,"10,00",702980931.0,,,891.0,400.0,877.0,410.0,906.0,389.0,"0,01312","0,02417","-0,99962","-0,08471","0,01505","-0,99629",,,Valid,Valid,"233,5","99,6","518,1","292,4","98,7","518,2","240,3","112,2","248,4","106,5","0,4450","0,3700","0,4331","0,3795","0,4568","0,3605",thumbnail_grossTrial,thumbnail_grossTrial.png,1245.0,1080.0,337.0,0.0,798.0,692.0,Fixation,383.0,70.0,888.0,405.0,"0,4421","0,3749",,
27725,35126003,1400474397290,Eye Tracker,Participant0058,17.09.2021,Participant0058,Recording4,17.09.2021,17.09.2021,14:48:45.713,12:48:45.713,64514,Timeline2,Tobii I-VT (Fixation),1.145.28180,1080,1920,"10,00",702989217.0,,,875.0,396.0,875.0,396.0,,,"0,01202","0,01704","-0,99978",,,,"4,63",,Valid,Invalid,"233,5","99,6","518,1",,,,"239,7","108,4",,,"0,4316","0,3668","0,4316","0,3668",,,thumbnail_grossTrial,thumbnail_grossTrial.png,1245.0,1080.0,337.0,0.0,798.0,692.0,Fixation,383.0,70.0,888.0,405.0,"0,4421","0,3749",,
27726,35134323,1400474405610,Eye Tracker,Participant0058,17.09.2021,Participant0058,Recording4,17.09.2021,17.09.2021,14:48:45.713,12:48:45.713,64514,Timeline2,Tobii I-VT (Fixation),1.145.28180,1080,1920,"10,00",702997537.0,,,888.0,387.0,865.0,389.0,911.0,385.0,"0,00667","0,01336","-0,99989","-0,08241","0,01252","-0,99652",,,Valid,Valid,"233,6","99,6","518,1","292,5","98,8","518,1","237,0","106,5","249,7","105,3","0,4421","0,3583","0,4236","0,3604","0,4606","0,3562",thumbnail_grossTrial,thumbnail_grossTrial.png,1245.0,1080.0,337.0,0.0,798.0,692.0,Fixation,383.0,70.0,888.0,405.0,"0,4421","0,3749",,
27727,35142656,1400474413943,Eye Tracker,Participant0058,17.09.2021,Participant0058,Recording4,17.09.2021,17.09.2021,14:48:45.713,12:48:45.713,64514,Timeline2,Tobii I-VT (Fixation),1.145.28180,1080,1920,"10,00",703005869.0,,,872.0,391.0,850.0,390.0,894.0,392.0,"-0,00103","0,01383","-0,99990","-0,09120","0,01637","-0,99570",,,Valid,Valid,"233,5","99,6","518,1","292,5","98,8","518,0","233,0","106,8","245,0","107,3","0,4293","0,3622","0,4117","0,3613","0,4470","0,3631",thumbnail_grossTrial,thumbnail_grossTrial.png,1245.0,1080.0,337.0,0.0,798.0,692.0,Fixation,383.0,70.0,888.0,405.0,"0,4421","0,3749",,
27728,35151023,1400474422310,Eye Tracker,Participant0058,17.09.2021,Participant0058,Recording4,17.09.2021,17.09.2021,14:48:45.713,12:48:45.713,64514,Timeline2,Tobii I-VT (Fixation),1.145.28180,1080,1920,"10,00",703014236.0,,,876.0,397.0,876.0,397.0,,,"0,01244","0,01763","-0,99977",,,,"4,96",,Valid,Invalid,"233,5","99,6","518,1",,,,"240,0","108,7",,,"0,4323","0,3679","0,4323","0,3679",,,thumbnail_grossTrial,thumbnail_grossTrial.png,1245.0,1080.0,337.0,0.0,798.0,692.0,Fixation,383.0,70.0,888.0,405.0,"0,4421","0,3749",,
27729,35159395,1400474430682,Eye Tracker,Participant0058,17.09.2021,Participant0058,Recording4,17.09.2021,17.09.2021,14:48:45.713,12:48:45.713,64514,Timeline2,Tobii I-VT (Fixation),1.145.28180,1080,1920,"10,00",703022608.0,,,880.0,395.0,874.0,397.0,885.0,392.0,"0,01146","0,01734","-0,99978","-0,09590","0,01629","-0,99526",,,Valid,Valid,"233,6","99,7","518,0","292,5","98,9","517,7","239,5","108,7","242,6","107,4","0,4355","0,3655","0,4309","0,3676","0,4400","0,3634",thumbnail_grossTrial,thumbnail_grossTrial.png,1245.0,1080.0,337.0,0.0,798.0,692.0,Fixation,383.0,70.0,888.0,405.0,"0,4421","0,3749",,
27730,35167665,1400474438952,Eye Tracker,Participant0058,17.09.2021,Participant0058,Recording4,17.09.2021,17.09.2021,14:48:45.713,12:48:45.713,64514,Timeline2,Tobii I-VT (Fixation),1.145.28180,1080,1920,"10,00",703030878.0,,,883.0,399.0,877.0,403.0,888.0,396.0,"0,01336","0,02017","-0,99971","-0,09431","0,01815","-0,99538",,,Valid,Valid,"233,5","99,7","517,8","292,4","99,0","517,6","240,4","110,2","243,4","108,5","0,4379","0,3699","0,4336","0,3728","0,4423","0,3669",thumbnail_grossTrial,thumbnail_grossTrial.png,1245.0,1080.0,337.0,0.0,798.0,692.0,Fixation,383.0,70.0,888.0,405.0,"0,4421","0,3749",,
27731,35175969,1400474447256,Eye Tracker,Participant0058,17.09.2021,Participant0058,Recording4,17.09.2021,17.09.2021,14:48:45.713,12:48:45.713,64514,Timeline2,Tobii I-VT (Fixation),1.145.28180,1080,1920,"10,00",703039181.0,,,879.0,402.0,879.0,402.0,,,"0,01398","0,01983","-0,99971",,,,"4,91",,Valid,Invalid,"233,6","99,8","517,7",,,,"240,8","110,0",,,"0,4346","0,3722","0,4346","0,3722",,,thumbnail_grossTrial,thumbnail_grossTrial.png,1245.0,1080.0,337.0,0.0,798.0,692.0,Fixation,383.0,70.0,888.0,405.0,"0,4421","0,3749",,
27732,35184315,1400474455602,Eye Tracker,Participant0058,17.09.2021,Participant0058,Recording4,17.09.2021,17.09.2021,14:48:45.713,12:48:45.713,64514,Timeline2,Tobii I-VT (Fixation),1.145.28180,1080,1920,"10,00",703047527.0,,,891.0,393.0,879.0,402.0,903.0,384.0,"0,01425","0,01966","-0,99971","-0,08645","0,01148","-0,99619",,,Valid,Valid,"233,6","99,9","517,5","292,5","99,2","517,2","241,0","110,0","247,6","105,1","0,4448","0,3640","0,4352","0,3723","0,4545","0,3557",thumbnail_grossTrial,thumbnail_grossTrial.png,1245.0,1080.0,337.0,0.0,798.0,692.0,Fixation,383.0,70.0,888.0,405.0,"0,4421","0,3749",,
27733,35192646,1400474463933,Eye Tracker,Participant0058,17.09.2021,Participant0058,Recording4,17.09.2021,17.09.2021,14:48:45.713,12:48:45.713,64514,Timeline2,Tobii I-VT (Fixation),1.145.28180,1080,1920,"10,00",703055858.0,,,888.0,393.0,876.0,399.0,901.0,386.0,"0,01259","0,01813","-0,99976","-0,08772","0,01219","-0,99607",,,Valid,Valid,"233,5","99,9","517,4","292,4","99,2","517,1","240,0","109,3","246,8","105,6","0,4424","0,3635","0,4324","0,3698","0,4524","0,3571",thumbnail_grossTrial,thumbnail_grossTrial.png,1245.0,1080.0,337.0,0.0,798.0,692.0,Fixation,383.0,70.0,888.0,405.0,"0,4421","0,3749",,
27734,35201008,1400474472295,Eye Tracker,Participant0058,17.09.2021,Participant0058,Recording4,17.09.2021,17.09.2021,14:48:45.713,12:48:45.713,64514,Timeline2,Tobii I-VT (Fixation),1.145.28180,1080,1920,"10,00",703064219.0,,,875.0,400.0,875.0,400.0,,,"0,01227","0,01839","-0,99976",,,,"4,91",,Valid,Invalid,"233,5","99,9","517,3",,,,"239,9","109,5",,,"0,4320","0,3703","0,4320","0,3703",,,thumbnail_grossTrial,thumbnail_grossTrial.png,1245.0,1080.0,337.0,0.0,798.0,692.0,Fixation,383.0,70.0,888.0,405.0,"0,4421","0,3749",,
27735,35209310,1400474480597,Eye Tracker,Participant0058,17.09.2021,Participant0058,Recording4,17.09.2021,17.09.2021,14:48:45.713,12:48:45.713,64514,Timeline2,Tobii I-VT (Fixation),1.145.28180,1080,1920,"10,00",703072521.0,,,886.0,399.0,877.0,402.0,894.0,397.0,"0,01337","0,01922","-0,99973","-0,09149","0,01786","-0,99565",,,Valid,Valid,"233,6","100,0","517,1","292,4","99,3","516,7","240,5","110,0","244,9","108,6","0,4402","0,3698","0,4337","0,3721","0,4467","0,3675",thumbnail_grossTrial,thumbnail_grossTrial.png,1245.0,1080.0,337.0,0.0,798.0,692.0,Fixation,383.0,70.0,888.0,405.0,"0,4421","0,3749",,
27736,35217696,1400474488983,Eye Tracker,Participant0058,17.09.2021,Participant0058,Recording4,17.09.2021,17.09.2021,14:48:45.713,12:48:45.713,64514,Timeline2,Tobii I-VT (Fixation),1.145.28180,1080,1920,"10,00",703080907.0,,,902.0,404.0,906.0,415.0,898.0,394.0,"0,02873","0,02588","-0,99925","-0,08886","0,01640","-0,99591",,,Valid,Valid,"233,5","100,1","516,9","292,3","99,4","516,7","248,4","113,5","246,2","107,9","0,4537","0,3745","0,4568","0,3840","0,4506","0,3651",thumbnail_grossTrial,thumbnail_grossTrial.png,1245.0,1080.0,337.0,0.0,798.0,692.0,Fixation,383.0,70.0,888.0,405.0,"0,4421","0,3749",,
27737,35226085,1400474497372,Eye Tracker,Participant0058,17.09.2021,Participant0058,Recording4,17.09.2021,17.09.2021,14:48:45.713,12:48:45.713,64514,Timeline2,Tobii I-VT (Fixation),1.145.28180,1080,1920,"10,00",703089295.0,,,872.0,410.0,872.0,410.0,,,"0,01080","0,02353","-0,99966",,,,"4,48",,Valid,Invalid,"233,5","100,1","516,8",,,,"239,1","112,3",,,"0,4297","0,3799","0,4297","0,3799",,,thumbnail_grossTrial,thumbnail_grossTrial.png,1245.0,1080.0,337.0,0.0,798.0,692.0,Fixation,383.0,70.0,888.0,405.0,"0,4421","0,3749",,
27738,35234384,1400474505671,Eye Tracker,Participant0058,17.09.2021,Participant0058,Recording4,17.09.2021,17.09.2021,14:48:45.713,12:48:45.713,64514,Timeline2,Tobii I-VT (Fixation),1.145.28180,1080,1920,"10,00",703097594.0,,,886.0,407.0,868.0,417.0,904.0,397.0,"0,00838","0,02673","-0,99961","-0,08617","0,01781","-0,99612",,,Valid,Valid,"233,6","100,2","516,6","292,4","99,5","516,4","237,9","114,0","247,7","108,7","0,4405","0,3768","0,4262","0,3857","0,4548","0,3678",thumbnail_grossTrial,thumbnail_grossTrial.png,1245.0,1080.0,337.0,0.0,798.0,692.0,Fixation,383.0,70.0,888.0,405.0,"0,4421","0,3749",,
27739,35242632,1400474513919,Eye Tracker,Participant0058,17.09.2021,Participant0058,Recording4,17.09.2021,17.09.2021,14:48:45.713,12:48:45.713,64514,Timeline2,Tobii I-VT (Fixation),1.145.28180,1080,1920,"10,00",703105842.0,,,883.0,410.0,863.0,420.0,902.0,399.0,"0,00602","0,02852","-0,99958","-0,08698","0,01883","-0,99603",,,Valid,Valid,"233,5","100,3","516,5","292,3","99,5","516,4","236,6","115,0","247,2","109,3","0,4379","0,3794","0,4224","0,3891","0,4534","0,3697",thumbnail_grossTrial,thumbnail_grossTrial.png,1245.0,1080.0,337.0,0.0,798.0,692.0,Fixation,383.0,70.0,888.0,405.0,"0,4421","0,3749",,
27740,35251036,1400474522323,Eye Tracker,Participant0058,17.09.2021,Participant0058,Recording4,17.09.2021,17.09.2021,14:48:45.713,12:48:45.713,64514,Timeline2,Tobii I-VT (Fixation),1.145.28180,1080,1920,"10,00",703114246.0,,,896.0,422.0,896.0,422.0,,,"0,02307","0,02928","-0,99930",,,,"4,78",,Valid,Invalid,"233,6","100,3","516,5",,,,"245,5","115,4",,,"0,4483","0,3904","0,4483","0,3904",,,thumbnail_grossTrial,thumbnail_grossTrial.png,1245.0,1080.0,337.0,0.0,798.0,692.0,Fixation,383.0,70.0,888.0,405.0,"0,4421","0,3749",,
27741,35259310,1400474530597,Eye Tracker,Participant0058,17.09.2021,Participant0058,Recording4,17.09.2021,17.09.2021,14:48:45.713,12:48:45.713,64514,Timeline2,Tobii I-VT (Fixation),1.145.28180,1080,1920,"10,00",703122519.0,,,899.0,407.0,896.0,422.0,902.0,391.0,"0,02301","0,02913","-0,99931","-0,08738","0,01462","-0,99607",,,Valid,Valid,"233,6","100,3","516,3","292,4","99,5","516,2","245,5","115,4","247,1","107,1","0,4507","0,3764","0,4483","0,3904","0,4530","0,3624",thumbnail_grossTrial,thumbnail_grossTrial.png,1245.0,1080.0,337.0,0.0,798.0,692.0,Fixation,383.0,70.0,888.0,405.0,"0,4421","0,3749",,
27742,35267644,1400474538931,Eye Tracker,Participant0058,17.09.2021,Participant0058,Recording4,17.09.2021,17.09.2021,14:48:45.713,12:48:45.713,64514,Timeline2,Tobii I-VT (Fixation),1.145.28180,1080,1920,"10,00",703130853.0,,,893.0,395.0,882.0,402.0,905.0,387.0,"0,01570","0,01878","-0,99970","-0,08568","0,01238","-0,99625",,,Valid,Valid,"233,5","100,4","516,2","292,3","99,6","516,2","241,6","110,1","247,9","106,0","0,4463","0,3655","0,4371","0,3724","0,4554","0,3586",thumbnail_grossTrial,thumbnail_grossTrial.png,1245.0,1080.0,337.0,0.0,798.0,692.0,Fixation,383.0,70.0,888.0,405.0,"0,4421","0,3749",,
27743,35275995,1400474547282,Eye Tracker,Participant0058,17.09.2021,Participant0058,Recording4,17.09.2021,17.09.2021,14:48:45.713,12:48:45.713,64514,Timeline2,Tobii I-VT (Fixation),1.145.28180,1080,1920,"10,00",703139204.0,,,879.0,406.0,879.0,406.0,,,"0,01401","0,02084","-0,99968",,,,"4,48",,Valid,Invalid,"233,6","100,4","516,2",,,,"240,8","111,1",,,"0,4347","0,3760","0,4347","0,3760",,,thumbnail_grossTrial,thumbnail_grossTrial.png,1245.0,1080.0,337.0,0.0,798.0,692.0,Fixation,383.0,70.0,888.0,405.0,"0,4421","0,3749",,
27744,35284298,1400474555585,Eye Tracker,Participant0058,17.09.2021,Participant0058,Recording4,17.09.2021,17.09.2021,14:48:45.713,12:48:45.713,64514,Timeline2,Tobii I-VT (Fixation),1.145.28180,1080,1920,"10,00",703147506.0,,,893.0,401.0,879.0,416.0,908.0,387.0,"0,01404","0,02605","-0,99956","-0,08421","0,01214","-0,99637",,,Valid,Valid,"233,6","100,4","516,1","292,4","99,6","516,2","240,9","113,9","248,7","105,9","0,4464","0,3717","0,4348","0,3853","0,4579","0,3581",thumbnail_grossTrial,thumbnail_grossTrial.png,1245.0,1080.0,337.0,0.0,798.0,692.0,Fixation,383.0,70.0,888.0,405.0,"0,4421","0,3749",,
27745,35292628,1400474563915,Eye Tracker,Participant0058,17.09.2021,Participant0058,Recording4,17.09.2021,17.09.2021,14:48:45.713,12:48:45.713,64514,Timeline2,Tobii I-VT (Fixation),1.145.28180,1080,1920,"10,00",703155836.0,,,892.0,412.0,882.0,426.0,902.0,398.0,"0,01587","0,03113","-0,99939","-0,08718","0,01781","-0,99603",,,Valid,Valid,"233,6","100,4","516,1","292,3","99,6","516,3","241,7","116,5","247,1","108,8","0,4453","0,3812","0,4374","0,3942","0,4531","0,3681",thumbnail_grossTrial,thumbnail_grossTrial.png,1245.0,1080.0,337.0,0.0,798.0,692.0,Fixation,383.0,70.0,888.0,405.0,"0,4421","0,3749",,
27746,35301018,1400474572305,Eye Tracker,Participant0058,17.09.2021,Participant0058,Recording4,17.09.2021,17.09.2021,14:48:45.713,12:48:45.713,64514,Timeline2,Tobii I-VT (Fixation),1.145.28180,1080,1920,"10,00",703164226.0,,,882.0,425.0,882.0,425.0,,,"0,01563","0,03103","-0,99940",,,,"4,49",,Valid,Invalid,"233,6","100,4","516,1",,,,"241,6","116,4",,,"0,4371","0,3940","0,4371","0,3940",,,thumbnail_grossTrial,thumbnail_grossTrial.png,1245.0,1080.0,337.0,0.0,798.0,692.0,Fixation,383.0,70.0,888.0,405.0,"0,4421","0,3749",,
27747,35309363,1400474580650,Eye Tracker,Participant0058,17.09.2021,Participant0058,Recording4,17.09.2021,17.09.2021,14:48:45.713,12:48:45.713,64514,Timeline2,Tobii I-VT (Fixation),1.145.28180,1080,1920,"10,00",703172570.0,,,891.0,414.0,877.0,421.0,904.0,406.0,"0,01334","0,02870","-0,99950","-0,08581","0,02227","-0,99606",,,Valid,Valid,"233,6","100,5","516,0","292,4","99,5","516,3","240,5","115,3","247,9","111,1","0,4446","0,3829","0,4337","0,3900","0,4554","0,3758",thumbnail_grossTrial,thumbnail_grossTrial.png,1245.0,1080.0,337.0,0.0,798.0,692.0,Fixation,383.0,70.0,888.0,405.0,"0,4421","0,3749",,
27748,35317682,1400474588969,Eye Tracker,Participant0058,17.09.2021,Participant0058,Recording4,17.09.2021,17.09.2021,14:48:45.713,12:48:45.713,64514,Timeline2,Tobii I-VT (Fixation),1.145.28180,1080,1920,"10,00",703180889.0,,,898.0,418.0,895.0,434.0,902.0,402.0,"0,02281","0,03562","-0,99911","-0,08709","0,02019","-0,99600",,,Valid,Valid,"233,5","100,5","516,1","292,3","99,5","516,4","245,3","118,9","247,2","110,0","0,4506","0,3872","0,4479","0,4022","0,4533","0,3722",thumbnail_grossTrial,thumbnail_grossTrial.png,1245.0,1080.0,337.0,0.0,798.0,692.0,Fixation,383.0,70.0,888.0,405.0,"0,4421","0,3749",,
27749,35325997,1400474597284,Eye Tracker,Participant0058,17.09.2021,Participant0058,Recording4,17.09.2021,17.09.2021,14:48:45.713,12:48:45.713,64514,Timeline2,Tobii I-VT (Fixation),1.145.28180,1080,1920,"10,00",703189204.0,,,872.0,426.0,872.0,426.0,,,"0,01035","0,03129","-0,99946",,,,"4,50",,Valid,Invalid,"233,6","100,5","516,1",,,,"238,9","116,6",,,"0,4291","0,3945","0,4291","0,3945",,,thumbnail_grossTrial,thumbnail_grossTrial.png,1245.0,1080.0,337.0,0.0,798.0,692.0,Fixation,383.0,70.0,888.0,405.0,"0,4421","0,3749",,
27750,35334383,1400474605670,Eye Tracker,Participant0058,17.09.2021,Participant0058,Recording4,17.09.2021,17.09.2021,14:48:45.713,12:48:45.713,64514,Timeline2,Tobii I-VT (Fixation),1.145.28180,1080,1920,"10,00",703197590.0,,,890.0,412.0,877.0,423.0,903.0,401.0,"0,01306","0,02950","-0,99948","-0,08678","0,01955","-0,99604",,,Valid,Valid,"233,6","100,5","516,1","292,4","99,5","516,4","240,3","115,7","247,4","109,7","0,4436","0,3813","0,4332","0,3916","0,4539","0,3711",thumbnail_grossTrial,thumbnail_grossTrial.png,1245.0,1080.0,337.0,0.0,798.0,692.0,Fixation,383.0,70.0,888.0,405.0,"0,4421","0,3749",,
27751,35342719,1400474614006,Eye Tracker,Participant0058,17.09.2021,Participant0058,Recording4,17.09.2021,17.09.2021,14:48:45.713,12:48:45.713,64514,Timeline2,Tobii I-VT (Fixation),1.145.28180,1080,1920,"10,00",703205925.0,,,892.0,405.0,878.0,412.0,906.0,399.0,"0,01378","0,02363","-0,99963","-0,08468","0,01862","-0,99623",,,Valid,Valid,"233,5","100,5","516,1","292,3","99,5","516,4","240,7","112,7","248,4","109,2","0,4456","0,3754","0,4342","0,3813","0,4570","0,3694",thumbnail_grossTrial,thumbnail_grossTrial.png,1245.0,1080.0,337.0,0.0,798.0,692.0,Fixation,383.0,70.0,888.0,405.0,"0,4421","0,3749",,
27752,35351045,1400474622332,Eye Tracker,Participant0058,17.09.2021,Participant0058,Recording4,17.09.2021,17.09.2021,14:48:45.713,12:48:45.713,64514,Timeline2,Tobii I-VT (Fixation),1.145.28180,1080,1920,"10,00",703214251.0,,,880.0,418.0,880.0,418.0,,,"0,01479","0,02697","-0,99953",,,,"4,51",,Valid,Invalid,"233,6","100,5","516,1",,,,"241,2","114,4",,,"0,4358","0,3870","0,4358","0,3870",,,thumbnail_grossTrial,thumbnail_grossTrial.png,1245.0,1080.0,337.0,0.0,798.0,692.0,Fixation,383.0,70.0,888.0,405.0,"0,4421","0,3749",,
27753,35359322,1400474630609,Eye Tracker,Participant0058,17.09.2021,Participant0058,Recording4,17.09.2021,17.09.2021,14:48:45.713,12:48:45.713,64514,Timeline2,Tobii I-VT (Fixation),1.145.28180,1080,1920,"10,00",703222528.0,,,890.0,411.0,881.0,421.0,899.0,401.0,"0,01543","0,02833","-0,99948","-0,08859","0,01991","-0,99587",,,Valid,Valid,"233,6","100,5","516,1","292,4","99,5","516,4","241,6","115,1","246,4","109,8","0,4440","0,3806","0,4369","0,3895","0,4511","0,3716",thumbnail_grossTrial,thumbnail_grossTrial.png,1245.0,1080.0,337.0,0.0,798.0,692.0,Fixation,383.0,70.0,888.0,405.0,"0,4421","0,3749",,
27754,35367659,1400474638946,Eye Tracker,Participant0058,17.09.2021,Participant0058,Recording4,17.09.2021,17.09.2021,14:48:45.713,12:48:45.713,64514,Timeline2,Tobii I-VT (Fixation),1.145.28180,1080,1920,"10,00",703230864.0,,,894.0,414.0,881.0,425.0,907.0,402.0,"0,01532","0,03082","-0,99941","-0,08439","0,02047","-0,99622",,,Valid,Valid,"233,5","100,5","516,1","292,3","99,5","516,5","241,4","116,4","248,6","110,1","0,4470","0,3832","0,4365","0,3938","0,4574","0,3725",thumbnail_grossTrial,thumbnail_grossTrial.png,1245.0,1080.0,337.0,0.0,798.0,692.0,Fixation,383.0,70.0,888.0,405.0,"0,4421","0,3749",,
27755,35376069,1400474647356,Eye Tracker,Participant0058,17.09.2021,Participant0058,Recording4,17.09.2021,17.09.2021,14:48:45.713,12:48:45.713,64514,Timeline2,Tobii I-VT (Fixation),1.145.28180,1080,1920,"10,00",703239274.0,,,901.0,415.0,901.0,415.0,,,"0,02593","0,02560","-0,99934",,,,"4,91",,Valid,Invalid,"233,6","100,4","516,2",,,,"247,0","113,7",,,"0,4527","0,3846","0,4527","0,3846",,,thumbnail_grossTrial,thumbnail_grossTrial.png,1245.0,1080.0,337.0,0.0,798.0,692.0,Fixation,383.0,70.0,888.0,405.0,"0,4421","0,3749",,
27756,35384302,1400474655589,Eye Tracker,Participant0058,17.09.2021,Participant0058,Recording4,17.09.2021,17.09.2021,14:48:45.713,12:48:45.713,64514,Timeline2,Tobii I-VT (Fixation),1.145.28180,1080,1920,"10,00",703247507.0,,,906.0,409.0,901.0,415.0,911.0,403.0,"0,02585","0,02552","-0,99934","-0,08234","0,02056","-0,99639",,,Valid,Valid,"233,6","100,5","516,2","292,4","99,5","516,5","247,0","113,7","249,7","110,2","0,4567","0,3786","0,4527","0,3846","0,4608","0,3727",thumbnail_grossTrial,thumbnail_grossTrial.png,1245.0,1080.0,337.0,0.0,798.0,692.0,Fixation,383.0,70.0,888.0,405.0,"0,4421","0,3749",,
27757,35392638,1400474663925,Eye Tracker,Participant0058,17.09.2021,Participant0058,Recording4,17.09.2021,17.09.2021,14:48:45.713,12:48:45.713,64514,Timeline2,Tobii I-VT (Fixation),1.145.28180,1080,1920,"10,00",703255842.0,,,893.0,406.0,887.0,404.0,900.0,409.0,"0,01849","0,01942","-0,99964","-0,08804","0,02412","-0,99582",,,Valid,Valid,"233,5","100,4","516,2","292,3","99,5","516,5","243,1","110,5","246,7","112,0","0,4466","0,3763","0,4414","0,3738","0,4518","0,3789",thumbnail_grossTrial,thumbnail_grossTrial.png,1245.0,1080.0,337.0,0.0,798.0,692.0,Fixation,383.0,70.0,888.0,405.0,"0,4421","0,3749",,
27758,35400981,1400474672268,Eye Tracker,Participant0058,17.09.2021,Participant0058,Recording4,17.09.2021,17.09.2021,14:48:45.713,12:48:45.713,64514,Timeline2,Tobii I-VT (Fixation),1.145.28180,1080,1920,"10,00",703264185.0,,,881.0,414.0,881.0,414.0,,,"0,01516","0,02481","-0,99958",,,,"4,53",,Valid,Invalid,"233,6","100,4","516,3",,,,"241,4","113,2",,,"0,4364","0,3830","0,4364","0,3830",,,thumbnail_grossTrial,thumbnail_grossTrial.png,1245.0,1080.0,337.0,0.0,798.0,692.0,Fixation,383.0,70.0,888.0,405.0,"0,4421","0,3749",,
27759,35409365,1400474680652,Eye Tracker,Participant0058,17.09.2021,Participant0058,Recording4,17.09.2021,17.09.2021,14:48:45.713,12:48:45.713,64514,Timeline2,Tobii I-VT (Fixation),1.145.28180,1080,1920,"10,00",703272569.0,,,887.0,406.0,878.0,411.0,896.0,400.0,"0,01367","0,02356","-0,99963","-0,09051","0,01941","-0,99571",,,Valid,Valid,"233,6","100,4","516,3","292,4","99,5","516,5","240,7","112,6","245,5","109,5","0,4413","0,3758","0,4343","0,3809","0,4483","0,3706",thumbnail_grossTrial,thumbnail_grossTrial.png,1245.0,1080.0,337.0,0.0,798.0,692.0,Fixation,383.0,70.0,888.0,405.0,"0,4421","0,3749",,
27760,35417715,1400474689002,Eye Tracker,Participant0058,17.09.2021,Participant0058,Recording4,17.09.2021,17.09.2021,14:48:45.713,12:48:45.713,64514,Timeline2,Tobii I-VT (Fixation),1.145.28180,1080,1920,"10,00",703280918.0,,,884.0,409.0,879.0,423.0,889.0,396.0,"0,01450","0,02952","-0,99946","-0,09368","0,01728","-0,99545",,,Valid,Valid,"233,5","100,4","516,3","292,3","99,5","516,5","241,0","115,6","243,7","108,4","0,4393","0,3791","0,4353","0,3912","0,4433","0,3669",thumbnail_grossTrial,thumbnail_grossTrial.png,1245.0,1080.0,337.0,0.0,798.0,692.0,Fixation,383.0,70.0,888.0,405.0,"0,4421","0,3749",,
27761,35425979,1400474697266,Eye Tracker,Participant0058,17.09.2021,Participant0058,Recording4,17.09.2021,17.09.2021,14:48:45.713,12:48:45.713,64514,Timeline2,Tobii I-VT (Fixation),1.145.28180,1080,1920,"10,00",703289182.0,,,879.0,423.0,879.0,423.0,,,"0,01436","0,02996","-0,99945",,,,"4,54",,Valid,Invalid,"233,6","100,3","516,4",,,,"241,0","115,8",,,"0,4352","0,3919","0,4352","0,3919",,,thumbnail_grossTrial,thumbnail_grossTrial.png,1245.0,1080.0,337.0,0.0,798.0,692.0,Fixation,383.0,70.0,888.0,405.0,"0,4421","0,3749",,
27762,35434296,1400474705583,Eye Tracker,Participant0058,17.09.2021,Participant0058,Recording4,17.09.2021,17.09.2021,14:48:45.713,12:48:45.713,64514,Timeline2,Tobii I-VT (Fixation),1.145.28180,1080,1920,"10,00",703297499.0,,,887.0,413.0,885.0,432.0,889.0,394.0,"0,01721","0,03448","-0,99926","-0,09408","0,01632","-0,99543",,,Valid,Valid,"233,6","100,4","516,4","292,4","99,5","516,5","242,5","118,2","243,6","107,9","0,4412","0,3826","0,4396","0,3999","0,4428","0,3652",thumbnail_grossTrial,thumbnail_grossTrial.png,1245.0,1080.0,337.0,0.0,798.0,692.0,Fixation,383.0,70.0,888.0,405.0,"0,4421","0,3749",,
27763,35442629,1400474713916,Eye Tracker,Participant0058,17.09.2021,Participant0058,Recording4,17.09.2021,17.09.2021,14:48:45.713,12:48:45.713,64514,Timeline2,Tobii I-VT (Fixation),1.145.28180,1080,1920,"10,00",703305832.0,,,899.0,406.0,891.0,425.0,906.0,386.0,"0,02065","0,03105","-0,99930","-0,08500","0,01195","-0,99631",,,Valid,Valid,"233,6","100,3","516,5","292,4","99,5","516,4","244,3","116,3","248,4","105,7","0,4508","0,3755","0,4449","0,3936","0,4568","0,3575",thumbnail_grossTrial,thumbnail_grossTrial.png,1245.0,1080.0,337.0,0.0,798.0,692.0,Saccade,33.0,128.0,,,,,,
27764,35450950,1400474722237,Eye Tracker,Participant0058,17.09.2021,Participant0058,Recording4,17.09.2021,17.09.2021,14:48:45.713,12:48:45.713,64514,Timeline2,Tobii I-VT (Fixation),1.145.28180,1080,1920,"10,00",703314152.0,,,923.0,405.0,923.0,405.0,,,"0,03714","0,02093","-0,99909",,,,"5,12",,Valid,Invalid,"233,8","100,1","516,5",,,,"253,0","110,9",,,"0,4704","0,3753","0,4704","0,3753",,,thumbnail_grossTrial,thumbnail_grossTrial.png,1245.0,1080.0,337.0,0.0,798.0,692.0,Saccade,33.0,128.0,,,,,,
27765,35459294,1400474730581,Eye Tracker,Participant0058,17.09.2021,Participant0058,Recording4,17.09.2021,17.09.2021,14:48:45.713,12:48:45.713,64514,Timeline2,Tobii I-VT (Fixation),1.145.28180,1080,1920,"10,00",703322496.0,,,977.0,363.0,982.0,367.0,973.0,360.0,"0,06752","0,00056","-0,99772","-0,05069","-0,00196","-0,99871",,,Valid,Valid,"234,2","100,1","516,5","292,8","99,4","516,1","269,1","100,4","266,6","98,4","0,5139","0,3364","0,5176","0,3398","0,5101","0,3330",thumbnail_grossTrial,thumbnail_grossTrial.png,1245.0,1080.0,337.0,0.0,798.0,692.0,Saccade,33.0,128.0,,,,,,
27766,35467651,1400474738938,Eye Tracker,Participant0058,17.09.2021,Participant0058,Recording4,17.09.2021,17.09.2021,14:48:45.713,12:48:45.713,64514,Timeline2,Tobii I-VT (Fixation),1.145.28180,1080,1920,"10,00",703330853.0,,,1080.0,299.0,1049.0,309.0,1111.0,289.0,"0,10247","-0,02990","-0,99429","0,02272","-0,03963","-0,99896",,,Valid,Valid,"234,3","100,1","516,5","292,8","99,5","516,0","287,5","84,6","304,5","79,0","0,5964","0,2768","0,5714","0,2863","0,6214","0,2674",thumbnail_grossTrial,thumbnail_grossTrial.png,1245.0,1080.0,337.0,0.0,798.0,692.0,Saccade,33.0,128.0,,,,,,
27767,35475982,1400474747269,Eye Tracker,Participant0058,17.09.2021,Participant0058,Recording4,17.09.2021,17.09.2021,14:48:45.713,12:48:45.713,64514,Timeline2,Tobii I-VT (Fixation),1.145.28180,1080,1920,"10,00",703339183.0,,,,,,,,,,,,,,,,,Invalid,Invalid,,,,,,,,,,,,,,,,,thumbnail_grossTrial,thumbnail_grossTrial.png,1245.0,1080.0,337.0,0.0,798.0,692.0,EyesNotFound,8.0,280.0,,,,,,
27768,35484297,1400474755584,Eye Tracker,Participant0058,17.09.2021,Participant0058,Recording4,17.09.2021,17.09.2021,14:48:45.713,12:48:45.713,64514,Timeline2,Tobii I-VT (Fixation),1.145.28180,1080,1920,"10,00",703347498.0,,,1101.0,291.0,1072.0,309.0,1130.0,272.0,"0,11411","-0,02984","-0,99302","0,03243","-0,04839","-0,99830",,,Valid,Valid,"234,4","100,2","516,3","292,9","99,5","515,7","293,8","84,6","309,7","74,6","0,6131","0,2693","0,5898","0,2864","0,6364","0,2522",thumbnail_grossTrial,thumbnail_grossTrial.png,1245.0,1080.0,337.0,0.0,798.0,692.0,Unclassified,17.0,311.0,,,,,,
27769,35492666,1400474763953,Eye Tracker,Participant0058,17.09.2021,Participant0058,Recording4,17.09.2021,17.09.2021,14:48:45.713,12:48:45.713,64514,Timeline2,Tobii I-VT (Fixation),1.145.28180,1080,1920,"10,00",703355867.0,,,1101.0,281.0,1067.0,316.0,1135.0,245.0,"0,11173","-0,02648","-0,99339","0,03547","-0,06280","-0,99740",,,Valid,Valid,"234,3","100,2","516,2","292,8","99,6","515,7","292,4","86,4","311,2","67,2","0,6133","0,2599","0,5858","0,2925","0,6408","0,2273",thumbnail_grossTrial,thumbnail_grossTrial.png,1245.0,1080.0,337.0,0.0,798.0,692.0,Unclassified,17.0,311.0,,,,,,
27770,35501027,1400474772314,Eye Tracker,Participant0058,17.09.2021,Participant0058,Recording4,17.09.2021,17.09.2021,14:48:45.713,12:48:45.713,64514,Timeline2,Tobii I-VT (Fixation),1.145.28180,1080,1920,"10,00",703364227.0,,,,,,,,,,,,,,,,,Invalid,Invalid,,,,,,,,,,,,,,,,,thumbnail_grossTrial,thumbnail_grossTrial.png,1245.0,1080.0,337.0,0.0,798.0,692.0,EyesNotFound,8.0,281.0,,,,,,
27771,35509293,1400474780580,Eye Tracker,Participant0058,17.09.2021,Participant0058,Recording4,17.09.2021,17.09.2021,14:48:45.713,12:48:45.713,64514,Timeline2,Tobii I-VT (Fixation),1.145.28180,1080,1920,"10,00",703372493.0,,,1144.0,276.0,,,1144.0,276.0,,,,"0,03969","-0,04669","-0,99812",,,Invalid,Valid,,,,"292,9","99,6","515,5",,,"313,4","75,5","0,6474","0,2555",,,"0,6474","0,2555",thumbnail_grossTrial,thumbnail_grossTrial.png,1245.0,1080.0,337.0,0.0,798.0,692.0,Unclassified,17.0,312.0,,,,,,
27772,35517663,1400474788950,Eye Tracker,Participant0058,17.09.2021,Participant0058,Recording4,17.09.2021,17.09.2021,14:48:45.713,12:48:45.713,64514,Timeline2,Tobii I-VT (Fixation),1.145.28180,1080,1920,"10,00",703380863.0,,,1125.0,291.0,1106.0,296.0,1144.0,286.0,"0,13229","-0,03710","-0,99052","0,03986","-0,04151","-0,99834",,,Valid,Valid,"234,3","100,2","516,2","292,8","99,7","515,5","303,3","80,9","313,4","78,3","0,6325","0,2693","0,6176","0,2738","0,6474","0,2648",thumbnail_grossTrial,thumbnail_grossTrial.png,1245.0,1080.0,337.0,0.0,798.0,692.0,Unclassified,17.0,312.0,,,,,,
27773,35526038,1400474797325,Eye Tracker,Participant0058,17.09.2021,Participant0058,Recording4,17.09.2021,17.09.2021,14:48:45.713,12:48:45.713,64514,Timeline2,Tobii I-VT (Fixation),1.145.28180,1080,1920,"10,00",703389238.0,,,,,,,,,,,,,,,,,Invalid,Invalid,,,,,,,,,,,,,,,,,thumbnail_grossTrial,thumbnail_grossTrial.png,1245.0,1080.0,337.0,0.0,798.0,692.0,EyesNotFound,8.0,282.0,,,,,,
27774,35534280,1400474805567,Eye Tracker,Participant0058,17.09.2021,Participant0058,Recording4,17.09.2021,17.09.2021,14:48:45.713,12:48:45.713,64514,Timeline2,Tobii I-VT (Fixation),1.145.28180,1080,1920,"10,00",703397479.0,,,1129.0,268.0,1115.0,277.0,1143.0,260.0,"0,13629","-0,04697","-0,98956","0,03922","-0,05522","-0,99770",,,Valid,Valid,"234,4","100,3","516,2","292,9","99,7","515,4","305,5","75,8","313,2","71,2","0,6354","0,2486","0,6241","0,2563","0,6466","0,2408",thumbnail_grossTrial,thumbnail_grossTrial.png,1245.0,1080.0,337.0,0.0,798.0,692.0,Unclassified,17.0,313.0,,,,,,
27775,35542644,1400474813931,Eye Tracker,Participant0058,17.09.2021,Participant0058,Recording4,17.09.2021,17.09.2021,14:48:45.713,12:48:45.713,64514,Timeline2,Tobii I-VT (Fixation),1.145.28180,1080,1920,"10,00",703405843.0,,,1128.0,271.0,1114.0,276.0,1143.0,265.0,"0,13627","-0,04742","-0,98954","0,03946","-0,05262","-0,99783",,,Valid,Valid,"234,3","100,3","516,2","292,8","99,8","515,4","305,4","75,5","313,2","72,6","0,6353","0,2506","0,6238","0,2556","0,6467","0,2456",thumbnail_grossTrial,thumbnail_grossTrial.png,1245.0,1080.0,337.0,0.0,798.0,692.0,Unclassified,17.0,313.0,,,,,,
27776,35550941,1400474822228,Eye Tracker,Participant0058,17.09.2021,Participant0058,Recording4,17.09.2021,17.09.2021,14:48:45.713,12:48:45.713,64514,Timeline2,Tobii I-VT (Fixation),1.145.28180,1080,1920,"10,00",703414140.0,,,,,,,,,,,,,,,,,Invalid,Invalid,,,,,,,,,,,,,,,,,thumbnail_grossTrial,thumbnail_grossTrial.png,1245.0,1080.0,337.0,0.0,798.0,692.0,EyesNotFound,8.0,283.0,,,,,,
27777,35559289,1400474830576,Eye Tracker,Participant0058,17.09.2021,Participant0058,Recording4,17.09.2021,17.09.2021,14:48:45.713,12:48:45.713,64514,Timeline2,Tobii I-VT (Fixation),1.145.28180,1080,1920,"10,00",703422487.0,,,1121.0,254.0,1098.0,239.0,1144.0,268.0,"0,12742","-0,06678","-0,98960","0,03986","-0,05104","-0,99790",,,Valid,Valid,"234,4","100,3","516,1","292,9","99,8","515,2","300,8","65,4","313,5","73,4","0,6290","0,2349","0,6105","0,2214","0,6475","0,2484",thumbnail_grossTrial,thumbnail_grossTrial.png,1245.0,1080.0,337.0,0.0,798.0,692.0,Unclassified,17.0,314.0,,,,,,
27778,35567620,1400474838907,Eye Tracker,Participant0058,17.09.2021,Participant0058,Recording4,17.09.2021,17.09.2021,14:48:45.713,12:48:45.713,64514,Timeline2,Tobii I-VT (Fixation),1.145.28180,1080,1920,"10,00",703430818.0,,,1125.0,247.0,1102.0,234.0,1147.0,260.0,"0,12975","-0,06945","-0,98911","0,04202","-0,05561","-0,99757",,,Valid,Valid,"234,3","100,3","516,0","292,8","99,9","515,1","302,0","64,1","314,5","71,2","0,6322","0,2288","0,6139","0,2168","0,6505","0,2407",thumbnail_grossTrial,thumbnail_grossTrial.png,1245.0,1080.0,337.0,0.0,798.0,692.0,Unclassified,17.0,314.0,,,,,,
27779,35575942,1400474847229,Eye Tracker,Participant0058,17.09.2021,Participant0058,Recording4,17.09.2021,17.09.2021,14:48:45.713,12:48:45.713,64514,Timeline2,Tobii I-VT (Fixation),1.145.28180,1080,1920,"10,00",703439140.0,,,,,,,,,,,,,,,,,Invalid,Invalid,,,,,,,,,,,,,,,,,thumbnail_grossTrial,thumbnail_grossTrial.png,1245.0,1080.0,337.0,0.0,798.0,692.0,EyesNotFound,8.0,284.0,,,,,,
27780,35584387,1400474855674,Eye Tracker,Participant0058,17.09.2021,Participant0058,Recording4,17.09.2021,17.09.2021,14:48:45.713,12:48:45.713,64514,Timeline2,Tobii I-VT (Fixation),1.145.28180,1080,1920,"10,00",703447584.0,,,1125.0,271.0,1115.0,271.0,1135.0,271.0,"0,13649","-0,05052","-0,98935","0,03544","-0,04999","-0,99812",,,Valid,Valid,"234,4","100,4","515,9","292,8","99,9","514,8","305,5","74,0","311,1","74,2","0,6325","0,2507","0,6243","0,2505","0,6406","0,2509",thumbnail_grossTrial,thumbnail_grossTrial.png,1245.0,1080.0,337.0,0.0,798.0,692.0,Unclassified,17.0,315.0,,,,,,
27781,35592696,1400474863983,Eye Tracker,Participant0058,17.09.2021,Participant0058,Recording4,17.09.2021,17.09.2021,14:48:45.713,12:48:45.713,64514,Timeline2,Tobii I-VT (Fixation),1.145.28180,1080,1920,"10,00",703455893.0,,,1122.0,278.0,1115.0,280.0,1130.0,276.0,"0,13662","-0,04555","-0,98958","0,03273","-0,04779","-0,99832",,,Valid,Valid,"234,3","100,4","515,8","292,8","100,1","514,6","305,5","76,7","309,6","75,4","0,6302","0,2573","0,6242","0,2595","0,6363","0,2552",thumbnail_grossTrial,thumbnail_grossTrial.png,1245.0,1080.0,337.0,0.0,798.0,692.0,Unclassified,17.0,315.0,,,,,,
27782,35600939,1400474872226,Eye Tracker,Participant0058,17.09.2021,Participant0058,Recording4,17.09.2021,17.09.2021,14:48:45.713,12:48:45.713,64514,Timeline2,Tobii I-VT (Fixation),1.145.28180,1080,1920,"10,00",703464136.0,,,,,,,,,,,,,,,,,Invalid,Invalid,,,,,,,,,,,,,,,,,thumbnail_grossTrial,thumbnail_grossTrial.png,1245.0,1080.0,337.0,0.0,798.0,692.0,EyesNotFound,8.0,285.0,,,,,,
27783,35609279,1400474880566,Eye Tracker,Participant0058,17.09.2021,Participant0058,Recording4,17.09.2021,17.09.2021,14:48:45.713,12:48:45.713,64514,Timeline2,Tobii I-VT (Fixation),1.145.28180,1080,1920,"10,00",703472476.0,,,1127.0,276.0,1116.0,283.0,1138.0,269.0,"0,13741","-0,04407","-0,98953","0,03728","-0,05132","-0,99799",,,Valid,Valid,"234,4","100,5","515,5","292,8","100,2","514,3","306,0","77,6","312,0","73,7","0,6344","0,2560","0,6256","0,2625","0,6432","0,2494",thumbnail_grossTrial,thumbnail_grossTrial.png,1245.0,1080.0,337.0,0.0,798.0,692.0,Unclassified,17.0,316.0,,,,,,
27784,35617658,1400474888945,Eye Tracker,Participant0058,17.09.2021,Participant0058,Recording4,17.09.2021,17.09.2021,14:48:45.713,12:48:45.713,64514,Timeline2,Tobii I-VT (Fixation),1.145.28180,1080,1920,"10,00",703480854.0,,,1128.0,264.0,1113.0,252.0,1143.0,275.0,"0,13573","-0,06056","-0,98889","0,03965","-0,04851","-0,99804",,,Valid,Valid,"234,3","100,6","515,4","292,7","100,3","514,1","305,0","69,1","313,1","75,3","0,6347","0,2443","0,6228","0,2337","0,6466","0,2549",thumbnail_grossTrial,thumbnail_grossTrial.png,1245.0,1080.0,337.0,0.0,798.0,692.0,Unclassified,17.0,316.0,,,,,,
27785,35626056,1400474897343,Eye Tracker,Participant0058,17.09.2021,Participant0058,Recording4,17.09.2021,17.09.2021,14:48:45.713,12:48:45.713,64514,Timeline2,Tobii I-VT (Fixation),1.145.28180,1080,1920,"10,00",703489252.0,,,,,,,,,,,,,,,,,Invalid,Invalid,,,,,,,,,,,,,,,,,thumbnail_grossTrial,thumbnail_grossTrial.png,1245.0,1080.0,337.0,0.0,798.0,692.0,EyesNotFound,8.0,286.0,,,,,,
27786,35634281,1400474905568,Eye Tracker,Participant0058,17.09.2021,Participant0058,Recording4,17.09.2021,17.09.2021,14:48:45.713,12:48:45.713,64514,Timeline2,Tobii I-VT (Fixation),1.145.28180,1080,1920,"10,00",703497477.0,,,1124.0,244.0,1111.0,233.0,1137.0,255.0,"0,13473","-0,07070","-0,98836","0,03666","-0,05963","-0,99755",,,Valid,Valid,"234,4","100,7","515,0","292,7","100,4","513,6","304,6","63,9","311,6","69,7","0,6318","0,2260","0,6215","0,2162","0,6421","0,2359",thumbnail_grossTrial,thumbnail_grossTrial.png,1245.0,1080.0,337.0,0.0,798.0,692.0,Unclassified,17.0,317.0,,,,,,
27787,35642643,1400474913930,Eye Tracker,Participant0058,17.09.2021,Participant0058,Recording4,17.09.2021,17.09.2021,14:48:45.713,12:48:45.713,64514,Timeline2,Tobii I-VT (Fixation),1.145.28180,1080,1920,"10,00",703505838.0,,,1121.0,256.0,1107.0,261.0,1135.0,251.0,"0,13253","-0,05647","-0,98957","0,03560","-0,06212","-0,99743",,,Valid,Valid,"234,3","100,8","514,9","292,7","100,6","513,5","303,3","71,4","311,0","68,6","0,6290","0,2369","0,6177","0,2417","0,6403","0,2320",thumbnail_grossTrial,thumbnail_grossTrial.png,1245.0,1080.0,337.0,0.0,798.0,692.0,Unclassified,17.0,317.0,,,,,,
27788,35650979,1400474922266,Eye Tracker,Participant0058,17.09.2021,Participant0058,Recording4,17.09.2021,17.09.2021,14:48:45.713,12:48:45.713,64514,Timeline2,Tobii I-VT (Fixation),1.145.28180,1080,1920,"10,00",703514174.0,,,,,,,,,,,,,,,,,Invalid,Invalid,,,,,,,,,,,,,,,,,thumbnail_grossTrial,thumbnail_grossTrial.png,1245.0,1080.0,337.0,0.0,798.0,692.0,EyesNotFound,8.0,287.0,,,,,,
27789,35659387,1400474930674,Eye Tracker,Participant0058,17.09.2021,Participant0058,Recording4,17.09.2021,17.09.2021,14:48:45.713,12:48:45.713,64514,Timeline2,Tobii I-VT (Fixation),1.145.28180,1080,1920,"10,00",703522582.0,,,1117.0,266.0,1096.0,251.0,1137.0,282.0,"0,12709","-0,06186","-0,98996","0,03672","-0,04593","-0,99827",,,Valid,Valid,"234,4","100,9","514,6","292,7","100,6","513,1","300,5","68,8","311,6","77,0","0,6257","0,2467","0,6094","0,2327","0,6420","0,2607",thumbnail_grossTrial,thumbnail_grossTrial.png,1245.0,1080.0,337.0,0.0,798.0,692.0,Unclassified,17.0,318.0,,,,,,
27790,35667632,1400474938919,Eye Tracker,Participant0058,17.09.2021,Participant0058,Recording4,17.09.2021,17.09.2021,14:48:45.713,12:48:45.713,64514,Timeline2,Tobii I-VT (Fixation),1.145.28180,1080,1920,"10,00",703530826.0,,,1121.0,265.0,1104.0,254.0,1138.0,275.0,"0,13111","-0,06071","-0,98951","0,03749","-0,04944","-0,99807",,,Valid,Valid,"234,3","101,0","514,5","292,6","100,8","513,0","302,5","69,4","311,9","75,4","0,6292","0,2450","0,6154","0,2349","0,6429","0,2550",thumbnail_grossTrial,thumbnail_grossTrial.png,1245.0,1080.0,337.0,0.0,798.0,692.0,Unclassified,17.0,318.0,,,,,,
27791,35676018,1400474947305,Eye Tracker,Participant0058,17.09.2021,Participant0058,Recording4,17.09.2021,17.09.2021,14:48:45.713,12:48:45.713,64514,Timeline2,Tobii I-VT (Fixation),1.145.28180,1080,1920,"10,00",703539212.0,,,,,,,,,,,,,,,,,Invalid,Invalid,,,,,,,,,,,,,,,,,thumbnail_grossTrial,thumbnail_grossTrial.png,1245.0,1080.0,337.0,0.0,798.0,692.0,EyesNotFound,8.0,288.0,,,,,,
27792,35684346,1400474955633,Eye Tracker,Participant0058,17.09.2021,Participant0058,Recording4,17.09.2021,17.09.2021,14:48:45.713,12:48:45.713,64514,Timeline2,Tobii I-VT (Fixation),1.145.28180,1080,1920,"10,00",703547540.0,,,1143.0,258.0,1125.0,269.0,1162.0,247.0,"0,14212","-0,05263","-0,98845","0,05010","-0,06475","-0,99664",,,Valid,Valid,"234,4","101,1","514,2","292,7","100,8","512,6","308,3","73,7","318,4","67,5","0,6473","0,2389","0,6325","0,2493","0,6621","0,2285",thumbnail_grossTrial,thumbnail_grossTrial.png,1245.0,1080.0,337.0,0.0,798.0,692.0,Saccade,25.0,129.0,,,,,,
27793,35692599,1400474963886,Eye Tracker,Participant0058,17.09.2021,Participant0058,Recording4,17.09.2021,17.09.2021,14:48:45.713,12:48:45.713,64514,Timeline2,Tobii I-VT (Fixation),1.145.28180,1080,1920,"10,00",703555793.0,,,1139.0,255.0,1118.0,263.0,1161.0,247.0,"0,13847","-0,05591","-0,98879","0,04966","-0,06466","-0,99667",,,Valid,Valid,"234,4","101,1","514,1","292,6","100,9","512,6","306,3","72,1","318,1","67,7","0,6440","0,2364","0,6267","0,2439","0,6612","0,2290",thumbnail_grossTrial,thumbnail_grossTrial.png,1245.0,1080.0,337.0,0.0,798.0,692.0,Saccade,25.0,129.0,,,,,,
27794,35700996,1400474972283,Eye Tracker,Participant0058,17.09.2021,Participant0058,Recording4,17.09.2021,17.09.2021,14:48:45.713,12:48:45.713,64514,Timeline2,Tobii I-VT (Fixation),1.145.28180,1080,1920,"10,00",703564189.0,,,1144.0,271.0,,,1144.0,271.0,,,,"0,04049","-0,05192","-0,99783",,"4,93",Invalid,Valid,,,,"292,7","100,8","512,4",,,"313,5","74,2","0,6476","0,2509",,,"0,6476","0,2509",thumbnail_grossTrial,thumbnail_grossTrial.png,1245.0,1080.0,337.0,0.0,798.0,692.0,Saccade,25.0,129.0,,,,,,
27795,35709349,1400474980636,Eye Tracker,Participant0058,17.09.2021,Participant0058,Recording4,17.09.2021,17.09.2021,14:48:45.713,12:48:45.713,64514,Timeline2,Tobii I-VT (Fixation),1.145.28180,1080,1920,"10,00",703572542.0,,,1132.0,285.0,1130.0,295.0,1135.0,276.0,"0,14477","-0,03961","-0,98867","0,03581","-0,04945","-0,99813",,,Valid,Valid,"234,4","101,2","513,9","292,7","101,0","512,3","309,7","80,6","311,0","75,6","0,6384","0,2642","0,6364","0,2727","0,6404","0,2557",thumbnail_grossTrial,thumbnail_grossTrial.png,1245.0,1080.0,337.0,0.0,798.0,692.0,Fixation,142.0,71.0,1130.0,282.0,"0,6364","0,2611",,
27796,35717669,1400474988956,Eye Tracker,Participant0058,17.09.2021,Participant0058,Recording4,17.09.2021,17.09.2021,14:48:45.713,12:48:45.713,64514,Timeline2,Tobii I-VT (Fixation),1.145.28180,1080,1920,"10,00",703580862.0,,,1131.0,293.0,1129.0,299.0,1133.0,287.0,"0,14460","-0,03723","-0,98879","0,03503","-0,04396","-0,99842",,,Valid,Valid,"234,4","101,2","513,8","292,6","101,0","512,3","309,5","81,9","310,6","78,5","0,6375","0,2713","0,6359","0,2771","0,6390","0,2655",thumbnail_grossTrial,thumbnail_grossTrial.png,1245.0,1080.0,337.0,0.0,798.0,692.0,Fixation,142.0,71.0,1130.0,282.0,"0,6364","0,2611",,
27797,35725970,1400474997257,Eye Tracker,Participant0058,17.09.2021,Participant0058,Recording4,17.09.2021,17.09.2021,14:48:45.713,12:48:45.713,64514,Timeline2,Tobii I-VT (Fixation),1.145.28180,1080,1920,"10,00",703589162.0,,,1128.0,291.0,,,1128.0,291.0,,,,"0,03213","-0,04136","-0,99863",,"4,42",Invalid,Valid,,,,"292,7","100,9","512,3",,,"309,2","79,7","0,6349","0,2696",,,"0,6349","0,2696",thumbnail_grossTrial,thumbnail_grossTrial.png,1245.0,1080.0,337.0,0.0,798.0,692.0,Fixation,142.0,71.0,1130.0,282.0,"0,6364","0,2611",,
27798,35734294,1400475005581,Eye Tracker,Participant0058,17.09.2021,Participant0058,Recording4,17.09.2021,17.09.2021,14:48:45.713,12:48:45.713,64514,Timeline2,Tobii I-VT (Fixation),1.145.28180,1080,1920,"10,00",703597486.0,,,1129.0,290.0,1128.0,293.0,1131.0,288.0,"0,14386","-0,04062","-0,98876","0,03372","-0,04322","-0,99850",,,Valid,Valid,"234,4","101,2","513,8","292,6","101,0","512,2","309,2","80,1","309,9","78,8","0,6361","0,2689","0,6350","0,2711","0,6372","0,2667",thumbnail_grossTrial,thumbnail_grossTrial.png,1245.0,1080.0,337.0,0.0,798.0,692.0,Fixation,142.0,71.0,1130.0,282.0,"0,6364","0,2611",,
27799,35742632,1400475013919,Eye Tracker,Participant0058,17.09.2021,Participant0058,Recording4,17.09.2021,17.09.2021,14:48:45.713,12:48:45.713,64514,Timeline2,Tobii I-VT (Fixation),1.145.28180,1080,1920,"10,00",703605824.0,,,1126.0,288.0,1121.0,296.0,1132.0,280.0,"0,14034","-0,03883","-0,98934","0,03429","-0,04784","-0,99827",,,Valid,Valid,"234,4","101,3","513,8","292,6","101,1","512,3","307,2","81,1","310,2","76,5","0,6336","0,2666","0,6293","0,2744","0,6379","0,2589",thumbnail_grossTrial,thumbnail_grossTrial.png,1245.0,1080.0,337.0,0.0,798.0,692.0,Fixation,142.0,71.0,1130.0,282.0,"0,6364","0,2611",,
27800,35750962,1400475022249,Eye Tracker,Participant0058,17.09.2021,Participant0058,Recording4,17.09.2021,17.09.2021,14:48:45.713,12:48:45.713,64514,Timeline2,Tobii I-VT (Fixation),1.145.28180,1080,1920,"10,00",703614153.0,,,1139.0,265.0,,,1139.0,265.0,,,,"0,03818","-0,05539","-0,99774",,"4,89",Invalid,Valid,,,,"292,6","101,0","512,2",,,"312,2","72,6","0,6439","0,2455",,,"0,6439","0,2455",thumbnail_grossTrial,thumbnail_grossTrial.png,1245.0,1080.0,337.0,0.0,798.0,692.0,Fixation,142.0,71.0,1130.0,282.0,"0,6364","0,2611",,
27801,35759337,1400475030624,Eye Tracker,Participant0058,17.09.2021,Participant0058,Recording4,17.09.2021,17.09.2021,14:48:45.713,12:48:45.713,64514,Timeline2,Tobii I-VT (Fixation),1.145.28180,1080,1920,"10,00",703622528.0,,,1113.0,286.0,1115.0,273.0,1111.0,299.0,"0,13732","-0,05138","-0,98919","0,02331","-0,03734","-0,99903",,,Valid,Valid,"234,4","101,3","513,7","292,6","101,1","512,1","305,7","74,6","304,6","81,9","0,6231","0,2648","0,6248","0,2524","0,6215","0,2771",thumbnail_grossTrial,thumbnail_grossTrial.png,1245.0,1080.0,337.0,0.0,798.0,692.0,Fixation,142.0,71.0,1130.0,282.0,"0,6364","0,2611",,
27802,35767657,1400475038944,Eye Tracker,Participant0058,17.09.2021,Participant0058,Recording4,17.09.2021,17.09.2021,14:48:45.713,12:48:45.713,64514,Timeline2,Tobii I-VT (Fixation),1.145.28180,1080,1920,"10,00",703630848.0,,,1115.0,273.0,1118.0,246.0,1111.0,299.0,"0,13867","-0,06516","-0,98819","0,02342","-0,03747","-0,99902",,,Valid,Valid,"234,3","101,3","513,7","292,6","101,1","512,2","306,4","67,5","304,6","81,9","0,6242","0,2527","0,6269","0,2282","0,6215","0,2771",thumbnail_grossTrial,thumbnail_grossTrial.png,1245.0,1080.0,337.0,0.0,798.0,692.0,Fixation,142.0,71.0,1130.0,282.0,"0,6364","0,2611",,
27803,35775956,1400475047243,Eye Tracker,Participant0058,17.09.2021,Participant0058,Recording4,17.09.2021,17.09.2021,14:48:45.713,12:48:45.713,64514,Timeline2,Tobii I-VT (Fixation),1.145.28180,1080,1920,"10,00",703639147.0,,,,,,,,,,,,,,,,,Invalid,Invalid,,,,,,,,,,,,,,,,,thumbnail_grossTrial,thumbnail_grossTrial.png,1245.0,1080.0,337.0,0.0,798.0,692.0,Fixation,142.0,71.0,1130.0,282.0,"0,6364","0,2611",,
27804,35784288,1400475055575,Eye Tracker,Participant0058,17.09.2021,Participant0058,Recording4,17.09.2021,17.09.2021,14:48:45.713,12:48:45.713,64514,Timeline2,Tobii I-VT (Fixation),1.145.28180,1080,1920,"10,00",703647478.0,,,1122.0,277.0,1126.0,262.0,1118.0,291.0,"0,14291","-0,05684","-0,98810","0,02697","-0,04182","-0,99876",,,Valid,Valid,"234,4","101,3","513,6","292,6","101,1","512,0","308,7","71,8","306,4","79,7","0,6302","0,2562","0,6335","0,2429","0,6269","0,2695",thumbnail_grossTrial,thumbnail_grossTrial.png,1245.0,1080.0,337.0,0.0,798.0,692.0,Fixation,142.0,71.0,1130.0,282.0,"0,6364","0,2611",,
27805,35792621,1400475063908,Eye Tracker,Participant0058,17.09.2021,Participant0058,Recording4,17.09.2021,17.09.2021,14:48:45.713,12:48:45.713,64514,Timeline2,Tobii I-VT (Fixation),1.145.28180,1080,1920,"10,00",703655811.0,,,1136.0,277.0,1155.0,264.0,1118.0,291.0,"0,15766","-0,05609","-0,98590","0,02698","-0,04189","-0,99876",,,Valid,Valid,"234,4","101,4","513,6","292,6","101,2","512,1","316,5","72,1","306,4","79,7","0,6416","0,2568","0,6564","0,2441","0,6268","0,2696",thumbnail_grossTrial,thumbnail_grossTrial.png,1245.0,1080.0,337.0,0.0,798.0,692.0,Fixation,142.0,71.0,1130.0,282.0,"0,6364","0,2611",,
27806,35800952,1400475072239,Eye Tracker,Participant0058,17.09.2021,Participant0058,Recording4,17.09.2021,17.09.2021,14:48:45.713,12:48:45.713,64514,Timeline2,Tobii I-VT (Fixation),1.145.28180,1080,1920,"10,00",703664142.0,,,1139.0,289.0,,,1139.0,289.0,,,,"0,03827","-0,04299","-0,99834",,"4,73",Invalid,Valid,,,,"292,6","101,0","512,0",,,"312,3","79,0","0,6440","0,2673",,,"0,6440","0,2673",thumbnail_grossTrial,thumbnail_grossTrial.png,1245.0,1080.0,337.0,0.0,798.0,692.0,Fixation,142.0,71.0,1130.0,282.0,"0,6364","0,2611",,
27807,35809257,1400475080544,Eye Tracker,Participant0058,17.09.2021,Participant0058,Recording4,17.09.2021,17.09.2021,14:48:45.713,12:48:45.713,64514,Timeline2,Tobii I-VT (Fixation),1.145.28180,1080,1920,"10,00",703672446.0,,,1140.0,280.0,1145.0,272.0,1135.0,289.0,"0,15261","-0,05177","-0,98693","0,03591","-0,04324","-0,99842",,,Valid,Valid,"234,4","101,4","513,5","292,6","101,2","511,9","313,8","74,4","311,0","79,0","0,6445","0,2595","0,6486","0,2518","0,6404","0,2673",thumbnail_grossTrial,thumbnail_grossTrial.png,1245.0,1080.0,337.0,0.0,798.0,692.0,Fixation,142.0,71.0,1130.0,282.0,"0,6364","0,2611",,
27808,35817703,1400475088990,Eye Tracker,Participant0058,17.09.2021,Participant0058,Recording4,17.09.2021,17.09.2021,14:48:45.713,12:48:45.713,64514,Timeline2,Tobii I-VT (Fixation),1.145.28180,1080,1920,"10,00",703680892.0,,,1136.0,282.0,1142.0,275.0,1130.0,289.0,"0,15124","-0,05019","-0,98722","0,03368","-0,04330","-0,99849",,,Valid,Valid,"234,4","101,4","513,5","292,6","101,2","511,9","313,1","75,3","309,8","79,0","0,6416","0,2611","0,6463","0,2547","0,6369","0,2674",thumbnail_grossTrial,thumbnail_grossTrial.png,1245.0,1080.0,337.0,0.0,798.0,692.0,Fixation,142.0,71.0,1130.0,282.0,"0,6364","0,2611",,
27809,35825946,1400475097233,Eye Tracker,Participant0058,17.09.2021,Participant0058,Recording4,17.09.2021,17.09.2021,14:48:45.713,12:48:45.713,64514,Timeline2,Tobii I-VT (Fixation),1.145.28180,1080,1920,"10,00",703689135.0,,,,,,,,,,,,,,,,,Invalid,Invalid,,,,,,,,,,,,,,,,,thumbnail_grossTrial,thumbnail_grossTrial.png,1245.0,1080.0,337.0,0.0,798.0,692.0,Fixation,142.0,71.0,1130.0,282.0,"0,6364","0,2611",,
27810,35834294,1400475105581,Eye Tracker,Participant0058,17.09.2021,Participant0058,Recording4,17.09.2021,17.09.2021,14:48:45.713,12:48:45.713,64514,Timeline2,Tobii I-VT (Fixation),1.145.28180,1080,1920,"10,00",703697482.0,,,1136.0,275.0,1146.0,263.0,1127.0,287.0,"0,15286","-0,05642","-0,98664","0,03156","-0,04425","-0,99852",,,Valid,Valid,"234,4","101,4","513,4","292,6","101,2","511,7","314,0","72,0","308,8","78,6","0,6414","0,2548","0,6490","0,2437","0,6338","0,2658",thumbnail_grossTrial,thumbnail_grossTrial.png,1245.0,1080.0,337.0,0.0,798.0,692.0,Fixation,142.0,71.0,1130.0,282.0,"0,6364","0,2611",,
27811,35842710,1400475113997,Eye Tracker,Participant0058,17.09.2021,Participant0058,Recording4,17.09.2021,17.09.2021,14:48:45.713,12:48:45.713,64514,Timeline2,Tobii I-VT (Fixation),1.145.28180,1080,1920,"10,00",703705898.0,,,1132.0,278.0,1136.0,272.0,1128.0,285.0,"0,14824","-0,05199","-0,98758","0,03252","-0,04546","-0,99844",,,Valid,Valid,"234,4","101,4","513,4","292,6","101,3","511,7","311,5","74,4","309,2","78,0","0,6384","0,2578","0,6417","0,2517","0,6351","0,2639",thumbnail_grossTrial,thumbnail_grossTrial.png,1245.0,1080.0,337.0,0.0,798.0,692.0,Fixation,142.0,71.0,1130.0,282.0,"0,6364","0,2611",,
27812,35850918,1400475122205,Eye Tracker,Participant0058,17.09.2021,Participant0058,Recording4,17.09.2021,17.09.2021,14:48:45.713,12:48:45.713,64514,Timeline2,Tobii I-VT (Fixation),1.145.28180,1080,1920,"10,00",703714106.0,,,1125.0,287.0,,,1125.0,287.0,,,,"0,03083","-0,04422","-0,99855",,"4,86",Invalid,Valid,,,,"292,6","101,2","511,6",,,"308,4","78,5","0,6327","0,2657",,,"0,6327","0,2657",thumbnail_grossTrial,thumbnail_grossTrial.png,1245.0,1080.0,337.0,0.0,798.0,692.0,Saccade,25.0,130.0,,,,,,
27813,35859286,1400475130573,Eye Tracker,Participant0058,17.09.2021,Participant0058,Recording4,17.09.2021,17.09.2021,14:48:45.713,12:48:45.713,64514,Timeline2,Tobii I-VT (Fixation),1.145.28180,1080,1920,"10,00",703722473.0,,,1114.0,294.0,1124.0,261.0,1103.0,326.0,"0,14183","-0,05765","-0,98821","0,01900","-0,02352","-0,99954",,,Valid,Valid,"234,4","101,4","513,4","292,6","101,3","511,5","308,1","71,5","302,3","89,3","0,6233","0,2719","0,6318","0,2418","0,6148","0,3021",thumbnail_grossTrial,thumbnail_grossTrial.png,1245.0,1080.0,337.0,0.0,798.0,692.0,Saccade,25.0,130.0,,,,,,
27814,35867588,1400475138875,Eye Tracker,Participant0058,17.09.2021,Participant0058,Recording4,17.09.2021,17.09.2021,14:48:45.713,12:48:45.713,64514,Timeline2,Tobii I-VT (Fixation),1.145.28180,1080,1920,"10,00",703730775.0,,,1105.0,303.0,1107.0,281.0,1103.0,325.0,"0,13336","-0,04720","-0,98994","0,01923","-0,02406","-0,99953",,,Valid,Valid,"234,4","101,4","513,4","292,5","101,4","511,5","303,5","77,0","302,4","89,1","0,6167","0,2809","0,6184","0,2604","0,6150","0,3014",thumbnail_grossTrial,thumbnail_grossTrial.png,1245.0,1080.0,337.0,0.0,798.0,692.0,Saccade,25.0,130.0,,,,,,
27815,35875966,1400475147253,Eye Tracker,Participant0058,17.09.2021,Participant0058,Recording4,17.09.2021,17.09.2021,14:48:45.713,12:48:45.713,64514,Timeline2,Tobii I-VT (Fixation),1.145.28180,1080,1920,"10,00",703739153.0,,,,,,,,,,,,,,,,,Invalid,Invalid,,,,,,,,,,,,,,,,,thumbnail_grossTrial,thumbnail_grossTrial.png,1245.0,1080.0,337.0,0.0,798.0,692.0,EyesNotFound,8.0,289.0,,,,,,
27816,35884287,1400475155574,Eye Tracker,Participant0058,17.09.2021,Participant0058,Recording4,17.09.2021,17.09.2021,14:48:45.713,12:48:45.713,64514,Timeline2,Tobii I-VT (Fixation),1.145.28180,1080,1920,"10,00",703747474.0,,,1122.0,305.0,1123.0,313.0,1121.0,297.0,"0,14150","-0,03037","-0,98947","0,02866","-0,03938","-0,99881",,,Valid,Valid,"234,4","101,4","513,4","292,5","101,4","511,4","307,8","85,7","307,2","81,2","0,6301","0,2823","0,6309","0,2899","0,6292","0,2748",thumbnail_grossTrial,thumbnail_grossTrial.png,1245.0,1080.0,337.0,0.0,798.0,692.0,Unclassified,17.0,319.0,,,,,,
27817,35892585,1400475163872,Eye Tracker,Participant0058,17.09.2021,Participant0058,Recording4,17.09.2021,17.09.2021,14:48:45.713,12:48:45.713,64514,Timeline2,Tobii I-VT (Fixation),1.145.28180,1080,1920,"10,00",703755771.0,,,1124.0,303.0,1126.0,308.0,1122.0,297.0,"0,14303","-0,03314","-0,98916","0,02952","-0,03925","-0,99879",,,Valid,Valid,"234,3","101,5","513,4","292,5","101,4","511,3","308,6","84,3","307,6","81,3","0,6317","0,2801","0,6332","0,2851","0,6303","0,2752",thumbnail_grossTrial,thumbnail_grossTrial.png,1245.0,1080.0,337.0,0.0,798.0,692.0,Unclassified,17.0,319.0,,,,,,
27818,35900944,1400475172231,Eye Tracker,Participant0058,17.09.2021,Participant0058,Recording4,17.09.2021,17.09.2021,14:48:45.713,12:48:45.713,64514,Timeline2,Tobii I-VT (Fixation),1.145.28180,1080,1920,"10,00",703764130.0,,,1126.0,312.0,1126.0,312.0,,,"0,14302","-0,03065","-0,98925",,,,"4,59",,Valid,Invalid,"234,4","101,4","513,4",,,,"308,6","85,5",,,"0,6333","0,2892","0,6333","0,2892",,,thumbnail_grossTrial,thumbnail_grossTrial.png,1245.0,1080.0,337.0,0.0,798.0,692.0,Saccade,25.0,131.0,,,,,,
27819,35909249,1400475180536,Eye Tracker,Participant0058,17.09.2021,Participant0058,Recording4,17.09.2021,17.09.2021,14:48:45.713,12:48:45.713,64514,Timeline2,Tobii I-VT (Fixation),1.145.28180,1080,1920,"10,00",703772435.0,,,1131.0,286.0,1121.0,290.0,1142.0,282.0,"0,14031","-0,04228","-0,98920","0,03989","-0,04759","-0,99807",,,Valid,Valid,"234,4","101,4","513,4","292,5","101,4","511,2","307,2","79,5","312,9","77,1","0,6376","0,2648","0,6292","0,2690","0,6460","0,2607",thumbnail_grossTrial,thumbnail_grossTrial.png,1245.0,1080.0,337.0,0.0,798.0,692.0,Saccade,25.0,131.0,,,,,,
27820,35917584,1400475188871,Eye Tracker,Participant0058,17.09.2021,Participant0058,Recording4,17.09.2021,17.09.2021,14:48:45.713,12:48:45.713,64514,Timeline2,Tobii I-VT (Fixation),1.145.28180,1080,1920,"10,00",703780769.0,,,1142.0,275.0,1143.0,272.0,1142.0,279.0,"0,15154","-0,05211","-0,98708","0,04002","-0,04933","-0,99798",,,Valid,Valid,"234,3","101,4","513,4","292,5","101,5","511,2","313,2","74,3","313,0","76,2","0,6463","0,2547","0,6466","0,2515","0,6461","0,2580",thumbnail_grossTrial,thumbnail_grossTrial.png,1245.0,1080.0,337.0,0.0,798.0,692.0,Saccade,25.0,131.0,,,,,,
27821,35925946,1400475197233,Eye Tracker,Participant0058,17.09.2021,Participant0058,Recording4,17.09.2021,17.09.2021,14:48:45.713,12:48:45.713,64514,Timeline2,Tobii I-VT (Fixation),1.145.28180,1080,1920,"10,00",703789131.0,,,,,,,,,,,,,,,,,Invalid,Invalid,,,,,,,,,,,,,,,,,thumbnail_grossTrial,thumbnail_grossTrial.png,1245.0,1080.0,337.0,0.0,798.0,692.0,EyesNotFound,8.0,290.0,,,,,,
27822,35934284,1400475205571,Eye Tracker,Participant0058,17.09.2021,Participant0058,Recording4,17.09.2021,17.09.2021,14:48:45.713,12:48:45.713,64514,Timeline2,Tobii I-VT (Fixation),1.145.28180,1080,1920,"10,00",703797469.0,,,1146.0,268.0,1145.0,282.0,1147.0,254.0,"0,15253","-0,04637","-0,98721","0,04250","-0,06240","-0,99715",,,Valid,Valid,"234,4","101,4","513,4","292,5","101,5","511,1","313,7","77,3","314,3","69,5","0,6491","0,2483","0,6483","0,2615","0,6499","0,2351",thumbnail_grossTrial,thumbnail_grossTrial.png,1245.0,1080.0,337.0,0.0,798.0,692.0,Unclassified,17.0,320.0,,,,,,
27823,35942628,1400475213915,Eye Tracker,Participant0058,17.09.2021,Participant0058,Recording4,17.09.2021,17.09.2021,14:48:45.713,12:48:45.713,64514,Timeline2,Tobii I-VT (Fixation),1.145.28180,1080,1920,"10,00",703805812.0,,,1135.0,277.0,1120.0,301.0,1150.0,253.0,"0,14005","-0,03664","-0,98947","0,04457","-0,06320","-0,99701",,,Valid,Valid,"234,3","101,4","513,5","292,5","101,5","511,1","307,0","82,4","315,3","69,1","0,6408","0,2564","0,6287","0,2788","0,6530","0,2339",thumbnail_grossTrial,thumbnail_grossTrial.png,1245.0,1080.0,337.0,0.0,798.0,692.0,Unclassified,17.0,320.0,,,,,,
27824,35950981,1400475222268,Eye Tracker,Participant0058,17.09.2021,Participant0058,Recording4,17.09.2021,17.09.2021,14:48:45.713,12:48:45.713,64514,Timeline2,Tobii I-VT (Fixation),1.145.28180,1080,1920,"10,00",703814165.0,,,,,,,,,,,,,,,,,Invalid,Invalid,,,,,,,,,,,,,,,,,thumbnail_grossTrial,thumbnail_grossTrial.png,1245.0,1080.0,337.0,0.0,798.0,692.0,EyesNotFound,8.0,291.0,,,,,,
27825,35959244,1400475230531,Eye Tracker,Participant0058,17.09.2021,Participant0058,Recording4,17.09.2021,17.09.2021,14:48:45.713,12:48:45.713,64514,Timeline2,Tobii I-VT (Fixation),1.145.28180,1080,1920,"10,00",703822428.0,,,1133.0,280.0,1114.0,287.0,1151.0,273.0,"0,13677","-0,04378","-0,98963","0,04503","-0,05260","-0,99760",,,Valid,Valid,"234,4","101,4","513,5","292,5","101,5","511,0","305,4","78,6","315,6","74,6","0,6388","0,2592","0,6238","0,2661","0,6537","0,2523",thumbnail_grossTrial,thumbnail_grossTrial.png,1245.0,1080.0,337.0,0.0,798.0,692.0,Saccade,17.0,132.0,,,,,,
27826,35967596,1400475238883,Eye Tracker,Participant0058,17.09.2021,Participant0058,Recording4,17.09.2021,17.09.2021,14:48:45.713,12:48:45.713,64514,Timeline2,Tobii I-VT (Fixation),1.145.28180,1080,1920,"10,00",703830780.0,,,1128.0,288.0,1125.0,283.0,1131.0,293.0,"0,14220","-0,04628","-0,98876","0,03434","-0,04150","-0,99855",,,Valid,Valid,"234,3","101,4","513,6","292,5","101,6","511,0","308,2","77,3","310,0","80,3","0,6348","0,2667","0,6321","0,2616","0,6375","0,2718",thumbnail_grossTrial,thumbnail_grossTrial.png,1245.0,1080.0,337.0,0.0,798.0,692.0,Saccade,17.0,132.0,,,,,,
27827,35975988,1400475247275,Eye Tracker,Participant0058,17.09.2021,Participant0058,Recording4,17.09.2021,17.09.2021,14:48:45.713,12:48:45.713,64514,Timeline2,Tobii I-VT (Fixation),1.145.28180,1080,1920,"10,00",703839171.0,,,1124.0,299.0,,,1124.0,299.0,,,,"0,03021","-0,03842","-0,99881",,"4,85",Invalid,Valid,,,,"292,5","101,5","511,0",,,"307,9","81,8","0,6314","0,2769",,,"0,6314","0,2769",thumbnail_grossTrial,thumbnail_grossTrial.png,1245.0,1080.0,337.0,0.0,798.0,692.0,Fixation,550.0,72.0,1124.0,294.0,"0,6320","0,2723",,
27828,35984323,1400475255610,Eye Tracker,Participant0058,17.09.2021,Participant0058,Recording4,17.09.2021,17.09.2021,14:48:45.713,12:48:45.713,64514,Timeline2,Tobii I-VT (Fixation),1.145.28180,1080,1920,"10,00",703847506.0,,,1123.0,297.0,1122.0,283.0,1124.0,312.0,"0,14065","-0,04622","-0,98898","0,03030","-0,03149","-0,99904",,,Valid,Valid,"234,4","101,3","513,6","292,5","101,5","510,9","307,4","77,3","308,0","85,4","0,6307","0,2753","0,6299","0,2616","0,6315","0,2891",thumbnail_grossTrial,thumbnail_grossTrial.png,1245.0,1080.0,337.0,0.0,798.0,692.0,Fixation,550.0,72.0,1124.0,294.0,"0,6320","0,2723",,
27829,35992666,1400475263953,Eye Tracker,Participant0058,17.09.2021,Participant0058,Recording4,17.09.2021,17.09.2021,14:48:45.713,12:48:45.713,64514,Timeline2,Tobii I-VT (Fixation),1.145.28180,1080,1920,"10,00",703855849.0,,,1124.0,294.0,1117.0,287.0,1132.0,301.0,"0,13821","-0,04382","-0,98943","0,03476","-0,03729","-0,99870",,,Valid,Valid,"234,3","101,3","513,7","292,5","101,6","510,9","306,1","78,6","310,2","82,5","0,6320","0,2725","0,6259","0,2658","0,6381","0,2791",thumbnail_grossTrial,thumbnail_grossTrial.png,1245.0,1080.0,337.0,0.0,798.0,692.0,Fixation,550.0,72.0,1124.0,294.0,"0,6320","0,2723",,
27830,36000906,1400475272193,Eye Tracker,Participant0058,17.09.2021,Participant0058,Recording4,17.09.2021,17.09.2021,14:48:45.713,12:48:45.713,64514,Timeline2,Tobii I-VT (Fixation),1.145.28180,1080,1920,"10,00",703864088.0,,,1114.0,337.0,1116.0,300.0,1112.0,374.0,"0,13794","-0,03700","-0,98975","0,02422","0,00210","-0,99970","4,34","4,76",Valid,Valid,"234,4","101,2","513,9","292,5","101,3","511,0","306,0","82,0","304,9","102,4","0,6240","0,3119","0,6256","0,2774","0,6224","0,3464",thumbnail_grossTrial,thumbnail_grossTrial.png,1245.0,1080.0,337.0,0.0,798.0,692.0,Fixation,550.0,72.0,1124.0,294.0,"0,6320","0,2723",,
27831,36009274,1400475280561,Eye Tracker,Participant0058,17.09.2021,Participant0058,Recording4,17.09.2021,17.09.2021,14:48:45.713,12:48:45.713,64514,Timeline2,Tobii I-VT (Fixation),1.145.28180,1080,1920,"10,00",703872456.0,,,1119.0,298.0,1118.0,302.0,1121.0,294.0,"0,13854","-0,03569","-0,98971","0,02889","-0,04093","-0,99874",,,Valid,Valid,"234,4","101,2","513,9","292,5","101,5","511,0","306,3","82,7","307,3","80,5","0,6280","0,2761","0,6266","0,2797","0,6294","0,2725",thumbnail_grossTrial,thumbnail_grossTrial.png,1245.0,1080.0,337.0,0.0,798.0,692.0,Fixation,550.0,72.0,1124.0,294.0,"0,6320","0,2723",,
27832,36017608,1400475288895,Eye Tracker,Participant0058,17.09.2021,Participant0058,Recording4,17.09.2021,17.09.2021,14:48:45.713,12:48:45.713,64514,Timeline2,Tobii I-VT (Fixation),1.145.28180,1080,1920,"10,00",703880790.0,,,1123.0,292.0,1129.0,286.0,1117.0,298.0,"0,14451","-0,04424","-0,98851","0,02660","-0,03909","-0,99888",,,Valid,Valid,"234,3","101,2","514,1","292,5","101,5","511,2","309,5","78,2","306,1","81,5","0,6309","0,2701","0,6358","0,2645","0,6259","0,2756",thumbnail_grossTrial,thumbnail_grossTrial.png,1245.0,1080.0,337.0,0.0,798.0,692.0,Fixation,550.0,72.0,1124.0,294.0,"0,6320","0,2723",,
27833,36026045,1400475297332,Eye Tracker,Participant0058,17.09.2021,Participant0058,Recording4,17.09.2021,17.09.2021,14:48:45.713,12:48:45.713,64514,Timeline2,Tobii I-VT (Fixation),1.145.28180,1080,1920,"10,00",703889226.0,,,1135.0,296.0,1135.0,296.0,,,"0,14737","-0,03860","-0,98833",,,,"4,65",,Valid,Invalid,"234,4","101,0","514,2",,,,"311,0","80,9",,,"0,6404","0,2739","0,6404","0,2739",,,thumbnail_grossTrial,thumbnail_grossTrial.png,1245.0,1080.0,337.0,0.0,798.0,692.0,Fixation,550.0,72.0,1124.0,294.0,"0,6320","0,2723",,
27834,36034239,1400475305526,Eye Tracker,Participant0058,17.09.2021,Participant0058,Recording4,17.09.2021,17.09.2021,14:48:45.713,12:48:45.713,64514,Timeline2,Tobii I-VT (Fixation),1.145.28180,1080,1920,"10,00",703897420.0,,,1126.0,297.0,1134.0,296.0,1119.0,297.0,"0,14666","-0,03845","-0,98844","0,02774","-0,03933","-0,99884",,,Valid,Valid,"234,4","101,1","514,3","292,5","101,4","511,3","310,7","81,1","306,7","81,2","0,6336","0,2746","0,6394","0,2743","0,6278","0,2748",thumbnail_grossTrial,thumbnail_grossTrial.png,1245.0,1080.0,337.0,0.0,798.0,692.0,Fixation,550.0,72.0,1124.0,294.0,"0,6320","0,2723",,
27835,36042572,1400475313859,Eye Tracker,Participant0058,17.09.2021,Participant0058,Recording4,17.09.2021,17.09.2021,14:48:45.713,12:48:45.713,64514,Timeline2,Tobii I-VT (Fixation),1.145.28180,1080,1920,"10,00",703905753.0,,,1132.0,297.0,1127.0,309.0,1136.0,285.0,"0,14362","-0,03194","-0,98912","0,03692","-0,04581","-0,99827",,,Valid,Valid,"234,3","101,1","514,4","292,5","101,4","511,5","309,0","84,5","311,4","77,9","0,6380","0,2746","0,6344","0,2857","0,6415","0,2635",thumbnail_grossTrial,thumbnail_grossTrial.png,1245.0,1080.0,337.0,0.0,798.0,692.0,Fixation,550.0,72.0,1124.0,294.0,"0,6320","0,2723",,
27836,36050904,1400475322191,Eye Tracker,Participant0058,17.09.2021,Participant0058,Recording4,17.09.2021,17.09.2021,14:48:45.713,12:48:45.713,64514,Timeline2,Tobii I-VT (Fixation),1.145.28180,1080,1920,"10,00",703914085.0,,,,,,,,,,,,,,,,,Invalid,Invalid,,,,,,,,,,,,,,,,,thumbnail_grossTrial,thumbnail_grossTrial.png,1245.0,1080.0,337.0,0.0,798.0,692.0,Fixation,550.0,72.0,1124.0,294.0,"0,6320","0,2723",,
27837,36059237,1400475330524,Eye Tracker,Participant0058,17.09.2021,Participant0058,Recording4,17.09.2021,17.09.2021,14:48:45.713,12:48:45.713,64514,Timeline2,Tobii I-VT (Fixation),1.145.28180,1080,1920,"10,00",703922417.0,,,1146.0,278.0,1123.0,301.0,1169.0,255.0,"0,14104","-0,03610","-0,98935","0,05424","-0,06133","-0,99664",,,Valid,Valid,"234,4","101,0","514,4","292,6","101,2","511,7","307,7","82,2","320,4","69,7","0,6493","0,2571","0,6307","0,2783","0,6679","0,2360",thumbnail_grossTrial,thumbnail_grossTrial.png,1245.0,1080.0,337.0,0.0,798.0,692.0,Fixation,550.0,72.0,1124.0,294.0,"0,6320","0,2723",,
27838,36067606,1400475338893,Eye Tracker,Participant0058,17.09.2021,Participant0058,Recording4,17.09.2021,17.09.2021,14:48:45.713,12:48:45.713,64514,Timeline2,Tobii I-VT (Fixation),1.145.28180,1080,1920,"10,00",703930786.0,,,1130.0,291.0,1123.0,298.0,1138.0,284.0,"0,14121","-0,03732","-0,98928","0,03754","-0,04590","-0,99824",,,Valid,Valid,"234,3","101,0","514,5","292,5","101,2","511,8","307,7","81,6","311,8","77,7","0,6367","0,2695","0,6308","0,2761","0,6426","0,2629",thumbnail_grossTrial,thumbnail_grossTrial.png,1245.0,1080.0,337.0,0.0,798.0,692.0,Fixation,550.0,72.0,1124.0,294.0,"0,6320","0,2723",,
27839,36075902,1400475347189,Eye Tracker,Participant0058,17.09.2021,Participant0058,Recording4,17.09.2021,17.09.2021,14:48:45.713,12:48:45.713,64514,Timeline2,Tobii I-VT (Fixation),1.145.28180,1080,1920,"10,00",703939082.0,,,1126.0,294.0,,,1126.0,294.0,,,,"0,03103","-0,04014","-0,99871",,"4,76",Invalid,Valid,,,,"292,6","101,1","511,9",,,"308,5","80,5","0,6329","0,2725",,,"0,6329","0,2725",thumbnail_grossTrial,thumbnail_grossTrial.png,1245.0,1080.0,337.0,0.0,798.0,692.0,Fixation,550.0,72.0,1124.0,294.0,"0,6320","0,2723",,
27840,36084272,1400475355559,Eye Tracker,Participant0058,17.09.2021,Participant0058,Recording4,17.09.2021,17.09.2021,14:48:45.713,12:48:45.713,64514,Timeline2,Tobii I-VT (Fixation),1.145.28180,1080,1920,"10,00",703947451.0,,,1122.0,274.0,1119.0,256.0,1125.0,292.0,"0,13895","-0,05933","-0,98852","0,03082","-0,04127","-0,99867",,,Valid,Valid,"234,4","101,0","514,5","292,6","101,1","512,0","306,7","70,1","308,4","79,9","0,6302","0,2539","0,6277","0,2372","0,6327","0,2705",thumbnail_grossTrial,thumbnail_grossTrial.png,1245.0,1080.0,337.0,0.0,798.0,692.0,Fixation,550.0,72.0,1124.0,294.0,"0,6320","0,2723",,
27841,36092578,1400475363865,Eye Tracker,Participant0058,17.09.2021,Participant0058,Recording4,17.09.2021,17.09.2021,14:48:45.713,12:48:45.713,64514,Timeline2,Tobii I-VT (Fixation),1.145.28180,1080,1920,"10,00",703955757.0,,,1136.0,260.0,1138.0,231.0,1134.0,290.0,"0,14879","-0,07254","-0,98621","0,03562","-0,04261","-0,99846",,,Valid,Valid,"234,3","101,0","514,5","292,6","101,1","512,1","311,9","63,2","310,8","79,3","0,6414","0,2409","0,6430","0,2137","0,6398","0,2682",thumbnail_grossTrial,thumbnail_grossTrial.png,1245.0,1080.0,337.0,0.0,798.0,692.0,Fixation,550.0,72.0,1124.0,294.0,"0,6320","0,2723",,
27842,36100896,1400475372183,Eye Tracker,Participant0058,17.09.2021,Participant0058,Recording4,17.09.2021,17.09.2021,14:48:45.713,12:48:45.713,64514,Timeline2,Tobii I-VT (Fixation),1.145.28180,1080,1920,"10,00",703964075.0,,,1131.0,300.0,,,1131.0,300.0,,,,"0,03373","-0,03665","-0,99876",,"4,78",Invalid,Valid,,,,"292,6","100,9","512,2",,,"309,9","82,1","0,6372","0,2778",,,"0,6372","0,2778",thumbnail_grossTrial,thumbnail_grossTrial.png,1245.0,1080.0,337.0,0.0,798.0,692.0,Fixation,550.0,72.0,1124.0,294.0,"0,6320","0,2723",,
27843,36109273,1400475380560,Eye Tracker,Participant0058,17.09.2021,Participant0058,Recording4,17.09.2021,17.09.2021,14:48:45.713,12:48:45.713,64514,Timeline2,Tobii I-VT (Fixation),1.145.28180,1080,1920,"10,00",703972451.0,,,1139.0,271.0,1146.0,250.0,1132.0,293.0,"0,15291","-0,06230","-0,98627","0,03456","-0,04079","-0,99857",,,Valid,Valid,"234,4","101,0","514,5","292,6","101,0","512,2","314,1","68,5","310,4","80,1","0,6440","0,2513","0,6495","0,2317","0,6384","0,2709",thumbnail_grossTrial,thumbnail_grossTrial.png,1245.0,1080.0,337.0,0.0,798.0,692.0,Fixation,550.0,72.0,1124.0,294.0,"0,6320","0,2723",,
27844,36117600,1400475388887,Eye Tracker,Participant0058,17.09.2021,Participant0058,Recording4,17.09.2021,17.09.2021,14:48:45.713,12:48:45.713,64514,Timeline2,Tobii I-VT (Fixation),1.145.28180,1080,1920,"10,00",703980778.0,,,1126.0,282.0,1115.0,281.0,1137.0,282.0,"0,13714","-0,04629","-0,98947","0,03705","-0,04627","-0,99824",,,Valid,Valid,"234,3","101,0","514,5","292,6","101,0","512,4","305,6","76,9","311,6","77,3","0,6333","0,2609","0,6246","0,2603","0,6421","0,2615",thumbnail_grossTrial,thumbnail_grossTrial.png,1245.0,1080.0,337.0,0.0,798.0,692.0,Fixation,550.0,72.0,1124.0,294.0,"0,6320","0,2723",,
27845,36125937,1400475397224,Eye Tracker,Participant0058,17.09.2021,Participant0058,Recording4,17.09.2021,17.09.2021,14:48:45.713,12:48:45.713,64514,Timeline2,Tobii I-VT (Fixation),1.145.28180,1080,1920,"10,00",703989115.0,,,1133.0,284.0,,,1133.0,284.0,,,,"0,03461","-0,04527","-0,99838",,"4,30",Invalid,Valid,,,,"292,6","100,8","512,4",,,"310,4","77,6","0,6386","0,2626",,,"0,6386","0,2626",thumbnail_grossTrial,thumbnail_grossTrial.png,1245.0,1080.0,337.0,0.0,798.0,692.0,Fixation,550.0,72.0,1124.0,294.0,"0,6320","0,2723",,
27846,36134263,1400475405550,Eye Tracker,Participant0058,17.09.2021,Participant0058,Recording4,17.09.2021,17.09.2021,14:48:45.713,12:48:45.713,64514,Timeline2,Tobii I-VT (Fixation),1.145.28180,1080,1920,"10,00",703997441.0,,,1119.0,288.0,1110.0,285.0,1128.0,290.0,"0,13458","-0,04416","-0,98992","0,03207","-0,04179","-0,99861",,,Valid,Valid,"234,4","101,0","514,5","292,6","100,9","512,4","304,3","78,0","309,1","79,5","0,6277","0,2665","0,6207","0,2641","0,6347","0,2690",thumbnail_grossTrial,thumbnail_grossTrial.png,1245.0,1080.0,337.0,0.0,798.0,692.0,Fixation,550.0,72.0,1124.0,294.0,"0,6320","0,2723",,
27847,36142605,1400475413892,Eye Tracker,Participant0058,17.09.2021,Participant0058,Recording4,17.09.2021,17.09.2021,14:48:45.713,12:48:45.713,64514,Timeline2,Tobii I-VT (Fixation),1.145.28180,1080,1920,"10,00",704005782.0,,,1116.0,285.0,1114.0,268.0,1119.0,301.0,"0,13673","-0,05326","-0,98918","0,02721","-0,03612","-0,99898",,,Valid,Valid,"234,3","101,0","514,5","292,6","101,0","512,5","305,4","73,3","306,6","82,4","0,6256","0,2635","0,6240","0,2481","0,6273","0,2789",thumbnail_grossTrial,thumbnail_grossTrial.png,1245.0,1080.0,337.0,0.0,798.0,692.0,Fixation,550.0,72.0,1124.0,294.0,"0,6320","0,2723",,
27848,36150925,1400475422212,Eye Tracker,Participant0058,17.09.2021,Participant0058,Recording4,17.09.2021,17.09.2021,14:48:45.713,12:48:45.713,64514,Timeline2,Tobii I-VT (Fixation),1.145.28180,1080,1920,"10,00",704014102.0,,,1123.0,295.0,1124.0,294.0,1123.0,296.0,"0,14187","-0,03952","-0,98910","0,02931","-0,03867","-0,99882","4,63","4,31",Valid,Valid,"234,3","100,9","514,6","292,6","100,8","512,6","308,2","80,3","307,7","81,0","0,6313","0,2730","0,6320","0,2718","0,6306","0,2741",thumbnail_grossTrial,thumbnail_grossTrial.png,1245.0,1080.0,337.0,0.0,798.0,692.0,Fixation,550.0,72.0,1124.0,294.0,"0,6320","0,2723",,
27849,36159340,1400475430627,Eye Tracker,Participant0058,17.09.2021,Participant0058,Recording4,17.09.2021,17.09.2021,14:48:45.713,12:48:45.713,64514,Timeline2,Tobii I-VT (Fixation),1.145.28180,1080,1920,"10,00",704022517.0,,,1121.0,286.0,1123.0,288.0,1119.0,285.0,"0,14123","-0,04240","-0,98907","0,02712","-0,04491","-0,99862",,,Valid,Valid,"234,4","101,0","514,6","292,7","100,9","512,5","307,8","78,9","306,6","77,9","0,6292","0,2653","0,6310","0,2671","0,6273","0,2635",thumbnail_grossTrial,thumbnail_grossTrial.png,1245.0,1080.0,337.0,0.0,798.0,692.0,Fixation,550.0,72.0,1124.0,294.0,"0,6320","0,2723",,
27850,36167642,1400475438929,Eye Tracker,Participant0058,17.09.2021,Participant0058,Recording4,17.09.2021,17.09.2021,14:48:45.713,12:48:45.713,64514,Timeline2,Tobii I-VT (Fixation),1.145.28180,1080,1920,"10,00",704030818.0,,,1129.0,286.0,1136.0,285.0,1121.0,287.0,"0,14785","-0,04409","-0,98803","0,02869","-0,04385","-0,99863",,,Valid,Valid,"234,3","101,0","514,6","292,6","100,9","512,6","311,3","78,0","307,3","78,4","0,6353","0,2647","0,6412","0,2641","0,6295","0,2653",thumbnail_grossTrial,thumbnail_grossTrial.png,1245.0,1080.0,337.0,0.0,798.0,692.0,Fixation,550.0,72.0,1124.0,294.0,"0,6320","0,2723",,
27851,36175927,1400475447214,Eye Tracker,Participant0058,17.09.2021,Participant0058,Recording4,17.09.2021,17.09.2021,14:48:45.713,12:48:45.713,64514,Timeline2,Tobii I-VT (Fixation),1.145.28180,1080,1920,"10,00",704039103.0,,,1129.0,284.0,1134.0,288.0,1125.0,280.0,"0,14678","-0,04240","-0,98826","0,03041","-0,04740","-0,99841","4,64","4,79",Valid,Valid,"234,3","100,9","514,6","292,6","100,9","512,6","310,8","78,8","308,3","76,5","0,6360","0,2628","0,6397","0,2667","0,6323","0,2589",thumbnail_grossTrial,thumbnail_grossTrial.png,1245.0,1080.0,337.0,0.0,798.0,692.0,Fixation,550.0,72.0,1124.0,294.0,"0,6320","0,2723",,
27852,36184261,1400475455548,Eye Tracker,Participant0058,17.09.2021,Participant0058,Recording4,17.09.2021,17.09.2021,14:48:45.713,12:48:45.713,64514,Timeline2,Tobii I-VT (Fixation),1.145.28180,1080,1920,"10,00",704047437.0,,,1131.0,291.0,1135.0,293.0,1128.0,288.0,"0,14755","-0,03997","-0,98825","0,03194","-0,04295","-0,99857",,,Valid,Valid,"234,3","101,0","514,6","292,6","100,9","512,6","311,2","80,2","309,0","78,9","0,6377","0,2691","0,6408","0,2713","0,6346","0,2668",thumbnail_grossTrial,thumbnail_grossTrial.png,1245.0,1080.0,337.0,0.0,798.0,692.0,Fixation,550.0,72.0,1124.0,294.0,"0,6320","0,2723",,
27853,36192602,1400475463889,Eye Tracker,Participant0058,17.09.2021,Participant0058,Recording4,17.09.2021,17.09.2021,14:48:45.713,12:48:45.713,64514,Timeline2,Tobii I-VT (Fixation),1.145.28180,1080,1920,"10,00",704055777.0,,,1124.0,295.0,1124.0,304.0,1124.0,285.0,"0,14167","-0,03432","-0,98932","0,03038","-0,04464","-0,99854",,,Valid,Valid,"234,3","101,0","514,6","292,6","101,0","512,6","308,0","83,2","308,2","78,0","0,6317","0,2728","0,6314","0,2814","0,6320","0,2641",thumbnail_grossTrial,thumbnail_grossTrial.png,1245.0,1080.0,337.0,0.0,798.0,692.0,Fixation,550.0,72.0,1124.0,294.0,"0,6320","0,2723",,
27854,36200891,1400475472178,Eye Tracker,Participant0058,17.09.2021,Participant0058,Recording4,17.09.2021,17.09.2021,14:48:45.713,12:48:45.713,64514,Timeline2,Tobii I-VT (Fixation),1.145.28180,1080,1920,"10,00",704064066.0,,,1118.0,290.0,,,1118.0,290.0,,,,"0,02691","-0,04191","-0,99876",,"4,32",Invalid,Valid,,,,"292,6","100,9","512,6",,,"306,4","79,4","0,6270","0,2685",,,"0,6270","0,2685",thumbnail_grossTrial,thumbnail_grossTrial.png,1245.0,1080.0,337.0,0.0,798.0,692.0,Fixation,550.0,72.0,1124.0,294.0,"0,6320","0,2723",,
27855,36209268,1400475480555,Eye Tracker,Participant0058,17.09.2021,Participant0058,Recording4,17.09.2021,17.09.2021,14:48:45.713,12:48:45.713,64514,Timeline2,Tobii I-VT (Fixation),1.145.28180,1080,1920,"10,00",704072443.0,,,1122.0,298.0,1124.0,305.0,1120.0,290.0,"0,14162","-0,03351","-0,98935","0,02782","-0,04216","-0,99872",,,Valid,Valid,"234,4","101,0","514,5","292,6","100,9","512,5","308,0","83,6","306,9","79,3","0,6299","0,2756","0,6315","0,2829","0,6283","0,2683",thumbnail_grossTrial,thumbnail_grossTrial.png,1245.0,1080.0,337.0,0.0,798.0,692.0,Fixation,550.0,72.0,1124.0,294.0,"0,6320","0,2723",,
27856,36217592,1400475488879,Eye Tracker,Participant0058,17.09.2021,Participant0058,Recording4,17.09.2021,17.09.2021,14:48:45.713,12:48:45.713,64514,Timeline2,Tobii I-VT (Fixation),1.145.28180,1080,1920,"10,00",704080767.0,,,1127.0,294.0,1128.0,293.0,1126.0,294.0,"0,14386","-0,04009","-0,98879","0,03114","-0,03988","-0,99872",,,Valid,Valid,"234,3","101,1","514,5","292,6","101,0","512,5","309,1","80,2","308,5","80,5","0,6340","0,2719","0,6349","0,2713","0,6331","0,2724",thumbnail_grossTrial,thumbnail_grossTrial.png,1245.0,1080.0,337.0,0.0,798.0,692.0,Fixation,550.0,72.0,1124.0,294.0,"0,6320","0,2723",,
27857,36225929,1400475497216,Eye Tracker,Participant0058,17.09.2021,Participant0058,Recording4,17.09.2021,17.09.2021,14:48:45.713,12:48:45.713,64514,Timeline2,Tobii I-VT (Fixation),1.145.28180,1080,1920,"10,00",704089103.0,,,1133.0,292.0,1133.0,292.0,1133.0,291.0,"0,14623","-0,04031","-0,98843","0,03505","-0,04148","-0,99852","4,72","4,75",Valid,Valid,"234,4","101,0","514,5","292,6","100,9","512,4","310,5","80,0","310,6","79,6","0,6390","0,2700","0,6387","0,2706","0,6392","0,2695",thumbnail_grossTrial,thumbnail_grossTrial.png,1245.0,1080.0,337.0,0.0,798.0,692.0,Fixation,550.0,72.0,1124.0,294.0,"0,6320","0,2723",,
27858,36234335,1400475505622,Eye Tracker,Participant0058,17.09.2021,Participant0058,Recording4,17.09.2021,17.09.2021,14:48:45.713,12:48:45.713,64514,Timeline2,Tobii I-VT (Fixation),1.145.28180,1080,1920,"10,00",704097509.0,,,1128.0,286.0,1129.0,289.0,1126.0,283.0,"0,14430","-0,04220","-0,98863","0,03110","-0,04614","-0,99845",,,Valid,Valid,"234,4","101,1","514,4","292,6","101,0","512,3","309,5","79,1","308,6","77,4","0,6345","0,2647","0,6358","0,2676","0,6332","0,2617",thumbnail_grossTrial,thumbnail_grossTrial.png,1245.0,1080.0,337.0,0.0,798.0,692.0,Fixation,550.0,72.0,1124.0,294.0,"0,6320","0,2723",,
27859,36242556,1400475513843,Eye Tracker,Participant0058,17.09.2021,Participant0058,Recording4,17.09.2021,17.09.2021,14:48:45.713,12:48:45.713,64514,Timeline2,Tobii I-VT (Fixation),1.145.28180,1080,1920,"10,00",704105730.0,,,1126.0,282.0,1125.0,293.0,1127.0,271.0,"0,14250","-0,03998","-0,98899","0,03166","-0,05256","-0,99812",,,Valid,Valid,"234,3","101,1","514,4","292,6","101,1","512,2","308,4","80,3","308,8","74,1","0,6333","0,2612","0,6328","0,2717","0,6339","0,2508",thumbnail_grossTrial,thumbnail_grossTrial.png,1245.0,1080.0,337.0,0.0,798.0,692.0,Fixation,550.0,72.0,1124.0,294.0,"0,6320","0,2723",,
27860,36250922,1400475522209,Eye Tracker,Participant0058,17.09.2021,Participant0058,Recording4,17.09.2021,17.09.2021,14:48:45.713,12:48:45.713,64514,Timeline2,Tobii I-VT (Fixation),1.145.28180,1080,1920,"10,00",704114095.0,,,1114.0,289.0,1111.0,295.0,1117.0,283.0,"0,13522","-0,03892","-0,99005","0,02632","-0,04609","-0,99859","4,33","4,30",Valid,Valid,"234,4","101,0","514,4","292,6","101,0","512,1","304,6","80,8","306,1","77,4","0,6238","0,2675","0,6216","0,2733","0,6260","0,2618",thumbnail_grossTrial,thumbnail_grossTrial.png,1245.0,1080.0,337.0,0.0,798.0,692.0,Fixation,550.0,72.0,1124.0,294.0,"0,6320","0,2723",,
27861,36259349,1400475530636,Eye Tracker,Participant0058,17.09.2021,Participant0058,Recording4,17.09.2021,17.09.2021,14:48:45.713,12:48:45.713,64514,Timeline2,Tobii I-VT (Fixation),1.145.28180,1080,1920,"10,00",704122522.0,,,1105.0,318.0,1114.0,295.0,1097.0,341.0,"0,13644","-0,03924","-0,98987","0,01561","-0,01549","-0,99976",,,Valid,Valid,"234,4","101,1","514,3","292,6","101,1","512,0","305,3","80,7","300,6","93,2","0,6167","0,2942","0,6235","0,2731","0,6098","0,3154",thumbnail_grossTrial,thumbnail_grossTrial.png,1245.0,1080.0,337.0,0.0,798.0,692.0,Fixation,550.0,72.0,1124.0,294.0,"0,6320","0,2723",,
27862,36267590,1400475538877,Eye Tracker,Participant0058,17.09.2021,Participant0058,Recording4,17.09.2021,17.09.2021,14:48:45.713,12:48:45.713,64514,Timeline2,Tobii I-VT (Fixation),1.145.28180,1080,1920,"10,00",704130763.0,,,1105.0,321.0,1114.0,302.0,1097.0,341.0,"0,13655","-0,03552","-0,99000","0,01576","-0,01562","-0,99975",,,Valid,Valid,"234,3","101,1","514,3","292,5","101,2","511,9","305,2","82,7","300,6","93,2","0,6166","0,2976","0,6234","0,2798","0,6098","0,3154",thumbnail_grossTrial,thumbnail_grossTrial.png,1245.0,1080.0,337.0,0.0,798.0,692.0,Fixation,550.0,72.0,1124.0,294.0,"0,6320","0,2723",,
27863,36275920,1400475547207,Eye Tracker,Participant0058,17.09.2021,Participant0058,Recording4,17.09.2021,17.09.2021,14:48:45.713,12:48:45.713,64514,Timeline2,Tobii I-VT (Fixation),1.145.28180,1080,1920,"10,00",704139092.0,,,1134.0,298.0,1123.0,299.0,1145.0,297.0,"0,14113","-0,03711","-0,98930","0,04131","-0,03907","-0,99838","4,51","4,76",Valid,Valid,"234,4","101,1","514,3","292,6","101,2","511,8","307,7","81,8","313,7","81,1","0,6395","0,2756","0,6307","0,2767","0,6484","0,2745",thumbnail_grossTrial,thumbnail_grossTrial.png,1245.0,1080.0,337.0,0.0,798.0,692.0,Fixation,550.0,72.0,1124.0,294.0,"0,6320","0,2723",,
27864,36284249,1400475555536,Eye Tracker,Participant0058,17.09.2021,Participant0058,Recording4,17.09.2021,17.09.2021,14:48:45.713,12:48:45.713,64514,Timeline2,Tobii I-VT (Fixation),1.145.28180,1080,1920,"10,00",704147421.0,,,1118.0,299.0,1126.0,296.0,1109.0,303.0,"0,14297","-0,03897","-0,98896","0,02250","-0,03583","-0,99910",,,Valid,Valid,"234,4","101,2","514,2","292,6","101,3","511,7","308,7","80,9","304,1","82,9","0,6268","0,2772","0,6335","0,2737","0,6200","0,2806",thumbnail_grossTrial,thumbnail_grossTrial.png,1245.0,1080.0,337.0,0.0,798.0,692.0,Fixation,550.0,72.0,1124.0,294.0,"0,6320","0,2723",,
27865,36292660,1400475563947,Eye Tracker,Participant0058,17.09.2021,Participant0058,Recording4,17.09.2021,17.09.2021,14:48:45.713,12:48:45.713,64514,Timeline2,Tobii I-VT (Fixation),1.145.28180,1080,1920,"10,00",704155832.0,,,1131.0,283.0,1127.0,288.0,1135.0,279.0,"0,14362","-0,04310","-0,98869","0,03651","-0,04901","-0,99813",,,Valid,Valid,"234,3","101,2","514,2","292,5","101,4","511,6","309,0","78,8","311,2","76,2","0,6376","0,2623","0,6344","0,2666","0,6409","0,2580",thumbnail_grossTrial,thumbnail_grossTrial.png,1245.0,1080.0,337.0,0.0,798.0,692.0,Fixation,550.0,72.0,1124.0,294.0,"0,6320","0,2723",,
27866,36300884,1400475572171,Eye Tracker,Participant0058,17.09.2021,Participant0058,Recording4,17.09.2021,17.09.2021,14:48:45.713,12:48:45.713,64514,Timeline2,Tobii I-VT (Fixation),1.145.28180,1080,1920,"10,00",704164056.0,,,1122.0,298.0,1132.0,296.0,1111.0,300.0,"0,14611","-0,03868","-0,98851","0,02364","-0,03745","-0,99902","4,78","4,78",Valid,Valid,"234,3","101,0","514,1","292,5","101,3","511,5","310,3","80,9","304,6","82,1","0,6300","0,2758","0,6384","0,2738","0,6216","0,2779",thumbnail_grossTrial,thumbnail_grossTrial.png,1245.0,1080.0,337.0,0.0,798.0,692.0,Fixation,550.0,72.0,1124.0,294.0,"0,6320","0,2723",,
27867,36309302,1400475580589,Eye Tracker,Participant0058,17.09.2021,Participant0058,Recording4,17.09.2021,17.09.2021,14:48:45.713,12:48:45.713,64514,Timeline2,Tobii I-VT (Fixation),1.145.28180,1080,1920,"10,00",704172473.0,,,1120.0,258.0,1110.0,254.0,1130.0,262.0,"0,13438","-0,06106","-0,98905","0,03374","-0,05786","-0,99775",,,Valid,Valid,"234,3","101,2","514,1","292,5","101,4","511,4","304,2","69,5","309,8","71,8","0,6286","0,2389","0,6203","0,2350","0,6368","0,2428",thumbnail_grossTrial,thumbnail_grossTrial.png,1245.0,1080.0,337.0,0.0,798.0,692.0,Fixation,550.0,72.0,1124.0,294.0,"0,6320","0,2723",,
27868,36317551,1400475588838,Eye Tracker,Participant0058,17.09.2021,Participant0058,Recording4,17.09.2021,17.09.2021,14:48:45.713,12:48:45.713,64514,Timeline2,Tobii I-VT (Fixation),1.145.28180,1080,1920,"10,00",704180722.0,,,1123.0,288.0,1126.0,298.0,1121.0,278.0,"0,14288","-0,03771","-0,98902","0,02860","-0,04979","-0,99835",,,Valid,Valid,"234,3","101,2","514,1","292,4","101,5","511,4","308,6","81,6","307,1","76,0","0,6310","0,2666","0,6332","0,2762","0,6289","0,2571",thumbnail_grossTrial,thumbnail_grossTrial.png,1245.0,1080.0,337.0,0.0,798.0,692.0,Fixation,550.0,72.0,1124.0,294.0,"0,6320","0,2723",,
27869,36325912,1400475597199,Eye Tracker,Participant0058,17.09.2021,Participant0058,Recording4,17.09.2021,17.09.2021,14:48:45.713,12:48:45.713,64514,Timeline2,Tobii I-VT (Fixation),1.145.28180,1080,1920,"10,00",704189083.0,,,1112.0,280.0,,,1112.0,280.0,,,,"0,02418","-0,04853","-0,99853",,"4,34",Invalid,Valid,,,,"292,5","101,4","511,3",,,"304,9","76,6","0,6224","0,2591",,,"0,6224","0,2591",thumbnail_grossTrial,thumbnail_grossTrial.png,1245.0,1080.0,337.0,0.0,798.0,692.0,Fixation,550.0,72.0,1124.0,294.0,"0,6320","0,2723",,
27870,36334296,1400475605583,Eye Tracker,Participant0058,17.09.2021,Participant0058,Recording4,17.09.2021,17.09.2021,14:48:45.713,12:48:45.713,64514,Timeline2,Tobii I-VT (Fixation),1.145.28180,1080,1920,"10,00",704197466.0,,,1125.0,292.0,1126.0,292.0,1124.0,293.0,"0,14299","-0,04129","-0,98886","0,03009","-0,04183","-0,99867",,,Valid,Valid,"234,4","101,2","514,1","292,5","101,5","511,2","308,7","79,8","307,9","80,1","0,6324","0,2704","0,6336","0,2699","0,6313","0,2709",thumbnail_grossTrial,thumbnail_grossTrial.png,1245.0,1080.0,337.0,0.0,798.0,692.0,Fixation,550.0,72.0,1124.0,294.0,"0,6320","0,2723",,
27871,36342557,1400475613844,Eye Tracker,Participant0058,17.09.2021,Participant0058,Recording4,17.09.2021,17.09.2021,14:48:45.713,12:48:45.713,64514,Timeline2,Tobii I-VT (Fixation),1.145.28180,1080,1920,"10,00",704205727.0,,,1125.0,290.0,1127.0,290.0,1122.0,290.0,"0,14336","-0,04187","-0,98879","0,02962","-0,04345","-0,99862",,,Valid,Valid,"234,3","101,3","514,1","292,5","101,5","511,2","308,8","79,5","307,6","79,3","0,6322","0,2686","0,6340","0,2690","0,6305","0,2683",thumbnail_grossTrial,thumbnail_grossTrial.png,1245.0,1080.0,337.0,0.0,798.0,692.0,Fixation,550.0,72.0,1124.0,294.0,"0,6320","0,2723",,
27872,36350982,1400475622269,Eye Tracker,Participant0058,17.09.2021,Participant0058,Recording4,17.09.2021,17.09.2021,14:48:45.713,12:48:45.713,64514,Timeline2,Tobii I-VT (Fixation),1.145.28180,1080,1920,"10,00",704214152.0,,,1124.0,297.0,1124.0,292.0,1123.0,302.0,"0,14195","-0,04094","-0,98903","0,02998","-0,03642","-0,99889","4,75","4,33",Valid,Valid,"234,4","101,1","514,0","292,5","101,4","511,2","308,2","79,8","307,9","82,8","0,6316","0,2750","0,6320","0,2700","0,6312","0,2801",thumbnail_grossTrial,thumbnail_grossTrial.png,1245.0,1080.0,337.0,0.0,798.0,692.0,Fixation,550.0,72.0,1124.0,294.0,"0,6320","0,2723",,
27873,36359306,1400475630593,Eye Tracker,Participant0058,17.09.2021,Participant0058,Recording4,17.09.2021,17.09.2021,14:48:45.713,12:48:45.713,64514,Timeline2,Tobii I-VT (Fixation),1.145.28180,1080,1920,"10,00",704222475.0,,,1123.0,315.0,1128.0,323.0,1117.0,307.0,"0,14405","-0,02450","-0,98927","0,02678","-0,03439","-0,99905",,,Valid,Valid,"234,4","101,3","514,0","292,5","101,5","511,1","309,2","88,5","306,2","83,9","0,6308","0,2917","0,6352","0,2995","0,6264","0,2840",thumbnail_grossTrial,thumbnail_grossTrial.png,1245.0,1080.0,337.0,0.0,798.0,692.0,Fixation,550.0,72.0,1124.0,294.0,"0,6320","0,2723",,
27874,36367546,1400475638833,Eye Tracker,Participant0058,17.09.2021,Participant0058,Recording4,17.09.2021,17.09.2021,14:48:45.713,12:48:45.713,64514,Timeline2,Tobii I-VT (Fixation),1.145.28180,1080,1920,"10,00",704230715.0,,,1124.0,308.0,1131.0,310.0,1118.0,306.0,"0,14532","-0,03148","-0,98888","0,02726","-0,03496","-0,99902",,,Valid,Valid,"234,3","101,3","514,0","292,5","101,6","511,1","309,9","84,9","306,4","83,7","0,6320","0,2852","0,6370","0,2873","0,6269","0,2831",thumbnail_grossTrial,thumbnail_grossTrial.png,1245.0,1080.0,337.0,0.0,798.0,692.0,Fixation,550.0,72.0,1124.0,294.0,"0,6320","0,2723",,
27875,36375950,1400475647237,Eye Tracker,Participant0058,17.09.2021,Participant0058,Recording4,17.09.2021,17.09.2021,14:48:45.713,12:48:45.713,64514,Timeline2,Tobii I-VT (Fixation),1.145.28180,1080,1920,"10,00",704239119.0,,,1121.0,306.0,1120.0,311.0,1123.0,301.0,"0,13960","-0,03058","-0,98974","0,02970","-0,03745","-0,99886","4,34","4,80",Valid,Valid,"234,4","101,1","514,0","292,5","101,4","511,1","306,9","85,2","307,7","82,3","0,6295","0,2833","0,6282","0,2883","0,6307","0,2783",thumbnail_grossTrial,thumbnail_grossTrial.png,1245.0,1080.0,337.0,0.0,798.0,692.0,Fixation,550.0,72.0,1124.0,294.0,"0,6320","0,2723",,
27876,36384240,1400475655527,Eye Tracker,Participant0058,17.09.2021,Participant0058,Recording4,17.09.2021,17.09.2021,14:48:45.713,12:48:45.713,64514,Timeline2,Tobii I-VT (Fixation),1.145.28180,1080,1920,"10,00",704247408.0,,,1123.0,298.0,1119.0,297.0,1128.0,299.0,"0,13907","-0,03855","-0,98953","0,03249","-0,03837","-0,99873",,,Valid,Valid,"234,4","101,3","514,0","292,5","101,5","511,0","306,6","81,2","309,2","81,9","0,6312","0,2760","0,6275","0,2749","0,6349","0,2771",thumbnail_grossTrial,thumbnail_grossTrial.png,1245.0,1080.0,337.0,0.0,798.0,692.0,Fixation,550.0,72.0,1124.0,294.0,"0,6320","0,2723",,
27877,36392580,1400475663867,Eye Tracker,Participant0058,17.09.2021,Participant0058,Recording4,17.09.2021,17.09.2021,14:48:45.713,12:48:45.713,64514,Timeline2,Tobii I-VT (Fixation),1.145.28180,1080,1920,"10,00",704255748.0,,,1129.0,297.0,1130.0,297.0,1127.0,297.0,"0,14525","-0,03848","-0,98865","0,03224","-0,03956","-0,99870",,,Valid,Valid,"234,3","101,3","514,0","292,5","101,6","511,1","309,8","81,3","309,0","81,3","0,6356","0,2751","0,6369","0,2750","0,6343","0,2752",thumbnail_grossTrial,thumbnail_grossTrial.png,1245.0,1080.0,337.0,0.0,798.0,692.0,Fixation,550.0,72.0,1124.0,294.0,"0,6320","0,2723",,
27878,36401004,1400475672291,Eye Tracker,Participant0058,17.09.2021,Participant0058,Recording4,17.09.2021,17.09.2021,14:48:45.713,12:48:45.713,64514,Timeline2,Tobii I-VT (Fixation),1.145.28180,1080,1920,"10,00",704264172.0,,,1130.0,286.0,1138.0,281.0,1122.0,291.0,"0,14909","-0,04651","-0,98773","0,02920","-0,04250","-0,99867","4,67","4,38",Valid,Valid,"234,4","101,2","513,9","292,5","101,5","511,1","311,9","77,0","307,4","79,7","0,6365","0,2652","0,6430","0,2605","0,6299","0,2698",thumbnail_grossTrial,thumbnail_grossTrial.png,1245.0,1080.0,337.0,0.0,798.0,692.0,Fixation,550.0,72.0,1124.0,294.0,"0,6320","0,2723",,
27879,36409291,1400475680578,Eye Tracker,Participant0058,17.09.2021,Participant0058,Recording4,17.09.2021,17.09.2021,14:48:45.713,12:48:45.713,64514,Timeline2,Tobii I-VT (Fixation),1.145.28180,1080,1920,"10,00",704272459.0,,,1129.0,285.0,1136.0,265.0,1121.0,304.0,"0,14807","-0,05525","-0,98743","0,02875","-0,03576","-0,99895",,,Valid,Valid,"234,4","101,3","513,9","292,5","101,6","511,0","311,4","72,6","307,2","83,3","0,6353","0,2636","0,6415","0,2455","0,6292","0,2817",thumbnail_grossTrial,thumbnail_grossTrial.png,1245.0,1080.0,337.0,0.0,798.0,692.0,Fixation,550.0,72.0,1124.0,294.0,"0,6320","0,2723",,
27880,36417637,1400475688924,Eye Tracker,Participant0058,17.09.2021,Participant0058,Recording4,17.09.2021,17.09.2021,14:48:45.713,12:48:45.713,64514,Timeline2,Tobii I-VT (Fixation),1.145.28180,1080,1920,"10,00",704280804.0,,,1128.0,296.0,1124.0,281.0,1133.0,312.0,"0,14197","-0,04706","-0,98875","0,03530","-0,03180","-0,99887",,,Valid,Valid,"234,3","101,3","513,9","292,4","101,6","511,0","308,1","76,9","310,5","85,3","0,6353","0,2744","0,6317","0,2601","0,6388","0,2887",thumbnail_grossTrial,thumbnail_grossTrial.png,1245.0,1080.0,337.0,0.0,798.0,692.0,Fixation,550.0,72.0,1124.0,294.0,"0,6320","0,2723",,
27881,36425906,1400475697193,Eye Tracker,Participant0058,17.09.2021,Participant0058,Recording4,17.09.2021,17.09.2021,14:48:45.713,12:48:45.713,64514,Timeline2,Tobii I-VT (Fixation),1.145.28180,1080,1920,"10,00",704289073.0,,,1136.0,308.0,,,1136.0,308.0,,,,"0,03688","-0,03370","-0,99875",,"4,83",Invalid,Valid,,,,"292,5","101,5","510,9",,,"311,3","84,3","0,6413","0,2852",,,"0,6413","0,2852",thumbnail_grossTrial,thumbnail_grossTrial.png,1245.0,1080.0,337.0,0.0,798.0,692.0,Fixation,550.0,72.0,1124.0,294.0,"0,6320","0,2723",,
27882,36434241,1400475705528,Eye Tracker,Participant0058,17.09.2021,Participant0058,Recording4,17.09.2021,17.09.2021,14:48:45.713,12:48:45.713,64514,Timeline2,Tobii I-VT (Fixation),1.145.28180,1080,1920,"10,00",704297408.0,,,1132.0,300.0,1127.0,296.0,1136.0,304.0,"0,14337","-0,03925","-0,98889","0,03703","-0,03587","-0,99867",,,Valid,Valid,"234,4","101,4","513,8","292,5","101,6","510,8","308,8","81,0","311,4","83,3","0,6377","0,2778","0,6340","0,2739","0,6415","0,2817",thumbnail_grossTrial,thumbnail_grossTrial.png,1245.0,1080.0,337.0,0.0,798.0,692.0,Fixation,550.0,72.0,1124.0,294.0,"0,6320","0,2723",,
27883,36442624,1400475713911,Eye Tracker,Participant0058,17.09.2021,Participant0058,Recording4,17.09.2021,17.09.2021,14:48:45.713,12:48:45.713,64514,Timeline2,Tobii I-VT (Fixation),1.145.28180,1080,1920,"10,00",704305790.0,,,1125.0,296.0,1123.0,295.0,1127.0,297.0,"0,14123","-0,03995","-0,98917","0,03195","-0,03999","-0,99869",,,Valid,Valid,"234,3","101,4","513,7","292,4","101,7","510,9","307,6","80,6","308,8","81,2","0,6321","0,2738","0,6305","0,2728","0,6338","0,2748",thumbnail_grossTrial,thumbnail_grossTrial.png,1245.0,1080.0,337.0,0.0,798.0,692.0,Fixation,550.0,72.0,1124.0,294.0,"0,6320","0,2723",,
27884,36450946,1400475722233,Eye Tracker,Participant0058,17.09.2021,Participant0058,Recording4,17.09.2021,17.09.2021,14:48:45.713,12:48:45.713,64514,Timeline2,Tobii I-VT (Fixation),1.145.28180,1080,1920,"10,00",704314112.0,,,1104.0,321.0,,,1104.0,321.0,,,,"0,01990","-0,02707","-0,99944",,"4,39",Invalid,Valid,,,,"292,5","101,6","510,8",,,"302,6","87,8","0,6158","0,2969",,,"0,6158","0,2969",thumbnail_grossTrial,thumbnail_grossTrial.png,1245.0,1080.0,337.0,0.0,798.0,692.0,Fixation,550.0,72.0,1124.0,294.0,"0,6320","0,2723",,
27885,36459233,1400475730520,Eye Tracker,Participant0058,17.09.2021,Participant0058,Recording4,17.09.2021,17.09.2021,14:48:45.713,12:48:45.713,64514,Timeline2,Tobii I-VT (Fixation),1.145.28180,1080,1920,"10,00",704322399.0,,,1117.0,314.0,1134.0,313.0,1101.0,315.0,"0,14709","-0,03024","-0,98866","0,01818","-0,03033","-0,99937",,,Valid,Valid,"234,4","101,4","513,6","292,5","101,6","510,8","310,8","85,7","301,8","86,1","0,6265","0,2907","0,6396","0,2900","0,6133","0,2914",thumbnail_grossTrial,thumbnail_grossTrial.png,1245.0,1080.0,337.0,0.0,798.0,692.0,Fixation,550.0,72.0,1124.0,294.0,"0,6320","0,2723",,
27886,36467572,1400475738859,Eye Tracker,Participant0058,17.09.2021,Participant0058,Recording4,17.09.2021,17.09.2021,14:48:45.713,12:48:45.713,64514,Timeline2,Tobii I-VT (Fixation),1.145.28180,1080,1920,"10,00",704330737.0,,,1122.0,302.0,1143.0,289.0,1101.0,315.0,"0,15185","-0,04297","-0,98747","0,01829","-0,03044","-0,99937",,,Valid,Valid,"234,3","101,4","513,6","292,4","101,7","510,8","313,3","79,1","301,8","86,1","0,6302","0,2795","0,6470","0,2676","0,6133","0,2914",thumbnail_grossTrial,thumbnail_grossTrial.png,1245.0,1080.0,337.0,0.0,798.0,692.0,Fixation,550.0,72.0,1124.0,294.0,"0,6320","0,2723",,
27887,36475991,1400475747278,Eye Tracker,Participant0058,17.09.2021,Participant0058,Recording4,17.09.2021,17.09.2021,14:48:45.713,12:48:45.713,64514,Timeline2,Tobii I-VT (Fixation),1.145.28180,1080,1920,"10,00",704339156.0,,,,,,,,,,,,,,,,,Invalid,Invalid,,,,,,,,,,,,,,,,,thumbnail_grossTrial,thumbnail_grossTrial.png,1245.0,1080.0,337.0,0.0,798.0,692.0,Fixation,550.0,72.0,1124.0,294.0,"0,6320","0,2723",,
27888,36484245,1400475755532,Eye Tracker,Participant0058,17.09.2021,Participant0058,Recording4,17.09.2021,17.09.2021,14:48:45.713,12:48:45.713,64514,Timeline2,Tobii I-VT (Fixation),1.145.28180,1080,1920,"10,00",704347410.0,,,1129.0,283.0,1138.0,267.0,1119.0,299.0,"0,14923","-0,05479","-0,98728","0,02771","-0,03858","-0,99887",,,Valid,Valid,"234,4","101,5","513,4","292,5","101,6","510,7","312,0","73,0","306,6","81,9","0,6353","0,2620","0,6432","0,2469","0,6275","0,2771",thumbnail_grossTrial,thumbnail_grossTrial.png,1245.0,1080.0,337.0,0.0,798.0,692.0,Fixation,550.0,72.0,1124.0,294.0,"0,6320","0,2723",,
27889,36492652,1400475763939,Eye Tracker,Participant0058,17.09.2021,Participant0058,Recording4,17.09.2021,17.09.2021,14:48:45.713,12:48:45.713,64514,Timeline2,Tobii I-VT (Fixation),1.145.28180,1080,1920,"10,00",704355817.0,,,1102.0,311.0,1103.0,309.0,1101.0,312.0,"0,13106","-0,03254","-0,99084","0,01842","-0,03162","-0,99933",,,Valid,Valid,"234,3","101,5","513,4","292,4","101,7","510,8","302,2","84,6","301,8","85,5","0,6140","0,2878","0,6146","0,2863","0,6135","0,2893",thumbnail_grossTrial,thumbnail_grossTrial.png,1245.0,1080.0,337.0,0.0,798.0,692.0,Fixation,550.0,72.0,1124.0,294.0,"0,6320","0,2723",,
27890,36500900,1400475772187,Eye Tracker,Participant0058,17.09.2021,Participant0058,Recording4,17.09.2021,17.09.2021,14:48:45.713,12:48:45.713,64514,Timeline2,Tobii I-VT (Fixation),1.145.28180,1080,1920,"10,00",704364064.0,,,1124.0,312.0,,,1124.0,312.0,,,,"0,03065","-0,03159","-0,99903",,"4,90",Invalid,Valid,,,,"292,4","101,4","510,7",,,"308,1","85,3","0,6318","0,2885",,,"0,6318","0,2885",thumbnail_grossTrial,thumbnail_grossTrial.png,1245.0,1080.0,337.0,0.0,798.0,692.0,Fixation,550.0,72.0,1124.0,294.0,"0,6320","0,2723",,
27891,36509293,1400475780580,Eye Tracker,Participant0058,17.09.2021,Participant0058,Recording4,17.09.2021,17.09.2021,14:48:45.713,12:48:45.713,64514,Timeline2,Tobii I-VT (Fixation),1.145.28180,1080,1920,"10,00",704372457.0,,,1114.0,311.0,1105.0,313.0,1123.0,310.0,"0,13242","-0,03061","-0,99072","0,02987","-0,03298","-0,99901",,,Valid,Valid,"234,3","101,5","513,3","292,4","101,6","510,7","302,9","85,6","307,7","84,7","0,6237","0,2882","0,6167","0,2897","0,6307","0,2867",thumbnail_grossTrial,thumbnail_grossTrial.png,1245.0,1080.0,337.0,0.0,798.0,692.0,Fixation,550.0,72.0,1124.0,294.0,"0,6320","0,2723",,
27892,36517536,1400475788823,Eye Tracker,Participant0058,17.09.2021,Participant0058,Recording4,17.09.2021,17.09.2021,14:48:45.713,12:48:45.713,64514,Timeline2,Tobii I-VT (Fixation),1.145.28180,1080,1920,"10,00",704380700.0,,,1128.0,306.0,1133.0,297.0,1124.0,315.0,"0,14684","-0,03880","-0,98840","0,03056","-0,03018","-0,99908",,,Valid,Valid,"234,3","101,5","513,3","292,4","101,6","510,8","310,5","81,4","308,0","86,2","0,6352","0,2834","0,6389","0,2753","0,6316","0,2916",thumbnail_grossTrial,thumbnail_grossTrial.png,1245.0,1080.0,337.0,0.0,798.0,692.0,Fixation,550.0,72.0,1124.0,294.0,"0,6320","0,2723",,
27893,36525936,1400475797223,Eye Tracker,Participant0058,17.09.2021,Participant0058,Recording4,17.09.2021,17.09.2021,14:48:45.713,12:48:45.713,64514,Timeline2,Tobii I-VT (Fixation),1.145.28180,1080,1920,"10,00",704389099.0,,,1096.0,304.0,,,1096.0,304.0,,,,"0,01577","-0,03588","-0,99923",,"4,43",Invalid,Valid,,,,"292,4","101,5","510,8",,,"300,5","83,2","0,6096","0,2814",,,"0,6096","0,2814",thumbnail_grossTrial,thumbnail_grossTrial.png,1245.0,1080.0,337.0,0.0,798.0,692.0,Saccade,8.0,133.0,,,,,,
27894,36534283,1400475805570,Eye Tracker,Participant0058,17.09.2021,Participant0058,Recording4,17.09.2021,17.09.2021,14:48:45.713,12:48:45.713,64514,Timeline2,Tobii I-VT (Fixation),1.145.28180,1080,1920,"10,00",704397446.0,,,1123.0,287.0,1125.0,285.0,1120.0,288.0,"0,14275","-0,04545","-0,98872","0,02843","-0,04426","-0,99862",,,Valid,Valid,"234,3","101,5","513,2","292,4","101,5","510,8","308,4","77,9","307,0","78,9","0,6306","0,2653","0,6327","0,2636","0,6285","0,2669",thumbnail_grossTrial,thumbnail_grossTrial.png,1245.0,1080.0,337.0,0.0,798.0,692.0,Unclassified,17.0,321.0,,,,,,
27895,36542566,1400475813853,Eye Tracker,Participant0058,17.09.2021,Participant0058,Recording4,17.09.2021,17.09.2021,14:48:45.713,12:48:45.713,64514,Timeline2,Tobii I-VT (Fixation),1.145.28180,1080,1920,"10,00",704405729.0,,,1125.0,282.0,1128.0,281.0,1122.0,284.0,"0,14401","-0,04747","-0,98844","0,02972","-0,04670","-0,99847",,,Valid,Valid,"234,3","101,6","513,2","292,4","101,6","510,9","309,0","76,9","307,6","77,7","0,6324","0,2615","0,6345","0,2602","0,6304","0,2627",thumbnail_grossTrial,thumbnail_grossTrial.png,1245.0,1080.0,337.0,0.0,798.0,692.0,Unclassified,17.0,321.0,,,,,,
27896,36550897,1400475822184,Eye Tracker,Participant0058,17.09.2021,Participant0058,Recording4,17.09.2021,17.09.2021,14:48:45.713,12:48:45.713,64514,Timeline2,Tobii I-VT (Fixation),1.145.28180,1080,1920,"10,00",704414059.0,,,1128.0,299.0,,,1128.0,299.0,,,,"0,03256","-0,03826","-0,99874",,"4,80",Invalid,Valid,,,,"292,4","101,3","510,9",,,"309,1","81,7","0,6347","0,2765",,,"0,6347","0,2765",thumbnail_grossTrial,thumbnail_grossTrial.png,1245.0,1080.0,337.0,0.0,798.0,692.0,Saccade,8.0,134.0,,,,,,
27897,36559317,1400475830604,Eye Tracker,Participant0058,17.09.2021,Participant0058,Recording4,17.09.2021,17.09.2021,14:48:45.713,12:48:45.713,64514,Timeline2,Tobii I-VT (Fixation),1.145.28180,1080,1920,"10,00",704422479.0,,,1119.0,314.0,1122.0,272.0,1117.0,355.0,"0,14093","-0,05225","-0,98864","0,02667","-0,00825","-0,99961",,,Valid,Valid,"234,3","101,6","513,1","292,5","101,5","511,0","307,5","74,4","306,1","97,3","0,6280","0,2905","0,6300","0,2519","0,6260","0,3291",thumbnail_grossTrial,thumbnail_grossTrial.png,1245.0,1080.0,337.0,0.0,798.0,692.0,Unclassified,17.0,322.0,,,,,,
27898,36567565,1400475838852,Eye Tracker,Participant0058,17.09.2021,Participant0058,Recording4,17.09.2021,17.09.2021,14:48:45.713,12:48:45.713,64514,Timeline2,Tobii I-VT (Fixation),1.145.28180,1080,1920,"10,00",704430727.0,,,1122.0,314.0,1128.0,272.0,1117.0,355.0,"0,14420","-0,05243","-0,98816","0,02672","-0,00829","-0,99961",,,Valid,Valid,"234,3","101,6","513,2","292,4","101,5","511,1","309,2","74,3","306,1","97,3","0,6305","0,2903","0,6349","0,2516","0,6260","0,3291",thumbnail_grossTrial,thumbnail_grossTrial.png,1245.0,1080.0,337.0,0.0,798.0,692.0,Unclassified,17.0,322.0,,,,,,
27899,36575896,1400475847183,Eye Tracker,Participant0058,17.09.2021,Participant0058,Recording4,17.09.2021,17.09.2021,14:48:45.713,12:48:45.713,64514,Timeline2,Tobii I-VT (Fixation),1.145.28180,1080,1920,"10,00",704439058.0,,,,,,,,,,,,,,,,,Invalid,Invalid,,,,,,,,,,,,,,,,,thumbnail_grossTrial,thumbnail_grossTrial.png,1245.0,1080.0,337.0,0.0,798.0,692.0,EyesNotFound,8.0,292.0,,,,,,
27900,36584288,1400475855575,Eye Tracker,Participant0058,17.09.2021,Participant0058,Recording4,17.09.2021,17.09.2021,14:48:45.713,12:48:45.713,64514,Timeline2,Tobii I-VT (Fixation),1.145.28180,1080,1920,"10,00",704447449.0,,,1134.0,293.0,1133.0,283.0,1134.0,302.0,"0,14675","-0,04639","-0,98809","0,03561","-0,03647","-0,99870",,,Valid,Valid,"234,4","101,6","513,2","292,5","101,4","511,2","310,6","77,5","310,7","82,8","0,6393","0,2711","0,6391","0,2621","0,6395","0,2800",thumbnail_grossTrial,thumbnail_grossTrial.png,1245.0,1080.0,337.0,0.0,798.0,692.0,Unclassified,17.0,323.0,,,,,,
27901,36592648,1400475863935,Eye Tracker,Participant0058,17.09.2021,Participant0058,Recording4,17.09.2021,17.09.2021,14:48:45.713,12:48:45.713,64514,Timeline2,Tobii I-VT (Fixation),1.145.28180,1080,1920,"10,00",704455809.0,,,1125.0,281.0,1126.0,257.0,1125.0,306.0,"0,14275","-0,06035","-0,98792","0,03109","-0,03465","-0,99892",,,Valid,Valid,"234,3","101,6","513,3","292,5","101,5","511,3","308,5","70,2","308,4","83,7","0,6328","0,2604","0,6329","0,2376","0,6327","0,2833",thumbnail_grossTrial,thumbnail_grossTrial.png,1245.0,1080.0,337.0,0.0,798.0,692.0,Unclassified,17.0,323.0,,,,,,
27902,36600922,1400475872209,Eye Tracker,Participant0058,17.09.2021,Participant0058,Recording4,17.09.2021,17.09.2021,14:48:45.713,12:48:45.713,64514,Timeline2,Tobii I-VT (Fixation),1.145.28180,1080,1920,"10,00",704464083.0,,,,,,,,,,,,,,,,,Invalid,Invalid,,,,,,,,,,,,,,,,,thumbnail_grossTrial,thumbnail_grossTrial.png,1245.0,1080.0,337.0,0.0,798.0,692.0,EyesNotFound,8.0,293.0,,,,,,
27903,36609234,1400475880521,Eye Tracker,Participant0058,17.09.2021,Participant0058,Recording4,17.09.2021,17.09.2021,14:48:45.713,12:48:45.713,64514,Timeline2,Tobii I-VT (Fixation),1.145.28180,1080,1920,"10,00",704472394.0,,,1133.0,267.0,1130.0,254.0,1136.0,280.0,"0,14476","-0,06166","-0,98754","0,03671","-0,04840","-0,99815",,,Valid,Valid,"234,4","101,5","513,3","292,5","101,4","511,3","309,6","69,5","311,3","76,6","0,6388","0,2471","0,6362","0,2351","0,6413","0,2592",thumbnail_grossTrial,thumbnail_grossTrial.png,1245.0,1080.0,337.0,0.0,798.0,692.0,Unclassified,17.0,324.0,,,,,,
27904,36617574,1400475888861,Eye Tracker,Participant0058,17.09.2021,Participant0058,Recording4,17.09.2021,17.09.2021,14:48:45.713,12:48:45.713,64514,Timeline2,Tobii I-VT (Fixation),1.145.28180,1080,1920,"10,00",704480734.0,,,1138.0,281.0,1133.0,281.0,1143.0,280.0,"0,14648","-0,04738","-0,98808","0,04062","-0,04820","-0,99801",,,Valid,Valid,"234,3","101,5","513,4","292,5","101,4","511,4","310,4","76,9","313,3","76,7","0,6428","0,2599","0,6386","0,2602","0,6471","0,2595",thumbnail_grossTrial,thumbnail_grossTrial.png,1245.0,1080.0,337.0,0.0,798.0,692.0,Unclassified,17.0,324.0,,,,,,
27905,36625976,1400475897263,Eye Tracker,Participant0058,17.09.2021,Participant0058,Recording4,17.09.2021,17.09.2021,14:48:45.713,12:48:45.713,64514,Timeline2,Tobii I-VT (Fixation),1.145.28180,1080,1920,"10,00",704489136.0,,,,,,,,,,,,,,,,,Invalid,Invalid,,,,,,,,,,,,,,,,,thumbnail_grossTrial,thumbnail_grossTrial.png,1245.0,1080.0,337.0,0.0,798.0,692.0,EyesNotFound,8.0,294.0,,,,,,
27906,36634226,1400475905513,Eye Tracker,Participant0058,17.09.2021,Participant0058,Recording4,17.09.2021,17.09.2021,14:48:45.713,12:48:45.713,64514,Timeline2,Tobii I-VT (Fixation),1.145.28180,1080,1920,"10,00",704497385.0,,,1134.0,279.0,1124.0,277.0,1143.0,281.0,"0,14186","-0,04927","-0,98866","0,04059","-0,04778","-0,99803",,,Valid,Valid,"234,3","101,5","513,4","292,5","101,4","511,4","308,0","75,9","313,3","76,9","0,6394","0,2584","0,6316","0,2568","0,6472","0,2601",thumbnail_grossTrial,thumbnail_grossTrial.png,1245.0,1080.0,337.0,0.0,798.0,692.0,Unclassified,17.0,325.0,,,,,,
27907,36642528,1400475913815,Eye Tracker,Participant0058,17.09.2021,Participant0058,Recording4,17.09.2021,17.09.2021,14:48:45.713,12:48:45.713,64514,Timeline2,Tobii I-VT (Fixation),1.145.28180,1080,1920,"10,00",704505687.0,,,1129.0,278.0,1120.0,281.0,1138.0,274.0,"0,13978","-0,04741","-0,98905","0,03778","-0,05144","-0,99796",,,Valid,Valid,"234,3","101,5","513,5","292,5","101,4","511,5","306,9","76,9","311,9","75,0","0,6355","0,2570","0,6282","0,2601","0,6428","0,2538",thumbnail_grossTrial,thumbnail_grossTrial.png,1245.0,1080.0,337.0,0.0,798.0,692.0,Unclassified,17.0,325.0,,,,,,
27908,36650896,1400475922183,Eye Tracker,Participant0058,17.09.2021,Participant0058,Recording4,17.09.2021,17.09.2021,14:48:45.713,12:48:45.713,64514,Timeline2,Tobii I-VT (Fixation),1.145.28180,1080,1920,"10,00",704514055.0,,,,,,,,,,,,,,,,,Invalid,Invalid,,,,,,,,,,,,,,,,,thumbnail_grossTrial,thumbnail_grossTrial.png,1245.0,1080.0,337.0,0.0,798.0,692.0,EyesNotFound,8.0,295.0,,,,,,
27909,36659230,1400475930517,Eye Tracker,Participant0058,17.09.2021,Participant0058,Recording4,17.09.2021,17.09.2021,14:48:45.713,12:48:45.713,64514,Timeline2,Tobii I-VT (Fixation),1.145.28180,1080,1920,"10,00",704522389.0,,,1133.0,278.0,1124.0,282.0,1141.0,275.0,"0,14202","-0,04677","-0,98876","0,03954","-0,05106","-0,99791",,,Valid,Valid,"234,3","101,5","513,5","292,5","101,3","511,5","308,1","77,2","312,8","75,1","0,6387","0,2577","0,6318","0,2611","0,6456","0,2542",thumbnail_grossTrial,thumbnail_grossTrial.png,1245.0,1080.0,337.0,0.0,798.0,692.0,Unclassified,17.0,326.0,,,,,,
27910,36667525,1400475938812,Eye Tracker,Participant0058,17.09.2021,Participant0058,Recording4,17.09.2021,17.09.2021,14:48:45.713,12:48:45.713,64514,Timeline2,Tobii I-VT (Fixation),1.145.28180,1080,1920,"10,00",704530683.0,,,1133.0,275.0,1126.0,269.0,1140.0,280.0,"0,14319","-0,05345","-0,98825","0,03894","-0,04830","-0,99807",,,Valid,Valid,"234,3","101,5","513,5","292,5","101,4","511,6","308,7","73,7","312,4","76,6","0,6390","0,2542","0,6335","0,2493","0,6445","0,2592",thumbnail_grossTrial,thumbnail_grossTrial.png,1245.0,1080.0,337.0,0.0,798.0,692.0,Unclassified,17.0,326.0,,,,,,
27911,36675884,1400475947171,Eye Tracker,Participant0058,17.09.2021,Participant0058,Recording4,17.09.2021,17.09.2021,14:48:45.713,12:48:45.713,64514,Timeline2,Tobii I-VT (Fixation),1.145.28180,1080,1920,"10,00",704539042.0,,,,,,,,,,,,,,,,,Invalid,Invalid,,,,,,,,,,,,,,,,,thumbnail_grossTrial,thumbnail_grossTrial.png,1245.0,1080.0,337.0,0.0,798.0,692.0,EyesNotFound,8.0,296.0,,,,,,
27912,36684187,1400475955474,Eye Tracker,Participant0058,17.09.2021,Participant0058,Recording4,17.09.2021,17.09.2021,14:48:45.713,12:48:45.713,64514,Timeline2,Tobii I-VT (Fixation),1.145.28180,1080,1920,"10,00",704547345.0,,,1132.0,277.0,1125.0,272.0,1138.0,283.0,"0,14252","-0,05204","-0,98842","0,03789","-0,04662","-0,99819",,,Valid,Valid,"234,3","101,4","513,5","292,5","101,3","511,5","308,4","74,4","312,0","77,4","0,6379","0,2568","0,6326","0,2517","0,6431","0,2618",thumbnail_grossTrial,thumbnail_grossTrial.png,1245.0,1080.0,337.0,0.0,798.0,692.0,Unclassified,17.0,327.0,,,,,,
27913,36692562,1400475963849,Eye Tracker,Participant0058,17.09.2021,Participant0058,Recording4,17.09.2021,17.09.2021,14:48:45.713,12:48:45.713,64514,Timeline2,Tobii I-VT (Fixation),1.145.28180,1080,1920,"10,00",704555719.0,,,1126.0,280.0,1118.0,279.0,1134.0,281.0,"0,13908","-0,04824","-0,98911","0,03595","-0,04779","-0,99821",,,Valid,Valid,"234,3","101,4","513,6","292,5","101,3","511,6","306,5","76,4","310,9","76,8","0,6336","0,2592","0,6271","0,2585","0,6401","0,2600",thumbnail_grossTrial,thumbnail_grossTrial.png,1245.0,1080.0,337.0,0.0,798.0,692.0,Unclassified,17.0,327.0,,,,,,
27914,36700886,1400475972173,Eye Tracker,Participant0058,17.09.2021,Participant0058,Recording4,17.09.2021,17.09.2021,14:48:45.713,12:48:45.713,64514,Timeline2,Tobii I-VT (Fixation),1.145.28180,1080,1920,"10,00",704564043.0,,,,,,,,,,,,,,,,,Invalid,Invalid,,,,,,,,,,,,,,,,,thumbnail_grossTrial,thumbnail_grossTrial.png,1245.0,1080.0,337.0,0.0,798.0,692.0,EyesNotFound,8.0,297.0,,,,,,
27915,36709202,1400475980489,Eye Tracker,Participant0058,17.09.2021,Participant0058,Recording4,17.09.2021,17.09.2021,14:48:45.713,12:48:45.713,64514,Timeline2,Tobii I-VT (Fixation),1.145.28180,1080,1920,"10,00",704572359.0,,,1125.0,275.0,1115.0,279.0,1136.0,271.0,"0,13699","-0,04828","-0,98940","0,03667","-0,05288","-0,99793",,,Valid,Valid,"234,4","101,4","513,5","292,5","101,3","511,5","305,5","76,4","311,3","74,2","0,6327","0,2547","0,6241","0,2584","0,6413","0,2510",thumbnail_grossTrial,thumbnail_grossTrial.png,1245.0,1080.0,337.0,0.0,798.0,692.0,Unclassified,17.0,328.0,,,,,,
27916,36717604,1400475988891,Eye Tracker,Participant0058,17.09.2021,Participant0058,Recording4,17.09.2021,17.09.2021,14:48:45.713,12:48:45.713,64514,Timeline2,Tobii I-VT (Fixation),1.145.28180,1080,1920,"10,00",704580760.0,,,1130.0,269.0,1113.0,281.0,1146.0,257.0,"0,13644","-0,04705","-0,98953","0,04200","-0,06046","-0,99729",,,Valid,Valid,"234,3","101,4","513,6","292,5","101,3","511,6","305,1","77,0","314,1","70,3","0,6362","0,2492","0,6231","0,2605","0,6493","0,2379",thumbnail_grossTrial,thumbnail_grossTrial.png,1245.0,1080.0,337.0,0.0,798.0,692.0,Unclassified,17.0,328.0,,,,,,
27917,36725877,1400475997164,Eye Tracker,Participant0058,17.09.2021,Participant0058,Recording4,17.09.2021,17.09.2021,14:48:45.713,12:48:45.713,64514,Timeline2,Tobii I-VT (Fixation),1.145.28180,1080,1920,"10,00",704589033.0,,,,,,,,,,,,,,,,,Invalid,Invalid,,,,,,,,,,,,,,,,,thumbnail_grossTrial,thumbnail_grossTrial.png,1245.0,1080.0,337.0,0.0,798.0,692.0,EyesNotFound,8.0,298.0,,,,,,
27918,36734221,1400476005508,Eye Tracker,Participant0058,17.09.2021,Participant0058,Recording4,17.09.2021,17.09.2021,14:48:45.713,12:48:45.713,64514,Timeline2,Tobii I-VT (Fixation),1.145.28180,1080,1920,"10,00",704597377.0,,,1131.0,263.0,1120.0,282.0,1141.0,244.0,"0,13982","-0,04650","-0,98908","0,03941","-0,06700","-0,99697",,,Valid,Valid,"234,4","101,4","513,7","292,6","101,3","511,6","307,0","77,2","312,8","66,9","0,6370","0,2438","0,6285","0,2613","0,6456","0,2264",thumbnail_grossTrial,thumbnail_grossTrial.png,1245.0,1080.0,337.0,0.0,798.0,692.0,Unclassified,17.0,329.0,,,,,,
27919,36742554,1400476013841,Eye Tracker,Participant0058,17.09.2021,Participant0058,Recording4,17.09.2021,17.09.2021,14:48:45.713,12:48:45.713,64514,Timeline2,Tobii I-VT (Fixation),1.145.28180,1080,1920,"10,00",704605710.0,,,1125.0,267.0,1114.0,274.0,1135.0,260.0,"0,13690","-0,05084","-0,98928","0,03634","-0,05897","-0,99760",,,Valid,Valid,"234,3","101,4","513,8","292,5","101,3","511,7","305,4","75,0","311,2","71,1","0,6323","0,2471","0,6239","0,2537","0,6408","0,2404",thumbnail_grossTrial,thumbnail_grossTrial.png,1245.0,1080.0,337.0,0.0,798.0,692.0,Unclassified,17.0,329.0,,,,,,
27920,36750880,1400476022167,Eye Tracker,Participant0058,17.09.2021,Participant0058,Recording4,17.09.2021,17.09.2021,14:48:45.713,12:48:45.713,64514,Timeline2,Tobii I-VT (Fixation),1.145.28180,1080,1920,"10,00",704614035.0,,,,,,,,,,,,,,,,,Invalid,Invalid,,,,,,,,,,,,,,,,,thumbnail_grossTrial,thumbnail_grossTrial.png,1245.0,1080.0,337.0,0.0,798.0,692.0,EyesNotFound,8.0,299.0,,,,,,
27921,36759210,1400476030497,Eye Tracker,Participant0058,17.09.2021,Participant0058,Recording4,17.09.2021,17.09.2021,14:48:45.713,12:48:45.713,64514,Timeline2,Tobii I-VT (Fixation),1.145.28180,1080,1920,"10,00",704622365.0,,,1132.0,278.0,1120.0,277.0,1145.0,280.0,"0,13967","-0,04938","-0,98897","0,04131","-0,04812","-0,99799",,,Valid,Valid,"234,3","101,3","513,9","292,6","101,2","511,7","306,9","75,7","313,8","76,6","0,6384","0,2576","0,6283","0,2561","0,6484","0,2590",thumbnail_grossTrial,thumbnail_grossTrial.png,1245.0,1080.0,337.0,0.0,798.0,692.0,Unclassified,17.0,330.0,,,,,,
27922,36767545,1400476038832,Eye Tracker,Participant0058,17.09.2021,Participant0058,Recording4,17.09.2021,17.09.2021,14:48:45.713,12:48:45.713,64514,Timeline2,Tobii I-VT (Fixation),1.145.28180,1080,1920,"10,00",704630700.0,,,1136.0,265.0,1115.0,265.0,1158.0,265.0,"0,13727","-0,05557","-0,98897","0,04822","-0,05587","-0,99727",,,Valid,Valid,"234,3","101,3","514,0","292,5","101,3","511,8","305,6","72,5","317,3","72,6","0,6416","0,2454","0,6245","0,2451","0,6587","0,2456",thumbnail_grossTrial,thumbnail_grossTrial.png,1245.0,1080.0,337.0,0.0,798.0,692.0,Unclassified,17.0,330.0,,,,,,
27923,36775849,1400476047136,Eye Tracker,Participant0058,17.09.2021,Participant0058,Recording4,17.09.2021,17.09.2021,14:48:45.713,12:48:45.713,64514,Timeline2,Tobii I-VT (Fixation),1.145.28180,1080,1920,"10,00",704639003.0,,,,,,,,,,,,,,,,,Invalid,Invalid,,,,,,,,,,,,,,,,,thumbnail_grossTrial,thumbnail_grossTrial.png,1245.0,1080.0,337.0,0.0,798.0,692.0,EyesNotFound,8.0,300.0,,,,,,
27924,36784186,1400476055473,Eye Tracker,Participant0058,17.09.2021,Participant0058,Recording4,17.09.2021,17.09.2021,14:48:45.713,12:48:45.713,64514,Timeline2,Tobii I-VT (Fixation),1.145.28180,1080,1920,"10,00",704647340.0,,,1124.0,255.0,1096.0,255.0,1151.0,255.0,"0,12735","-0,06045","-0,99001","0,04441","-0,06105","-0,99715",,,Valid,Valid,"234,3","101,3","514,1","292,6","101,2","511,9","300,5","69,9","315,4","69,9","0,6313","0,2364","0,6094","0,2365","0,6532","0,2364",thumbnail_grossTrial,thumbnail_grossTrial.png,1245.0,1080.0,337.0,0.0,798.0,692.0,Unclassified,17.0,331.0,,,,,,
27925,36792561,1400476063848,Eye Tracker,Participant0058,17.09.2021,Participant0058,Recording4,17.09.2021,17.09.2021,14:48:45.713,12:48:45.713,64514,Timeline2,Tobii I-VT (Fixation),1.145.28180,1080,1920,"10,00",704655715.0,,,1125.0,266.0,1100.0,266.0,1150.0,265.0,"0,12947","-0,05469","-0,99007","0,04410","-0,05585","-0,99746",,,Valid,Valid,"234,3","101,3","514,2","292,5","101,2","512,0","301,5","72,9","315,2","72,5","0,6325","0,2460","0,6125","0,2466","0,6525","0,2455",thumbnail_grossTrial,thumbnail_grossTrial.png,1245.0,1080.0,337.0,0.0,798.0,692.0,Unclassified,17.0,331.0,,,,,,
27926,36800851,1400476072138,Eye Tracker,Participant0058,17.09.2021,Participant0058,Recording4,17.09.2021,17.09.2021,14:48:45.713,12:48:45.713,64514,Timeline2,Tobii I-VT (Fixation),1.145.28180,1080,1920,"10,00",704664004.0,,,,,,,,,,,,,,,,,Invalid,Invalid,,,,,,,,,,,,,,,,,thumbnail_grossTrial,thumbnail_grossTrial.png,1245.0,1080.0,337.0,0.0,798.0,692.0,EyesNotFound,8.0,301.0,,,,,,
27927,36809224,1400476080511,Eye Tracker,Participant0058,17.09.2021,Participant0058,Recording4,17.09.2021,17.09.2021,14:48:45.713,12:48:45.713,64514,Timeline2,Tobii I-VT (Fixation),1.145.28180,1080,1920,"10,00",704672377.0,,,1136.0,284.0,1119.0,295.0,1154.0,274.0,"0,13899","-0,03954","-0,98950","0,04628","-0,05096","-0,99763",,,Valid,Valid,"234,3","101,2","514,2","292,6","101,1","512,1","306,6","80,7","316,4","75,0","0,6417","0,2633","0,6273","0,2730","0,6561","0,2537",thumbnail_grossTrial,thumbnail_grossTrial.png,1245.0,1080.0,337.0,0.0,798.0,692.0,Unclassified,17.0,332.0,,,,,,
27928,36817512,1400476088799,Eye Tracker,Participant0058,17.09.2021,Participant0058,Recording4,17.09.2021,17.09.2021,14:48:45.713,12:48:45.713,64514,Timeline2,Tobii I-VT (Fixation),1.145.28180,1080,1920,"10,00",704680665.0,,,1119.0,294.0,1088.0,312.0,1151.0,277.0,"0,12323","-0,03059","-0,99191","0,04452","-0,04948","-0,99778",,,Valid,Valid,"234,3","101,2","514,3","292,6","101,2","512,2","298,2","85,4","315,4","75,8","0,6280","0,2726","0,6027","0,2888","0,6533","0,2563",thumbnail_grossTrial,thumbnail_grossTrial.png,1245.0,1080.0,337.0,0.0,798.0,692.0,Unclassified,17.0,332.0,,,,,,
27929,36825892,1400476097179,Eye Tracker,Participant0058,17.09.2021,Participant0058,Recording4,17.09.2021,17.09.2021,14:48:45.713,12:48:45.713,64514,Timeline2,Tobii I-VT (Fixation),1.145.28180,1080,1920,"10,00",704689044.0,,,,,,,,,,,,,,,,,Invalid,Invalid,,,,,,,,,,,,,,,,,thumbnail_grossTrial,thumbnail_grossTrial.png,1245.0,1080.0,337.0,0.0,798.0,692.0,EyesNotFound,8.0,302.0,,,,,,
27930,36834213,1400476105500,Eye Tracker,Participant0058,17.09.2021,Participant0058,Recording4,17.09.2021,17.09.2021,14:48:45.713,12:48:45.713,64514,Timeline2,Tobii I-VT (Fixation),1.145.28180,1080,1920,"10,00",704697365.0,,,1132.0,268.0,1119.0,258.0,1146.0,279.0,"0,13879","-0,05898","-0,98856","0,04158","-0,04816","-0,99797",,,Valid,Valid,"234,4","101,2","514,4","292,6","101,1","512,2","306,6","70,5","314,0","76,3","0,6382","0,2484","0,6273","0,2385","0,6491","0,2583",thumbnail_grossTrial,thumbnail_grossTrial.png,1245.0,1080.0,337.0,0.0,798.0,692.0,Unclassified,17.0,333.0,,,,,,
27931,36842558,1400476113845,Eye Tracker,Participant0058,17.09.2021,Participant0058,Recording4,17.09.2021,17.09.2021,14:48:45.713,12:48:45.713,64514,Timeline2,Tobii I-VT (Fixation),1.145.28180,1080,1920,"10,00",704705710.0,,,1125.0,283.0,1105.0,278.0,1144.0,289.0,"0,13210","-0,04832","-0,99006","0,04089","-0,04286","-0,99824",,,Valid,Valid,"234,3","101,1","514,4","292,6","101,1","512,3","302,9","76,0","313,6","79,1","0,6322","0,2624","0,6166","0,2573","0,6478","0,2675",thumbnail_grossTrial,thumbnail_grossTrial.png,1245.0,1080.0,337.0,0.0,798.0,692.0,Unclassified,17.0,333.0,,,,,,
27932,36850840,1400476122127,Eye Tracker,Participant0058,17.09.2021,Participant0058,Recording4,17.09.2021,17.09.2021,14:48:45.713,12:48:45.713,64514,Timeline2,Tobii I-VT (Fixation),1.145.28180,1080,1920,"10,00",704713992.0,,,,,,,,,,,,,,,,,Invalid,Invalid,,,,,,,,,,,,,,,,,thumbnail_grossTrial,thumbnail_grossTrial.png,1245.0,1080.0,337.0,0.0,798.0,692.0,EyesNotFound,8.0,303.0,,,,,,
27933,36859205,1400476130492,Eye Tracker,Participant0058,17.09.2021,Participant0058,Recording4,17.09.2021,17.09.2021,14:48:45.713,12:48:45.713,64514,Timeline2,Tobii I-VT (Fixation),1.145.28180,1080,1920,"10,00",704722356.0,,,1130.0,284.0,1114.0,288.0,1146.0,281.0,"0,13635","-0,04299","-0,98973","0,04165","-0,04725","-0,99801",,,Valid,Valid,"234,3","101,1","514,4","292,6","101,0","512,2","305,2","78,8","314,0","76,8","0,6362","0,2631","0,6233","0,2665","0,6492","0,2597",thumbnail_grossTrial,thumbnail_grossTrial.png,1245.0,1080.0,337.0,0.0,798.0,692.0,Unclassified,17.0,334.0,,,,,,
27934,36867622,1400476138909,Eye Tracker,Participant0058,17.09.2021,Participant0058,Recording4,17.09.2021,17.09.2021,14:48:45.713,12:48:45.713,64514,Timeline2,Tobii I-VT (Fixation),1.145.28180,1080,1920,"10,00",704730773.0,,,1128.0,278.0,1112.0,290.0,1145.0,266.0,"0,13543","-0,04213","-0,98989","0,04133","-0,05519","-0,99762",,,Valid,Valid,"234,3","101,1","514,3","292,6","101,1","512,2","304,6","79,2","313,8","72,7","0,6351","0,2571","0,6217","0,2681","0,6485","0,2461",thumbnail_grossTrial,thumbnail_grossTrial.png,1245.0,1080.0,337.0,0.0,798.0,692.0,Unclassified,17.0,334.0,,,,,,
27935,36875869,1400476147156,Eye Tracker,Participant0058,17.09.2021,Participant0058,Recording4,17.09.2021,17.09.2021,14:48:45.713,12:48:45.713,64514,Timeline2,Tobii I-VT (Fixation),1.145.28180,1080,1920,"10,00",704739020.0,,,,,,,,,,,,,,,,,Invalid,Invalid,,,,,,,,,,,,,,,,,thumbnail_grossTrial,thumbnail_grossTrial.png,1245.0,1080.0,337.0,0.0,798.0,692.0,EyesNotFound,8.0,304.0,,,,,,
27936,36884214,1400476155501,Eye Tracker,Participant0058,17.09.2021,Participant0058,Recording4,17.09.2021,17.09.2021,14:48:45.713,12:48:45.713,64514,Timeline2,Tobii I-VT (Fixation),1.145.28180,1080,1920,"10,00",704747364.0,,,1125.0,272.0,1106.0,281.0,1144.0,263.0,"0,13237","-0,04671","-0,99010","0,04076","-0,05641","-0,99758",,,Valid,Valid,"234,3","101,1","514,2","292,6","101,0","512,1","303,1","76,9","313,5","72,1","0,6324","0,2520","0,6171","0,2601","0,6477","0,2439",thumbnail_grossTrial,thumbnail_grossTrial.png,1245.0,1080.0,337.0,0.0,798.0,692.0,Saccade,25.0,135.0,,,,,,
27937,36892507,1400476163794,Eye Tracker,Participant0058,17.09.2021,Participant0058,Recording4,17.09.2021,17.09.2021,14:48:45.713,12:48:45.713,64514,Timeline2,Tobii I-VT (Fixation),1.145.28180,1080,1920,"10,00",704755657.0,,,1128.0,272.0,1110.0,280.0,1145.0,264.0,"0,13446","-0,04737","-0,98979","0,04163","-0,05638","-0,99754",,,Valid,Valid,"234,3","101,2","514,2","292,6","101,1","512,1","304,1","76,5","313,9","72,2","0,6345","0,2516","0,6201","0,2590","0,6489","0,2441",thumbnail_grossTrial,thumbnail_grossTrial.png,1245.0,1080.0,337.0,0.0,798.0,692.0,Saccade,25.0,135.0,,,,,,
27938,36900837,1400476172124,Eye Tracker,Participant0058,17.09.2021,Participant0058,Recording4,17.09.2021,17.09.2021,14:48:45.713,12:48:45.713,64514,Timeline2,Tobii I-VT (Fixation),1.145.28180,1080,1920,"10,00",704763987.0,,,1130.0,298.0,,,1130.0,298.0,,,,"0,03346","-0,03772","-0,99873",,"4,54",Invalid,Valid,,,,"292,6","100,9","512,0",,,"309,8","81,5","0,6367","0,2759",,,"0,6367","0,2759",thumbnail_grossTrial,thumbnail_grossTrial.png,1245.0,1080.0,337.0,0.0,798.0,692.0,Saccade,25.0,135.0,,,,,,
27939,36909170,1400476180457,Eye Tracker,Participant0058,17.09.2021,Participant0058,Recording4,17.09.2021,17.09.2021,14:48:45.713,12:48:45.713,64514,Timeline2,Tobii I-VT (Fixation),1.145.28180,1080,1920,"10,00",704772319.0,,,1108.0,320.0,1108.0,284.0,1108.0,355.0,"0,13360","-0,04501","-0,99001","0,02169","-0,00784","-0,99973",,,Valid,Valid,"234,3","101,2","514,0","292,6","101,1","511,9","303,7","77,8","303,7","97,1","0,6190","0,2959","0,6189","0,2632","0,6190","0,3285",thumbnail_grossTrial,thumbnail_grossTrial.png,1245.0,1080.0,337.0,0.0,798.0,692.0,Unclassified,17.0,335.0,,,,,,
27940,36917588,1400476188875,Eye Tracker,Participant0058,17.09.2021,Participant0058,Recording4,17.09.2021,17.09.2021,14:48:45.713,12:48:45.713,64514,Timeline2,Tobii I-VT (Fixation),1.145.28180,1080,1920,"10,00",704780737.0,,,1110.0,318.0,1113.0,282.0,1108.0,355.0,"0,13615","-0,04623","-0,98961","0,02183","-0,00801","-0,99973",,,Valid,Valid,"234,3","101,2","514,0","292,5","101,2","511,9","305,0","77,2","303,7","97,1","0,6208","0,2948","0,6227","0,2612","0,6190","0,3285",thumbnail_grossTrial,thumbnail_grossTrial.png,1245.0,1080.0,337.0,0.0,798.0,692.0,Unclassified,17.0,335.0,,,,,,
27941,36925871,1400476197158,Eye Tracker,Participant0058,17.09.2021,Participant0058,Recording4,17.09.2021,17.09.2021,14:48:45.713,12:48:45.713,64514,Timeline2,Tobii I-VT (Fixation),1.145.28180,1080,1920,"10,00",704789020.0,,,1108.0,357.0,,,1108.0,357.0,,,,"0,02151","-0,00643","-0,99975",,"4,54",Invalid,Valid,,,,"292,6","101,0","511,7",,,"303,6","97,7","0,6186","0,3305",,,"0,6186","0,3305",thumbnail_grossTrial,thumbnail_grossTrial.png,1245.0,1080.0,337.0,0.0,798.0,692.0,Saccade,17.0,136.0,,,,,,
27942,36934216,1400476205503,Eye Tracker,Participant0058,17.09.2021,Participant0058,Recording4,17.09.2021,17.09.2021,14:48:45.713,12:48:45.713,64514,Timeline2,Tobii I-VT (Fixation),1.145.28180,1080,1920,"10,00",704797365.0,,,1134.0,296.0,1121.0,288.0,1147.0,304.0,"0,14029","-0,04317","-0,98917","0,04237","-0,03537","-0,99848",,,Valid,Valid,"234,4","101,3","513,7","292,6","101,3","511,5","307,2","78,9","314,3","83,1","0,6396","0,2741","0,6292","0,2669","0,6499","0,2813",thumbnail_grossTrial,thumbnail_grossTrial.png,1245.0,1080.0,337.0,0.0,798.0,692.0,Saccade,17.0,136.0,,,,,,
27943,36942541,1400476213828,Eye Tracker,Participant0058,17.09.2021,Participant0058,Recording4,17.09.2021,17.09.2021,14:48:45.713,12:48:45.713,64514,Timeline2,Tobii I-VT (Fixation),1.145.28180,1080,1920,"10,00",704805689.0,,,1123.0,299.0,1119.0,292.0,1128.0,307.0,"0,13942","-0,04148","-0,98936","0,03247","-0,03401","-0,99889",,,Valid,Valid,"234,3","101,4","513,5","292,5","101,4","511,3","306,7","79,9","309,1","84,0","0,6312","0,2772","0,6276","0,2702","0,6348","0,2842",thumbnail_grossTrial,thumbnail_grossTrial.png,1245.0,1080.0,337.0,0.0,798.0,692.0,Fixation,208.0,73.0,1120.0,298.0,"0,6283","0,2759",,
27944,36950862,1400476222149,Eye Tracker,Participant0058,17.09.2021,Participant0058,Recording4,17.09.2021,17.09.2021,14:48:45.713,12:48:45.713,64514,Timeline2,Tobii I-VT (Fixation),1.145.28180,1080,1920,"10,00",704814010.0,,,1121.0,321.0,,,1121.0,321.0,,,,"0,02889","-0,02608","-0,99924",,"4,53",Invalid,Valid,,,,"292,5","101,3","511,0",,,"307,3","87,9","0,6295","0,2975",,,"0,6295","0,2975",thumbnail_grossTrial,thumbnail_grossTrial.png,1245.0,1080.0,337.0,0.0,798.0,692.0,Fixation,208.0,73.0,1120.0,298.0,"0,6283","0,2759",,
27945,36959166,1400476230453,Eye Tracker,Participant0058,17.09.2021,Participant0058,Recording4,17.09.2021,17.09.2021,14:48:45.713,12:48:45.713,64514,Timeline2,Tobii I-VT (Fixation),1.145.28180,1080,1920,"10,00",704822314.0,,,1115.0,299.0,1109.0,281.0,1121.0,317.0,"0,13404","-0,04760","-0,98983","0,02882","-0,02895","-0,99917",,,Valid,Valid,"234,4","101,6","513,1","292,5","101,6","510,6","303,8","76,9","307,2","86,8","0,6243","0,2769","0,6194","0,2601","0,6293","0,2937",thumbnail_grossTrial,thumbnail_grossTrial.png,1245.0,1080.0,337.0,0.0,798.0,692.0,Fixation,208.0,73.0,1120.0,298.0,"0,6283","0,2759",,
27946,36967501,1400476238788,Eye Tracker,Participant0058,17.09.2021,Participant0058,Recording4,17.09.2021,17.09.2021,14:48:45.713,12:48:45.713,64514,Timeline2,Tobii I-VT (Fixation),1.145.28180,1080,1920,"10,00",704830648.0,,,1115.0,298.0,1106.0,284.0,1124.0,312.0,"0,13289","-0,04618","-0,99005","0,03045","-0,03214","-0,99902",,,Valid,Valid,"234,3","101,7","512,9","292,4","101,8","510,4","303,2","77,7","308,0","85,4","0,6244","0,2759","0,6173","0,2630","0,6314","0,2888",thumbnail_grossTrial,thumbnail_grossTrial.png,1245.0,1080.0,337.0,0.0,798.0,692.0,Fixation,208.0,73.0,1120.0,298.0,"0,6283","0,2759",,
27947,36975863,1400476247150,Eye Tracker,Participant0058,17.09.2021,Participant0058,Recording4,17.09.2021,17.09.2021,14:48:45.713,12:48:45.713,64514,Timeline2,Tobii I-VT (Fixation),1.145.28180,1080,1920,"10,00",704839010.0,,,1123.0,312.0,,,1123.0,312.0,,,,"0,03025","-0,03172","-0,99904",,"4,54",Invalid,Valid,,,,"292,4","101,7","510,0",,,"307,9","85,5","0,6311","0,2892",,,"0,6311","0,2892",thumbnail_grossTrial,thumbnail_grossTrial.png,1245.0,1080.0,337.0,0.0,798.0,692.0,Fixation,208.0,73.0,1120.0,298.0,"0,6283","0,2759",,
27948,36984190,1400476255477,Eye Tracker,Participant0058,17.09.2021,Participant0058,Recording4,17.09.2021,17.09.2021,14:48:45.713,12:48:45.713,64514,Timeline2,Tobii I-VT (Fixation),1.145.28180,1080,1920,"10,00",704847337.0,,,1116.0,301.0,1110.0,287.0,1122.0,316.0,"0,13489","-0,04521","-0,98983","0,02967","-0,03062","-0,99909",,,Valid,Valid,"234,4","101,8","512,4","292,4","102,0","509,7","304,2","78,4","307,5","86,4","0,6253","0,2788","0,6204","0,2653","0,6302","0,2923",thumbnail_grossTrial,thumbnail_grossTrial.png,1245.0,1080.0,337.0,0.0,798.0,692.0,Fixation,208.0,73.0,1120.0,298.0,"0,6283","0,2759",,
27949,36992530,1400476263817,Eye Tracker,Participant0058,17.09.2021,Participant0058,Recording4,17.09.2021,17.09.2021,14:48:45.713,12:48:45.713,64514,Timeline2,Tobii I-VT (Fixation),1.145.28180,1080,1920,"10,00",704855676.0,,,1115.0,305.0,1112.0,285.0,1117.0,325.0,"0,13630","-0,04622","-0,98959","0,02701","-0,02601","-0,99930",,,Valid,Valid,"234,3","101,9","512,3","292,3","102,2","509,4","304,9","78,0","306,1","88,9","0,6242","0,2824","0,6223","0,2639","0,6260","0,3008",thumbnail_grossTrial,thumbnail_grossTrial.png,1245.0,1080.0,337.0,0.0,798.0,692.0,Fixation,208.0,73.0,1120.0,298.0,"0,6283","0,2759",,
27950,37000949,1400476272236,Eye Tracker,Participant0058,17.09.2021,Participant0058,Recording4,17.09.2021,17.09.2021,14:48:45.713,12:48:45.713,64514,Timeline2,Tobii I-VT (Fixation),1.145.28180,1080,1920,"10,00",704864095.0,,,1117.0,323.0,,,1117.0,323.0,,,,"0,02737","-0,02691","-0,99926",,"4,55",Invalid,Valid,,,,"292,3","102,1","509,1",,,"306,3","88,4","0,6265","0,2990",,,"0,6265","0,2990",thumbnail_grossTrial,thumbnail_grossTrial.png,1245.0,1080.0,337.0,0.0,798.0,692.0,Fixation,208.0,73.0,1120.0,298.0,"0,6283","0,2759",,
27951,37009161,1400476280448,Eye Tracker,Participant0058,17.09.2021,Participant0058,Recording4,17.09.2021,17.09.2021,14:48:45.713,12:48:45.713,64514,Timeline2,Tobii I-VT (Fixation),1.145.28180,1080,1920,"10,00",704872307.0,,,1119.0,310.0,1120.0,298.0,1118.0,322.0,"0,14011","-0,03973","-0,98934","0,02792","-0,02777","-0,99922",,,Valid,Valid,"234,4","102,0","511,9","292,3","102,4","508,8","306,9","81,5","306,5","88,2","0,6277","0,2871","0,6282","0,2757","0,6271","0,2986",thumbnail_grossTrial,thumbnail_grossTrial.png,1245.0,1080.0,337.0,0.0,798.0,692.0,Fixation,208.0,73.0,1120.0,298.0,"0,6283","0,2759",,
27952,37017537,1400476288824,Eye Tracker,Participant0058,17.09.2021,Participant0058,Recording4,17.09.2021,17.09.2021,14:48:45.713,12:48:45.713,64514,Timeline2,Tobii I-VT (Fixation),1.145.28180,1080,1920,"10,00",704880683.0,,,1116.0,309.0,1112.0,295.0,1120.0,323.0,"0,13625","-0,04116","-0,98982","0,02893","-0,02770","-0,99920",,,Valid,Valid,"234,3","102,1","511,8","292,2","102,5","508,6","304,8","80,8","307,0","88,4","0,6253","0,2864","0,6221","0,2735","0,6285","0,2992",thumbnail_grossTrial,thumbnail_grossTrial.png,1245.0,1080.0,337.0,0.0,798.0,692.0,Fixation,208.0,73.0,1120.0,298.0,"0,6283","0,2759",,
27953,37025944,1400476297231,Eye Tracker,Participant0058,17.09.2021,Participant0058,Recording4,17.09.2021,17.09.2021,14:48:45.713,12:48:45.713,64514,Timeline2,Tobii I-VT (Fixation),1.145.28180,1080,1920,"10,00",704889089.0,,,,,,,,,,,,,,,,,Invalid,Invalid,,,,,,,,,,,,,,,,,thumbnail_grossTrial,thumbnail_grossTrial.png,1245.0,1080.0,337.0,0.0,798.0,692.0,Fixation,208.0,73.0,1120.0,298.0,"0,6283","0,2759",,
27954,37034241,1400476305528,Eye Tracker,Participant0058,17.09.2021,Participant0058,Recording4,17.09.2021,17.09.2021,14:48:45.713,12:48:45.713,64514,Timeline2,Tobii I-VT (Fixation),1.145.28180,1080,1920,"10,00",704897386.0,,,1112.0,302.0,1106.0,281.0,1118.0,323.0,"0,13297","-0,04905","-0,98991","0,02795","-0,02816","-0,99921",,,Valid,Valid,"234,4","102,2","511,7","292,2","102,7","508,2","303,1","76,8","306,4","88,3","0,6221","0,2794","0,6172","0,2599","0,6270","0,2989",thumbnail_grossTrial,thumbnail_grossTrial.png,1245.0,1080.0,337.0,0.0,798.0,692.0,Fixation,208.0,73.0,1120.0,298.0,"0,6283","0,2759",,
27955,37042525,1400476313812,Eye Tracker,Participant0058,17.09.2021,Participant0058,Recording4,17.09.2021,17.09.2021,14:48:45.713,12:48:45.713,64514,Timeline2,Tobii I-VT (Fixation),1.145.28180,1080,1920,"10,00",704905670.0,,,1115.0,305.0,1116.0,286.0,1114.0,324.0,"0,13841","-0,04624","-0,98930","0,02555","-0,02766","-0,99929",,,Valid,Valid,"234,3","102,2","511,7","292,2","102,8","508,1","305,9","78,3","305,2","88,7","0,6244","0,2825","0,6255","0,2648","0,6233","0,3001",thumbnail_grossTrial,thumbnail_grossTrial.png,1245.0,1080.0,337.0,0.0,798.0,692.0,Fixation,208.0,73.0,1120.0,298.0,"0,6283","0,2759",,
27956,37050826,1400476322113,Eye Tracker,Participant0058,17.09.2021,Participant0058,Recording4,17.09.2021,17.09.2021,14:48:45.713,12:48:45.713,64514,Timeline2,Tobii I-VT (Fixation),1.145.28180,1080,1920,"10,00",704913970.0,,,,,,,,,,,,,,,,,Invalid,Invalid,,,,,,,,,,,,,,,,,thumbnail_grossTrial,thumbnail_grossTrial.png,1245.0,1080.0,337.0,0.0,798.0,692.0,Fixation,208.0,73.0,1120.0,298.0,"0,6283","0,2759",,
27957,37059222,1400476330509,Eye Tracker,Participant0058,17.09.2021,Participant0058,Recording4,17.09.2021,17.09.2021,14:48:45.713,12:48:45.713,64514,Timeline2,Tobii I-VT (Fixation),1.145.28180,1080,1920,"10,00",704922366.0,,,1124.0,289.0,1118.0,292.0,1130.0,286.0,"0,13924","-0,04290","-0,98933","0,03418","-0,04801","-0,99826",,,Valid,Valid,"234,4","102,1","511,8","292,2","102,8","507,8","306,4","80,0","309,6","78,4","0,6316","0,2679","0,6269","0,2705","0,6363","0,2652",thumbnail_grossTrial,thumbnail_grossTrial.png,1245.0,1080.0,337.0,0.0,798.0,692.0,Fixation,208.0,73.0,1120.0,298.0,"0,6283","0,2759",,
27958,37067493,1400476338780,Eye Tracker,Participant0058,17.09.2021,Participant0058,Recording4,17.09.2021,17.09.2021,14:48:45.713,12:48:45.713,64514,Timeline2,Tobii I-VT (Fixation),1.145.28180,1080,1920,"10,00",704930637.0,,,1126.0,293.0,1122.0,292.0,1130.0,293.0,"0,14156","-0,04296","-0,98900","0,03423","-0,04450","-0,99842",,,Valid,Valid,"234,3","102,1","511,8","292,2","102,9","507,8","307,6","79,9","309,6","80,2","0,6333","0,2709","0,6304","0,2704","0,6363","0,2715",thumbnail_grossTrial,thumbnail_grossTrial.png,1245.0,1080.0,337.0,0.0,798.0,692.0,Fixation,208.0,73.0,1120.0,298.0,"0,6283","0,2759",,
27959,37075825,1400476347112,Eye Tracker,Participant0058,17.09.2021,Participant0058,Recording4,17.09.2021,17.09.2021,14:48:45.713,12:48:45.713,64514,Timeline2,Tobii I-VT (Fixation),1.145.28180,1080,1920,"10,00",704938968.0,,,,,,,,,,,,,,,,,Invalid,Invalid,,,,,,,,,,,,,,,,,thumbnail_grossTrial,thumbnail_grossTrial.png,1245.0,1080.0,337.0,0.0,798.0,692.0,Fixation,208.0,73.0,1120.0,298.0,"0,6283","0,2759",,
27960,37084195,1400476355482,Eye Tracker,Participant0058,17.09.2021,Participant0058,Recording4,17.09.2021,17.09.2021,14:48:45.713,12:48:45.713,64514,Timeline2,Tobii I-VT (Fixation),1.145.28180,1080,1920,"10,00",704947338.0,,,1126.0,284.0,1119.0,288.0,1134.0,280.0,"0,13945","-0,04468","-0,98922","0,03659","-0,05159","-0,99800",,,Valid,Valid,"234,4","102,1","511,9","292,2","102,8","507,7","306,6","78,9","310,9","76,6","0,6336","0,2631","0,6274","0,2671","0,6399","0,2592",thumbnail_grossTrial,thumbnail_grossTrial.png,1245.0,1080.0,337.0,0.0,798.0,692.0,Fixation,208.0,73.0,1120.0,298.0,"0,6283","0,2759",,
27961,37092527,1400476363814,Eye Tracker,Participant0058,17.09.2021,Participant0058,Recording4,17.09.2021,17.09.2021,14:48:45.713,12:48:45.713,64514,Timeline2,Tobii I-VT (Fixation),1.145.28180,1080,1920,"10,00",704955670.0,,,1134.0,275.0,1122.0,286.0,1146.0,265.0,"0,14128","-0,04607","-0,98890","0,04314","-0,05957","-0,99729",,,Valid,Valid,"234,4","102,0","512,0","292,2","102,9","507,8","307,5","78,2","314,2","72,6","0,6399","0,2550","0,6301","0,2645","0,6496","0,2455",thumbnail_grossTrial,thumbnail_grossTrial.png,1245.0,1080.0,337.0,0.0,798.0,692.0,Fixation,208.0,73.0,1120.0,298.0,"0,6283","0,2759",,
27962,37100822,1400476372109,Eye Tracker,Participant0058,17.09.2021,Participant0058,Recording4,17.09.2021,17.09.2021,14:48:45.713,12:48:45.713,64514,Timeline2,Tobii I-VT (Fixation),1.145.28180,1080,1920,"10,00",704963965.0,,,1126.0,293.0,,,1126.0,293.0,,,,"0,03218","-0,04441","-0,99849",,"4,58",Invalid,Valid,,,,"292,3","102,7","507,7",,,"308,6","80,1","0,6333","0,2712",,,"0,6333","0,2712",thumbnail_grossTrial,thumbnail_grossTrial.png,1245.0,1080.0,337.0,0.0,798.0,692.0,Fixation,208.0,73.0,1120.0,298.0,"0,6283","0,2759",,
27963,37109155,1400476380442,Eye Tracker,Participant0058,17.09.2021,Participant0058,Recording4,17.09.2021,17.09.2021,14:48:45.713,12:48:45.713,64514,Timeline2,Tobii I-VT (Fixation),1.145.28180,1080,1920,"10,00",704972297.0,,,1121.0,292.0,1122.0,285.0,1119.0,299.0,"0,14105","-0,04616","-0,98893","0,02855","-0,04118","-0,99874",,,Valid,Valid,"234,4","101,9","512,2","292,2","102,8","507,7","307,5","78,0","306,8","81,9","0,6289","0,2706","0,6299","0,2640","0,6279","0,2771",thumbnail_grossTrial,thumbnail_grossTrial.png,1245.0,1080.0,337.0,0.0,798.0,692.0,Fixation,208.0,73.0,1120.0,298.0,"0,6283","0,2759",,
27964,37117510,1400476388797,Eye Tracker,Participant0058,17.09.2021,Participant0058,Recording4,17.09.2021,17.09.2021,14:48:45.713,12:48:45.713,64514,Timeline2,Tobii I-VT (Fixation),1.145.28180,1080,1920,"10,00",704980652.0,,,1119.0,295.0,1123.0,289.0,1115.0,301.0,"0,14164","-0,04400","-0,98894","0,02627","-0,04015","-0,99885",,,Valid,Valid,"234,4","101,9","512,3","292,2","102,9","507,8","307,7","79,1","305,6","82,4","0,6276","0,2733","0,6307","0,2677","0,6244","0,2790",thumbnail_grossTrial,thumbnail_grossTrial.png,1245.0,1080.0,337.0,0.0,798.0,692.0,Fixation,208.0,73.0,1120.0,298.0,"0,6283","0,2759",,
27965,37125833,1400476397120,Eye Tracker,Participant0058,17.09.2021,Participant0058,Recording4,17.09.2021,17.09.2021,14:48:45.713,12:48:45.713,64514,Timeline2,Tobii I-VT (Fixation),1.145.28180,1080,1920,"10,00",704988975.0,,,1116.0,301.0,,,1116.0,301.0,,,,"0,02662","-0,04006","-0,99884",,"4,59",Invalid,Valid,,,,"292,3","102,7","507,8",,,"305,8","82,3","0,6250","0,2786",,,"0,6250","0,2786",thumbnail_grossTrial,thumbnail_grossTrial.png,1245.0,1080.0,337.0,0.0,798.0,692.0,Fixation,208.0,73.0,1120.0,298.0,"0,6283","0,2759",,
27966,37134192,1400476405479,Eye Tracker,Participant0058,17.09.2021,Participant0058,Recording4,17.09.2021,17.09.2021,14:48:45.713,12:48:45.713,64514,Timeline2,Tobii I-VT (Fixation),1.145.28180,1080,1920,"10,00",704997333.0,,,1123.0,292.0,1128.0,277.0,1119.0,306.0,"0,14395","-0,05019","-0,98831","0,02863","-0,03736","-0,99889",,,Valid,Valid,"234,4","101,8","512,4","292,2","102,8","507,8","309,0","75,8","306,8","83,8","0,6313","0,2700","0,6345","0,2565","0,6280","0,2835",thumbnail_grossTrial,thumbnail_grossTrial.png,1245.0,1080.0,337.0,0.0,798.0,692.0,Fixation,208.0,73.0,1120.0,298.0,"0,6283","0,2759",,
27967,37142553,1400476413840,Eye Tracker,Participant0058,17.09.2021,Participant0058,Recording4,17.09.2021,17.09.2021,14:48:45.713,12:48:45.713,64514,Timeline2,Tobii I-VT (Fixation),1.145.28180,1080,1920,"10,00",705005694.0,,,1124.0,293.0,1127.0,280.0,1121.0,305.0,"0,14378","-0,04871","-0,98841","0,02943","-0,03782","-0,99885",,,Valid,Valid,"234,3","101,8","512,5","292,2","102,8","507,9","308,9","76,6","307,2","83,6","0,6316","0,2709","0,6341","0,2590","0,6291","0,2828",thumbnail_grossTrial,thumbnail_grossTrial.png,1245.0,1080.0,337.0,0.0,798.0,692.0,Fixation,208.0,73.0,1120.0,298.0,"0,6283","0,2759",,
27968,37150817,1400476422104,Eye Tracker,Participant0058,17.09.2021,Participant0058,Recording4,17.09.2021,17.09.2021,14:48:45.713,12:48:45.713,64514,Timeline2,Tobii I-VT (Fixation),1.145.28180,1080,1920,"10,00",705013958.0,,,,,,,,,,,,,,,,,Invalid,Invalid,,,,,,,,,,,,,,,,,thumbnail_grossTrial,thumbnail_grossTrial.png,1245.0,1080.0,337.0,0.0,798.0,692.0,EyesNotFound,8.0,305.0,,,,,,
27969,37159232,1400476430519,Eye Tracker,Participant0058,17.09.2021,Participant0058,Recording4,17.09.2021,17.09.2021,14:48:45.713,12:48:45.713,64514,Timeline2,Tobii I-VT (Fixation),1.145.28180,1080,1920,"10,00",705022372.0,,,1126.0,291.0,1130.0,286.0,1122.0,297.0,"0,14533","-0,04542","-0,98834","0,03018","-0,04227","-0,99865",,,Valid,Valid,"234,4","101,7","512,6","292,2","102,8","507,9","309,8","78,2","307,6","81,3","0,6335","0,2697","0,6367","0,2645","0,6303","0,2749",thumbnail_grossTrial,thumbnail_grossTrial.png,1245.0,1080.0,337.0,0.0,798.0,692.0,Saccade,58.0,137.0,,,,,,
27970,37167498,1400476438785,Eye Tracker,Participant0058,17.09.2021,Participant0058,Recording4,17.09.2021,17.09.2021,14:48:45.713,12:48:45.713,64514,Timeline2,Tobii I-VT (Fixation),1.145.28180,1080,1920,"10,00",705030638.0,,,1118.0,251.0,1107.0,211.0,1129.0,291.0,"0,13287","-0,08441","-0,98753","0,03365","-0,04558","-0,99839",,,Valid,Valid,"234,4","101,7","512,7","292,2","102,8","508,0","303,3","57,9","309,3","79,6","0,6267","0,2325","0,6179","0,1957","0,6354","0,2692",thumbnail_grossTrial,thumbnail_grossTrial.png,1245.0,1080.0,337.0,0.0,798.0,692.0,Saccade,58.0,137.0,,,,,,
27971,37175820,1400476447107,Eye Tracker,Participant0058,17.09.2021,Participant0058,Recording4,17.09.2021,17.09.2021,14:48:45.713,12:48:45.713,64514,Timeline2,Tobii I-VT (Fixation),1.145.28180,1080,1920,"10,00",705038960.0,,,1144.0,258.0,,,1144.0,258.0,,,,"0,04165","-0,06246","-0,99718",,"4,62",Invalid,Valid,,,,"292,3","102,5","508,0",,,"313,5","70,7","0,6476","0,2393",,,"0,6476","0,2393",thumbnail_grossTrial,thumbnail_grossTrial.png,1245.0,1080.0,337.0,0.0,798.0,692.0,Saccade,58.0,137.0,,,,,,
27972,37184190,1400476455477,Eye Tracker,Participant0058,17.09.2021,Participant0058,Recording4,17.09.2021,17.09.2021,14:48:45.713,12:48:45.713,64514,Timeline2,Tobii I-VT (Fixation),1.145.28180,1080,1920,"10,00",705047330.0,,,1152.0,178.0,1139.0,166.0,1165.0,190.0,"0,14852","-0,10683","-0,98312","0,05276","-0,09846","-0,99374",,,Valid,Valid,"234,5","101,2","513,4","292,3","102,3","508,5","312,1","45,4","319,3","51,9","0,6541","0,1646","0,6435","0,1537","0,6647","0,1756",thumbnail_grossTrial,thumbnail_grossTrial.png,1245.0,1080.0,337.0,0.0,798.0,692.0,Saccade,58.0,137.0,,,,,,
27973,37192492,1400476463779,Eye Tracker,Participant0058,17.09.2021,Participant0058,Recording4,17.09.2021,17.09.2021,14:48:45.713,12:48:45.713,64514,Timeline2,Tobii I-VT (Fixation),1.145.28180,1080,1920,"10,00",705055631.0,,,1181.0,91.0,1170.0,72.0,1192.0,110.0,"0,16328","-0,15466","-0,97438","0,06703","-0,14002","-0,98788",,,Valid,Valid,"234,5","101,1","513,6","292,3","102,3","508,7","320,6","19,6","326,8","30,2","0,6775","0,0843","0,6684","0,0664","0,6866","0,1022",thumbnail_grossTrial,thumbnail_grossTrial.png,1245.0,1080.0,337.0,0.0,798.0,692.0,Saccade,58.0,137.0,,,,,,
27974,37200857,1400476472144,Eye Tracker,Participant0058,17.09.2021,Participant0058,Recording4,17.09.2021,17.09.2021,14:48:45.713,12:48:45.713,64514,Timeline2,Tobii I-VT (Fixation),1.145.28180,1080,1920,"10,00",705063996.0,,,1202.0,92.0,,,1202.0,92.0,,,,"0,07163","-0,14919","-0,98621",,"4,59",Invalid,Valid,,,,"292,4","102,2","508,8",,,"329,3","25,2","0,6940","0,0853",,,"0,6940","0,0853",thumbnail_grossTrial,thumbnail_grossTrial.png,1245.0,1080.0,337.0,0.0,798.0,692.0,Saccade,58.0,137.0,,,,,,
27975,37209185,1400476480472,Eye Tracker,Participant0058,17.09.2021,Participant0058,Recording4,17.09.2021,17.09.2021,14:48:45.713,12:48:45.713,64514,Timeline2,Tobii I-VT (Fixation),1.145.28180,1080,1920,"10,00",705072324.0,,,1179.0,113.0,1187.0,87.0,1171.0,139.0,"0,17178","-0,14640","-0,97420","0,05549","-0,12476","-0,99063",,,Valid,Valid,"234,6","101,0","514,0","292,4","102,1","509,1","325,2","23,7","320,9","38,0","0,6757","0,1044","0,6821","0,0803","0,6694","0,1285",thumbnail_grossTrial,thumbnail_grossTrial.png,1245.0,1080.0,337.0,0.0,798.0,692.0,Saccade,58.0,137.0,,,,,,
27976,37217482,1400476488769,Eye Tracker,Participant0058,17.09.2021,Participant0058,Recording4,17.09.2021,17.09.2021,14:48:45.713,12:48:45.713,64514,Timeline2,Tobii I-VT (Fixation),1.145.28180,1080,1920,"10,00",705080620.0,,,1171.0,139.0,,,1171.0,139.0,,,,"0,05550","-0,12443","-0,99067",,,Invalid,Valid,,,,"292,4","102,0","509,6",,,"320,9","38,0","0,6694","0,1285",,,"0,6694","0,1285",thumbnail_grossTrial,thumbnail_grossTrial.png,1245.0,1080.0,337.0,0.0,798.0,692.0,Unclassified,8.0,336.0,,,,,,
27977,37225813,1400476497100,Eye Tracker,Participant0058,17.09.2021,Participant0058,Recording4,17.09.2021,17.09.2021,14:48:45.713,12:48:45.713,64514,Timeline2,Tobii I-VT (Fixation),1.145.28180,1080,1920,"10,00",705088951.0,,,1171.0,138.0,,,1171.0,138.0,,,,"0,05532","-0,12451","-0,99068",,"4,61",Invalid,Valid,,,,"292,5","101,9","509,5",,,"320,9","37,9","0,6694","0,1281",,,"0,6694","0,1281",thumbnail_grossTrial,thumbnail_grossTrial.png,1245.0,1080.0,337.0,0.0,798.0,692.0,Saccade,17.0,138.0,,,,,,
27978,37234143,1400476505430,Eye Tracker,Participant0058,17.09.2021,Participant0058,Recording4,17.09.2021,17.09.2021,14:48:45.713,12:48:45.713,64514,Timeline2,Tobii I-VT (Fixation),1.145.28180,1080,1920,"10,00",705097281.0,,,1199.0,76.0,1185.0,60.0,1212.0,93.0,"0,17077","-0,16014","-0,97221","0,07711","-0,14849","-0,98590",,,Valid,Valid,"234,6","101,0","514,0","292,5","102,0","509,2","324,9","16,3","332,3","25,3","0,6918","0,0704","0,6811","0,0551","0,7026","0,0857",thumbnail_grossTrial,thumbnail_grossTrial.png,1245.0,1080.0,337.0,0.0,798.0,692.0,Saccade,17.0,138.0,,,,,,
27979,37242518,1400476513805,Eye Tracker,Participant0058,17.09.2021,Participant0058,Recording4,17.09.2021,17.09.2021,14:48:45.713,12:48:45.713,64514,Timeline2,Tobii I-VT (Fixation),1.145.28180,1080,1920,"10,00",705105655.0,,,1208.0,102.0,,,1208.0,102.0,,,,"0,07491","-0,14439","-0,98668",,,Invalid,Valid,,,,"292,3","102,3","508,7",,,"330,9","27,9","0,6987","0,0943",,,"0,6987","0,0943",thumbnail_grossTrial,thumbnail_grossTrial.png,1245.0,1080.0,337.0,0.0,798.0,692.0,Unclassified,8.0,337.0,,,,,,
27980,37250849,1400476522136,Eye Tracker,Participant0058,17.09.2021,Participant0058,Recording4,17.09.2021,17.09.2021,14:48:45.713,12:48:45.713,64514,Timeline2,Tobii I-VT (Fixation),1.145.28180,1080,1920,"10,00",705113986.0,,,1188.0,94.0,1167.0,86.0,1208.0,103.0,"0,16190","-0,14747","-0,97573","0,07528","-0,14395","-0,98672","5,06","4,60",Valid,Valid,"234,6","101,2","513,4","292,4","102,3","508,6","319,8","23,6","331,2","28,1","0,6828","0,0873","0,6661","0,0797","0,6995","0,0949",thumbnail_grossTrial,thumbnail_grossTrial.png,1245.0,1080.0,337.0,0.0,798.0,692.0,Saccade,17.0,139.0,,,,,,
27981,37259186,1400476530473,Eye Tracker,Participant0058,17.09.2021,Participant0058,Recording4,17.09.2021,17.09.2021,14:48:45.713,12:48:45.713,64514,Timeline2,Tobii I-VT (Fixation),1.145.28180,1080,1920,"10,00",705122323.0,,,1175.0,124.0,1173.0,120.0,1177.0,128.0,"0,16550","-0,13049","-0,97754","0,05857","-0,13130","-0,98961",,,Valid,Valid,"234,6","101,3","513,2","292,4","102,4","508,3","321,5","32,8","322,5","34,9","0,6725","0,1146","0,6711","0,1109","0,6739","0,1182",thumbnail_grossTrial,thumbnail_grossTrial.png,1245.0,1080.0,337.0,0.0,798.0,692.0,Saccade,17.0,139.0,,,,,,
27982,37267479,1400476538766,Eye Tracker,Participant0058,17.09.2021,Participant0058,Recording4,17.09.2021,17.09.2021,14:48:45.713,12:48:45.713,64514,Timeline2,Tobii I-VT (Fixation),1.145.28180,1080,1920,"10,00",705130615.0,,,1185.0,117.0,1194.0,106.0,1177.0,128.0,"0,17613","-0,13740","-0,97473","0,05881","-0,13167","-0,98955",,,Valid,Valid,"234,6","101,4","513,0","292,3","102,6","508,1","327,2","29,1","322,5","35,0","0,6809","0,1084","0,6879","0,0984","0,6739","0,1183",thumbnail_grossTrial,thumbnail_grossTrial.png,1245.0,1080.0,337.0,0.0,798.0,692.0,Fixation,425.0,74.0,1195.0,113.0,"0,6885","0,1049",,
27983,37275840,1400476547127,Eye Tracker,Participant0058,17.09.2021,Participant0058,Recording4,17.09.2021,17.09.2021,14:48:45.713,12:48:45.713,64514,Timeline2,Tobii I-VT (Fixation),1.145.28180,1080,1920,"10,00",705138976.0,,,1194.0,126.0,,,1194.0,126.0,,,,"0,06813","-0,13211","-0,98889",,"4,58",Invalid,Valid,,,,"292,3","102,4","507,7",,,"327,3","34,6","0,6881","0,1171",,,"0,6881","0,1171",thumbnail_grossTrial,thumbnail_grossTrial.png,1245.0,1080.0,337.0,0.0,798.0,692.0,Fixation,425.0,74.0,1195.0,113.0,"0,6885","0,1049",,
27984,37284195,1400476555482,Eye Tracker,Participant0058,17.09.2021,Participant0058,Recording4,17.09.2021,17.09.2021,14:48:45.713,12:48:45.713,64514,Timeline2,Tobii I-VT (Fixation),1.145.28180,1080,1920,"10,00",705147331.0,,,1193.0,116.0,1193.0,105.0,1193.0,127.0,"0,17549","-0,13819","-0,97473","0,06777","-0,13250","-0,98886",,,Valid,Valid,"234,6","101,5","512,5","292,3","102,7","507,4","326,9","28,8","327,1","34,7","0,6871","0,1075","0,6869","0,0975","0,6874","0,1174",thumbnail_grossTrial,thumbnail_grossTrial.png,1245.0,1080.0,337.0,0.0,798.0,692.0,Fixation,425.0,74.0,1195.0,113.0,"0,6885","0,1049",,
27985,37292489,1400476563776,Eye Tracker,Participant0058,17.09.2021,Participant0058,Recording4,17.09.2021,17.09.2021,14:48:45.713,12:48:45.713,64514,Timeline2,Tobii I-VT (Fixation),1.145.28180,1080,1920,"10,00",705155625.0,,,1194.0,116.0,1189.0,104.0,1199.0,129.0,"0,17354","-0,13908","-0,97496","0,07083","-0,13192","-0,98873",,,Valid,Valid,"234,5","101,6","512,4","292,2","102,9","507,2","325,7","28,5","328,5","35,2","0,6876","0,1078","0,6835","0,0964","0,6916","0,1191",thumbnail_grossTrial,thumbnail_grossTrial.png,1245.0,1080.0,337.0,0.0,798.0,692.0,Fixation,425.0,74.0,1195.0,113.0,"0,6885","0,1049",,
27986,37300818,1400476572105,Eye Tracker,Participant0058,17.09.2021,Participant0058,Recording4,17.09.2021,17.09.2021,14:48:45.713,12:48:45.713,64514,Timeline2,Tobii I-VT (Fixation),1.145.28180,1080,1920,"10,00",705163953.0,,,1200.0,115.0,,,1200.0,115.0,,,,"0,07153","-0,13925","-0,98767",,"4,59",Invalid,Valid,,,,"292,2","102,8","507,0",,,"329,0","31,4","0,6929","0,1061",,,"0,6929","0,1061",thumbnail_grossTrial,thumbnail_grossTrial.png,1245.0,1080.0,337.0,0.0,798.0,692.0,Fixation,425.0,74.0,1195.0,113.0,"0,6885","0,1049",,
27987,37309183,1400476580470,Eye Tracker,Participant0058,17.09.2021,Participant0058,Recording4,17.09.2021,17.09.2021,14:48:45.713,12:48:45.713,64514,Timeline2,Tobii I-VT (Fixation),1.145.28180,1080,1920,"10,00",705172318.0,,,1193.0,106.0,1186.0,96.0,1199.0,115.0,"0,17222","-0,14327","-0,97458","0,07119","-0,13936","-0,98768",,,Valid,Valid,"234,6","101,7","512,0","292,2","103,0","506,6","325,1","26,4","328,7","31,5","0,6870","0,0980","0,6817","0,0893","0,6923","0,1067",thumbnail_grossTrial,thumbnail_grossTrial.png,1245.0,1080.0,337.0,0.0,798.0,692.0,Fixation,425.0,74.0,1195.0,113.0,"0,6885","0,1049",,
27988,37317475,1400476588762,Eye Tracker,Participant0058,17.09.2021,Participant0058,Recording4,17.09.2021,17.09.2021,14:48:45.713,12:48:45.713,64514,Timeline2,Tobii I-VT (Fixation),1.145.28180,1080,1920,"10,00",705180610.0,,,1189.0,107.0,1185.0,97.0,1194.0,117.0,"0,17160","-0,14346","-0,97467","0,06826","-0,13866","-0,98799",,,Valid,Valid,"234,6","101,8","511,9","292,1","103,2","506,4","324,7","26,4","327,1","32,1","0,6840","0,0991","0,6804","0,0894","0,6875","0,1088",thumbnail_grossTrial,thumbnail_grossTrial.png,1245.0,1080.0,337.0,0.0,798.0,692.0,Fixation,425.0,74.0,1195.0,113.0,"0,6885","0,1049",,
27989,37325845,1400476597132,Eye Tracker,Participant0058,17.09.2021,Participant0058,Recording4,17.09.2021,17.09.2021,14:48:45.713,12:48:45.713,64514,Timeline2,Tobii I-VT (Fixation),1.145.28180,1080,1920,"10,00",705188979.0,,,1194.0,119.0,,,1194.0,119.0,,,,"0,06833","-0,13798","-0,98807",,"4,57",Invalid,Valid,,,,"292,2","103,2","506,0",,,"327,2","32,5","0,6877","0,1101",,,"0,6877","0,1101",thumbnail_grossTrial,thumbnail_grossTrial.png,1245.0,1080.0,337.0,0.0,798.0,692.0,Fixation,425.0,74.0,1195.0,113.0,"0,6885","0,1049",,
27990,37334168,1400476605455,Eye Tracker,Participant0058,17.09.2021,Participant0058,Recording4,17.09.2021,17.09.2021,14:48:45.713,12:48:45.713,64514,Timeline2,Tobii I-VT (Fixation),1.145.28180,1080,1920,"10,00",705197302.0,,,1186.0,105.0,1180.0,99.0,1192.0,112.0,"0,16908","-0,14279","-0,97520","0,06733","-0,14220","-0,98755",,,Valid,Valid,"234,6","101,9","511,5","292,1","103,4","505,6","323,3","27,0","326,6","30,6","0,6812","0,0974","0,6764","0,0913","0,6861","0,1034",thumbnail_grossTrial,thumbnail_grossTrial.png,1245.0,1080.0,337.0,0.0,798.0,692.0,Fixation,425.0,74.0,1195.0,113.0,"0,6885","0,1049",,
27991,37342481,1400476613768,Eye Tracker,Participant0058,17.09.2021,Participant0058,Recording4,17.09.2021,17.09.2021,14:48:45.713,12:48:45.713,64514,Timeline2,Tobii I-VT (Fixation),1.145.28180,1080,1920,"10,00",705205615.0,,,1189.0,107.0,1183.0,101.0,1196.0,113.0,"0,17085","-0,14182","-0,97504","0,06966","-0,14210","-0,98740",,,Valid,Valid,"234,6","102,0","511,4","292,1","103,6","505,4","324,2","27,6","327,7","30,9","0,6841","0,0989","0,6790","0,0934","0,6893","0,1044",thumbnail_grossTrial,thumbnail_grossTrial.png,1245.0,1080.0,337.0,0.0,798.0,692.0,Fixation,425.0,74.0,1195.0,113.0,"0,6885","0,1049",,
27992,37350832,1400476622119,Eye Tracker,Participant0058,17.09.2021,Participant0058,Recording4,17.09.2021,17.09.2021,14:48:45.713,12:48:45.713,64514,Timeline2,Tobii I-VT (Fixation),1.145.28180,1080,1920,"10,00",705213965.0,,,1195.0,129.0,,,1195.0,129.0,,,,"0,06903","-0,13343","-0,98865",,"4,54",Invalid,Valid,,,,"292,1","103,5","505,1",,,"327,4","35,3","0,6884","0,1194",,,"0,6884","0,1194",thumbnail_grossTrial,thumbnail_grossTrial.png,1245.0,1080.0,337.0,0.0,798.0,692.0,Fixation,425.0,74.0,1195.0,113.0,"0,6885","0,1049",,
27993,37359243,1400476630530,Eye Tracker,Participant0058,17.09.2021,Participant0058,Recording4,17.09.2021,17.09.2021,14:48:45.713,12:48:45.713,64514,Timeline2,Tobii I-VT (Fixation),1.145.28180,1080,1920,"10,00",705222376.0,,,1186.0,113.0,1175.0,81.0,1198.0,144.0,"0,16638","-0,15199","-0,97428","0,07092","-0,12575","-0,98952",,,Valid,Valid,"234,7","102,0","511,2","292,1","103,7","504,9","322,0","22,3","328,3","39,5","0,6817","0,1045","0,6724","0,0753","0,6909","0,1337",thumbnail_grossTrial,thumbnail_grossTrial.png,1245.0,1080.0,337.0,0.0,798.0,692.0,Fixation,425.0,74.0,1195.0,113.0,"0,6885","0,1049",,
27994,37367500,1400476638787,Eye Tracker,Participant0058,17.09.2021,Participant0058,Recording4,17.09.2021,17.09.2021,14:48:45.713,12:48:45.713,64514,Timeline2,Tobii I-VT (Fixation),1.145.28180,1080,1920,"10,00",705230633.0,,,1183.0,108.0,1169.0,71.0,1197.0,145.0,"0,16332","-0,15759","-0,97390","0,07078","-0,12583","-0,98952",,,Valid,Valid,"234,6","102,1","511,2","292,0","103,9","504,8","320,3","19,4","328,1","39,7","0,6791","0,0999","0,6676","0,0656","0,6905","0,1343",thumbnail_grossTrial,thumbnail_grossTrial.png,1245.0,1080.0,337.0,0.0,798.0,692.0,Fixation,425.0,74.0,1195.0,113.0,"0,6885","0,1049",,
27995,37375934,1400476647221,Eye Tracker,Participant0058,17.09.2021,Participant0058,Recording4,17.09.2021,17.09.2021,14:48:45.713,12:48:45.713,64514,Timeline2,Tobii I-VT (Fixation),1.145.28180,1080,1920,"10,00",705239067.0,,,1200.0,141.0,,,1200.0,141.0,,,,"0,07223","-0,12761","-0,98919",,"4,53",Invalid,Valid,,,,"292,1","103,7","504,6",,,"328,9","38,6","0,6929","0,1307",,,"0,6929","0,1307",thumbnail_grossTrial,thumbnail_grossTrial.png,1245.0,1080.0,337.0,0.0,798.0,692.0,Fixation,425.0,74.0,1195.0,113.0,"0,6885","0,1049",,
27996,37384173,1400476655460,Eye Tracker,Participant0058,17.09.2021,Participant0058,Recording4,17.09.2021,17.09.2021,14:48:45.713,12:48:45.713,64514,Timeline2,Tobii I-VT (Fixation),1.145.28180,1080,1920,"10,00",705247305.0,,,1177.0,125.0,1162.0,112.0,1192.0,138.0,"0,16016","-0,13675","-0,97757","0,06780","-0,12990","-0,98921",,,Valid,Valid,"234,7","102,1","511,0","292,1","103,9","504,4","318,4","30,6","326,6","37,7","0,6740","0,1156","0,6620","0,1036","0,6861","0,1276",thumbnail_grossTrial,thumbnail_grossTrial.png,1245.0,1080.0,337.0,0.0,798.0,692.0,Fixation,425.0,74.0,1195.0,113.0,"0,6885","0,1049",,
27997,37392504,1400476663791,Eye Tracker,Participant0058,17.09.2021,Participant0058,Recording4,17.09.2021,17.09.2021,14:48:45.713,12:48:45.713,64514,Timeline2,Tobii I-VT (Fixation),1.145.28180,1080,1920,"10,00",705255636.0,,,1185.0,119.0,1186.0,103.0,1184.0,135.0,"0,17260","-0,14132","-0,97480","0,06364","-0,13145","-0,98928",,,Valid,Valid,"234,6","102,2","511,0","292,0","104,1","504,4","325,1","28,1","324,4","37,1","0,6807","0,1103","0,6816","0,0951","0,6797","0,1255",thumbnail_grossTrial,thumbnail_grossTrial.png,1245.0,1080.0,337.0,0.0,798.0,692.0,Fixation,425.0,74.0,1195.0,113.0,"0,6885","0,1049",,
27998,37400799,1400476672086,Eye Tracker,Participant0058,17.09.2021,Participant0058,Recording4,17.09.2021,17.09.2021,14:48:45.713,12:48:45.713,64514,Timeline2,Tobii I-VT (Fixation),1.145.28180,1080,1920,"10,00",705263931.0,,,1199.0,110.0,,,1199.0,110.0,,,,"0,07160","-0,14465","-0,98689",,"4,55",Invalid,Valid,,,,"292,0","104,0","504,3",,,"328,6","30,1","0,6920","0,1018",,,"0,6920","0,1018",thumbnail_grossTrial,thumbnail_grossTrial.png,1245.0,1080.0,337.0,0.0,798.0,692.0,Fixation,425.0,74.0,1195.0,113.0,"0,6885","0,1049",,
27999,37409150,1400476680437,Eye Tracker,Participant0058,17.09.2021,Participant0058,Recording4,17.09.2021,17.09.2021,14:48:45.713,12:48:45.713,64514,Timeline2,Tobii I-VT (Fixation),1.145.28180,1080,1920,"10,00",705272281.0,,,1205.0,100.0,1206.0,85.0,1204.0,116.0,"0,18247","-0,15030","-0,97166","0,07445","-0,14192","-0,98707",,,Valid,Valid,"234,7","102,2","510,9","292,0","104,1","504,1","330,6","23,2","330,1","31,6","0,6970","0,0927","0,6978","0,0783","0,6962","0,1070",thumbnail_grossTrial,thumbnail_grossTrial.png,1245.0,1080.0,337.0,0.0,798.0,692.0,Fixation,425.0,74.0,1195.0,113.0,"0,6885","0,1049",,
28000,37417512,1400476688799,Eye Tracker,Participant0058,17.09.2021,Participant0058,Recording4,17.09.2021,17.09.2021,14:48:45.713,12:48:45.713,64514,Timeline2,Tobii I-VT (Fixation),1.145.28180,1080,1920,"10,00",705280643.0,,,1200.0,93.0,1193.0,71.0,1206.0,115.0,"0,17579","-0,15759","-0,97173","0,07562","-0,14252","-0,98690",,,Valid,Valid,"234,6","102,2","510,9","292,0","104,2","504,1","327,1","19,4","330,6","31,4","0,6925","0,0859","0,6873","0,0656","0,6977","0,1063",thumbnail_grossTrial,thumbnail_grossTrial.png,1245.0,1080.0,337.0,0.0,798.0,692.0,Fixation,425.0,74.0,1195.0,113.0,"0,6885","0,1049",,
28001,37425807,1400476697094,Eye Tracker,Participant0058,17.09.2021,Participant0058,Recording4,17.09.2021,17.09.2021,14:48:45.713,12:48:45.713,64514,Timeline2,Tobii I-VT (Fixation),1.145.28180,1080,1920,"10,00",705288938.0,,,1207.0,119.0,,,1207.0,119.0,,,,"0,07593","-0,14023","-0,98720",,"4,56",Invalid,Valid,,,,"292,0","104,1","504,0",,,"330,8","32,5","0,6983","0,1100",,,"0,6983","0,1100",thumbnail_grossTrial,thumbnail_grossTrial.png,1245.0,1080.0,337.0,0.0,798.0,692.0,Fixation,425.0,74.0,1195.0,113.0,"0,6885","0,1049",,
28002,37434143,1400476705430,Eye Tracker,Participant0058,17.09.2021,Participant0058,Recording4,17.09.2021,17.09.2021,14:48:45.713,12:48:45.713,64514,Timeline2,Tobii I-VT (Fixation),1.145.28180,1080,1920,"10,00",705297273.0,,,1201.0,98.0,1192.0,80.0,1211.0,117.0,"0,17517","-0,15310","-0,97256","0,07792","-0,14150","-0,98687",,,Valid,Valid,"234,7","102,3","510,8","292,0","104,2","503,9","326,7","21,8","331,8","31,9","0,6938","0,0910","0,6863","0,0739","0,7013","0,1081",thumbnail_grossTrial,thumbnail_grossTrial.png,1245.0,1080.0,337.0,0.0,798.0,692.0,Fixation,425.0,74.0,1195.0,113.0,"0,6885","0,1049",,
28003,37442509,1400476713796,Eye Tracker,Participant0058,17.09.2021,Participant0058,Recording4,17.09.2021,17.09.2021,14:48:45.713,12:48:45.713,64514,Timeline2,Tobii I-VT (Fixation),1.145.28180,1080,1920,"10,00",705305639.0,,,1206.0,111.0,1200.0,99.0,1213.0,123.0,"0,17960","-0,14340","-0,97323","0,07925","-0,13859","-0,98717",,,Valid,Valid,"234,6","102,3","510,8","292,0","104,3","503,9","328,9","27,1","332,4","33,6","0,6979","0,1026","0,6927","0,0915","0,7031","0,1136",thumbnail_grossTrial,thumbnail_grossTrial.png,1245.0,1080.0,337.0,0.0,798.0,692.0,Fixation,425.0,74.0,1195.0,113.0,"0,6885","0,1049",,
28004,37450838,1400476722125,Eye Tracker,Participant0058,17.09.2021,Participant0058,Recording4,17.09.2021,17.09.2021,14:48:45.713,12:48:45.713,64514,Timeline2,Tobii I-VT (Fixation),1.145.28180,1080,1920,"10,00",705313968.0,,,1209.0,124.0,,,1209.0,124.0,,,,"0,07730","-0,13780","-0,98744",,"4,54",Invalid,Valid,,,,"292,0","104,2","503,8",,,"331,5","33,9","0,7003","0,1147",,,"0,7003","0,1147",thumbnail_grossTrial,thumbnail_grossTrial.png,1245.0,1080.0,337.0,0.0,798.0,692.0,Fixation,425.0,74.0,1195.0,113.0,"0,6885","0,1049",,
28005,37459169,1400476730456,Eye Tracker,Participant0058,17.09.2021,Participant0058,Recording4,17.09.2021,17.09.2021,14:48:45.713,12:48:45.713,64514,Timeline2,Tobii I-VT (Fixation),1.145.28180,1080,1920,"10,00",705322299.0,,,1196.0,110.0,1191.0,100.0,1200.0,121.0,"0,17487","-0,14327","-0,97411","0,07245","-0,13980","-0,98753",,,Valid,Valid,"234,7","102,3","510,6","292,0","104,3","503,7","326,4","27,3","329,0","33,0","0,6891","0,1019","0,6853","0,0922","0,6929","0,1116",thumbnail_grossTrial,thumbnail_grossTrial.png,1245.0,1080.0,337.0,0.0,798.0,692.0,Fixation,425.0,74.0,1195.0,113.0,"0,6885","0,1049",,
28006,37467470,1400476738757,Eye Tracker,Participant0058,17.09.2021,Participant0058,Recording4,17.09.2021,17.09.2021,14:48:45.713,12:48:45.713,64514,Timeline2,Tobii I-VT (Fixation),1.145.28180,1080,1920,"10,00",705330599.0,,,1197.0,104.0,1192.0,95.0,1203.0,113.0,"0,17536","-0,14550","-0,97369","0,07412","-0,14413","-0,98678",,,Valid,Valid,"234,6","102,4","510,5","291,9","104,4","503,6","326,6","26,1","329,8","30,8","0,6906","0,0964","0,6860","0,0884","0,6953","0,1043",thumbnail_grossTrial,thumbnail_grossTrial.png,1245.0,1080.0,337.0,0.0,798.0,692.0,Fixation,425.0,74.0,1195.0,113.0,"0,6885","0,1049",,
28007,37475919,1400476747206,Eye Tracker,Participant0058,17.09.2021,Participant0058,Recording4,17.09.2021,17.09.2021,14:48:45.713,12:48:45.713,64514,Timeline2,Tobii I-VT (Fixation),1.145.28180,1080,1920,"10,00",705339048.0,,,1203.0,117.0,,,1203.0,117.0,,,,"0,07396","-0,14146","-0,98718",,"4,53",Invalid,Valid,,,,"292,0","104,3","503,6",,,"329,7","32,1","0,6952","0,1087",,,"0,6952","0,1087",thumbnail_grossTrial,thumbnail_grossTrial.png,1245.0,1080.0,337.0,0.0,798.0,692.0,Fixation,425.0,74.0,1195.0,113.0,"0,6885","0,1049",,
28008,37484125,1400476755412,Eye Tracker,Participant0058,17.09.2021,Participant0058,Recording4,17.09.2021,17.09.2021,14:48:45.713,12:48:45.713,64514,Timeline2,Tobii I-VT (Fixation),1.145.28180,1080,1920,"10,00",705347254.0,,,1198.0,108.0,1192.0,92.0,1205.0,123.0,"0,17539","-0,14729","-0,97342","0,07485","-0,13876","-0,98749",,,Valid,Valid,"234,7","102,4","510,3","292,0","104,4","503,4","326,6","25,2","330,1","33,7","0,6913","0,0996","0,6862","0,0853","0,6964","0,1139",thumbnail_grossTrial,thumbnail_grossTrial.png,1245.0,1080.0,337.0,0.0,798.0,692.0,Fixation,425.0,74.0,1195.0,113.0,"0,6885","0,1049",,
28009,37492491,1400476763778,Eye Tracker,Participant0058,17.09.2021,Participant0058,Recording4,17.09.2021,17.09.2021,14:48:45.713,12:48:45.713,64514,Timeline2,Tobii I-VT (Fixation),1.145.28180,1080,1920,"10,00",705355619.0,,,1197.0,114.0,1194.0,95.0,1200.0,133.0,"0,17663","-0,14619","-0,97336","0,07253","-0,13398","-0,98833",,,Valid,Valid,"234,6","102,5","510,3","291,9","104,5","503,4","327,2","25,9","328,9","36,3","0,6903","0,1051","0,6879","0,0875","0,6927","0,1227",thumbnail_grossTrial,thumbnail_grossTrial.png,1245.0,1080.0,337.0,0.0,798.0,692.0,Fixation,425.0,74.0,1195.0,113.0,"0,6885","0,1049",,
28010,37500829,1400476772116,Eye Tracker,Participant0058,17.09.2021,Participant0058,Recording4,17.09.2021,17.09.2021,14:48:45.713,12:48:45.713,64514,Timeline2,Tobii I-VT (Fixation),1.145.28180,1080,1920,"10,00",705363957.0,,,1200.0,129.0,,,1200.0,129.0,,,,"0,07226","-0,13560","-0,98812",,"4,56",Invalid,Valid,,,,"292,0","104,4","503,3",,,"328,8","35,4","0,6924","0,1196",,,"0,6924","0,1196",thumbnail_grossTrial,thumbnail_grossTrial.png,1245.0,1080.0,337.0,0.0,798.0,692.0,Fixation,425.0,74.0,1195.0,113.0,"0,6885","0,1049",,
28011,37509191,1400476780478,Eye Tracker,Participant0058,17.09.2021,Participant0058,Recording4,17.09.2021,17.09.2021,14:48:45.713,12:48:45.713,64514,Timeline2,Tobii I-VT (Fixation),1.145.28180,1080,1920,"10,00",705372319.0,,,1198.0,116.0,1190.0,104.0,1206.0,129.0,"0,17472","-0,14146","-0,97440","0,07565","-0,13606","-0,98781",,,Valid,Valid,"234,7","102,5","510,1","292,0","104,5","503,1","326,2","28,5","330,5","35,2","0,6911","0,1078","0,6847","0,0964","0,6974","0,1192",thumbnail_grossTrial,thumbnail_grossTrial.png,1245.0,1080.0,337.0,0.0,798.0,692.0,Fixation,425.0,74.0,1195.0,113.0,"0,6885","0,1049",,
28012,37517559,1400476788846,Eye Tracker,Participant0058,17.09.2021,Participant0058,Recording4,17.09.2021,17.09.2021,14:48:45.713,12:48:45.713,64514,Timeline2,Tobii I-VT (Fixation),1.145.28180,1080,1920,"10,00",705380686.0,,,1193.0,120.0,1181.0,109.0,1206.0,132.0,"0,17022","-0,13915","-0,97553","0,07572","-0,13470","-0,98799",,,Valid,Valid,"234,6","102,6","510,1","291,9","104,6","503,2","323,6","29,9","330,5","36,0","0,6873","0,1115","0,6773","0,1010","0,6973","0,1219",thumbnail_grossTrial,thumbnail_grossTrial.png,1245.0,1080.0,337.0,0.0,798.0,692.0,Fixation,425.0,74.0,1195.0,113.0,"0,6885","0,1049",,
28013,37525789,1400476797076,Eye Tracker,Participant0058,17.09.2021,Participant0058,Recording4,17.09.2021,17.09.2021,14:48:45.713,12:48:45.713,64514,Timeline2,Tobii I-VT (Fixation),1.145.28180,1080,1920,"10,00",705388916.0,,,1205.0,133.0,,,1205.0,133.0,,,,"0,07515","-0,13365","-0,98817",,"4,54",Invalid,Valid,,,,"292,0","104,6","503,1",,,"330,2","36,5","0,6966","0,1235",,,"0,6966","0,1235",thumbnail_grossTrial,thumbnail_grossTrial.png,1245.0,1080.0,337.0,0.0,798.0,692.0,Fixation,425.0,74.0,1195.0,113.0,"0,6885","0,1049",,
28014,37534155,1400476805442,Eye Tracker,Participant0058,17.09.2021,Participant0058,Recording4,17.09.2021,17.09.2021,14:48:45.713,12:48:45.713,64514,Timeline2,Tobii I-VT (Fixation),1.145.28180,1080,1920,"10,00",705397282.0,,,1188.0,112.0,1182.0,94.0,1194.0,131.0,"0,17076","-0,14720","-0,97426","0,06953","-0,13519","-0,98838",,,Valid,Valid,"234,7","102,6","509,9","291,9","104,6","503,0","324,1","25,6","327,3","35,8","0,6834","0,1039","0,6786","0,0866","0,6881","0,1213",thumbnail_grossTrial,thumbnail_grossTrial.png,1245.0,1080.0,337.0,0.0,798.0,692.0,Fixation,425.0,74.0,1195.0,113.0,"0,6885","0,1049",,
28015,37542504,1400476813791,Eye Tracker,Participant0058,17.09.2021,Participant0058,Recording4,17.09.2021,17.09.2021,14:48:45.713,12:48:45.713,64514,Timeline2,Tobii I-VT (Fixation),1.145.28180,1080,1920,"10,00",705405631.0,,,1185.0,109.0,1178.0,90.0,1191.0,127.0,"0,16862","-0,14940","-0,97429","0,06788","-0,13724","-0,98821",,,Valid,Valid,"234,6","102,7","510,0","291,9","104,7","503,0","322,9","24,5","326,4","34,9","0,6804","0,1005","0,6752","0,0829","0,6856","0,1181",thumbnail_grossTrial,thumbnail_grossTrial.png,1245.0,1080.0,337.0,0.0,798.0,692.0,Fixation,425.0,74.0,1195.0,113.0,"0,6885","0,1049",,
28016,37550801,1400476822088,Eye Tracker,Participant0058,17.09.2021,Participant0058,Recording4,17.09.2021,17.09.2021,14:48:45.713,12:48:45.713,64514,Timeline2,Tobii I-VT (Fixation),1.145.28180,1080,1920,"10,00",705413927.0,,,1191.0,129.0,,,1191.0,129.0,,,,"0,06773","-0,13603","-0,98839",,"4,57",Invalid,Valid,,,,"291,9","104,6","503,0",,,"326,4","35,4","0,6854","0,1198",,,"0,6854","0,1198",thumbnail_grossTrial,thumbnail_grossTrial.png,1245.0,1080.0,337.0,0.0,798.0,692.0,Fixation,425.0,74.0,1195.0,113.0,"0,6885","0,1049",,
28017,37559128,1400476830415,Eye Tracker,Participant0058,17.09.2021,Participant0058,Recording4,17.09.2021,17.09.2021,14:48:45.713,12:48:45.713,64514,Timeline2,Tobii I-VT (Fixation),1.145.28180,1080,1920,"10,00",705422254.0,,,1189.0,113.0,1180.0,89.0,1199.0,137.0,"0,16929","-0,14977","-0,97412","0,07221","-0,13239","-0,98856",,,Valid,Valid,"234,7","102,7","509,9","291,9","104,7","502,9","323,3","24,3","328,7","37,4","0,6842","0,1043","0,6764","0,0821","0,6921","0,1264",thumbnail_grossTrial,thumbnail_grossTrial.png,1245.0,1080.0,337.0,0.0,798.0,692.0,Fixation,425.0,74.0,1195.0,113.0,"0,6885","0,1049",,
28018,37567507,1400476838794,Eye Tracker,Participant0058,17.09.2021,Participant0058,Recording4,17.09.2021,17.09.2021,14:48:45.713,12:48:45.713,64514,Timeline2,Tobii I-VT (Fixation),1.145.28180,1080,1920,"10,00",705430633.0,,,1192.0,117.0,1184.0,92.0,1200.0,142.0,"0,17168","-0,14832","-0,97392","0,07274","-0,12984","-0,98886",,,Valid,Valid,"234,7","102,7","509,9","291,9","104,8","502,9","324,6","25,1","328,9","38,8","0,6864","0,1080","0,6800","0,0848","0,6927","0,1311",thumbnail_grossTrial,thumbnail_grossTrial.png,1245.0,1080.0,337.0,0.0,798.0,692.0,Fixation,425.0,74.0,1195.0,113.0,"0,6885","0,1049",,
28019,37575786,1400476847073,Eye Tracker,Participant0058,17.09.2021,Participant0058,Recording4,17.09.2021,17.09.2021,14:48:45.713,12:48:45.713,64514,Timeline2,Tobii I-VT (Fixation),1.145.28180,1080,1920,"10,00",705438911.0,,,1200.0,140.0,,,1200.0,140.0,,,,"0,07237","-0,13050","-0,98880",,"4,57",Invalid,Valid,,,,"292,0","104,7","502,9",,,"328,8","38,3","0,6923","0,1296",,,"0,6923","0,1296",thumbnail_grossTrial,thumbnail_grossTrial.png,1245.0,1080.0,337.0,0.0,798.0,692.0,Fixation,425.0,74.0,1195.0,113.0,"0,6885","0,1049",,
28020,37584149,1400476855436,Eye Tracker,Participant0058,17.09.2021,Participant0058,Recording4,17.09.2021,17.09.2021,14:48:45.713,12:48:45.713,64514,Timeline2,Tobii I-VT (Fixation),1.145.28180,1080,1920,"10,00",705447274.0,,,1189.0,116.0,1185.0,93.0,1194.0,139.0,"0,17191","-0,14737","-0,97403","0,06915","-0,13130","-0,98893",,,Valid,Valid,"234,7","102,7","509,9","291,9","104,7","502,9","324,7","25,5","327,1","38,0","0,6840","0,1074","0,6805","0,0863","0,6875","0,1285",thumbnail_grossTrial,thumbnail_grossTrial.png,1245.0,1080.0,337.0,0.0,798.0,692.0,Fixation,425.0,74.0,1195.0,113.0,"0,6885","0,1049",,
28021,37592466,1400476863753,Eye Tracker,Participant0058,17.09.2021,Participant0058,Recording4,17.09.2021,17.09.2021,14:48:45.713,12:48:45.713,64514,Timeline2,Tobii I-VT (Fixation),1.145.28180,1080,1920,"10,00",705455591.0,,,1190.0,111.0,1187.0,87.0,1193.0,135.0,"0,17325","-0,15052","-0,97331","0,06876","-0,13342","-0,98867",,,Valid,Valid,"234,7","102,7","509,9","291,9","104,8","502,9","325,4","23,8","326,9","36,9","0,6847","0,1028","0,6826","0,0806","0,6868","0,1250",thumbnail_grossTrial,thumbnail_grossTrial.png,1245.0,1080.0,337.0,0.0,798.0,692.0,Fixation,425.0,74.0,1195.0,113.0,"0,6885","0,1049",,
28022,37600784,1400476872071,Eye Tracker,Participant0058,17.09.2021,Participant0058,Recording4,17.09.2021,17.09.2021,14:48:45.713,12:48:45.713,64514,Timeline2,Tobii I-VT (Fixation),1.145.28180,1080,1920,"10,00",705463908.0,,,1193.0,138.0,,,1193.0,138.0,,,,"0,06894","-0,13163","-0,98890",,"4,57",Invalid,Valid,,,,"292,0","104,7","502,9",,,"327,0","37,7","0,6872","0,1276",,,"0,6872","0,1276",thumbnail_grossTrial,thumbnail_grossTrial.png,1245.0,1080.0,337.0,0.0,798.0,692.0,Fixation,425.0,74.0,1195.0,113.0,"0,6885","0,1049",,
28023,37609159,1400476880446,Eye Tracker,Participant0058,17.09.2021,Participant0058,Recording4,17.09.2021,17.09.2021,14:48:45.713,12:48:45.713,64514,Timeline2,Tobii I-VT (Fixation),1.145.28180,1080,1920,"10,00",705472283.0,,,1193.0,105.0,1192.0,76.0,1193.0,135.0,"0,17550","-0,15595","-0,97205","0,06891","-0,13345","-0,98866",,,Valid,Valid,"234,7","102,6","509,9","291,9","104,7","502,9","326,8","20,8","327,0","36,8","0,6869","0,0975","0,6866","0,0704","0,6872","0,1246",thumbnail_grossTrial,thumbnail_grossTrial.png,1245.0,1080.0,337.0,0.0,798.0,692.0,Fixation,425.0,74.0,1195.0,113.0,"0,6885","0,1049",,
28024,37617493,1400476888780,Eye Tracker,Participant0058,17.09.2021,Participant0058,Recording4,17.09.2021,17.09.2021,14:48:45.713,12:48:45.713,64514,Timeline2,Tobii I-VT (Fixation),1.145.28180,1080,1920,"10,00",705480617.0,,,1197.0,107.0,1200.0,81.0,1195.0,134.0,"0,17948","-0,15361","-0,97170","0,06981","-0,13366","-0,98857",,,Valid,Valid,"234,6","102,7","510,0","291,9","104,8","502,9","328,8","22,0","327,4","36,8","0,6905","0,0995","0,6925","0,0745","0,6884","0,1245",thumbnail_grossTrial,thumbnail_grossTrial.png,1245.0,1080.0,337.0,0.0,798.0,692.0,Fixation,425.0,74.0,1195.0,113.0,"0,6885","0,1049",,
28025,37625782,1400476897069,Eye Tracker,Participant0058,17.09.2021,Participant0058,Recording4,17.09.2021,17.09.2021,14:48:45.713,12:48:45.713,64514,Timeline2,Tobii I-VT (Fixation),1.145.28180,1080,1920,"10,00",705488906.0,,,1196.0,140.0,,,1196.0,140.0,,,,"0,07038","-0,13015","-0,98899",,"4,59",Invalid,Valid,,,,"292,0","104,5","502,9",,,"327,7","38,4","0,6894","0,1298",,,"0,6894","0,1298",thumbnail_grossTrial,thumbnail_grossTrial.png,1245.0,1080.0,337.0,0.0,798.0,692.0,Fixation,425.0,74.0,1195.0,113.0,"0,6885","0,1049",,
28026,37634182,1400476905469,Eye Tracker,Participant0058,17.09.2021,Participant0058,Recording4,17.09.2021,17.09.2021,14:48:45.713,12:48:45.713,64514,Timeline2,Tobii I-VT (Fixation),1.145.28180,1080,1920,"10,00",705497305.0,,,1203.0,125.0,1203.0,99.0,1203.0,151.0,"0,18138","-0,14392","-0,97283","0,07446","-0,12472","-0,98939",,,Valid,Valid,"234,7","102,6","510,0","291,9","104,7","502,9","329,8","27,1","329,8","41,3","0,6953","0,1158","0,6953","0,0919","0,6953","0,1397",thumbnail_grossTrial,thumbnail_grossTrial.png,1245.0,1080.0,337.0,0.0,798.0,692.0,Fixation,425.0,74.0,1195.0,113.0,"0,6885","0,1049",,
28027,37642507,1400476913794,Eye Tracker,Participant0058,17.09.2021,Participant0058,Recording4,17.09.2021,17.09.2021,14:48:45.713,12:48:45.713,64514,Timeline2,Tobii I-VT (Fixation),1.145.28180,1080,1920,"10,00",705505630.0,,,1203.0,122.0,1201.0,93.0,1205.0,151.0,"0,18038","-0,14720","-0,97252","0,07545","-0,12483","-0,98931",,,Valid,Valid,"234,6","102,6","510,1","291,9","104,7","503,0","329,2","25,4","330,3","41,3","0,6952","0,1128","0,6937","0,0860","0,6967","0,1396",thumbnail_grossTrial,thumbnail_grossTrial.png,1245.0,1080.0,337.0,0.0,798.0,692.0,Fixation,425.0,74.0,1195.0,113.0,"0,6885","0,1049",,
28028,37650795,1400476922082,Eye Tracker,Participant0058,17.09.2021,Participant0058,Recording4,17.09.2021,17.09.2021,14:48:45.713,12:48:45.713,64514,Timeline2,Tobii I-VT (Fixation),1.145.28180,1080,1920,"10,00",705513918.0,,,,,,,,,,,,,,,,,Invalid,Invalid,,,,,,,,,,,,,,,,,thumbnail_grossTrial,thumbnail_grossTrial.png,1245.0,1080.0,337.0,0.0,798.0,692.0,Fixation,425.0,74.0,1195.0,113.0,"0,6885","0,1049",,
28029,37659156,1400476930443,Eye Tracker,Participant0058,17.09.2021,Participant0058,Recording4,17.09.2021,17.09.2021,14:48:45.713,12:48:45.713,64514,Timeline2,Tobii I-VT (Fixation),1.145.28180,1080,1920,"10,00",705522278.0,,,1206.0,110.0,1212.0,78.0,1200.0,142.0,"0,18533","-0,15454","-0,97045","0,07279","-0,12931","-0,98893",,,Valid,Valid,"234,7","102,6","510,1","292,0","104,6","503,0","332,1","21,3","329,0","38,9","0,6976","0,1018","0,7022","0,0722","0,6930","0,1315",thumbnail_grossTrial,thumbnail_grossTrial.png,1245.0,1080.0,337.0,0.0,798.0,692.0,Fixation,425.0,74.0,1195.0,113.0,"0,6885","0,1049",,
28030,37667451,1400476938738,Eye Tracker,Participant0058,17.09.2021,Participant0058,Recording4,17.09.2021,17.09.2021,14:48:45.713,12:48:45.713,64514,Timeline2,Tobii I-VT (Fixation),1.145.28180,1080,1920,"10,00",705530573.0,,,1197.0,107.0,1198.0,75.0,1196.0,139.0,"0,17819","-0,15637","-0,97149","0,07032","-0,13081","-0,98891",,,Valid,Valid,"234,7","102,6","510,2","291,9","104,7","503,2","328,2","20,5","327,7","38,1","0,6900","0,0992","0,6908","0,0693","0,6893","0,1291",thumbnail_grossTrial,thumbnail_grossTrial.png,1245.0,1080.0,337.0,0.0,798.0,692.0,Fixation,425.0,74.0,1195.0,113.0,"0,6885","0,1049",,
28031,37675778,1400476947065,Eye Tracker,Participant0058,17.09.2021,Participant0058,Recording4,17.09.2021,17.09.2021,14:48:45.713,12:48:45.713,64514,Timeline2,Tobii I-VT (Fixation),1.145.28180,1080,1920,"10,00",705538900.0,,,1189.0,109.0,1189.0,109.0,,,"0,17421","-0,13858","-0,97491",,,,"4,67",,Valid,Invalid,"234,7","102,5","510,2",,,,"325,9","30,0",,,"0,6839","0,1014","0,6839","0,1014",,,thumbnail_grossTrial,thumbnail_grossTrial.png,1245.0,1080.0,337.0,0.0,798.0,692.0,Fixation,425.0,74.0,1195.0,113.0,"0,6885","0,1049",,
28032,37684112,1400476955399,Eye Tracker,Participant0058,17.09.2021,Participant0058,Recording4,17.09.2021,17.09.2021,14:48:45.713,12:48:45.713,64514,Timeline2,Tobii I-VT (Fixation),1.145.28180,1080,1920,"10,00",705547233.0,,,1202.0,115.0,1189.0,118.0,1216.0,112.0,"0,17414","-0,13427","-0,97552","0,08096","-0,14503","-0,98611",,,Valid,Valid,"234,7","102,5","510,2","292,0","104,6","503,2","325,8","32,3","333,3","30,6","0,6947","0,1064","0,6837","0,1094","0,7057","0,1034",thumbnail_grossTrial,thumbnail_grossTrial.png,1245.0,1080.0,337.0,0.0,798.0,692.0,Fixation,425.0,74.0,1195.0,113.0,"0,6885","0,1049",,
28033,37692486,1400476963773,Eye Tracker,Participant0058,17.09.2021,Participant0058,Recording4,17.09.2021,17.09.2021,14:48:45.713,12:48:45.713,64514,Timeline2,Tobii I-VT (Fixation),1.145.28180,1080,1920,"10,00",705555607.0,,,1210.0,120.0,1192.0,125.0,1229.0,115.0,"0,17588","-0,13059","-0,97571","0,08776","-0,14340","-0,98577",,,Valid,Valid,"234,7","102,6","510,3","292,0","104,6","503,3","326,7","34,3","336,8","31,4","0,7011","0,1111","0,6862","0,1160","0,7159","0,1063",thumbnail_grossTrial,thumbnail_grossTrial.png,1245.0,1080.0,337.0,0.0,798.0,692.0,Saccade,25.0,140.0,,,,,,
28034,37700803,1400476972090,Eye Tracker,Participant0058,17.09.2021,Participant0058,Recording4,17.09.2021,17.09.2021,14:48:45.713,12:48:45.713,64514,Timeline2,Tobii I-VT (Fixation),1.145.28180,1080,1920,"10,00",705563924.0,,,1212.0,137.0,,,1212.0,137.0,,,,"0,07872","-0,13129","-0,98821",,"5,03",Invalid,Valid,,,,"292,1","104,4","503,3",,,"332,2","37,5","0,7023","0,1269",,,"0,7023","0,1269",thumbnail_grossTrial,thumbnail_grossTrial.png,1245.0,1080.0,337.0,0.0,798.0,692.0,Saccade,25.0,140.0,,,,,,
28035,37709109,1400476980396,Eye Tracker,Participant0058,17.09.2021,Participant0058,Recording4,17.09.2021,17.09.2021,14:48:45.713,12:48:45.713,64514,Timeline2,Tobii I-VT (Fixation),1.145.28180,1080,1920,"10,00",705572229.0,,,1186.0,160.0,1192.0,123.0,1180.0,197.0,"0,17560","-0,13155","-0,97563","0,06198","-0,09988","-0,99307",,,Valid,Valid,"234,8","102,5","510,3","292,1","104,5","503,4","326,6","33,7","323,5","53,8","0,6815","0,1481","0,6861","0,1140","0,6769","0,1822",thumbnail_grossTrial,thumbnail_grossTrial.png,1245.0,1080.0,337.0,0.0,798.0,692.0,Saccade,25.0,140.0,,,,,,
28036,37717456,1400476988743,Eye Tracker,Participant0058,17.09.2021,Participant0058,Recording4,17.09.2021,17.09.2021,14:48:45.713,12:48:45.713,64514,Timeline2,Tobii I-VT (Fixation),1.145.28180,1080,1920,"10,00",705580576.0,,,1189.0,158.0,1197.0,119.0,1180.0,197.0,"0,17844","-0,13341","-0,97486","0,06189","-0,09986","-0,99307",,,Valid,Valid,"234,7","102,5","510,3","292,0","104,5","503,5","328,1","32,7","323,4","53,9","0,6836","0,1465","0,6905","0,1106","0,6767","0,1824",thumbnail_grossTrial,thumbnail_grossTrial.png,1245.0,1080.0,337.0,0.0,798.0,692.0,Unclassified,8.0,338.0,,,,,,
28037,37725781,1400476997068,Eye Tracker,Participant0058,17.09.2021,Participant0058,Recording4,17.09.2021,17.09.2021,14:48:45.713,12:48:45.713,64514,Timeline2,Tobii I-VT (Fixation),1.145.28180,1080,1920,"10,00",705588901.0,,,1180.0,181.0,,,1180.0,181.0,,,,"0,06167","-0,10824","-0,99221",,"4,62",Invalid,Valid,,,,"292,1","104,4","503,5",,,"323,4","49,4","0,6766","0,1673",,,"0,6766","0,1673",thumbnail_grossTrial,thumbnail_grossTrial.png,1245.0,1080.0,337.0,0.0,798.0,692.0,Saccade,17.0,141.0,,,,,,
28038,37734108,1400477005395,Eye Tracker,Participant0058,17.09.2021,Participant0058,Recording4,17.09.2021,17.09.2021,14:48:45.713,12:48:45.713,64514,Timeline2,Tobii I-VT (Fixation),1.145.28180,1080,1920,"10,00",705597228.0,,,1210.0,111.0,1210.0,90.0,1209.0,132.0,"0,18447","-0,14812","-0,97161","0,07702","-0,13375","-0,98802",,,Valid,Valid,"234,8","102,4","510,3","292,1","104,4","503,5","331,7","24,7","331,3","36,2","0,7004","0,1030","0,7009","0,0834","0,6999","0,1226",thumbnail_grossTrial,thumbnail_grossTrial.png,1245.0,1080.0,337.0,0.0,798.0,692.0,Saccade,17.0,141.0,,,,,,
28039,37742458,1400477013745,Eye Tracker,Participant0058,17.09.2021,Participant0058,Recording4,17.09.2021,17.09.2021,14:48:45.713,12:48:45.713,64514,Timeline2,Tobii I-VT (Fixation),1.145.28180,1080,1920,"10,00",705605577.0,,,1205.0,118.0,1200.0,107.0,1211.0,128.0,"0,17981","-0,13945","-0,97377","0,07795","-0,13623","-0,98761",,,Valid,Valid,"234,7","102,5","510,3","292,0","104,5","503,6","329,0","29,4","331,8","35,0","0,6971","0,1089","0,6929","0,0994","0,7012","0,1184",thumbnail_grossTrial,thumbnail_grossTrial.png,1245.0,1080.0,337.0,0.0,798.0,692.0,Unclassified,58.0,339.0,,,,,,
28040,37750801,1400477022088,Eye Tracker,Participant0058,17.09.2021,Participant0058,Recording4,17.09.2021,17.09.2021,14:48:45.713,12:48:45.713,64514,Timeline2,Tobii I-VT (Fixation),1.145.28180,1080,1920,"10,00",705613920.0,,,1215.0,124.0,,,1215.0,124.0,,,,"0,08020","-0,13781","-0,98721",,"5,04",Invalid,Valid,,,,"292,1","104,3","503,6",,,"333,0","34,0","0,7048","0,1150",,,"0,7048","0,1150",thumbnail_grossTrial,thumbnail_grossTrial.png,1245.0,1080.0,337.0,0.0,798.0,692.0,Unclassified,58.0,339.0,,,,,,
28041,37759111,1400477030398,Eye Tracker,Participant0058,17.09.2021,Participant0058,Recording4,17.09.2021,17.09.2021,14:48:45.713,12:48:45.713,64514,Timeline2,Tobii I-VT (Fixation),1.145.28180,1080,1920,"10,00",705622230.0,,,1204.0,112.0,1190.0,101.0,1217.0,123.0,"0,17460","-0,14265","-0,97425","0,08116","-0,13823","-0,98707",,,Valid,Valid,"234,8","102,4","510,2","292,1","104,3","503,6","326,2","27,7","333,5","33,8","0,6956","0,1040","0,6849","0,0937","0,7062","0,1143",thumbnail_grossTrial,thumbnail_grossTrial.png,1245.0,1080.0,337.0,0.0,798.0,692.0,Unclassified,58.0,339.0,,,,,,
28042,37767451,1400477038738,Eye Tracker,Participant0058,17.09.2021,Participant0058,Recording4,17.09.2021,17.09.2021,14:48:45.713,12:48:45.713,64514,Timeline2,Tobii I-VT (Fixation),1.145.28180,1080,1920,"10,00",705630569.0,,,1217.0,125.0,,,1217.0,125.0,,,,"0,08140","-0,13777","-0,98711",,,Invalid,Valid,,,,"292,0","104,4","503,7",,,"333,6","34,1","0,7065","0,1153",,,"0,7065","0,1153",thumbnail_grossTrial,thumbnail_grossTrial.png,1245.0,1080.0,337.0,0.0,798.0,692.0,Unclassified,58.0,339.0,,,,,,
28043,37775770,1400477047057,Eye Tracker,Participant0058,17.09.2021,Participant0058,Recording4,17.09.2021,17.09.2021,14:48:45.713,12:48:45.713,64514,Timeline2,Tobii I-VT (Fixation),1.145.28180,1080,1920,"10,00",705638888.0,,,1202.0,116.0,1191.0,101.0,1214.0,130.0,"0,17498","-0,14226","-0,97424","0,07945","-0,13436","-0,98774","6,11","4,61",Valid,Valid,"234,8","102,3","510,3","292,1","104,2","503,8","326,4","27,8","332,6","35,7","0,6946","0,1073","0,6855","0,0939","0,7036","0,1208",thumbnail_grossTrial,thumbnail_grossTrial.png,1245.0,1080.0,337.0,0.0,798.0,692.0,Unclassified,58.0,339.0,,,,,,
28044,37784102,1400477055389,Eye Tracker,Participant0058,17.09.2021,Participant0058,Recording4,17.09.2021,17.09.2021,14:48:45.713,12:48:45.713,64514,Timeline2,Tobii I-VT (Fixation),1.145.28180,1080,1920,"10,00",705647220.0,,,1201.0,122.0,1196.0,114.0,1206.0,129.0,"0,17768","-0,13603","-0,97464","0,07518","-0,13521","-0,98796",,,Valid,Valid,"234,8","102,4","510,2","292,1","104,3","503,8","327,8","31,2","330,4","35,3","0,6934","0,1125","0,6895","0,1056","0,6972","0,1195",thumbnail_grossTrial,thumbnail_grossTrial.png,1245.0,1080.0,337.0,0.0,798.0,692.0,Unclassified,58.0,339.0,,,,,,
28045,37792440,1400477063727,Eye Tracker,Participant0058,17.09.2021,Participant0058,Recording4,17.09.2021,17.09.2021,14:48:45.713,12:48:45.713,64514,Timeline2,Tobii I-VT (Fixation),1.145.28180,1080,1920,"10,00",705655557.0,,,1201.0,115.0,1196.0,102.0,1205.0,128.0,"0,17768","-0,14247","-0,97372","0,07490","-0,13605","-0,98787",,,Valid,Valid,"234,7","102,5","510,3","292,0","104,3","503,9","327,8","27,8","330,3","34,9","0,6931","0,1061","0,6895","0,0941","0,6967","0,1182",thumbnail_grossTrial,thumbnail_grossTrial.png,1245.0,1080.0,337.0,0.0,798.0,692.0,Unclassified,58.0,339.0,,,,,,
28046,37800769,1400477072056,Eye Tracker,Participant0058,17.09.2021,Participant0058,Recording4,17.09.2021,17.09.2021,14:48:45.713,12:48:45.713,64514,Timeline2,Tobii I-VT (Fixation),1.145.28180,1080,1920,"10,00",705663886.0,,,,,,,,,,,,,,,,,Invalid,Invalid,,,,,,,,,,,,,,,,,thumbnail_grossTrial,thumbnail_grossTrial.png,1245.0,1080.0,337.0,0.0,798.0,692.0,EyesNotFound,8.0,306.0,,,,,,
28047,37809129,1400477080416,Eye Tracker,Participant0058,17.09.2021,Participant0058,Recording4,17.09.2021,17.09.2021,14:48:45.713,12:48:45.713,64514,Timeline2,Tobii I-VT (Fixation),1.145.28180,1080,1920,"10,00",705672246.0,,,1191.0,88.0,1201.0,25.0,1181.0,151.0,"0,17948","-0,18131","-0,96691","0,06256","-0,12409","-0,99030",,,Valid,Valid,"234,5","102,6","510,3","291,7","104,3","504,0","329,2","6,9","323,6","41,2","0,6853","0,0814","0,6936","0,0234","0,6771","0,1394",thumbnail_grossTrial,thumbnail_grossTrial.png,1245.0,1080.0,337.0,0.0,798.0,692.0,Saccade,33.0,142.0,,,,,,
28048,37817470,1400477088757,Eye Tracker,Participant0058,17.09.2021,Participant0058,Recording4,17.09.2021,17.09.2021,14:48:45.713,12:48:45.713,64514,Timeline2,Tobii I-VT (Fixation),1.145.28180,1080,1920,"10,00",705680587.0,,,1012.0,223.0,1001.0,205.0,1023.0,241.0,"0,07817","-0,09078","-0,99280","-0,02185","-0,07631","-0,99685",,,Valid,Valid,"234,2","102,7","510,3","291,5","104,4","504,1","274,4","56,0","280,5","65,8","0,5419","0,2061","0,5330","0,1895","0,5508","0,2227",thumbnail_grossTrial,thumbnail_grossTrial.png,1245.0,1080.0,337.0,0.0,798.0,692.0,Saccade,33.0,142.0,,,,,,
28049,37825803,1400477097090,Eye Tracker,Participant0058,17.09.2021,Participant0058,Recording4,17.09.2021,17.09.2021,14:48:45.713,12:48:45.713,64514,Timeline2,Tobii I-VT (Fixation),1.145.28180,1080,1920,"10,00",705688919.0,,,1024.0,240.0,,,1024.0,240.0,,,,"-0,02129","-0,07608","-0,99687",,"4,61",Invalid,Valid,,,,"291,3","104,3","504,2",,,"280,6","65,8","0,5512","0,2226",,,"0,5512","0,2226",thumbnail_grossTrial,thumbnail_grossTrial.png,1245.0,1080.0,337.0,0.0,798.0,692.0,Saccade,33.0,142.0,,,,,,
28050,37834139,1400477105426,Eye Tracker,Participant0058,17.09.2021,Participant0058,Recording4,17.09.2021,17.09.2021,14:48:45.713,12:48:45.713,64514,Timeline2,Tobii I-VT (Fixation),1.145.28180,1080,1920,"10,00",705697255.0,,,947.0,246.0,937.0,219.0,957.0,274.0,"0,04453","-0,08340","-0,99552","-0,05740","-0,05841","-0,99664",,,Valid,Valid,"234,0","102,8","510,3","291,3","104,4","504,2","256,9","60,0","262,3","74,9","0,4896","0,2282","0,4817","0,2030","0,4976","0,2533",thumbnail_grossTrial,thumbnail_grossTrial.png,1245.0,1080.0,337.0,0.0,798.0,692.0,Saccade,33.0,142.0,,,,,,
28051,37842456,1400477113743,Eye Tracker,Participant0058,17.09.2021,Participant0058,Recording4,17.09.2021,17.09.2021,14:48:45.713,12:48:45.713,64514,Timeline2,Tobii I-VT (Fixation),1.145.28180,1080,1920,"10,00",705705572.0,,,939.0,243.0,922.0,231.0,956.0,255.0,"0,03633","-0,07691","-0,99638","-0,05811","-0,06819","-0,99598",,,Valid,Valid,"234,0","102,7","510,4","291,4","104,4","504,3","252,6","63,3","262,0","69,9","0,4829","0,2254","0,4692","0,2143","0,4966","0,2365",thumbnail_grossTrial,thumbnail_grossTrial.png,1245.0,1080.0,337.0,0.0,798.0,692.0,Unclassified,8.0,340.0,,,,,,
28052,37850776,1400477122063,Eye Tracker,Participant0058,17.09.2021,Participant0058,Recording4,17.09.2021,17.09.2021,14:48:45.713,12:48:45.713,64514,Timeline2,Tobii I-VT (Fixation),1.145.28180,1080,1920,"10,00",705713891.0,,,955.0,255.0,,,955.0,255.0,,,,"-0,05827","-0,06792","-0,99599",,"5,05",Invalid,Valid,,,,"291,4","104,3","504,3",,,"261,9","69,9","0,4964","0,2364",,,"0,4964","0,2364",thumbnail_grossTrial,thumbnail_grossTrial.png,1245.0,1080.0,337.0,0.0,798.0,692.0,Saccade,17.0,143.0,,,,,,
28053,37859107,1400477130394,Eye Tracker,Participant0058,17.09.2021,Participant0058,Recording4,17.09.2021,17.09.2021,14:48:45.713,12:48:45.713,64514,Timeline2,Tobii I-VT (Fixation),1.145.28180,1080,1920,"10,00",705722222.0,,,943.0,281.0,939.0,276.0,947.0,286.0,"0,04560","-0,05341","-0,99753","-0,06277","-0,05171","-0,99669",,,Valid,Valid,"234,0","102,8","510,4","291,4","104,4","504,3","257,4","75,4","259,6","78,2","0,4865","0,2600","0,4831","0,2552","0,4898","0,2647",thumbnail_grossTrial,thumbnail_grossTrial.png,1245.0,1080.0,337.0,0.0,798.0,692.0,Saccade,17.0,143.0,,,,,,
28054,37867436,1400477138723,Eye Tracker,Participant0058,17.09.2021,Participant0058,Recording4,17.09.2021,17.09.2021,14:48:45.713,12:48:45.713,64514,Timeline2,Tobii I-VT (Fixation),1.145.28180,1080,1920,"10,00",705730551.0,,,941.0,274.0,940.0,260.0,941.0,287.0,"0,04628","-0,06160","-0,99703","-0,06593","-0,05102","-0,99652",,,Valid,Valid,"234,0","102,7","510,4","291,4","104,4","504,3","257,7","71,2","258,0","78,6","0,4846","0,2534","0,4841","0,2409","0,4851","0,2659",thumbnail_grossTrial,thumbnail_grossTrial.png,1245.0,1080.0,337.0,0.0,798.0,692.0,Fixation,583.0,75.0,929.0,252.0,"0,4755","0,2336",,
28055,37875764,1400477147051,Eye Tracker,Participant0058,17.09.2021,Participant0058,Recording4,17.09.2021,17.09.2021,14:48:45.713,12:48:45.713,64514,Timeline2,Tobii I-VT (Fixation),1.145.28180,1080,1920,"10,00",705738878.0,,,940.0,290.0,,,940.0,290.0,,,,"-0,06645","-0,04896","-0,99659",,"5,01",Invalid,Valid,,,,"291,4","104,2","504,5",,,"257,7","79,4","0,4843","0,2686",,,"0,4843","0,2686",thumbnail_grossTrial,thumbnail_grossTrial.png,1245.0,1080.0,337.0,0.0,798.0,692.0,Fixation,583.0,75.0,929.0,252.0,"0,4755","0,2336",,
28056,37884096,1400477155383,Eye Tracker,Participant0058,17.09.2021,Participant0058,Recording4,17.09.2021,17.09.2021,14:48:45.713,12:48:45.713,64514,Timeline2,Tobii I-VT (Fixation),1.145.28180,1080,1920,"10,00",705747210.0,,,939.0,262.0,935.0,230.0,943.0,295.0,"0,04339","-0,07784","-0,99602","-0,06509","-0,04621","-0,99681",,,Valid,Valid,"234,0","102,8","510,4","291,4","104,2","504,8","256,2","62,9","258,4","80,8","0,4831","0,2430","0,4799","0,2127","0,4864","0,2734",thumbnail_grossTrial,thumbnail_grossTrial.png,1245.0,1080.0,337.0,0.0,798.0,692.0,Fixation,583.0,75.0,929.0,252.0,"0,4755","0,2336",,
28057,37892473,1400477163760,Eye Tracker,Participant0058,17.09.2021,Participant0058,Recording4,17.09.2021,17.09.2021,14:48:45.713,12:48:45.713,64514,Timeline2,Tobii I-VT (Fixation),1.145.28180,1080,1920,"10,00",705755587.0,,,938.0,271.0,931.0,248.0,945.0,294.0,"0,04130","-0,06791","-0,99684","-0,06395","-0,04660","-0,99686",,,Valid,Valid,"234,0","102,7","510,4","291,5","104,0","505,2","255,1","67,9","259,1","80,4","0,4823","0,2510","0,4766","0,2299","0,4881","0,2720",thumbnail_grossTrial,thumbnail_grossTrial.png,1245.0,1080.0,337.0,0.0,798.0,692.0,Fixation,583.0,75.0,929.0,252.0,"0,4755","0,2336",,
28058,37900845,1400477172132,Eye Tracker,Participant0058,17.09.2021,Participant0058,Recording4,17.09.2021,17.09.2021,14:48:45.713,12:48:45.713,64514,Timeline2,Tobii I-VT (Fixation),1.145.28180,1080,1920,"10,00",705763959.0,,,943.0,292.0,,,943.0,292.0,,,,"-0,06504","-0,04675","-0,99679",,"5,06",Invalid,Valid,,,,"291,5","103,7","505,7",,,"258,5","80,0","0,4864","0,2705",,,"0,4864","0,2705",thumbnail_grossTrial,thumbnail_grossTrial.png,1245.0,1080.0,337.0,0.0,798.0,692.0,Fixation,583.0,75.0,929.0,252.0,"0,4755","0,2336",,
28059,37909123,1400477180410,Eye Tracker,Participant0058,17.09.2021,Participant0058,Recording4,17.09.2021,17.09.2021,14:48:45.713,12:48:45.713,64514,Timeline2,Tobii I-VT (Fixation),1.145.28180,1080,1920,"10,00",705772236.0,,,932.0,270.0,922.0,252.0,942.0,289.0,"0,03659","-0,06612","-0,99714","-0,06565","-0,04802","-0,99669",,,Valid,Valid,"234,0","102,7","510,4","291,5","103,6","506,2","252,7","68,8","258,2","79,2","0,4776","0,2504","0,4695","0,2329","0,4856","0,2678",thumbnail_grossTrial,thumbnail_grossTrial.png,1245.0,1080.0,337.0,0.0,798.0,692.0,Fixation,583.0,75.0,929.0,252.0,"0,4755","0,2336",,
28060,37917473,1400477188760,Eye Tracker,Participant0058,17.09.2021,Participant0058,Recording4,17.09.2021,17.09.2021,14:48:45.713,12:48:45.713,64514,Timeline2,Tobii I-VT (Fixation),1.145.28180,1080,1920,"10,00",705780586.0,,,928.0,261.0,912.0,235.0,945.0,287.0,"0,03119","-0,07483","-0,99671","-0,06436","-0,04875","-0,99674",,,Valid,Valid,"233,9","102,6","510,6","291,6","103,3","506,9","249,9","64,3","258,9","78,5","0,4745","0,2415","0,4613","0,2174","0,4876","0,2656",thumbnail_grossTrial,thumbnail_grossTrial.png,1245.0,1080.0,337.0,0.0,798.0,692.0,Fixation,583.0,75.0,929.0,252.0,"0,4755","0,2336",,
28061,37925782,1400477197069,Eye Tracker,Participant0058,17.09.2021,Participant0058,Recording4,17.09.2021,17.09.2021,14:48:45.713,12:48:45.713,64514,Timeline2,Tobii I-VT (Fixation),1.145.28180,1080,1920,"10,00",705788895.0,,,946.0,281.0,,,946.0,281.0,,,,"-0,06367","-0,05109","-0,99666",,"4,61",Invalid,Valid,,,,"291,6","102,9","507,6",,,"259,2","76,8","0,4886","0,2600",,,"0,4886","0,2600",thumbnail_grossTrial,thumbnail_grossTrial.png,1245.0,1080.0,337.0,0.0,798.0,692.0,Fixation,583.0,75.0,929.0,252.0,"0,4755","0,2336",,
28062,37934098,1400477205385,Eye Tracker,Participant0058,17.09.2021,Participant0058,Recording4,17.09.2021,17.09.2021,14:48:45.713,12:48:45.713,64514,Timeline2,Tobii I-VT (Fixation),1.145.28180,1080,1920,"10,00",705797210.0,,,928.0,254.0,915.0,231.0,941.0,278.0,"0,03255","-0,07643","-0,99654","-0,06639","-0,05243","-0,99642",,,Valid,Valid,"234,0","102,5","510,8","291,7","102,7","508,2","250,7","63,3","257,9","76,0","0,4741","0,2356","0,4635","0,2142","0,4847","0,2570",thumbnail_grossTrial,thumbnail_grossTrial.png,1245.0,1080.0,337.0,0.0,798.0,692.0,Fixation,583.0,75.0,929.0,252.0,"0,4755","0,2336",,
28063,37942465,1400477213752,Eye Tracker,Participant0058,17.09.2021,Participant0058,Recording4,17.09.2021,17.09.2021,14:48:45.713,12:48:45.713,64514,Timeline2,Tobii I-VT (Fixation),1.145.28180,1080,1920,"10,00",705805577.0,,,924.0,247.0,911.0,223.0,938.0,271.0,"0,03075","-0,08056","-0,99628","-0,06811","-0,05540","-0,99614",,,Valid,Valid,"233,9","102,4","511,0","291,8","102,4","508,9","249,7","61,0","257,0","74,1","0,4714","0,2286","0,4607","0,2065","0,4821","0,2507",thumbnail_grossTrial,thumbnail_grossTrial.png,1245.0,1080.0,337.0,0.0,798.0,692.0,Fixation,583.0,75.0,929.0,252.0,"0,4755","0,2336",,
28064,37950758,1400477222045,Eye Tracker,Participant0058,17.09.2021,Participant0058,Recording4,17.09.2021,17.09.2021,14:48:45.713,12:48:45.713,64514,Timeline2,Tobii I-VT (Fixation),1.145.28180,1080,1920,"10,00",705813870.0,,,937.0,271.0,,,937.0,271.0,,,,"-0,06832","-0,05449","-0,99617",,"4,62",Invalid,Valid,,,,"291,8","102,0","509,6",,,"256,9","74,1","0,4818","0,2508",,,"0,4818","0,2508",thumbnail_grossTrial,thumbnail_grossTrial.png,1245.0,1080.0,337.0,0.0,798.0,692.0,Fixation,583.0,75.0,929.0,252.0,"0,4755","0,2336",,
28065,37959132,1400477230419,Eye Tracker,Participant0058,17.09.2021,Participant0058,Recording4,17.09.2021,17.09.2021,14:48:45.713,12:48:45.713,64514,Timeline2,Tobii I-VT (Fixation),1.145.28180,1080,1920,"10,00",705822243.0,,,919.0,238.0,901.0,208.0,937.0,268.0,"0,02531","-0,08829","-0,99577","-0,06872","-0,05562","-0,99608",,,Valid,Valid,"234,0","102,2","511,3","291,9","101,8","510,3","247,0","56,9","256,7","73,4","0,4670","0,2203","0,4527","0,1925","0,4813","0,2482",thumbnail_grossTrial,thumbnail_grossTrial.png,1245.0,1080.0,337.0,0.0,798.0,692.0,Fixation,583.0,75.0,929.0,252.0,"0,4755","0,2336",,
28066,37967439,1400477238726,Eye Tracker,Participant0058,17.09.2021,Participant0058,Recording4,17.09.2021,17.09.2021,14:48:45.713,12:48:45.713,64514,Timeline2,Tobii I-VT (Fixation),1.145.28180,1080,1920,"10,00",705830550.0,,,924.0,249.0,906.0,234.0,942.0,265.0,"0,02833","-0,07426","-0,99684","-0,06597","-0,05653","-0,99622",,,Valid,Valid,"233,9","102,0","511,8","292,0","101,6","510,8","248,4","63,9","258,1","72,6","0,4712","0,2310","0,4570","0,2162","0,4854","0,2458",thumbnail_grossTrial,thumbnail_grossTrial.png,1245.0,1080.0,337.0,0.0,798.0,692.0,Fixation,583.0,75.0,929.0,252.0,"0,4755","0,2336",,
28067,37975801,1400477247088,Eye Tracker,Participant0058,17.09.2021,Participant0058,Recording4,17.09.2021,17.09.2021,14:48:45.713,12:48:45.713,64514,Timeline2,Tobii I-VT (Fixation),1.145.28180,1080,1920,"10,00",705838912.0,,,942.0,260.0,,,942.0,260.0,,,,"-0,06606","-0,05848","-0,99610",,"4,64",Invalid,Valid,,,,"292,0","101,3","511,3",,,"258,1","71,3","0,4853","0,2412",,,"0,4853","0,2412",thumbnail_grossTrial,thumbnail_grossTrial.png,1245.0,1080.0,337.0,0.0,798.0,692.0,Fixation,583.0,75.0,929.0,252.0,"0,4755","0,2336",,
28068,37984125,1400477255412,Eye Tracker,Participant0058,17.09.2021,Participant0058,Recording4,17.09.2021,17.09.2021,14:48:45.713,12:48:45.713,64514,Timeline2,Tobii I-VT (Fixation),1.145.28180,1080,1920,"10,00",705847236.0,,,923.0,247.0,910.0,238.0,937.0,257.0,"0,02987","-0,07148","-0,99699","-0,06875","-0,06034","-0,99581",,,Valid,Valid,"233,9","101,8","512,3","292,1","101,3","511,7","249,3","65,1","256,8","70,3","0,4705","0,2290","0,4595","0,2203","0,4814","0,2377",thumbnail_grossTrial,thumbnail_grossTrial.png,1245.0,1080.0,337.0,0.0,798.0,692.0,Fixation,583.0,75.0,929.0,252.0,"0,4755","0,2336",,
28069,37992453,1400477263740,Eye Tracker,Participant0058,17.09.2021,Participant0058,Recording4,17.09.2021,17.09.2021,14:48:45.713,12:48:45.713,64514,Timeline2,Tobii I-VT (Fixation),1.145.28180,1080,1920,"10,00",705855563.0,,,927.0,244.0,915.0,229.0,939.0,259.0,"0,03260","-0,07593","-0,99658","-0,06756","-0,05865","-0,99599",,,Valid,Valid,"233,9","101,8","512,5","292,1","101,1","512,1","250,7","62,7","257,4","71,0","0,4733","0,2262","0,4635","0,2122","0,4831","0,2402",thumbnail_grossTrial,thumbnail_grossTrial.png,1245.0,1080.0,337.0,0.0,798.0,692.0,Fixation,583.0,75.0,929.0,252.0,"0,4755","0,2336",,
28070,38000753,1400477272040,Eye Tracker,Participant0058,17.09.2021,Participant0058,Recording4,17.09.2021,17.09.2021,14:48:45.713,12:48:45.713,64514,Timeline2,Tobii I-VT (Fixation),1.145.28180,1080,1920,"10,00",705863863.0,,,941.0,259.0,,,941.0,259.0,,,,"-0,06631","-0,05840","-0,99609",,"4,65",Invalid,Valid,,,,"292,1","100,9","512,4",,,"258,0","70,8","0,4851","0,2397",,,"0,4851","0,2397",thumbnail_grossTrial,thumbnail_grossTrial.png,1245.0,1080.0,337.0,0.0,798.0,692.0,Fixation,583.0,75.0,929.0,252.0,"0,4755","0,2336",,
28071,38009124,1400477280411,Eye Tracker,Participant0058,17.09.2021,Participant0058,Recording4,17.09.2021,17.09.2021,14:48:45.713,12:48:45.713,64514,Timeline2,Tobii I-VT (Fixation),1.145.28180,1080,1920,"10,00",705872234.0,,,924.0,251.0,913.0,236.0,935.0,266.0,"0,03151","-0,07242","-0,99688","-0,06970","-0,05485","-0,99606",,,Valid,Valid,"234,0","101,7","512,7","292,2","100,9","512,6","250,2","64,5","256,3","72,7","0,4711","0,2320","0,4621","0,2181","0,4801","0,2460",thumbnail_grossTrial,thumbnail_grossTrial.png,1245.0,1080.0,337.0,0.0,798.0,692.0,Fixation,583.0,75.0,929.0,252.0,"0,4755","0,2336",,
28072,38017504,1400477288791,Eye Tracker,Participant0058,17.09.2021,Participant0058,Recording4,17.09.2021,17.09.2021,14:48:45.713,12:48:45.713,64514,Timeline2,Tobii I-VT (Fixation),1.145.28180,1080,1920,"10,00",705880613.0,,,935.0,253.0,928.0,242.0,942.0,264.0,"0,03973","-0,06888","-0,99683","-0,06614","-0,05549","-0,99627",,,Valid,Valid,"233,9","101,6","512,8","292,1","100,8","512,8","254,3","66,2","258,1","72,3","0,4798","0,2343","0,4743","0,2240","0,4853","0,2446",thumbnail_grossTrial,thumbnail_grossTrial.png,1245.0,1080.0,337.0,0.0,798.0,692.0,Fixation,583.0,75.0,929.0,252.0,"0,4755","0,2336",,
28073,38025820,1400477297107,Eye Tracker,Participant0058,17.09.2021,Participant0058,Recording4,17.09.2021,17.09.2021,14:48:45.713,12:48:45.713,64514,Timeline2,Tobii I-VT (Fixation),1.145.28180,1080,1920,"10,00",705888929.0,,,941.0,267.0,,,941.0,267.0,,,,"-0,06662","-0,05377","-0,99633",,"5,14",Invalid,Valid,,,,"292,2","100,7","513,0",,,"257,9","73,0","0,4847","0,2469",,,"0,4847","0,2469",thumbnail_grossTrial,thumbnail_grossTrial.png,1245.0,1080.0,337.0,0.0,798.0,692.0,Fixation,583.0,75.0,929.0,252.0,"0,4755","0,2336",,
28074,38034142,1400477305429,Eye Tracker,Participant0058,17.09.2021,Participant0058,Recording4,17.09.2021,17.09.2021,14:48:45.713,12:48:45.713,64514,Timeline2,Tobii I-VT (Fixation),1.145.28180,1080,1920,"10,00",705897251.0,,,930.0,253.0,920.0,236.0,940.0,269.0,"0,03525","-0,07170","-0,99680","-0,06740","-0,05280","-0,99633",,,Valid,Valid,"233,9","101,6","513,0","292,2","100,7","513,1","252,1","64,7","257,5","73,6","0,4757","0,2338","0,4677","0,2188","0,4837","0,2489",thumbnail_grossTrial,thumbnail_grossTrial.png,1245.0,1080.0,337.0,0.0,798.0,692.0,Fixation,583.0,75.0,929.0,252.0,"0,4755","0,2336",,
28075,38042503,1400477313790,Eye Tracker,Participant0058,17.09.2021,Participant0058,Recording4,17.09.2021,17.09.2021,14:48:45.713,12:48:45.713,64514,Timeline2,Tobii I-VT (Fixation),1.145.28180,1080,1920,"10,00",705905611.0,,,932.0,247.0,920.0,230.0,944.0,264.0,"0,03572","-0,07467","-0,99657","-0,06512","-0,05514","-0,99635",,,Valid,Valid,"233,9","101,5","513,1","292,2","100,7","513,2","252,3","63,1","258,6","72,3","0,4776","0,2290","0,4682","0,2134","0,4869","0,2445",thumbnail_grossTrial,thumbnail_grossTrial.png,1245.0,1080.0,337.0,0.0,798.0,692.0,Fixation,583.0,75.0,929.0,252.0,"0,4755","0,2336",,
28076,38050749,1400477322036,Eye Tracker,Participant0058,17.09.2021,Participant0058,Recording4,17.09.2021,17.09.2021,14:48:45.713,12:48:45.713,64514,Timeline2,Tobii I-VT (Fixation),1.145.28180,1080,1920,"10,00",705913857.0,,,947.0,264.0,,,947.0,264.0,,,,"-0,06353","-0,05508","-0,99646",,"5,03",Invalid,Valid,,,,"292,2","100,5","513,3",,,"259,5","72,2","0,4894","0,2441",,,"0,4894","0,2441",thumbnail_grossTrial,thumbnail_grossTrial.png,1245.0,1080.0,337.0,0.0,798.0,692.0,Fixation,583.0,75.0,929.0,252.0,"0,4755","0,2336",,
28077,38059117,1400477330404,Eye Tracker,Participant0058,17.09.2021,Participant0058,Recording4,17.09.2021,17.09.2021,14:48:45.713,12:48:45.713,64514,Timeline2,Tobii I-VT (Fixation),1.145.28180,1080,1920,"10,00",705922225.0,,,931.0,245.0,915.0,230.0,947.0,259.0,"0,03282","-0,07475","-0,99666","-0,06372","-0,05765","-0,99630",,,Valid,Valid,"233,9","101,5","513,2","292,2","100,6","513,3","250,8","63,0","259,4","70,9","0,4766","0,2265","0,4640","0,2131","0,4892","0,2399",thumbnail_grossTrial,thumbnail_grossTrial.png,1245.0,1080.0,337.0,0.0,798.0,692.0,Fixation,583.0,75.0,929.0,252.0,"0,4755","0,2336",,
28078,38067481,1400477338768,Eye Tracker,Participant0058,17.09.2021,Participant0058,Recording4,17.09.2021,17.09.2021,14:48:45.713,12:48:45.713,64514,Timeline2,Tobii I-VT (Fixation),1.145.28180,1080,1920,"10,00",705930589.0,,,932.0,237.0,917.0,228.0,946.0,246.0,"0,03404","-0,07596","-0,99653","-0,06387","-0,06436","-0,99588",,,Valid,Valid,"233,8","101,5","513,2","292,2","100,6","513,4","251,4","62,3","259,3","67,4","0,4772","0,2195","0,4656","0,2109","0,4887","0,2281",thumbnail_grossTrial,thumbnail_grossTrial.png,1245.0,1080.0,337.0,0.0,798.0,692.0,Fixation,583.0,75.0,929.0,252.0,"0,4755","0,2336",,
28079,38075776,1400477347063,Eye Tracker,Participant0058,17.09.2021,Participant0058,Recording4,17.09.2021,17.09.2021,14:48:45.713,12:48:45.713,64514,Timeline2,Tobii I-VT (Fixation),1.145.28180,1080,1920,"10,00",705938883.0,,,942.0,243.0,,,942.0,243.0,,,,"-0,06596","-0,06574","-0,99565",,"4,63",Invalid,Valid,,,,"292,2","100,5","513,4",,,"258,2","66,6","0,4856","0,2252",,,"0,4856","0,2252",thumbnail_grossTrial,thumbnail_grossTrial.png,1245.0,1080.0,337.0,0.0,798.0,692.0,Fixation,583.0,75.0,929.0,252.0,"0,4755","0,2336",,
28080,38084108,1400477355395,Eye Tracker,Participant0058,17.09.2021,Participant0058,Recording4,17.09.2021,17.09.2021,14:48:45.713,12:48:45.713,64514,Timeline2,Tobii I-VT (Fixation),1.145.28180,1080,1920,"10,00",705947215.0,,,931.0,235.0,920.0,223.0,943.0,247.0,"0,03523","-0,07831","-0,99631","-0,06546","-0,06377","-0,99582",,,Valid,Valid,"233,9","101,5","513,2","292,2","100,6","513,3","252,0","61,1","258,5","67,7","0,4770","0,2180","0,4676","0,2069","0,4865","0,2292",thumbnail_grossTrial,thumbnail_grossTrial.png,1245.0,1080.0,337.0,0.0,798.0,692.0,Fixation,583.0,75.0,929.0,252.0,"0,4755","0,2336",,
28081,38092461,1400477363748,Eye Tracker,Participant0058,17.09.2021,Participant0058,Recording4,17.09.2021,17.09.2021,14:48:45.713,12:48:45.713,64514,Timeline2,Tobii I-VT (Fixation),1.145.28180,1080,1920,"10,00",705955568.0,,,925.0,242.0,910.0,225.0,940.0,259.0,"0,03050","-0,07750","-0,99653","-0,06693","-0,05753","-0,99610",,,Valid,Valid,"233,8","101,5","513,1","292,2","100,6","513,3","249,5","61,6","257,7","71,0","0,4722","0,2242","0,4602","0,2083","0,4841","0,2402",thumbnail_grossTrial,thumbnail_grossTrial.png,1245.0,1080.0,337.0,0.0,798.0,692.0,Fixation,583.0,75.0,929.0,252.0,"0,4755","0,2336",,
28082,38100745,1400477372032,Eye Tracker,Participant0058,17.09.2021,Participant0058,Recording4,17.09.2021,17.09.2021,14:48:45.713,12:48:45.713,64514,Timeline2,Tobii I-VT (Fixation),1.145.28180,1080,1920,"10,00",705963851.0,,,940.0,261.0,,,940.0,261.0,,,,"-0,06712","-0,05633","-0,99615",,"4,62",Invalid,Valid,,,,"292,2","100,5","513,2",,,"257,6","71,5","0,4839","0,2419",,,"0,4839","0,2419",thumbnail_grossTrial,thumbnail_grossTrial.png,1245.0,1080.0,337.0,0.0,798.0,692.0,Fixation,583.0,75.0,929.0,252.0,"0,4755","0,2336",,
28083,38109078,1400477380365,Eye Tracker,Participant0058,17.09.2021,Participant0058,Recording4,17.09.2021,17.09.2021,14:48:45.713,12:48:45.713,64514,Timeline2,Tobii I-VT (Fixation),1.145.28180,1080,1920,"10,00",705972184.0,,,929.0,245.0,916.0,241.0,942.0,249.0,"0,03353","-0,06921","-0,99704","-0,06630","-0,06315","-0,99580",,,Valid,Valid,"233,9","101,5","513,0","292,2","100,7","513,1","251,2","65,9","258,1","68,1","0,4751","0,2268","0,4650","0,2230","0,4852","0,2305",thumbnail_grossTrial,thumbnail_grossTrial.png,1245.0,1080.0,337.0,0.0,798.0,692.0,Fixation,583.0,75.0,929.0,252.0,"0,4755","0,2336",,
28084,38117428,1400477388715,Eye Tracker,Participant0058,17.09.2021,Participant0058,Recording4,17.09.2021,17.09.2021,14:48:45.713,12:48:45.713,64514,Timeline2,Tobii I-VT (Fixation),1.145.28180,1080,1920,"10,00",705980534.0,,,925.0,247.0,912.0,241.0,939.0,253.0,"0,03133","-0,06934","-0,99710","-0,06783","-0,06093","-0,99583",,,Valid,Valid,"233,9","101,5","513,0","292,2","100,7","513,0","250,0","65,8","257,2","69,3","0,4721","0,2287","0,4615","0,2228","0,4828","0,2346",thumbnail_grossTrial,thumbnail_grossTrial.png,1245.0,1080.0,337.0,0.0,798.0,692.0,Fixation,583.0,75.0,929.0,252.0,"0,4755","0,2336",,
28085,38125788,1400477397075,Eye Tracker,Participant0058,17.09.2021,Participant0058,Recording4,17.09.2021,17.09.2021,14:48:45.713,12:48:45.713,64514,Timeline2,Tobii I-VT (Fixation),1.145.28180,1080,1920,"10,00",705988893.0,,,939.0,253.0,,,939.0,253.0,,,,"-0,06744","-0,06106","-0,99585",,"4,61",Invalid,Valid,,,,"292,2","100,6","512,9",,,"257,4","69,2","0,4834","0,2340",,,"0,4834","0,2340",thumbnail_grossTrial,thumbnail_grossTrial.png,1245.0,1080.0,337.0,0.0,798.0,692.0,Fixation,583.0,75.0,929.0,252.0,"0,4755","0,2336",,
28086,38134118,1400477405405,Eye Tracker,Participant0058,17.09.2021,Participant0058,Recording4,17.09.2021,17.09.2021,14:48:45.713,12:48:45.713,64514,Timeline2,Tobii I-VT (Fixation),1.145.28180,1080,1920,"10,00",705997223.0,,,924.0,249.0,913.0,235.0,935.0,263.0,"0,03151","-0,07231","-0,99688","-0,06971","-0,05592","-0,99600",,,Valid,Valid,"233,9","101,6","512,9","292,2","100,8","512,8","250,1","64,4","256,3","72,0","0,4711","0,2306","0,4620","0,2178","0,4801","0,2435",thumbnail_grossTrial,thumbnail_grossTrial.png,1245.0,1080.0,337.0,0.0,798.0,692.0,Fixation,583.0,75.0,929.0,252.0,"0,4755","0,2336",,
28087,38142458,1400477413745,Eye Tracker,Participant0058,17.09.2021,Participant0058,Recording4,17.09.2021,17.09.2021,14:48:45.713,12:48:45.713,64514,Timeline2,Tobii I-VT (Fixation),1.145.28180,1080,1920,"10,00",706005563.0,,,923.0,248.0,914.0,234.0,933.0,262.0,"0,03212","-0,07280","-0,99683","-0,07062","-0,05675","-0,99589",,,Valid,Valid,"233,9","101,5","512,9","292,2","100,8","512,8","250,4","64,1","255,8","71,6","0,4707","0,2295","0,4628","0,2168","0,4786","0,2422",thumbnail_grossTrial,thumbnail_grossTrial.png,1245.0,1080.0,337.0,0.0,798.0,692.0,Fixation,583.0,75.0,929.0,252.0,"0,4755","0,2336",,
28088,38150742,1400477422029,Eye Tracker,Participant0058,17.09.2021,Participant0058,Recording4,17.09.2021,17.09.2021,14:48:45.713,12:48:45.713,64514,Timeline2,Tobii I-VT (Fixation),1.145.28180,1080,1920,"10,00",706013846.0,,,933.0,262.0,,,933.0,262.0,,,,"-0,07088","-0,05606","-0,99591",,"4,61",Invalid,Valid,,,,"292,2","100,7","512,8",,,"255,7","71,8","0,4782","0,2429",,,"0,4782","0,2429",thumbnail_grossTrial,thumbnail_grossTrial.png,1245.0,1080.0,337.0,0.0,798.0,692.0,Fixation,583.0,75.0,929.0,252.0,"0,4755","0,2336",,
28089,38159105,1400477430392,Eye Tracker,Participant0058,17.09.2021,Participant0058,Recording4,17.09.2021,17.09.2021,14:48:45.713,12:48:45.713,64514,Timeline2,Tobii I-VT (Fixation),1.145.28180,1080,1920,"10,00",706022209.0,,,921.0,244.0,909.0,222.0,933.0,266.0,"0,02935","-0,07912","-0,99643","-0,07076","-0,05445","-0,99601",,,Valid,Valid,"233,9","101,6","512,9","292,2","100,8","512,8","249,0","60,8","255,8","72,8","0,4686","0,2261","0,4588","0,2059","0,4785","0,2462",thumbnail_grossTrial,thumbnail_grossTrial.png,1245.0,1080.0,337.0,0.0,798.0,692.0,Fixation,583.0,75.0,929.0,252.0,"0,4755","0,2336",,
28090,38167452,1400477438739,Eye Tracker,Participant0058,17.09.2021,Participant0058,Recording4,17.09.2021,17.09.2021,14:48:45.713,12:48:45.713,64514,Timeline2,Tobii I-VT (Fixation),1.145.28180,1080,1920,"10,00",706030556.0,,,922.0,239.0,912.0,215.0,933.0,263.0,"0,03119","-0,08270","-0,99609","-0,07082","-0,05589","-0,99592",,,Valid,Valid,"233,9","101,5","512,9","292,2","100,8","512,8","249,9","59,0","255,7","72,0","0,4698","0,2216","0,4614","0,1995","0,4783","0,2437",thumbnail_grossTrial,thumbnail_grossTrial.png,1245.0,1080.0,337.0,0.0,798.0,692.0,Fixation,583.0,75.0,929.0,252.0,"0,4755","0,2336",,
28091,38175746,1400477447033,Eye Tracker,Participant0058,17.09.2021,Participant0058,Recording4,17.09.2021,17.09.2021,14:48:45.713,12:48:45.713,64514,Timeline2,Tobii I-VT (Fixation),1.145.28180,1080,1920,"10,00",706038850.0,,,932.0,263.0,,,932.0,263.0,,,,"-0,07151","-0,05547","-0,99590",,"4,61",Invalid,Valid,,,,"292,2","100,7","512,8",,,"255,3","72,1","0,4772","0,2439",,,"0,4772","0,2439",thumbnail_grossTrial,thumbnail_grossTrial.png,1245.0,1080.0,337.0,0.0,798.0,692.0,Fixation,583.0,75.0,929.0,252.0,"0,4755","0,2336",,
28092,38184109,1400477455396,Eye Tracker,Participant0058,17.09.2021,Participant0058,Recording4,17.09.2021,17.09.2021,14:48:45.713,12:48:45.713,64514,Timeline2,Tobii I-VT (Fixation),1.145.28180,1080,1920,"10,00",706047212.0,,,925.0,246.0,921.0,226.0,930.0,266.0,"0,03574","-0,07738","-0,99636","-0,07236","-0,05435","-0,99590",,,Valid,Valid,"233,9","101,6","512,9","292,2","100,8","512,8","252,3","61,7","254,9","72,8","0,4722","0,2275","0,4684","0,2088","0,4761","0,2463",thumbnail_grossTrial,thumbnail_grossTrial.png,1245.0,1080.0,337.0,0.0,798.0,692.0,Fixation,583.0,75.0,929.0,252.0,"0,4755","0,2336",,
28093,38192405,1400477463692,Eye Tracker,Participant0058,17.09.2021,Participant0058,Recording4,17.09.2021,17.09.2021,14:48:45.713,12:48:45.713,64514,Timeline2,Tobii I-VT (Fixation),1.145.28180,1080,1920,"10,00",706055508.0,,,929.0,252.0,929.0,235.0,928.0,268.0,"0,04039","-0,07223","-0,99657","-0,07345","-0,05328","-0,99587",,,Valid,Valid,"233,9","101,5","512,9","292,2","100,8","512,9","254,7","64,3","254,3","73,3","0,4748","0,2329","0,4752","0,2177","0,4743","0,2481",thumbnail_grossTrial,thumbnail_grossTrial.png,1245.0,1080.0,337.0,0.0,798.0,692.0,Fixation,583.0,75.0,929.0,252.0,"0,4755","0,2336",,
28094,38200770,1400477472057,Eye Tracker,Participant0058,17.09.2021,Participant0058,Recording4,17.09.2021,17.09.2021,14:48:45.713,12:48:45.713,64514,Timeline2,Tobii I-VT (Fixation),1.145.28180,1080,1920,"10,00",706063873.0,,,928.0,268.0,,,928.0,268.0,,,,"-0,07369","-0,05267","-0,99589",,"4,61",Invalid,Valid,,,,"292,2","100,6","513,0",,,"254,2","73,5","0,4740","0,2485",,,"0,4740","0,2485",thumbnail_grossTrial,thumbnail_grossTrial.png,1245.0,1080.0,337.0,0.0,798.0,692.0,Fixation,583.0,75.0,929.0,252.0,"0,4755","0,2336",,
28095,38209146,1400477480433,Eye Tracker,Participant0058,17.09.2021,Participant0058,Recording4,17.09.2021,17.09.2021,14:48:45.713,12:48:45.713,64514,Timeline2,Tobii I-VT (Fixation),1.145.28180,1080,1920,"10,00",706072248.0,,,929.0,252.0,928.0,235.0,930.0,268.0,"0,03982","-0,07235","-0,99658","-0,07261","-0,05293","-0,99595",,,Valid,Valid,"233,9","101,6","513,0","292,2","100,7","513,0","254,4","64,3","254,8","73,4","0,4751","0,2330","0,4745","0,2176","0,4757","0,2485",thumbnail_grossTrial,thumbnail_grossTrial.png,1245.0,1080.0,337.0,0.0,798.0,692.0,Fixation,583.0,75.0,929.0,252.0,"0,4755","0,2336",,
28096,38217417,1400477488704,Eye Tracker,Participant0058,17.09.2021,Participant0058,Recording4,17.09.2021,17.09.2021,14:48:45.713,12:48:45.713,64514,Timeline2,Tobii I-VT (Fixation),1.145.28180,1080,1920,"10,00",706080519.0,,,923.0,249.0,913.0,232.0,933.0,267.0,"0,03187","-0,07383","-0,99676","-0,07099","-0,05371","-0,99603",,,Valid,Valid,"233,9","101,5","513,0","292,2","100,7","513,1","250,3","63,5","255,6","73,0","0,4702","0,2310","0,4624","0,2150","0,4780","0,2471",thumbnail_grossTrial,thumbnail_grossTrial.png,1245.0,1080.0,337.0,0.0,798.0,692.0,Fixation,583.0,75.0,929.0,252.0,"0,4755","0,2336",,
28097,38225741,1400477497028,Eye Tracker,Participant0058,17.09.2021,Participant0058,Recording4,17.09.2021,17.09.2021,14:48:45.713,12:48:45.713,64514,Timeline2,Tobii I-VT (Fixation),1.145.28180,1080,1920,"10,00",706088843.0,,,938.0,272.0,,,938.0,272.0,,,,"-0,06796","-0,05078","-0,99639",,"4,98",Invalid,Valid,,,,"292,2","100,5","513,2",,,"257,2","74,4","0,4827","0,2517",,,"0,4827","0,2517",thumbnail_grossTrial,thumbnail_grossTrial.png,1245.0,1080.0,337.0,0.0,798.0,692.0,Fixation,583.0,75.0,929.0,252.0,"0,4755","0,2336",,
28098,38234181,1400477505468,Eye Tracker,Participant0058,17.09.2021,Participant0058,Recording4,17.09.2021,17.09.2021,14:48:45.713,12:48:45.713,64514,Timeline2,Tobii I-VT (Fixation),1.145.28180,1080,1920,"10,00",706097282.0,,,926.0,231.0,911.0,231.0,941.0,230.0,"0,03036","-0,07427","-0,99678","-0,06645","-0,07288","-0,99512",,,Valid,Valid,"233,9","101,6","513,0","292,2","100,7","513,2","249,6","63,3","258,0","63,1","0,4726","0,2139","0,4603","0,2143","0,4849","0,2134",thumbnail_grossTrial,thumbnail_grossTrial.png,1245.0,1080.0,337.0,0.0,798.0,692.0,Fixation,583.0,75.0,929.0,252.0,"0,4755","0,2336",,
28099,38242410,1400477513697,Eye Tracker,Participant0058,17.09.2021,Participant0058,Recording4,17.09.2021,17.09.2021,14:48:45.713,12:48:45.713,64514,Timeline2,Tobii I-VT (Fixation),1.145.28180,1080,1920,"10,00",706105511.0,,,930.0,247.0,917.0,225.0,942.0,270.0,"0,03388","-0,07761","-0,99641","-0,06593","-0,05213","-0,99646",,,Valid,Valid,"233,9","101,6","513,0","292,2","100,7","513,3","251,3","61,6","258,2","73,8","0,4756","0,2291","0,4654","0,2084","0,4857","0,2497",thumbnail_grossTrial,thumbnail_grossTrial.png,1245.0,1080.0,337.0,0.0,798.0,692.0,Fixation,583.0,75.0,929.0,252.0,"0,4755","0,2336",,
28100,38250783,1400477522070,Eye Tracker,Participant0058,17.09.2021,Participant0058,Recording4,17.09.2021,17.09.2021,14:48:45.713,12:48:45.713,64514,Timeline2,Tobii I-VT (Fixation),1.145.28180,1080,1920,"10,00",706113884.0,,,941.0,266.0,,,941.0,266.0,,,,"-0,06643","-0,05365","-0,99635",,"4,99",Invalid,Valid,,,,"292,2","100,5","513,3",,,"258,0","72,9","0,4849","0,2466",,,"0,4849","0,2466",thumbnail_grossTrial,thumbnail_grossTrial.png,1245.0,1080.0,337.0,0.0,798.0,692.0,Fixation,583.0,75.0,929.0,252.0,"0,4755","0,2336",,
28101,38259066,1400477530353,Eye Tracker,Participant0058,17.09.2021,Participant0058,Recording4,17.09.2021,17.09.2021,14:48:45.713,12:48:45.713,64514,Timeline2,Tobii I-VT (Fixation),1.145.28180,1080,1920,"10,00",706122167.0,,,934.0,252.0,929.0,234.0,939.0,269.0,"0,04028","-0,07287","-0,99653","-0,06745","-0,05222","-0,99636",,,Valid,Valid,"233,9","101,6","513,0","292,2","100,7","513,3","254,6","64,1","257,5","73,7","0,4793","0,2331","0,4752","0,2168","0,4835","0,2495",thumbnail_grossTrial,thumbnail_grossTrial.png,1245.0,1080.0,337.0,0.0,798.0,692.0,Fixation,583.0,75.0,929.0,252.0,"0,4755","0,2336",,
28102,38267402,1400477538689,Eye Tracker,Participant0058,17.09.2021,Participant0058,Recording4,17.09.2021,17.09.2021,14:48:45.713,12:48:45.713,64514,Timeline2,Tobii I-VT (Fixation),1.145.28180,1080,1920,"10,00",706130502.0,,,939.0,254.0,932.0,249.0,947.0,259.0,"0,04174","-0,06481","-0,99702","-0,06349","-0,05773","-0,99631",,,Valid,Valid,"233,8","101,6","513,0","292,2","100,6","513,3","255,3","68,2","259,5","70,9","0,4833","0,2353","0,4772","0,2308","0,4894","0,2399",thumbnail_grossTrial,thumbnail_grossTrial.png,1245.0,1080.0,337.0,0.0,798.0,692.0,Fixation,583.0,75.0,929.0,252.0,"0,4755","0,2336",,
28103,38275734,1400477547021,Eye Tracker,Participant0058,17.09.2021,Participant0058,Recording4,17.09.2021,17.09.2021,14:48:45.713,12:48:45.713,64514,Timeline2,Tobii I-VT (Fixation),1.145.28180,1080,1920,"10,00",706138834.0,,,942.0,259.0,,,942.0,259.0,,,,"-0,06607","-0,05760","-0,99615",,"5,13",Invalid,Valid,,,,"292,2","100,5","513,3",,,"258,1","70,8","0,4854","0,2396",,,"0,4854","0,2396",thumbnail_grossTrial,thumbnail_grossTrial.png,1245.0,1080.0,337.0,0.0,798.0,692.0,Fixation,583.0,75.0,929.0,252.0,"0,4755","0,2336",,
28104,38284137,1400477555424,Eye Tracker,Participant0058,17.09.2021,Participant0058,Recording4,17.09.2021,17.09.2021,14:48:45.713,12:48:45.713,64514,Timeline2,Tobii I-VT (Fixation),1.145.28180,1080,1920,"10,00",706147237.0,,,936.0,252.0,930.0,240.0,942.0,264.0,"0,04072","-0,06952","-0,99675","-0,06626","-0,05537","-0,99627",,,Valid,Valid,"233,9","101,6","513,0","292,2","100,6","513,3","254,9","65,8","258,1","72,1","0,4806","0,2333","0,4758","0,2226","0,4853","0,2440",thumbnail_grossTrial,thumbnail_grossTrial.png,1245.0,1080.0,337.0,0.0,798.0,692.0,Fixation,583.0,75.0,929.0,252.0,"0,4755","0,2336",,
28105,38292400,1400477563687,Eye Tracker,Participant0058,17.09.2021,Participant0058,Recording4,17.09.2021,17.09.2021,14:48:45.713,12:48:45.713,64514,Timeline2,Tobii I-VT (Fixation),1.145.28180,1080,1920,"10,00",706155499.0,,,930.0,247.0,924.0,233.0,937.0,260.0,"0,03777","-0,07338","-0,99659","-0,06877","-0,05715","-0,99599",,,Valid,Valid,"233,8","101,5","513,1","292,2","100,6","513,4","253,3","63,8","256,7","71,2","0,4763","0,2283","0,4712","0,2157","0,4813","0,2408",thumbnail_grossTrial,thumbnail_grossTrial.png,1245.0,1080.0,337.0,0.0,798.0,692.0,Fixation,583.0,75.0,929.0,252.0,"0,4755","0,2336",,
28106,38300757,1400477572044,Eye Tracker,Participant0058,17.09.2021,Participant0058,Recording4,17.09.2021,17.09.2021,14:48:45.713,12:48:45.713,64514,Timeline2,Tobii I-VT (Fixation),1.145.28180,1080,1920,"10,00",706163856.0,,,942.0,259.0,,,942.0,259.0,,,,"-0,06616","-0,05747","-0,99615",,"5,01",Invalid,Valid,,,,"292,2","100,5","513,4",,,"258,1","70,9","0,4853","0,2398",,,"0,4853","0,2398",thumbnail_grossTrial,thumbnail_grossTrial.png,1245.0,1080.0,337.0,0.0,798.0,692.0,Fixation,583.0,75.0,929.0,252.0,"0,4755","0,2336",,
28107,38309071,1400477580358,Eye Tracker,Participant0058,17.09.2021,Participant0058,Recording4,17.09.2021,17.09.2021,14:48:45.713,12:48:45.713,64514,Timeline2,Tobii I-VT (Fixation),1.145.28180,1080,1920,"10,00",706172170.0,,,930.0,246.0,918.0,234.0,942.0,259.0,"0,03431","-0,07277","-0,99676","-0,06615","-0,05798","-0,99612",,,Valid,Valid,"233,9","101,5","513,2","292,2","100,6","513,4","251,6","64,1","258,1","70,7","0,4758","0,2281","0,4662","0,2168","0,4855","0,2394",thumbnail_grossTrial,thumbnail_grossTrial.png,1245.0,1080.0,337.0,0.0,798.0,692.0,Fixation,583.0,75.0,929.0,252.0,"0,4755","0,2336",,
28108,38317429,1400477588716,Eye Tracker,Participant0058,17.09.2021,Participant0058,Recording4,17.09.2021,17.09.2021,14:48:45.713,12:48:45.713,64514,Timeline2,Tobii I-VT (Fixation),1.145.28180,1080,1920,"10,00",706180527.0,,,926.0,249.0,918.0,223.0,934.0,274.0,"0,03438","-0,07834","-0,99633","-0,07043","-0,04966","-0,99628",,,Valid,Valid,"233,8","101,5","513,2","292,2","100,6","513,4","251,6","61,1","255,9","75,0","0,4725","0,2304","0,4662","0,2069","0,4789","0,2538",thumbnail_grossTrial,thumbnail_grossTrial.png,1245.0,1080.0,337.0,0.0,798.0,692.0,Fixation,583.0,75.0,929.0,252.0,"0,4755","0,2336",,
28109,38325756,1400477597043,Eye Tracker,Participant0058,17.09.2021,Participant0058,Recording4,17.09.2021,17.09.2021,14:48:45.713,12:48:45.713,64514,Timeline2,Tobii I-VT (Fixation),1.145.28180,1080,1920,"10,00",706188854.0,,,934.0,275.0,,,934.0,275.0,,,,"-0,07022","-0,04868","-0,99634",,"4,97",Invalid,Valid,,,,"292,2","100,5","513,4",,,"256,0","75,4","0,4792","0,2551",,,"0,4792","0,2551",thumbnail_grossTrial,thumbnail_grossTrial.png,1245.0,1080.0,337.0,0.0,798.0,692.0,Fixation,583.0,75.0,929.0,252.0,"0,4755","0,2336",,
28110,38334156,1400477605443,Eye Tracker,Participant0058,17.09.2021,Participant0058,Recording4,17.09.2021,17.09.2021,14:48:45.713,12:48:45.713,64514,Timeline2,Tobii I-VT (Fixation),1.145.28180,1080,1920,"10,00",706197254.0,,,927.0,237.0,921.0,203.0,933.0,272.0,"0,03576","-0,08915","-0,99538","-0,07112","-0,05098","-0,99616",,,Valid,Valid,"233,9","101,5","513,3","292,2","100,6","513,4","252,3","55,5","255,6","74,3","0,4732","0,2196","0,4685","0,1878","0,4780","0,2515",thumbnail_grossTrial,thumbnail_grossTrial.png,1245.0,1080.0,337.0,0.0,798.0,692.0,Fixation,583.0,75.0,929.0,252.0,"0,4755","0,2336",,
28111,38342515,1400477613802,Eye Tracker,Participant0058,17.09.2021,Participant0058,Recording4,17.09.2021,17.09.2021,14:48:45.713,12:48:45.713,64514,Timeline2,Tobii I-VT (Fixation),1.145.28180,1080,1920,"10,00",706205613.0,,,926.0,245.0,918.0,219.0,934.0,271.0,"0,03434","-0,08037","-0,99617","-0,07025","-0,05153","-0,99620",,,Valid,Valid,"233,8","101,4","513,3","292,2","100,6","513,4","251,5","60,0","256,0","74,0","0,4726","0,2268","0,4661","0,2031","0,4792","0,2505",thumbnail_grossTrial,thumbnail_grossTrial.png,1245.0,1080.0,337.0,0.0,798.0,692.0,Fixation,583.0,75.0,929.0,252.0,"0,4755","0,2336",,
28112,38350755,1400477622042,Eye Tracker,Participant0058,17.09.2021,Participant0058,Recording4,17.09.2021,17.09.2021,14:48:45.713,12:48:45.713,64514,Timeline2,Tobii I-VT (Fixation),1.145.28180,1080,1920,"10,00",706213852.0,,,933.0,270.0,,,933.0,270.0,,,,"-0,07055","-0,05177","-0,99616",,"4,95",Invalid,Valid,,,,"292,2","100,4","513,4",,,"255,8","73,8","0,4787","0,2496",,,"0,4787","0,2496",thumbnail_grossTrial,thumbnail_grossTrial.png,1245.0,1080.0,337.0,0.0,798.0,692.0,Fixation,583.0,75.0,929.0,252.0,"0,4755","0,2336",,
28113,38359088,1400477630375,Eye Tracker,Participant0058,17.09.2021,Participant0058,Recording4,17.09.2021,17.09.2021,14:48:45.713,12:48:45.713,64514,Timeline2,Tobii I-VT (Fixation),1.145.28180,1080,1920,"10,00",706222185.0,,,924.0,249.0,919.0,233.0,929.0,265.0,"0,03486","-0,07290","-0,99673","-0,07309","-0,05433","-0,99584",,,Valid,Valid,"233,9","101,4","513,4","292,2","100,6","513,4","251,8","63,8","254,6","72,6","0,4710","0,2308","0,4670","0,2160","0,4749","0,2455",thumbnail_grossTrial,thumbnail_grossTrial.png,1245.0,1080.0,337.0,0.0,798.0,692.0,Fixation,583.0,75.0,929.0,252.0,"0,4755","0,2336",,
28114,38367392,1400477638679,Eye Tracker,Participant0058,17.09.2021,Participant0058,Recording4,17.09.2021,17.09.2021,14:48:45.713,12:48:45.713,64514,Timeline2,Tobii I-VT (Fixation),1.145.28180,1080,1920,"10,00",706230489.0,,,922.0,247.0,915.0,231.0,929.0,263.0,"0,03298","-0,07398","-0,99671","-0,07303","-0,05571","-0,99577",,,Valid,Valid,"233,8","101,4","513,5","292,2","100,6","513,4","250,8","63,3","254,5","71,9","0,4694","0,2286","0,4639","0,2140","0,4749","0,2431",thumbnail_grossTrial,thumbnail_grossTrial.png,1245.0,1080.0,337.0,0.0,798.0,692.0,Fixation,583.0,75.0,929.0,252.0,"0,4755","0,2336",,
28115,38375796,1400477647083,Eye Tracker,Participant0058,17.09.2021,Participant0058,Recording4,17.09.2021,17.09.2021,14:48:45.713,12:48:45.713,64514,Timeline2,Tobii I-VT (Fixation),1.145.28180,1080,1920,"10,00",706238892.0,,,926.0,261.0,,,926.0,261.0,,,,"-0,07428","-0,05605","-0,99566",,"5,04",Invalid,Valid,,,,"292,2","100,4","513,4",,,"253,9","71,5","0,4730","0,2421",,,"0,4730","0,2421",thumbnail_grossTrial,thumbnail_grossTrial.png,1245.0,1080.0,337.0,0.0,798.0,692.0,Fixation,583.0,75.0,929.0,252.0,"0,4755","0,2336",,
28116,38384130,1400477655417,Eye Tracker,Participant0058,17.09.2021,Participant0058,Recording4,17.09.2021,17.09.2021,14:48:45.713,12:48:45.713,64514,Timeline2,Tobii I-VT (Fixation),1.145.28180,1080,1920,"10,00",706247226.0,,,924.0,253.0,917.0,239.0,931.0,268.0,"0,03393","-0,06980","-0,99698","-0,07168","-0,05306","-0,99602",,,Valid,Valid,"233,9","101,4","513,5","292,2","100,6","513,4","251,3","65,4","255,3","73,2","0,4713","0,2345","0,4655","0,2213","0,4770","0,2478",thumbnail_grossTrial,thumbnail_grossTrial.png,1245.0,1080.0,337.0,0.0,798.0,692.0,Fixation,583.0,75.0,929.0,252.0,"0,4755","0,2336",,
28117,38392391,1400477663678,Eye Tracker,Participant0058,17.09.2021,Participant0058,Recording4,17.09.2021,17.09.2021,14:48:45.713,12:48:45.713,64514,Timeline2,Tobii I-VT (Fixation),1.145.28180,1080,1920,"10,00",706255487.0,,,927.0,250.0,925.0,230.0,930.0,269.0,"0,03822","-0,07434","-0,99650","-0,07240","-0,05242","-0,99600",,,Valid,Valid,"233,8","101,3","513,6","292,2","100,6","513,5","253,5","63,0","254,8","73,6","0,4738","0,2311","0,4718","0,2132","0,4758","0,2489",thumbnail_grossTrial,thumbnail_grossTrial.png,1245.0,1080.0,337.0,0.0,798.0,692.0,Fixation,583.0,75.0,929.0,252.0,"0,4755","0,2336",,
28118,38400750,1400477672037,Eye Tracker,Participant0058,17.09.2021,Participant0058,Recording4,17.09.2021,17.09.2021,14:48:45.713,12:48:45.713,64514,Timeline2,Tobii I-VT (Fixation),1.145.28180,1080,1920,"10,00",706263845.0,,,929.0,275.0,,,929.0,275.0,,,,"-0,07307","-0,04907","-0,99612",,"4,95",Invalid,Valid,,,,"292,2","100,5","513,5",,,"254,5","75,2","0,4748","0,2543",,,"0,4748","0,2543",thumbnail_grossTrial,thumbnail_grossTrial.png,1245.0,1080.0,337.0,0.0,798.0,692.0,Fixation,583.0,75.0,929.0,252.0,"0,4755","0,2336",,
28119,38409069,1400477680356,Eye Tracker,Participant0058,17.09.2021,Participant0058,Recording4,17.09.2021,17.09.2021,14:48:45.713,12:48:45.713,64514,Timeline2,Tobii I-VT (Fixation),1.145.28180,1080,1920,"10,00",706272164.0,,,927.0,249.0,929.0,228.0,925.0,270.0,"0,04047","-0,07529","-0,99634","-0,07490","-0,05158","-0,99586",,,Valid,Valid,"233,8","101,3","513,7","292,2","100,6","513,4","254,7","62,5","253,6","74,0","0,4737","0,2310","0,4754","0,2115","0,4721","0,2504",thumbnail_grossTrial,thumbnail_grossTrial.png,1245.0,1080.0,337.0,0.0,798.0,692.0,Fixation,583.0,75.0,929.0,252.0,"0,4755","0,2336",,
28120,38417436,1400477688723,Eye Tracker,Participant0058,17.09.2021,Participant0058,Recording4,17.09.2021,17.09.2021,14:48:45.713,12:48:45.713,64514,Timeline2,Tobii I-VT (Fixation),1.145.28180,1080,1920,"10,00",706280531.0,,,926.0,262.0,926.0,250.0,926.0,274.0,"0,03872","-0,06361","-0,99722","-0,07426","-0,04983","-0,99599",,,Valid,Valid,"233,8","101,3","513,7","292,1","100,6","513,5","253,7","68,5","253,9","74,9","0,4727","0,2427","0,4725","0,2319","0,4729","0,2534",thumbnail_grossTrial,thumbnail_grossTrial.png,1245.0,1080.0,337.0,0.0,798.0,692.0,Fixation,583.0,75.0,929.0,252.0,"0,4755","0,2336",,
28121,38425735,1400477697022,Eye Tracker,Participant0058,17.09.2021,Participant0058,Recording4,17.09.2021,17.09.2021,14:48:45.713,12:48:45.713,64514,Timeline2,Tobii I-VT (Fixation),1.145.28180,1080,1920,"10,00",706288830.0,,,926.0,269.0,,,926.0,269.0,,,,"-0,07457","-0,05218","-0,99585",,"4,96",Invalid,Valid,,,,"292,2","100,5","513,5",,,"253,7","73,6","0,4725","0,2489",,,"0,4725","0,2489",thumbnail_grossTrial,thumbnail_grossTrial.png,1245.0,1080.0,337.0,0.0,798.0,692.0,Fixation,583.0,75.0,929.0,252.0,"0,4755","0,2336",,
28122,38434062,1400477705349,Eye Tracker,Participant0058,17.09.2021,Participant0058,Recording4,17.09.2021,17.09.2021,14:48:45.713,12:48:45.713,64514,Timeline2,Tobii I-VT (Fixation),1.145.28180,1080,1920,"10,00",706297156.0,,,926.0,260.0,925.0,251.0,927.0,270.0,"0,03830","-0,06354","-0,99724","-0,07374","-0,05199","-0,99592",,,Valid,Valid,"233,8","101,3","513,8","292,2","100,6","513,5","253,5","68,6","254,2","73,8","0,4729","0,2409","0,4720","0,2321","0,4738","0,2497",thumbnail_grossTrial,thumbnail_grossTrial.png,1245.0,1080.0,337.0,0.0,798.0,692.0,Fixation,583.0,75.0,929.0,252.0,"0,4755","0,2336",,
28123,38442432,1400477713719,Eye Tracker,Participant0058,17.09.2021,Participant0058,Recording4,17.09.2021,17.09.2021,14:48:45.713,12:48:45.713,64514,Timeline2,Tobii I-VT (Fixation),1.145.28180,1080,1920,"10,00",706305526.0,,,925.0,249.0,922.0,233.0,929.0,266.0,"0,03652","-0,07304","-0,99666","-0,07297","-0,05406","-0,99587",,,Valid,Valid,"233,8","101,3","513,8","292,1","100,6","513,5","252,6","63,6","254,5","72,7","0,4720","0,2307","0,4691","0,2153","0,4748","0,2461",thumbnail_grossTrial,thumbnail_grossTrial.png,1245.0,1080.0,337.0,0.0,798.0,692.0,Fixation,583.0,75.0,929.0,252.0,"0,4755","0,2336",,
28124,38450718,1400477722005,Eye Tracker,Participant0058,17.09.2021,Participant0058,Recording4,17.09.2021,17.09.2021,14:48:45.713,12:48:45.713,64514,Timeline2,Tobii I-VT (Fixation),1.145.28180,1080,1920,"10,00",706313812.0,,,,,,,,,,,,,,,,,Invalid,Invalid,,,,,,,,,,,,,,,,,thumbnail_grossTrial,thumbnail_grossTrial.png,1245.0,1080.0,337.0,0.0,798.0,692.0,EyesNotFound,8.0,307.0,,,,,,
28125,38459051,1400477730338,Eye Tracker,Participant0058,17.09.2021,Participant0058,Recording4,17.09.2021,17.09.2021,14:48:45.713,12:48:45.713,64514,Timeline2,Tobii I-VT (Fixation),1.145.28180,1080,1920,"10,00",706322144.0,,,926.0,249.0,923.0,232.0,928.0,266.0,"0,03698","-0,07338","-0,99662","-0,07316","-0,05372","-0,99587",,,Valid,Valid,"233,8","101,3","513,8","292,2","100,6","513,5","252,9","63,5","254,4","72,9","0,4723","0,2307","0,4700","0,2148","0,4746","0,2467",thumbnail_grossTrial,thumbnail_grossTrial.png,1245.0,1080.0,337.0,0.0,798.0,692.0,Saccade,25.0,144.0,,,,,,
28126,38467386,1400477738673,Eye Tracker,Participant0058,17.09.2021,Participant0058,Recording4,17.09.2021,17.09.2021,14:48:45.713,12:48:45.713,64514,Timeline2,Tobii I-VT (Fixation),1.145.28180,1080,1920,"10,00",706330479.0,,,925.0,248.0,925.0,227.0,926.0,269.0,"0,03810","-0,07619","-0,99637","-0,07448","-0,05231","-0,99585",,,Valid,Valid,"233,7","101,3","513,9","292,1","100,6","513,5","253,4","62,0","253,7","73,6","0,4720","0,2294","0,4715","0,2097","0,4725","0,2491",thumbnail_grossTrial,thumbnail_grossTrial.png,1245.0,1080.0,337.0,0.0,798.0,692.0,Saccade,25.0,144.0,,,,,,
28127,38475777,1400477747064,Eye Tracker,Participant0058,17.09.2021,Participant0058,Recording4,17.09.2021,17.09.2021,14:48:45.713,12:48:45.713,64514,Timeline2,Tobii I-VT (Fixation),1.145.28180,1080,1920,"10,00",706338870.0,,,923.0,245.0,,,923.0,245.0,,,,"-0,07592","-0,06509","-0,99499",,"5,08",Invalid,Valid,,,,"292,2","100,6","513,6",,,"253,0","67,0","0,4703","0,2266",,,"0,4703","0,2266",thumbnail_grossTrial,thumbnail_grossTrial.png,1245.0,1080.0,337.0,0.0,798.0,692.0,Saccade,25.0,144.0,,,,,,
28128,38484078,1400477755365,Eye Tracker,Participant0058,17.09.2021,Participant0058,Recording4,17.09.2021,17.09.2021,14:48:45.713,12:48:45.713,64514,Timeline2,Tobii I-VT (Fixation),1.145.28180,1080,1920,"10,00",706347170.0,,,919.0,228.0,923.0,229.0,915.0,227.0,"0,03698","-0,07513","-0,99649","-0,08003","-0,07422","-0,99403",,,Valid,Valid,"233,8","101,3","513,9","292,2","100,6","513,5","252,9","62,6","250,8","62,3","0,4670","0,2111","0,4700","0,2116","0,4640","0,2106",thumbnail_grossTrial,thumbnail_grossTrial.png,1245.0,1080.0,337.0,0.0,798.0,692.0,Unclassified,17.0,341.0,,,,,,
28129,38492413,1400477763700,Eye Tracker,Participant0058,17.09.2021,Participant0058,Recording4,17.09.2021,17.09.2021,14:48:45.713,12:48:45.713,64514,Timeline2,Tobii I-VT (Fixation),1.145.28180,1080,1920,"10,00",706355505.0,,,922.0,232.0,926.0,245.0,918.0,219.0,"0,03875","-0,06647","-0,99704","-0,07834","-0,07885","-0,99380",,,Valid,Valid,"233,7","101,3","513,9","292,1","100,6","513,6","253,7","67,0","251,6","59,8","0,4692","0,2146","0,4723","0,2267","0,4662","0,2025",thumbnail_grossTrial,thumbnail_grossTrial.png,1245.0,1080.0,337.0,0.0,798.0,692.0,Unclassified,17.0,341.0,,,,,,
28130,38500795,1400477772082,Eye Tracker,Participant0058,17.09.2021,Participant0058,Recording4,17.09.2021,17.09.2021,14:48:45.713,12:48:45.713,64514,Timeline2,Tobii I-VT (Fixation),1.145.28180,1080,1920,"10,00",706363887.0,,,,,,,,,,,,,,,,,Invalid,Invalid,,,,,,,,,,,,,,,,,thumbnail_grossTrial,thumbnail_grossTrial.png,1245.0,1080.0,337.0,0.0,798.0,692.0,EyesNotFound,8.0,308.0,,,,,,
28131,38509110,1400477780397,Eye Tracker,Participant0058,17.09.2021,Participant0058,Recording4,17.09.2021,17.09.2021,14:48:45.713,12:48:45.713,64514,Timeline2,Tobii I-VT (Fixation),1.145.28180,1080,1920,"10,00",706372202.0,,,878.0,235.0,878.0,242.0,878.0,228.0,"0,01399","-0,06791","-0,99759","-0,09865","-0,07366","-0,99239",,,Valid,Valid,"233,3","101,3","514,1","291,6","100,6","513,7","240,5","66,3","240,5","62,4","0,4339","0,2177","0,4339","0,2242","0,4339","0,2112",thumbnail_grossTrial,thumbnail_grossTrial.png,1245.0,1080.0,337.0,0.0,798.0,692.0,Saccade,42.0,145.0,,,,,,
28132,38517412,1400477788699,Eye Tracker,Participant0058,17.09.2021,Participant0058,Recording4,17.09.2021,17.09.2021,14:48:45.713,12:48:45.713,64514,Timeline2,Tobii I-VT (Fixation),1.145.28180,1080,1920,"10,00",706380503.0,,,741.0,231.0,687.0,247.0,796.0,216.0,"-0,08648","-0,06477","-0,99415","-0,14068","-0,07969","-0,98684",,,Valid,Valid,"233,0","101,2","514,2","291,3","100,5","513,7","188,3","67,7","218,1","59,0","0,3245","0,2143","0,2809","0,2290","0,3681","0,1997",thumbnail_grossTrial,thumbnail_grossTrial.png,1245.0,1080.0,337.0,0.0,798.0,692.0,Saccade,42.0,145.0,,,,,,
28133,38525744,1400477797031,Eye Tracker,Participant0058,17.09.2021,Participant0058,Recording4,17.09.2021,17.09.2021,14:48:45.713,12:48:45.713,64514,Timeline2,Tobii I-VT (Fixation),1.145.28180,1080,1920,"10,00",706388835.0,,,685.0,284.0,685.0,284.0,,,"-0,08765","-0,04520","-0,99513",,,,"4,82",,Valid,Invalid,"232,9","101,0","514,2",,,,"187,6","77,7",,,"0,2788","0,2628","0,2788","0,2628",,,thumbnail_grossTrial,thumbnail_grossTrial.png,1245.0,1080.0,337.0,0.0,798.0,692.0,Saccade,42.0,145.0,,,,,,
28134,38534073,1400477805360,Eye Tracker,Participant0058,17.09.2021,Participant0058,Recording4,17.09.2021,17.09.2021,14:48:45.713,12:48:45.713,64514,Timeline2,Tobii I-VT (Fixation),1.145.28180,1080,1920,"10,00",706397164.0,,,688.0,230.0,685.0,284.0,691.0,176.0,"-0,08796","-0,04555","-0,99508","-0,19352","-0,09926","-0,97606",,,Valid,Valid,"233,1","101,2","514,3","291,3","100,5","513,7","187,6","77,7","189,5","48,3","0,2815","0,2131","0,2788","0,2628","0,2842","0,1633",thumbnail_grossTrial,thumbnail_grossTrial.png,1245.0,1080.0,337.0,0.0,798.0,692.0,Saccade,42.0,145.0,,,,,,
28135,38542416,1400477813703,Eye Tracker,Participant0058,17.09.2021,Participant0058,Recording4,17.09.2021,17.09.2021,14:48:45.713,12:48:45.713,64514,Timeline2,Tobii I-VT (Fixation),1.145.28180,1080,1920,"10,00",706405506.0,,,683.0,193.0,666.0,212.0,700.0,174.0,"-0,09717","-0,08311","-0,99179","-0,18886","-0,10076","-0,97682",,,Valid,Valid,"233,0","101,1","514,3","291,3","100,5","513,7","182,6","58,0","192,0","47,5","0,2778","0,1785","0,2641","0,1963","0,2916","0,1606",thumbnail_grossTrial,thumbnail_grossTrial.png,1245.0,1080.0,337.0,0.0,798.0,692.0,Saccade,42.0,145.0,,,,,,
28136,38550710,1400477821997,Eye Tracker,Participant0058,17.09.2021,Participant0058,Recording4,17.09.2021,17.09.2021,14:48:45.713,12:48:45.713,64514,Timeline2,Tobii I-VT (Fixation),1.145.28180,1080,1920,"10,00",706413800.0,,,668.0,216.0,668.0,216.0,,,"-0,09654","-0,08154","-0,99198",,,,"4,53",,Valid,Invalid,"233,0","101,2","513,6",,,,"183,0","59,0",,,"0,2653","0,1997","0,2653","0,1997",,,thumbnail_grossTrial,thumbnail_grossTrial.png,1245.0,1080.0,337.0,0.0,798.0,692.0,Unclassified,17.0,342.0,,,,,,
28137,38559045,1400477830332,Eye Tracker,Participant0058,17.09.2021,Participant0058,Recording4,17.09.2021,17.09.2021,14:48:45.713,12:48:45.713,64514,Timeline2,Tobii I-VT (Fixation),1.145.28180,1080,1920,"10,00",706422135.0,,,686.0,151.0,,,686.0,151.0,,,,"-0,19576","-0,11214","-0,97422",,,Invalid,Valid,,,,"291,4","100,5","513,7",,,"188,1","41,4","0,2804","0,1400",,,"0,2804","0,1400",thumbnail_grossTrial,thumbnail_grossTrial.png,1245.0,1080.0,337.0,0.0,798.0,692.0,Unclassified,17.0,342.0,,,,,,
28138,38567408,1400477838695,Eye Tracker,Participant0058,17.09.2021,Participant0058,Recording4,17.09.2021,17.09.2021,14:48:45.713,12:48:45.713,64514,Timeline2,Tobii I-VT (Fixation),1.145.28180,1080,1920,"10,00",706430497.0,,,668.0,195.0,664.0,236.0,672.0,153.0,"-0,09868","-0,07150","-0,99255","-0,20300","-0,11104","-0,97286",,,Valid,Valid,"233,0","101,6","513,1","291,3","100,5","513,7","182,0","64,6","184,1","41,8","0,2655","0,1801","0,2624","0,2187","0,2686","0,1416",thumbnail_grossTrial,thumbnail_grossTrial.png,1245.0,1080.0,337.0,0.0,798.0,692.0,Saccade,17.0,146.0,,,,,,
28139,38575795,1400477847082,Eye Tracker,Participant0058,17.09.2021,Participant0058,Recording4,17.09.2021,17.09.2021,14:48:45.713,12:48:45.713,64514,Timeline2,Tobii I-VT (Fixation),1.145.28180,1080,1920,"10,00",706438884.0,,,659.0,177.0,,,659.0,177.0,,,,"-0,20979","-0,09824","-0,97280",,"5,23",Invalid,Valid,,,,"291,3","100,4","513,8",,,"180,5","48,5","0,2581","0,1642",,,"0,2581","0,1642",thumbnail_grossTrial,thumbnail_grossTrial.png,1245.0,1080.0,337.0,0.0,798.0,692.0,Saccade,17.0,146.0,,,,,,
28140,38584114,1400477855401,Eye Tracker,Participant0058,17.09.2021,Participant0058,Recording4,17.09.2021,17.09.2021,14:48:45.713,12:48:45.713,64514,Timeline2,Tobii I-VT (Fixation),1.145.28180,1080,1920,"10,00",706447203.0,,,662.0,189.0,,,662.0,189.0,,,,"-0,20825","-0,09227","-0,97371",,,Invalid,Valid,,,,"291,4","100,5","513,7",,,"181,5","51,8","0,2610","0,1754",,,"0,2610","0,1754",thumbnail_grossTrial,thumbnail_grossTrial.png,1245.0,1080.0,337.0,0.0,798.0,692.0,Unclassified,17.0,343.0,,,,,,
28141,38592453,1400477863740,Eye Tracker,Participant0058,17.09.2021,Participant0058,Recording4,17.09.2021,17.09.2021,14:48:45.713,12:48:45.713,64514,Timeline2,Tobii I-VT (Fixation),1.145.28180,1080,1920,"10,00",706455541.0,,,673.0,218.0,687.0,250.0,658.0,186.0,"-0,08683","-0,06455","-0,99413","-0,21009","-0,09390","-0,97316",,,Valid,Valid,"233,1","101,8","512,6","291,3","100,5","513,8","188,3","68,5","180,4","50,9","0,2693","0,2020","0,2808","0,2318","0,2578","0,1722",thumbnail_grossTrial,thumbnail_grossTrial.png,1245.0,1080.0,337.0,0.0,798.0,692.0,Unclassified,17.0,343.0,,,,,,
28142,38600706,1400477871993,Eye Tracker,Participant0058,17.09.2021,Participant0058,Recording4,17.09.2021,17.09.2021,14:48:45.713,12:48:45.713,64514,Timeline2,Tobii I-VT (Fixation),1.145.28180,1080,1920,"10,00",706463794.0,,,666.0,188.0,,,666.0,188.0,,,,"-0,20612","-0,09269","-0,97413",,"4,60",Invalid,Valid,,,,"291,4","100,4","513,8",,,"182,6","51,5","0,2642","0,1743",,,"0,2642","0,1743",thumbnail_grossTrial,thumbnail_grossTrial.png,1245.0,1080.0,337.0,0.0,798.0,692.0,Saccade,25.0,147.0,,,,,,
28143,38609068,1400477880355,Eye Tracker,Participant0058,17.09.2021,Participant0058,Recording4,17.09.2021,17.09.2021,14:48:45.713,12:48:45.713,64514,Timeline2,Tobii I-VT (Fixation),1.145.28180,1080,1920,"10,00",706472156.0,,,654.0,188.0,646.0,193.0,662.0,183.0,"-0,10813","-0,09482","-0,98960","-0,20818","-0,09580","-0,97339",,,Valid,Valid,"233,2","101,9","512,5","291,4","100,5","513,7","177,2","52,8","181,5","50,0","0,2546","0,1738","0,2482","0,1787","0,2610","0,1690",thumbnail_grossTrial,thumbnail_grossTrial.png,1245.0,1080.0,337.0,0.0,798.0,692.0,Saccade,25.0,147.0,,,,,,
28144,38617375,1400477888662,Eye Tracker,Participant0058,17.09.2021,Participant0058,Recording4,17.09.2021,17.09.2021,14:48:45.713,12:48:45.713,64514,Timeline2,Tobii I-VT (Fixation),1.145.28180,1080,1920,"10,00",706480463.0,,,659.0,190.0,650.0,196.0,667.0,184.0,"-0,10623","-0,09342","-0,98994","-0,20560","-0,09505","-0,97401",,,Valid,Valid,"233,1","101,9","512,4","291,4","100,5","513,7","178,1","53,5","182,9","50,4","0,2580","0,1757","0,2509","0,1810","0,2651","0,1704",thumbnail_grossTrial,thumbnail_grossTrial.png,1245.0,1080.0,337.0,0.0,798.0,692.0,Saccade,25.0,147.0,,,,,,
28145,38625704,1400477896991,Eye Tracker,Participant0058,17.09.2021,Participant0058,Recording4,17.09.2021,17.09.2021,14:48:45.713,12:48:45.713,64514,Timeline2,Tobii I-VT (Fixation),1.145.28180,1080,1920,"10,00",706488791.0,,,,,,,,,,,,,,,,,Invalid,Invalid,,,,,,,,,,,,,,,,,thumbnail_grossTrial,thumbnail_grossTrial.png,1245.0,1080.0,337.0,0.0,798.0,692.0,EyesNotFound,8.0,309.0,,,,,,
28146,38634075,1400477905362,Eye Tracker,Participant0058,17.09.2021,Participant0058,Recording4,17.09.2021,17.09.2021,14:48:45.713,12:48:45.713,64514,Timeline2,Tobii I-VT (Fixation),1.145.28180,1080,1920,"10,00",706497162.0,,,662.0,191.0,650.0,202.0,674.0,179.0,"-0,10652","-0,09039","-0,99019","-0,20222","-0,09768","-0,97446",,,Valid,Valid,"233,2","102,0","512,2","291,4","100,6","513,6","178,1","55,2","184,8","49,1","0,2608","0,1765","0,2509","0,1869","0,2707","0,1662",thumbnail_grossTrial,thumbnail_grossTrial.png,1245.0,1080.0,337.0,0.0,798.0,692.0,Saccade,17.0,148.0,,,,,,
28147,38642402,1400477913689,Eye Tracker,Participant0058,17.09.2021,Participant0058,Recording4,17.09.2021,17.09.2021,14:48:45.713,12:48:45.713,64514,Timeline2,Tobii I-VT (Fixation),1.145.28180,1080,1920,"10,00",706505489.0,,,680.0,240.0,688.0,289.0,672.0,190.0,"-0,08658","-0,04433","-0,99526","-0,20349","-0,09199","-0,97475",,,Valid,Valid,"233,1","102,0","512,1","291,4","100,6","513,5","188,5","79,2","184,2","52,1","0,2751","0,2221","0,2815","0,2678","0,2687","0,1763",thumbnail_grossTrial,thumbnail_grossTrial.png,1245.0,1080.0,337.0,0.0,798.0,692.0,Saccade,17.0,148.0,,,,,,
28148,38650734,1400477922021,Eye Tracker,Participant0058,17.09.2021,Participant0058,Recording4,17.09.2021,17.09.2021,14:48:45.713,12:48:45.713,64514,Timeline2,Tobii I-VT (Fixation),1.145.28180,1080,1920,"10,00",706513820.0,,,680.0,169.0,,,680.0,169.0,,,,"-0,19917","-0,10294","-0,97454",,"4,59",Invalid,Valid,,,,"291,3","100,5","513,4",,,"186,4","46,2","0,2752","0,1564",,,"0,2752","0,1564",thumbnail_grossTrial,thumbnail_grossTrial.png,1245.0,1080.0,337.0,0.0,798.0,692.0,Unclassified,8.0,344.0,,,,,,
28149,38659036,1400477930323,Eye Tracker,Participant0058,17.09.2021,Participant0058,Recording4,17.09.2021,17.09.2021,14:48:45.713,12:48:45.713,64514,Timeline2,Tobii I-VT (Fixation),1.145.28180,1080,1920,"10,00",706522122.0,,,681.0,248.0,688.0,289.0,673.0,207.0,"-0,08686","-0,04472","-0,99522","-0,20308","-0,08389","-0,97556",,,Valid,Valid,"233,2","102,2","511,9","291,4","100,7","513,3","188,5","79,2","184,5","56,6","0,2757","0,2296","0,2815","0,2678","0,2698","0,1914",thumbnail_grossTrial,thumbnail_grossTrial.png,1245.0,1080.0,337.0,0.0,798.0,692.0,Saccade,17.0,149.0,,,,,,
28150,38667371,1400477938658,Eye Tracker,Participant0058,17.09.2021,Participant0058,Recording4,17.09.2021,17.09.2021,14:48:45.713,12:48:45.713,64514,Timeline2,Tobii I-VT (Fixation),1.145.28180,1080,1920,"10,00",706530457.0,,,659.0,197.0,641.0,200.0,676.0,195.0,"-0,11089","-0,09204","-0,98956","-0,20169","-0,08994","-0,97531",,,Valid,Valid,"233,1","102,2","511,5","291,3","100,7","513,2","175,8","54,6","185,2","53,4","0,2579","0,1827","0,2441","0,1848","0,2718","0,1806",thumbnail_grossTrial,thumbnail_grossTrial.png,1245.0,1080.0,337.0,0.0,798.0,692.0,Saccade,17.0,149.0,,,,,,
28151,38675743,1400477947030,Eye Tracker,Participant0058,17.09.2021,Participant0058,Recording4,17.09.2021,17.09.2021,14:48:45.713,12:48:45.713,64514,Timeline2,Tobii I-VT (Fixation),1.145.28180,1080,1920,"10,00",706538828.0,,,,,,,,,,,,,,,,,Invalid,Invalid,,,,,,,,,,,,,,,,,thumbnail_grossTrial,thumbnail_grossTrial.png,1245.0,1080.0,337.0,0.0,798.0,692.0,EyesNotFound,8.0,310.0,,,,,,
28152,38684131,1400477955418,Eye Tracker,Participant0058,17.09.2021,Participant0058,Recording4,17.09.2021,17.09.2021,14:48:45.713,12:48:45.713,64514,Timeline2,Tobii I-VT (Fixation),1.145.28180,1080,1920,"10,00",706547216.0,,,665.0,175.0,650.0,202.0,681.0,149.0,"-0,10669","-0,09166","-0,99006","-0,19876","-0,11399","-0,97340",,,Valid,Valid,"233,2","102,5","511,0","291,4","100,8","513,0","178,1","55,2","186,6","40,7","0,2635","0,1623","0,2510","0,1868","0,2759","0,1378",thumbnail_grossTrial,thumbnail_grossTrial.png,1245.0,1080.0,337.0,0.0,798.0,692.0,Saccade,17.0,150.0,,,,,,
28153,38692407,1400477963694,Eye Tracker,Participant0058,17.09.2021,Participant0058,Recording4,17.09.2021,17.09.2021,14:48:45.713,12:48:45.713,64514,Timeline2,Tobii I-VT (Fixation),1.145.28180,1080,1920,"10,00",706555492.0,,,661.0,207.0,649.0,200.0,672.0,214.0,"-0,10722","-0,09281","-0,98989","-0,20360","-0,08025","-0,97576",,,Valid,Valid,"233,1","102,6","510,5","291,3","100,8","513,0","177,8","54,7","184,3","58,6","0,2596","0,1917","0,2501","0,1852","0,2690","0,1983",thumbnail_grossTrial,thumbnail_grossTrial.png,1245.0,1080.0,337.0,0.0,798.0,692.0,Saccade,17.0,150.0,,,,,,
28154,38700736,1400477972023,Eye Tracker,Participant0058,17.09.2021,Participant0058,Recording4,17.09.2021,17.09.2021,14:48:45.713,12:48:45.713,64514,Timeline2,Tobii I-VT (Fixation),1.145.28180,1080,1920,"10,00",706563821.0,,,649.0,200.0,649.0,200.0,,,"-0,10709","-0,09239","-0,98995",,,,"4,83",,Valid,Invalid,"233,0","102,4","510,7",,,,"177,8","54,7",,,"0,2501","0,1852","0,2501","0,1852",,,thumbnail_grossTrial,thumbnail_grossTrial.png,1245.0,1080.0,337.0,0.0,798.0,692.0,Unclassified,17.0,345.0,,,,,,
28155,38709067,1400477980354,Eye Tracker,Participant0058,17.09.2021,Participant0058,Recording4,17.09.2021,17.09.2021,14:48:45.713,12:48:45.713,64514,Timeline2,Tobii I-VT (Fixation),1.145.28180,1080,1920,"10,00",706572151.0,,,654.0,199.0,651.0,209.0,657.0,189.0,"-0,10606","-0,08794","-0,99046","-0,21112","-0,09355","-0,97297",,,Valid,Valid,"233,2","102,6","510,7","291,3","100,9","512,8","178,5","57,3","180,1","51,6","0,2544","0,1842","0,2521","0,1938","0,2567","0,1746",thumbnail_grossTrial,thumbnail_grossTrial.png,1245.0,1080.0,337.0,0.0,798.0,692.0,Unclassified,17.0,345.0,,,,,,
28156,38717433,1400477988720,Eye Tracker,Participant0058,17.09.2021,Participant0058,Recording4,17.09.2021,17.09.2021,14:48:45.713,12:48:45.713,64514,Timeline2,Tobii I-VT (Fixation),1.145.28180,1080,1920,"10,00",706580517.0,,,675.0,208.0,682.0,263.0,668.0,153.0,"-0,08988","-0,05950","-0,99417","-0,20527","-0,11181","-0,97230",,,Valid,Valid,"233,1","102,6","510,6","291,3","100,9","512,7","186,9","72,0","183,0","41,9","0,2711","0,1928","0,2768","0,2437","0,2653","0,1418",thumbnail_grossTrial,thumbnail_grossTrial.png,1245.0,1080.0,337.0,0.0,798.0,692.0,Saccade,8.0,151.0,,,,,,
28157,38725728,1400477997015,Eye Tracker,Participant0058,17.09.2021,Participant0058,Recording4,17.09.2021,17.09.2021,14:48:45.713,12:48:45.713,64514,Timeline2,Tobii I-VT (Fixation),1.145.28180,1080,1920,"10,00",706588812.0,,,677.0,219.0,699.0,266.0,655.0,173.0,"-0,08071","-0,05814","-0,99504","-0,21164","-0,10143","-0,97207","4,85","5,33",Valid,Valid,"233,1","102,6","510,4","291,3","100,8","512,7","191,7","72,8","179,6","47,3","0,2731","0,2032","0,2907","0,2462","0,2554","0,1601",thumbnail_grossTrial,thumbnail_grossTrial.png,1245.0,1080.0,337.0,0.0,798.0,692.0,Unclassified,33.0,346.0,,,,,,
28158,38734029,1400478005316,Eye Tracker,Participant0058,17.09.2021,Participant0058,Recording4,17.09.2021,17.09.2021,14:48:45.713,12:48:45.713,64514,Timeline2,Tobii I-VT (Fixation),1.145.28180,1080,1920,"10,00",706597112.0,,,681.0,224.0,699.0,266.0,663.0,183.0,"-0,08097","-0,05862","-0,99499","-0,20809","-0,09668","-0,97332",,,Valid,Valid,"233,2","102,8","510,1","291,3","100,9","512,7","191,7","72,8","181,7","50,0","0,2761","0,2077","0,2907","0,2462","0,2615","0,1692",thumbnail_grossTrial,thumbnail_grossTrial.png,1245.0,1080.0,337.0,0.0,798.0,692.0,Unclassified,33.0,346.0,,,,,,
28159,38742368,1400478013655,Eye Tracker,Participant0058,17.09.2021,Participant0058,Recording4,17.09.2021,17.09.2021,14:48:45.713,12:48:45.713,64514,Timeline2,Tobii I-VT (Fixation),1.145.28180,1080,1920,"10,00",706605451.0,,,682.0,228.0,698.0,275.0,666.0,180.0,"-0,08159","-0,05396","-0,99520","-0,20666","-0,09794","-0,97350",,,Valid,Valid,"233,1","102,9","509,9","291,3","100,9","512,7","191,3","75,2","182,4","49,3","0,2766","0,2107","0,2896","0,2545","0,2636","0,1668",thumbnail_grossTrial,thumbnail_grossTrial.png,1245.0,1080.0,337.0,0.0,798.0,692.0,Unclassified,33.0,346.0,,,,,,
28160,38750696,1400478021983,Eye Tracker,Participant0058,17.09.2021,Participant0058,Recording4,17.09.2021,17.09.2021,14:48:45.713,12:48:45.713,64514,Timeline2,Tobii I-VT (Fixation),1.145.28180,1080,1920,"10,00",706613779.0,,,700.0,286.0,700.0,286.0,,,"-0,08071","-0,04826","-0,99557",,,,"4,81",,Valid,Invalid,"233,1","102,9","509,6",,,,"191,8","78,2",,,"0,2911","0,2645","0,2911","0,2645",,,thumbnail_grossTrial,thumbnail_grossTrial.png,1245.0,1080.0,337.0,0.0,798.0,692.0,Unclassified,33.0,346.0,,,,,,
28161,38759057,1400478030344,Eye Tracker,Participant0058,17.09.2021,Participant0058,Recording4,17.09.2021,17.09.2021,14:48:45.713,12:48:45.713,64514,Timeline2,Tobii I-VT (Fixation),1.145.28180,1080,1920,"10,00",706622139.0,,,670.0,244.0,699.0,286.0,642.0,203.0,"-0,08123","-0,04874","-0,99550","-0,21890","-0,08603","-0,97195",,,Valid,Valid,"233,2","103,1","509,4","291,3","100,9","512,6","191,6","78,2","175,9","55,6","0,2675","0,2263","0,2906","0,2646","0,2444","0,1880",thumbnail_grossTrial,thumbnail_grossTrial.png,1245.0,1080.0,337.0,0.0,798.0,692.0,Saccade,17.0,152.0,,,,,,
28162,38767393,1400478038680,Eye Tracker,Participant0058,17.09.2021,Participant0058,Recording4,17.09.2021,17.09.2021,14:48:45.713,12:48:45.713,64514,Timeline2,Tobii I-VT (Fixation),1.145.28180,1080,1920,"10,00",706630475.0,,,664.0,211.0,667.0,237.0,661.0,184.0,"-0,09822","-0,07461","-0,99236","-0,20903","-0,09570","-0,97322",,,Valid,Valid,"233,1","103,1","509,1","291,3","100,9","512,7","182,7","64,9","181,2","50,5","0,2622","0,1951","0,2646","0,2195","0,2599","0,1707",thumbnail_grossTrial,thumbnail_grossTrial.png,1245.0,1080.0,337.0,0.0,798.0,692.0,Saccade,17.0,152.0,,,,,,
28163,38775777,1400478047064,Eye Tracker,Participant0058,17.09.2021,Participant0058,Recording4,17.09.2021,17.09.2021,14:48:45.713,12:48:45.713,64514,Timeline2,Tobii I-VT (Fixation),1.145.28180,1080,1920,"10,00",706638859.0,,,666.0,236.0,666.0,236.0,,,"-0,09853","-0,07503","-0,99230",,,,"4,82",,Valid,Invalid,"233,1","103,1","509,0",,,,"182,6","64,7",,,"0,2641","0,2188","0,2641","0,2188",,,thumbnail_grossTrial,thumbnail_grossTrial.png,1245.0,1080.0,337.0,0.0,798.0,692.0,Fixation,92.0,76.0,668.0,213.0,"0,2656","0,1970",,
28164,38784108,1400478055395,Eye Tracker,Participant0058,17.09.2021,Participant0058,Recording4,17.09.2021,17.09.2021,14:48:45.713,12:48:45.713,64514,Timeline2,Tobii I-VT (Fixation),1.145.28180,1080,1920,"10,00",706647190.0,,,665.0,201.0,666.0,240.0,664.0,163.0,"-0,09906","-0,07366","-0,99235","-0,20753","-0,10675","-0,97239",,,Valid,Valid,"233,2","103,4","508,8","291,3","100,9","512,7","182,4","65,6","181,9","44,6","0,2629","0,1864","0,2637","0,2219","0,2621","0,1510",thumbnail_grossTrial,thumbnail_grossTrial.png,1245.0,1080.0,337.0,0.0,798.0,692.0,Fixation,92.0,76.0,668.0,213.0,"0,2656","0,1970",,
28165,38792387,1400478063674,Eye Tracker,Participant0058,17.09.2021,Participant0058,Recording4,17.09.2021,17.09.2021,14:48:45.713,12:48:45.713,64514,Timeline2,Tobii I-VT (Fixation),1.145.28180,1080,1920,"10,00",706655468.0,,,666.0,199.0,667.0,241.0,665.0,157.0,"-0,09852","-0,07328","-0,99243","-0,20662","-0,11000","-0,97222",,,Valid,Valid,"233,2","103,5","508,4","291,3","100,8","512,7","182,7","65,9","182,3","42,8","0,2639","0,1840","0,2644","0,2230","0,2633","0,1449",thumbnail_grossTrial,thumbnail_grossTrial.png,1245.0,1080.0,337.0,0.0,798.0,692.0,Fixation,92.0,76.0,668.0,213.0,"0,2656","0,1970",,
28166,38800721,1400478072008,Eye Tracker,Participant0058,17.09.2021,Participant0058,Recording4,17.09.2021,17.09.2021,14:48:45.713,12:48:45.713,64514,Timeline2,Tobii I-VT (Fixation),1.145.28180,1080,1920,"10,00",706663802.0,,,670.0,247.0,670.0,247.0,,,"-0,09693","-0,07001","-0,99283",,,,"4,69",,Valid,Invalid,"233,2","103,5","508,0",,,,"183,6","67,7",,,"0,2669","0,2290","0,2669","0,2290",,,thumbnail_grossTrial,thumbnail_grossTrial.png,1245.0,1080.0,337.0,0.0,798.0,692.0,Fixation,92.0,76.0,668.0,213.0,"0,2656","0,1970",,
28167,38809022,1400478080309,Eye Tracker,Participant0058,17.09.2021,Participant0058,Recording4,17.09.2021,17.09.2021,14:48:45.713,12:48:45.713,64514,Timeline2,Tobii I-VT (Fixation),1.145.28180,1080,1920,"10,00",706672103.0,,,654.0,185.0,647.0,220.0,660.0,149.0,"-0,10903","-0,08489","-0,99041","-0,20901","-0,11363","-0,97129",,,Valid,Valid,"233,2","103,8","507,8","291,3","100,9","512,7","177,3","60,3","181,0","40,9","0,2541","0,1711","0,2487","0,2039","0,2594","0,1383",thumbnail_grossTrial,thumbnail_grossTrial.png,1245.0,1080.0,337.0,0.0,798.0,692.0,Fixation,92.0,76.0,668.0,213.0,"0,2656","0,1970",,
28168,38817360,1400478088647,Eye Tracker,Participant0058,17.09.2021,Participant0058,Recording4,17.09.2021,17.09.2021,14:48:45.713,12:48:45.713,64514,Timeline2,Tobii I-VT (Fixation),1.145.28180,1080,1920,"10,00",706680440.0,,,670.0,212.0,676.0,272.0,663.0,153.0,"-0,09385","-0,05735","-0,99393","-0,20742","-0,11188","-0,97183",,,Valid,Valid,"233,2","103,8","507,5","291,3","100,8","512,8","185,3","74,5","181,8","41,8","0,2669","0,1967","0,2719","0,2520","0,2619","0,1414",thumbnail_grossTrial,thumbnail_grossTrial.png,1245.0,1080.0,337.0,0.0,798.0,692.0,Fixation,92.0,76.0,668.0,213.0,"0,2656","0,1970",,
28169,38825721,1400478097008,Eye Tracker,Participant0058,17.09.2021,Participant0058,Recording4,17.09.2021,17.09.2021,14:48:45.713,12:48:45.713,64514,Timeline2,Tobii I-VT (Fixation),1.145.28180,1080,1920,"10,00",706688801.0,,,669.0,221.0,674.0,267.0,664.0,176.0,"-0,09503","-0,06008","-0,99366","-0,20749","-0,09995","-0,97312","4,64","5,07",Valid,Valid,"233,2","103,8","507,4","291,3","100,8","512,8","184,6","73,1","181,9","48,1","0,2661","0,2050","0,2701","0,2473","0,2621","0,1628",thumbnail_grossTrial,thumbnail_grossTrial.png,1245.0,1080.0,337.0,0.0,798.0,692.0,Fixation,92.0,76.0,668.0,213.0,"0,2656","0,1970",,
28170,38834022,1400478105309,Eye Tracker,Participant0058,17.09.2021,Participant0058,Recording4,17.09.2021,17.09.2021,14:48:45.713,12:48:45.713,64514,Timeline2,Tobii I-VT (Fixation),1.145.28180,1080,1920,"10,00",706697102.0,,,672.0,228.0,667.0,267.0,676.0,190.0,"-0,09877","-0,06062","-0,99326","-0,20153","-0,09301","-0,97506",,,Valid,Valid,"233,2","104,0","507,3","291,3","100,9","512,8","182,8","73,0","185,3","52,0","0,2684","0,2114","0,2647","0,2471","0,2721","0,1758",thumbnail_grossTrial,thumbnail_grossTrial.png,1245.0,1080.0,337.0,0.0,798.0,692.0,Fixation,92.0,76.0,668.0,213.0,"0,2656","0,1970",,
28171,38842365,1400478113652,Eye Tracker,Participant0058,17.09.2021,Participant0058,Recording4,17.09.2021,17.09.2021,14:48:45.713,12:48:45.713,64514,Timeline2,Tobii I-VT (Fixation),1.145.28180,1080,1920,"10,00",706705444.0,,,670.0,218.0,666.0,245.0,675.0,191.0,"-0,09924","-0,07215","-0,99244","-0,20208","-0,09220","-0,97502",,,Valid,Valid,"233,2","104,0","507,2","291,3","100,8","512,8","182,5","67,1","185,0","52,4","0,2674","0,2020","0,2637","0,2270","0,2711","0,1771",thumbnail_grossTrial,thumbnail_grossTrial.png,1245.0,1080.0,337.0,0.0,798.0,692.0,Fixation,92.0,76.0,668.0,213.0,"0,2656","0,1970",,
28172,38850687,1400478121974,Eye Tracker,Participant0058,17.09.2021,Participant0058,Recording4,17.09.2021,17.09.2021,14:48:45.713,12:48:45.713,64514,Timeline2,Tobii I-VT (Fixation),1.145.28180,1080,1920,"10,00",706713766.0,,,668.0,219.0,668.0,248.0,669.0,190.0,"-0,09808","-0,07032","-0,99269","-0,20513","-0,09278","-0,97433","4,77","5,18",Valid,Valid,"233,2","103,9","507,2","291,3","100,8","512,9","183,1","68,0","183,3","52,0","0,2658","0,2029","0,2655","0,2300","0,2662","0,1758",thumbnail_grossTrial,thumbnail_grossTrial.png,1245.0,1080.0,337.0,0.0,798.0,692.0,Fixation,92.0,76.0,668.0,213.0,"0,2656","0,1970",,
28173,38859020,1400478130307,Eye Tracker,Participant0058,17.09.2021,Participant0058,Recording4,17.09.2021,17.09.2021,14:48:45.713,12:48:45.713,64514,Timeline2,Tobii I-VT (Fixation),1.145.28180,1080,1920,"10,00",706722099.0,,,669.0,222.0,675.0,251.0,662.0,193.0,"-0,09456","-0,06937","-0,99310","-0,20852","-0,09122","-0,97375",,,Valid,Valid,"233,3","104,1","507,1","291,3","100,9","512,8","185,0","68,7","181,5","52,8","0,2660","0,2056","0,2711","0,2323","0,2609","0,1788",thumbnail_grossTrial,thumbnail_grossTrial.png,1245.0,1080.0,337.0,0.0,798.0,692.0,Fixation,92.0,76.0,668.0,213.0,"0,2656","0,1970",,
28174,38867356,1400478138643,Eye Tracker,Participant0058,17.09.2021,Participant0058,Recording4,17.09.2021,17.09.2021,14:48:45.713,12:48:45.713,64514,Timeline2,Tobii I-VT (Fixation),1.145.28180,1080,1920,"10,00",706730435.0,,,669.0,223.0,675.0,252.0,664.0,194.0,"-0,09442","-0,06890","-0,99315","-0,20755","-0,09089","-0,97399",,,Valid,Valid,"233,2","104,0","507,1","291,3","100,8","512,8","185,0","68,9","182,0","53,0","0,2667","0,2061","0,2711","0,2330","0,2624","0,1793",thumbnail_grossTrial,thumbnail_grossTrial.png,1245.0,1080.0,337.0,0.0,798.0,692.0,Saccade,33.0,153.0,,,,,,
28175,38875718,1400478147005,Eye Tracker,Participant0058,17.09.2021,Participant0058,Recording4,17.09.2021,17.09.2021,14:48:45.713,12:48:45.713,64514,Timeline2,Tobii I-VT (Fixation),1.145.28180,1080,1920,"10,00",706738796.0,,,656.0,211.0,646.0,223.0,666.0,198.0,"-0,10942","-0,08371","-0,99046","-0,20666","-0,08847","-0,97440","4,73","5,13",Valid,Valid,"233,2","104,0","507,1","291,3","100,8","512,9","177,2","61,1","182,5","54,2","0,2560","0,1951","0,2482","0,2068","0,2638","0,1835",thumbnail_grossTrial,thumbnail_grossTrial.png,1245.0,1080.0,337.0,0.0,798.0,692.0,Saccade,33.0,153.0,,,,,,
28176,38884017,1400478155304,Eye Tracker,Participant0058,17.09.2021,Participant0058,Recording4,17.09.2021,17.09.2021,14:48:45.713,12:48:45.713,64514,Timeline2,Tobii I-VT (Fixation),1.145.28180,1080,1920,"10,00",706747095.0,,,654.0,211.0,645.0,225.0,663.0,197.0,"-0,11016","-0,08329","-0,99042","-0,20838","-0,08944","-0,97395",,,Valid,Valid,"233,3","104,1","507,0","291,3","100,9","512,8","176,9","61,5","181,6","53,8","0,2543","0,1950","0,2473","0,2080","0,2613","0,1821",thumbnail_grossTrial,thumbnail_grossTrial.png,1245.0,1080.0,337.0,0.0,798.0,692.0,Saccade,33.0,153.0,,,,,,
28177,38892365,1400478163652,Eye Tracker,Participant0058,17.09.2021,Participant0058,Recording4,17.09.2021,17.09.2021,14:48:45.713,12:48:45.713,64514,Timeline2,Tobii I-VT (Fixation),1.145.28180,1080,1920,"10,00",706755443.0,,,688.0,250.0,709.0,306.0,667.0,195.0,"-0,07663","-0,04016","-0,99625","-0,20613","-0,09048","-0,97433",,,Valid,Valid,"233,2","104,1","507,0","291,3","100,9","512,9","194,2","83,6","182,8","53,2","0,2814","0,2315","0,2981","0,2829","0,2647","0,1801",thumbnail_grossTrial,thumbnail_grossTrial.png,1245.0,1080.0,337.0,0.0,798.0,692.0,Saccade,33.0,153.0,,,,,,
28178,38900696,1400478171983,Eye Tracker,Participant0058,17.09.2021,Participant0058,Recording4,17.09.2021,17.09.2021,14:48:45.713,12:48:45.713,64514,Timeline2,Tobii I-VT (Fixation),1.145.28180,1080,1920,"10,00",706763773.0,,,693.0,251.0,703.0,300.0,683.0,202.0,"-0,07985","-0,04276","-0,99589","-0,19829","-0,08646","-0,97632","4,69","4,49",Valid,Valid,"233,2","104,0","507,0","291,2","100,7","512,9","192,5","82,2","187,1","55,3","0,2853","0,2327","0,2933","0,2782","0,2773","0,1872",thumbnail_grossTrial,thumbnail_grossTrial.png,1245.0,1080.0,337.0,0.0,798.0,692.0,Unclassified,8.0,347.0,,,,,,
28179,38909021,1400478180308,Eye Tracker,Participant0058,17.09.2021,Participant0058,Recording4,17.09.2021,17.09.2021,14:48:45.713,12:48:45.713,64514,Timeline2,Tobii I-VT (Fixation),1.145.28180,1080,1920,"10,00",706772098.0,,,690.0,252.0,703.0,300.0,678.0,203.0,"-0,08000","-0,04303","-0,99587","-0,20070","-0,08639","-0,97584",,,Valid,Valid,"233,3","104,1","507,0","291,3","100,9","512,8","192,5","82,2","185,9","55,5","0,2835","0,2330","0,2933","0,2782","0,2737","0,1878",thumbnail_grossTrial,thumbnail_grossTrial.png,1245.0,1080.0,337.0,0.0,798.0,692.0,Saccade,17.0,154.0,,,,,,
28180,38917391,1400478188678,Eye Tracker,Participant0058,17.09.2021,Participant0058,Recording4,17.09.2021,17.09.2021,14:48:45.713,12:48:45.713,64514,Timeline2,Tobii I-VT (Fixation),1.145.28180,1080,1920,"10,00",706780468.0,,,673.0,226.0,671.0,250.0,675.0,203.0,"-0,09652","-0,07005","-0,99286","-0,20195","-0,08593","-0,97562",,,Valid,Valid,"233,2","104,1","507,0","291,3","100,8","512,9","183,9","68,3","185,1","55,7","0,2698","0,2097","0,2680","0,2311","0,2715","0,1883",thumbnail_grossTrial,thumbnail_grossTrial.png,1245.0,1080.0,337.0,0.0,798.0,692.0,Saccade,17.0,154.0,,,,,,
28181,38925742,1400478197029,Eye Tracker,Participant0058,17.09.2021,Participant0058,Recording4,17.09.2021,17.09.2021,14:48:45.713,12:48:45.713,64514,Timeline2,Tobii I-VT (Fixation),1.145.28180,1080,1920,"10,00",706788818.0,,,678.0,220.0,674.0,251.0,682.0,190.0,"-0,09487","-0,06923","-0,99308","-0,19854","-0,09281","-0,97569","4,76","4,50",Valid,Valid,"233,2","104,0","507,0","291,2","100,7","512,9","184,8","68,6","186,9","51,9","0,2736","0,2040","0,2705","0,2323","0,2767","0,1757",thumbnail_grossTrial,thumbnail_grossTrial.png,1245.0,1080.0,337.0,0.0,798.0,692.0,Fixation,158.0,77.0,676.0,229.0,"0,2723","0,2118",,
28182,38934014,1400478205301,Eye Tracker,Participant0058,17.09.2021,Participant0058,Recording4,17.09.2021,17.09.2021,14:48:45.713,12:48:45.713,64514,Timeline2,Tobii I-VT (Fixation),1.145.28180,1080,1920,"10,00",706797090.0,,,682.0,226.0,679.0,258.0,685.0,195.0,"-0,09246","-0,06579","-0,99354","-0,19717","-0,09065","-0,97617",,,Valid,Valid,"233,3","104,1","507,0","291,3","100,9","512,9","186,1","70,6","187,8","53,2","0,2768","0,2094","0,2744","0,2387","0,2792","0,1801",thumbnail_grossTrial,thumbnail_grossTrial.png,1245.0,1080.0,337.0,0.0,798.0,692.0,Fixation,158.0,77.0,676.0,229.0,"0,2723","0,2118",,
28183,38942358,1400478213645,Eye Tracker,Participant0058,17.09.2021,Participant0058,Recording4,17.09.2021,17.09.2021,14:48:45.713,12:48:45.713,64514,Timeline2,Tobii I-VT (Fixation),1.145.28180,1080,1920,"10,00",706805434.0,,,681.0,230.0,680.0,258.0,681.0,201.0,"-0,09173","-0,06545","-0,99363","-0,19912","-0,08701","-0,97611",,,Valid,Valid,"233,2","104,0","506,9","291,3","100,8","512,9","186,4","70,7","186,7","55,1","0,2757","0,2127","0,2753","0,2391","0,2761","0,1864",thumbnail_grossTrial,thumbnail_grossTrial.png,1245.0,1080.0,337.0,0.0,798.0,692.0,Fixation,158.0,77.0,676.0,229.0,"0,2723","0,2118",,
28184,38950680,1400478221967,Eye Tracker,Participant0058,17.09.2021,Participant0058,Recording4,17.09.2021,17.09.2021,14:48:45.713,12:48:45.713,64514,Timeline2,Tobii I-VT (Fixation),1.145.28180,1080,1920,"10,00",706813756.0,,,673.0,232.0,669.0,260.0,676.0,205.0,"-0,09752","-0,06429","-0,99315","-0,20140","-0,08503","-0,97581","4,48","5,38",Valid,Valid,"233,2","104,0","507,0","291,3","100,7","512,9","183,4","71,1","185,4","56,0","0,2694","0,2151","0,2665","0,2407","0,2723","0,1894",thumbnail_grossTrial,thumbnail_grossTrial.png,1245.0,1080.0,337.0,0.0,798.0,692.0,Fixation,158.0,77.0,676.0,229.0,"0,2723","0,2118",,
28185,38959092,1400478230379,Eye Tracker,Participant0058,17.09.2021,Participant0058,Recording4,17.09.2021,17.09.2021,14:48:45.713,12:48:45.713,64514,Timeline2,Tobii I-VT (Fixation),1.145.28180,1080,1920,"10,00",706822167.0,,,677.0,234.0,671.0,257.0,682.0,212.0,"-0,09670","-0,06629","-0,99310","-0,19878","-0,08147","-0,97665",,,Valid,Valid,"233,3","104,1","506,9","291,4","100,8","512,9","183,9","70,3","187,0","58,0","0,2725","0,2170","0,2680","0,2377","0,2769","0,1964",thumbnail_grossTrial,thumbnail_grossTrial.png,1245.0,1080.0,337.0,0.0,798.0,692.0,Fixation,158.0,77.0,676.0,229.0,"0,2723","0,2118",,
28186,38967387,1400478238674,Eye Tracker,Participant0058,17.09.2021,Participant0058,Recording4,17.09.2021,17.09.2021,14:48:45.713,12:48:45.713,64514,Timeline2,Tobii I-VT (Fixation),1.145.28180,1080,1920,"10,00",706830462.0,,,679.0,233.0,669.0,260.0,688.0,206.0,"-0,09770","-0,06422","-0,99314","-0,19562","-0,08457","-0,97703",,,Valid,Valid,"233,2","104,0","506,9","291,3","100,8","512,9","183,3","71,2","188,6","56,4","0,2740","0,2159","0,2663","0,2410","0,2818","0,1907",thumbnail_grossTrial,thumbnail_grossTrial.png,1245.0,1080.0,337.0,0.0,798.0,692.0,Fixation,158.0,77.0,676.0,229.0,"0,2723","0,2118",,
28187,38975708,1400478246995,Eye Tracker,Participant0058,17.09.2021,Participant0058,Recording4,17.09.2021,17.09.2021,14:48:45.713,12:48:45.713,64514,Timeline2,Tobii I-VT (Fixation),1.145.28180,1080,1920,"10,00",706838783.0,,,673.0,270.0,673.0,270.0,,,"-0,09553","-0,05903","-0,99368",,,,"4,46",,Valid,Invalid,"233,2","103,9","506,9",,,,"184,4","73,8",,,"0,2695","0,2496","0,2695","0,2496",,,thumbnail_grossTrial,thumbnail_grossTrial.png,1245.0,1080.0,337.0,0.0,798.0,692.0,Fixation,158.0,77.0,676.0,229.0,"0,2723","0,2118",,
28188,38984055,1400478255342,Eye Tracker,Participant0058,17.09.2021,Participant0058,Recording4,17.09.2021,17.09.2021,14:48:45.713,12:48:45.713,64514,Timeline2,Tobii I-VT (Fixation),1.145.28180,1080,1920,"10,00",706847129.0,,,666.0,228.0,656.0,264.0,675.0,191.0,"-0,10494","-0,06230","-0,99253","-0,20196","-0,09218","-0,97505",,,Valid,Valid,"233,3","104,1","506,9","291,3","100,8","512,8","179,7","72,3","185,1","52,3","0,2636","0,2108","0,2556","0,2445","0,2715","0,1770",thumbnail_grossTrial,thumbnail_grossTrial.png,1245.0,1080.0,337.0,0.0,798.0,692.0,Fixation,158.0,77.0,676.0,229.0,"0,2723","0,2118",,
28189,38992383,1400478263670,Eye Tracker,Participant0058,17.09.2021,Participant0058,Recording4,17.09.2021,17.09.2021,14:48:45.713,12:48:45.713,64514,Timeline2,Tobii I-VT (Fixation),1.145.28180,1080,1920,"10,00",706855457.0,,,666.0,228.0,658.0,271.0,675.0,186.0,"-0,10381","-0,05856","-0,99287","-0,20190","-0,09474","-0,97481",,,Valid,Valid,"233,2","104,0","506,9","291,3","100,8","512,8","180,2","74,1","185,1","50,9","0,2643","0,2115","0,2571","0,2508","0,2714","0,1723",thumbnail_grossTrial,thumbnail_grossTrial.png,1245.0,1080.0,337.0,0.0,798.0,692.0,Fixation,158.0,77.0,676.0,229.0,"0,2723","0,2118",,
28190,39000704,1400478271991,Eye Tracker,Participant0058,17.09.2021,Participant0058,Recording4,17.09.2021,17.09.2021,14:48:45.713,12:48:45.713,64514,Timeline2,Tobii I-VT (Fixation),1.145.28180,1080,1920,"10,00",706863778.0,,,666.0,222.0,656.0,269.0,676.0,175.0,"-0,10469","-0,05912","-0,99275","-0,20128","-0,10012","-0,97440","4,46","4,49",Valid,Valid,"233,1","103,9","506,9","291,3","100,7","512,8","179,7","73,7","185,3","48,0","0,2639","0,2059","0,2556","0,2493","0,2722","0,1625",thumbnail_grossTrial,thumbnail_grossTrial.png,1245.0,1080.0,337.0,0.0,798.0,692.0,Fixation,158.0,77.0,676.0,229.0,"0,2723","0,2118",,
28191,39009037,1400478280324,Eye Tracker,Participant0058,17.09.2021,Participant0058,Recording4,17.09.2021,17.09.2021,14:48:45.713,12:48:45.713,64514,Timeline2,Tobii I-VT (Fixation),1.145.28180,1080,1920,"10,00",706872110.0,,,678.0,233.0,670.0,276.0,686.0,190.0,"-0,09715","-0,05625","-0,99368","-0,19681","-0,09305","-0,97602",,,Valid,Valid,"233,3","104,1","506,9","291,3","100,8","512,7","183,7","75,4","187,9","51,9","0,2736","0,2154","0,2674","0,2551","0,2798","0,1757",thumbnail_grossTrial,thumbnail_grossTrial.png,1245.0,1080.0,337.0,0.0,798.0,692.0,Fixation,158.0,77.0,676.0,229.0,"0,2723","0,2118",,
28192,39017374,1400478288661,Eye Tracker,Participant0058,17.09.2021,Participant0058,Recording4,17.09.2021,17.09.2021,14:48:45.713,12:48:45.713,64514,Timeline2,Tobii I-VT (Fixation),1.145.28180,1080,1920,"10,00",706880447.0,,,676.0,240.0,667.0,276.0,684.0,203.0,"-0,09856","-0,05586","-0,99356","-0,19749","-0,08599","-0,97653",,,Valid,Valid,"233,2","104,0","506,8","291,3","100,8","512,7","182,9","75,5","187,6","55,6","0,2719","0,2219","0,2651","0,2555","0,2787","0,1882",thumbnail_grossTrial,thumbnail_grossTrial.png,1245.0,1080.0,337.0,0.0,798.0,692.0,Fixation,158.0,77.0,676.0,229.0,"0,2723","0,2118",,
28193,39025673,1400478296960,Eye Tracker,Participant0058,17.09.2021,Participant0058,Recording4,17.09.2021,17.09.2021,14:48:45.713,12:48:45.713,64514,Timeline2,Tobii I-VT (Fixation),1.145.28180,1080,1920,"10,00",706888746.0,,,681.0,238.0,678.0,272.0,684.0,203.0,"-0,09269","-0,05779","-0,99402","-0,19781","-0,08584","-0,97647","4,68","4,48",Valid,Valid,"233,1","103,9","506,8","291,3","100,7","512,7","185,9","74,4","187,4","55,7","0,2760","0,2201","0,2737","0,2519","0,2782","0,1883",thumbnail_grossTrial,thumbnail_grossTrial.png,1245.0,1080.0,337.0,0.0,798.0,692.0,Fixation,158.0,77.0,676.0,229.0,"0,2723","0,2118",,
28194,39034035,1400478305322,Eye Tracker,Participant0058,17.09.2021,Participant0058,Recording4,17.09.2021,17.09.2021,14:48:45.713,12:48:45.713,64514,Timeline2,Tobii I-VT (Fixation),1.145.28180,1080,1920,"10,00",706897107.0,,,680.0,234.0,681.0,273.0,680.0,195.0,"-0,09158","-0,05787","-0,99412","-0,19968","-0,09019","-0,97570",,,Valid,Valid,"233,2","104,1","506,8","291,3","100,8","512,7","186,6","74,6","186,4","53,5","0,2755","0,2167","0,2758","0,2525","0,2753","0,1809",thumbnail_grossTrial,thumbnail_grossTrial.png,1245.0,1080.0,337.0,0.0,798.0,692.0,Fixation,158.0,77.0,676.0,229.0,"0,2723","0,2118",,
28195,39042342,1400478313629,Eye Tracker,Participant0058,17.09.2021,Participant0058,Recording4,17.09.2021,17.09.2021,14:48:45.713,12:48:45.713,64514,Timeline2,Tobii I-VT (Fixation),1.145.28180,1080,1920,"10,00",706905414.0,,,666.0,207.0,649.0,225.0,682.0,189.0,"-0,10809","-0,08317","-0,99066","-0,19849","-0,09344","-0,97564",,,Valid,Valid,"233,2","104,1","506,7","291,3","100,8","512,7","177,9","61,5","187,0","51,7","0,2636","0,1916","0,2504","0,2082","0,2769","0,1750",thumbnail_grossTrial,thumbnail_grossTrial.png,1245.0,1080.0,337.0,0.0,798.0,692.0,Fixation,158.0,77.0,676.0,229.0,"0,2723","0,2118",,
28196,39050671,1400478321958,Eye Tracker,Participant0058,17.09.2021,Participant0058,Recording4,17.09.2021,17.09.2021,14:48:45.713,12:48:45.713,64514,Timeline2,Tobii I-VT (Fixation),1.145.28180,1080,1920,"10,00",706913743.0,,,678.0,249.0,678.0,249.0,,,"-0,09286","-0,07039","-0,99319",,,,"4,79",,Valid,Invalid,"233,2","104,1","506,7",,,,"185,8","68,1",,,"0,2735","0,2305","0,2735","0,2305",,,thumbnail_grossTrial,thumbnail_grossTrial.png,1245.0,1080.0,337.0,0.0,798.0,692.0,Fixation,158.0,77.0,676.0,229.0,"0,2723","0,2118",,
28197,39059043,1400478330330,Eye Tracker,Participant0058,17.09.2021,Participant0058,Recording4,17.09.2021,17.09.2021,14:48:45.713,12:48:45.713,64514,Timeline2,Tobii I-VT (Fixation),1.145.28180,1080,1920,"10,00",706922115.0,,,680.0,217.0,674.0,249.0,686.0,185.0,"-0,09530","-0,07073","-0,99293","-0,19661","-0,09542","-0,97583",,,Valid,Valid,"233,3","104,2","506,6","291,3","100,9","512,7","184,6","68,2","188,0","50,7","0,2751","0,2012","0,2701","0,2306","0,2800","0,1717",thumbnail_grossTrial,thumbnail_grossTrial.png,1245.0,1080.0,337.0,0.0,798.0,692.0,Fixation,158.0,77.0,676.0,229.0,"0,2723","0,2118",,
28198,39067372,1400478338659,Eye Tracker,Participant0058,17.09.2021,Participant0058,Recording4,17.09.2021,17.09.2021,14:48:45.713,12:48:45.713,64514,Timeline2,Tobii I-VT (Fixation),1.145.28180,1080,1920,"10,00",706930443.0,,,680.0,218.0,676.0,246.0,685.0,189.0,"-0,09415","-0,07217","-0,99294","-0,19720","-0,09333","-0,97591",,,Valid,Valid,"233,2","104,2","506,5","291,3","100,8","512,7","185,2","67,4","187,7","51,8","0,2753","0,2017","0,2717","0,2280","0,2790","0,1753",thumbnail_grossTrial,thumbnail_grossTrial.png,1245.0,1080.0,337.0,0.0,798.0,692.0,Fixation,158.0,77.0,676.0,229.0,"0,2723","0,2118",,
28199,39075710,1400478346997,Eye Tracker,Participant0058,17.09.2021,Participant0058,Recording4,17.09.2021,17.09.2021,14:48:45.713,12:48:45.713,64514,Timeline2,Tobii I-VT (Fixation),1.145.28180,1080,1920,"10,00",706938781.0,,,664.0,252.0,664.0,252.0,,,"-0,10015","-0,06901","-0,99258",,,,"4,48",,Valid,Invalid,"233,2","104,2","506,4",,,,"182,1","69,0",,,"0,2626","0,2334","0,2626","0,2334",,,thumbnail_grossTrial,thumbnail_grossTrial.png,1245.0,1080.0,337.0,0.0,798.0,692.0,Fixation,158.0,77.0,676.0,229.0,"0,2723","0,2118",,
28200,39084034,1400478355321,Eye Tracker,Participant0058,17.09.2021,Participant0058,Recording4,17.09.2021,17.09.2021,14:48:45.713,12:48:45.713,64514,Timeline2,Tobii I-VT (Fixation),1.145.28180,1080,1920,"10,00",706947105.0,,,684.0,217.0,669.0,256.0,700.0,178.0,"-0,09807","-0,06709","-0,99292","-0,18946","-0,09952","-0,97683",,,Valid,Valid,"233,3","104,4","506,3","291,3","100,9","512,7","183,3","70,2","191,9","48,6","0,2787","0,2010","0,2661","0,2374","0,2914","0,1646",thumbnail_grossTrial,thumbnail_grossTrial.png,1245.0,1080.0,337.0,0.0,798.0,692.0,Saccade,17.0,155.0,,,,,,
28201,39092375,1400478363662,Eye Tracker,Participant0058,17.09.2021,Participant0058,Recording4,17.09.2021,17.09.2021,14:48:45.713,12:48:45.713,64514,Timeline2,Tobii I-VT (Fixation),1.145.28180,1080,1920,"10,00",706955445.0,,,688.0,240.0,686.0,306.0,691.0,174.0,"-0,08884","-0,04036","-0,99523","-0,19407","-0,10113","-0,97576",,,Valid,Valid,"233,2","104,3","506,2","291,3","100,8","512,7","188,0","83,8","189,3","47,7","0,2819","0,2225","0,2800","0,2836","0,2838","0,1614",thumbnail_grossTrial,thumbnail_grossTrial.png,1245.0,1080.0,337.0,0.0,798.0,692.0,Saccade,17.0,155.0,,,,,,
28202,39100669,1400478371956,Eye Tracker,Participant0058,17.09.2021,Participant0058,Recording4,17.09.2021,17.09.2021,14:48:45.713,12:48:45.713,64514,Timeline2,Tobii I-VT (Fixation),1.145.28180,1080,1920,"10,00",706963739.0,,,706.0,305.0,706.0,305.0,,,"-0,07794","-0,04117","-0,99611",,,,"4,66",,Valid,Invalid,"233,2","104,3","506,1",,,,"193,6","83,4",,,"0,2963","0,2821","0,2963","0,2821",,,thumbnail_grossTrial,thumbnail_grossTrial.png,1245.0,1080.0,337.0,0.0,798.0,692.0,Fixation,142.0,78.0,680.0,229.0,"0,2756","0,2124",,
28203,39109000,1400478380287,Eye Tracker,Participant0058,17.09.2021,Participant0058,Recording4,17.09.2021,17.09.2021,14:48:45.713,12:48:45.713,64514,Timeline2,Tobii I-VT (Fixation),1.145.28180,1080,1920,"10,00",706972070.0,,,698.0,232.0,706.0,305.0,690.0,159.0,"-0,07830","-0,04151","-0,99607","-0,19418","-0,10897","-0,97490",,,Valid,Valid,"233,3","104,5","506,0","291,3","100,9","512,6","193,5","83,4","189,2","43,6","0,2898","0,2148","0,2960","0,2821","0,2835","0,1474",thumbnail_grossTrial,thumbnail_grossTrial.png,1245.0,1080.0,337.0,0.0,798.0,692.0,Fixation,142.0,78.0,680.0,229.0,"0,2756","0,2124",,
28204,39117364,1400478388651,Eye Tracker,Participant0058,17.09.2021,Participant0058,Recording4,17.09.2021,17.09.2021,14:48:45.713,12:48:45.713,64514,Timeline2,Tobii I-VT (Fixation),1.145.28180,1080,1920,"10,00",706980433.0,,,685.0,204.0,678.0,250.0,692.0,159.0,"-0,09306","-0,07082","-0,99314","-0,19300","-0,10887","-0,97514",,,Valid,Valid,"233,2","104,4","506,0","291,3","100,8","512,7","185,8","68,3","189,8","43,6","0,2793","0,1893","0,2735","0,2312","0,2852","0,1475",thumbnail_grossTrial,thumbnail_grossTrial.png,1245.0,1080.0,337.0,0.0,798.0,692.0,Fixation,142.0,78.0,680.0,229.0,"0,2756","0,2124",,
28205,39125666,1400478396953,Eye Tracker,Participant0058,17.09.2021,Participant0058,Recording4,17.09.2021,17.09.2021,14:48:45.713,12:48:45.713,64514,Timeline2,Tobii I-VT (Fixation),1.145.28180,1080,1920,"10,00",706988735.0,,,660.0,200.0,650.0,219.0,670.0,182.0,"-0,10756","-0,08704","-0,99038","-0,20443","-0,09672","-0,97409","4,68","5,17",Valid,Valid,"233,1","104,3","506,0","291,3","100,8","512,7","178,2","59,8","183,7","49,9","0,2593","0,1855","0,2512","0,2023","0,2673","0,1687",thumbnail_grossTrial,thumbnail_grossTrial.png,1245.0,1080.0,337.0,0.0,798.0,692.0,Fixation,142.0,78.0,680.0,229.0,"0,2756","0,2124",,
28206,39133999,1400478405286,Eye Tracker,Participant0058,17.09.2021,Participant0058,Recording4,17.09.2021,17.09.2021,14:48:45.713,12:48:45.713,64514,Timeline2,Tobii I-VT (Fixation),1.145.28180,1080,1920,"10,00",706997068.0,,,663.0,209.0,654.0,226.0,671.0,192.0,"-0,10564","-0,08365","-0,99088","-0,20404","-0,09162","-0,97467",,,Valid,Valid,"233,2","104,5","506,0","291,3","100,9","512,6","179,3","61,8","184,0","52,7","0,2613","0,1936","0,2545","0,2090","0,2682","0,1782",thumbnail_grossTrial,thumbnail_grossTrial.png,1245.0,1080.0,337.0,0.0,798.0,692.0,Fixation,142.0,78.0,680.0,229.0,"0,2756","0,2124",,
28207,39142343,1400478413630,Eye Tracker,Participant0058,17.09.2021,Participant0058,Recording4,17.09.2021,17.09.2021,14:48:45.713,12:48:45.713,64514,Timeline2,Tobii I-VT (Fixation),1.145.28180,1080,1920,"10,00",707005412.0,,,678.0,235.0,684.0,279.0,673.0,191.0,"-0,08981","-0,05489","-0,99445","-0,20319","-0,09248","-0,97476",,,Valid,Valid,"233,2","104,4","506,0","291,2","100,8","512,6","187,5","76,5","184,4","52,2","0,2739","0,2176","0,2784","0,2587","0,2694","0,1765",thumbnail_grossTrial,thumbnail_grossTrial.png,1245.0,1080.0,337.0,0.0,798.0,692.0,Fixation,142.0,78.0,680.0,229.0,"0,2756","0,2124",,
28208,39150693,1400478421980,Eye Tracker,Participant0058,17.09.2021,Participant0058,Recording4,17.09.2021,17.09.2021,14:48:45.713,12:48:45.713,64514,Timeline2,Tobii I-VT (Fixation),1.145.28180,1080,1920,"10,00",707013761.0,,,701.0,289.0,701.0,289.0,,,"-0,08101","-0,04952","-0,99548",,,,"4,68",,Valid,Invalid,"233,2","104,3","506,1",,,,"192,0","79,1",,,"0,2916","0,2678","0,2916","0,2678",,,thumbnail_grossTrial,thumbnail_grossTrial.png,1245.0,1080.0,337.0,0.0,798.0,692.0,Fixation,142.0,78.0,680.0,229.0,"0,2756","0,2124",,
28209,39159028,1400478430315,Eye Tracker,Participant0058,17.09.2021,Participant0058,Recording4,17.09.2021,17.09.2021,14:48:45.713,12:48:45.713,64514,Timeline2,Tobii I-VT (Fixation),1.145.28180,1080,1920,"10,00",707022096.0,,,686.0,236.0,700.0,289.0,672.0,182.0,"-0,08115","-0,04969","-0,99546","-0,20370","-0,09692","-0,97422",,,Valid,Valid,"233,2","104,4","506,1","291,3","100,8","512,6","192,0","79,1","184,1","49,8","0,2800","0,2182","0,2916","0,2678","0,2685","0,1686",thumbnail_grossTrial,thumbnail_grossTrial.png,1245.0,1080.0,337.0,0.0,798.0,692.0,Fixation,142.0,78.0,680.0,229.0,"0,2756","0,2124",,
28210,39167338,1400478438625,Eye Tracker,Participant0058,17.09.2021,Participant0058,Recording4,17.09.2021,17.09.2021,14:48:45.713,12:48:45.713,64514,Timeline2,Tobii I-VT (Fixation),1.145.28180,1080,1920,"10,00",707030406.0,,,677.0,217.0,679.0,249.0,675.0,185.0,"-0,09236","-0,07110","-0,99318","-0,20179","-0,09510","-0,97480",,,Valid,Valid,"233,2","104,3","506,1","291,2","100,8","512,6","186,1","68,1","185,1","50,8","0,2729","0,2010","0,2744","0,2303","0,2715","0,1717",thumbnail_grossTrial,thumbnail_grossTrial.png,1245.0,1080.0,337.0,0.0,798.0,692.0,Fixation,142.0,78.0,680.0,229.0,"0,2756","0,2124",,
28211,39175663,1400478446950,Eye Tracker,Participant0058,17.09.2021,Participant0058,Recording4,17.09.2021,17.09.2021,14:48:45.713,12:48:45.713,64514,Timeline2,Tobii I-VT (Fixation),1.145.28180,1080,1920,"10,00",707038730.0,,,677.0,221.0,670.0,246.0,684.0,195.0,"-0,09709","-0,07218","-0,99266","-0,19731","-0,08977","-0,97622","4,47","5,13",Valid,Valid,"233,2","104,2","506,3","291,2","100,6","512,7","183,6","67,4","187,6","53,5","0,2729","0,2046","0,2672","0,2282","0,2787","0,1810",thumbnail_grossTrial,thumbnail_grossTrial.png,1245.0,1080.0,337.0,0.0,798.0,692.0,Fixation,142.0,78.0,680.0,229.0,"0,2756","0,2124",,
28212,39184093,1400478455380,Eye Tracker,Participant0058,17.09.2021,Participant0058,Recording4,17.09.2021,17.09.2021,14:48:45.713,12:48:45.713,64514,Timeline2,Tobii I-VT (Fixation),1.145.28180,1080,1920,"10,00",707047160.0,,,677.0,222.0,667.0,241.0,686.0,203.0,"-0,09871","-0,07511","-0,99228","-0,19677","-0,08615","-0,97666",,,Valid,Valid,"233,2","104,3","506,3","291,3","100,8","512,7","182,8","66,0","188,0","55,6","0,2724","0,2056","0,2649","0,2233","0,2799","0,1880",thumbnail_grossTrial,thumbnail_grossTrial.png,1245.0,1080.0,337.0,0.0,798.0,692.0,Fixation,142.0,78.0,680.0,229.0,"0,2756","0,2124",,
28213,39192427,1400478463714,Eye Tracker,Participant0058,17.09.2021,Participant0058,Recording4,17.09.2021,17.09.2021,14:48:45.713,12:48:45.713,64514,Timeline2,Tobii I-VT (Fixation),1.145.28180,1080,1920,"10,00",707055494.0,,,688.0,242.0,689.0,284.0,687.0,200.0,"-0,08726","-0,05220","-0,99482","-0,19596","-0,08760","-0,97669",,,Valid,Valid,"233,2","104,2","506,3","291,2","100,7","512,7","188,7","77,7","188,4","54,8","0,2816","0,2240","0,2821","0,2627","0,2810","0,1853",thumbnail_grossTrial,thumbnail_grossTrial.png,1245.0,1080.0,337.0,0.0,798.0,692.0,Fixation,142.0,78.0,680.0,229.0,"0,2756","0,2124",,
28214,39200691,1400478471978,Eye Tracker,Participant0058,17.09.2021,Participant0058,Recording4,17.09.2021,17.09.2021,14:48:45.713,12:48:45.713,64514,Timeline2,Tobii I-VT (Fixation),1.145.28180,1080,1920,"10,00",707063757.0,,,682.0,234.0,680.0,274.0,685.0,193.0,"-0,09197","-0,05697","-0,99413","-0,19702","-0,09086","-0,97618","4,46","5,03",Valid,Valid,"233,1","104,1","506,4","291,2","100,7","512,8","186,2","75,0","187,7","52,9","0,2770","0,2165","0,2748","0,2539","0,2792","0,1791",thumbnail_grossTrial,thumbnail_grossTrial.png,1245.0,1080.0,337.0,0.0,798.0,692.0,Fixation,142.0,78.0,680.0,229.0,"0,2756","0,2124",,
28215,39209096,1400478480383,Eye Tracker,Participant0058,17.09.2021,Participant0058,Recording4,17.09.2021,17.09.2021,14:48:45.713,12:48:45.713,64514,Timeline2,Tobii I-VT (Fixation),1.145.28180,1080,1920,"10,00",707072162.0,,,680.0,234.0,676.0,272.0,685.0,197.0,"-0,09407","-0,05855","-0,99384","-0,19723","-0,08931","-0,97628",,,Valid,Valid,"233,2","104,3","506,4","291,3","100,7","512,8","185,3","74,4","187,7","53,8","0,2755","0,2170","0,2720","0,2518","0,2791","0,1821",thumbnail_grossTrial,thumbnail_grossTrial.png,1245.0,1080.0,337.0,0.0,798.0,692.0,Fixation,142.0,78.0,680.0,229.0,"0,2756","0,2124",,
28216,39217385,1400478488672,Eye Tracker,Participant0058,17.09.2021,Participant0058,Recording4,17.09.2021,17.09.2021,14:48:45.713,12:48:45.713,64514,Timeline2,Tobii I-VT (Fixation),1.145.28180,1080,1920,"10,00",707080451.0,,,673.0,244.0,674.0,263.0,673.0,225.0,"-0,09517","-0,06338","-0,99344","-0,20338","-0,07456","-0,97626",,,Valid,Valid,"233,1","104,2","506,5","291,3","100,7","512,9","184,6","71,9","184,4","61,5","0,2698","0,2256","0,2701","0,2431","0,2694","0,2081",thumbnail_grossTrial,thumbnail_grossTrial.png,1245.0,1080.0,337.0,0.0,798.0,692.0,Fixation,142.0,78.0,680.0,229.0,"0,2756","0,2124",,
28217,39225660,1400478496947,Eye Tracker,Participant0058,17.09.2021,Participant0058,Recording4,17.09.2021,17.09.2021,14:48:45.713,12:48:45.713,64514,Timeline2,Tobii I-VT (Fixation),1.145.28180,1080,1920,"10,00",707088726.0,,,678.0,249.0,673.0,262.0,684.0,235.0,"-0,09520","-0,06323","-0,99345","-0,19799","-0,06889","-0,97778","4,45","4,49",Valid,Valid,"233,1","104,0","506,5","291,2","100,5","512,9","184,5","71,8","187,3","64,4","0,2739","0,2304","0,2698","0,2429","0,2780","0,2179",thumbnail_grossTrial,thumbnail_grossTrial.png,1245.0,1080.0,337.0,0.0,798.0,692.0,Fixation,142.0,78.0,680.0,229.0,"0,2756","0,2124",,
28218,39233993,1400478505280,Eye Tracker,Participant0058,17.09.2021,Participant0058,Recording4,17.09.2021,17.09.2021,14:48:45.713,12:48:45.713,64514,Timeline2,Tobii I-VT (Fixation),1.145.28180,1080,1920,"10,00",707097058.0,,,677.0,245.0,670.0,259.0,683.0,230.0,"-0,09695","-0,06517","-0,99315","-0,19822","-0,07217","-0,97750",,,Valid,Valid,"233,2","104,2","506,5","291,3","100,7","512,9","183,8","71,0","187,3","62,8","0,2727","0,2264","0,2675","0,2403","0,2779","0,2126",thumbnail_grossTrial,thumbnail_grossTrial.png,1245.0,1080.0,337.0,0.0,798.0,692.0,Fixation,142.0,78.0,680.0,229.0,"0,2756","0,2124",,
28219,39242329,1400478513616,Eye Tracker,Participant0058,17.09.2021,Participant0058,Recording4,17.09.2021,17.09.2021,14:48:45.713,12:48:45.713,64514,Timeline2,Tobii I-VT (Fixation),1.145.28180,1080,1920,"10,00",707105394.0,,,691.0,260.0,703.0,328.0,679.0,192.0,"-0,07955","-0,02824","-0,99643","-0,19979","-0,09147","-0,97556",,,Valid,Valid,"233,1","104,2","506,5","291,2","100,6","513,0","192,7","89,8","186,2","52,5","0,2841","0,2408","0,2937","0,3039","0,2746","0,1778",thumbnail_grossTrial,thumbnail_grossTrial.png,1245.0,1080.0,337.0,0.0,798.0,692.0,Saccade,17.0,156.0,,,,,,
28220,39250656,1400478521943,Eye Tracker,Participant0058,17.09.2021,Participant0058,Recording4,17.09.2021,17.09.2021,14:48:45.713,12:48:45.713,64514,Timeline2,Tobii I-VT (Fixation),1.145.28180,1080,1920,"10,00",707113721.0,,,674.0,224.0,670.0,255.0,679.0,192.0,"-0,09722","-0,06723","-0,99299","-0,20002","-0,09121","-0,97554","4,78","5,21",Valid,Valid,"233,1","104,1","506,6","291,2","100,5","513,0","183,5","69,9","186,0","52,6","0,2705","0,2071","0,2669","0,2363","0,2741","0,1778",thumbnail_grossTrial,thumbnail_grossTrial.png,1245.0,1080.0,337.0,0.0,798.0,692.0,Saccade,17.0,156.0,,,,,,
28221,39258990,1400478530277,Eye Tracker,Participant0058,17.09.2021,Participant0058,Recording4,17.09.2021,17.09.2021,14:48:45.713,12:48:45.713,64514,Timeline2,Tobii I-VT (Fixation),1.145.28180,1080,1920,"10,00",707122054.0,,,677.0,230.0,677.0,265.0,677.0,196.0,"-0,09335","-0,06244","-0,99367","-0,20127","-0,08966","-0,97542",,,Valid,Valid,"233,2","104,3","506,5","291,3","100,7","513,0","185,6","72,4","185,4","53,5","0,2726","0,2131","0,2729","0,2450","0,2724","0,1811",thumbnail_grossTrial,thumbnail_grossTrial.png,1245.0,1080.0,337.0,0.0,798.0,692.0,Fixation,67.0,79.0,677.0,218.0,"0,2726","0,2014",,
28222,39267365,1400478538652,Eye Tracker,Participant0058,17.09.2021,Participant0058,Recording4,17.09.2021,17.09.2021,14:48:45.713,12:48:45.713,64514,Timeline2,Tobii I-VT (Fixation),1.145.28180,1080,1920,"10,00",707130429.0,,,675.0,226.0,676.0,242.0,674.0,211.0,"-0,09396","-0,07455","-0,99278","-0,20283","-0,08164","-0,97581",,,Valid,Valid,"233,1","104,2","506,5","291,2","100,6","513,0","185,2","66,2","184,6","57,7","0,2708","0,2096","0,2717","0,2238","0,2700","0,1953",thumbnail_grossTrial,thumbnail_grossTrial.png,1245.0,1080.0,337.0,0.0,798.0,692.0,Fixation,67.0,79.0,677.0,218.0,"0,2726","0,2014",,
28223,39275682,1400478546969,Eye Tracker,Participant0058,17.09.2021,Participant0058,Recording4,17.09.2021,17.09.2021,14:48:45.713,12:48:45.713,64514,Timeline2,Tobii I-VT (Fixation),1.145.28180,1080,1920,"10,00",707138746.0,,,677.0,216.0,679.0,216.0,676.0,216.0,"-0,09215","-0,08798","-0,99185","-0,20146","-0,07848","-0,97635","5,61","5,42",Valid,Valid,"233,1","104,1","506,5","291,1","100,4","513,0","186,0","59,2","185,3","59,2","0,2731","0,2003","0,2742","0,2003","0,2720","0,2003",thumbnail_grossTrial,thumbnail_grossTrial.png,1245.0,1080.0,337.0,0.0,798.0,692.0,Fixation,67.0,79.0,677.0,218.0,"0,2726","0,2014",,
28224,39283989,1400478555276,Eye Tracker,Participant0058,17.09.2021,Participant0058,Recording4,17.09.2021,17.09.2021,14:48:45.713,12:48:45.713,64514,Timeline2,Tobii I-VT (Fixation),1.145.28180,1080,1920,"10,00",707147052.0,,,679.0,218.0,681.0,215.0,677.0,220.0,"-0,09131","-0,08914","-0,99182","-0,20110","-0,07697","-0,97654",,,Valid,Valid,"233,2","104,3","506,5","291,3","100,7","513,0","186,5","58,8","185,6","60,3","0,2744","0,2014","0,2757","0,1989","0,2730","0,2039",thumbnail_grossTrial,thumbnail_grossTrial.png,1245.0,1080.0,337.0,0.0,798.0,692.0,Fixation,67.0,79.0,677.0,218.0,"0,2726","0,2014",,
28225,39292323,1400478563610,Eye Tracker,Participant0058,17.09.2021,Participant0058,Recording4,17.09.2021,17.09.2021,14:48:45.713,12:48:45.713,64514,Timeline2,Tobii I-VT (Fixation),1.145.28180,1080,1920,"10,00",707155386.0,,,682.0,212.0,683.0,221.0,680.0,202.0,"-0,08978","-0,08562","-0,99227","-0,19927","-0,08642","-0,97613",,,Valid,Valid,"233,1","104,2","506,4","291,2","100,7","513,0","187,3","60,5","186,5","55,2","0,2767","0,1959","0,2779","0,2049","0,2755","0,1869",thumbnail_grossTrial,thumbnail_grossTrial.png,1245.0,1080.0,337.0,0.0,798.0,692.0,Fixation,67.0,79.0,677.0,218.0,"0,2726","0,2014",,
28226,39300652,1400478571939,Eye Tracker,Participant0058,17.09.2021,Participant0058,Recording4,17.09.2021,17.09.2021,14:48:45.713,12:48:45.713,64514,Timeline2,Tobii I-VT (Fixation),1.145.28180,1080,1920,"10,00",707163715.0,,,670.0,216.0,660.0,230.0,680.0,202.0,"-0,10218","-0,08040","-0,99151","-0,19940","-0,08601","-0,97614","4,46","4,99",Valid,Valid,"233,1","104,1","506,4","291,1","100,5","512,9","180,9","63,1","186,4","55,3","0,2671","0,2002","0,2591","0,2134","0,2751","0,1871",thumbnail_grossTrial,thumbnail_grossTrial.png,1245.0,1080.0,337.0,0.0,798.0,692.0,Fixation,67.0,79.0,677.0,218.0,"0,2726","0,2014",,
28227,39309020,1400478580307,Eye Tracker,Participant0058,17.09.2021,Participant0058,Recording4,17.09.2021,17.09.2021,14:48:45.713,12:48:45.713,64514,Timeline2,Tobii I-VT (Fixation),1.145.28180,1080,1920,"10,00",707172083.0,,,672.0,210.0,655.0,234.0,688.0,186.0,"-0,10498","-0,07899","-0,99133","-0,19555","-0,09504","-0,97608",,,Valid,Valid,"233,2","104,3","506,4","291,3","100,8","512,9","179,6","64,0","188,5","50,8","0,2684","0,1942","0,2552","0,2165","0,2815","0,1719",thumbnail_grossTrial,thumbnail_grossTrial.png,1245.0,1080.0,337.0,0.0,798.0,692.0,Fixation,67.0,79.0,677.0,218.0,"0,2726","0,2014",,
28228,39317322,1400478588609,Eye Tracker,Participant0058,17.09.2021,Participant0058,Recording4,17.09.2021,17.09.2021,14:48:45.713,12:48:45.713,64514,Timeline2,Tobii I-VT (Fixation),1.145.28180,1080,1920,"10,00",707180384.0,,,684.0,218.0,680.0,252.0,688.0,184.0,"-0,09173","-0,06938","-0,99336","-0,19515","-0,09581","-0,97608",,,Valid,Valid,"233,1","104,3","506,3","291,2","100,7","512,8","186,4","68,9","188,7","50,4","0,2786","0,2018","0,2752","0,2332","0,2820","0,1705",thumbnail_grossTrial,thumbnail_grossTrial.png,1245.0,1080.0,337.0,0.0,798.0,692.0,Fixation,67.0,79.0,677.0,218.0,"0,2726","0,2014",,
28229,39325688,1400478596975,Eye Tracker,Participant0058,17.09.2021,Participant0058,Recording4,17.09.2021,17.09.2021,14:48:45.713,12:48:45.713,64514,Timeline2,Tobii I-VT (Fixation),1.145.28180,1080,1920,"10,00",707188750.0,,,688.0,184.0,,,688.0,184.0,,,,"-0,19511","-0,09550","-0,97612",,"4,50",Invalid,Valid,,,,"291,1","100,6","512,8",,,"188,6","50,4","0,2818","0,1705",,,"0,2818","0,1705",thumbnail_grossTrial,thumbnail_grossTrial.png,1245.0,1080.0,337.0,0.0,798.0,692.0,Saccade,17.0,157.0,,,,,,
28230,39333983,1400478605270,Eye Tracker,Participant0058,17.09.2021,Participant0058,Recording4,17.09.2021,17.09.2021,14:48:45.713,12:48:45.713,64514,Timeline2,Tobii I-VT (Fixation),1.145.28180,1080,1920,"10,00",707197045.0,,,687.0,244.0,681.0,252.0,693.0,236.0,"-0,09158","-0,06947","-0,99337","-0,19356","-0,06931","-0,97864",,,Valid,Valid,"233,2","104,4","506,3","291,3","100,8","512,7","186,5","69,0","189,9","64,5","0,2805","0,2258","0,2756","0,2333","0,2854","0,2183",thumbnail_grossTrial,thumbnail_grossTrial.png,1245.0,1080.0,337.0,0.0,798.0,692.0,Saccade,17.0,157.0,,,,,,
28231,39342380,1400478613667,Eye Tracker,Participant0058,17.09.2021,Participant0058,Recording4,17.09.2021,17.09.2021,14:48:45.713,12:48:45.713,64514,Timeline2,Tobii I-VT (Fixation),1.145.28180,1080,1920,"10,00",707205441.0,,,685.0,238.0,678.0,255.0,692.0,222.0,"-0,09296","-0,06787","-0,99335","-0,19405","-0,07626","-0,97802",,,Valid,Valid,"233,1","104,3","506,3","291,2","100,8","512,6","185,8","69,7","189,5","60,8","0,2789","0,2208","0,2734","0,2358","0,2844","0,2059",thumbnail_grossTrial,thumbnail_grossTrial.png,1245.0,1080.0,337.0,0.0,798.0,692.0,Unclassified,8.0,348.0,,,,,,
28232,39350694,1400478621981,Eye Tracker,Participant0058,17.09.2021,Participant0058,Recording4,17.09.2021,17.09.2021,14:48:45.713,12:48:45.713,64514,Timeline2,Tobii I-VT (Fixation),1.145.28180,1080,1920,"10,00",707213755.0,,,689.0,228.0,,,689.0,228.0,,,,"-0,19513","-0,07312","-0,97805",,"5,05",Invalid,Valid,,,,"291,1","100,7","512,5",,,"188,9","62,3","0,2825","0,2109",,,"0,2825","0,2109",thumbnail_grossTrial,thumbnail_grossTrial.png,1245.0,1080.0,337.0,0.0,798.0,692.0,Saccade,17.0,158.0,,,,,,
28233,39359026,1400478630313,Eye Tracker,Participant0058,17.09.2021,Participant0058,Recording4,17.09.2021,17.09.2021,14:48:45.713,12:48:45.713,64514,Timeline2,Tobii I-VT (Fixation),1.145.28180,1080,1920,"10,00",707222087.0,,,667.0,215.0,644.0,206.0,690.0,223.0,"-0,11061","-0,09350","-0,98946","-0,19485","-0,07619","-0,97787",,,Valid,Valid,"233,2","104,3","506,4","291,3","100,9","512,4","176,6","56,5","189,2","61,0","0,2649","0,1988","0,2466","0,1912","0,2833","0,2065",thumbnail_grossTrial,thumbnail_grossTrial.png,1245.0,1080.0,337.0,0.0,798.0,692.0,Saccade,17.0,158.0,,,,,,
28234,39367332,1400478638619,Eye Tracker,Participant0058,17.09.2021,Participant0058,Recording4,17.09.2021,17.09.2021,14:48:45.713,12:48:45.713,64514,Timeline2,Tobii I-VT (Fixation),1.145.28180,1080,1920,"10,00",707230392.0,,,671.0,219.0,643.0,210.0,699.0,227.0,"-0,11114","-0,09122","-0,98961","-0,19032","-0,07412","-0,97892",,,Valid,Valid,"233,1","104,3","506,4","291,2","100,9","512,3","176,3","57,6","191,6","62,2","0,2680","0,2026","0,2456","0,1948","0,2905","0,2103",thumbnail_grossTrial,thumbnail_grossTrial.png,1245.0,1080.0,337.0,0.0,798.0,692.0,Unclassified,17.0,349.0,,,,,,
28235,39375655,1400478646942,Eye Tracker,Participant0058,17.09.2021,Participant0058,Recording4,17.09.2021,17.09.2021,14:48:45.713,12:48:45.713,64514,Timeline2,Tobii I-VT (Fixation),1.145.28180,1080,1920,"10,00",707238715.0,,,672.0,218.0,661.0,232.0,684.0,203.0,"-0,10204","-0,07951","-0,99160","-0,19781","-0,08667","-0,97640","4,49","5,24",Valid,Valid,"233,1","104,2","506,4","291,2","100,9","512,3","181,0","63,6","187,4","55,5","0,2689","0,2014","0,2596","0,2152","0,2782","0,1876",thumbnail_grossTrial,thumbnail_grossTrial.png,1245.0,1080.0,337.0,0.0,798.0,692.0,Unclassified,17.0,349.0,,,,,,
28236,39384022,1400478655309,Eye Tracker,Participant0058,17.09.2021,Participant0058,Recording4,17.09.2021,17.09.2021,14:48:45.713,12:48:45.713,64514,Timeline2,Tobii I-VT (Fixation),1.145.28180,1080,1920,"10,00",707247082.0,,,676.0,225.0,670.0,242.0,682.0,208.0,"-0,09707","-0,07461","-0,99248","-0,19883","-0,08415","-0,97641",,,Valid,Valid,"233,2","104,3","506,4","291,2","101,1","512,1","183,7","66,2","186,9","56,9","0,2720","0,2084","0,2672","0,2241","0,2768","0,1926",thumbnail_grossTrial,thumbnail_grossTrial.png,1245.0,1080.0,337.0,0.0,798.0,692.0,Saccade,17.0,159.0,,,,,,
28237,39392346,1400478663633,Eye Tracker,Participant0058,17.09.2021,Participant0058,Recording4,17.09.2021,17.09.2021,14:48:45.713,12:48:45.713,64514,Timeline2,Tobii I-VT (Fixation),1.145.28180,1080,1920,"10,00",707255406.0,,,680.0,257.0,686.0,286.0,673.0,228.0,"-0,08873","-0,05110","-0,99474","-0,20322","-0,07363","-0,97636",,,Valid,Valid,"233,1","104,2","506,5","291,2","101,0","512,0","187,9","78,2","184,6","62,4","0,2749","0,2379","0,2798","0,2646","0,2699","0,2112",thumbnail_grossTrial,thumbnail_grossTrial.png,1245.0,1080.0,337.0,0.0,798.0,692.0,Saccade,17.0,159.0,,,,,,
28238,39400675,1400478671962,Eye Tracker,Participant0058,17.09.2021,Participant0058,Recording4,17.09.2021,17.09.2021,14:48:45.713,12:48:45.713,64514,Timeline2,Tobii I-VT (Fixation),1.145.28180,1080,1920,"10,00",707263734.0,,,685.0,252.0,691.0,283.0,680.0,221.0,"-0,08589","-0,05230","-0,99493","-0,19994","-0,07736","-0,97675","4,81","6,14",Valid,Valid,"233,1","104,2","506,6","291,1","100,9","511,9","189,4","77,5","186,3","60,4","0,2795","0,2333","0,2841","0,2623","0,2748","0,2042",thumbnail_grossTrial,thumbnail_grossTrial.png,1245.0,1080.0,337.0,0.0,798.0,692.0,Unclassified,8.0,350.0,,,,,,
28239,39409005,1400478680292,Eye Tracker,Participant0058,17.09.2021,Participant0058,Recording4,17.09.2021,17.09.2021,14:48:45.713,12:48:45.713,64514,Timeline2,Tobii I-VT (Fixation),1.145.28180,1080,1920,"10,00",707272064.0,,,684.0,250.0,691.0,283.0,677.0,216.0,"-0,08594","-0,05244","-0,99492","-0,20124","-0,08030","-0,97624",,,Valid,Valid,"233,2","104,2","506,6","291,2","101,2","511,9","189,4","77,5","185,7","59,1","0,2786","0,2311","0,2841","0,2623","0,2731","0,1998",thumbnail_grossTrial,thumbnail_grossTrial.png,1245.0,1080.0,337.0,0.0,798.0,692.0,Saccade,17.0,160.0,,,,,,
28240,39417350,1400478688637,Eye Tracker,Participant0058,17.09.2021,Participant0058,Recording4,17.09.2021,17.09.2021,14:48:45.713,12:48:45.713,64514,Timeline2,Tobii I-VT (Fixation),1.145.28180,1080,1920,"10,00",707280409.0,,,667.0,223.0,660.0,228.0,675.0,218.0,"-0,10196","-0,08166","-0,99143","-0,20263","-0,07884","-0,97608",,,Valid,Valid,"233,1","104,1","506,6","291,1","101,1","511,8","181,0","62,4","184,9","59,8","0,2651","0,2068","0,2595","0,2112","0,2708","0,2023",thumbnail_grossTrial,thumbnail_grossTrial.png,1245.0,1080.0,337.0,0.0,798.0,692.0,Saccade,17.0,160.0,,,,,,
28241,39425677,1400478696964,Eye Tracker,Participant0058,17.09.2021,Participant0058,Recording4,17.09.2021,17.09.2021,14:48:45.713,12:48:45.713,64514,Timeline2,Tobii I-VT (Fixation),1.145.28180,1080,1920,"10,00",707288735.0,,,674.0,238.0,664.0,241.0,684.0,236.0,"-0,10013","-0,07463","-0,99217","-0,19781","-0,06974","-0,97776","4,49","5,07",Valid,Valid,"233,0","104,0","506,6","291,0","101,0","511,7","181,9","65,9","187,5","64,5","0,2703","0,2205","0,2621","0,2229","0,2785","0,2181",thumbnail_grossTrial,thumbnail_grossTrial.png,1245.0,1080.0,337.0,0.0,798.0,692.0,Fixation,417.0,80.0,684.0,230.0,"0,2782","0,2129",,
28242,39433975,1400478705262,Eye Tracker,Participant0058,17.09.2021,Participant0058,Recording4,17.09.2021,17.09.2021,14:48:45.713,12:48:45.713,64514,Timeline2,Tobii I-VT (Fixation),1.145.28180,1080,1920,"10,00",707297033.0,,,676.0,235.0,674.0,251.0,679.0,219.0,"-0,09511","-0,06967","-0,99303","-0,20042","-0,07886","-0,97653",,,Valid,Valid,"233,2","104,2","506,6","291,2","101,2","511,7","184,6","68,6","186,1","59,9","0,2723","0,2174","0,2701","0,2322","0,2745","0,2027",thumbnail_grossTrial,thumbnail_grossTrial.png,1245.0,1080.0,337.0,0.0,798.0,692.0,Fixation,417.0,80.0,684.0,230.0,"0,2782","0,2129",,
28243,39442372,1400478713659,Eye Tracker,Participant0058,17.09.2021,Participant0058,Recording4,17.09.2021,17.09.2021,14:48:45.713,12:48:45.713,64514,Timeline2,Tobii I-VT (Fixation),1.145.28180,1080,1920,"10,00",707305430.0,,,673.0,213.0,656.0,223.0,691.0,203.0,"-0,10436","-0,08400","-0,99099","-0,19433","-0,08738","-0,97704",,,Valid,Valid,"233,1","104,1","506,6","291,1","101,2","511,6","179,7","61,2","189,4","55,4","0,2698","0,1972","0,2558","0,2069","0,2839","0,1875",thumbnail_grossTrial,thumbnail_grossTrial.png,1245.0,1080.0,337.0,0.0,798.0,692.0,Fixation,417.0,80.0,684.0,230.0,"0,2782","0,2129",,
28244,39450640,1400478721927,Eye Tracker,Participant0058,17.09.2021,Participant0058,Recording4,17.09.2021,17.09.2021,14:48:45.713,12:48:45.713,64514,Timeline2,Tobii I-VT (Fixation),1.145.28180,1080,1920,"10,00",707313697.0,,,679.0,220.0,671.0,242.0,687.0,198.0,"-0,09659","-0,07388","-0,99258","-0,19610","-0,08948","-0,97649","4,51","5,23",Valid,Valid,"233,1","104,0","506,7","291,1","101,1","511,6","183,8","66,3","188,3","54,2","0,2742","0,2039","0,2676","0,2244","0,2809","0,1833",thumbnail_grossTrial,thumbnail_grossTrial.png,1245.0,1080.0,337.0,0.0,798.0,692.0,Fixation,417.0,80.0,684.0,230.0,"0,2782","0,2129",,
28245,39458975,1400478730262,Eye Tracker,Participant0058,17.09.2021,Participant0058,Recording4,17.09.2021,17.09.2021,14:48:45.713,12:48:45.713,64514,Timeline2,Tobii I-VT (Fixation),1.145.28180,1080,1920,"10,00",707322032.0,,,685.0,224.0,676.0,249.0,694.0,199.0,"-0,09390","-0,07037","-0,99309","-0,19300","-0,08932","-0,97713",,,Valid,Valid,"233,1","104,2","506,6","291,1","101,3","511,5","185,2","68,3","190,1","54,5","0,2790","0,2077","0,2719","0,2309","0,2861","0,1844",thumbnail_grossTrial,thumbnail_grossTrial.png,1245.0,1080.0,337.0,0.0,798.0,692.0,Fixation,417.0,80.0,684.0,230.0,"0,2782","0,2129",,
28246,39467397,1400478738684,Eye Tracker,Participant0058,17.09.2021,Participant0058,Recording4,17.09.2021,17.09.2021,14:48:45.713,12:48:45.713,64514,Timeline2,Tobii I-VT (Fixation),1.145.28180,1080,1920,"10,00",707330454.0,,,686.0,222.0,679.0,247.0,692.0,198.0,"-0,09207","-0,07177","-0,99316","-0,19364","-0,08990","-0,97694",,,Valid,Valid,"233,1","104,1","506,6","291,1","101,2","511,5","186,1","67,5","189,7","54,1","0,2797","0,2057","0,2744","0,2283","0,2850","0,1832",thumbnail_grossTrial,thumbnail_grossTrial.png,1245.0,1080.0,337.0,0.0,798.0,692.0,Fixation,417.0,80.0,684.0,230.0,"0,2782","0,2129",,
28247,39475651,1400478746938,Eye Tracker,Participant0058,17.09.2021,Participant0058,Recording4,17.09.2021,17.09.2021,14:48:45.713,12:48:45.713,64514,Timeline2,Tobii I-VT (Fixation),1.145.28180,1080,1920,"10,00",707338707.0,,,686.0,222.0,679.0,248.0,693.0,197.0,"-0,09210","-0,07090","-0,99322","-0,19330","-0,09034","-0,97697","4,51","5,22",Valid,Valid,"233,1","104,0","506,6","291,0","101,1","511,6","186,1","67,9","189,8","53,8","0,2798","0,2058","0,2743","0,2296","0,2853","0,1820",thumbnail_grossTrial,thumbnail_grossTrial.png,1245.0,1080.0,337.0,0.0,798.0,692.0,Fixation,417.0,80.0,684.0,230.0,"0,2782","0,2129",,
28248,39483986,1400478755273,Eye Tracker,Participant0058,17.09.2021,Participant0058,Recording4,17.09.2021,17.09.2021,14:48:45.713,12:48:45.713,64514,Timeline2,Tobii I-VT (Fixation),1.145.28180,1080,1920,"10,00",707347042.0,,,681.0,215.0,672.0,232.0,689.0,197.0,"-0,09588","-0,07985","-0,99218","-0,19519","-0,09011","-0,97662",,,Valid,Valid,"233,1","104,2","506,6","291,1","101,2","511,6","184,2","63,4","188,9","54,0","0,2757","0,1987","0,2688","0,2145","0,2825","0,1828",thumbnail_grossTrial,thumbnail_grossTrial.png,1245.0,1080.0,337.0,0.0,798.0,692.0,Fixation,417.0,80.0,684.0,230.0,"0,2782","0,2129",,
28249,39492340,1400478763627,Eye Tracker,Participant0058,17.09.2021,Participant0058,Recording4,17.09.2021,17.09.2021,14:48:45.713,12:48:45.713,64514,Timeline2,Tobii I-VT (Fixation),1.145.28180,1080,1920,"10,00",707355396.0,,,684.0,214.0,675.0,228.0,694.0,201.0,"-0,09440","-0,08181","-0,99217","-0,19265","-0,08830","-0,97729",,,Valid,Valid,"233,1","104,1","506,6","291,1","101,2","511,6","184,9","62,3","190,2","55,0","0,2787","0,1985","0,2708","0,2109","0,2865","0,1860",thumbnail_grossTrial,thumbnail_grossTrial.png,1245.0,1080.0,337.0,0.0,798.0,692.0,Fixation,417.0,80.0,684.0,230.0,"0,2782","0,2129",,
28250,39500648,1400478771935,Eye Tracker,Participant0058,17.09.2021,Participant0058,Recording4,17.09.2021,17.09.2021,14:48:45.713,12:48:45.713,64514,Timeline2,Tobii I-VT (Fixation),1.145.28180,1080,1920,"10,00",707363704.0,,,684.0,215.0,674.0,228.0,694.0,203.0,"-0,09441","-0,08144","-0,99220","-0,19274","-0,08710","-0,97738","4,52","5,25",Valid,Valid,"233,1","104,1","506,6","291,0","101,0","511,7","184,8","62,5","190,1","55,5","0,2785","0,1995","0,2707","0,2114","0,2862","0,1876",thumbnail_grossTrial,thumbnail_grossTrial.png,1245.0,1080.0,337.0,0.0,798.0,692.0,Fixation,417.0,80.0,684.0,230.0,"0,2782","0,2129",,
28251,39509018,1400478780305,Eye Tracker,Participant0058,17.09.2021,Participant0058,Recording4,17.09.2021,17.09.2021,14:48:45.713,12:48:45.713,64514,Timeline2,Tobii I-VT (Fixation),1.145.28180,1080,1920,"10,00",707372073.0,,,685.0,216.0,682.0,247.0,688.0,186.0,"-0,09056","-0,07192","-0,99329","-0,19538","-0,09597","-0,97602",,,Valid,Valid,"233,1","104,2","506,6","291,1","101,2","511,7","186,9","67,5","188,7","50,9","0,2794","0,2003","0,2769","0,2285","0,2820","0,1721",thumbnail_grossTrial,thumbnail_grossTrial.png,1245.0,1080.0,337.0,0.0,798.0,692.0,Fixation,417.0,80.0,684.0,230.0,"0,2782","0,2129",,
28252,39517302,1400478788589,Eye Tracker,Participant0058,17.09.2021,Participant0058,Recording4,17.09.2021,17.09.2021,14:48:45.713,12:48:45.713,64514,Timeline2,Tobii I-VT (Fixation),1.145.28180,1080,1920,"10,00",707380357.0,,,680.0,231.0,683.0,254.0,677.0,209.0,"-0,09010","-0,06797","-0,99361","-0,20129","-0,08375","-0,97594",,,Valid,Valid,"233,1","104,1","506,6","291,1","101,1","511,8","187,1","69,5","185,5","57,2","0,2751","0,2143","0,2774","0,2351","0,2727","0,1935",thumbnail_grossTrial,thumbnail_grossTrial.png,1245.0,1080.0,337.0,0.0,798.0,692.0,Fixation,417.0,80.0,684.0,230.0,"0,2782","0,2129",,
28253,39525673,1400478796960,Eye Tracker,Participant0058,17.09.2021,Participant0058,Recording4,17.09.2021,17.09.2021,14:48:45.713,12:48:45.713,64514,Timeline2,Tobii I-VT (Fixation),1.145.28180,1080,1920,"10,00",707388728.0,,,681.0,235.0,687.0,263.0,675.0,207.0,"-0,08790","-0,06284","-0,99415","-0,20227","-0,08456","-0,97567","4,50","5,29",Valid,Valid,"233,0","104,0","506,6","291,1","101,0","512,0","188,2","72,0","185,0","56,7","0,2758","0,2177","0,2806","0,2436","0,2711","0,1917",thumbnail_grossTrial,thumbnail_grossTrial.png,1245.0,1080.0,337.0,0.0,798.0,692.0,Fixation,417.0,80.0,684.0,230.0,"0,2782","0,2129",,
28254,39534004,1400478805291,Eye Tracker,Participant0058,17.09.2021,Participant0058,Recording4,17.09.2021,17.09.2021,14:48:45.713,12:48:45.713,64514,Timeline2,Tobii I-VT (Fixation),1.145.28180,1080,1920,"10,00",707397058.0,,,682.0,244.0,683.0,266.0,681.0,222.0,"-0,09002","-0,06163","-0,99403","-0,19942","-0,07708","-0,97688",,,Valid,Valid,"233,1","104,2","506,6","291,2","101,1","512,0","187,2","72,8","186,6","60,7","0,2769","0,2258","0,2778","0,2464","0,2760","0,2053",thumbnail_grossTrial,thumbnail_grossTrial.png,1245.0,1080.0,337.0,0.0,798.0,692.0,Fixation,417.0,80.0,684.0,230.0,"0,2782","0,2129",,
28255,39542302,1400478813589,Eye Tracker,Participant0058,17.09.2021,Participant0058,Recording4,17.09.2021,17.09.2021,14:48:45.713,12:48:45.713,64514,Timeline2,Tobii I-VT (Fixation),1.145.28180,1080,1920,"10,00",707405356.0,,,680.0,232.0,673.0,259.0,687.0,205.0,"-0,09510","-0,06521","-0,99333","-0,19594","-0,08578","-0,97686",,,Valid,Valid,"233,1","104,2","506,6","291,1","101,0","512,2","184,6","70,9","188,4","56,0","0,2755","0,2147","0,2699","0,2399","0,2811","0,1895",thumbnail_grossTrial,thumbnail_grossTrial.png,1245.0,1080.0,337.0,0.0,798.0,692.0,Fixation,417.0,80.0,684.0,230.0,"0,2782","0,2129",,
28256,39550635,1400478821922,Eye Tracker,Participant0058,17.09.2021,Participant0058,Recording4,17.09.2021,17.09.2021,14:48:45.713,12:48:45.713,64514,Timeline2,Tobii I-VT (Fixation),1.145.28180,1080,1920,"10,00",707413689.0,,,679.0,229.0,670.0,251.0,687.0,208.0,"-0,09689","-0,06933","-0,99288","-0,19602","-0,08394","-0,97700","4,52","5,32",Valid,Valid,"233,1","104,1","506,6","291,1","100,9","512,4","183,6","68,7","188,3","56,8","0,2740","0,2124","0,2671","0,2325","0,2810","0,1923",thumbnail_grossTrial,thumbnail_grossTrial.png,1245.0,1080.0,337.0,0.0,798.0,692.0,Fixation,417.0,80.0,684.0,230.0,"0,2782","0,2129",,
28257,39558967,1400478830254,Eye Tracker,Participant0058,17.09.2021,Participant0058,Recording4,17.09.2021,17.09.2021,14:48:45.713,12:48:45.713,64514,Timeline2,Tobii I-VT (Fixation),1.145.28180,1080,1920,"10,00",707422020.0,,,677.0,225.0,673.0,248.0,680.0,203.0,"-0,09562","-0,07115","-0,99287","-0,19943","-0,08662","-0,97608",,,Valid,Valid,"233,1","104,2","506,6","291,2","100,9","512,5","184,3","67,9","186,5","55,4","0,2724","0,2087","0,2692","0,2298","0,2756","0,1875",thumbnail_grossTrial,thumbnail_grossTrial.png,1245.0,1080.0,337.0,0.0,798.0,692.0,Fixation,417.0,80.0,684.0,230.0,"0,2782","0,2129",,
28258,39567334,1400478838621,Eye Tracker,Participant0058,17.09.2021,Participant0058,Recording4,17.09.2021,17.09.2021,14:48:45.713,12:48:45.713,64514,Timeline2,Tobii I-VT (Fixation),1.145.28180,1080,1920,"10,00",707430387.0,,,684.0,220.0,681.0,248.0,687.0,193.0,"-0,09088","-0,07118","-0,99331","-0,19620","-0,09141","-0,97629",,,Valid,Valid,"233,1","104,2","506,6","291,2","100,8","512,6","186,7","67,9","188,2","52,8","0,2783","0,2041","0,2762","0,2296","0,2804","0,1787",thumbnail_grossTrial,thumbnail_grossTrial.png,1245.0,1080.0,337.0,0.0,798.0,692.0,Fixation,417.0,80.0,684.0,230.0,"0,2782","0,2129",,
28259,39575660,1400478846947,Eye Tracker,Participant0058,17.09.2021,Participant0058,Recording4,17.09.2021,17.09.2021,14:48:45.713,12:48:45.713,64514,Timeline2,Tobii I-VT (Fixation),1.145.28180,1080,1920,"10,00",707438713.0,,,687.0,225.0,681.0,249.0,694.0,200.0,"-0,09111","-0,07041","-0,99335","-0,19225","-0,08720","-0,97746","4,54","4,54",Valid,Valid,"233,1","104,1","506,7","291,1","100,6","512,7","186,6","68,2","190,3","54,8","0,2812","0,2081","0,2758","0,2306","0,2866","0,1855",thumbnail_grossTrial,thumbnail_grossTrial.png,1245.0,1080.0,337.0,0.0,798.0,692.0,Fixation,417.0,80.0,684.0,230.0,"0,2782","0,2129",,
28260,39584055,1400478855342,Eye Tracker,Participant0058,17.09.2021,Participant0058,Recording4,17.09.2021,17.09.2021,14:48:45.713,12:48:45.713,64514,Timeline2,Tobii I-VT (Fixation),1.145.28180,1080,1920,"10,00",707447108.0,,,688.0,222.0,673.0,240.0,703.0,205.0,"-0,09539","-0,07539","-0,99258","-0,18795","-0,08545","-0,97845",,,Valid,Valid,"233,1","104,2","506,7","291,2","100,8","512,8","184,4","65,7","192,7","56,0","0,2817","0,2058","0,2695","0,2223","0,2938","0,1894",thumbnail_grossTrial,thumbnail_grossTrial.png,1245.0,1080.0,337.0,0.0,798.0,692.0,Fixation,417.0,80.0,684.0,230.0,"0,2782","0,2129",,
28261,39592296,1400478863583,Eye Tracker,Participant0058,17.09.2021,Participant0058,Recording4,17.09.2021,17.09.2021,14:48:45.713,12:48:45.713,64514,Timeline2,Tobii I-VT (Fixation),1.145.28180,1080,1920,"10,00",707455348.0,,,680.0,230.0,670.0,247.0,690.0,213.0,"-0,09712","-0,07156","-0,99270","-0,19478","-0,08087","-0,97751",,,Valid,Valid,"233,1","104,1","506,7","291,2","100,7","513,0","183,5","67,6","189,0","58,2","0,2748","0,2128","0,2668","0,2286","0,2829","0,1970",thumbnail_grossTrial,thumbnail_grossTrial.png,1245.0,1080.0,337.0,0.0,798.0,692.0,Fixation,417.0,80.0,684.0,230.0,"0,2782","0,2129",,
28262,39600676,1400478871963,Eye Tracker,Participant0058,17.09.2021,Participant0058,Recording4,17.09.2021,17.09.2021,14:48:45.713,12:48:45.713,64514,Timeline2,Tobii I-VT (Fixation),1.145.28180,1080,1920,"10,00",707463728.0,,,684.0,237.0,673.0,256.0,695.0,219.0,"-0,09523","-0,06637","-0,99324","-0,19212","-0,07743","-0,97831","4,50","5,32",Valid,Valid,"233,0","103,9","506,8","291,2","100,5","513,1","184,4","70,1","190,4","59,9","0,2783","0,2199","0,2695","0,2371","0,2871","0,2026",thumbnail_grossTrial,thumbnail_grossTrial.png,1245.0,1080.0,337.0,0.0,798.0,692.0,Fixation,417.0,80.0,684.0,230.0,"0,2782","0,2129",,
28263,39608972,1400478880259,Eye Tracker,Participant0058,17.09.2021,Participant0058,Recording4,17.09.2021,17.09.2021,14:48:45.713,12:48:45.713,64514,Timeline2,Tobii I-VT (Fixation),1.145.28180,1080,1920,"10,00",707472024.0,,,678.0,224.0,665.0,229.0,691.0,218.0,"-0,09946","-0,08091","-0,99175","-0,19410","-0,07812","-0,97787",,,Valid,Valid,"233,1","104,1","506,8","291,3","100,6","513,1","182,3","62,8","189,4","59,6","0,2737","0,2070","0,2633","0,2124","0,2842","0,2017",thumbnail_grossTrial,thumbnail_grossTrial.png,1245.0,1080.0,337.0,0.0,798.0,692.0,Fixation,417.0,80.0,684.0,230.0,"0,2782","0,2129",,
28264,39617347,1400478888634,Eye Tracker,Participant0058,17.09.2021,Participant0058,Recording4,17.09.2021,17.09.2021,14:48:45.713,12:48:45.713,64514,Timeline2,Tobii I-VT (Fixation),1.145.28180,1080,1920,"10,00",707480398.0,,,688.0,229.0,682.0,256.0,695.0,202.0,"-0,09058","-0,06676","-0,99365","-0,19211","-0,08622","-0,97758",,,Valid,Valid,"233,1","104,0","506,9","291,2","100,5","513,2","186,9","70,0","190,4","55,3","0,2818","0,2118","0,2766","0,2367","0,2870","0,1870",thumbnail_grossTrial,thumbnail_grossTrial.png,1245.0,1080.0,337.0,0.0,798.0,692.0,Fixation,417.0,80.0,684.0,230.0,"0,2782","0,2129",,
28265,39625637,1400478896924,Eye Tracker,Participant0058,17.09.2021,Participant0058,Recording4,17.09.2021,17.09.2021,14:48:45.713,12:48:45.713,64514,Timeline2,Tobii I-VT (Fixation),1.145.28180,1080,1920,"10,00",707488688.0,,,692.0,249.0,692.0,249.0,,,"-0,08481","-0,06991","-0,99394",,,,"4,79",,Valid,Invalid,"233,0","103,9","506,9",,,,"189,8","68,2",,,"0,2851","0,2308","0,2851","0,2308",,,thumbnail_grossTrial,thumbnail_grossTrial.png,1245.0,1080.0,337.0,0.0,798.0,692.0,Fixation,417.0,80.0,684.0,230.0,"0,2782","0,2129",,
28266,39634009,1400478905296,Eye Tracker,Participant0058,17.09.2021,Participant0058,Recording4,17.09.2021,17.09.2021,14:48:45.713,12:48:45.713,64514,Timeline2,Tobii I-VT (Fixation),1.145.28180,1080,1920,"10,00",707497060.0,,,690.0,235.0,694.0,253.0,687.0,217.0,"-0,08418","-0,06830","-0,99411","-0,19630","-0,07850","-0,97740",,,Valid,Valid,"233,1","104,0","507,0","291,3","100,5","513,3","190,2","69,2","188,2","59,3","0,2835","0,2173","0,2864","0,2341","0,2806","0,2006",thumbnail_grossTrial,thumbnail_grossTrial.png,1245.0,1080.0,337.0,0.0,798.0,692.0,Fixation,417.0,80.0,684.0,230.0,"0,2782","0,2129",,
28267,39642340,1400478913627,Eye Tracker,Participant0058,17.09.2021,Participant0058,Recording4,17.09.2021,17.09.2021,14:48:45.713,12:48:45.713,64514,Timeline2,Tobii I-VT (Fixation),1.145.28180,1080,1920,"10,00",707505390.0,,,690.0,233.0,694.0,254.0,687.0,211.0,"-0,08431","-0,06750","-0,99415","-0,19608","-0,08120","-0,97722",,,Valid,Valid,"233,1","103,9","507,0","291,3","100,4","513,4","190,1","69,5","188,3","57,8","0,2834","0,2154","0,2860","0,2352","0,2807","0,1955",thumbnail_grossTrial,thumbnail_grossTrial.png,1245.0,1080.0,337.0,0.0,798.0,692.0,Fixation,417.0,80.0,684.0,230.0,"0,2782","0,2129",,
28268,39650626,1400478921913,Eye Tracker,Participant0058,17.09.2021,Participant0058,Recording4,17.09.2021,17.09.2021,14:48:45.713,12:48:45.713,64514,Timeline2,Tobii I-VT (Fixation),1.145.28180,1080,1920,"10,00",707513676.0,,,688.0,241.0,688.0,241.0,,,"-0,08735","-0,07433","-0,99340",,,,"4,81",,Valid,Invalid,"233,1","103,9","507,1",,,,"188,5","65,9",,,"0,2813","0,2230","0,2813","0,2230",,,thumbnail_grossTrial,thumbnail_grossTrial.png,1245.0,1080.0,337.0,0.0,798.0,692.0,Fixation,417.0,80.0,684.0,230.0,"0,2782","0,2129",,
28269,39658989,1400478930276,Eye Tracker,Participant0058,17.09.2021,Participant0058,Recording4,17.09.2021,17.09.2021,14:48:45.713,12:48:45.713,64514,Timeline2,Tobii I-VT (Fixation),1.145.28180,1080,1920,"10,00",707522039.0,,,686.0,218.0,684.0,245.0,689.0,192.0,"-0,08944","-0,07215","-0,99338","-0,19501","-0,09133","-0,97654",,,Valid,Valid,"233,1","104,0","507,1","291,3","100,5","513,4","187,5","67,2","188,8","52,4","0,2804","0,2023","0,2784","0,2272","0,2823","0,1774",thumbnail_grossTrial,thumbnail_grossTrial.png,1245.0,1080.0,337.0,0.0,798.0,692.0,Fixation,417.0,80.0,684.0,230.0,"0,2782","0,2129",,
28270,39667329,1400478938616,Eye Tracker,Participant0058,17.09.2021,Participant0058,Recording4,17.09.2021,17.09.2021,14:48:45.713,12:48:45.713,64514,Timeline2,Tobii I-VT (Fixation),1.145.28180,1080,1920,"10,00",707530379.0,,,687.0,225.0,682.0,255.0,691.0,194.0,"-0,09019","-0,06698","-0,99367","-0,19383","-0,08975","-0,97692",,,Valid,Valid,"233,1","103,9","507,1","291,3","100,4","513,5","187,0","69,7","189,4","53,2","0,2806","0,2080","0,2771","0,2359","0,2840","0,1801",thumbnail_grossTrial,thumbnail_grossTrial.png,1245.0,1080.0,337.0,0.0,798.0,692.0,Fixation,417.0,80.0,684.0,230.0,"0,2782","0,2129",,
28271,39675634,1400478946921,Eye Tracker,Participant0058,17.09.2021,Participant0058,Recording4,17.09.2021,17.09.2021,14:48:45.713,12:48:45.713,64514,Timeline2,Tobii I-VT (Fixation),1.145.28180,1080,1920,"10,00",707538683.0,,,689.0,238.0,682.0,257.0,696.0,218.0,"-0,09031","-0,06567","-0,99375","-0,19118","-0,07714","-0,97852","4,71","4,56",Valid,Valid,"233,0","103,9","507,1","291,2","100,3","513,5","187,0","70,3","190,9","59,8","0,2827","0,2201","0,2769","0,2380","0,2884","0,2022",thumbnail_grossTrial,thumbnail_grossTrial.png,1245.0,1080.0,337.0,0.0,798.0,692.0,Fixation,417.0,80.0,684.0,230.0,"0,2782","0,2129",,
28272,39683999,1400478955286,Eye Tracker,Participant0058,17.09.2021,Participant0058,Recording4,17.09.2021,17.09.2021,14:48:45.713,12:48:45.713,64514,Timeline2,Tobii I-VT (Fixation),1.145.28180,1080,1920,"10,00",707547048.0,,,694.0,228.0,685.0,251.0,703.0,204.0,"-0,08868","-0,06912","-0,99366","-0,18800","-0,08483","-0,97850",,,Valid,Valid,"233,1","104,0","507,1","291,3","100,4","513,5","187,9","68,7","192,7","55,9","0,2866","0,2108","0,2796","0,2325","0,2936","0,1891",thumbnail_grossTrial,thumbnail_grossTrial.png,1245.0,1080.0,337.0,0.0,798.0,692.0,Fixation,417.0,80.0,684.0,230.0,"0,2782","0,2129",,
28273,39692291,1400478963578,Eye Tracker,Participant0058,17.09.2021,Participant0058,Recording4,17.09.2021,17.09.2021,14:48:45.713,12:48:45.713,64514,Timeline2,Tobii I-VT (Fixation),1.145.28180,1080,1920,"10,00",707555340.0,,,693.0,226.0,684.0,250.0,702.0,202.0,"-0,08948","-0,06966","-0,99355","-0,18852","-0,08564","-0,97833",,,Valid,Valid,"233,1","103,9","507,0","291,3","100,4","513,6","187,4","68,4","192,3","55,4","0,2854","0,2094","0,2782","0,2314","0,2926","0,1875",thumbnail_grossTrial,thumbnail_grossTrial.png,1245.0,1080.0,337.0,0.0,798.0,692.0,Fixation,417.0,80.0,684.0,230.0,"0,2782","0,2129",,
28274,39700714,1400478972001,Eye Tracker,Participant0058,17.09.2021,Participant0058,Recording4,17.09.2021,17.09.2021,14:48:45.713,12:48:45.713,64514,Timeline2,Tobii I-VT (Fixation),1.145.28180,1080,1920,"10,00",707563762.0,,,680.0,217.0,671.0,230.0,690.0,204.0,"-0,09635","-0,08022","-0,99211","-0,19410","-0,08433","-0,97735","4,49","5,31",Valid,Valid,"233,0","103,8","507,0","291,2","100,2","513,6","183,8","62,8","189,2","55,9","0,2756","0,2009","0,2676","0,2126","0,2836","0,1892",thumbnail_grossTrial,thumbnail_grossTrial.png,1245.0,1080.0,337.0,0.0,798.0,692.0,Fixation,417.0,80.0,684.0,230.0,"0,2782","0,2129",,
28275,39709052,1400478980339,Eye Tracker,Participant0058,17.09.2021,Participant0058,Recording4,17.09.2021,17.09.2021,14:48:45.713,12:48:45.713,64514,Timeline2,Tobii I-VT (Fixation),1.145.28180,1080,1920,"10,00",707572100.0,,,677.0,228.0,670.0,254.0,685.0,202.0,"-0,09703","-0,06777","-0,99297","-0,19721","-0,08569","-0,97661",,,Valid,Valid,"233,1","104,0","507,0","291,3","100,4","513,6","183,6","69,4","187,6","55,4","0,2729","0,2111","0,2670","0,2349","0,2789","0,1873",thumbnail_grossTrial,thumbnail_grossTrial.png,1245.0,1080.0,337.0,0.0,798.0,692.0,Fixation,417.0,80.0,684.0,230.0,"0,2782","0,2129",,
28276,39717318,1400478988605,Eye Tracker,Participant0058,17.09.2021,Participant0058,Recording4,17.09.2021,17.09.2021,14:48:45.713,12:48:45.713,64514,Timeline2,Tobii I-VT (Fixation),1.145.28180,1080,1920,"10,00",707580366.0,,,677.0,228.0,670.0,256.0,685.0,201.0,"-0,09691","-0,06657","-0,99306","-0,19705","-0,08650","-0,97657",,,Valid,Valid,"233,1","104,0","506,9","291,3","100,4","513,6","183,6","70,0","187,6","54,9","0,2730","0,2113","0,2671","0,2368","0,2789","0,1857",thumbnail_grossTrial,thumbnail_grossTrial.png,1245.0,1080.0,337.0,0.0,798.0,692.0,Fixation,417.0,80.0,684.0,230.0,"0,2782","0,2129",,
28277,39725649,1400478996936,Eye Tracker,Participant0058,17.09.2021,Participant0058,Recording4,17.09.2021,17.09.2021,14:48:45.713,12:48:45.713,64514,Timeline2,Tobii I-VT (Fixation),1.145.28180,1080,1920,"10,00",707588696.0,,,685.0,224.0,675.0,247.0,696.0,200.0,"-0,09427","-0,07111","-0,99300","-0,19138","-0,08668","-0,97768","4,72","4,56",Valid,Valid,"233,0","103,9","506,9","291,2","100,3","513,5","184,9","67,6","190,7","54,7","0,2794","0,2070","0,2709","0,2288","0,2879","0,1852",thumbnail_grossTrial,thumbnail_grossTrial.png,1245.0,1080.0,337.0,0.0,798.0,692.0,Fixation,417.0,80.0,684.0,230.0,"0,2782","0,2129",,
28278,39733981,1400479005268,Eye Tracker,Participant0058,17.09.2021,Participant0058,Recording4,17.09.2021,17.09.2021,14:48:45.713,12:48:45.713,64514,Timeline2,Tobii I-VT (Fixation),1.145.28180,1080,1920,"10,00",707597028.0,,,689.0,234.0,684.0,255.0,694.0,212.0,"-0,08963","-0,06719","-0,99371","-0,19257","-0,08058","-0,97797",,,Valid,Valid,"233,1","104,1","506,8","291,3","100,4","513,5","187,4","69,8","190,2","58,1","0,2824","0,2164","0,2783","0,2362","0,2865","0,1967",thumbnail_grossTrial,thumbnail_grossTrial.png,1245.0,1080.0,337.0,0.0,798.0,692.0,Fixation,417.0,80.0,684.0,230.0,"0,2782","0,2129",,
28279,39742309,1400479013596,Eye Tracker,Participant0058,17.09.2021,Participant0058,Recording4,17.09.2021,17.09.2021,14:48:45.713,12:48:45.713,64514,Timeline2,Tobii I-VT (Fixation),1.145.28180,1080,1920,"10,00",707605356.0,,,689.0,237.0,680.0,265.0,698.0,208.0,"-0,09147","-0,06162","-0,99390","-0,19041","-0,08261","-0,97822",,,Valid,Valid,"233,1","104,0","506,8","291,3","100,4","513,5","186,4","72,6","191,3","57,0","0,2825","0,2194","0,2754","0,2457","0,2897","0,1930",thumbnail_grossTrial,thumbnail_grossTrial.png,1245.0,1080.0,337.0,0.0,798.0,692.0,Fixation,417.0,80.0,684.0,230.0,"0,2782","0,2129",,
28280,39750666,1400479021953,Eye Tracker,Participant0058,17.09.2021,Participant0058,Recording4,17.09.2021,17.09.2021,14:48:45.713,12:48:45.713,64514,Timeline2,Tobii I-VT (Fixation),1.145.28180,1080,1920,"10,00",707613713.0,,,673.0,266.0,673.0,266.0,,,"-0,09542","-0,06122","-0,99355",,,,"4,51",,Valid,Invalid,"233,1","104,0","506,8",,,,"184,4","72,8",,,"0,2694","0,2462","0,2694","0,2462",,,thumbnail_grossTrial,thumbnail_grossTrial.png,1245.0,1080.0,337.0,0.0,798.0,692.0,Fixation,417.0,80.0,684.0,230.0,"0,2782","0,2129",,
28281,39758986,1400479030273,Eye Tracker,Participant0058,17.09.2021,Participant0058,Recording4,17.09.2021,17.09.2021,14:48:45.713,12:48:45.713,64514,Timeline2,Tobii I-VT (Fixation),1.145.28180,1080,1920,"10,00",707622032.0,,,688.0,238.0,675.0,268.0,701.0,207.0,"-0,09425","-0,06011","-0,99373","-0,18898","-0,08353","-0,97842",,,Valid,Valid,"233,1","104,1","506,7","291,3","100,5","513,4","185,1","73,5","192,2","56,7","0,2818","0,2201","0,2714","0,2486","0,2922","0,1917",thumbnail_grossTrial,thumbnail_grossTrial.png,1245.0,1080.0,337.0,0.0,798.0,692.0,Fixation,417.0,80.0,684.0,230.0,"0,2782","0,2129",,
28282,39767386,1400479038673,Eye Tracker,Participant0058,17.09.2021,Participant0058,Recording4,17.09.2021,17.09.2021,14:48:45.713,12:48:45.713,64514,Timeline2,Tobii I-VT (Fixation),1.145.28180,1080,1920,"10,00",707630432.0,,,689.0,234.0,681.0,256.0,697.0,211.0,"-0,09090","-0,06655","-0,99363","-0,19110","-0,08135","-0,97819",,,Valid,Valid,"233,1","104,1","506,7","291,3","100,5","513,4","186,7","70,1","191,0","57,8","0,2825","0,2164","0,2762","0,2373","0,2887","0,1954",thumbnail_grossTrial,thumbnail_grossTrial.png,1245.0,1080.0,337.0,0.0,798.0,692.0,Fixation,417.0,80.0,684.0,230.0,"0,2782","0,2129",,
28283,39775616,1400479046903,Eye Tracker,Participant0058,17.09.2021,Participant0058,Recording4,17.09.2021,17.09.2021,14:48:45.713,12:48:45.713,64514,Timeline2,Tobii I-VT (Fixation),1.145.28180,1080,1920,"10,00",707638662.0,,,685.0,233.0,682.0,256.0,688.0,210.0,"-0,09063","-0,06680","-0,99364","-0,19552","-0,08142","-0,97731","4,51","5,31",Valid,Valid,"233,1","104,0","506,7","291,2","100,3","513,3","186,8","69,9","188,5","57,6","0,2790","0,2157","0,2766","0,2367","0,2815","0,1948",thumbnail_grossTrial,thumbnail_grossTrial.png,1245.0,1080.0,337.0,0.0,798.0,692.0,Fixation,417.0,80.0,684.0,230.0,"0,2782","0,2129",,
28284,39783978,1400479055265,Eye Tracker,Participant0058,17.09.2021,Participant0058,Recording4,17.09.2021,17.09.2021,14:48:45.713,12:48:45.713,64514,Timeline2,Tobii I-VT (Fixation),1.145.28180,1080,1920,"10,00",707647023.0,,,681.0,230.0,673.0,253.0,690.0,208.0,"-0,09540","-0,06854","-0,99308","-0,19465","-0,08314","-0,97734",,,Valid,Valid,"233,1","104,1","506,6","291,3","100,5","513,2","184,5","69,2","189,1","56,9","0,2764","0,2132","0,2696","0,2340","0,2831","0,1924",thumbnail_grossTrial,thumbnail_grossTrial.png,1245.0,1080.0,337.0,0.0,798.0,692.0,Fixation,417.0,80.0,684.0,230.0,"0,2782","0,2129",,
28285,39792310,1400479063597,Eye Tracker,Participant0058,17.09.2021,Participant0058,Recording4,17.09.2021,17.09.2021,14:48:45.713,12:48:45.713,64514,Timeline2,Tobii I-VT (Fixation),1.145.28180,1080,1920,"10,00",707655355.0,,,677.0,246.0,671.0,253.0,682.0,239.0,"-0,09655","-0,06808","-0,99300","-0,19860","-0,06670","-0,97781",,,Valid,Valid,"233,1","104,1","506,6","291,2","100,5","513,2","183,8","69,3","187,0","65,5","0,2724","0,2281","0,2677","0,2346","0,2770","0,2216",thumbnail_grossTrial,thumbnail_grossTrial.png,1245.0,1080.0,337.0,0.0,798.0,692.0,Fixation,417.0,80.0,684.0,230.0,"0,2782","0,2129",,
28286,39800614,1400479071901,Eye Tracker,Participant0058,17.09.2021,Participant0058,Recording4,17.09.2021,17.09.2021,14:48:45.713,12:48:45.713,64514,Timeline2,Tobii I-VT (Fixation),1.145.28180,1080,1920,"10,00",707663659.0,,,679.0,250.0,675.0,252.0,684.0,248.0,"-0,09410","-0,06886","-0,99318","-0,19796","-0,06186","-0,97826","4,72","5,33",Valid,Valid,"233,1","104,0","506,6","291,2","100,4","513,2","185,1","68,9","187,3","67,9","0,2747","0,2314","0,2713","0,2330","0,2780","0,2298",thumbnail_grossTrial,thumbnail_grossTrial.png,1245.0,1080.0,337.0,0.0,798.0,692.0,Fixation,417.0,80.0,684.0,230.0,"0,2782","0,2129",,
28287,39809029,1400479080316,Eye Tracker,Participant0058,17.09.2021,Participant0058,Recording4,17.09.2021,17.09.2021,14:48:45.713,12:48:45.713,64514,Timeline2,Tobii I-VT (Fixation),1.145.28180,1080,1920,"10,00",707672074.0,,,678.0,250.0,673.0,243.0,683.0,256.0,"-0,09516","-0,07373","-0,99273","-0,19867","-0,05812","-0,97834",,,Valid,Valid,"233,1","104,1","506,6","291,3","100,6","513,1","184,6","66,5","187,1","70,1","0,2736","0,2311","0,2699","0,2250","0,2773","0,2371",thumbnail_grossTrial,thumbnail_grossTrial.png,1245.0,1080.0,337.0,0.0,798.0,692.0,Fixation,417.0,80.0,684.0,230.0,"0,2782","0,2129",,
28288,39817278,1400479088565,Eye Tracker,Participant0058,17.09.2021,Participant0058,Recording4,17.09.2021,17.09.2021,14:48:45.713,12:48:45.713,64514,Timeline2,Tobii I-VT (Fixation),1.145.28180,1080,1920,"10,00",707680323.0,,,679.0,241.0,671.0,246.0,687.0,236.0,"-0,09613","-0,07181","-0,99277","-0,19608","-0,06876","-0,97817",,,Valid,Valid,"233,1","104,0","506,6","291,2","100,5","513,1","184,0","67,4","188,4","64,5","0,2747","0,2231","0,2683","0,2280","0,2811","0,2181",thumbnail_grossTrial,thumbnail_grossTrial.png,1245.0,1080.0,337.0,0.0,798.0,692.0,Fixation,417.0,80.0,684.0,230.0,"0,2782","0,2129",,
28289,39825622,1400479096909,Eye Tracker,Participant0058,17.09.2021,Participant0058,Recording4,17.09.2021,17.09.2021,14:48:45.713,12:48:45.713,64514,Timeline2,Tobii I-VT (Fixation),1.145.28180,1080,1920,"10,00",707688667.0,,,681.0,239.0,666.0,250.0,696.0,228.0,"-0,09904","-0,06983","-0,99263","-0,19137","-0,07260","-0,97883","4,51","4,57",Valid,Valid,"233,1","104,0","506,7","291,2","100,4","513,1","182,5","68,3","190,9","62,4","0,2761","0,2211","0,2639","0,2312","0,2884","0,2110",thumbnail_grossTrial,thumbnail_grossTrial.png,1245.0,1080.0,337.0,0.0,798.0,692.0,Fixation,417.0,80.0,684.0,230.0,"0,2782","0,2129",,
28290,39833957,1400479105244,Eye Tracker,Participant0058,17.09.2021,Participant0058,Recording4,17.09.2021,17.09.2021,14:48:45.713,12:48:45.713,64514,Timeline2,Tobii I-VT (Fixation),1.145.28180,1080,1920,"10,00",707697002.0,,,686.0,232.0,675.0,238.0,698.0,226.0,"-0,09450","-0,07625","-0,99260","-0,19068","-0,07381","-0,97887",,,Valid,Valid,"233,1","104,1","506,6","291,3","100,6","513,0","184,9","65,2","191,3","61,9","0,2803","0,2150","0,2709","0,2206","0,2898","0,2094",thumbnail_grossTrial,thumbnail_grossTrial.png,1245.0,1080.0,337.0,0.0,798.0,692.0,Fixation,417.0,80.0,684.0,230.0,"0,2782","0,2129",,
28291,39842316,1400479113603,Eye Tracker,Participant0058,17.09.2021,Participant0058,Recording4,17.09.2021,17.09.2021,14:48:45.713,12:48:45.713,64514,Timeline2,Tobii I-VT (Fixation),1.145.28180,1080,1920,"10,00",707705360.0,,,688.0,234.0,684.0,254.0,691.0,214.0,"-0,08934","-0,06779","-0,99369","-0,19416","-0,08004","-0,97770",,,Valid,Valid,"233,1","104,0","506,6","291,3","100,6","513,0","187,5","69,5","189,4","58,6","0,2813","0,2166","0,2786","0,2350","0,2840","0,1981",thumbnail_grossTrial,thumbnail_grossTrial.png,1245.0,1080.0,337.0,0.0,798.0,692.0,Saccade,58.0,161.0,,,,,,
28292,39850611,1400479121898,Eye Tracker,Participant0058,17.09.2021,Participant0058,Recording4,17.09.2021,17.09.2021,14:48:45.713,12:48:45.713,64514,Timeline2,Tobii I-VT (Fixation),1.145.28180,1080,1920,"10,00",707713655.0,,,706.0,234.0,,,706.0,234.0,,,,"-0,18715","-0,06974","-0,97985",,"4,60",Invalid,Valid,,,,"291,4","100,5","513,0",,,"193,4","64,0","0,2959","0,2167",,,"0,2959","0,2167",thumbnail_grossTrial,thumbnail_grossTrial.png,1245.0,1080.0,337.0,0.0,798.0,692.0,Saccade,58.0,161.0,,,,,,
28293,39858975,1400479130262,Eye Tracker,Participant0058,17.09.2021,Participant0058,Recording4,17.09.2021,17.09.2021,14:48:45.713,12:48:45.713,64514,Timeline2,Tobii I-VT (Fixation),1.145.28180,1080,1920,"10,00",707722019.0,,,728.0,267.0,728.0,267.0,,,"-0,06713","-0,06116","-0,99587",,,,,,Valid,Invalid,"233,7","104,1","506,7",,,,"199,5","73,0",,,"0,3138","0,2471","0,3138","0,2471",,,thumbnail_grossTrial,thumbnail_grossTrial.png,1245.0,1080.0,337.0,0.0,798.0,692.0,Saccade,58.0,161.0,,,,,,
28294,39867302,1400479138589,Eye Tracker,Participant0058,17.09.2021,Participant0058,Recording4,17.09.2021,17.09.2021,14:48:45.713,12:48:45.713,64514,Timeline2,Tobii I-VT (Fixation),1.145.28180,1080,1920,"10,00",707730345.0,,,765.0,274.0,827.0,305.0,703.0,242.0,"-0,01470","-0,04057","-0,99907","-0,18946","-0,06595","-0,97967",,,Valid,Valid,"234,1","104,2","506,8","292,0","100,7","513,1","226,6","83,6","192,8","66,2","0,3436","0,2533","0,3931","0,2828","0,2940","0,2239",thumbnail_grossTrial,thumbnail_grossTrial.png,1245.0,1080.0,337.0,0.0,798.0,692.0,Saccade,58.0,161.0,,,,,,
28295,39875608,1400479146895,Eye Tracker,Participant0058,17.09.2021,Participant0058,Recording4,17.09.2021,17.09.2021,14:48:45.713,12:48:45.713,64514,Timeline2,Tobii I-VT (Fixation),1.145.28180,1080,1920,"10,00",707738651.0,,,1098.0,326.0,,,1098.0,326.0,,,,"0,01679","-0,02214","-0,99961",,"4,58",Invalid,Valid,,,,"292,3","100,7","513,2",,,"301,0","89,3","0,6109","0,3022",,,"0,6109","0,3022",thumbnail_grossTrial,thumbnail_grossTrial.png,1245.0,1080.0,337.0,0.0,798.0,692.0,Saccade,58.0,161.0,,,,,,
28296,39883973,1400479155260,Eye Tracker,Participant0058,17.09.2021,Participant0058,Recording4,17.09.2021,17.09.2021,14:48:45.713,12:48:45.713,64514,Timeline2,Tobii I-VT (Fixation),1.145.28180,1080,1920,"10,00",707747016.0,,,1101.0,347.0,1078.0,355.0,1123.0,340.0,"0,11938","-0,01410","-0,99275","0,02981","-0,01530","-0,99944",,,Valid,Valid,"234,6","104,2","506,9","292,6","100,8","513,2","295,6","97,0","307,9","93,0","0,6132","0,3214","0,5951","0,3283","0,6313","0,3146",thumbnail_grossTrial,thumbnail_grossTrial.png,1245.0,1080.0,337.0,0.0,798.0,692.0,Saccade,58.0,161.0,,,,,,
28297,39892300,1400479163587,Eye Tracker,Participant0058,17.09.2021,Participant0058,Recording4,17.09.2021,17.09.2021,14:48:45.713,12:48:45.713,64514,Timeline2,Tobii I-VT (Fixation),1.145.28180,1080,1920,"10,00",707755342.0,,,1177.0,382.0,1176.0,401.0,1179.0,363.0,"0,17010","0,01078","-0,98537","0,05926","-0,00336","-0,99824",,,Valid,Valid,"234,7","104,3","506,9","292,6","100,9","513,2","322,2","109,9","323,1","99,2","0,6744","0,3537","0,6731","0,3717","0,6756","0,3357",thumbnail_grossTrial,thumbnail_grossTrial.png,1245.0,1080.0,337.0,0.0,798.0,692.0,Saccade,58.0,161.0,,,,,,
28298,39900634,1400479171921,Eye Tracker,Participant0058,17.09.2021,Participant0058,Recording4,17.09.2021,17.09.2021,14:48:45.713,12:48:45.713,64514,Timeline2,Tobii I-VT (Fixation),1.145.28180,1080,1920,"10,00",707763676.0,,,,,,,,,,,,,,,,,Invalid,Invalid,,,,,,,,,,,,,,,,,thumbnail_grossTrial,thumbnail_grossTrial.png,1245.0,1080.0,337.0,0.0,798.0,692.0,EyesNotFound,8.0,311.0,,,,,,
28299,39908937,1400479180224,Eye Tracker,Participant0058,17.09.2021,Participant0058,Recording4,17.09.2021,17.09.2021,14:48:45.713,12:48:45.713,64514,Timeline2,Tobii I-VT (Fixation),1.145.28180,1080,1920,"10,00",707771979.0,,,1168.0,416.0,1168.0,416.0,,,"0,16645","0,01855","-0,98588",,,,,,Valid,Invalid,"234,6","104,3","506,9",,,,"320,2","113,8",,,"0,6673","0,3851","0,6673","0,3851",,,thumbnail_grossTrial,thumbnail_grossTrial.png,1245.0,1080.0,337.0,0.0,798.0,692.0,Unclassified,17.0,351.0,,,,,,
28300,39917302,1400479188589,Eye Tracker,Participant0058,17.09.2021,Participant0058,Recording4,17.09.2021,17.09.2021,14:48:45.713,12:48:45.713,64514,Timeline2,Tobii I-VT (Fixation),1.145.28180,1080,1920,"10,00",707780343.0,,,1163.0,381.0,1153.0,396.0,1173.0,366.0,"0,15828","0,00816","-0,98736","0,05636","-0,00161","-0,99841",,,Valid,Valid,"234,7","104,3","506,9","292,6","100,9","513,2","315,9","108,5","321,6","100,1","0,6630","0,3529","0,6547","0,3671","0,6713","0,3387",thumbnail_grossTrial,thumbnail_grossTrial.png,1245.0,1080.0,337.0,0.0,798.0,692.0,Unclassified,17.0,351.0,,,,,,
28301,39925645,1400479196932,Eye Tracker,Participant0058,17.09.2021,Participant0058,Recording4,17.09.2021,17.09.2021,14:48:45.713,12:48:45.713,64514,Timeline2,Tobii I-VT (Fixation),1.145.28180,1080,1920,"10,00",707788686.0,,,,,,,,,,,,,,,,,Invalid,Invalid,,,,,,,,,,,,,,,,,thumbnail_grossTrial,thumbnail_grossTrial.png,1245.0,1080.0,337.0,0.0,798.0,692.0,EyesNotFound,8.0,312.0,,,,,,
28302,39933979,1400479205266,Eye Tracker,Participant0058,17.09.2021,Participant0058,Recording4,17.09.2021,17.09.2021,14:48:45.713,12:48:45.713,64514,Timeline2,Tobii I-VT (Fixation),1.145.28180,1080,1920,"10,00",707797020.0,,,1195.0,382.0,1172.0,393.0,1218.0,372.0,"0,16813","0,00626","-0,98574","0,07994","0,00157","-0,99680",,,Valid,Valid,"234,6","104,2","507,0","292,7","100,9","513,1","321,1","107,5","333,9","101,7","0,6886","0,3538","0,6699","0,3636","0,7073","0,3441",thumbnail_grossTrial,thumbnail_grossTrial.png,1245.0,1080.0,337.0,0.0,798.0,692.0,Unclassified,8.0,352.0,,,,,,
28303,39942312,1400479213599,Eye Tracker,Participant0058,17.09.2021,Participant0058,Recording4,17.09.2021,17.09.2021,14:48:45.713,12:48:45.713,64514,Timeline2,Tobii I-VT (Fixation),1.145.28180,1080,1920,"10,00",707805353.0,,,,,,,,,,,,,,,,,Invalid,Invalid,,,,,,,,,,,,,,,,,thumbnail_grossTrial,thumbnail_grossTrial.png,1245.0,1080.0,337.0,0.0,798.0,692.0,EyesNotFound,17.0,313.0,,,,,,
28304,39950646,1400479221933,Eye Tracker,Participant0058,17.09.2021,Participant0058,Recording4,17.09.2021,17.09.2021,14:48:45.713,12:48:45.713,64514,Timeline2,Tobii I-VT (Fixation),1.145.28180,1080,1920,"10,00",707813686.0,,,,,,,,,,,,,,,,,Invalid,Invalid,,,,,,,,,,,,,,,,,thumbnail_grossTrial,thumbnail_grossTrial.png,1245.0,1080.0,337.0,0.0,798.0,692.0,EyesNotFound,17.0,313.0,,,,,,
28305,39958936,1400479230223,Eye Tracker,Participant0058,17.09.2021,Participant0058,Recording4,17.09.2021,17.09.2021,14:48:45.713,12:48:45.713,64514,Timeline2,Tobii I-VT (Fixation),1.145.28180,1080,1920,"10,00",707821976.0,,,1191.0,393.0,1172.0,409.0,1210.0,377.0,"0,16850","0,01498","-0,98559","0,07572","0,00455","-0,99712",,,Valid,Valid,"234,6","104,2","507,1","292,8","100,9","513,1","321,3","111,9","331,7","103,2","0,6858","0,3639","0,6706","0,3785","0,7010","0,3492",thumbnail_grossTrial,thumbnail_grossTrial.png,1245.0,1080.0,337.0,0.0,798.0,692.0,Unclassified,17.0,353.0,,,,,,
28306,39967307,1400479238594,Eye Tracker,Participant0058,17.09.2021,Participant0058,Recording4,17.09.2021,17.09.2021,14:48:45.713,12:48:45.713,64514,Timeline2,Tobii I-VT (Fixation),1.145.28180,1080,1920,"10,00",707830347.0,,,1197.0,401.0,1185.0,416.0,1209.0,386.0,"0,17487","0,01894","-0,98441","0,07490","0,00919","-0,99715",,,Valid,Valid,"234,6","104,2","507,2","292,7","100,9","513,2","324,7","113,9","331,2","105,6","0,6901","0,3714","0,6805","0,3855","0,6996","0,3574",thumbnail_grossTrial,thumbnail_grossTrial.png,1245.0,1080.0,337.0,0.0,798.0,692.0,Unclassified,17.0,353.0,,,,,,
28307,39975639,1400479246926,Eye Tracker,Participant0058,17.09.2021,Participant0058,Recording4,17.09.2021,17.09.2021,14:48:45.713,12:48:45.713,64514,Timeline2,Tobii I-VT (Fixation),1.145.28180,1080,1920,"10,00",707838678.0,,,,,,,,,,,,,,,,,Invalid,Invalid,,,,,,,,,,,,,,,,,thumbnail_grossTrial,thumbnail_grossTrial.png,1245.0,1080.0,337.0,0.0,798.0,692.0,EyesNotFound,8.0,314.0,,,,,,
28308,39983938,1400479255225,Eye Tracker,Participant0058,17.09.2021,Participant0058,Recording4,17.09.2021,17.09.2021,14:48:45.713,12:48:45.713,64514,Timeline2,Tobii I-VT (Fixation),1.145.28180,1080,1920,"10,00",707846977.0,,,1198.0,391.0,1181.0,405.0,1215.0,377.0,"0,17297","0,01292","-0,98484","0,07790","0,00443","-0,99695",,,Valid,Valid,"234,6","104,1","507,2","292,8","100,9","513,1","323,7","110,8","332,9","103,1","0,6909","0,3619","0,6775","0,3748","0,7044","0,3489",thumbnail_grossTrial,thumbnail_grossTrial.png,1245.0,1080.0,337.0,0.0,798.0,692.0,Unclassified,17.0,354.0,,,,,,
28309,39992265,1400479263552,Eye Tracker,Participant0058,17.09.2021,Participant0058,Recording4,17.09.2021,17.09.2021,14:48:45.713,12:48:45.713,64514,Timeline2,Tobii I-VT (Fixation),1.145.28180,1080,1920,"10,00",707855304.0,,,1196.0,391.0,1180.0,410.0,1211.0,373.0,"0,17248","0,01595","-0,98488","0,07627","0,00224","-0,99708",,,Valid,Valid,"234,6","104,0","507,7","292,7","100,9","513,2","323,5","112,2","332,0","102,0","0,6893","0,3624","0,6770","0,3796","0,7017","0,3452",thumbnail_grossTrial,thumbnail_grossTrial.png,1245.0,1080.0,337.0,0.0,798.0,692.0,Unclassified,17.0,354.0,,,,,,
28310,40000600,1400479271887,Eye Tracker,Participant0058,17.09.2021,Participant0058,Recording4,17.09.2021,17.09.2021,14:48:45.713,12:48:45.713,64514,Timeline2,Tobii I-VT (Fixation),1.145.28180,1080,1920,"10,00",707863638.0,,,,,,,,,,,,,,,,,Invalid,Invalid,,,,,,,,,,,,,,,,,thumbnail_grossTrial,thumbnail_grossTrial.png,1245.0,1080.0,337.0,0.0,798.0,692.0,EyesNotFound,8.0,315.0,,,,,,
28311,40008930,1400479280217,Eye Tracker,Participant0058,17.09.2021,Participant0058,Recording4,17.09.2021,17.09.2021,14:48:45.713,12:48:45.713,64514,Timeline2,Tobii I-VT (Fixation),1.145.28180,1080,1920,"10,00",707871968.0,,,1194.0,402.0,1179.0,419.0,1210.0,385.0,"0,17148","0,02158","-0,98495","0,07536","0,00896","-0,99712",,,Valid,Valid,"234,6","103,6","508,4","292,8","100,8","513,1","323,1","114,8","331,6","105,5","0,6881","0,3725","0,6757","0,3883","0,7005","0,3568",thumbnail_grossTrial,thumbnail_grossTrial.png,1245.0,1080.0,337.0,0.0,798.0,692.0,Unclassified,17.0,355.0,,,,,,
28312,40017289,1400479288576,Eye Tracker,Participant0058,17.09.2021,Participant0058,Recording4,17.09.2021,17.09.2021,14:48:45.713,12:48:45.713,64514,Timeline2,Tobii I-VT (Fixation),1.145.28180,1080,1920,"10,00",707880327.0,,,1204.0,404.0,1192.0,422.0,1216.0,385.0,"0,17810","0,02338","-0,98373","0,07891","0,00870","-0,99684",,,Valid,Valid,"234,6","103,4","509,0","292,7","100,9","513,1","326,7","115,5","333,3","105,4","0,6960","0,3737","0,6863","0,3908","0,7057","0,3565",thumbnail_grossTrial,thumbnail_grossTrial.png,1245.0,1080.0,337.0,0.0,798.0,692.0,Unclassified,17.0,355.0,,,,,,
28313,40025640,1400479296927,Eye Tracker,Participant0058,17.09.2021,Participant0058,Recording4,17.09.2021,17.09.2021,14:48:45.713,12:48:45.713,64514,Timeline2,Tobii I-VT (Fixation),1.145.28180,1080,1920,"10,00",707888679.0,,,,,,,,,,,,,,,,,Invalid,Invalid,,,,,,,,,,,,,,,,,thumbnail_grossTrial,thumbnail_grossTrial.png,1245.0,1080.0,337.0,0.0,798.0,692.0,EyesNotFound,8.0,316.0,,,,,,
28314,40033928,1400479305215,Eye Tracker,Participant0058,17.09.2021,Participant0058,Recording4,17.09.2021,17.09.2021,14:48:45.713,12:48:45.713,64514,Timeline2,Tobii I-VT (Fixation),1.145.28180,1080,1920,"10,00",707896966.0,,,1213.0,396.0,1200.0,414.0,1226.0,378.0,"0,18209","0,02009","-0,98308","0,08399","0,00505","-0,99645",,,Valid,Valid,"234,5","103,0","510,0","292,8","100,9","512,8","329,0","113,4","336,0","103,5","0,7033","0,3669","0,6930","0,3837","0,7136","0,3502",thumbnail_grossTrial,thumbnail_grossTrial.png,1245.0,1080.0,337.0,0.0,798.0,692.0,Unclassified,17.0,356.0,,,,,,
28315,40042290,1400479313577,Eye Tracker,Participant0058,17.09.2021,Participant0058,Recording4,17.09.2021,17.09.2021,14:48:45.713,12:48:45.713,64514,Timeline2,Tobii I-VT (Fixation),1.145.28180,1080,1920,"10,00",707905328.0,,,1210.0,395.0,1201.0,409.0,1220.0,381.0,"0,18228","0,01765","-0,98309","0,08090","0,00628","-0,99670",,,Valid,Valid,"234,5","102,8","510,5","292,7","101,0","512,8","329,2","111,9","334,3","104,2","0,7011","0,3657","0,6936","0,3788","0,7087","0,3527",thumbnail_grossTrial,thumbnail_grossTrial.png,1245.0,1080.0,337.0,0.0,798.0,692.0,Unclassified,17.0,356.0,,,,,,
28316,40050608,1400479321895,Eye Tracker,Participant0058,17.09.2021,Participant0058,Recording4,17.09.2021,17.09.2021,14:48:45.713,12:48:45.713,64514,Timeline2,Tobii I-VT (Fixation),1.145.28180,1080,1920,"10,00",707913646.0,,,,,,,,,,,,,,,,,Invalid,Invalid,,,,,,,,,,,,,,,,,thumbnail_grossTrial,thumbnail_grossTrial.png,1245.0,1080.0,337.0,0.0,798.0,692.0,EyesNotFound,8.0,317.0,,,,,,
28317,40058941,1400479330228,Eye Tracker,Participant0058,17.09.2021,Participant0058,Recording4,17.09.2021,17.09.2021,14:48:45.713,12:48:45.713,64514,Timeline2,Tobii I-VT (Fixation),1.145.28180,1080,1920,"10,00",707921978.0,,,1203.0,395.0,1201.0,404.0,1206.0,385.0,"0,18200","0,01530","-0,98318","0,07338","0,00867","-0,99727",,,Valid,Valid,"234,6","102,7","510,6","292,8","101,0","512,5","329,1","110,6","330,5","105,5","0,6953","0,3656","0,6933","0,3743","0,6974","0,3569",thumbnail_grossTrial,thumbnail_grossTrial.png,1245.0,1080.0,337.0,0.0,798.0,692.0,Unclassified,8.0,357.0,,,,,,
28318,40067271,1400479338558,Eye Tracker,Participant0058,17.09.2021,Participant0058,Recording4,17.09.2021,17.09.2021,14:48:45.713,12:48:45.713,64514,Timeline2,Tobii I-VT (Fixation),1.145.28180,1080,1920,"10,00",707930308.0,,,,,,,,,,,,,,,,,Invalid,Invalid,,,,,,,,,,,,,,,,,thumbnail_grossTrial,thumbnail_grossTrial.png,1245.0,1080.0,337.0,0.0,798.0,692.0,EyesNotFound,17.0,318.0,,,,,,
28319,40075600,1400479346887,Eye Tracker,Participant0058,17.09.2021,Participant0058,Recording4,17.09.2021,17.09.2021,14:48:45.713,12:48:45.713,64514,Timeline2,Tobii I-VT (Fixation),1.145.28180,1080,1920,"10,00",707938637.0,,,,,,,,,,,,,,,,,Invalid,Invalid,,,,,,,,,,,,,,,,,thumbnail_grossTrial,thumbnail_grossTrial.png,1245.0,1080.0,337.0,0.0,798.0,692.0,EyesNotFound,17.0,318.0,,,,,,
28320,40083930,1400479355217,Eye Tracker,Participant0058,17.09.2021,Participant0058,Recording4,17.09.2021,17.09.2021,14:48:45.713,12:48:45.713,64514,Timeline2,Tobii I-VT (Fixation),1.145.28180,1080,1920,"10,00",707946966.0,,,1201.0,403.0,1202.0,410.0,1201.0,396.0,"0,18256","0,01794","-0,98303","0,07092","0,01430","-0,99738",,,Valid,Valid,"234,6","102,8","510,4","292,8","101,1","512,3","329,3","112,1","329,2","108,4","0,6939","0,3731","0,6940","0,3792","0,6937","0,3669",thumbnail_grossTrial,thumbnail_grossTrial.png,1245.0,1080.0,337.0,0.0,798.0,692.0,Unclassified,17.0,358.0,,,,,,
28321,40092290,1400479363577,Eye Tracker,Participant0058,17.09.2021,Participant0058,Recording4,17.09.2021,17.09.2021,14:48:45.713,12:48:45.713,64514,Timeline2,Tobii I-VT (Fixation),1.145.28180,1080,1920,"10,00",707955326.0,,,1197.0,412.0,1187.0,426.0,1207.0,398.0,"0,17531","0,02667","-0,98415","0,07409","0,01495","-0,99714",,,Valid,Valid,"234,5","102,8","510,4","292,7","101,2","512,2","325,5","116,6","330,7","108,9","0,6904","0,3815","0,6826","0,3946","0,6982","0,3684",thumbnail_grossTrial,thumbnail_grossTrial.png,1245.0,1080.0,337.0,0.0,798.0,692.0,Unclassified,17.0,358.0,,,,,,
28322,40100590,1400479371877,Eye Tracker,Participant0058,17.09.2021,Participant0058,Recording4,17.09.2021,17.09.2021,14:48:45.713,12:48:45.713,64514,Timeline2,Tobii I-VT (Fixation),1.145.28180,1080,1920,"10,00",707963626.0,,,,,,,,,,,,,,,,,Invalid,Invalid,,,,,,,,,,,,,,,,,thumbnail_grossTrial,thumbnail_grossTrial.png,1245.0,1080.0,337.0,0.0,798.0,692.0,EyesNotFound,8.0,319.0,,,,,,
28323,40108921,1400479380208,Eye Tracker,Participant0058,17.09.2021,Participant0058,Recording4,17.09.2021,17.09.2021,14:48:45.713,12:48:45.713,64514,Timeline2,Tobii I-VT (Fixation),1.145.28180,1080,1920,"10,00",707971957.0,,,1214.0,406.0,1205.0,413.0,1222.0,398.0,"0,18439","0,01986","-0,98265","0,08200","0,01509","-0,99652",,,Valid,Valid,"234,5","102,7","510,5","292,7","101,3","511,9","330,3","113,0","334,9","109,0","0,7036","0,3757","0,6970","0,3825","0,7102","0,3688",thumbnail_grossTrial,thumbnail_grossTrial.png,1245.0,1080.0,337.0,0.0,798.0,692.0,Unclassified,17.0,359.0,,,,,,
28324,40117255,1400479388542,Eye Tracker,Participant0058,17.09.2021,Participant0058,Recording4,17.09.2021,17.09.2021,14:48:45.713,12:48:45.713,64514,Timeline2,Tobii I-VT (Fixation),1.145.28180,1080,1920,"10,00",707980290.0,,,1205.0,400.0,1195.0,409.0,1215.0,391.0,"0,17929","0,01759","-0,98364","0,07880","0,01125","-0,99683",,,Valid,Valid,"234,5","102,7","510,7","292,6","101,4","511,8","327,6","111,8","333,1","107,1","0,6970","0,3704","0,6889","0,3783","0,7051","0,3625",thumbnail_grossTrial,thumbnail_grossTrial.png,1245.0,1080.0,337.0,0.0,798.0,692.0,Unclassified,17.0,359.0,,,,,,
28325,40125598,1400479396885,Eye Tracker,Participant0058,17.09.2021,Participant0058,Recording4,17.09.2021,17.09.2021,14:48:45.713,12:48:45.713,64514,Timeline2,Tobii I-VT (Fixation),1.145.28180,1080,1920,"10,00",707988633.0,,,,,,,,,,,,,,,,,Invalid,Invalid,,,,,,,,,,,,,,,,,thumbnail_grossTrial,thumbnail_grossTrial.png,1245.0,1080.0,337.0,0.0,798.0,692.0,EyesNotFound,8.0,320.0,,,,,,
28326,40133929,1400479405216,Eye Tracker,Participant0058,17.09.2021,Participant0058,Recording4,17.09.2021,17.09.2021,14:48:45.713,12:48:45.713,64514,Timeline2,Tobii I-VT (Fixation),1.145.28180,1080,1920,"10,00",707996964.0,,,1204.0,390.0,1186.0,391.0,1222.0,388.0,"0,17419","0,00867","-0,98467","0,08224","0,00922","-0,99657",,,Valid,Valid,"234,5","102,5","511,0","292,7","101,4","511,5","324,9","107,0","334,9","106,2","0,6957","0,3607","0,6811","0,3621","0,7103","0,3592",thumbnail_grossTrial,thumbnail_grossTrial.png,1245.0,1080.0,337.0,0.0,798.0,692.0,Unclassified,17.0,360.0,,,,,,
28327,40142261,1400479413548,Eye Tracker,Participant0058,17.09.2021,Participant0058,Recording4,17.09.2021,17.09.2021,14:48:45.713,12:48:45.713,64514,Timeline2,Tobii I-VT (Fixation),1.145.28180,1080,1920,"10,00",708005295.0,,,1204.0,386.0,1190.0,381.0,1217.0,391.0,"0,17673","0,00358","-0,98425","0,07951","0,01068","-0,99678",,,Valid,Valid,"234,5","102,5","511,2","292,6","101,5","511,4","326,3","104,3","333,4","107,0","0,6955","0,3575","0,6851","0,3530","0,7060","0,3621",thumbnail_grossTrial,thumbnail_grossTrial.png,1245.0,1080.0,337.0,0.0,798.0,692.0,Unclassified,17.0,360.0,,,,,,
28328,40150613,1400479421900,Eye Tracker,Participant0058,17.09.2021,Participant0058,Recording4,17.09.2021,17.09.2021,14:48:45.713,12:48:45.713,64514,Timeline2,Tobii I-VT (Fixation),1.145.28180,1080,1920,"10,00",708013647.0,,,,,,,,,,,,,,,,,Invalid,Invalid,,,,,,,,,,,,,,,,,thumbnail_grossTrial,thumbnail_grossTrial.png,1245.0,1080.0,337.0,0.0,798.0,692.0,EyesNotFound,8.0,321.0,,,,,,
28329,40158918,1400479430205,Eye Tracker,Participant0058,17.09.2021,Participant0058,Recording4,17.09.2021,17.09.2021,14:48:45.713,12:48:45.713,64514,Timeline2,Tobii I-VT (Fixation),1.145.28180,1080,1920,"10,00",708021952.0,,,1210.0,389.0,1199.0,392.0,1222.0,386.0,"0,18079","0,00979","-0,98347","0,08231","0,00775","-0,99658",,,Valid,Valid,"234,5","102,3","511,7","292,7","101,6","511,1","328,6","107,4","334,9","105,6","0,7010","0,3602","0,6918","0,3633","0,7103","0,3572",thumbnail_grossTrial,thumbnail_grossTrial.png,1245.0,1080.0,337.0,0.0,798.0,692.0,Unclassified,17.0,361.0,,,,,,
28330,40167282,1400479438569,Eye Tracker,Participant0058,17.09.2021,Participant0058,Recording4,17.09.2021,17.09.2021,14:48:45.713,12:48:45.713,64514,Timeline2,Tobii I-VT (Fixation),1.145.28180,1080,1920,"10,00",708030315.0,,,1220.0,386.0,1200.0,391.0,1240.0,381.0,"0,18116","0,00922","-0,98341","0,09180","0,00521","-0,99576",,,Valid,Valid,"234,5","102,2","511,9","292,6","101,7","511,0","328,8","107,0","339,7","104,4","0,7084","0,3575","0,6924","0,3620","0,7244","0,3531",thumbnail_grossTrial,thumbnail_grossTrial.png,1245.0,1080.0,337.0,0.0,798.0,692.0,Unclassified,17.0,361.0,,,,,,
28331,40175584,1400479446871,Eye Tracker,Participant0058,17.09.2021,Participant0058,Recording4,17.09.2021,17.09.2021,14:48:45.713,12:48:45.713,64514,Timeline2,Tobii I-VT (Fixation),1.145.28180,1080,1920,"10,00",708038617.0,,,,,,,,,,,,,,,,,Invalid,Invalid,,,,,,,,,,,,,,,,,thumbnail_grossTrial,thumbnail_grossTrial.png,1245.0,1080.0,337.0,0.0,798.0,692.0,EyesNotFound,8.0,322.0,,,,,,
28332,40183975,1400479455262,Eye Tracker,Participant0058,17.09.2021,Participant0058,Recording4,17.09.2021,17.09.2021,14:48:45.713,12:48:45.713,64514,Timeline2,Tobii I-VT (Fixation),1.145.28180,1080,1920,"10,00",708047008.0,,,1217.0,382.0,1197.0,389.0,1236.0,375.0,"0,17966","0,00835","-0,98369","0,09011","0,00157","-0,99593",,,Valid,Valid,"234,5","102,0","512,3","292,7","101,7","510,8","328,1","106,4","338,9","102,5","0,7061","0,3534","0,6903","0,3599","0,7220","0,3469",thumbnail_grossTrial,thumbnail_grossTrial.png,1245.0,1080.0,337.0,0.0,798.0,692.0,Unclassified,17.0,362.0,,,,,,
28333,40192285,1400479463572,Eye Tracker,Participant0058,17.09.2021,Participant0058,Recording4,17.09.2021,17.09.2021,14:48:45.713,12:48:45.713,64514,Timeline2,Tobii I-VT (Fixation),1.145.28180,1080,1920,"10,00",708055318.0,,,1209.0,385.0,1196.0,389.0,1222.0,380.0,"0,17918","0,00889","-0,98378","0,08236","0,00420","-0,99659",,,Valid,Valid,"234,4","101,9","512,5","292,6","101,8","510,8","327,8","106,6","334,8","104,0","0,6998","0,3561","0,6895","0,3606","0,7100","0,3517",thumbnail_grossTrial,thumbnail_grossTrial.png,1245.0,1080.0,337.0,0.0,798.0,692.0,Unclassified,17.0,362.0,,,,,,
28334,40200595,1400479471882,Eye Tracker,Participant0058,17.09.2021,Participant0058,Recording4,17.09.2021,17.09.2021,14:48:45.713,12:48:45.713,64514,Timeline2,Tobii I-VT (Fixation),1.145.28180,1080,1920,"10,00",708063627.0,,,,,,,,,,,,,,,,,Invalid,Invalid,,,,,,,,,,,,,,,,,thumbnail_grossTrial,thumbnail_grossTrial.png,1245.0,1080.0,337.0,0.0,798.0,692.0,EyesNotFound,8.0,323.0,,,,,,
28335,40208922,1400479480209,Eye Tracker,Participant0058,17.09.2021,Participant0058,Recording4,17.09.2021,17.09.2021,14:48:45.713,12:48:45.713,64514,Timeline2,Tobii I-VT (Fixation),1.145.28180,1080,1920,"10,00",708071954.0,,,1213.0,384.0,1196.0,390.0,1231.0,377.0,"0,17896","0,00958","-0,98381","0,08716","0,00280","-0,99619",,,Valid,Valid,"234,5","101,8","512,9","292,6","101,8","510,5","327,8","106,8","337,3","103,3","0,7034","0,3553","0,6894","0,3612","0,7173","0,3494",thumbnail_grossTrial,thumbnail_grossTrial.png,1245.0,1080.0,337.0,0.0,798.0,692.0,Unclassified,17.0,363.0,,,,,,
28336,40217275,1400479488562,Eye Tracker,Participant0058,17.09.2021,Participant0058,Recording4,17.09.2021,17.09.2021,14:48:45.713,12:48:45.713,64514,Timeline2,Tobii I-VT (Fixation),1.145.28180,1080,1920,"10,00",708080307.0,,,1214.0,385.0,1198.0,389.0,1230.0,381.0,"0,17993","0,00884","-0,98364","0,08672","0,00438","-0,99622",,,Valid,Valid,"234,4","101,7","513,0","292,5","101,9","510,5","328,3","106,3","337,0","104,1","0,7037","0,3561","0,6909","0,3598","0,7164","0,3524",thumbnail_grossTrial,thumbnail_grossTrial.png,1245.0,1080.0,337.0,0.0,798.0,692.0,Unclassified,17.0,363.0,,,,,,
28337,40225653,1400479496940,Eye Tracker,Participant0058,17.09.2021,Participant0058,Recording4,17.09.2021,17.09.2021,14:48:45.713,12:48:45.713,64514,Timeline2,Tobii I-VT (Fixation),1.145.28180,1080,1920,"10,00",708088685.0,,,,,,,,,,,,,,,,,Invalid,Invalid,,,,,,,,,,,,,,,,,thumbnail_grossTrial,thumbnail_grossTrial.png,1245.0,1080.0,337.0,0.0,798.0,692.0,EyesNotFound,8.0,324.0,,,,,,
28338,40233911,1400479505198,Eye Tracker,Participant0058,17.09.2021,Participant0058,Recording4,17.09.2021,17.09.2021,14:48:45.713,12:48:45.713,64514,Timeline2,Tobii I-VT (Fixation),1.145.28180,1080,1920,"10,00",708096943.0,,,1212.0,394.0,1199.0,390.0,1226.0,397.0,"0,18023","0,00994","-0,98357","0,08475","0,01321","-0,99631",,,Valid,Valid,"234,4","101,6","513,3","292,6","101,9","510,3","328,5","106,8","336,0","108,7","0,7026","0,3645","0,6916","0,3613","0,7136","0,3677",thumbnail_grossTrial,thumbnail_grossTrial.png,1245.0,1080.0,337.0,0.0,798.0,692.0,Unclassified,8.0,364.0,,,,,,
28339,40242248,1400479513535,Eye Tracker,Participant0058,17.09.2021,Participant0058,Recording4,17.09.2021,17.09.2021,14:48:45.713,12:48:45.713,64514,Timeline2,Tobii I-VT (Fixation),1.145.28180,1080,1920,"10,00",708105280.0,,,,,,,,,,,,,,,,,Invalid,Invalid,,,,,,,,,,,,,,,,,thumbnail_grossTrial,thumbnail_grossTrial.png,1245.0,1080.0,337.0,0.0,798.0,692.0,EyesNotFound,17.0,325.0,,,,,,
28340,40250586,1400479521873,Eye Tracker,Participant0058,17.09.2021,Participant0058,Recording4,17.09.2021,17.09.2021,14:48:45.713,12:48:45.713,64514,Timeline2,Tobii I-VT (Fixation),1.145.28180,1080,1920,"10,00",708113617.0,,,,,,,,,,,,,,,,,Invalid,Invalid,,,,,,,,,,,,,,,,,thumbnail_grossTrial,thumbnail_grossTrial.png,1245.0,1080.0,337.0,0.0,798.0,692.0,EyesNotFound,17.0,325.0,,,,,,
28341,40258944,1400479530231,Eye Tracker,Participant0058,17.09.2021,Participant0058,Recording4,17.09.2021,17.09.2021,14:48:45.713,12:48:45.713,64514,Timeline2,Tobii I-VT (Fixation),1.145.28180,1080,1920,"10,00",708121975.0,,,1209.0,391.0,1192.0,395.0,1225.0,387.0,"0,17702","0,01252","-0,98413","0,08439","0,00799","-0,99640",,,Valid,Valid,"234,5","101,5","513,5","292,6","102,0","510,2","326,8","108,0","335,8","106,0","0,6998","0,3622","0,6867","0,3656","0,7130","0,3588",thumbnail_grossTrial,thumbnail_grossTrial.png,1245.0,1080.0,337.0,0.0,798.0,692.0,Unclassified,17.0,365.0,,,,,,
28342,40267280,1400479538567,Eye Tracker,Participant0058,17.09.2021,Participant0058,Recording4,17.09.2021,17.09.2021,14:48:45.713,12:48:45.713,64514,Timeline2,Tobii I-VT (Fixation),1.145.28180,1080,1920,"10,00",708130311.0,,,1213.0,393.0,1201.0,404.0,1225.0,383.0,"0,18136","0,01723","-0,98327","0,08452","0,00543","-0,99641",,,Valid,Valid,"234,4","101,5","513,6","292,5","102,0","510,2","329,1","110,5","335,8","104,8","0,7032","0,3642","0,6934","0,3738","0,7130","0,3546",thumbnail_grossTrial,thumbnail_grossTrial.png,1245.0,1080.0,337.0,0.0,798.0,692.0,Unclassified,17.0,365.0,,,,,,
28343,40275609,1400479546896,Eye Tracker,Participant0058,17.09.2021,Participant0058,Recording4,17.09.2021,17.09.2021,14:48:45.713,12:48:45.713,64514,Timeline2,Tobii I-VT (Fixation),1.145.28180,1080,1920,"10,00",708138640.0,,,,,,,,,,,,,,,,,Invalid,Invalid,,,,,,,,,,,,,,,,,thumbnail_grossTrial,thumbnail_grossTrial.png,1245.0,1080.0,337.0,0.0,798.0,692.0,EyesNotFound,8.0,326.0,,,,,,
28344,40283908,1400479555195,Eye Tracker,Participant0058,17.09.2021,Participant0058,Recording4,17.09.2021,17.09.2021,14:48:45.713,12:48:45.713,64514,Timeline2,Tobii I-VT (Fixation),1.145.28180,1080,1920,"10,00",708146938.0,,,1210.0,385.0,1196.0,385.0,1223.0,385.0,"0,17855","0,00747","-0,98390","0,08346","0,00649","-0,99649",,,Valid,Valid,"234,5","101,4","513,7","292,6","102,0","510,0","327,7","105,3","335,3","105,3","0,7003","0,3564","0,6892","0,3563","0,7115","0,3564",thumbnail_grossTrial,thumbnail_grossTrial.png,1245.0,1080.0,337.0,0.0,798.0,692.0,Unclassified,17.0,366.0,,,,,,
28345,40292265,1400479563552,Eye Tracker,Participant0058,17.09.2021,Participant0058,Recording4,17.09.2021,17.09.2021,14:48:45.713,12:48:45.713,64514,Timeline2,Tobii I-VT (Fixation),1.145.28180,1080,1920,"10,00",708155295.0,,,1206.0,386.0,1188.0,378.0,1225.0,394.0,"0,17472","0,00379","-0,98461","0,08421","0,01142","-0,99638",,,Valid,Valid,"234,4","101,4","513,8","292,5","102,1","510,1","325,6","103,4","335,6","107,9","0,6977","0,3575","0,6830","0,3498","0,7125","0,3652",thumbnail_grossTrial,thumbnail_grossTrial.png,1245.0,1080.0,337.0,0.0,798.0,692.0,Unclassified,17.0,366.0,,,,,,
28346,40300576,1400479571863,Eye Tracker,Participant0058,17.09.2021,Participant0058,Recording4,17.09.2021,17.09.2021,14:48:45.713,12:48:45.713,64514,Timeline2,Tobii I-VT (Fixation),1.145.28180,1080,1920,"10,00",708163606.0,,,,,,,,,,,,,,,,,Invalid,Invalid,,,,,,,,,,,,,,,,,thumbnail_grossTrial,thumbnail_grossTrial.png,1245.0,1080.0,337.0,0.0,798.0,692.0,EyesNotFound,8.0,327.0,,,,,,
28347,40308904,1400479580191,Eye Tracker,Participant0058,17.09.2021,Participant0058,Recording4,17.09.2021,17.09.2021,14:48:45.713,12:48:45.713,64514,Timeline2,Tobii I-VT (Fixation),1.145.28180,1080,1920,"10,00",708171933.0,,,1213.0,398.0,1202.0,399.0,1225.0,397.0,"0,18149","0,01521","-0,98328","0,08417","0,01299","-0,99637",,,Valid,Valid,"234,4","101,4","513,9","292,6","102,1","509,9","329,3","109,3","335,6","108,7","0,7032","0,3689","0,6939","0,3699","0,7125","0,3679",thumbnail_grossTrial,thumbnail_grossTrial.png,1245.0,1080.0,337.0,0.0,798.0,692.0,Unclassified,17.0,367.0,,,,,,
28348,40317237,1400479588524,Eye Tracker,Participant0058,17.09.2021,Participant0058,Recording4,17.09.2021,17.09.2021,14:48:45.713,12:48:45.713,64514,Timeline2,Tobii I-VT (Fixation),1.145.28180,1080,1920,"10,00",708180266.0,,,1214.0,404.0,1202.0,415.0,1226.0,394.0,"0,18155","0,02321","-0,98311","0,08512","0,01121","-0,99631",,,Valid,Valid,"234,4","101,4","514,0","292,5","102,1","509,9","329,3","113,5","336,1","107,9","0,7039","0,3745","0,6939","0,3840","0,7138","0,3650",thumbnail_grossTrial,thumbnail_grossTrial.png,1245.0,1080.0,337.0,0.0,798.0,692.0,Unclassified,17.0,367.0,,,,,,
28349,40325575,1400479596862,Eye Tracker,Participant0058,17.09.2021,Participant0058,Recording4,17.09.2021,17.09.2021,14:48:45.713,12:48:45.713,64514,Timeline2,Tobii I-VT (Fixation),1.145.28180,1080,1920,"10,00",708188604.0,,,,,,,,,,,,,,,,,Invalid,Invalid,,,,,,,,,,,,,,,,,thumbnail_grossTrial,thumbnail_grossTrial.png,1245.0,1080.0,337.0,0.0,798.0,692.0,EyesNotFound,8.0,328.0,,,,,,
28350,40333920,1400479605207,Eye Tracker,Participant0058,17.09.2021,Participant0058,Recording4,17.09.2021,17.09.2021,14:48:45.713,12:48:45.713,64514,Timeline2,Tobii I-VT (Fixation),1.145.28180,1080,1920,"10,00",708196948.0,,,1211.0,402.0,1196.0,410.0,1227.0,394.0,"0,17866","0,02090","-0,98369","0,08525","0,01130","-0,99630",,,Valid,Valid,"234,5","101,3","514,0","292,6","102,1","509,8","327,8","112,2","336,2","107,9","0,7018","0,3725","0,6896","0,3798","0,7141","0,3652",thumbnail_grossTrial,thumbnail_grossTrial.png,1245.0,1080.0,337.0,0.0,798.0,692.0,Unclassified,17.0,368.0,,,,,,
28351,40342268,1400479613555,Eye Tracker,Participant0058,17.09.2021,Participant0058,Recording4,17.09.2021,17.09.2021,14:48:45.713,12:48:45.713,64514,Timeline2,Tobii I-VT (Fixation),1.145.28180,1080,1920,"10,00",708205296.0,,,1201.0,403.0,1191.0,405.0,1212.0,402.0,"0,17608","0,01793","-0,98421","0,07747","0,01503","-0,99688",,,Valid,Valid,"234,3","101,4","514,1","292,4","102,3","509,9","326,3","110,8","332,1","109,9","0,6936","0,3734","0,6852","0,3747","0,7020","0,3720",thumbnail_grossTrial,thumbnail_grossTrial.png,1245.0,1080.0,337.0,0.0,798.0,692.0,Unclassified,17.0,368.0,,,,,,
28352,40350648,1400479621935,Eye Tracker,Participant0058,17.09.2021,Participant0058,Recording4,17.09.2021,17.09.2021,14:48:45.713,12:48:45.713,64514,Timeline2,Tobii I-VT (Fixation),1.145.28180,1080,1920,"10,00",708213676.0,,,1212.0,402.0,,,1212.0,402.0,,,,"0,07768","0,01490","-0,99687",,"4,86",Invalid,Valid,,,,"292,3","102,3","510,0",,,"332,1","109,9","0,7020","0,3720",,,"0,7020","0,3720",thumbnail_grossTrial,thumbnail_grossTrial.png,1245.0,1080.0,337.0,0.0,798.0,692.0,Saccade,25.0,162.0,,,,,,
28353,40358939,1400479630226,Eye Tracker,Participant0058,17.09.2021,Participant0058,Recording4,17.09.2021,17.09.2021,14:48:45.713,12:48:45.713,64514,Timeline2,Tobii I-VT (Fixation),1.145.28180,1080,1920,"10,00",708221966.0,,,1176.0,436.0,1187.0,427.0,1166.0,445.0,"0,17414","0,02927","-0,98429","0,05373","0,03766","-0,99785",,,Valid,Valid,"234,2","101,6","514,4","292,1","102,5","510,0","325,2","116,9","319,6","121,8","0,6737","0,4038","0,6819","0,3956","0,6655","0,4120",thumbnail_grossTrial,thumbnail_grossTrial.png,1245.0,1080.0,337.0,0.0,798.0,692.0,Saccade,25.0,162.0,,,,,,
28354,40367235,1400479638522,Eye Tracker,Participant0058,17.09.2021,Participant0058,Recording4,17.09.2021,17.09.2021,14:48:45.713,12:48:45.713,64514,Timeline2,Tobii I-VT (Fixation),1.145.28180,1080,1920,"10,00",708230262.0,,,1078.0,594.0,1071.0,617.0,1086.0,571.0,"0,11348","0,12867","-0,98517","0,01061","0,10443","-0,99448",,,Valid,Valid,"234,1","101,7","514,5","292,1","102,6","510,1","293,4","168,9","297,6","156,2","0,5948","0,5500","0,5887","0,5715","0,6009","0,5284",thumbnail_grossTrial,thumbnail_grossTrial.png,1245.0,1080.0,337.0,0.0,798.0,692.0,Saccade,25.0,162.0,,,,,,
28355,40375577,1400479646864,Eye Tracker,Participant0058,17.09.2021,Participant0058,Recording4,17.09.2021,17.09.2021,14:48:45.713,12:48:45.713,64514,Timeline2,Tobii I-VT (Fixation),1.145.28180,1080,1920,"10,00",708238604.0,,,,,,,,,,,,,,,,,Invalid,Invalid,,,,,,,,,,,,,,,,,thumbnail_grossTrial,thumbnail_grossTrial.png,1245.0,1080.0,337.0,0.0,798.0,692.0,EyesNotFound,8.0,329.0,,,,,,
28356,40383903,1400479655190,Eye Tracker,Participant0058,17.09.2021,Participant0058,Recording4,17.09.2021,17.09.2021,14:48:45.713,12:48:45.713,64514,Timeline2,Tobii I-VT (Fixation),1.145.28180,1080,1920,"10,00",708246930.0,,,1080.0,685.0,1070.0,679.0,1089.0,692.0,"0,11284","0,15986","-0,98067","0,01226","0,16715","-0,98585",,,Valid,Valid,"234,2","101,9","514,7","292,1","102,7","510,2","293,4","185,8","298,4","189,2","0,5961","0,6344","0,5887","0,6285","0,6035","0,6403",thumbnail_grossTrial,thumbnail_grossTrial.png,1245.0,1080.0,337.0,0.0,798.0,692.0,Saccade,25.0,163.0,,,,,,
28357,40392263,1400479663550,Eye Tracker,Participant0058,17.09.2021,Participant0058,Recording4,17.09.2021,17.09.2021,14:48:45.713,12:48:45.713,64514,Timeline2,Tobii I-VT (Fixation),1.145.28180,1080,1920,"10,00",708255289.0,,,1065.0,735.0,1049.0,737.0,1082.0,733.0,"0,10148","0,18915","-0,97669","0,00848","0,18802","-0,98213",,,Valid,Valid,"234,1","101,9","514,7","292,0","102,8","510,3","287,5","201,6","296,5","200,5","0,5846","0,6802","0,5716","0,6821","0,5977","0,6782",thumbnail_grossTrial,thumbnail_grossTrial.png,1245.0,1080.0,337.0,0.0,798.0,692.0,Saccade,25.0,163.0,,,,,,
28358,40400564,1400479671851,Eye Tracker,Participant0058,17.09.2021,Participant0058,Recording4,17.09.2021,17.09.2021,14:48:45.713,12:48:45.713,64514,Timeline2,Tobii I-VT (Fixation),1.145.28180,1080,1920,"10,00",708263590.0,,,1058.0,751.0,1049.0,756.0,1067.0,745.0,"0,10142","0,19905","-0,97473","0,00058","0,19430","-0,98094","4,51","4,44",Valid,Valid,"234,0","101,9","514,7","292,1","102,7","510,3","287,6","207,0","292,4","203,8","0,5787","0,6950","0,5718","0,7004","0,5857","0,6896",thumbnail_grossTrial,thumbnail_grossTrial.png,1245.0,1080.0,337.0,0.0,798.0,692.0,Saccade,25.0,163.0,,,,,,
28359,40408984,1400479680271,Eye Tracker,Participant0058,17.09.2021,Participant0058,Recording4,17.09.2021,17.09.2021,14:48:45.713,12:48:45.713,64514,Timeline2,Tobii I-VT (Fixation),1.145.28180,1080,1920,"10,00",708272010.0,,,1064.0,757.0,1052.0,773.0,1075.0,742.0,"0,10254","0,20722","-0,97291","0,00509","0,19287","-0,98121",,,Valid,Valid,"234,1","101,9","514,6","292,0","102,8","510,2","288,3","211,5","294,7","203,1","0,5831","0,7014","0,5738","0,7157","0,5925","0,6870",thumbnail_grossTrial,thumbnail_grossTrial.png,1245.0,1080.0,337.0,0.0,798.0,692.0,Fixation,808.0,81.0,1063.0,765.0,"0,5830","0,7081",,
28360,40417232,1400479688519,Eye Tracker,Participant0058,17.09.2021,Participant0058,Recording4,17.09.2021,17.09.2021,14:48:45.713,12:48:45.713,64514,Timeline2,Tobii I-VT (Fixation),1.145.28180,1080,1920,"10,00",708280257.0,,,1057.0,761.0,1047.0,772.0,1066.0,749.0,"0,10006","0,20677","-0,97326","0,00037","0,19659","-0,98049",,,Valid,Valid,"234,0","101,9","514,6","292,0","102,8","510,2","286,9","211,3","292,2","205,1","0,5775","0,7043","0,5697","0,7147","0,5853","0,6938",thumbnail_grossTrial,thumbnail_grossTrial.png,1245.0,1080.0,337.0,0.0,798.0,692.0,Fixation,808.0,81.0,1063.0,765.0,"0,5830","0,7081",,
28361,40425646,1400479696933,Eye Tracker,Participant0058,17.09.2021,Participant0058,Recording4,17.09.2021,17.09.2021,14:48:45.713,12:48:45.713,64514,Timeline2,Tobii I-VT (Fixation),1.145.28180,1080,1920,"10,00",708288671.0,,,1063.0,756.0,1050.0,770.0,1075.0,743.0,"0,10155","0,20599","-0,97327","0,00491","0,19384","-0,98102","4,51","4,74",Valid,Valid,"234,0","101,7","515,2","292,2","102,3","511,4","287,7","210,7","294,7","203,3","0,5824","0,7004","0,5722","0,7129","0,5926","0,6879",thumbnail_grossTrial,thumbnail_grossTrial.png,1245.0,1080.0,337.0,0.0,798.0,692.0,Fixation,808.0,81.0,1063.0,765.0,"0,5830","0,7081",,
28362,40433894,1400479705181,Eye Tracker,Participant0058,17.09.2021,Participant0058,Recording4,17.09.2021,17.09.2021,14:48:45.713,12:48:45.713,64514,Timeline2,Tobii I-VT (Fixation),1.145.28180,1080,1920,"10,00",708296920.0,,,1064.0,763.0,1053.0,776.0,1075.0,750.0,"0,10289","0,20916","-0,97245","0,00456","0,19809","-0,98017",,,Valid,Valid,"234,0","101,6","515,4","292,3","101,6","512,9","288,5","212,4","294,7","205,3","0,5835","0,7067","0,5745","0,7187","0,5925","0,6946",thumbnail_grossTrial,thumbnail_grossTrial.png,1245.0,1080.0,337.0,0.0,798.0,692.0,Fixation,808.0,81.0,1063.0,765.0,"0,5830","0,7081",,
28363,40442264,1400479713551,Eye Tracker,Participant0058,17.09.2021,Participant0058,Recording4,17.09.2021,17.09.2021,14:48:45.713,12:48:45.713,64514,Timeline2,Tobii I-VT (Fixation),1.145.28180,1080,1920,"10,00",708305289.0,,,1067.0,765.0,1058.0,776.0,1075.0,754.0,"0,10564","0,20897","-0,97220","0,00433","0,20034","-0,97972",,,Valid,Valid,"233,9","101,5","515,6","292,4","101,1","514,3","290,0","212,3","294,7","206,2","0,5856","0,7081","0,5787","0,7183","0,5925","0,6978",thumbnail_grossTrial,thumbnail_grossTrial.png,1245.0,1080.0,337.0,0.0,798.0,692.0,Fixation,808.0,81.0,1063.0,765.0,"0,5830","0,7081",,
28364,40450569,1400479721856,Eye Tracker,Participant0058,17.09.2021,Participant0058,Recording4,17.09.2021,17.09.2021,14:48:45.713,12:48:45.713,64514,Timeline2,Tobii I-VT (Fixation),1.145.28180,1080,1920,"10,00",708313594.0,,,,,,,,,,,,,,,,,Invalid,Invalid,,,,,,,,,,,,,,,,,thumbnail_grossTrial,thumbnail_grossTrial.png,1245.0,1080.0,337.0,0.0,798.0,692.0,Fixation,808.0,81.0,1063.0,765.0,"0,5830","0,7081",,
28365,40458901,1400479730188,Eye Tracker,Participant0058,17.09.2021,Participant0058,Recording4,17.09.2021,17.09.2021,14:48:45.713,12:48:45.713,64514,Timeline2,Tobii I-VT (Fixation),1.145.28180,1080,1920,"10,00",708321926.0,,,1063.0,764.0,1054.0,774.0,1073.0,754.0,"0,10337","0,20809","-0,97263","0,00284","0,20094","-0,97960",,,Valid,Valid,"234,0","101,5","515,6","292,5","100,8","514,8","288,8","211,8","294,0","206,4","0,5829","0,7075","0,5753","0,7165","0,5906","0,6984",thumbnail_grossTrial,thumbnail_grossTrial.png,1245.0,1080.0,337.0,0.0,798.0,692.0,Fixation,808.0,81.0,1063.0,765.0,"0,5830","0,7081",,
28366,40467256,1400479738543,Eye Tracker,Participant0058,17.09.2021,Participant0058,Recording4,17.09.2021,17.09.2021,14:48:45.713,12:48:45.713,64514,Timeline2,Tobii I-VT (Fixation),1.145.28180,1080,1920,"10,00",708330281.0,,,1058.0,767.0,1053.0,779.0,1063.0,756.0,"0,10309","0,21073","-0,97209","-0,00248","0,20164","-0,97946",,,Valid,Valid,"234,0","101,4","515,7","292,5","100,8","514,9","288,6","213,2","291,2","206,8","0,5786","0,7106","0,5748","0,7214","0,5823","0,6997",thumbnail_grossTrial,thumbnail_grossTrial.png,1245.0,1080.0,337.0,0.0,798.0,692.0,Fixation,808.0,81.0,1063.0,765.0,"0,5830","0,7081",,
28367,40475604,1400479746891,Eye Tracker,Participant0058,17.09.2021,Participant0058,Recording4,17.09.2021,17.09.2021,14:48:45.713,12:48:45.713,64514,Timeline2,Tobii I-VT (Fixation),1.145.28180,1080,1920,"10,00",708338628.0,,,1059.0,760.0,,,1059.0,760.0,,,,"-0,00469","0,20394","-0,97897",,"4,93",Invalid,Valid,,,,"292,6","100,7","515,1",,,"290,1","208,0","0,5792","0,7039",,,"0,5792","0,7039",thumbnail_grossTrial,thumbnail_grossTrial.png,1245.0,1080.0,337.0,0.0,798.0,692.0,Fixation,808.0,81.0,1063.0,765.0,"0,5830","0,7081",,
28368,40483930,1400479755217,Eye Tracker,Participant0058,17.09.2021,Participant0058,Recording4,17.09.2021,17.09.2021,14:48:45.713,12:48:45.713,64514,Timeline2,Tobii I-VT (Fixation),1.145.28180,1080,1920,"10,00",708346954.0,,,1055.0,767.0,1057.0,777.0,1054.0,758.0,"0,10480","0,20967","-0,97214","-0,00697","0,20283","-0,97919",,,Valid,Valid,"234,0","101,4","515,7","292,6","100,7","515,2","289,6","212,6","289,0","207,4","0,5767","0,7106","0,5776","0,7194","0,5757","0,7017",thumbnail_grossTrial,thumbnail_grossTrial.png,1245.0,1080.0,337.0,0.0,798.0,692.0,Fixation,808.0,81.0,1063.0,765.0,"0,5830","0,7081",,
28369,40492254,1400479763541,Eye Tracker,Participant0058,17.09.2021,Participant0058,Recording4,17.09.2021,17.09.2021,14:48:45.713,12:48:45.713,64514,Timeline2,Tobii I-VT (Fixation),1.145.28180,1080,1920,"10,00",708355278.0,,,1060.0,764.0,1058.0,770.0,1062.0,759.0,"0,10570","0,20611","-0,97280","-0,00309","0,20328","-0,97912",,,Valid,Valid,"233,9","101,4","515,8","292,6","100,6","515,4","290,0","210,7","291,0","207,6","0,5802","0,7076","0,5788","0,7128","0,5816","0,7024",thumbnail_grossTrial,thumbnail_grossTrial.png,1245.0,1080.0,337.0,0.0,798.0,692.0,Fixation,808.0,81.0,1063.0,765.0,"0,5830","0,7081",,
28370,40500584,1400479771871,Eye Tracker,Participant0058,17.09.2021,Participant0058,Recording4,17.09.2021,17.09.2021,14:48:45.713,12:48:45.713,64514,Timeline2,Tobii I-VT (Fixation),1.145.28180,1080,1920,"10,00",708363607.0,,,1062.0,765.0,1060.0,778.0,1064.0,752.0,"0,10634","0,21021","-0,97186","-0,00216","0,20017","-0,97976","4,45","4,78",Valid,Valid,"234,0","101,3","515,9","292,6","100,5","515,6","290,4","212,9","291,5","205,9","0,5816","0,7085","0,5800","0,7204","0,5832","0,6965",thumbnail_grossTrial,thumbnail_grossTrial.png,1245.0,1080.0,337.0,0.0,798.0,692.0,Fixation,808.0,81.0,1063.0,765.0,"0,5830","0,7081",,
28371,40508924,1400479780211,Eye Tracker,Participant0058,17.09.2021,Participant0058,Recording4,17.09.2021,17.09.2021,14:48:45.713,12:48:45.713,64514,Timeline2,Tobii I-VT (Fixation),1.145.28180,1080,1920,"10,00",708371947.0,,,1057.0,760.0,1050.0,770.0,1063.0,750.0,"0,10140","0,20647","-0,97318","-0,00231","0,19927","-0,97994",,,Valid,Valid,"234,0","101,4","515,9","292,7","100,5","515,6","287,7","210,8","291,4","205,4","0,5776","0,7040","0,5721","0,7132","0,5830","0,6948",thumbnail_grossTrial,thumbnail_grossTrial.png,1245.0,1080.0,337.0,0.0,798.0,692.0,Fixation,808.0,81.0,1063.0,765.0,"0,5830","0,7081",,
28372,40517272,1400479788559,Eye Tracker,Participant0058,17.09.2021,Participant0058,Recording4,17.09.2021,17.09.2021,14:48:45.713,12:48:45.713,64514,Timeline2,Tobii I-VT (Fixation),1.145.28180,1080,1920,"10,00",708380295.0,,,1062.0,759.0,1050.0,770.0,1073.0,748.0,"0,10159","0,20644","-0,97317","0,00299","0,19810","-0,98018",,,Valid,Valid,"233,9","101,3","515,9","292,6","100,4","515,9","287,8","210,8","294,2","204,7","0,5817","0,7028","0,5722","0,7132","0,5911","0,6925",thumbnail_grossTrial,thumbnail_grossTrial.png,1245.0,1080.0,337.0,0.0,798.0,692.0,Fixation,808.0,81.0,1063.0,765.0,"0,5830","0,7081",,
28373,40525584,1400479796871,Eye Tracker,Participant0058,17.09.2021,Participant0058,Recording4,17.09.2021,17.09.2021,14:48:45.713,12:48:45.713,64514,Timeline2,Tobii I-VT (Fixation),1.145.28180,1080,1920,"10,00",708388606.0,,,1056.0,766.0,1065.0,779.0,1047.0,753.0,"0,10929","0,21039","-0,97149","-0,01111","0,20062","-0,97961","4,72","4,44",Valid,Valid,"233,9","101,3","516,0","292,7","100,3","516,1","292,0","213,1","286,8","206,0","0,5770","0,7090","0,5845","0,7209","0,5695","0,6971",thumbnail_grossTrial,thumbnail_grossTrial.png,1245.0,1080.0,337.0,0.0,798.0,692.0,Fixation,808.0,81.0,1063.0,765.0,"0,5830","0,7081",,
28374,40533982,1400479805269,Eye Tracker,Participant0058,17.09.2021,Participant0058,Recording4,17.09.2021,17.09.2021,14:48:45.713,12:48:45.713,64514,Timeline2,Tobii I-VT (Fixation),1.145.28180,1080,1920,"10,00",708397004.0,,,1064.0,766.0,1058.0,776.0,1070.0,756.0,"0,10571","0,20926","-0,97213","0,00107","0,20215","-0,97935",,,Valid,Valid,"233,9","101,3","516,0","292,7","100,3","516,2","290,0","212,4","293,2","206,8","0,5836","0,7092","0,5789","0,7186","0,5883","0,6998",thumbnail_grossTrial,thumbnail_grossTrial.png,1245.0,1080.0,337.0,0.0,798.0,692.0,Fixation,808.0,81.0,1063.0,765.0,"0,5830","0,7081",,
28375,40542220,1400479813507,Eye Tracker,Participant0058,17.09.2021,Participant0058,Recording4,17.09.2021,17.09.2021,14:48:45.713,12:48:45.713,64514,Timeline2,Tobii I-VT (Fixation),1.145.28180,1080,1920,"10,00",708405242.0,,,1062.0,768.0,1059.0,777.0,1066.0,759.0,"0,10602","0,20988","-0,97196","-0,00113","0,20384","-0,97900",,,Valid,Valid,"233,9","101,3","516,1","292,7","100,2","516,4","290,2","212,7","292,1","207,8","0,5820","0,7114","0,5793","0,7198","0,5848","0,7029",thumbnail_grossTrial,thumbnail_grossTrial.png,1245.0,1080.0,337.0,0.0,798.0,692.0,Fixation,808.0,81.0,1063.0,765.0,"0,5830","0,7081",,
28376,40550635,1400479821922,Eye Tracker,Participant0058,17.09.2021,Participant0058,Recording4,17.09.2021,17.09.2021,14:48:45.713,12:48:45.713,64514,Timeline2,Tobii I-VT (Fixation),1.145.28180,1080,1920,"10,00",708413657.0,,,1062.0,769.0,1055.0,779.0,1069.0,758.0,"0,10404","0,21091","-0,97195","0,00050","0,20323","-0,97913","4,44","4,42",Valid,Valid,"233,9","101,3","516,2","292,7","100,2","516,6","289,2","213,3","293,0","207,4","0,5819","0,7116","0,5763","0,7216","0,5875","0,7016",thumbnail_grossTrial,thumbnail_grossTrial.png,1245.0,1080.0,337.0,0.0,798.0,692.0,Fixation,808.0,81.0,1063.0,765.0,"0,5830","0,7081",,
28377,40558918,1400479830205,Eye Tracker,Participant0058,17.09.2021,Participant0058,Recording4,17.09.2021,17.09.2021,14:48:45.713,12:48:45.713,64514,Timeline2,Tobii I-VT (Fixation),1.145.28180,1080,1920,"10,00",708421939.0,,,1063.0,768.0,1057.0,780.0,1069.0,757.0,"0,10518","0,21128","-0,97175","0,00028","0,20283","-0,97921",,,Valid,Valid,"233,9","101,2","516,3","292,7","100,1","516,6","289,8","213,5","292,9","207,1","0,5827","0,7116","0,5782","0,7223","0,5872","0,7008",thumbnail_grossTrial,thumbnail_grossTrial.png,1245.0,1080.0,337.0,0.0,798.0,692.0,Fixation,808.0,81.0,1063.0,765.0,"0,5830","0,7081",,
28378,40567251,1400479838538,Eye Tracker,Participant0058,17.09.2021,Participant0058,Recording4,17.09.2021,17.09.2021,14:48:45.713,12:48:45.713,64514,Timeline2,Tobii I-VT (Fixation),1.145.28180,1080,1920,"10,00",708430272.0,,,1055.0,769.0,1052.0,783.0,1058.0,755.0,"0,10256","0,21301","-0,97165","-0,00545","0,20165","-0,97944",,,Valid,Valid,"233,9","101,2","516,4","292,7","100,1","516,7","288,4","214,4","289,8","206,5","0,5762","0,7120","0,5741","0,7254","0,5783","0,6987",thumbnail_grossTrial,thumbnail_grossTrial.png,1245.0,1080.0,337.0,0.0,798.0,692.0,Fixation,808.0,81.0,1063.0,765.0,"0,5830","0,7081",,
28379,40575678,1400479846965,Eye Tracker,Participant0058,17.09.2021,Participant0058,Recording4,17.09.2021,17.09.2021,14:48:45.713,12:48:45.713,64514,Timeline2,Tobii I-VT (Fixation),1.145.28180,1080,1920,"10,00",708438699.0,,,1066.0,771.0,1056.0,786.0,1076.0,756.0,"0,10458","0,21450","-0,97111","0,00403","0,20251","-0,97927","4,45","4,67",Valid,Valid,"233,9","101,1","516,5","292,8","100,1","516,8","289,5","215,2","294,9","206,9","0,5853","0,7142","0,5774","0,7282","0,5931","0,7002",thumbnail_grossTrial,thumbnail_grossTrial.png,1245.0,1080.0,337.0,0.0,798.0,692.0,Fixation,808.0,81.0,1063.0,765.0,"0,5830","0,7081",,
28380,40583912,1400479855199,Eye Tracker,Participant0058,17.09.2021,Participant0058,Recording4,17.09.2021,17.09.2021,14:48:45.713,12:48:45.713,64514,Timeline2,Tobii I-VT (Fixation),1.145.28180,1080,1920,"10,00",708446932.0,,,1066.0,769.0,1054.0,786.0,1079.0,753.0,"0,10303","0,21448","-0,97128","0,00565","0,20070","-0,97964",,,Valid,Valid,"233,9","101,1","516,5","292,8","100,1","516,7","288,7","215,2","295,8","205,9","0,5854","0,7124","0,5751","0,7280","0,5957","0,6968",thumbnail_grossTrial,thumbnail_grossTrial.png,1245.0,1080.0,337.0,0.0,798.0,692.0,Fixation,808.0,81.0,1063.0,765.0,"0,5830","0,7081",,
28381,40592255,1400479863542,Eye Tracker,Participant0058,17.09.2021,Participant0058,Recording4,17.09.2021,17.09.2021,14:48:45.713,12:48:45.713,64514,Timeline2,Tobii I-VT (Fixation),1.145.28180,1080,1920,"10,00",708455275.0,,,1071.0,763.0,1062.0,774.0,1079.0,751.0,"0,10746","0,20860","-0,97208","0,00576","0,20017","-0,97974",,,Valid,Valid,"233,9","101,1","516,7","292,8","100,1","516,8","291,0","211,9","295,8","205,6","0,5888","0,7064","0,5818","0,7170","0,5958","0,6958",thumbnail_grossTrial,thumbnail_grossTrial.png,1245.0,1080.0,337.0,0.0,798.0,692.0,Fixation,808.0,81.0,1063.0,765.0,"0,5830","0,7081",,
28382,40600587,1400479871874,Eye Tracker,Participant0058,17.09.2021,Participant0058,Recording4,17.09.2021,17.09.2021,14:48:45.713,12:48:45.713,64514,Timeline2,Tobii I-VT (Fixation),1.145.28180,1080,1920,"10,00",708463607.0,,,1074.0,751.0,,,1074.0,751.0,,,,"0,00278","0,19996","-0,97980",,"4,42",Invalid,Valid,,,,"292,8","100,0","516,9",,,"294,3","205,5","0,5913","0,6953",,,"0,5913","0,6953",thumbnail_grossTrial,thumbnail_grossTrial.png,1245.0,1080.0,337.0,0.0,798.0,692.0,Fixation,808.0,81.0,1063.0,765.0,"0,5830","0,7081",,
28383,40608887,1400479880174,Eye Tracker,Participant0058,17.09.2021,Participant0058,Recording4,17.09.2021,17.09.2021,14:48:45.713,12:48:45.713,64514,Timeline2,Tobii I-VT (Fixation),1.145.28180,1080,1920,"10,00",708471907.0,,,1066.0,764.0,1061.0,771.0,1070.0,758.0,"0,10706","0,20692","-0,97248","0,00099","0,20352","-0,97907",,,Valid,Valid,"234,0","101,0","516,8","292,8","100,0","516,8","290,9","210,9","293,3","207,4","0,5849","0,7078","0,5813","0,7137","0,5886","0,7019",thumbnail_grossTrial,thumbnail_grossTrial.png,1245.0,1080.0,337.0,0.0,798.0,692.0,Fixation,808.0,81.0,1063.0,765.0,"0,5830","0,7081",,
28384,40617219,1400479888506,Eye Tracker,Participant0058,17.09.2021,Participant0058,Recording4,17.09.2021,17.09.2021,14:48:45.713,12:48:45.713,64514,Timeline2,Tobii I-VT (Fixation),1.145.28180,1080,1920,"10,00",708480239.0,,,1062.0,768.0,1057.0,774.0,1067.0,762.0,"0,10494","0,20838","-0,97240","-0,00061","0,20568","-0,97862",,,Valid,Valid,"233,9","100,9","516,9","292,8","100,0","516,9","289,7","211,7","292,5","208,6","0,5819","0,7110","0,5778","0,7162","0,5860","0,7058",thumbnail_grossTrial,thumbnail_grossTrial.png,1245.0,1080.0,337.0,0.0,798.0,692.0,Fixation,808.0,81.0,1063.0,765.0,"0,5830","0,7081",,
28385,40625571,1400479896858,Eye Tracker,Participant0058,17.09.2021,Participant0058,Recording4,17.09.2021,17.09.2021,14:48:45.713,12:48:45.713,64514,Timeline2,Tobii I-VT (Fixation),1.145.28180,1080,1920,"10,00",708488590.0,,,1068.0,762.0,,,1068.0,762.0,,,,"-0,00027","0,20548","-0,97866",,"4,41",Invalid,Valid,,,,"292,8","99,9","517,0",,,"292,7","208,5","0,5866","0,7054",,,"0,5866","0,7054",thumbnail_grossTrial,thumbnail_grossTrial.png,1245.0,1080.0,337.0,0.0,798.0,692.0,Fixation,808.0,81.0,1063.0,765.0,"0,5830","0,7081",,
28386,40633930,1400479905217,Eye Tracker,Participant0058,17.09.2021,Participant0058,Recording4,17.09.2021,17.09.2021,14:48:45.713,12:48:45.713,64514,Timeline2,Tobii I-VT (Fixation),1.145.28180,1080,1920,"10,00",708496949.0,,,1066.0,759.0,1064.0,768.0,1067.0,749.0,"0,10853","0,20565","-0,97259","-0,00050","0,19914","-0,97997",,,Valid,Valid,"233,9","100,8","517,1","292,8","99,9","517,0","291,6","210,2","292,6","205,0","0,5849","0,7023","0,5835","0,7111","0,5863","0,6936",thumbnail_grossTrial,thumbnail_grossTrial.png,1245.0,1080.0,337.0,0.0,798.0,692.0,Fixation,808.0,81.0,1063.0,765.0,"0,5830","0,7081",,
28387,40642210,1400479913497,Eye Tracker,Participant0058,17.09.2021,Participant0058,Recording4,17.09.2021,17.09.2021,14:48:45.713,12:48:45.713,64514,Timeline2,Tobii I-VT (Fixation),1.145.28180,1080,1920,"10,00",708505229.0,,,1065.0,759.0,1062.0,770.0,1068.0,748.0,"0,10774","0,20676","-0,97244","-0,00007","0,19841","-0,98012",,,Valid,Valid,"233,8","100,8","517,2","292,8","99,9","517,1","291,1","210,8","292,7","204,6","0,5845","0,7026","0,5821","0,7131","0,5868","0,6921",thumbnail_grossTrial,thumbnail_grossTrial.png,1245.0,1080.0,337.0,0.0,798.0,692.0,Fixation,808.0,81.0,1063.0,765.0,"0,5830","0,7081",,
28388,40650547,1400479921834,Eye Tracker,Participant0058,17.09.2021,Participant0058,Recording4,17.09.2021,17.09.2021,14:48:45.713,12:48:45.713,64514,Timeline2,Tobii I-VT (Fixation),1.145.28180,1080,1920,"10,00",708513566.0,,,1072.0,753.0,1067.0,761.0,1077.0,745.0,"0,11011","0,20247","-0,97308","0,00469","0,19745","-0,98030","4,56","4,36",Valid,Valid,"233,9","100,7","517,4","292,8","99,8","517,3","292,4","208,4","295,3","204,0","0,5901","0,6976","0,5858","0,7050","0,5943","0,6903",thumbnail_grossTrial,thumbnail_grossTrial.png,1245.0,1080.0,337.0,0.0,798.0,692.0,Fixation,808.0,81.0,1063.0,765.0,"0,5830","0,7081",,
28389,40658989,1400479930276,Eye Tracker,Participant0058,17.09.2021,Participant0058,Recording4,17.09.2021,17.09.2021,14:48:45.713,12:48:45.713,64514,Timeline2,Tobii I-VT (Fixation),1.145.28180,1080,1920,"10,00",708522008.0,,,1067.0,756.0,1060.0,756.0,1074.0,757.0,"0,10649","0,19984","-0,97402","0,00299","0,20301","-0,97917",,,Valid,Valid,"233,9","100,7","517,4","292,8","99,8","517,3","290,5","206,9","294,4","207,1","0,5859","0,7003","0,5801","0,6999","0,5916","0,7006",thumbnail_grossTrial,thumbnail_grossTrial.png,1245.0,1080.0,337.0,0.0,798.0,692.0,Fixation,808.0,81.0,1063.0,765.0,"0,5830","0,7081",,
28390,40667232,1400479938519,Eye Tracker,Participant0058,17.09.2021,Participant0058,Recording4,17.09.2021,17.09.2021,14:48:45.713,12:48:45.713,64514,Timeline2,Tobii I-VT (Fixation),1.145.28180,1080,1920,"10,00",708530250.0,,,1080.0,749.0,1087.0,739.0,1074.0,759.0,"0,12059","0,19112","-0,97413","0,00288","0,20399","-0,97897",,,Valid,Valid,"233,8","100,7","517,5","292,8","99,8","517,3","297,9","202,2","294,3","207,6","0,5966","0,6933","0,6019","0,6842","0,5914","0,7024",thumbnail_grossTrial,thumbnail_grossTrial.png,1245.0,1080.0,337.0,0.0,798.0,692.0,Fixation,808.0,81.0,1063.0,765.0,"0,5830","0,7081",,
28391,40675576,1400479946863,Eye Tracker,Participant0058,17.09.2021,Participant0058,Recording4,17.09.2021,17.09.2021,14:48:45.713,12:48:45.713,64514,Timeline2,Tobii I-VT (Fixation),1.145.28180,1080,1920,"10,00",708538594.0,,,1061.0,756.0,1051.0,760.0,1070.0,752.0,"0,10200","0,20189","-0,97408","0,00103","0,20095","-0,97960","4,39","4,58",Valid,Valid,"233,9","100,6","517,6","292,8","99,8","517,4","288,1","207,9","293,4","205,9","0,5809","0,7001","0,5731","0,7035","0,5887","0,6967",thumbnail_grossTrial,thumbnail_grossTrial.png,1245.0,1080.0,337.0,0.0,798.0,692.0,Fixation,808.0,81.0,1063.0,765.0,"0,5830","0,7081",,
28392,40683913,1400479955200,Eye Tracker,Participant0058,17.09.2021,Participant0058,Recording4,17.09.2021,17.09.2021,14:48:45.713,12:48:45.713,64514,Timeline2,Tobii I-VT (Fixation),1.145.28180,1080,1920,"10,00",708546931.0,,,1065.0,758.0,1057.0,765.0,1073.0,751.0,"0,10504","0,20424","-0,97327","0,00255","0,20007","-0,97978",,,Valid,Valid,"233,9","100,6","517,6","292,8","99,8","517,4","289,7","209,3","294,2","205,4","0,5845","0,7015","0,5781","0,7080","0,5910","0,6951",thumbnail_grossTrial,thumbnail_grossTrial.png,1245.0,1080.0,337.0,0.0,798.0,692.0,Fixation,808.0,81.0,1063.0,765.0,"0,5830","0,7081",,
28393,40692247,1400479963534,Eye Tracker,Participant0058,17.09.2021,Participant0058,Recording4,17.09.2021,17.09.2021,14:48:45.713,12:48:45.713,64514,Timeline2,Tobii I-VT (Fixation),1.145.28180,1080,1920,"10,00",708555264.0,,,1067.0,761.0,1061.0,774.0,1072.0,748.0,"0,10693","0,20903","-0,97205","0,00212","0,19895","-0,98001",,,Valid,Valid,"233,8","100,6","517,6","292,8","99,8","517,5","290,8","211,9","293,9","204,8","0,5857","0,7050","0,5810","0,7171","0,5903","0,6930",thumbnail_grossTrial,thumbnail_grossTrial.png,1245.0,1080.0,337.0,0.0,798.0,692.0,Fixation,808.0,81.0,1063.0,765.0,"0,5830","0,7081",,
28394,40700577,1400479971864,Eye Tracker,Participant0058,17.09.2021,Participant0058,Recording4,17.09.2021,17.09.2021,14:48:45.713,12:48:45.713,64514,Timeline2,Tobii I-VT (Fixation),1.145.28180,1080,1920,"10,00",708563594.0,,,1066.0,764.0,1061.0,774.0,1070.0,753.0,"0,10709","0,20900","-0,97203","0,00097","0,20112","-0,97957","4,39","4,70",Valid,Valid,"233,9","100,6","517,7","292,9","99,7","517,5","290,9","211,9","293,4","206,0","0,5850","0,7070","0,5814","0,7170","0,5886","0,6970",thumbnail_grossTrial,thumbnail_grossTrial.png,1245.0,1080.0,337.0,0.0,798.0,692.0,Fixation,808.0,81.0,1063.0,765.0,"0,5830","0,7081",,
28395,40708871,1400479980158,Eye Tracker,Participant0058,17.09.2021,Participant0058,Recording4,17.09.2021,17.09.2021,14:48:45.713,12:48:45.713,64514,Timeline2,Tobii I-VT (Fixation),1.145.28180,1080,1920,"10,00",708571888.0,,,1057.0,765.0,1057.0,774.0,1057.0,755.0,"0,10499","0,20900","-0,97226","-0,00604","0,20222","-0,97932",,,Valid,Valid,"233,9","100,6","517,7","292,9","99,8","517,5","289,8","211,9","289,7","206,6","0,5780","0,7080","0,5782","0,7169","0,5778","0,6991",thumbnail_grossTrial,thumbnail_grossTrial.png,1245.0,1080.0,337.0,0.0,798.0,692.0,Fixation,808.0,81.0,1063.0,765.0,"0,5830","0,7081",,
28396,40717234,1400479988521,Eye Tracker,Participant0058,17.09.2021,Participant0058,Recording4,17.09.2021,17.09.2021,14:48:45.713,12:48:45.713,64514,Timeline2,Tobii I-VT (Fixation),1.145.28180,1080,1920,"10,00",708580251.0,,,1056.0,763.0,1054.0,771.0,1057.0,755.0,"0,10358","0,20757","-0,97272","-0,00594","0,20219","-0,97933",,,Valid,Valid,"233,8","100,6","517,8","292,8","99,8","517,5","289,0","211,1","289,7","206,6","0,5768","0,7066","0,5758","0,7142","0,5778","0,6990",thumbnail_grossTrial,thumbnail_grossTrial.png,1245.0,1080.0,337.0,0.0,798.0,692.0,Fixation,808.0,81.0,1063.0,765.0,"0,5830","0,7081",,
28397,40725576,1400479996863,Eye Tracker,Participant0058,17.09.2021,Participant0058,Recording4,17.09.2021,17.09.2021,14:48:45.713,12:48:45.713,64514,Timeline2,Tobii I-VT (Fixation),1.145.28180,1080,1920,"10,00",708588592.0,,,1055.0,763.0,1057.0,767.0,1053.0,759.0,"0,10490","0,20564","-0,97299","-0,00818","0,20435","-0,97886","4,32","4,31",Valid,Valid,"233,9","100,6","517,9","292,9","99,7","517,6","289,7","210,0","288,5","207,8","0,5762","0,7068","0,5779","0,7105","0,5745","0,7030",thumbnail_grossTrial,thumbnail_grossTrial.png,1245.0,1080.0,337.0,0.0,798.0,692.0,Fixation,808.0,81.0,1063.0,765.0,"0,5830","0,7081",,
28398,40733906,1400480005193,Eye Tracker,Participant0058,17.09.2021,Participant0058,Recording4,17.09.2021,17.09.2021,14:48:45.713,12:48:45.713,64514,Timeline2,Tobii I-VT (Fixation),1.145.28180,1080,1920,"10,00",708596922.0,,,1056.0,763.0,1061.0,767.0,1050.0,759.0,"0,10691","0,20556","-0,97279","-0,00963","0,20440","-0,97884",,,Valid,Valid,"233,9","100,6","517,8","292,9","99,7","517,6","290,8","210,0","287,8","207,8","0,5767","0,7068","0,5811","0,7105","0,5723","0,7031",thumbnail_grossTrial,thumbnail_grossTrial.png,1245.0,1080.0,337.0,0.0,798.0,692.0,Fixation,808.0,81.0,1063.0,765.0,"0,5830","0,7081",,
28399,40742280,1400480013567,Eye Tracker,Participant0058,17.09.2021,Participant0058,Recording4,17.09.2021,17.09.2021,14:48:45.713,12:48:45.713,64514,Timeline2,Tobii I-VT (Fixation),1.145.28180,1080,1920,"10,00",708605296.0,,,1056.0,764.0,1062.0,769.0,1050.0,759.0,"0,10758","0,20630","-0,97256","-0,00955","0,20443","-0,97884",,,Valid,Valid,"233,8","100,6","517,8","292,8","99,7","517,7","291,1","210,4","287,8","207,8","0,5771","0,7075","0,5820","0,7119","0,5723","0,7031",thumbnail_grossTrial,thumbnail_grossTrial.png,1245.0,1080.0,337.0,0.0,798.0,692.0,Fixation,808.0,81.0,1063.0,765.0,"0,5830","0,7081",,
28400,40750554,1400480021841,Eye Tracker,Participant0058,17.09.2021,Participant0058,Recording4,17.09.2021,17.09.2021,14:48:45.713,12:48:45.713,64514,Timeline2,Tobii I-VT (Fixation),1.145.28180,1080,1920,"10,00",708613569.0,,,1059.0,766.0,1064.0,771.0,1054.0,761.0,"0,10818","0,20719","-0,97230","-0,00745","0,20504","-0,97873","4,30","4,52",Valid,Valid,"233,9","100,5","517,9","292,9","99,6","517,8","291,5","210,9","288,9","208,1","0,5794","0,7089","0,5831","0,7136","0,5757","0,7042",thumbnail_grossTrial,thumbnail_grossTrial.png,1245.0,1080.0,337.0,0.0,798.0,692.0,Fixation,808.0,81.0,1063.0,765.0,"0,5830","0,7081",,
28401,40758867,1400480030154,Eye Tracker,Participant0058,17.09.2021,Participant0058,Recording4,17.09.2021,17.09.2021,14:48:45.713,12:48:45.713,64514,Timeline2,Tobii I-VT (Fixation),1.145.28180,1080,1920,"10,00",708621882.0,,,1067.0,764.0,1064.0,773.0,1070.0,755.0,"0,10843","0,20850","-0,97199","0,00072","0,20233","-0,97932",,,Valid,Valid,"233,9","100,5","517,9","292,9","99,6","517,8","291,7","211,6","293,3","206,6","0,5860","0,7075","0,5837","0,7160","0,5884","0,6991",thumbnail_grossTrial,thumbnail_grossTrial.png,1245.0,1080.0,337.0,0.0,798.0,692.0,Fixation,808.0,81.0,1063.0,765.0,"0,5830","0,7081",,
28402,40767229,1400480038516,Eye Tracker,Participant0058,17.09.2021,Participant0058,Recording4,17.09.2021,17.09.2021,14:48:45.713,12:48:45.713,64514,Timeline2,Tobii I-VT (Fixation),1.145.28180,1080,1920,"10,00",708630244.0,,,1066.0,764.0,1060.0,772.0,1071.0,755.0,"0,10659","0,20800","-0,97230","0,00124","0,20259","-0,97926",,,Valid,Valid,"233,8","100,5","517,9","292,8","99,6","517,9","290,6","211,3","293,5","206,7","0,5848","0,7072","0,5806","0,7150","0,5890","0,6995",thumbnail_grossTrial,thumbnail_grossTrial.png,1245.0,1080.0,337.0,0.0,798.0,692.0,Fixation,808.0,81.0,1063.0,765.0,"0,5830","0,7081",,
28403,40775541,1400480046828,Eye Tracker,Participant0058,17.09.2021,Participant0058,Recording4,17.09.2021,17.09.2021,14:48:45.713,12:48:45.713,64514,Timeline2,Tobii I-VT (Fixation),1.145.28180,1080,1920,"10,00",708638555.0,,,1076.0,759.0,1084.0,761.0,1068.0,758.0,"0,11847","0,20240","-0,97211","-0,00050","0,20370","-0,97903","4,46","4,26",Valid,Valid,"233,9","100,5","518,0","292,9","99,6","518,0","297,0","208,3","292,6","207,3","0,5929","0,7032","0,5992","0,7049","0,5865","0,7015",thumbnail_grossTrial,thumbnail_grossTrial.png,1245.0,1080.0,337.0,0.0,798.0,692.0,Fixation,808.0,81.0,1063.0,765.0,"0,5830","0,7081",,
28404,40783893,1400480055180,Eye Tracker,Participant0058,17.09.2021,Participant0058,Recording4,17.09.2021,17.09.2021,14:48:45.713,12:48:45.713,64514,Timeline2,Tobii I-VT (Fixation),1.145.28180,1080,1920,"10,00",708646907.0,,,1079.0,758.0,1084.0,761.0,1074.0,754.0,"0,11839","0,20237","-0,97213","0,00276","0,20184","-0,97941",,,Valid,Valid,"233,9","100,5","517,9","292,9","99,6","517,9","297,0","208,3","294,4","206,3","0,5954","0,7015","0,5992","0,7049","0,5916","0,6981",thumbnail_grossTrial,thumbnail_grossTrial.png,1245.0,1080.0,337.0,0.0,798.0,692.0,Fixation,808.0,81.0,1063.0,765.0,"0,5830","0,7081",,
28405,40792227,1400480063514,Eye Tracker,Participant0058,17.09.2021,Participant0058,Recording4,17.09.2021,17.09.2021,14:48:45.713,12:48:45.713,64514,Timeline2,Tobii I-VT (Fixation),1.145.28180,1080,1920,"10,00",708655241.0,,,1076.0,759.0,1082.0,759.0,1069.0,758.0,"0,11780","0,20152","-0,97237","0,00027","0,20392","-0,97899",,,Valid,Valid,"233,8","100,5","517,9","292,9","99,6","517,9","296,6","207,8","293,0","207,5","0,5928","0,7026","0,5981","0,7032","0,5876","0,7020",thumbnail_grossTrial,thumbnail_grossTrial.png,1245.0,1080.0,337.0,0.0,798.0,692.0,Fixation,808.0,81.0,1063.0,765.0,"0,5830","0,7081",,
28406,40800561,1400480071848,Eye Tracker,Participant0058,17.09.2021,Participant0058,Recording4,17.09.2021,17.09.2021,14:48:45.713,12:48:45.713,64514,Timeline2,Tobii I-VT (Fixation),1.145.28180,1080,1920,"10,00",708663575.0,,,1067.0,761.0,1059.0,770.0,1075.0,753.0,"0,10569","0,20703","-0,97261","0,00337","0,20126","-0,97953","4,25","4,50",Valid,Valid,"233,9","100,5","518,0","292,9","99,6","517,8","290,1","210,7","294,7","206,0","0,5858","0,7050","0,5792","0,7130","0,5925","0,6970",thumbnail_grossTrial,thumbnail_grossTrial.png,1245.0,1080.0,337.0,0.0,798.0,692.0,Fixation,808.0,81.0,1063.0,765.0,"0,5830","0,7081",,
28407,40808863,1400480080150,Eye Tracker,Participant0058,17.09.2021,Participant0058,Recording4,17.09.2021,17.09.2021,14:48:45.713,12:48:45.713,64514,Timeline2,Tobii I-VT (Fixation),1.145.28180,1080,1920,"10,00",708671877.0,,,1061.0,762.0,1052.0,764.0,1071.0,760.0,"0,10221","0,20392","-0,97364","0,00107","0,20486","-0,97879",,,Valid,Valid,"233,9","100,5","518,0","292,9","99,7","517,6","288,3","209,0","293,4","208,0","0,5813","0,7054","0,5737","0,7070","0,5889","0,7038",thumbnail_grossTrial,thumbnail_grossTrial.png,1245.0,1080.0,337.0,0.0,798.0,692.0,Fixation,808.0,81.0,1063.0,765.0,"0,5830","0,7081",,
28408,40817197,1400480088484,Eye Tracker,Participant0058,17.09.2021,Participant0058,Recording4,17.09.2021,17.09.2021,14:48:45.713,12:48:45.713,64514,Timeline2,Tobii I-VT (Fixation),1.145.28180,1080,1920,"10,00",708680211.0,,,1061.0,757.0,1054.0,755.0,1068.0,759.0,"0,10362","0,19954","-0,97440","-0,00018","0,20430","-0,97891",,,Valid,Valid,"233,8","100,5","518,0","292,8","99,7","517,5","288,9","206,5","292,7","207,7","0,5812","0,7008","0,5756","0,6988","0,5867","0,7029",thumbnail_grossTrial,thumbnail_grossTrial.png,1245.0,1080.0,337.0,0.0,798.0,692.0,Fixation,808.0,81.0,1063.0,765.0,"0,5830","0,7081",,
28409,40825623,1400480096910,Eye Tracker,Participant0058,17.09.2021,Participant0058,Recording4,17.09.2021,17.09.2021,14:48:45.713,12:48:45.713,64514,Timeline2,Tobii I-VT (Fixation),1.145.28180,1080,1920,"10,00",708688636.0,,,1051.0,761.0,1053.0,757.0,1049.0,766.0,"0,10288","0,20062","-0,97425","-0,00995","0,20764","-0,97815","4,24","4,20",Valid,Valid,"233,8","100,4","518,1","292,8","99,8","517,4","288,5","207,1","287,6","209,6","0,5731","0,7050","0,5745","0,7007","0,5717","0,7092",thumbnail_grossTrial,thumbnail_grossTrial.png,1245.0,1080.0,337.0,0.0,798.0,692.0,Fixation,808.0,81.0,1063.0,765.0,"0,5830","0,7081",,
28410,40833902,1400480105189,Eye Tracker,Participant0058,17.09.2021,Participant0058,Recording4,17.09.2021,17.09.2021,14:48:45.713,12:48:45.713,64514,Timeline2,Tobii I-VT (Fixation),1.145.28180,1080,1920,"10,00",708696915.0,,,1061.0,757.0,1060.0,760.0,1062.0,755.0,"0,10622","0,20196","-0,97362","-0,00350","0,20213","-0,97935",,,Valid,Valid,"233,9","100,5","518,0","292,8","99,9","517,1","290,4","207,9","291,0","206,6","0,5808","0,7013","0,5799","0,7034","0,5816","0,6991",thumbnail_grossTrial,thumbnail_grossTrial.png,1245.0,1080.0,337.0,0.0,798.0,692.0,Fixation,808.0,81.0,1063.0,765.0,"0,5830","0,7081",,
28411,40842196,1400480113483,Eye Tracker,Participant0058,17.09.2021,Participant0058,Recording4,17.09.2021,17.09.2021,14:48:45.713,12:48:45.713,64514,Timeline2,Tobii I-VT (Fixation),1.145.28180,1080,1920,"10,00",708705209.0,,,1068.0,758.0,1064.0,770.0,1072.0,746.0,"0,10826","0,20688","-0,97236","0,00203","0,19757","-0,98029",,,Valid,Valid,"233,8","100,4","518,1","292,8","100,0","517,0","291,5","210,7","293,8","204,1","0,5866","0,7017","0,5831","0,7127","0,5900","0,6907",thumbnail_grossTrial,thumbnail_grossTrial.png,1245.0,1080.0,337.0,0.0,798.0,692.0,Fixation,808.0,81.0,1063.0,765.0,"0,5830","0,7081",,
28412,40850567,1400480121854,Eye Tracker,Participant0058,17.09.2021,Participant0058,Recording4,17.09.2021,17.09.2021,14:48:45.713,12:48:45.713,64514,Timeline2,Tobii I-VT (Fixation),1.145.28180,1080,1920,"10,00",708713580.0,,,1070.0,757.0,1064.0,771.0,1077.0,744.0,"0,10818","0,20729","-0,97228","0,00431","0,19676","-0,98044","4,20","4,48",Valid,Valid,"233,8","100,4","518,1","292,8","100,0","516,9","291,5","210,9","295,1","203,7","0,5884","0,7014","0,5831","0,7135","0,5936","0,6893",thumbnail_grossTrial,thumbnail_grossTrial.png,1245.0,1080.0,337.0,0.0,798.0,692.0,Fixation,808.0,81.0,1063.0,765.0,"0,5830","0,7081",,
28413,40858897,1400480130184,Eye Tracker,Participant0058,17.09.2021,Participant0058,Recording4,17.09.2021,17.09.2021,14:48:45.713,12:48:45.713,64514,Timeline2,Tobii I-VT (Fixation),1.145.28180,1080,1920,"10,00",708721909.0,,,1060.0,768.0,1065.0,773.0,1056.0,762.0,"0,10869","0,20832","-0,97200","-0,00653","0,20563","-0,97861",,,Valid,Valid,"233,9","100,4","518,1","292,8","100,1","516,7","291,8","211,5","289,3","208,6","0,5805","0,7107","0,5841","0,7155","0,5769","0,7059",thumbnail_grossTrial,thumbnail_grossTrial.png,1245.0,1080.0,337.0,0.0,798.0,692.0,Fixation,808.0,81.0,1063.0,765.0,"0,5830","0,7081",,
28414,40867221,1400480138508,Eye Tracker,Participant0058,17.09.2021,Participant0058,Recording4,17.09.2021,17.09.2021,14:48:45.713,12:48:45.713,64514,Timeline2,Tobii I-VT (Fixation),1.145.28180,1080,1920,"10,00",708730233.0,,,1060.0,769.0,1065.0,776.0,1055.0,763.0,"0,10887","0,21011","-0,97160","-0,00673","0,20569","-0,97859",,,Valid,Valid,"233,8","100,4","518,1","292,7","100,1","516,7","291,9","212,5","289,2","208,7","0,5803","0,7124","0,5843","0,7189","0,5764","0,7060",thumbnail_grossTrial,thumbnail_grossTrial.png,1245.0,1080.0,337.0,0.0,798.0,692.0,Fixation,808.0,81.0,1063.0,765.0,"0,5830","0,7081",,
28415,40875523,1400480146810,Eye Tracker,Participant0058,17.09.2021,Participant0058,Recording4,17.09.2021,17.09.2021,14:48:45.713,12:48:45.713,64514,Timeline2,Tobii I-VT (Fixation),1.145.28180,1080,1920,"10,00",708738535.0,,,1069.0,766.0,1064.0,776.0,1073.0,757.0,"0,10853","0,20975","-0,97171","0,00224","0,20288","-0,97920","4,18","4,41",Valid,Valid,"233,8","100,4","518,1","292,8","100,1","516,7","291,7","212,3","294,0","207,1","0,5871","0,7095","0,5838","0,7181","0,5904","0,7008",thumbnail_grossTrial,thumbnail_grossTrial.png,1245.0,1080.0,337.0,0.0,798.0,692.0,Fixation,808.0,81.0,1063.0,765.0,"0,5830","0,7081",,
28416,40883858,1400480155145,Eye Tracker,Participant0058,17.09.2021,Participant0058,Recording4,17.09.2021,17.09.2021,14:48:45.713,12:48:45.713,64514,Timeline2,Tobii I-VT (Fixation),1.145.28180,1080,1920,"10,00",708746869.0,,,1064.0,759.0,1054.0,770.0,1073.0,748.0,"0,10338","0,20695","-0,97287","0,00236","0,19834","-0,98013",,,Valid,Valid,"233,9","100,4","518,1","292,8","100,1","516,7","288,9","210,6","294,1","204,6","0,5832","0,7025","0,5757","0,7127","0,5907","0,6924",thumbnail_grossTrial,thumbnail_grossTrial.png,1245.0,1080.0,337.0,0.0,798.0,692.0,Fixation,808.0,81.0,1063.0,765.0,"0,5830","0,7081",,
28417,40892190,1400480163477,Eye Tracker,Participant0058,17.09.2021,Participant0058,Recording4,17.09.2021,17.09.2021,14:48:45.713,12:48:45.713,64514,Timeline2,Tobii I-VT (Fixation),1.145.28180,1080,1920,"10,00",708755201.0,,,1061.0,757.0,1053.0,769.0,1068.0,745.0,"0,10276","0,20684","-0,97296","0,00013","0,19682","-0,98044",,,Valid,Valid,"233,8","100,4","518,1","292,8","100,1","516,7","288,5","210,6","292,8","203,8","0,5808","0,7010","0,5745","0,7124","0,5871","0,6895",thumbnail_grossTrial,thumbnail_grossTrial.png,1245.0,1080.0,337.0,0.0,798.0,692.0,Fixation,808.0,81.0,1063.0,765.0,"0,5830","0,7081",,
28418,40900572,1400480171859,Eye Tracker,Participant0058,17.09.2021,Participant0058,Recording4,17.09.2021,17.09.2021,14:48:45.713,12:48:45.713,64514,Timeline2,Tobii I-VT (Fixation),1.145.28180,1080,1920,"10,00",708763583.0,,,1060.0,760.0,1055.0,769.0,1065.0,752.0,"0,10399","0,20641","-0,97292","-0,00173","0,20068","-0,97966","4,17","4,36",Valid,Valid,"233,9","100,4","518,1","292,8","100,0","516,8","289,2","210,3","291,9","205,9","0,5805","0,7041","0,5765","0,7116","0,5844","0,6966",thumbnail_grossTrial,thumbnail_grossTrial.png,1245.0,1080.0,337.0,0.0,798.0,692.0,Fixation,808.0,81.0,1063.0,765.0,"0,5830","0,7081",,
28419,40908890,1400480180177,Eye Tracker,Participant0058,17.09.2021,Participant0058,Recording4,17.09.2021,17.09.2021,14:48:45.713,12:48:45.713,64514,Timeline2,Tobii I-VT (Fixation),1.145.28180,1080,1920,"10,00",708771901.0,,,1065.0,768.0,1069.0,777.0,1062.0,759.0,"0,11056","0,21042","-0,97134","-0,00343","0,20400","-0,97897",,,Valid,Valid,"233,9","100,4","518,0","292,8","100,0","516,8","292,9","212,7","291,0","207,7","0,5845","0,7111","0,5872","0,7195","0,5818","0,7028",thumbnail_grossTrial,thumbnail_grossTrial.png,1245.0,1080.0,337.0,0.0,798.0,692.0,Fixation,808.0,81.0,1063.0,765.0,"0,5830","0,7081",,
28420,40917227,1400480188514,Eye Tracker,Participant0058,17.09.2021,Participant0058,Recording4,17.09.2021,17.09.2021,14:48:45.713,12:48:45.713,64514,Timeline2,Tobii I-VT (Fixation),1.145.28180,1080,1920,"10,00",708780237.0,,,1070.0,768.0,1068.0,778.0,1072.0,759.0,"0,11043","0,21081","-0,97127","0,00216","0,20388","-0,97899",,,Valid,Valid,"233,8","100,4","518,0","292,8","100,0","517,0","292,7","212,9","293,9","207,6","0,5885","0,7113","0,5867","0,7202","0,5902","0,7024",thumbnail_grossTrial,thumbnail_grossTrial.png,1245.0,1080.0,337.0,0.0,798.0,692.0,Fixation,808.0,81.0,1063.0,765.0,"0,5830","0,7081",,
28421,40925555,1400480196842,Eye Tracker,Participant0058,17.09.2021,Participant0058,Recording4,17.09.2021,17.09.2021,14:48:45.713,12:48:45.713,64514,Timeline2,Tobii I-VT (Fixation),1.145.28180,1080,1920,"10,00",708788565.0,,,1055.0,771.0,1067.0,779.0,1042.0,763.0,"0,10980","0,21128","-0,97124","-0,01365","0,20620","-0,97841","4,16","4,14",Valid,Valid,"233,8","100,4","518,1","292,8","99,9","517,1","292,4","213,1","285,6","208,9","0,5759","0,7139","0,5858","0,7211","0,5659","0,7067",thumbnail_grossTrial,thumbnail_grossTrial.png,1245.0,1080.0,337.0,0.0,798.0,692.0,Fixation,808.0,81.0,1063.0,765.0,"0,5830","0,7081",,
28422,40933854,1400480205141,Eye Tracker,Participant0058,17.09.2021,Participant0058,Recording4,17.09.2021,17.09.2021,14:48:45.713,12:48:45.713,64514,Timeline2,Tobii I-VT (Fixation),1.145.28180,1080,1920,"10,00",708796864.0,,,1055.0,772.0,1060.0,779.0,1049.0,765.0,"0,10637","0,21141","-0,97159","-0,00999","0,20685","-0,97832",,,Valid,Valid,"233,9","100,4","518,0","292,8","99,9","517,1","290,6","213,2","287,5","209,2","0,5761","0,7146","0,5805","0,7212","0,5716","0,7079",thumbnail_grossTrial,thumbnail_grossTrial.png,1245.0,1080.0,337.0,0.0,798.0,692.0,Fixation,808.0,81.0,1063.0,765.0,"0,5830","0,7081",,
28423,40942218,1400480213505,Eye Tracker,Participant0058,17.09.2021,Participant0058,Recording4,17.09.2021,17.09.2021,14:48:45.713,12:48:45.713,64514,Timeline2,Tobii I-VT (Fixation),1.145.28180,1080,1920,"10,00",708805227.0,,,1063.0,771.0,1066.0,780.0,1061.0,761.0,"0,10920","0,21212","-0,97112","-0,00377","0,20537","-0,97868",,,Valid,Valid,"233,8","100,4","518,0","292,8","99,9","517,2","292,0","213,6","290,8","208,4","0,5829","0,7139","0,5848","0,7227","0,5811","0,7051",thumbnail_grossTrial,thumbnail_grossTrial.png,1245.0,1080.0,337.0,0.0,798.0,692.0,Fixation,808.0,81.0,1063.0,765.0,"0,5830","0,7081",,
28424,40950550,1400480221837,Eye Tracker,Participant0058,17.09.2021,Participant0058,Recording4,17.09.2021,17.09.2021,14:48:45.713,12:48:45.713,64514,Timeline2,Tobii I-VT (Fixation),1.145.28180,1080,1920,"10,00",708813559.0,,,1063.0,771.0,1066.0,780.0,1061.0,761.0,"0,10919","0,21201","-0,97115","-0,00384","0,20527","-0,97870","4,13","4,12",Valid,Valid,"233,8","100,4","518,0","292,8","99,8","517,2","292,1","213,5","290,8","208,3","0,5830","0,7136","0,5849","0,7224","0,5811","0,7048",thumbnail_grossTrial,thumbnail_grossTrial.png,1245.0,1080.0,337.0,0.0,798.0,692.0,Fixation,808.0,81.0,1063.0,765.0,"0,5830","0,7081",,
28425,40958882,1400480230169,Eye Tracker,Participant0058,17.09.2021,Participant0058,Recording4,17.09.2021,17.09.2021,14:48:45.713,12:48:45.713,64514,Timeline2,Tobii I-VT (Fixation),1.145.28180,1080,1920,"10,00",708821891.0,,,1055.0,772.0,1065.0,779.0,1046.0,765.0,"0,10864","0,21141","-0,97134","-0,01161","0,20698","-0,97828",,,Valid,Valid,"233,9","100,5","518,0","292,8","99,9","517,1","291,8","213,2","286,7","209,3","0,5766","0,7147","0,5840","0,7213","0,5691","0,7081",thumbnail_grossTrial,thumbnail_grossTrial.png,1245.0,1080.0,337.0,0.0,798.0,692.0,Fixation,808.0,81.0,1063.0,765.0,"0,5830","0,7081",,
28426,40967213,1400480238500,Eye Tracker,Participant0058,17.09.2021,Participant0058,Recording4,17.09.2021,17.09.2021,14:48:45.713,12:48:45.713,64514,Timeline2,Tobii I-VT (Fixation),1.145.28180,1080,1920,"10,00",708830222.0,,,1051.0,767.0,1055.0,770.0,1046.0,765.0,"0,10405","0,20699","-0,97279","-0,01155","0,20700","-0,97827",,,Valid,Valid,"233,8","100,5","518,0","292,8","99,9","517,2","289,2","210,7","286,7","209,3","0,5727","0,7105","0,5764","0,7128","0,5691","0,7082",thumbnail_grossTrial,thumbnail_grossTrial.png,1245.0,1080.0,337.0,0.0,798.0,692.0,Fixation,808.0,81.0,1063.0,765.0,"0,5830","0,7081",,
28427,40975526,1400480246813,Eye Tracker,Participant0058,17.09.2021,Participant0058,Recording4,17.09.2021,17.09.2021,14:48:45.713,12:48:45.713,64514,Timeline2,Tobii I-VT (Fixation),1.145.28180,1080,1920,"10,00",708838534.0,,,1059.0,768.0,1057.0,769.0,1062.0,768.0,"0,10481","0,20662","-0,97279","-0,00326","0,20839","-0,97804","4,12","4,33",Valid,Valid,"233,8","100,5","518,0","292,8","99,9","517,2","289,6","210,5","291,1","210,1","0,5799","0,7114","0,5778","0,7121","0,5820","0,7107",thumbnail_grossTrial,thumbnail_grossTrial.png,1245.0,1080.0,337.0,0.0,798.0,692.0,Fixation,808.0,81.0,1063.0,765.0,"0,5830","0,7081",,
28428,40983850,1400480255137,Eye Tracker,Participant0058,17.09.2021,Participant0058,Recording4,17.09.2021,17.09.2021,14:48:45.713,12:48:45.713,64514,Timeline2,Tobii I-VT (Fixation),1.145.28180,1080,1920,"10,00",708846858.0,,,1062.0,767.0,1059.0,769.0,1065.0,766.0,"0,10603","0,20646","-0,97269","-0,00203","0,20746","-0,97824",,,Valid,Valid,"233,9","100,5","517,9","292,8","99,9","517,1","290,3","210,4","291,8","209,6","0,5819","0,7105","0,5798","0,7120","0,5840","0,7091",thumbnail_grossTrial,thumbnail_grossTrial.png,1245.0,1080.0,337.0,0.0,798.0,692.0,Fixation,808.0,81.0,1063.0,765.0,"0,5830","0,7081",,
28429,40992182,1400480263469,Eye Tracker,Participant0058,17.09.2021,Participant0058,Recording4,17.09.2021,17.09.2021,14:48:45.713,12:48:45.713,64514,Timeline2,Tobii I-VT (Fixation),1.145.28180,1080,1920,"10,00",708855190.0,,,1069.0,771.0,1067.0,777.0,1071.0,764.0,"0,10969","0,21051","-0,97142","0,00123","0,20652","-0,97844",,,Valid,Valid,"233,8","100,5","517,9","292,8","99,9","517,1","292,3","212,7","293,4","209,1","0,5872","0,7136","0,5855","0,7198","0,5889","0,7073",thumbnail_grossTrial,thumbnail_grossTrial.png,1245.0,1080.0,337.0,0.0,798.0,692.0,Fixation,808.0,81.0,1063.0,765.0,"0,5830","0,7081",,
28430,41000597,1400480271884,Eye Tracker,Participant0058,17.09.2021,Participant0058,Recording4,17.09.2021,17.09.2021,14:48:45.713,12:48:45.713,64514,Timeline2,Tobii I-VT (Fixation),1.145.28180,1080,1920,"10,00",708863604.0,,,1060.0,770.0,1067.0,781.0,1054.0,759.0,"0,10969","0,21222","-0,97105","-0,00772","0,20392","-0,97896","4,12","4,05",Valid,Valid,"233,9","100,5","517,9","292,8","99,9","517,1","292,4","213,7","288,8","207,6","0,5804","0,7128","0,5857","0,7230","0,5752","0,7025",thumbnail_grossTrial,thumbnail_grossTrial.png,1245.0,1080.0,337.0,0.0,798.0,692.0,Fixation,808.0,81.0,1063.0,765.0,"0,5830","0,7081",,
28431,41008877,1400480280164,Eye Tracker,Participant0058,17.09.2021,Participant0058,Recording4,17.09.2021,17.09.2021,14:48:45.713,12:48:45.713,64514,Timeline2,Tobii I-VT (Fixation),1.145.28180,1080,1920,"10,00",708871885.0,,,1066.0,769.0,1065.0,781.0,1067.0,756.0,"0,10859","0,21210","-0,97120","-0,00060","0,20278","-0,97922",,,Valid,Valid,"233,9","100,5","517,8","292,9","100,0","517,0","291,8","213,6","292,5","207,0","0,5851","0,7116","0,5840","0,7228","0,5862","0,7004",thumbnail_grossTrial,thumbnail_grossTrial.png,1245.0,1080.0,337.0,0.0,798.0,692.0,Fixation,808.0,81.0,1063.0,765.0,"0,5830","0,7081",,
28432,41017179,1400480288466,Eye Tracker,Participant0058,17.09.2021,Participant0058,Recording4,17.09.2021,17.09.2021,14:48:45.713,12:48:45.713,64514,Timeline2,Tobii I-VT (Fixation),1.145.28180,1080,1920,"10,00",708880187.0,,,1069.0,765.0,1069.0,776.0,1069.0,753.0,"0,11100","0,20993","-0,97140","0,00041","0,20090","-0,97961",,,Valid,Valid,"233,8","100,6","517,8","292,8","100,0","517,0","293,0","212,5","293,0","206,0","0,5876","0,7079","0,5876","0,7189","0,5876","0,6969",thumbnail_grossTrial,thumbnail_grossTrial.png,1245.0,1080.0,337.0,0.0,798.0,692.0,Fixation,808.0,81.0,1063.0,765.0,"0,5830","0,7081",,
28433,41025521,1400480296808,Eye Tracker,Participant0058,17.09.2021,Participant0058,Recording4,17.09.2021,17.09.2021,14:48:45.713,12:48:45.713,64514,Timeline2,Tobii I-VT (Fixation),1.145.28180,1080,1920,"10,00",708888528.0,,,1068.0,766.0,1068.0,777.0,1069.0,755.0,"0,11031","0,21018","-0,97142","0,00006","0,20187","-0,97941","4,10","4,39",Valid,Valid,"233,9","100,6","517,8","292,9","99,9","517,0","292,7","212,6","292,9","206,5","0,5869","0,7090","0,5866","0,7193","0,5873","0,6987",thumbnail_grossTrial,thumbnail_grossTrial.png,1245.0,1080.0,337.0,0.0,798.0,692.0,Fixation,808.0,81.0,1063.0,765.0,"0,5830","0,7081",,
28434,41033887,1400480305174,Eye Tracker,Participant0058,17.09.2021,Participant0058,Recording4,17.09.2021,17.09.2021,14:48:45.713,12:48:45.713,64514,Timeline2,Tobii I-VT (Fixation),1.145.28180,1080,1920,"10,00",708896894.0,,,1071.0,770.0,1075.0,781.0,1067.0,759.0,"0,11372","0,21200","-0,97063","-0,00099","0,20413","-0,97894",,,Valid,Valid,"233,9","100,6","517,7","292,8","100,0","517,0","294,5","213,7","292,3","207,8","0,5888","0,7130","0,5921","0,7230","0,5856","0,7030",thumbnail_grossTrial,thumbnail_grossTrial.png,1245.0,1080.0,337.0,0.0,798.0,692.0,Fixation,808.0,81.0,1063.0,765.0,"0,5830","0,7081",,
28435,41042181,1400480313468,Eye Tracker,Participant0058,17.09.2021,Participant0058,Recording4,17.09.2021,17.09.2021,14:48:45.713,12:48:45.713,64514,Timeline2,Tobii I-VT (Fixation),1.145.28180,1080,1920,"10,00",708905188.0,,,1061.0,773.0,1072.0,784.0,1051.0,762.0,"0,11232","0,21374","-0,97041","-0,00908","0,20524","-0,97867",,,Valid,Valid,"233,8","100,6","517,7","292,8","100,0","517,0","293,7","214,6","288,0","208,4","0,5813","0,7156","0,5898","0,7262","0,5729","0,7051",thumbnail_grossTrial,thumbnail_grossTrial.png,1245.0,1080.0,337.0,0.0,798.0,692.0,Fixation,808.0,81.0,1063.0,765.0,"0,5830","0,7081",,
28436,41050510,1400480321797,Eye Tracker,Participant0058,17.09.2021,Participant0058,Recording4,17.09.2021,17.09.2021,14:48:45.713,12:48:45.713,64514,Timeline2,Tobii I-VT (Fixation),1.145.28180,1080,1920,"10,00",708913516.0,,,1063.0,767.0,1078.0,777.0,1049.0,758.0,"0,11526","0,20993","-0,97090","-0,01024","0,20330","-0,97906","4,05","4,03",Valid,Valid,"233,9","100,6","517,7","292,8","99,9","517,0","295,3","212,5","287,4","207,3","0,5828","0,7102","0,5943","0,7191","0,5712","0,7014",thumbnail_grossTrial,thumbnail_grossTrial.png,1245.0,1080.0,337.0,0.0,798.0,692.0,Fixation,808.0,81.0,1063.0,765.0,"0,5830","0,7081",,
28437,41058861,1400480330148,Eye Tracker,Participant0058,17.09.2021,Participant0058,Recording4,17.09.2021,17.09.2021,14:48:45.713,12:48:45.713,64514,Timeline2,Tobii I-VT (Fixation),1.145.28180,1080,1920,"10,00",708921867.0,,,1063.0,765.0,1075.0,773.0,1052.0,757.0,"0,11379","0,20822","-0,97144","-0,00856","0,20325","-0,97909",,,Valid,Valid,"233,9","100,6","517,7","292,8","100,0","516,9","294,5","211,6","288,3","207,3","0,5830","0,7086","0,5920","0,7158","0,5739","0,7013",thumbnail_grossTrial,thumbnail_grossTrial.png,1245.0,1080.0,337.0,0.0,798.0,692.0,Fixation,808.0,81.0,1063.0,765.0,"0,5830","0,7081",,
28438,41067176,1400480338463,Eye Tracker,Participant0058,17.09.2021,Participant0058,Recording4,17.09.2021,17.09.2021,14:48:45.713,12:48:45.713,64514,Timeline2,Tobii I-VT (Fixation),1.145.28180,1080,1920,"10,00",708930182.0,,,1064.0,766.0,1076.0,775.0,1052.0,757.0,"0,11455","0,20931","-0,97112","-0,00828","0,20322","-0,97910",,,Valid,Valid,"233,8","100,6","517,7","292,8","99,9","517,0","294,9","212,2","288,4","207,3","0,5836","0,7095","0,5931","0,7178","0,5741","0,7012",thumbnail_grossTrial,thumbnail_grossTrial.png,1245.0,1080.0,337.0,0.0,798.0,692.0,Fixation,808.0,81.0,1063.0,765.0,"0,5830","0,7081",,
28439,41075507,1400480346794,Eye Tracker,Participant0058,17.09.2021,Participant0058,Recording4,17.09.2021,17.09.2021,14:48:45.713,12:48:45.713,64514,Timeline2,Tobii I-VT (Fixation),1.145.28180,1080,1920,"10,00",708938513.0,,,1065.0,770.0,1075.0,779.0,1055.0,761.0,"0,11375","0,21097","-0,97085","-0,00718","0,20496","-0,97874","4,06","4,34",Valid,Valid,"233,9","100,6","517,7","292,8","99,9","517,0","294,5","213,1","289,1","208,2","0,5840","0,7126","0,5920","0,7209","0,5760","0,7044",thumbnail_grossTrial,thumbnail_grossTrial.png,1245.0,1080.0,337.0,0.0,798.0,692.0,Fixation,808.0,81.0,1063.0,765.0,"0,5830","0,7081",,
28440,41083869,1400480355156,Eye Tracker,Participant0058,17.09.2021,Participant0058,Recording4,17.09.2021,17.09.2021,14:48:45.713,12:48:45.713,64514,Timeline2,Tobii I-VT (Fixation),1.145.28180,1080,1920,"10,00",708946874.0,,,1062.0,773.0,1071.0,780.0,1053.0,766.0,"0,11195","0,21166","-0,97091","-0,00823","0,20764","-0,97817",,,Valid,Valid,"233,9","100,6","517,7","292,9","99,9","516,9","293,6","213,4","288,5","209,7","0,5819","0,7157","0,5893","0,7221","0,5744","0,7094",thumbnail_grossTrial,thumbnail_grossTrial.png,1245.0,1080.0,337.0,0.0,798.0,692.0,Fixation,808.0,81.0,1063.0,765.0,"0,5830","0,7081",,
28441,41092203,1400480363490,Eye Tracker,Participant0058,17.09.2021,Participant0058,Recording4,17.09.2021,17.09.2021,14:48:45.713,12:48:45.713,64514,Timeline2,Tobii I-VT (Fixation),1.145.28180,1080,1920,"10,00",708955208.0,,,1061.0,772.0,1070.0,779.0,1053.0,766.0,"0,11145","0,21107","-0,97110","-0,00815","0,20759","-0,97818",,,Valid,Valid,"233,8","100,5","517,8","292,8","100,0","516,9","293,3","213,1","288,5","209,7","0,5814","0,7151","0,5884","0,7209","0,5744","0,7094",thumbnail_grossTrial,thumbnail_grossTrial.png,1245.0,1080.0,337.0,0.0,798.0,692.0,Fixation,808.0,81.0,1063.0,765.0,"0,5830","0,7081",,
28442,41100505,1400480371792,Eye Tracker,Participant0058,17.09.2021,Participant0058,Recording4,17.09.2021,17.09.2021,14:48:45.713,12:48:45.713,64514,Timeline2,Tobii I-VT (Fixation),1.145.28180,1080,1920,"10,00",708963510.0,,,1061.0,771.0,1069.0,781.0,1052.0,762.0,"0,11108","0,21223","-0,97089","-0,00850","0,20561","-0,97860","4,07","4,29",Valid,Valid,"233,9","100,5","517,8","292,8","100,0","516,9","293,1","213,7","288,4","208,6","0,5809","0,7143","0,5879","0,7230","0,5740","0,7056",thumbnail_grossTrial,thumbnail_grossTrial.png,1245.0,1080.0,337.0,0.0,798.0,692.0,Fixation,808.0,81.0,1063.0,765.0,"0,5830","0,7081",,
28443,41108839,1400480380126,Eye Tracker,Participant0058,17.09.2021,Participant0058,Recording4,17.09.2021,17.09.2021,14:48:45.713,12:48:45.713,64514,Timeline2,Tobii I-VT (Fixation),1.145.28180,1080,1920,"10,00",708971843.0,,,1072.0,763.0,1073.0,777.0,1072.0,750.0,"0,11276","0,21040","-0,97109","0,00184","0,19938","-0,97992",,,Valid,Valid,"233,9","100,5","517,8","292,8","100,0","516,7","294,0","212,7","293,8","205,1","0,5903","0,7068","0,5906","0,7196","0,5900","0,6941",thumbnail_grossTrial,thumbnail_grossTrial.png,1245.0,1080.0,337.0,0.0,798.0,692.0,Fixation,808.0,81.0,1063.0,765.0,"0,5830","0,7081",,
28444,41117229,1400480388516,Eye Tracker,Participant0058,17.09.2021,Participant0058,Recording4,17.09.2021,17.09.2021,14:48:45.713,12:48:45.713,64514,Timeline2,Tobii I-VT (Fixation),1.145.28180,1080,1920,"10,00",708980233.0,,,1070.0,765.0,1069.0,776.0,1071.0,755.0,"0,11100","0,20992","-0,97140","0,00151","0,20195","-0,97940",,,Valid,Valid,"233,8","100,5","517,9","292,8","100,0","516,7","293,0","212,4","293,6","206,6","0,5884","0,7087","0,5876","0,7186","0,5892","0,6989",thumbnail_grossTrial,thumbnail_grossTrial.png,1245.0,1080.0,337.0,0.0,798.0,692.0,Fixation,808.0,81.0,1063.0,765.0,"0,5830","0,7081",,
28445,41125503,1400480396790,Eye Tracker,Participant0058,17.09.2021,Participant0058,Recording4,17.09.2021,17.09.2021,14:48:45.713,12:48:45.713,64514,Timeline2,Tobii I-VT (Fixation),1.145.28180,1080,1920,"10,00",708988507.0,,,1071.0,767.0,1070.0,777.0,1071.0,758.0,"0,11151","0,21030","-0,97126","0,00153","0,20361","-0,97905","4,07","4,04",Valid,Valid,"233,8","100,4","518,0","292,8","100,0","516,7","293,3","212,6","293,6","207,5","0,5890","0,7106","0,5885","0,7192","0,5894","0,7020",thumbnail_grossTrial,thumbnail_grossTrial.png,1245.0,1080.0,337.0,0.0,798.0,692.0,Fixation,808.0,81.0,1063.0,765.0,"0,5830","0,7081",,
28446,41133837,1400480405124,Eye Tracker,Participant0058,17.09.2021,Participant0058,Recording4,17.09.2021,17.09.2021,14:48:45.713,12:48:45.713,64514,Timeline2,Tobii I-VT (Fixation),1.145.28180,1080,1920,"10,00",708996840.0,,,1067.0,765.0,1067.0,774.0,1067.0,756.0,"0,10983","0,20889","-0,97175","-0,00092","0,20248","-0,97929",,,Valid,Valid,"233,9","100,4","518,0","292,8","100,1","516,6","292,4","211,8","292,3","206,9","0,5857","0,7082","0,5859","0,7165","0,5856","0,7000",thumbnail_grossTrial,thumbnail_grossTrial.png,1245.0,1080.0,337.0,0.0,798.0,692.0,Fixation,808.0,81.0,1063.0,765.0,"0,5830","0,7081",,
28447,41142170,1400480413457,Eye Tracker,Participant0058,17.09.2021,Participant0058,Recording4,17.09.2021,17.09.2021,14:48:45.713,12:48:45.713,64514,Timeline2,Tobii I-VT (Fixation),1.145.28180,1080,1920,"10,00",709005173.0,,,1063.0,765.0,1068.0,773.0,1059.0,756.0,"0,11049","0,20855","-0,97175","-0,00475","0,20247","-0,97928",,,Valid,Valid,"233,8","100,4","518,1","292,7","100,1","516,6","292,7","211,6","290,2","206,9","0,5831","0,7079","0,5867","0,7159","0,5795","0,7000",thumbnail_grossTrial,thumbnail_grossTrial.png,1245.0,1080.0,337.0,0.0,798.0,692.0,Fixation,808.0,81.0,1063.0,765.0,"0,5830","0,7081",,
28448,41150506,1400480421793,Eye Tracker,Participant0058,17.09.2021,Participant0058,Recording4,17.09.2021,17.09.2021,14:48:45.713,12:48:45.713,64514,Timeline2,Tobii I-VT (Fixation),1.145.28180,1080,1920,"10,00",709013509.0,,,1060.0,764.0,1064.0,771.0,1055.0,758.0,"0,10859","0,20739","-0,97221","-0,00694","0,20335","-0,97908","4,09","4,06",Valid,Valid,"233,8","100,4","518,2","292,8","100,1","516,6","291,7","210,9","289,1","207,4","0,5800","0,7076","0,5838","0,7136","0,5762","0,7016",thumbnail_grossTrial,thumbnail_grossTrial.png,1245.0,1080.0,337.0,0.0,798.0,692.0,Fixation,808.0,81.0,1063.0,765.0,"0,5830","0,7081",,
28449,41158863,1400480430150,Eye Tracker,Participant0058,17.09.2021,Participant0058,Recording4,17.09.2021,17.09.2021,14:48:45.713,12:48:45.713,64514,Timeline2,Tobii I-VT (Fixation),1.145.28180,1080,1920,"10,00",709021866.0,,,1058.0,774.0,1071.0,779.0,1045.0,770.0,"0,11159","0,21126","-0,97104","-0,01231","0,20914","-0,97781",,,Valid,Valid,"233,9","100,4","518,1","292,8","100,1","516,5","293,4","213,1","286,3","210,6","0,5783","0,7168","0,5887","0,7210","0,5679","0,7125",thumbnail_grossTrial,thumbnail_grossTrial.png,1245.0,1080.0,337.0,0.0,798.0,692.0,Fixation,808.0,81.0,1063.0,765.0,"0,5830","0,7081",,
28450,41167168,1400480438455,Eye Tracker,Participant0058,17.09.2021,Participant0058,Recording4,17.09.2021,17.09.2021,14:48:45.713,12:48:45.713,64514,Timeline2,Tobii I-VT (Fixation),1.145.28180,1080,1920,"10,00",709030171.0,,,1058.0,773.0,1071.0,776.0,1045.0,770.0,"0,11179","0,20995","-0,97130","-0,01220","0,20912","-0,97781",,,Valid,Valid,"233,8","100,4","518,2","292,7","100,1","516,5","293,4","212,4","286,3","210,6","0,5784","0,7156","0,5888","0,7186","0,5679","0,7125",thumbnail_grossTrial,thumbnail_grossTrial.png,1245.0,1080.0,337.0,0.0,798.0,692.0,Fixation,808.0,81.0,1063.0,765.0,"0,5830","0,7081",,
28451,41175539,1400480446826,Eye Tracker,Participant0058,17.09.2021,Participant0058,Recording4,17.09.2021,17.09.2021,14:48:45.713,12:48:45.713,64514,Timeline2,Tobii I-VT (Fixation),1.145.28180,1080,1920,"10,00",709038541.0,,,1059.0,773.0,1071.0,777.0,1047.0,768.0,"0,11193","0,21051","-0,97116","-0,01127","0,20839","-0,97798","4,10","4,08",Valid,Valid,"233,8","100,3","518,3","292,8","100,2","516,5","293,6","212,7","286,8","210,2","0,5793","0,7154","0,5892","0,7196","0,5695","0,7112",thumbnail_grossTrial,thumbnail_grossTrial.png,1245.0,1080.0,337.0,0.0,798.0,692.0,Fixation,808.0,81.0,1063.0,765.0,"0,5830","0,7081",,
28452,41183871,1400480455158,Eye Tracker,Participant0058,17.09.2021,Participant0058,Recording4,17.09.2021,17.09.2021,14:48:45.713,12:48:45.713,64514,Timeline2,Tobii I-VT (Fixation),1.145.28180,1080,1920,"10,00",709046873.0,,,1060.0,772.0,1070.0,775.0,1049.0,768.0,"0,11142","0,20962","-0,97141","-0,00987","0,20833","-0,97801",,,Valid,Valid,"233,9","100,4","518,3","292,8","100,2","516,4","293,3","212,2","287,6","210,2","0,5801","0,7146","0,5885","0,7179","0,5717","0,7112",thumbnail_grossTrial,thumbnail_grossTrial.png,1245.0,1080.0,337.0,0.0,798.0,692.0,Fixation,808.0,81.0,1063.0,765.0,"0,5830","0,7081",,
28453,41192200,1400480463487,Eye Tracker,Participant0058,17.09.2021,Participant0058,Recording4,17.09.2021,17.09.2021,14:48:45.713,12:48:45.713,64514,Timeline2,Tobii I-VT (Fixation),1.145.28180,1080,1920,"10,00",709055202.0,,,1062.0,773.0,1074.0,777.0,1049.0,768.0,"0,11359","0,21048","-0,97098","-0,00984","0,20829","-0,97802",,,Valid,Valid,"233,8","100,3","518,3","292,7","100,2","516,3","294,4","212,7","287,5","210,2","0,5817","0,7154","0,5918","0,7196","0,5716","0,7112",thumbnail_grossTrial,thumbnail_grossTrial.png,1245.0,1080.0,337.0,0.0,798.0,692.0,Fixation,808.0,81.0,1063.0,765.0,"0,5830","0,7081",,
28454,41200502,1400480471789,Eye Tracker,Participant0058,17.09.2021,Participant0058,Recording4,17.09.2021,17.09.2021,14:48:45.713,12:48:45.713,64514,Timeline2,Tobii I-VT (Fixation),1.145.28180,1080,1920,"10,00",709063504.0,,,1068.0,765.0,1081.0,769.0,1056.0,761.0,"0,11689","0,20661","-0,97142","-0,00660","0,20474","-0,97879","4,24","4,23",Valid,Valid,"233,8","100,3","518,4","292,8","100,2","516,3","296,2","210,6","289,3","208,2","0,5869","0,7085","0,5970","0,7124","0,5767","0,7046",thumbnail_grossTrial,thumbnail_grossTrial.png,1245.0,1080.0,337.0,0.0,798.0,692.0,Fixation,808.0,81.0,1063.0,765.0,"0,5830","0,7081",,
28455,41208829,1400480480116,Eye Tracker,Participant0058,17.09.2021,Participant0058,Recording4,17.09.2021,17.09.2021,14:48:45.713,12:48:45.713,64514,Timeline2,Tobii I-VT (Fixation),1.145.28180,1080,1920,"10,00",709071831.0,,,1068.0,763.0,1083.0,769.0,1052.0,757.0,"0,11792","0,20655","-0,97131","-0,00830","0,20295","-0,97915",,,Valid,Valid,"233,9","100,3","518,3","292,8","100,3","516,2","296,8","210,6","288,4","207,3","0,5864","0,7069","0,5987","0,7124","0,5741","0,7013",thumbnail_grossTrial,thumbnail_grossTrial.png,1245.0,1080.0,337.0,0.0,798.0,692.0,Fixation,808.0,81.0,1063.0,765.0,"0,5830","0,7081",,
28456,41217164,1400480488451,Eye Tracker,Participant0058,17.09.2021,Participant0058,Recording4,17.09.2021,17.09.2021,14:48:45.713,12:48:45.713,64514,Timeline2,Tobii I-VT (Fixation),1.145.28180,1080,1920,"10,00",709080165.0,,,1066.0,764.0,1080.0,771.0,1052.0,757.0,"0,11662","0,20727","-0,97131","-0,00818","0,20293","-0,97916",,,Valid,Valid,"233,8","100,3","518,3","292,7","100,3","516,1","296,1","210,9","288,4","207,3","0,5854","0,7075","0,5965","0,7137","0,5742","0,7013",thumbnail_grossTrial,thumbnail_grossTrial.png,1245.0,1080.0,337.0,0.0,798.0,692.0,Saccade,17.0,164.0,,,,,,
28457,41225499,1400480496786,Eye Tracker,Participant0058,17.09.2021,Participant0058,Recording4,17.09.2021,17.09.2021,14:48:45.713,12:48:45.713,64514,Timeline2,Tobii I-VT (Fixation),1.145.28180,1080,1920,"10,00",709088500.0,,,1093.0,765.0,1106.0,776.0,1080.0,755.0,"0,12930","0,20964","-0,96919","0,00589","0,20167","-0,97944","4,10","4,32",Valid,Valid,"234,0","100,3","518,4","292,9","100,3","516,1","303,1","212,4","296,0","206,6","0,6068","0,7087","0,6172","0,7186","0,5963","0,6989",thumbnail_grossTrial,thumbnail_grossTrial.png,1245.0,1080.0,337.0,0.0,798.0,692.0,Saccade,17.0,164.0,,,,,,
28458,41233866,1400480505153,Eye Tracker,Participant0058,17.09.2021,Participant0058,Recording4,17.09.2021,17.09.2021,14:48:45.713,12:48:45.713,64514,Timeline2,Tobii I-VT (Fixation),1.145.28180,1080,1920,"10,00",709096867.0,,,,,,,,,,,,,,,,,Invalid,Invalid,,,,,,,,,,,,,,,,,thumbnail_grossTrial,thumbnail_grossTrial.png,1245.0,1080.0,337.0,0.0,798.0,692.0,EyesNotFound,8.0,330.0,,,,,,
28459,41242160,1400480513447,Eye Tracker,Participant0058,17.09.2021,Participant0058,Recording4,17.09.2021,17.09.2021,14:48:45.713,12:48:45.713,64514,Timeline2,Tobii I-VT (Fixation),1.145.28180,1080,1920,"10,00",709105161.0,,,1072.0,765.0,1076.0,776.0,1068.0,755.0,"0,11335","0,20994","-0,97112","-0,00104","0,20208","-0,97937",,,Valid,Valid,"234,4","100,2","518,1","293,2","100,2","515,9","294,9","212,2","292,6","206,7","0,5898","0,7087","0,5931","0,7181","0,5864","0,6993",thumbnail_grossTrial,thumbnail_grossTrial.png,1245.0,1080.0,337.0,0.0,798.0,692.0,Saccade,25.0,165.0,,,,,,
28460,41250505,1400480521792,Eye Tracker,Participant0058,17.09.2021,Participant0058,Recording4,17.09.2021,17.09.2021,14:48:45.713,12:48:45.713,64514,Timeline2,Tobii I-VT (Fixation),1.145.28180,1080,1920,"10,00",709113505.0,,,1331.0,659.0,,,1331.0,659.0,,,,"0,13546","0,15219","-0,97902",,"4,40",Invalid,Valid,,,,"293,4","100,1","516,1",,,"364,8","180,3","0,7980","0,6102",,,"0,7980","0,6102",thumbnail_grossTrial,thumbnail_grossTrial.png,1245.0,1080.0,337.0,0.0,798.0,692.0,Saccade,25.0,165.0,,,,,,
28461,41258833,1400480530120,Eye Tracker,Participant0058,17.09.2021,Participant0058,Recording4,17.09.2021,17.09.2021,14:48:45.713,12:48:45.713,64514,Timeline2,Tobii I-VT (Fixation),1.145.28180,1080,1920,"10,00",709121833.0,,,1278.0,687.0,1215.0,720.0,1340.0,655.0,"0,18307","0,18041","-0,96640","0,13996","0,15022","-0,97870",,,Valid,Valid,"234,8","100,2","518,0","293,5","100,1","516,0","332,9","196,9","367,3","179,3","0,7550","0,6365","0,7046","0,6662","0,8053","0,6067",thumbnail_grossTrial,thumbnail_grossTrial.png,1245.0,1080.0,337.0,0.0,798.0,692.0,Saccade,25.0,165.0,,,,,,
28462,41267196,1400480538483,Eye Tracker,Participant0058,17.09.2021,Participant0058,Recording4,17.09.2021,17.09.2021,14:48:45.713,12:48:45.713,64514,Timeline2,Tobii I-VT (Fixation),1.145.28180,1080,1920,"10,00",709130196.0,,,1295.0,678.0,1241.0,711.0,1348.0,646.0,"0,19630","0,17556","-0,96470","0,14415","0,14526","-0,97884",,,Valid,Valid,"234,7","100,2","518,0","293,4","100,1","516,1","340,1","194,5","369,4","176,7","0,7686","0,6279","0,7257","0,6580","0,8115","0,5978",thumbnail_grossTrial,thumbnail_grossTrial.png,1245.0,1080.0,337.0,0.0,798.0,692.0,Unclassified,8.0,369.0,,,,,,
28463,41275533,1400480546820,Eye Tracker,Participant0058,17.09.2021,Participant0058,Recording4,17.09.2021,17.09.2021,14:48:45.713,12:48:45.713,64514,Timeline2,Tobii I-VT (Fixation),1.145.28180,1080,1920,"10,00",709138532.0,,,1365.0,646.0,,,1365.0,646.0,,,,"0,15237","0,14524","-0,97759",,"4,34",Invalid,Valid,,,,"293,5","100,1","516,1",,,"374,0","176,7","0,8248","0,5980",,,"0,8248","0,5980",thumbnail_grossTrial,thumbnail_grossTrial.png,1245.0,1080.0,337.0,0.0,798.0,692.0,Saccade,17.0,166.0,,,,,,
28464,41283873,1400480555160,Eye Tracker,Participant0058,17.09.2021,Participant0058,Recording4,17.09.2021,17.09.2021,14:48:45.713,12:48:45.713,64514,Timeline2,Tobii I-VT (Fixation),1.145.28180,1080,1920,"10,00",709146872.0,,,1365.0,645.0,1372.0,650.0,1358.0,641.0,"0,26017","0,14296","-0,95492","0,14927","0,14262","-0,97846",,,Valid,Valid,"234,8","100,2","517,9","293,6","100,1","516,1","375,9","177,8","372,3","175,3","0,8252","0,5974","0,8305","0,6015","0,8198","0,5932",thumbnail_grossTrial,thumbnail_grossTrial.png,1245.0,1080.0,337.0,0.0,798.0,692.0,Saccade,17.0,166.0,,,,,,
28465,41292158,1400480563445,Eye Tracker,Participant0058,17.09.2021,Participant0058,Recording4,17.09.2021,17.09.2021,14:48:45.713,12:48:45.713,64514,Timeline2,Tobii I-VT (Fixation),1.145.28180,1080,1920,"10,00",709155157.0,,,1367.0,650.0,1367.0,650.0,,,"0,25789","0,14332","-0,95549",,,,,,Valid,Invalid,"234,7","100,2","517,9",,,,"374,5","177,9",,,"0,8264","0,6020","0,8264","0,6020",,,thumbnail_grossTrial,thumbnail_grossTrial.png,1245.0,1080.0,337.0,0.0,798.0,692.0,Unclassified,8.0,370.0,,,,,,
28466,41300532,1400480571819,Eye Tracker,Participant0058,17.09.2021,Participant0058,Recording4,17.09.2021,17.09.2021,14:48:45.713,12:48:45.713,64514,Timeline2,Tobii I-VT (Fixation),1.145.28180,1080,1920,"10,00",709163530.0,,,1358.0,636.0,,,1358.0,636.0,,,,"0,14920","0,14044","-0,97878",,"4,48",Invalid,Valid,,,,"293,6","100,1","516,0",,,"372,2","174,2","0,8197","0,5893",,,"0,8197","0,5893",thumbnail_grossTrial,thumbnail_grossTrial.png,1245.0,1080.0,337.0,0.0,798.0,692.0,Saccade,25.0,167.0,,,,,,
28467,41308828,1400480580115,Eye Tracker,Participant0058,17.09.2021,Participant0058,Recording4,17.09.2021,17.09.2021,14:48:45.713,12:48:45.713,64514,Timeline2,Tobii I-VT (Fixation),1.145.28180,1080,1920,"10,00",709171826.0,,,1386.0,652.0,1379.0,651.0,1394.0,653.0,"0,26349","0,14345","-0,95394","0,16717","0,14832","-0,97471",,,Valid,Valid,"234,8","100,3","517,9","293,6","100,2","515,9","377,9","178,1","382,1","178,7","0,8424","0,6036","0,8363","0,6027","0,8485","0,6046",thumbnail_grossTrial,thumbnail_grossTrial.png,1245.0,1080.0,337.0,0.0,798.0,692.0,Saccade,25.0,167.0,,,,,,
28468,41317156,1400480588443,Eye Tracker,Participant0058,17.09.2021,Participant0058,Recording4,17.09.2021,17.09.2021,14:48:45.713,12:48:45.713,64514,Timeline2,Tobii I-VT (Fixation),1.145.28180,1080,1920,"10,00",709180154.0,,,1379.0,655.0,1379.0,655.0,,,"0,26362","0,14519","-0,95364",,,,,,Valid,Invalid,"234,8","100,3","517,9",,,,"377,9","179,1",,,"0,8363","0,6060","0,8363","0,6060",,,thumbnail_grossTrial,thumbnail_grossTrial.png,1245.0,1080.0,337.0,0.0,798.0,692.0,Saccade,25.0,167.0,,,,,,
28469,41325519,1400480596806,Eye Tracker,Participant0058,17.09.2021,Participant0058,Recording4,17.09.2021,17.09.2021,14:48:45.713,12:48:45.713,64514,Timeline2,Tobii I-VT (Fixation),1.145.28180,1080,1920,"10,00",709188516.0,,,,,,,,,,,,,,,,,Invalid,Invalid,,,,,,,,,,,,,,,,,thumbnail_grossTrial,thumbnail_grossTrial.png,1245.0,1080.0,337.0,0.0,798.0,692.0,EyesNotFound,8.0,331.0,,,,,,
28470,41333912,1400480605199,Eye Tracker,Participant0058,17.09.2021,Participant0058,Recording4,17.09.2021,17.09.2021,14:48:45.713,12:48:45.713,64514,Timeline2,Tobii I-VT (Fixation),1.145.28180,1080,1920,"10,00",709196909.0,,,1374.0,646.0,1378.0,656.0,1370.0,635.0,"0,26301","0,14590","-0,95370","0,15527","0,13953","-0,97797",,,Valid,Valid,"234,9","100,3","517,7","293,6","100,2","515,8","377,6","179,5","375,5","173,8","0,8324","0,5978","0,8355","0,6074","0,8293","0,5882",thumbnail_grossTrial,thumbnail_grossTrial.png,1245.0,1080.0,337.0,0.0,798.0,692.0,Unclassified,17.0,371.0,,,,,,
28471,41342194,1400480613481,Eye Tracker,Participant0058,17.09.2021,Participant0058,Recording4,17.09.2021,17.09.2021,14:48:45.713,12:48:45.713,64514,Timeline2,Tobii I-VT (Fixation),1.145.28180,1080,1920,"10,00",709205191.0,,,1375.0,643.0,1380.0,651.0,1370.0,635.0,"0,26423","0,14342","-0,95373","0,15546","0,13947","-0,97795",,,Valid,Valid,"234,8","100,4","517,6","293,5","100,3","515,9","378,2","178,2","375,5","173,8","0,8332","0,5956","0,8371","0,6030","0,8293","0,5882",thumbnail_grossTrial,thumbnail_grossTrial.png,1245.0,1080.0,337.0,0.0,798.0,692.0,Unclassified,17.0,371.0,,,,,,
28472,41350527,1400480621814,Eye Tracker,Participant0058,17.09.2021,Participant0058,Recording4,17.09.2021,17.09.2021,14:48:45.713,12:48:45.713,64514,Timeline2,Tobii I-VT (Fixation),1.145.28180,1080,1920,"10,00",709213524.0,,,,,,,,,,,,,,,,,Invalid,Invalid,,,,,,,,,,,,,,,,,thumbnail_grossTrial,thumbnail_grossTrial.png,1245.0,1080.0,337.0,0.0,798.0,692.0,EyesNotFound,8.0,332.0,,,,,,
28473,41358823,1400480630110,Eye Tracker,Participant0058,17.09.2021,Participant0058,Recording4,17.09.2021,17.09.2021,14:48:45.713,12:48:45.713,64514,Timeline2,Tobii I-VT (Fixation),1.145.28180,1080,1920,"10,00",709221820.0,,,1385.0,655.0,1379.0,654.0,1390.0,656.0,"0,26386","0,14464","-0,95365","0,16499","0,14993","-0,97483",,,Valid,Valid,"234,8","100,5","517,4","293,6","100,3","515,8","378,0","179,0","380,9","179,6","0,8409","0,6066","0,8366","0,6055","0,8451","0,6076",thumbnail_grossTrial,thumbnail_grossTrial.png,1245.0,1080.0,337.0,0.0,798.0,692.0,Unclassified,17.0,372.0,,,,,,
28474,41367150,1400480638437,Eye Tracker,Participant0058,17.09.2021,Participant0058,Recording4,17.09.2021,17.09.2021,14:48:45.713,12:48:45.713,64514,Timeline2,Tobii I-VT (Fixation),1.145.28180,1080,1920,"10,00",709230147.0,,,1385.0,655.0,1377.0,656.0,1393.0,655.0,"0,26300","0,14562","-0,95374","0,16706","0,14890","-0,97464",,,Valid,Valid,"234,8","100,6","517,2","293,5","100,3","515,7","377,4","179,5","381,9","179,1","0,8414","0,6067","0,8348","0,6074","0,8479","0,6060",thumbnail_grossTrial,thumbnail_grossTrial.png,1245.0,1080.0,337.0,0.0,798.0,692.0,Unclassified,17.0,372.0,,,,,,
28475,41375512,1400480646799,Eye Tracker,Participant0058,17.09.2021,Participant0058,Recording4,17.09.2021,17.09.2021,14:48:45.713,12:48:45.713,64514,Timeline2,Tobii I-VT (Fixation),1.145.28180,1080,1920,"10,00",709238509.0,,,,,,,,,,,,,,,,,Invalid,Invalid,,,,,,,,,,,,,,,,,thumbnail_grossTrial,thumbnail_grossTrial.png,1245.0,1080.0,337.0,0.0,798.0,692.0,EyesNotFound,8.0,333.0,,,,,,
28476,41383922,1400480655209,Eye Tracker,Participant0058,17.09.2021,Participant0058,Recording4,17.09.2021,17.09.2021,14:48:45.713,12:48:45.713,64514,Timeline2,Tobii I-VT (Fixation),1.145.28180,1080,1920,"10,00",709246918.0,,,1392.0,657.0,1384.0,663.0,1400.0,651.0,"0,26630","0,14874","-0,95234","0,17026","0,14715","-0,97435",,,Valid,Valid,"234,8","100,7","516,9","293,6","100,5","515,4","379,4","181,4","383,6","178,3","0,8468","0,6085","0,8406","0,6138","0,8530","0,6032",thumbnail_grossTrial,thumbnail_grossTrial.png,1245.0,1080.0,337.0,0.0,798.0,692.0,Unclassified,17.0,373.0,,,,,,
28477,41392151,1400480663438,Eye Tracker,Participant0058,17.09.2021,Participant0058,Recording4,17.09.2021,17.09.2021,14:48:45.713,12:48:45.713,64514,Timeline2,Tobii I-VT (Fixation),1.145.28180,1080,1920,"10,00",709255147.0,,,1391.0,663.0,1383.0,671.0,1400.0,655.0,"0,26562","0,15246","-0,95195","0,17068","0,14849","-0,97407",,,Valid,Valid,"234,8","100,8","516,7","293,4","100,6","515,1","378,9","183,5","383,7","179,1","0,8463","0,6135","0,8393","0,6209","0,8532","0,6060",thumbnail_grossTrial,thumbnail_grossTrial.png,1245.0,1080.0,337.0,0.0,798.0,692.0,Unclassified,17.0,373.0,,,,,,
28478,41400492,1400480671779,Eye Tracker,Participant0058,17.09.2021,Participant0058,Recording4,17.09.2021,17.09.2021,14:48:45.713,12:48:45.713,64514,Timeline2,Tobii I-VT (Fixation),1.145.28180,1080,1920,"10,00",709263488.0,,,,,,,,,,,,,,,,,Invalid,Invalid,,,,,,,,,,,,,,,,,thumbnail_grossTrial,thumbnail_grossTrial.png,1245.0,1080.0,337.0,0.0,798.0,692.0,EyesNotFound,8.0,334.0,,,,,,
28479,41408821,1400480680108,Eye Tracker,Participant0058,17.09.2021,Participant0058,Recording4,17.09.2021,17.09.2021,14:48:45.713,12:48:45.713,64514,Timeline2,Tobii I-VT (Fixation),1.145.28180,1080,1920,"10,00",709271816.0,,,1363.0,639.0,,,1363.0,639.0,,,,"0,15233","0,14096","-0,97823",,,Invalid,Valid,,,,"293,5","100,8","514,4",,,"373,6","174,9","0,8236","0,5919",,,"0,8236","0,5919",thumbnail_grossTrial,thumbnail_grossTrial.png,1245.0,1080.0,337.0,0.0,798.0,692.0,Unclassified,17.0,374.0,,,,,,
28480,41417191,1400480688478,Eye Tracker,Participant0058,17.09.2021,Participant0058,Recording4,17.09.2021,17.09.2021,14:48:45.713,12:48:45.713,64514,Timeline2,Tobii I-VT (Fixation),1.145.28180,1080,1920,"10,00",709280186.0,,,1371.0,654.0,1380.0,669.0,1363.0,639.0,"0,26445","0,15151","-0,95242","0,15272","0,14070","-0,97820",,,Valid,Valid,"234,8","100,9","516,2","293,3","101,0","514,0","378,1","183,1","373,6","174,9","0,8302","0,6056","0,8369","0,6194","0,8236","0,5919",thumbnail_grossTrial,thumbnail_grossTrial.png,1245.0,1080.0,337.0,0.0,798.0,692.0,Unclassified,17.0,374.0,,,,,,
28481,41425518,1400480696805,Eye Tracker,Participant0058,17.09.2021,Participant0058,Recording4,17.09.2021,17.09.2021,14:48:45.713,12:48:45.713,64514,Timeline2,Tobii I-VT (Fixation),1.145.28180,1080,1920,"10,00",709288513.0,,,,,,,,,,,,,,,,,Invalid,Invalid,,,,,,,,,,,,,,,,,thumbnail_grossTrial,thumbnail_grossTrial.png,1245.0,1080.0,337.0,0.0,798.0,692.0,EyesNotFound,8.0,335.0,,,,,,
28482,41433828,1400480705115,Eye Tracker,Participant0058,17.09.2021,Participant0058,Recording4,17.09.2021,17.09.2021,14:48:45.713,12:48:45.713,64514,Timeline2,Tobii I-VT (Fixation),1.145.28180,1080,1920,"10,00",709296823.0,,,1385.0,660.0,1379.0,668.0,1391.0,653.0,"0,26442","0,15082","-0,95254","0,16706","0,14702","-0,97492",,,Valid,Valid,"234,9","101,0","515,9","293,4","101,3","513,1","378,1","182,7","381,3","178,7","0,8415","0,6113","0,8368","0,6182","0,8462","0,6045",thumbnail_grossTrial,thumbnail_grossTrial.png,1245.0,1080.0,337.0,0.0,798.0,692.0,Unclassified,17.0,375.0,,,,,,
28483,41442235,1400480713522,Eye Tracker,Participant0058,17.09.2021,Participant0058,Recording4,17.09.2021,17.09.2021,14:48:45.713,12:48:45.713,64514,Timeline2,Tobii I-VT (Fixation),1.145.28180,1080,1920,"10,00",709305229.0,,,1372.0,658.0,1368.0,666.0,1376.0,651.0,"0,25920","0,15008","-0,95409","0,15976","0,14594","-0,97631",,,Valid,Valid,"234,8","101,1","515,7","293,2","101,5","512,7","374,9","182,2","377,1","178,1","0,8307","0,6096","0,8275","0,6166","0,8340","0,6027",thumbnail_grossTrial,thumbnail_grossTrial.png,1245.0,1080.0,337.0,0.0,798.0,692.0,Unclassified,17.0,375.0,,,,,,
28484,41450518,1400480721805,Eye Tracker,Participant0058,17.09.2021,Participant0058,Recording4,17.09.2021,17.09.2021,14:48:45.713,12:48:45.713,64514,Timeline2,Tobii I-VT (Fixation),1.145.28180,1080,1920,"10,00",709313512.0,,,,,,,,,,,,,,,,,Invalid,Invalid,,,,,,,,,,,,,,,,,thumbnail_grossTrial,thumbnail_grossTrial.png,1245.0,1080.0,337.0,0.0,798.0,692.0,EyesNotFound,8.0,336.0,,,,,,
28485,41458815,1400480730102,Eye Tracker,Participant0058,17.09.2021,Participant0058,Recording4,17.09.2021,17.09.2021,14:48:45.713,12:48:45.713,64514,Timeline2,Tobii I-VT (Fixation),1.145.28180,1080,1920,"10,00",709321809.0,,,1368.0,661.0,1366.0,666.0,1370.0,656.0,"0,25849","0,15029","-0,95425","0,15705","0,14835","-0,97639",,,Valid,Valid,"234,9","101,2","515,4","293,2","101,8","511,8","374,5","182,4","375,6","179,5","0,8279","0,6123","0,8263","0,6171","0,8295","0,6075",thumbnail_grossTrial,thumbnail_grossTrial.png,1245.0,1080.0,337.0,0.0,798.0,692.0,Unclassified,17.0,376.0,,,,,,
28486,41467184,1400480738471,Eye Tracker,Participant0058,17.09.2021,Participant0058,Recording4,17.09.2021,17.09.2021,14:48:45.713,12:48:45.713,64514,Timeline2,Tobii I-VT (Fixation),1.145.28180,1080,1920,"10,00",709330177.0,,,1387.0,669.0,1385.0,669.0,1388.0,668.0,"0,26765","0,15127","-0,95157","0,16627","0,15413","-0,97396",,,Valid,Valid,"234,8","101,3","515,2","293,1","102,0","511,4","379,7","183,2","380,4","182,9","0,8426","0,6194","0,8416","0,6198","0,8437","0,6190",thumbnail_grossTrial,thumbnail_grossTrial.png,1245.0,1080.0,337.0,0.0,798.0,692.0,Unclassified,17.0,376.0,,,,,,
28487,41475547,1400480746834,Eye Tracker,Participant0058,17.09.2021,Participant0058,Recording4,17.09.2021,17.09.2021,14:48:45.713,12:48:45.713,64514,Timeline2,Tobii I-VT (Fixation),1.145.28180,1080,1920,"10,00",709338540.0,,,,,,,,,,,,,,,,,Invalid,Invalid,,,,,,,,,,,,,,,,,thumbnail_grossTrial,thumbnail_grossTrial.png,1245.0,1080.0,337.0,0.0,798.0,692.0,EyesNotFound,8.0,337.0,,,,,,
28488,41483890,1400480755177,Eye Tracker,Participant0058,17.09.2021,Participant0058,Recording4,17.09.2021,17.09.2021,14:48:45.713,12:48:45.713,64514,Timeline2,Tobii I-VT (Fixation),1.145.28180,1080,1920,"10,00",709346883.0,,,1393.0,669.0,1387.0,668.0,1398.0,670.0,"0,26865","0,15026","-0,95145","0,17175","0,15434","-0,97298",,,Valid,Valid,"234,9","101,6","514,4","293,1","102,3","510,5","380,2","182,8","383,2","183,3","0,8474","0,6194","0,8429","0,6186","0,8519","0,6201",thumbnail_grossTrial,thumbnail_grossTrial.png,1245.0,1080.0,337.0,0.0,798.0,692.0,Unclassified,17.0,377.0,,,,,,
28489,41492189,1400480763476,Eye Tracker,Participant0058,17.09.2021,Participant0058,Recording4,17.09.2021,17.09.2021,14:48:45.713,12:48:45.713,64514,Timeline2,Tobii I-VT (Fixation),1.145.28180,1080,1920,"10,00",709355182.0,,,1384.0,670.0,1380.0,674.0,1387.0,665.0,"0,26579","0,15296","-0,95182","0,16638","0,15202","-0,97427",,,Valid,Valid,"234,8","101,8","513,9","293,0","102,5","510,1","378,3","184,4","380,1","182,1","0,8402","0,6201","0,8376","0,6240","0,8428","0,6162",thumbnail_grossTrial,thumbnail_grossTrial.png,1245.0,1080.0,337.0,0.0,798.0,692.0,Unclassified,17.0,377.0,,,,,,
28490,41500563,1400480771850,Eye Tracker,Participant0058,17.09.2021,Participant0058,Recording4,17.09.2021,17.09.2021,14:48:45.713,12:48:45.713,64514,Timeline2,Tobii I-VT (Fixation),1.145.28180,1080,1920,"10,00",709363555.0,,,,,,,,,,,,,,,,,Invalid,Invalid,,,,,,,,,,,,,,,,,thumbnail_grossTrial,thumbnail_grossTrial.png,1245.0,1080.0,337.0,0.0,798.0,692.0,EyesNotFound,8.0,338.0,,,,,,
28491,41508887,1400480780174,Eye Tracker,Participant0058,17.09.2021,Participant0058,Recording4,17.09.2021,17.09.2021,14:48:45.713,12:48:45.713,64514,Timeline2,Tobii I-VT (Fixation),1.145.28180,1080,1920,"10,00",709371879.0,,,1376.0,670.0,1365.0,669.0,1387.0,671.0,"0,25894","0,15034","-0,95412","0,16630","0,15460","-0,97388",,,Valid,Valid,"234,9","102,1","513,2","293,0","102,8","509,4","374,2","183,0","380,0","183,6","0,8340","0,6202","0,8254","0,6191","0,8425","0,6214",thumbnail_grossTrial,thumbnail_grossTrial.png,1245.0,1080.0,337.0,0.0,798.0,692.0,Unclassified,17.0,378.0,,,,,,
28492,41517230,1400480788517,Eye Tracker,Participant0058,17.09.2021,Participant0058,Recording4,17.09.2021,17.09.2021,14:48:45.713,12:48:45.713,64514,Timeline2,Tobii I-VT (Fixation),1.145.28180,1080,1920,"10,00",709380222.0,,,1380.0,669.0,1373.0,664.0,1387.0,673.0,"0,26269","0,14791","-0,95348","0,16698","0,15529","-0,97366",,,Valid,Valid,"234,9","102,2","513,0","292,9","102,9","509,2","376,2","181,8","380,3","184,1","0,8373","0,6191","0,8313","0,6152","0,8432","0,6229",thumbnail_grossTrial,thumbnail_grossTrial.png,1245.0,1080.0,337.0,0.0,798.0,692.0,Unclassified,17.0,378.0,,,,,,
28493,41525516,1400480796803,Eye Tracker,Participant0058,17.09.2021,Participant0058,Recording4,17.09.2021,17.09.2021,14:48:45.713,12:48:45.713,64514,Timeline2,Tobii I-VT (Fixation),1.145.28180,1080,1920,"10,00",709388507.0,,,,,,,,,,,,,,,,,Invalid,Invalid,,,,,,,,,,,,,,,,,thumbnail_grossTrial,thumbnail_grossTrial.png,1245.0,1080.0,337.0,0.0,798.0,692.0,EyesNotFound,8.0,339.0,,,,,,
28494,41533812,1400480805099,Eye Tracker,Participant0058,17.09.2021,Participant0058,Recording4,17.09.2021,17.09.2021,14:48:45.713,12:48:45.713,64514,Timeline2,Tobii I-VT (Fixation),1.145.28180,1080,1920,"10,00",709396803.0,,,1382.0,662.0,1380.0,660.0,1383.0,664.0,"0,26625","0,14562","-0,95284","0,16512","0,15073","-0,97469",,,Valid,Valid,"234,9","102,4","512,7","293,0","103,1","508,8","378,2","180,7","379,2","181,8","0,8386","0,6132","0,8372","0,6115","0,8400","0,6150",thumbnail_grossTrial,thumbnail_grossTrial.png,1245.0,1080.0,337.0,0.0,798.0,692.0,Unclassified,17.0,379.0,,,,,,
28495,41542186,1400480813473,Eye Tracker,Participant0058,17.09.2021,Participant0058,Recording4,17.09.2021,17.09.2021,14:48:45.713,12:48:45.713,64514,Timeline2,Tobii I-VT (Fixation),1.145.28180,1080,1920,"10,00",709405178.0,,,1378.0,666.0,1370.0,664.0,1385.0,667.0,"0,26157","0,14763","-0,95383","0,16625","0,15202","-0,97430",,,Valid,Valid,"234,9","102,4","512,6","292,9","103,1","508,7","375,5","181,8","379,7","182,5","0,8354","0,6163","0,8292","0,6149","0,8416","0,6176",thumbnail_grossTrial,thumbnail_grossTrial.png,1245.0,1080.0,337.0,0.0,798.0,692.0,Unclassified,17.0,379.0,,,,,,
28496,41550500,1400480821787,Eye Tracker,Participant0058,17.09.2021,Participant0058,Recording4,17.09.2021,17.09.2021,14:48:45.713,12:48:45.713,64514,Timeline2,Tobii I-VT (Fixation),1.145.28180,1080,1920,"10,00",709413491.0,,,,,,,,,,,,,,,,,Invalid,Invalid,,,,,,,,,,,,,,,,,thumbnail_grossTrial,thumbnail_grossTrial.png,1245.0,1080.0,337.0,0.0,798.0,692.0,EyesNotFound,8.0,340.0,,,,,,
28497,41558850,1400480830137,Eye Tracker,Participant0058,17.09.2021,Participant0058,Recording4,17.09.2021,17.09.2021,14:48:45.713,12:48:45.713,64514,Timeline2,Tobii I-VT (Fixation),1.145.28180,1080,1920,"10,00",709421841.0,,,1380.0,669.0,1366.0,669.0,1394.0,668.0,"0,25937","0,14992","-0,95407","0,17045","0,15254","-0,97349",,,Valid,Valid,"234,9","102,4","512,6","292,9","103,2","508,5","374,3","183,0","382,0","182,9","0,8370","0,6190","0,8257","0,6191","0,8482","0,6188",thumbnail_grossTrial,thumbnail_grossTrial.png,1245.0,1080.0,337.0,0.0,798.0,692.0,Saccade,25.0,168.0,,,,,,
28498,41567171,1400480838458,Eye Tracker,Participant0058,17.09.2021,Participant0058,Recording4,17.09.2021,17.09.2021,14:48:45.713,12:48:45.713,64514,Timeline2,Tobii I-VT (Fixation),1.145.28180,1080,1920,"10,00",709430162.0,,,1378.0,665.0,1366.0,669.0,1390.0,661.0,"0,25969","0,15024","-0,95393","0,16854","0,14895","-0,97438",,,Valid,Valid,"234,9","102,4","512,6","292,9","103,3","508,5","374,4","183,2","380,8","181,0","0,8355","0,6161","0,8261","0,6197","0,8449","0,6124",thumbnail_grossTrial,thumbnail_grossTrial.png,1245.0,1080.0,337.0,0.0,798.0,692.0,Saccade,25.0,168.0,,,,,,
28499,41575510,1400480846797,Eye Tracker,Participant0058,17.09.2021,Participant0058,Recording4,17.09.2021,17.09.2021,14:48:45.713,12:48:45.713,64514,Timeline2,Tobii I-VT (Fixation),1.145.28180,1080,1920,"10,00",709438500.0,,,1391.0,661.0,1391.0,661.0,,,"0,27145","0,14576","-0,95135",,,,"4,68",,Valid,Invalid,"234,9","102,4","512,6",,,,"381,2","180,9",,,"0,8459","0,6122","0,8459","0,6122",,,thumbnail_grossTrial,thumbnail_grossTrial.png,1245.0,1080.0,337.0,0.0,798.0,692.0,Saccade,25.0,168.0,,,,,,
28500,41583835,1400480855122,Eye Tracker,Participant0058,17.09.2021,Participant0058,Recording4,17.09.2021,17.09.2021,14:48:45.713,12:48:45.713,64514,Timeline2,Tobii I-VT (Fixation),1.145.28180,1080,1920,"10,00",709446825.0,,,1399.0,669.0,1407.0,679.0,1390.0,660.0,"0,27875","0,15415","-0,94791","0,16895","0,14818","-0,97442",,,Valid,Valid,"234,9","102,4","512,6","292,9","103,3","508,3","385,7","185,8","381,1","180,6","0,8523","0,6198","0,8591","0,6286","0,8456","0,6110",thumbnail_grossTrial,thumbnail_grossTrial.png,1245.0,1080.0,337.0,0.0,798.0,692.0,Fixation,367.0,82.0,1388.0,674.0,"0,8439","0,6241",,
28501,41592133,1400480863420,Eye Tracker,Participant0058,17.09.2021,Participant0058,Recording4,17.09.2021,17.09.2021,14:48:45.713,12:48:45.713,64514,Timeline2,Tobii I-VT (Fixation),1.145.28180,1080,1920,"10,00",709455123.0,,,1399.0,667.0,1408.0,671.0,1389.0,663.0,"0,27948","0,15049","-0,94828","0,16834","0,14990","-0,97427",,,Valid,Valid,"234,9","102,4","512,6","292,9","103,3","508,3","386,0","183,8","380,7","181,5","0,8522","0,6180","0,8600","0,6217","0,8445","0,6142",thumbnail_grossTrial,thumbnail_grossTrial.png,1245.0,1080.0,337.0,0.0,798.0,692.0,Fixation,367.0,82.0,1388.0,674.0,"0,8439","0,6241",,
28502,41600507,1400480871794,Eye Tracker,Participant0058,17.09.2021,Participant0058,Recording4,17.09.2021,17.09.2021,14:48:45.713,12:48:45.713,64514,Timeline2,Tobii I-VT (Fixation),1.145.28180,1080,1920,"10,00",709463497.0,,,1395.0,678.0,1416.0,683.0,1374.0,673.0,"0,28279","0,15626","-0,94637","0,16025","0,15526","-0,97479","4,61","4,12",Valid,Valid,"234,9","102,3","512,9","293,0","103,2","508,6","388,2","187,0","376,6","184,2","0,8495","0,6279","0,8665","0,6326","0,8325","0,6232",thumbnail_grossTrial,thumbnail_grossTrial.png,1245.0,1080.0,337.0,0.0,798.0,692.0,Fixation,367.0,82.0,1388.0,674.0,"0,8439","0,6241",,
28503,41608798,1400480880085,Eye Tracker,Participant0058,17.09.2021,Participant0058,Recording4,17.09.2021,17.09.2021,14:48:45.713,12:48:45.713,64514,Timeline2,Tobii I-VT (Fixation),1.145.28180,1080,1920,"10,00",709471787.0,,,1394.0,680.0,1416.0,683.0,1372.0,678.0,"0,28268","0,15632","-0,94639","0,15891","0,15780","-0,97460",,,Valid,Valid,"234,9","102,2","513,1","293,0","103,1","508,7","388,2","187,0","375,9","185,5","0,8485","0,6301","0,8665","0,6326","0,8305","0,6276",thumbnail_grossTrial,thumbnail_grossTrial.png,1245.0,1080.0,337.0,0.0,798.0,692.0,Fixation,367.0,82.0,1388.0,674.0,"0,8439","0,6241",,
28504,41617166,1400480888453,Eye Tracker,Participant0058,17.09.2021,Participant0058,Recording4,17.09.2021,17.09.2021,14:48:45.713,12:48:45.713,64514,Timeline2,Tobii I-VT (Fixation),1.145.28180,1080,1920,"10,00",709480155.0,,,1391.0,676.0,1402.0,675.0,1379.0,677.0,"0,27632","0,15248","-0,94889","0,16287","0,15710","-0,97406",,,Valid,Valid,"234,9","102,1","513,2","292,9","103,1","508,8","384,3","184,6","378,0","185,1","0,8459","0,6255","0,8552","0,6246","0,8366","0,6264",thumbnail_grossTrial,thumbnail_grossTrial.png,1245.0,1080.0,337.0,0.0,798.0,692.0,Fixation,367.0,82.0,1388.0,674.0,"0,8439","0,6241",,
28505,41625502,1400480896789,Eye Tracker,Participant0058,17.09.2021,Participant0058,Recording4,17.09.2021,17.09.2021,14:48:45.713,12:48:45.713,64514,Timeline2,Tobii I-VT (Fixation),1.145.28180,1080,1920,"10,00",709488491.0,,,1391.0,670.0,1394.0,669.0,1388.0,672.0,"0,27261","0,14986","-0,95038","0,16701","0,15481","-0,97373","4,71","4,46",Valid,Valid,"234,9","102,0","513,5","293,0","103,0","509,0","382,2","183,0","380,3","183,9","0,8461","0,6207","0,8488","0,6191","0,8434","0,6222",thumbnail_grossTrial,thumbnail_grossTrial.png,1245.0,1080.0,337.0,0.0,798.0,692.0,Fixation,367.0,82.0,1388.0,674.0,"0,8439","0,6241",,
28506,41633826,1400480905113,Eye Tracker,Participant0058,17.09.2021,Participant0058,Recording4,17.09.2021,17.09.2021,14:48:45.713,12:48:45.713,64514,Timeline2,Tobii I-VT (Fixation),1.145.28180,1080,1920,"10,00",709496814.0,,,1394.0,672.0,1404.0,674.0,1384.0,670.0,"0,27685","0,15232","-0,94876","0,16493","0,15398","-0,97421",,,Valid,Valid,"234,9","102,0","513,5","293,0","103,0","509,0","384,8","184,4","379,2","183,4","0,8483","0,6223","0,8564","0,6240","0,8401","0,6206",thumbnail_grossTrial,thumbnail_grossTrial.png,1245.0,1080.0,337.0,0.0,798.0,692.0,Fixation,367.0,82.0,1388.0,674.0,"0,8439","0,6241",,
28507,41642156,1400480913443,Eye Tracker,Participant0058,17.09.2021,Participant0058,Recording4,17.09.2021,17.09.2021,14:48:45.713,12:48:45.713,64514,Timeline2,Tobii I-VT (Fixation),1.145.28180,1080,1920,"10,00",709505144.0,,,1391.0,673.0,1406.0,680.0,1376.0,667.0,"0,27791","0,15516","-0,94799","0,16160","0,15214","-0,97506",,,Valid,Valid,"234,9","102,0","513,7","292,9","103,1","508,8","385,4","186,0","377,2","182,5","0,8464","0,6234","0,8584","0,6294","0,8344","0,6174",thumbnail_grossTrial,thumbnail_grossTrial.png,1245.0,1080.0,337.0,0.0,798.0,692.0,Fixation,367.0,82.0,1388.0,674.0,"0,8439","0,6241",,
28508,41650492,1400480921779,Eye Tracker,Participant0058,17.09.2021,Participant0058,Recording4,17.09.2021,17.09.2021,14:48:45.713,12:48:45.713,64514,Timeline2,Tobii I-VT (Fixation),1.145.28180,1080,1920,"10,00",709513480.0,,,1381.0,665.0,,,1381.0,665.0,,,,"0,16371","0,15102","-0,97488",,"4,48",Invalid,Valid,,,,"293,0","103,1","508,6",,,"378,4","181,9","0,8377","0,6155",,,"0,8377","0,6155",thumbnail_grossTrial,thumbnail_grossTrial.png,1245.0,1080.0,337.0,0.0,798.0,692.0,Fixation,367.0,82.0,1388.0,674.0,"0,8439","0,6241",,
28509,41658863,1400480930150,Eye Tracker,Participant0058,17.09.2021,Participant0058,Recording4,17.09.2021,17.09.2021,14:48:45.713,12:48:45.713,64514,Timeline2,Tobii I-VT (Fixation),1.145.28180,1080,1920,"10,00",709521851.0,,,1382.0,672.0,1398.0,672.0,1367.0,671.0,"0,27417","0,15178","-0,94963","0,15659","0,15451","-0,97550",,,Valid,Valid,"234,9","101,9","513,8","292,9","103,2","508,3","383,3","184,0","374,5","183,7","0,8392","0,6221","0,8520","0,6225","0,8264","0,6217",thumbnail_grossTrial,thumbnail_grossTrial.png,1245.0,1080.0,337.0,0.0,798.0,692.0,Fixation,367.0,82.0,1388.0,674.0,"0,8439","0,6241",,
28510,41667208,1400480938495,Eye Tracker,Participant0058,17.09.2021,Participant0058,Recording4,17.09.2021,17.09.2021,14:48:45.713,12:48:45.713,64514,Timeline2,Tobii I-VT (Fixation),1.145.28180,1080,1920,"10,00",709530196.0,,,1385.0,679.0,1393.0,686.0,1377.0,672.0,"0,27156","0,15861","-0,94926","0,16216","0,15474","-0,97456",,,Valid,Valid,"234,8","101,8","513,9","292,9","103,3","508,2","381,9","187,7","377,4","184,0","0,8414","0,6289","0,8479","0,6351","0,8349","0,6226",thumbnail_grossTrial,thumbnail_grossTrial.png,1245.0,1080.0,337.0,0.0,798.0,692.0,Fixation,367.0,82.0,1388.0,674.0,"0,8439","0,6241",,
28511,41675491,1400480946778,Eye Tracker,Participant0058,17.09.2021,Participant0058,Recording4,17.09.2021,17.09.2021,14:48:45.713,12:48:45.713,64514,Timeline2,Tobii I-VT (Fixation),1.145.28180,1080,1920,"10,00",709538478.0,,,,,,,,,,,,,,,,,Invalid,Invalid,,,,,,,,,,,,,,,,,thumbnail_grossTrial,thumbnail_grossTrial.png,1245.0,1080.0,337.0,0.0,798.0,692.0,Fixation,367.0,82.0,1388.0,674.0,"0,8439","0,6241",,
28512,41683854,1400480955141,Eye Tracker,Participant0058,17.09.2021,Participant0058,Recording4,17.09.2021,17.09.2021,14:48:45.713,12:48:45.713,64514,Timeline2,Tobii I-VT (Fixation),1.145.28180,1080,1920,"10,00",709546841.0,,,1387.0,678.0,1391.0,688.0,1382.0,667.0,"0,27026","0,15985","-0,94943","0,16498","0,15195","-0,97452",,,Valid,Valid,"234,9","101,8","514,0","292,9","103,5","507,8","381,2","188,3","378,8","182,6","0,8426","0,6275","0,8460","0,6372","0,8391","0,6179",thumbnail_grossTrial,thumbnail_grossTrial.png,1245.0,1080.0,337.0,0.0,798.0,692.0,Fixation,367.0,82.0,1388.0,674.0,"0,8439","0,6241",,
28513,41692218,1400480963505,Eye Tracker,Participant0058,17.09.2021,Participant0058,Recording4,17.09.2021,17.09.2021,14:48:45.713,12:48:45.713,64514,Timeline2,Tobii I-VT (Fixation),1.145.28180,1080,1920,"10,00",709555205.0,,,1385.0,670.0,1385.0,669.0,1385.0,671.0,"0,26813","0,15059","-0,95154","0,16671","0,15378","-0,97394",,,Valid,Valid,"234,8","101,7","514,1","292,8","103,5","507,7","379,7","183,1","379,7","183,7","0,8416","0,6205","0,8416","0,6195","0,8416","0,6215",thumbnail_grossTrial,thumbnail_grossTrial.png,1245.0,1080.0,337.0,0.0,798.0,692.0,Fixation,367.0,82.0,1388.0,674.0,"0,8439","0,6241",,
28514,41700469,1400480971756,Eye Tracker,Participant0058,17.09.2021,Participant0058,Recording4,17.09.2021,17.09.2021,14:48:45.713,12:48:45.713,64514,Timeline2,Tobii I-VT (Fixation),1.145.28180,1080,1920,"10,00",709563455.0,,,1374.0,659.0,,,1374.0,659.0,,,,"0,16078","0,14778","-0,97586",,"4,48",Invalid,Valid,,,,"292,9","103,6","507,5",,,"376,5","180,4","0,8322","0,6104",,,"0,8322","0,6104",thumbnail_grossTrial,thumbnail_grossTrial.png,1245.0,1080.0,337.0,0.0,798.0,692.0,Fixation,367.0,82.0,1388.0,674.0,"0,8439","0,6241",,
28515,41708827,1400480980114,Eye Tracker,Participant0058,17.09.2021,Participant0058,Recording4,17.09.2021,17.09.2021,14:48:45.713,12:48:45.713,64514,Timeline2,Tobii I-VT (Fixation),1.145.28180,1080,1920,"10,00",709571813.0,,,1384.0,667.0,1391.0,671.0,1376.0,663.0,"0,27064","0,15142","-0,95070","0,16193","0,14980","-0,97537",,,Valid,Valid,"234,9","101,7","514,2","292,9","103,7","507,3","381,3","183,6","377,1","181,6","0,8401","0,6178","0,8462","0,6212","0,8339","0,6143",thumbnail_grossTrial,thumbnail_grossTrial.png,1245.0,1080.0,337.0,0.0,798.0,692.0,Fixation,367.0,82.0,1388.0,674.0,"0,8439","0,6241",,
28516,41717186,1400480988473,Eye Tracker,Participant0058,17.09.2021,Participant0058,Recording4,17.09.2021,17.09.2021,14:48:45.713,12:48:45.713,64514,Timeline2,Tobii I-VT (Fixation),1.145.28180,1080,1920,"10,00",709580172.0,,,1385.0,673.0,1394.0,682.0,1376.0,663.0,"0,27193","0,15680","-0,94946","0,16204","0,14970","-0,97536",,,Valid,Valid,"234,8","101,7","514,3","292,8","103,7","507,2","382,1","186,6","377,1","181,6","0,8413","0,6229","0,8487","0,6315","0,8338","0,6143",thumbnail_grossTrial,thumbnail_grossTrial.png,1245.0,1080.0,337.0,0.0,798.0,692.0,Fixation,367.0,82.0,1388.0,674.0,"0,8439","0,6241",,
28517,41725456,1400480996743,Eye Tracker,Participant0058,17.09.2021,Participant0058,Recording4,17.09.2021,17.09.2021,14:48:45.713,12:48:45.713,64514,Timeline2,Tobii I-VT (Fixation),1.145.28180,1080,1920,"10,00",709588442.0,,,1384.0,673.0,,,1384.0,673.0,,,,"0,16591","0,15456","-0,97395",,"4,53",Invalid,Valid,,,,"292,9","103,7","507,1",,,"379,2","184,2","0,8402","0,6233",,,"0,8402","0,6233",thumbnail_grossTrial,thumbnail_grossTrial.png,1245.0,1080.0,337.0,0.0,798.0,692.0,Fixation,367.0,82.0,1388.0,674.0,"0,8439","0,6241",,
28518,41733786,1400481005073,Eye Tracker,Participant0058,17.09.2021,Participant0058,Recording4,17.09.2021,17.09.2021,14:48:45.713,12:48:45.713,64514,Timeline2,Tobii I-VT (Fixation),1.145.28180,1080,1920,"10,00",709596772.0,,,1381.0,679.0,1386.0,678.0,1375.0,680.0,"0,26810","0,15479","-0,95087","0,16138","0,15793","-0,97417",,,Valid,Valid,"234,9","101,7","514,4","292,8","103,8","507,0","379,9","185,4","376,8","186,0","0,8377","0,6283","0,8423","0,6273","0,8331","0,6293",thumbnail_grossTrial,thumbnail_grossTrial.png,1245.0,1080.0,337.0,0.0,798.0,692.0,Fixation,367.0,82.0,1388.0,674.0,"0,8439","0,6241",,
28519,41742150,1400481013437,Eye Tracker,Participant0058,17.09.2021,Participant0058,Recording4,17.09.2021,17.09.2021,14:48:45.713,12:48:45.713,64514,Timeline2,Tobii I-VT (Fixation),1.145.28180,1080,1920,"10,00",709605135.0,,,1371.0,676.0,1383.0,673.0,1359.0,679.0,"0,26660","0,15245","-0,95167","0,15334","0,15795","-0,97547",,,Valid,Valid,"234,8","101,7","514,4","292,8","103,8","506,9","378,9","184,1","372,5","185,9","0,8298","0,6259","0,8393","0,6228","0,8203","0,6290",thumbnail_grossTrial,thumbnail_grossTrial.png,1245.0,1080.0,337.0,0.0,798.0,692.0,Fixation,367.0,82.0,1388.0,674.0,"0,8439","0,6241",,
28520,41750498,1400481021785,Eye Tracker,Participant0058,17.09.2021,Participant0058,Recording4,17.09.2021,17.09.2021,14:48:45.713,12:48:45.713,64514,Timeline2,Tobii I-VT (Fixation),1.145.28180,1080,1920,"10,00",709613483.0,,,1379.0,670.0,,,1379.0,670.0,,,,"0,16340","0,15288","-0,97464",,"4,54",Invalid,Valid,,,,"292,8","103,8","506,9",,,"377,8","183,3","0,8361","0,6203",,,"0,8361","0,6203",thumbnail_grossTrial,thumbnail_grossTrial.png,1245.0,1080.0,337.0,0.0,798.0,692.0,Fixation,367.0,82.0,1388.0,674.0,"0,8439","0,6241",,
28521,41758820,1400481030107,Eye Tracker,Participant0058,17.09.2021,Participant0058,Recording4,17.09.2021,17.09.2021,14:48:45.713,12:48:45.713,64514,Timeline2,Tobii I-VT (Fixation),1.145.28180,1080,1920,"10,00",709621805.0,,,1385.0,666.0,1383.0,668.0,1387.0,665.0,"0,26687","0,15006","-0,95198","0,16792","0,14993","-0,97433",,,Valid,Valid,"234,9","101,7","514,4","292,8","103,9","506,9","379,1","182,7","380,2","181,9","0,8414","0,6168","0,8398","0,6183","0,8429","0,6153",thumbnail_grossTrial,thumbnail_grossTrial.png,1245.0,1080.0,337.0,0.0,798.0,692.0,Fixation,367.0,82.0,1388.0,674.0,"0,8439","0,6241",,
28522,41767197,1400481038484,Eye Tracker,Participant0058,17.09.2021,Participant0058,Recording4,17.09.2021,17.09.2021,14:48:45.713,12:48:45.713,64514,Timeline2,Tobii I-VT (Fixation),1.145.28180,1080,1920,"10,00",709630181.0,,,1385.0,667.0,1385.0,669.0,1385.0,665.0,"0,26779","0,15050","-0,95165","0,16683","0,15036","-0,97445",,,Valid,Valid,"234,8","101,7","514,4","292,7","103,9","506,9","379,6","183,0","379,5","182,1","0,8411","0,6177","0,8412","0,6192","0,8411","0,6161",thumbnail_grossTrial,thumbnail_grossTrial.png,1245.0,1080.0,337.0,0.0,798.0,692.0,Fixation,367.0,82.0,1388.0,674.0,"0,8439","0,6241",,
28523,41775458,1400481046745,Eye Tracker,Participant0058,17.09.2021,Participant0058,Recording4,17.09.2021,17.09.2021,14:48:45.713,12:48:45.713,64514,Timeline2,Tobii I-VT (Fixation),1.145.28180,1080,1920,"10,00",709638442.0,,,,,,,,,,,,,,,,,Invalid,Invalid,,,,,,,,,,,,,,,,,thumbnail_grossTrial,thumbnail_grossTrial.png,1245.0,1080.0,337.0,0.0,798.0,692.0,Fixation,367.0,82.0,1388.0,674.0,"0,8439","0,6241",,
28524,41783837,1400481055124,Eye Tracker,Participant0058,17.09.2021,Participant0058,Recording4,17.09.2021,17.09.2021,14:48:45.713,12:48:45.713,64514,Timeline2,Tobii I-VT (Fixation),1.145.28180,1080,1920,"10,00",709646821.0,,,1388.0,680.0,1392.0,692.0,1384.0,667.0,"0,27045","0,16200","-0,94901","0,16623","0,15119","-0,97443",,,Valid,Valid,"234,9","101,7","514,4","292,8","103,8","506,9","381,5","189,5","379,3","182,5","0,8435","0,6293","0,8468","0,6410","0,8403","0,6175",thumbnail_grossTrial,thumbnail_grossTrial.png,1245.0,1080.0,337.0,0.0,798.0,692.0,Fixation,367.0,82.0,1388.0,674.0,"0,8439","0,6241",,
28525,41792144,1400481063431,Eye Tracker,Participant0058,17.09.2021,Participant0058,Recording4,17.09.2021,17.09.2021,14:48:45.713,12:48:45.713,64514,Timeline2,Tobii I-VT (Fixation),1.145.28180,1080,1920,"10,00",709655128.0,,,1390.0,677.0,1397.0,691.0,1383.0,664.0,"0,27278","0,16106","-0,94850","0,16575","0,14956","-0,97476",,,Valid,Valid,"234,8","101,7","514,4","292,8","103,9","507,0","382,8","189,0","379,0","181,6","0,8450","0,6270","0,8505","0,6395","0,8394","0,6146",thumbnail_grossTrial,thumbnail_grossTrial.png,1245.0,1080.0,337.0,0.0,798.0,692.0,Fixation,367.0,82.0,1388.0,674.0,"0,8439","0,6241",,
28526,41800480,1400481071767,Eye Tracker,Participant0058,17.09.2021,Participant0058,Recording4,17.09.2021,17.09.2021,14:48:45.713,12:48:45.713,64514,Timeline2,Tobii I-VT (Fixation),1.145.28180,1080,1920,"10,00",709663463.0,,,,,,,,,,,,,,,,,Invalid,Invalid,,,,,,,,,,,,,,,,,thumbnail_grossTrial,thumbnail_grossTrial.png,1245.0,1080.0,337.0,0.0,798.0,692.0,Fixation,367.0,82.0,1388.0,674.0,"0,8439","0,6241",,
28527,41808780,1400481080067,Eye Tracker,Participant0058,17.09.2021,Participant0058,Recording4,17.09.2021,17.09.2021,14:48:45.713,12:48:45.713,64514,Timeline2,Tobii I-VT (Fixation),1.145.28180,1080,1920,"10,00",709671763.0,,,1392.0,671.0,1395.0,671.0,1389.0,671.0,"0,27213","0,15163","-0,95024","0,16866","0,15324","-0,97369",,,Valid,Valid,"234,9","101,7","514,4","292,8","103,8","507,0","382,2","183,8","380,6","183,6","0,8466","0,6215","0,8489","0,6217","0,8444","0,6212",thumbnail_grossTrial,thumbnail_grossTrial.png,1245.0,1080.0,337.0,0.0,798.0,692.0,Fixation,367.0,82.0,1388.0,674.0,"0,8439","0,6241",,
28528,41817116,1400481088403,Eye Tracker,Participant0058,17.09.2021,Participant0058,Recording4,17.09.2021,17.09.2021,14:48:45.713,12:48:45.713,64514,Timeline2,Tobii I-VT (Fixation),1.145.28180,1080,1920,"10,00",709680099.0,,,1398.0,675.0,1395.0,674.0,1400.0,675.0,"0,27253","0,15310","-0,94989","0,17437","0,15497","-0,97241",,,Valid,Valid,"234,8","101,7","514,4","292,8","103,8","507,1","382,4","184,6","383,7","184,6","0,8514","0,6246","0,8495","0,6245","0,8533","0,6246",thumbnail_grossTrial,thumbnail_grossTrial.png,1245.0,1080.0,337.0,0.0,798.0,692.0,Fixation,367.0,82.0,1388.0,674.0,"0,8439","0,6241",,
28529,41825478,1400481096765,Eye Tracker,Participant0058,17.09.2021,Participant0058,Recording4,17.09.2021,17.09.2021,14:48:45.713,12:48:45.713,64514,Timeline2,Tobii I-VT (Fixation),1.145.28180,1080,1920,"10,00",709688460.0,,,1397.0,658.0,,,1397.0,658.0,,,,"0,17304","0,14659","-0,97395",,"4,84",Invalid,Valid,,,,"292,9","103,7","507,2",,,"383,0","180,1","0,8512","0,6093",,,"0,8512","0,6093",thumbnail_grossTrial,thumbnail_grossTrial.png,1245.0,1080.0,337.0,0.0,798.0,692.0,Fixation,367.0,82.0,1388.0,674.0,"0,8439","0,6241",,
28530,41833779,1400481105066,Eye Tracker,Participant0058,17.09.2021,Participant0058,Recording4,17.09.2021,17.09.2021,14:48:45.713,12:48:45.713,64514,Timeline2,Tobii I-VT (Fixation),1.145.28180,1080,1920,"10,00",709696761.0,,,1403.0,675.0,1403.0,664.0,1403.0,686.0,"0,27613","0,14799","-0,94966","0,17531","0,16070","-0,97131",,,Valid,Valid,"234,9","101,7","514,3","292,9","103,8","507,1","384,5","181,8","384,4","187,7","0,8554","0,6251","0,8555","0,6153","0,8553","0,6349",thumbnail_grossTrial,thumbnail_grossTrial.png,1245.0,1080.0,337.0,0.0,798.0,692.0,Fixation,367.0,82.0,1388.0,674.0,"0,8439","0,6241",,
28531,41842112,1400481113399,Eye Tracker,Participant0058,17.09.2021,Participant0058,Recording4,17.09.2021,17.09.2021,14:48:45.713,12:48:45.713,64514,Timeline2,Tobii I-VT (Fixation),1.145.28180,1080,1920,"10,00",709705095.0,,,1402.0,673.0,1406.0,667.0,1399.0,679.0,"0,27782","0,14937","-0,94895","0,17353","0,15751","-0,97215",,,Valid,Valid,"234,8","101,7","514,3","292,8","103,8","507,2","385,4","182,7","383,3","185,9","0,8553","0,6236","0,8583","0,6180","0,8522","0,6291",thumbnail_grossTrial,thumbnail_grossTrial.png,1245.0,1080.0,337.0,0.0,798.0,692.0,Fixation,367.0,82.0,1388.0,674.0,"0,8439","0,6241",,
28532,41850486,1400481121773,Eye Tracker,Participant0058,17.09.2021,Participant0058,Recording4,17.09.2021,17.09.2021,14:48:45.713,12:48:45.713,64514,Timeline2,Tobii I-VT (Fixation),1.145.28180,1080,1920,"10,00",709713468.0,,,1392.0,678.0,,,1392.0,678.0,,,,"0,16981","0,15703","-0,97289",,"4,61",Invalid,Valid,,,,"292,9","103,7","507,3",,,"381,4","185,6","0,8466","0,6279",,,"0,8466","0,6279",thumbnail_grossTrial,thumbnail_grossTrial.png,1245.0,1080.0,337.0,0.0,798.0,692.0,Fixation,367.0,82.0,1388.0,674.0,"0,8439","0,6241",,
28533,41858816,1400481130103,Eye Tracker,Participant0058,17.09.2021,Participant0058,Recording4,17.09.2021,17.09.2021,14:48:45.713,12:48:45.713,64514,Timeline2,Tobii I-VT (Fixation),1.145.28180,1080,1920,"10,00",709721798.0,,,1382.0,675.0,1400.0,678.0,1364.0,672.0,"0,27441","0,15475","-0,94908","0,15602","0,15411","-0,97566",,,Valid,Valid,"234,9","101,7","514,2","292,8","103,7","507,2","383,6","185,6","374,0","183,8","0,8388","0,6249","0,8529","0,6278","0,8247","0,6220",thumbnail_grossTrial,thumbnail_grossTrial.png,1245.0,1080.0,337.0,0.0,798.0,692.0,Fixation,367.0,82.0,1388.0,674.0,"0,8439","0,6241",,
28534,41867115,1400481138402,Eye Tracker,Participant0058,17.09.2021,Participant0058,Recording4,17.09.2021,17.09.2021,14:48:45.713,12:48:45.713,64514,Timeline2,Tobii I-VT (Fixation),1.145.28180,1080,1920,"10,00",709730097.0,,,1379.0,680.0,1394.0,689.0,1364.0,672.0,"0,27167","0,16018","-0,94897","0,15614","0,15409","-0,97564",,,Valid,Valid,"234,8","101,8","514,0","292,8","103,7","507,2","382,0","188,5","374,0","183,8","0,8365","0,6300","0,8483","0,6379","0,8247","0,6220",thumbnail_grossTrial,thumbnail_grossTrial.png,1245.0,1080.0,337.0,0.0,798.0,692.0,Fixation,367.0,82.0,1388.0,674.0,"0,8439","0,6241",,
28535,41875445,1400481146732,Eye Tracker,Participant0058,17.09.2021,Participant0058,Recording4,17.09.2021,17.09.2021,14:48:45.713,12:48:45.713,64514,Timeline2,Tobii I-VT (Fixation),1.145.28180,1080,1920,"10,00",709738426.0,,,,,,,,,,,,,,,,,Invalid,Invalid,,,,,,,,,,,,,,,,,thumbnail_grossTrial,thumbnail_grossTrial.png,1245.0,1080.0,337.0,0.0,798.0,692.0,Fixation,367.0,82.0,1388.0,674.0,"0,8439","0,6241",,
28536,41883774,1400481155061,Eye Tracker,Participant0058,17.09.2021,Participant0058,Recording4,17.09.2021,17.09.2021,14:48:45.713,12:48:45.713,64514,Timeline2,Tobii I-VT (Fixation),1.145.28180,1080,1920,"10,00",709746755.0,,,1399.0,679.0,1396.0,693.0,1401.0,665.0,"0,27286","0,16175","-0,94836","0,17483","0,15003","-0,97310",,,Valid,Valid,"234,9","101,9","513,7","292,8","103,7","507,2","382,7","189,5","384,0","181,9","0,8522","0,6284","0,8503","0,6413","0,8540","0,6155",thumbnail_grossTrial,thumbnail_grossTrial.png,1245.0,1080.0,337.0,0.0,798.0,692.0,Fixation,367.0,82.0,1388.0,674.0,"0,8439","0,6241",,
28537,41892147,1400481163434,Eye Tracker,Participant0058,17.09.2021,Participant0058,Recording4,17.09.2021,17.09.2021,14:48:45.713,12:48:45.713,64514,Timeline2,Tobii I-VT (Fixation),1.145.28180,1080,1920,"10,00",709755128.0,,,1393.0,673.0,1391.0,679.0,1396.0,666.0,"0,27077","0,15506","-0,95007","0,17227","0,15094","-0,97342",,,Valid,Valid,"234,8","102,0","513,6","292,8","103,7","507,2","381,2","185,8","382,5","182,4","0,8479","0,6229","0,8459","0,6287","0,8499","0,6171",thumbnail_grossTrial,thumbnail_grossTrial.png,1245.0,1080.0,337.0,0.0,798.0,692.0,Fixation,367.0,82.0,1388.0,674.0,"0,8439","0,6241",,
28538,41900443,1400481171730,Eye Tracker,Participant0058,17.09.2021,Participant0058,Recording4,17.09.2021,17.09.2021,14:48:45.713,12:48:45.713,64514,Timeline2,Tobii I-VT (Fixation),1.145.28180,1080,1920,"10,00",709763424.0,,,,,,,,,,,,,,,,,Invalid,Invalid,,,,,,,,,,,,,,,,,thumbnail_grossTrial,thumbnail_grossTrial.png,1245.0,1080.0,337.0,0.0,798.0,692.0,Fixation,367.0,82.0,1388.0,674.0,"0,8439","0,6241",,
28539,41908774,1400481180061,Eye Tracker,Participant0058,17.09.2021,Participant0058,Recording4,17.09.2021,17.09.2021,14:48:45.713,12:48:45.713,64514,Timeline2,Tobii I-VT (Fixation),1.145.28180,1080,1920,"10,00",709771754.0,,,1378.0,678.0,1391.0,682.0,1365.0,674.0,"0,27094","0,15635","-0,94981","0,15613","0,15508","-0,97549",,,Valid,Valid,"234,9","102,1","513,3","292,8","103,7","507,1","381,3","186,6","374,0","184,4","0,8356","0,6275","0,8464","0,6313","0,8249","0,6238",thumbnail_grossTrial,thumbnail_grossTrial.png,1245.0,1080.0,337.0,0.0,798.0,692.0,Fixation,367.0,82.0,1388.0,674.0,"0,8439","0,6241",,
28540,41917138,1400481188425,Eye Tracker,Participant0058,17.09.2021,Participant0058,Recording4,17.09.2021,17.09.2021,14:48:45.713,12:48:45.713,64514,Timeline2,Tobii I-VT (Fixation),1.145.28180,1080,1920,"10,00",709780118.0,,,1379.0,676.0,1393.0,679.0,1365.0,674.0,"0,27206","0,15495","-0,94972","0,15622","0,15504","-0,97548",,,Valid,Valid,"234,9","102,1","513,2","292,8","103,8","507,1","381,9","185,9","374,0","184,4","0,8364","0,6263","0,8479","0,6288","0,8249","0,6238",thumbnail_grossTrial,thumbnail_grossTrial.png,1245.0,1080.0,337.0,0.0,798.0,692.0,Fixation,367.0,82.0,1388.0,674.0,"0,8439","0,6241",,
28541,41925440,1400481196727,Eye Tracker,Participant0058,17.09.2021,Participant0058,Recording4,17.09.2021,17.09.2021,14:48:45.713,12:48:45.713,64514,Timeline2,Tobii I-VT (Fixation),1.145.28180,1080,1920,"10,00",709788420.0,,,1389.0,671.0,,,1389.0,671.0,,,,"0,16848","0,15351","-0,97368",,"4,26",Invalid,Valid,,,,"292,9","103,8","507,1",,,"380,6","183,7","0,8442","0,6215",,,"0,8442","0,6215",thumbnail_grossTrial,thumbnail_grossTrial.png,1245.0,1080.0,337.0,0.0,798.0,692.0,Fixation,367.0,82.0,1388.0,674.0,"0,8439","0,6241",,
28542,41933808,1400481205095,Eye Tracker,Participant0058,17.09.2021,Participant0058,Recording4,17.09.2021,17.09.2021,14:48:45.713,12:48:45.713,64514,Timeline2,Tobii I-VT (Fixation),1.145.28180,1080,1920,"10,00",709796787.0,,,1391.0,674.0,1392.0,676.0,1389.0,672.0,"0,27166","0,15333","-0,95010","0,16880","0,15381","-0,97358",,,Valid,Valid,"234,9","102,2","513,0","292,8","103,8","507,0","381,6","185,0","380,7","183,9","0,8459","0,6240","0,8472","0,6259","0,8446","0,6222",thumbnail_grossTrial,thumbnail_grossTrial.png,1245.0,1080.0,337.0,0.0,798.0,692.0,Fixation,367.0,82.0,1388.0,674.0,"0,8439","0,6241",,
28543,41942104,1400481213391,Eye Tracker,Participant0058,17.09.2021,Participant0058,Recording4,17.09.2021,17.09.2021,14:48:45.713,12:48:45.713,64514,Timeline2,Tobii I-VT (Fixation),1.145.28180,1080,1920,"10,00",709805083.0,,,1380.0,684.0,1383.0,687.0,1378.0,681.0,"0,26725","0,15913","-0,95040","0,16291","0,15846","-0,97383",,,Valid,Valid,"234,9","102,2","513,0","292,8","103,9","506,9","379,1","188,1","377,6","186,3","0,8376","0,6335","0,8399","0,6365","0,8354","0,6305",thumbnail_grossTrial,thumbnail_grossTrial.png,1245.0,1080.0,337.0,0.0,798.0,692.0,Fixation,367.0,82.0,1388.0,674.0,"0,8439","0,6241",,
28544,41950448,1400481221735,Eye Tracker,Participant0058,17.09.2021,Participant0058,Recording4,17.09.2021,17.09.2021,14:48:45.713,12:48:45.713,64514,Timeline2,Tobii I-VT (Fixation),1.145.28180,1080,1920,"10,00",709813427.0,,,,,,,,,,,,,,,,,Invalid,Invalid,,,,,,,,,,,,,,,,,thumbnail_grossTrial,thumbnail_grossTrial.png,1245.0,1080.0,337.0,0.0,798.0,692.0,EyesNotFound,8.0,341.0,,,,,,
28545,41958809,1400481230096,Eye Tracker,Participant0058,17.09.2021,Participant0058,Recording4,17.09.2021,17.09.2021,14:48:45.713,12:48:45.713,64514,Timeline2,Tobii I-VT (Fixation),1.145.28180,1080,1920,"10,00",709821788.0,,,1380.0,684.0,1385.0,688.0,1374.0,679.0,"0,26795","0,15941","-0,95015","0,16112","0,15762","-0,97427",,,Valid,Valid,"234,9","102,3","512,8","292,8","103,9","506,8","379,5","188,3","376,6","185,9","0,8368","0,6330","0,8411","0,6372","0,8326","0,6289",thumbnail_grossTrial,thumbnail_grossTrial.png,1245.0,1080.0,337.0,0.0,798.0,692.0,Unclassified,17.0,380.0,,,,,,
28546,41967102,1400481238389,Eye Tracker,Participant0058,17.09.2021,Participant0058,Recording4,17.09.2021,17.09.2021,14:48:45.713,12:48:45.713,64514,Timeline2,Tobii I-VT (Fixation),1.145.28180,1080,1920,"10,00",709830080.0,,,1384.0,684.0,1388.0,688.0,1381.0,680.0,"0,26956","0,15932","-0,94971","0,16469","0,15773","-0,97365",,,Valid,Valid,"234,9","102,3","512,8","292,7","103,9","506,8","380,4","188,3","378,5","186,0","0,8408","0,6332","0,8437","0,6372","0,8380","0,6293",thumbnail_grossTrial,thumbnail_grossTrial.png,1245.0,1080.0,337.0,0.0,798.0,692.0,Unclassified,17.0,380.0,,,,,,
28547,41975437,1400481246724,Eye Tracker,Participant0058,17.09.2021,Participant0058,Recording4,17.09.2021,17.09.2021,14:48:45.713,12:48:45.713,64514,Timeline2,Tobii I-VT (Fixation),1.145.28180,1080,1920,"10,00",709838415.0,,,,,,,,,,,,,,,,,Invalid,Invalid,,,,,,,,,,,,,,,,,thumbnail_grossTrial,thumbnail_grossTrial.png,1245.0,1080.0,337.0,0.0,798.0,692.0,EyesNotFound,8.0,342.0,,,,,,
28548,41983767,1400481255054,Eye Tracker,Participant0058,17.09.2021,Participant0058,Recording4,17.09.2021,17.09.2021,14:48:45.713,12:48:45.713,64514,Timeline2,Tobii I-VT (Fixation),1.145.28180,1080,1920,"10,00",709846745.0,,,1389.0,681.0,1384.0,683.0,1394.0,679.0,"0,26765","0,15659","-0,95071","0,17153","0,15710","-0,97257",,,Valid,Valid,"234,9","102,3","512,8","292,8","103,9","506,8","379,3","186,8","382,2","185,8","0,8445","0,6302","0,8403","0,6320","0,8488","0,6285",thumbnail_grossTrial,thumbnail_grossTrial.png,1245.0,1080.0,337.0,0.0,798.0,692.0,Unclassified,17.0,381.0,,,,,,
28549,41992101,1400481263388,Eye Tracker,Participant0058,17.09.2021,Participant0058,Recording4,17.09.2021,17.09.2021,14:48:45.713,12:48:45.713,64514,Timeline2,Tobii I-VT (Fixation),1.145.28180,1080,1920,"10,00",709855078.0,,,1387.0,679.0,1381.0,682.0,1392.0,676.0,"0,26637","0,15635","-0,95111","0,17052","0,15540","-0,97302",,,Valid,Valid,"234,8","102,3","512,8","292,7","103,9","506,8","378,5","186,6","381,5","184,9","0,8425","0,6284","0,8380","0,6314","0,8470","0,6255",thumbnail_grossTrial,thumbnail_grossTrial.png,1245.0,1080.0,337.0,0.0,798.0,692.0,Unclassified,17.0,381.0,,,,,,
28550,42000435,1400481271722,Eye Tracker,Participant0058,17.09.2021,Participant0058,Recording4,17.09.2021,17.09.2021,14:48:45.713,12:48:45.713,64514,Timeline2,Tobii I-VT (Fixation),1.145.28180,1080,1920,"10,00",709863412.0,,,,,,,,,,,,,,,,,Invalid,Invalid,,,,,,,,,,,,,,,,,thumbnail_grossTrial,thumbnail_grossTrial.png,1245.0,1080.0,337.0,0.0,798.0,692.0,EyesNotFound,8.0,343.0,,,,,,
28551,42008764,1400481280051,Eye Tracker,Participant0058,17.09.2021,Participant0058,Recording4,17.09.2021,17.09.2021,14:48:45.713,12:48:45.713,64514,Timeline2,Tobii I-VT (Fixation),1.145.28180,1080,1920,"10,00",709871741.0,,,1387.0,673.0,1375.0,678.0,1398.0,667.0,"0,26340","0,15472","-0,95220","0,17370","0,15120","-0,97312",,,Valid,Valid,"234,9","102,3","512,9","292,8","103,9","506,8","376,8","185,7","383,2","182,7","0,8425","0,6231","0,8330","0,6282","0,8520","0,6180",thumbnail_grossTrial,thumbnail_grossTrial.png,1245.0,1080.0,337.0,0.0,798.0,692.0,Unclassified,17.0,382.0,,,,,,
28552,42017129,1400481288416,Eye Tracker,Participant0058,17.09.2021,Participant0058,Recording4,17.09.2021,17.09.2021,14:48:45.713,12:48:45.713,64514,Timeline2,Tobii I-VT (Fixation),1.145.28180,1080,1920,"10,00",709880106.0,,,1390.0,673.0,1382.0,677.0,1398.0,669.0,"0,26701","0,15368","-0,95136","0,17366","0,15222","-0,97297",,,Valid,Valid,"234,8","102,3","512,9","292,7","103,9","506,9","378,8","185,2","383,2","183,2","0,8454","0,6232","0,8390","0,6265","0,8519","0,6199",thumbnail_grossTrial,thumbnail_grossTrial.png,1245.0,1080.0,337.0,0.0,798.0,692.0,Unclassified,17.0,382.0,,,,,,
28553,42025545,1400481296832,Eye Tracker,Participant0058,17.09.2021,Participant0058,Recording4,17.09.2021,17.09.2021,14:48:45.713,12:48:45.713,64514,Timeline2,Tobii I-VT (Fixation),1.145.28180,1080,1920,"10,00",709888521.0,,,,,,,,,,,,,,,,,Invalid,Invalid,,,,,,,,,,,,,,,,,thumbnail_grossTrial,thumbnail_grossTrial.png,1245.0,1080.0,337.0,0.0,798.0,692.0,EyesNotFound,8.0,344.0,,,,,,
28554,42033771,1400481305058,Eye Tracker,Participant0058,17.09.2021,Participant0058,Recording4,17.09.2021,17.09.2021,14:48:45.713,12:48:45.713,64514,Timeline2,Tobii I-VT (Fixation),1.145.28180,1080,1920,"10,00",709896748.0,,,1397.0,680.0,1392.0,684.0,1401.0,676.0,"0,27136","0,15694","-0,94960","0,17493","0,15562","-0,97220",,,Valid,Valid,"234,9","102,3","513,0","292,8","103,9","506,9","381,5","187,1","384,0","185,0","0,8506","0,6295","0,8469","0,6330","0,8543","0,6260",thumbnail_grossTrial,thumbnail_grossTrial.png,1245.0,1080.0,337.0,0.0,798.0,692.0,Unclassified,17.0,383.0,,,,,,
28555,42042132,1400481313419,Eye Tracker,Participant0058,17.09.2021,Participant0058,Recording4,17.09.2021,17.09.2021,14:48:45.713,12:48:45.713,64514,Timeline2,Tobii I-VT (Fixation),1.145.28180,1080,1920,"10,00",709905109.0,,,1396.0,672.0,1383.0,680.0,1408.0,663.0,"0,26747","0,15551","-0,95093","0,17877","0,14904","-0,97254",,,Valid,Valid,"234,9","102,3","513,0","292,8","103,9","507,0","379,2","186,2","386,0","181,6","0,8500","0,6221","0,8400","0,6299","0,8600","0,6143",thumbnail_grossTrial,thumbnail_grossTrial.png,1245.0,1080.0,337.0,0.0,798.0,692.0,Unclassified,17.0,383.0,,,,,,
28556,42050436,1400481321723,Eye Tracker,Participant0058,17.09.2021,Participant0058,Recording4,17.09.2021,17.09.2021,14:48:45.713,12:48:45.713,64514,Timeline2,Tobii I-VT (Fixation),1.145.28180,1080,1920,"10,00",709913412.0,,,1404.0,664.0,,,1404.0,664.0,,,,"0,17616","0,14951","-0,97294",,"4,54",Invalid,Valid,,,,"292,9","103,8","507,1",,,"384,7","181,7","0,8562","0,6148",,,"0,8562","0,6148",thumbnail_grossTrial,thumbnail_grossTrial.png,1245.0,1080.0,337.0,0.0,798.0,692.0,Saccade,25.0,169.0,,,,,,
28557,42058803,1400481330090,Eye Tracker,Participant0058,17.09.2021,Participant0058,Recording4,17.09.2021,17.09.2021,14:48:45.713,12:48:45.713,64514,Timeline2,Tobii I-VT (Fixation),1.145.28180,1080,1920,"10,00",709921779.0,,,1369.0,674.0,1367.0,678.0,1371.0,669.0,"0,25955","0,15503","-0,95320","0,15969","0,15273","-0,97528",,,Valid,Valid,"234,9","102,2","513,1","292,8","103,8","507,1","374,6","185,7","375,9","183,2","0,8286","0,6240","0,8268","0,6282","0,8304","0,6198",thumbnail_grossTrial,thumbnail_grossTrial.png,1245.0,1080.0,337.0,0.0,798.0,692.0,Saccade,25.0,169.0,,,,,,
28558,42067118,1400481338405,Eye Tracker,Participant0058,17.09.2021,Participant0058,Recording4,17.09.2021,17.09.2021,14:48:45.713,12:48:45.713,64514,Timeline2,Tobii I-VT (Fixation),1.145.28180,1080,1920,"10,00",709930094.0,,,1373.0,678.0,1374.0,686.0,1371.0,669.0,"0,26263","0,15863","-0,95177","0,15972","0,15273","-0,97527",,,Valid,Valid,"234,9","102,2","513,2","292,8","103,8","507,2","376,5","187,7","375,9","183,2","0,8312","0,6275","0,8321","0,6351","0,8304","0,6198",thumbnail_grossTrial,thumbnail_grossTrial.png,1245.0,1080.0,337.0,0.0,798.0,692.0,Saccade,25.0,169.0,,,,,,
28559,42075428,1400481346715,Eye Tracker,Participant0058,17.09.2021,Participant0058,Recording4,17.09.2021,17.09.2021,14:48:45.713,12:48:45.713,64514,Timeline2,Tobii I-VT (Fixation),1.145.28180,1080,1920,"10,00",709938403.0,,,,,,,,,,,,,,,,,Invalid,Invalid,,,,,,,,,,,,,,,,,thumbnail_grossTrial,thumbnail_grossTrial.png,1245.0,1080.0,337.0,0.0,798.0,692.0,EyesNotFound,8.0,345.0,,,,,,
28560,42083759,1400481355046,Eye Tracker,Participant0058,17.09.2021,Participant0058,Recording4,17.09.2021,17.09.2021,14:48:45.713,12:48:45.713,64514,Timeline2,Tobii I-VT (Fixation),1.145.28180,1080,1920,"10,00",709946734.0,,,1372.0,675.0,1380.0,681.0,1363.0,670.0,"0,26558","0,15590","-0,95140","0,15549","0,15349","-0,97584",,,Valid,Valid,"234,9","102,1","513,2","292,9","103,7","507,3","378,2","186,2","373,7","183,5","0,8305","0,6255","0,8371","0,6301","0,8240","0,6208",thumbnail_grossTrial,thumbnail_grossTrial.png,1245.0,1080.0,337.0,0.0,798.0,692.0,Unclassified,17.0,384.0,,,,,,
28561,42092121,1400481363408,Eye Tracker,Participant0058,17.09.2021,Participant0058,Recording4,17.09.2021,17.09.2021,14:48:45.713,12:48:45.713,64514,Timeline2,Tobii I-VT (Fixation),1.145.28180,1080,1920,"10,00",709955096.0,,,1368.0,674.0,1373.0,678.0,1363.0,670.0,"0,26231","0,15478","-0,95249","0,15557","0,15352","-0,97582",,,Valid,Valid,"234,8","102,1","513,2","292,8","103,7","507,3","376,2","185,5","373,7","183,5","0,8276","0,6243","0,8313","0,6277","0,8240","0,6208",thumbnail_grossTrial,thumbnail_grossTrial.png,1245.0,1080.0,337.0,0.0,798.0,692.0,Unclassified,17.0,384.0,,,,,,
28562,42100456,1400481371743,Eye Tracker,Participant0058,17.09.2021,Participant0058,Recording4,17.09.2021,17.09.2021,14:48:45.713,12:48:45.713,64514,Timeline2,Tobii I-VT (Fixation),1.145.28180,1080,1920,"10,00",709963430.0,,,,,,,,,,,,,,,,,Invalid,Invalid,,,,,,,,,,,,,,,,,thumbnail_grossTrial,thumbnail_grossTrial.png,1245.0,1080.0,337.0,0.0,798.0,692.0,EyesNotFound,8.0,346.0,,,,,,
28563,42108784,1400481380071,Eye Tracker,Participant0058,17.09.2021,Participant0058,Recording4,17.09.2021,17.09.2021,14:48:45.713,12:48:45.713,64514,Timeline2,Tobii I-VT (Fixation),1.145.28180,1080,1920,"10,00",709971758.0,,,1382.0,673.0,1383.0,677.0,1380.0,670.0,"0,26733","0,15400","-0,95122","0,16383","0,15294","-0,97456",,,Valid,Valid,"234,9","102,1","513,2","292,9","103,6","507,3","379,1","185,2","378,1","183,2","0,8385","0,6233","0,8399","0,6266","0,8370","0,6200",thumbnail_grossTrial,thumbnail_grossTrial.png,1245.0,1080.0,337.0,0.0,798.0,692.0,Unclassified,17.0,385.0,,,,,,
28564,42117099,1400481388386,Eye Tracker,Participant0058,17.09.2021,Participant0058,Recording4,17.09.2021,17.09.2021,14:48:45.713,12:48:45.713,64514,Timeline2,Tobii I-VT (Fixation),1.145.28180,1080,1920,"10,00",709980073.0,,,1387.0,669.0,1382.0,669.0,1391.0,670.0,"0,26687","0,15005","-0,95198","0,16987","0,15281","-0,97355",,,Valid,Valid,"234,8","102,1","513,2","292,8","103,6","507,4","378,7","183,0","381,3","183,3","0,8425","0,6196","0,8387","0,6191","0,8464","0,6201",thumbnail_grossTrial,thumbnail_grossTrial.png,1245.0,1080.0,337.0,0.0,798.0,692.0,Unclassified,17.0,385.0,,,,,,
28565,42125423,1400481396710,Eye Tracker,Participant0058,17.09.2021,Participant0058,Recording4,17.09.2021,17.09.2021,14:48:45.713,12:48:45.713,64514,Timeline2,Tobii I-VT (Fixation),1.145.28180,1080,1920,"10,00",709988397.0,,,,,,,,,,,,,,,,,Invalid,Invalid,,,,,,,,,,,,,,,,,thumbnail_grossTrial,thumbnail_grossTrial.png,1245.0,1080.0,337.0,0.0,798.0,692.0,EyesNotFound,8.0,347.0,,,,,,
28566,42133753,1400481405040,Eye Tracker,Participant0058,17.09.2021,Participant0058,Recording4,17.09.2021,17.09.2021,14:48:45.713,12:48:45.713,64514,Timeline2,Tobii I-VT (Fixation),1.145.28180,1080,1920,"10,00",709996727.0,,,1383.0,671.0,1376.0,678.0,1391.0,664.0,"0,26377","0,15478","-0,95209","0,16943","0,14978","-0,97409",,,Valid,Valid,"234,9","102,1","513,2","292,9","103,6","507,4","377,1","185,5","381,1","181,6","0,8398","0,6211","0,8339","0,6277","0,8457","0,6144",thumbnail_grossTrial,thumbnail_grossTrial.png,1245.0,1080.0,337.0,0.0,798.0,692.0,Unclassified,17.0,386.0,,,,,,
28567,42142128,1400481413415,Eye Tracker,Participant0058,17.09.2021,Participant0058,Recording4,17.09.2021,17.09.2021,14:48:45.713,12:48:45.713,64514,Timeline2,Tobii I-VT (Fixation),1.145.28180,1080,1920,"10,00",710005101.0,,,1395.0,673.0,1392.0,682.0,1398.0,665.0,"0,27145","0,15639","-0,94966","0,17350","0,15013","-0,97332",,,Valid,Valid,"234,8","102,1","513,2","292,8","103,6","507,5","381,5","186,6","383,3","181,9","0,8495","0,6234","0,8470","0,6314","0,8521","0,6154",thumbnail_grossTrial,thumbnail_grossTrial.png,1245.0,1080.0,337.0,0.0,798.0,692.0,Unclassified,17.0,386.0,,,,,,
28568,42150422,1400481421709,Eye Tracker,Participant0058,17.09.2021,Participant0058,Recording4,17.09.2021,17.09.2021,14:48:45.713,12:48:45.713,64514,Timeline2,Tobii I-VT (Fixation),1.145.28180,1080,1920,"10,00",710013395.0,,,,,,,,,,,,,,,,,Invalid,Invalid,,,,,,,,,,,,,,,,,thumbnail_grossTrial,thumbnail_grossTrial.png,1245.0,1080.0,337.0,0.0,798.0,692.0,EyesNotFound,8.0,348.0,,,,,,
28569,42158790,1400481430077,Eye Tracker,Participant0058,17.09.2021,Participant0058,Recording4,17.09.2021,17.09.2021,14:48:45.713,12:48:45.713,64514,Timeline2,Tobii I-VT (Fixation),1.145.28180,1080,1920,"10,00",710021763.0,,,1395.0,676.0,1390.0,680.0,1401.0,673.0,"0,27036","0,15536","-0,95014","0,17437","0,15449","-0,97249",,,Valid,Valid,"234,9","102,1","513,2","292,9","103,6","507,5","380,9","186,0","383,9","184,2","0,8495","0,6264","0,8452","0,6295","0,8538","0,6233",thumbnail_grossTrial,thumbnail_grossTrial.png,1245.0,1080.0,337.0,0.0,798.0,692.0,Unclassified,17.0,387.0,,,,,,
28570,42167201,1400481438488,Eye Tracker,Participant0058,17.09.2021,Participant0058,Recording4,17.09.2021,17.09.2021,14:48:45.713,12:48:45.713,64514,Timeline2,Tobii I-VT (Fixation),1.145.28180,1080,1920,"10,00",710030173.0,,,1385.0,667.0,1374.0,659.0,1396.0,676.0,"0,26349","0,14513","-0,95368","0,17189","0,15585","-0,97271",,,Valid,Valid,"234,9","102,2","513,2","292,8","103,6","507,5","376,6","180,3","382,5","184,9","0,8412","0,6178","0,8326","0,6099","0,8498","0,6257",thumbnail_grossTrial,thumbnail_grossTrial.png,1245.0,1080.0,337.0,0.0,798.0,692.0,Unclassified,17.0,387.0,,,,,,
28571,42175495,1400481446782,Eye Tracker,Participant0058,17.09.2021,Participant0058,Recording4,17.09.2021,17.09.2021,14:48:45.713,12:48:45.713,64514,Timeline2,Tobii I-VT (Fixation),1.145.28180,1080,1920,"10,00",710038467.0,,,,,,,,,,,,,,,,,Invalid,Invalid,,,,,,,,,,,,,,,,,thumbnail_grossTrial,thumbnail_grossTrial.png,1245.0,1080.0,337.0,0.0,798.0,692.0,EyesNotFound,8.0,349.0,,,,,,
28572,42183758,1400481455045,Eye Tracker,Participant0058,17.09.2021,Participant0058,Recording4,17.09.2021,17.09.2021,14:48:45.713,12:48:45.713,64514,Timeline2,Tobii I-VT (Fixation),1.145.28180,1080,1920,"10,00",710046730.0,,,1377.0,664.0,1378.0,660.0,1377.0,669.0,"0,26511","0,14541","-0,95319","0,16240","0,15260","-0,97485",,,Valid,Valid,"234,9","102,2","513,1","292,9","103,6","507,5","377,6","180,5","377,4","183,1","0,8352","0,6151","0,8355","0,6107","0,8349","0,6194",thumbnail_grossTrial,thumbnail_grossTrial.png,1245.0,1080.0,337.0,0.0,798.0,692.0,Unclassified,17.0,388.0,,,,,,
28573,42192093,1400481463380,Eye Tracker,Participant0058,17.09.2021,Participant0058,Recording4,17.09.2021,17.09.2021,14:48:45.713,12:48:45.713,64514,Timeline2,Tobii I-VT (Fixation),1.145.28180,1080,1920,"10,00",710055065.0,,,1371.0,675.0,1356.0,682.0,1387.0,668.0,"0,25435","0,15688","-0,95430","0,16762","0,15179","-0,97410",,,Valid,Valid,"234,8","102,2","513,1","292,8","103,7","507,6","371,6","186,6","380,2","182,8","0,8304","0,6248","0,8179","0,6313","0,8429","0,6183",thumbnail_grossTrial,thumbnail_grossTrial.png,1245.0,1080.0,337.0,0.0,798.0,692.0,Unclassified,17.0,388.0,,,,,,
28574,42200423,1400481471710,Eye Tracker,Participant0058,17.09.2021,Participant0058,Recording4,17.09.2021,17.09.2021,14:48:45.713,12:48:45.713,64514,Timeline2,Tobii I-VT (Fixation),1.145.28180,1080,1920,"10,00",710063394.0,,,,,,,,,,,,,,,,,Invalid,Invalid,,,,,,,,,,,,,,,,,thumbnail_grossTrial,thumbnail_grossTrial.png,1245.0,1080.0,337.0,0.0,798.0,692.0,EyesNotFound,8.0,350.0,,,,,,
28575,42208785,1400481480072,Eye Tracker,Participant0058,17.09.2021,Participant0058,Recording4,17.09.2021,17.09.2021,14:48:45.713,12:48:45.713,64514,Timeline2,Tobii I-VT (Fixation),1.145.28180,1080,1920,"10,00",710071756.0,,,1372.0,678.0,1352.0,685.0,1391.0,671.0,"0,25250","0,15876","-0,95448","0,16964","0,15325","-0,97352",,,Valid,Valid,"234,9","102,2","513,1","292,9","103,6","507,5","370,6","187,6","381,3","183,5","0,8306","0,6278","0,8150","0,6347","0,8462","0,6210",thumbnail_grossTrial,thumbnail_grossTrial.png,1245.0,1080.0,337.0,0.0,798.0,692.0,Unclassified,17.0,389.0,,,,,,
28576,42217110,1400481488397,Eye Tracker,Participant0058,17.09.2021,Participant0058,Recording4,17.09.2021,17.09.2021,14:48:45.713,12:48:45.713,64514,Timeline2,Tobii I-VT (Fixation),1.145.28180,1080,1920,"10,00",710080081.0,,,1376.0,681.0,1351.0,685.0,1400.0,677.0,"0,25209","0,15844","-0,95464","0,17412","0,15655","-0,97220",,,Valid,Valid,"234,8","102,3","513,1","292,8","103,7","507,6","370,3","187,4","383,7","185,4","0,8337","0,6307","0,8141","0,6341","0,8534","0,6273",thumbnail_grossTrial,thumbnail_grossTrial.png,1245.0,1080.0,337.0,0.0,798.0,692.0,Unclassified,17.0,389.0,,,,,,
28577,42225416,1400481496703,Eye Tracker,Participant0058,17.09.2021,Participant0058,Recording4,17.09.2021,17.09.2021,14:48:45.713,12:48:45.713,64514,Timeline2,Tobii I-VT (Fixation),1.145.28180,1080,1920,"10,00",710088387.0,,,,,,,,,,,,,,,,,Invalid,Invalid,,,,,,,,,,,,,,,,,thumbnail_grossTrial,thumbnail_grossTrial.png,1245.0,1080.0,337.0,0.0,798.0,692.0,EyesNotFound,8.0,351.0,,,,,,
28578,42233784,1400481505071,Eye Tracker,Participant0058,17.09.2021,Participant0058,Recording4,17.09.2021,17.09.2021,14:48:45.713,12:48:45.713,64514,Timeline2,Tobii I-VT (Fixation),1.145.28180,1080,1920,"10,00",710096755.0,,,1365.0,679.0,1341.0,675.0,1389.0,682.0,"0,24737","0,15374","-0,95665","0,16832","0,15923","-0,97279",,,Valid,Valid,"234,9","102,3","513,0","292,8","103,6","507,6","367,6","184,7","380,7","186,7","0,8252","0,6284","0,8060","0,6250","0,8444","0,6317",thumbnail_grossTrial,thumbnail_grossTrial.png,1245.0,1080.0,337.0,0.0,798.0,692.0,Unclassified,17.0,390.0,,,,,,
28579,42242082,1400481513369,Eye Tracker,Participant0058,17.09.2021,Participant0058,Recording4,17.09.2021,17.09.2021,14:48:45.713,12:48:45.713,64514,Timeline2,Tobii I-VT (Fixation),1.145.28180,1080,1920,"10,00",710105052.0,,,1365.0,678.0,1345.0,673.0,1385.0,682.0,"0,24946","0,15281","-0,95625","0,16642","0,15924","-0,97311",,,Valid,Valid,"234,8","102,3","513,0","292,8","103,6","507,6","368,7","184,3","379,6","186,7","0,8253","0,6275","0,8093","0,6234","0,8414","0,6317",thumbnail_grossTrial,thumbnail_grossTrial.png,1245.0,1080.0,337.0,0.0,798.0,692.0,Unclassified,17.0,390.0,,,,,,
28580,42250501,1400481521788,Eye Tracker,Participant0058,17.09.2021,Participant0058,Recording4,17.09.2021,17.09.2021,14:48:45.713,12:48:45.713,64514,Timeline2,Tobii I-VT (Fixation),1.145.28180,1080,1920,"10,00",710113471.0,,,,,,,,,,,,,,,,,Invalid,Invalid,,,,,,,,,,,,,,,,,thumbnail_grossTrial,thumbnail_grossTrial.png,1245.0,1080.0,337.0,0.0,798.0,692.0,EyesNotFound,8.0,352.0,,,,,,
28581,42258744,1400481530031,Eye Tracker,Participant0058,17.09.2021,Participant0058,Recording4,17.09.2021,17.09.2021,14:48:45.713,12:48:45.713,64514,Timeline2,Tobii I-VT (Fixation),1.145.28180,1080,1920,"10,00",710121714.0,,,1378.0,678.0,1359.0,683.0,1398.0,673.0,"0,25574","0,15752","-0,95383","0,17285","0,15429","-0,97279",,,Valid,Valid,"234,9","102,3","512,9","292,9","103,6","507,6","372,4","187,0","383,1","184,1","0,8359","0,6278","0,8203","0,6327","0,8514","0,6229",thumbnail_grossTrial,thumbnail_grossTrial.png,1245.0,1080.0,337.0,0.0,798.0,692.0,Unclassified,17.0,391.0,,,,,,
28582,42267104,1400481538391,Eye Tracker,Participant0058,17.09.2021,Participant0058,Recording4,17.09.2021,17.09.2021,14:48:45.713,12:48:45.713,64514,Timeline2,Tobii I-VT (Fixation),1.145.28180,1080,1920,"10,00",710130073.0,,,1375.0,680.0,1356.0,686.0,1393.0,674.0,"0,25438","0,15879","-0,95398","0,17076","0,15500","-0,97305",,,Valid,Valid,"234,9","102,3","512,9","292,8","103,6","507,6","371,6","187,6","381,9","184,4","0,8330","0,6295","0,8179","0,6349","0,8480","0,6240",thumbnail_grossTrial,thumbnail_grossTrial.png,1245.0,1080.0,337.0,0.0,798.0,692.0,Unclassified,17.0,391.0,,,,,,
28583,42275413,1400481546700,Eye Tracker,Participant0058,17.09.2021,Participant0058,Recording4,17.09.2021,17.09.2021,14:48:45.713,12:48:45.713,64514,Timeline2,Tobii I-VT (Fixation),1.145.28180,1080,1920,"10,00",710138382.0,,,,,,,,,,,,,,,,,Invalid,Invalid,,,,,,,,,,,,,,,,,thumbnail_grossTrial,thumbnail_grossTrial.png,1245.0,1080.0,337.0,0.0,798.0,692.0,EyesNotFound,8.0,353.0,,,,,,
28584,42283780,1400481555067,Eye Tracker,Participant0058,17.09.2021,Participant0058,Recording4,17.09.2021,17.09.2021,14:48:45.713,12:48:45.713,64514,Timeline2,Tobii I-VT (Fixation),1.145.28180,1080,1920,"10,00",710146749.0,,,1372.0,684.0,1361.0,686.0,1383.0,683.0,"0,25671","0,15886","-0,95334","0,16503","0,15975","-0,97327",,,Valid,Valid,"234,9","102,3","512,9","292,9","103,6","507,6","373,0","187,7","379,0","186,9","0,8307","0,6337","0,8220","0,6352","0,8394","0,6322",thumbnail_grossTrial,thumbnail_grossTrial.png,1245.0,1080.0,337.0,0.0,798.0,692.0,Unclassified,17.0,392.0,,,,,,
28585,42292114,1400481563401,Eye Tracker,Participant0058,17.09.2021,Participant0058,Recording4,17.09.2021,17.09.2021,14:48:45.713,12:48:45.713,64514,Timeline2,Tobii I-VT (Fixation),1.145.28180,1080,1920,"10,00",710155082.0,,,1380.0,682.0,1372.0,684.0,1389.0,679.0,"0,26185","0,15773","-0,95213","0,16820","0,15782","-0,97304",,,Valid,Valid,"234,9","102,3","512,9","292,8","103,6","507,6","375,9","187,2","380,6","185,9","0,8373","0,6312","0,8304","0,6335","0,8441","0,6289",thumbnail_grossTrial,thumbnail_grossTrial.png,1245.0,1080.0,337.0,0.0,798.0,692.0,Unclassified,17.0,392.0,,,,,,
28586,42300449,1400481571736,Eye Tracker,Participant0058,17.09.2021,Participant0058,Recording4,17.09.2021,17.09.2021,14:48:45.713,12:48:45.713,64514,Timeline2,Tobii I-VT (Fixation),1.145.28180,1080,1920,"10,00",710163417.0,,,,,,,,,,,,,,,,,Invalid,Invalid,,,,,,,,,,,,,,,,,thumbnail_grossTrial,thumbnail_grossTrial.png,1245.0,1080.0,337.0,0.0,798.0,692.0,EyesNotFound,8.0,354.0,,,,,,
28587,42308738,1400481580025,Eye Tracker,Participant0058,17.09.2021,Participant0058,Recording4,17.09.2021,17.09.2021,14:48:45.713,12:48:45.713,64514,Timeline2,Tobii I-VT (Fixation),1.145.28180,1080,1920,"10,00",710171707.0,,,1363.0,680.0,1368.0,686.0,1358.0,675.0,"0,25999","0,15859","-0,95250","0,15255","0,15615","-0,97588",,,Valid,Valid,"234,9","102,3","512,8","292,9","103,6","507,6","374,9","187,7","372,2","184,8","0,8236","0,6301","0,8275","0,6350","0,8197","0,6252",thumbnail_grossTrial,thumbnail_grossTrial.png,1245.0,1080.0,337.0,0.0,798.0,692.0,Unclassified,17.0,393.0,,,,,,
28588,42317071,1400481588358,Eye Tracker,Participant0058,17.09.2021,Participant0058,Recording4,17.09.2021,17.09.2021,14:48:45.713,12:48:45.713,64514,Timeline2,Tobii I-VT (Fixation),1.145.28180,1080,1920,"10,00",710180039.0,,,1359.0,680.0,1361.0,684.0,1358.0,675.0,"0,25669","0,15800","-0,95349","0,15268","0,15609","-0,97587",,,Valid,Valid,"234,8","102,3","512,9","292,8","103,6","507,7","372,9","187,3","372,2","184,8","0,8207","0,6294","0,8217","0,6336","0,8197","0,6252",thumbnail_grossTrial,thumbnail_grossTrial.png,1245.0,1080.0,337.0,0.0,798.0,692.0,Unclassified,17.0,393.0,,,,,,
28589,42325407,1400481596694,Eye Tracker,Participant0058,17.09.2021,Participant0058,Recording4,17.09.2021,17.09.2021,14:48:45.713,12:48:45.713,64514,Timeline2,Tobii I-VT (Fixation),1.145.28180,1080,1920,"10,00",710188375.0,,,,,,,,,,,,,,,,,Invalid,Invalid,,,,,,,,,,,,,,,,,thumbnail_grossTrial,thumbnail_grossTrial.png,1245.0,1080.0,337.0,0.0,798.0,692.0,EyesNotFound,8.0,355.0,,,,,,
28590,42333746,1400481605033,Eye Tracker,Participant0058,17.09.2021,Participant0058,Recording4,17.09.2021,17.09.2021,14:48:45.713,12:48:45.713,64514,Timeline2,Tobii I-VT (Fixation),1.145.28180,1080,1920,"10,00",710196714.0,,,1378.0,674.0,1347.0,675.0,1409.0,673.0,"0,25023","0,15360","-0,95592","0,17845","0,15423","-0,97179",,,Valid,Valid,"234,9","102,3","512,8","292,9","103,6","507,7","369,1","184,7","386,1","184,1","0,8355","0,6241","0,8107","0,6251","0,8603","0,6230",thumbnail_grossTrial,thumbnail_grossTrial.png,1245.0,1080.0,337.0,0.0,798.0,692.0,Unclassified,17.0,394.0,,,,,,
28591,42342075,1400481613362,Eye Tracker,Participant0058,17.09.2021,Participant0058,Recording4,17.09.2021,17.09.2021,14:48:45.713,12:48:45.713,64514,Timeline2,Tobii I-VT (Fixation),1.145.28180,1080,1920,"10,00",710205042.0,,,1376.0,668.0,1343.0,676.0,1410.0,659.0,"0,24823","0,15404","-0,95637","0,17952","0,14720","-0,97268",,,Valid,Valid,"234,8","102,4","512,8","292,8","103,6","507,7","367,9","185,0","386,5","180,4","0,8344","0,6181","0,8071","0,6258","0,8616","0,6105",thumbnail_grossTrial,thumbnail_grossTrial.png,1245.0,1080.0,337.0,0.0,798.0,692.0,Unclassified,17.0,394.0,,,,,,
28592,42350415,1400481621702,Eye Tracker,Participant0058,17.09.2021,Participant0058,Recording4,17.09.2021,17.09.2021,14:48:45.713,12:48:45.713,64514,Timeline2,Tobii I-VT (Fixation),1.145.28180,1080,1920,"10,00",710213382.0,,,,,,,,,,,,,,,,,Invalid,Invalid,,,,,,,,,,,,,,,,,thumbnail_grossTrial,thumbnail_grossTrial.png,1245.0,1080.0,337.0,0.0,798.0,692.0,EyesNotFound,8.0,356.0,,,,,,
28593,42358773,1400481630060,Eye Tracker,Participant0058,17.09.2021,Participant0058,Recording4,17.09.2021,17.09.2021,14:48:45.713,12:48:45.713,64514,Timeline2,Tobii I-VT (Fixation),1.145.28180,1080,1920,"10,00",710221740.0,,,1378.0,672.0,1349.0,684.0,1407.0,660.0,"0,25128","0,15784","-0,95496","0,17794","0,14753","-0,97292",,,Valid,Valid,"234,9","102,4","512,8","292,9","103,6","507,7","369,8","187,1","385,7","180,6","0,8360","0,6221","0,8127","0,6332","0,8592","0,6110",thumbnail_grossTrial,thumbnail_grossTrial.png,1245.0,1080.0,337.0,0.0,798.0,692.0,Unclassified,17.0,395.0,,,,,,
28594,42367100,1400481638387,Eye Tracker,Participant0058,17.09.2021,Participant0058,Recording4,17.09.2021,17.09.2021,14:48:45.713,12:48:45.713,64514,Timeline2,Tobii I-VT (Fixation),1.145.28180,1080,1920,"10,00",710230067.0,,,1376.0,673.0,1354.0,682.0,1399.0,663.0,"0,25345","0,15673","-0,95457","0,17360","0,14942","-0,97341",,,Valid,Valid,"234,8","102,4","512,8","292,8","103,6","507,7","371,0","186,6","383,4","181,6","0,8342","0,6228","0,8161","0,6313","0,8524","0,6143",thumbnail_grossTrial,thumbnail_grossTrial.png,1245.0,1080.0,337.0,0.0,798.0,692.0,Unclassified,17.0,395.0,,,,,,
28595,42375404,1400481646691,Eye Tracker,Participant0058,17.09.2021,Participant0058,Recording4,17.09.2021,17.09.2021,14:48:45.713,12:48:45.713,64514,Timeline2,Tobii I-VT (Fixation),1.145.28180,1080,1920,"10,00",710238370.0,,,,,,,,,,,,,,,,,Invalid,Invalid,,,,,,,,,,,,,,,,,thumbnail_grossTrial,thumbnail_grossTrial.png,1245.0,1080.0,337.0,0.0,798.0,692.0,EyesNotFound,8.0,357.0,,,,,,
28596,42383773,1400481655060,Eye Tracker,Participant0058,17.09.2021,Participant0058,Recording4,17.09.2021,17.09.2021,14:48:45.713,12:48:45.713,64514,Timeline2,Tobii I-VT (Fixation),1.145.28180,1080,1920,"10,00",710246739.0,,,1372.0,673.0,1351.0,674.0,1394.0,673.0,"0,25211","0,15296","-0,95554","0,17076","0,15422","-0,97317",,,Valid,Valid,"234,9","102,4","512,8","292,9","103,6","507,6","370,2","184,5","381,9","184,1","0,8309","0,6235","0,8137","0,6242","0,8481","0,6228",thumbnail_grossTrial,thumbnail_grossTrial.png,1245.0,1080.0,337.0,0.0,798.0,692.0,Unclassified,17.0,396.0,,,,,,
28597,42392071,1400481663358,Eye Tracker,Participant0058,17.09.2021,Participant0058,Recording4,17.09.2021,17.09.2021,14:48:45.713,12:48:45.713,64514,Timeline2,Tobii I-VT (Fixation),1.145.28180,1080,1920,"10,00",710255037.0,,,1375.0,675.0,1348.0,675.0,1402.0,675.0,"0,25113","0,15340","-0,95572","0,17497","0,15515","-0,97227",,,Valid,Valid,"234,8","102,4","512,8","292,8","103,7","507,7","369,6","184,7","384,2","184,7","0,8333","0,6249","0,8119","0,6250","0,8547","0,6248",thumbnail_grossTrial,thumbnail_grossTrial.png,1245.0,1080.0,337.0,0.0,798.0,692.0,Unclassified,17.0,396.0,,,,,,
28598,42400453,1400481671740,Eye Tracker,Participant0058,17.09.2021,Participant0058,Recording4,17.09.2021,17.09.2021,14:48:45.713,12:48:45.713,64514,Timeline2,Tobii I-VT (Fixation),1.145.28180,1080,1920,"10,00",710263419.0,,,,,,,,,,,,,,,,,Invalid,Invalid,,,,,,,,,,,,,,,,,thumbnail_grossTrial,thumbnail_grossTrial.png,1245.0,1080.0,337.0,0.0,798.0,692.0,EyesNotFound,8.0,358.0,,,,,,
28599,42408749,1400481680036,Eye Tracker,Participant0058,17.09.2021,Participant0058,Recording4,17.09.2021,17.09.2021,14:48:45.713,12:48:45.713,64514,Timeline2,Tobii I-VT (Fixation),1.145.28180,1080,1920,"10,00",710271714.0,,,1390.0,675.0,1371.0,686.0,1409.0,665.0,"0,26136","0,15864","-0,95212","0,17878","0,14989","-0,97240",,,Valid,Valid,"234,9","102,4","512,7","292,8","103,6","507,6","375,6","187,8","386,2","181,9","0,8451","0,6254","0,8297","0,6355","0,8605","0,6153",thumbnail_grossTrial,thumbnail_grossTrial.png,1245.0,1080.0,337.0,0.0,798.0,692.0,Unclassified,17.0,397.0,,,,,,
28600,42417102,1400481688389,Eye Tracker,Participant0058,17.09.2021,Participant0058,Recording4,17.09.2021,17.09.2021,14:48:45.713,12:48:45.713,64514,Timeline2,Tobii I-VT (Fixation),1.145.28180,1080,1920,"10,00",710280067.0,,,1393.0,672.0,1375.0,681.0,1411.0,664.0,"0,26343","0,15594","-0,95199","0,17967","0,14950","-0,97230",,,Valid,Valid,"234,8","102,4","512,7","292,8","103,6","507,6","376,7","186,4","386,6","181,7","0,8473","0,6227","0,8328","0,6306","0,8618","0,6147",thumbnail_grossTrial,thumbnail_grossTrial.png,1245.0,1080.0,337.0,0.0,798.0,692.0,Unclassified,17.0,397.0,,,,,,
28601,42425400,1400481696687,Eye Tracker,Participant0058,17.09.2021,Participant0058,Recording4,17.09.2021,17.09.2021,14:48:45.713,12:48:45.713,64514,Timeline2,Tobii I-VT (Fixation),1.145.28180,1080,1920,"10,00",710288365.0,,,,,,,,,,,,,,,,,Invalid,Invalid,,,,,,,,,,,,,,,,,thumbnail_grossTrial,thumbnail_grossTrial.png,1245.0,1080.0,337.0,0.0,798.0,692.0,EyesNotFound,8.0,359.0,,,,,,
28602,42433729,1400481705016,Eye Tracker,Participant0058,17.09.2021,Participant0058,Recording4,17.09.2021,17.09.2021,14:48:45.713,12:48:45.713,64514,Timeline2,Tobii I-VT (Fixation),1.145.28180,1080,1920,"10,00",710296693.0,,,1386.0,673.0,1368.0,674.0,1404.0,672.0,"0,26024","0,15276","-0,95338","0,17587","0,15394","-0,97230",,,Valid,Valid,"234,9","102,4","512,7","292,9","103,6","507,6","374,9","184,5","384,7","183,9","0,8418","0,6234","0,8274","0,6243","0,8561","0,6224",thumbnail_grossTrial,thumbnail_grossTrial.png,1245.0,1080.0,337.0,0.0,798.0,692.0,Unclassified,17.0,398.0,,,,,,
28603,42442101,1400481713388,Eye Tracker,Participant0058,17.09.2021,Participant0058,Recording4,17.09.2021,17.09.2021,14:48:45.713,12:48:45.713,64514,Timeline2,Tobii I-VT (Fixation),1.145.28180,1080,1920,"10,00",710305065.0,,,1384.0,678.0,1367.0,680.0,1401.0,676.0,"0,25981","0,15546","-0,95306","0,17470","0,15598","-0,97219",,,Valid,Valid,"234,9","102,3","512,8","292,8","103,6","507,7","374,6","186,0","384,1","185,0","0,8405","0,6276","0,8268","0,6292","0,8543","0,6260",thumbnail_grossTrial,thumbnail_grossTrial.png,1245.0,1080.0,337.0,0.0,798.0,692.0,Unclassified,17.0,398.0,,,,,,
28604,42450397,1400481721684,Eye Tracker,Participant0058,17.09.2021,Participant0058,Recording4,17.09.2021,17.09.2021,14:48:45.713,12:48:45.713,64514,Timeline2,Tobii I-VT (Fixation),1.145.28180,1080,1920,"10,00",710313361.0,,,,,,,,,,,,,,,,,Invalid,Invalid,,,,,,,,,,,,,,,,,thumbnail_grossTrial,thumbnail_grossTrial.png,1245.0,1080.0,337.0,0.0,798.0,692.0,EyesNotFound,8.0,360.0,,,,,,
28605,42458767,1400481730054,Eye Tracker,Participant0058,17.09.2021,Participant0058,Recording4,17.09.2021,17.09.2021,14:48:45.713,12:48:45.713,64514,Timeline2,Tobii I-VT (Fixation),1.145.28180,1080,1920,"10,00",710321730.0,,,1386.0,680.0,1373.0,685.0,1399.0,676.0,"0,26262","0,15783","-0,95190","0,17344","0,15617","-0,97238",,,Valid,Valid,"234,9","102,3","512,9","292,9","103,5","507,8","376,4","187,3","383,5","185,1","0,8423","0,6300","0,8320","0,6338","0,8526","0,6261",thumbnail_grossTrial,thumbnail_grossTrial.png,1245.0,1080.0,337.0,0.0,798.0,692.0,Unclassified,17.0,399.0,,,,,,
28606,42467065,1400481738352,Eye Tracker,Participant0058,17.09.2021,Participant0058,Recording4,17.09.2021,17.09.2021,14:48:45.713,12:48:45.713,64514,Timeline2,Tobii I-VT (Fixation),1.145.28180,1080,1920,"10,00",710330028.0,,,1379.0,680.0,1382.0,685.0,1377.0,675.0,"0,26659","0,15783","-0,95080","0,16224","0,15586","-0,97436",,,Valid,Valid,"234,9","102,3","513,0","292,8","103,5","507,9","378,7","187,4","377,4","184,7","0,8367","0,6295","0,8386","0,6341","0,8349","0,6249",thumbnail_grossTrial,thumbnail_grossTrial.png,1245.0,1080.0,337.0,0.0,798.0,692.0,Unclassified,17.0,399.0,,,,,,
28607,42475398,1400481746685,Eye Tracker,Participant0058,17.09.2021,Participant0058,Recording4,17.09.2021,17.09.2021,14:48:45.713,12:48:45.713,64514,Timeline2,Tobii I-VT (Fixation),1.145.28180,1080,1920,"10,00",710338361.0,,,,,,,,,,,,,,,,,Invalid,Invalid,,,,,,,,,,,,,,,,,thumbnail_grossTrial,thumbnail_grossTrial.png,1245.0,1080.0,337.0,0.0,798.0,692.0,EyesNotFound,8.0,361.0,,,,,,
28608,42483764,1400481755051,Eye Tracker,Participant0058,17.09.2021,Participant0058,Recording4,17.09.2021,17.09.2021,14:48:45.713,12:48:45.713,64514,Timeline2,Tobii I-VT (Fixation),1.145.28180,1080,1920,"10,00",710346728.0,,,1378.0,679.0,1379.0,685.0,1377.0,674.0,"0,26523","0,15806","-0,95114","0,16224","0,15540","-0,97444",,,Valid,Valid,"234,9","102,2","513,0","292,9","103,4","508,0","378,0","187,5","377,5","184,4","0,8358","0,6292","0,8365","0,6344","0,8352","0,6240",thumbnail_grossTrial,thumbnail_grossTrial.png,1245.0,1080.0,337.0,0.0,798.0,692.0,Unclassified,17.0,400.0,,,,,,
28609,42492086,1400481763373,Eye Tracker,Participant0058,17.09.2021,Participant0058,Recording4,17.09.2021,17.09.2021,14:48:45.713,12:48:45.713,64514,Timeline2,Tobii I-VT (Fixation),1.145.28180,1080,1920,"10,00",710355049.0,,,1367.0,686.0,1356.0,697.0,1377.0,674.0,"0,25413","0,16467","-0,95305","0,16234","0,15538","-0,97443",,,Valid,Valid,"234,8","102,2","513,1","292,8","103,4","508,2","371,7","190,9","377,5","184,4","0,8266","0,6349","0,8180","0,6458","0,8352","0,6240",thumbnail_grossTrial,thumbnail_grossTrial.png,1245.0,1080.0,337.0,0.0,798.0,692.0,Unclassified,17.0,400.0,,,,,,
28610,42500392,1400481771679,Eye Tracker,Participant0058,17.09.2021,Participant0058,Recording4,17.09.2021,17.09.2021,14:48:45.713,12:48:45.713,64514,Timeline2,Tobii I-VT (Fixation),1.145.28180,1080,1920,"10,00",710363355.0,,,,,,,,,,,,,,,,,Invalid,Invalid,,,,,,,,,,,,,,,,,thumbnail_grossTrial,thumbnail_grossTrial.png,1245.0,1080.0,337.0,0.0,798.0,692.0,EyesNotFound,8.0,362.0,,,,,,
28611,42508760,1400481780047,Eye Tracker,Participant0058,17.09.2021,Participant0058,Recording4,17.09.2021,17.09.2021,14:48:45.713,12:48:45.713,64514,Timeline2,Tobii I-VT (Fixation),1.145.28180,1080,1920,"10,00",710371723.0,,,1381.0,678.0,1354.0,696.0,1408.0,661.0,"0,25306","0,16392","-0,95346","0,17790","0,14828","-0,97281",,,Valid,Valid,"234,9","102,2","513,2","292,9","103,3","508,3","371,1","190,4","385,9","180,8","0,8380","0,6280","0,8164","0,6443","0,8597","0,6117",thumbnail_grossTrial,thumbnail_grossTrial.png,1245.0,1080.0,337.0,0.0,798.0,692.0,Unclassified,17.0,401.0,,,,,,
28612,42517122,1400481788409,Eye Tracker,Participant0058,17.09.2021,Participant0058,Recording4,17.09.2021,17.09.2021,14:48:45.713,12:48:45.713,64514,Timeline2,Tobii I-VT (Fixation),1.145.28180,1080,1920,"10,00",710380084.0,,,1379.0,673.0,1359.0,680.0,1399.0,667.0,"0,25582","0,15580","-0,95409","0,17315","0,15140","-0,97319",,,Valid,Valid,"234,8","102,2","513,2","292,9","103,3","508,4","372,4","186,0","383,3","182,4","0,8363","0,6233","0,8203","0,6294","0,8523","0,6172",thumbnail_grossTrial,thumbnail_grossTrial.png,1245.0,1080.0,337.0,0.0,798.0,692.0,Unclassified,17.0,401.0,,,,,,
28613,42525448,1400481796735,Eye Tracker,Participant0058,17.09.2021,Participant0058,Recording4,17.09.2021,17.09.2021,14:48:45.713,12:48:45.713,64514,Timeline2,Tobii I-VT (Fixation),1.145.28180,1080,1920,"10,00",710388410.0,,,,,,,,,,,,,,,,,Invalid,Invalid,,,,,,,,,,,,,,,,,thumbnail_grossTrial,thumbnail_grossTrial.png,1245.0,1080.0,337.0,0.0,798.0,692.0,EyesNotFound,8.0,363.0,,,,,,
28614,42533728,1400481805015,Eye Tracker,Participant0058,17.09.2021,Participant0058,Recording4,17.09.2021,17.09.2021,14:48:45.713,12:48:45.713,64514,Timeline2,Tobii I-VT (Fixation),1.145.28180,1080,1920,"10,00",710396690.0,,,1374.0,670.0,1348.0,672.0,1401.0,669.0,"0,25050","0,15212","-0,95609","0,17428","0,15249","-0,97282",,,Valid,Valid,"234,9","102,2","513,2","292,9","103,3","508,5","369,4","183,9","384,0","183,0","0,8328","0,6206","0,8113","0,6221","0,8543","0,6191",thumbnail_grossTrial,thumbnail_grossTrial.png,1245.0,1080.0,337.0,0.0,798.0,692.0,Unclassified,17.0,402.0,,,,,,
28615,42542057,1400481813344,Eye Tracker,Participant0058,17.09.2021,Participant0058,Recording4,17.09.2021,17.09.2021,14:48:45.713,12:48:45.713,64514,Timeline2,Tobii I-VT (Fixation),1.145.28180,1080,1920,"10,00",710405018.0,,,1361.0,657.0,1333.0,665.0,1390.0,649.0,"0,24362","0,14924","-0,95832","0,16890","0,14287","-0,97522",,,Valid,Valid,"234,7","102,2","513,2","292,8","103,2","508,5","365,2","182,1","380,9","177,7","0,8220","0,6086","0,7991","0,6160","0,8450","0,6011",thumbnail_grossTrial,thumbnail_grossTrial.png,1245.0,1080.0,337.0,0.0,798.0,692.0,Unclassified,17.0,402.0,,,,,,
28616,42550437,1400481821724,Eye Tracker,Participant0058,17.09.2021,Participant0058,Recording4,17.09.2021,17.09.2021,14:48:45.713,12:48:45.713,64514,Timeline2,Tobii I-VT (Fixation),1.145.28180,1080,1920,"10,00",710413398.0,,,,,,,,,,,,,,,,,Invalid,Invalid,,,,,,,,,,,,,,,,,thumbnail_grossTrial,thumbnail_grossTrial.png,1245.0,1080.0,337.0,0.0,798.0,692.0,EyesNotFound,8.0,364.0,,,,,,
28617,42558724,1400481830011,Eye Tracker,Participant0058,17.09.2021,Participant0058,Recording4,17.09.2021,17.09.2021,14:48:45.713,12:48:45.713,64514,Timeline2,Tobii I-VT (Fixation),1.145.28180,1080,1920,"10,00",710421685.0,,,1358.0,639.0,1324.0,639.0,1392.0,639.0,"0,24085","0,13650","-0,96092","0,17115","0,13812","-0,97552",,,Valid,Valid,"234,4","102,1","512,5","292,3","103,0","508,0","362,9","174,9","381,4","174,9","0,8195","0,5917","0,7923","0,5916","0,8466","0,5918",thumbnail_grossTrial,thumbnail_grossTrial.png,1245.0,1080.0,337.0,0.0,798.0,692.0,Saccade,42.0,170.0,,,,,,
28618,42567096,1400481838383,Eye Tracker,Participant0058,17.09.2021,Participant0058,Recording4,17.09.2021,17.09.2021,14:48:45.713,12:48:45.713,64514,Timeline2,Tobii I-VT (Fixation),1.145.28180,1080,1920,"10,00",710430057.0,,,1137.0,441.0,1096.0,440.0,1178.0,441.0,"0,12777","0,03587","-0,99116","0,06064","0,03500","-0,99755",,,Valid,Valid,"234,3","102,0","512,2","292,0","102,9","507,8","300,3","120,5","322,9","120,7","0,6420","0,4081","0,6089","0,4077","0,6751","0,4085",thumbnail_grossTrial,thumbnail_grossTrial.png,1245.0,1080.0,337.0,0.0,798.0,692.0,Saccade,42.0,170.0,,,,,,
28619,42575422,1400481846709,Eye Tracker,Participant0058,17.09.2021,Participant0058,Recording4,17.09.2021,17.09.2021,14:48:45.713,12:48:45.713,64514,Timeline2,Tobii I-VT (Fixation),1.145.28180,1080,1920,"10,00",710438382.0,,,1142.0,424.0,,,1142.0,424.0,,,,"0,04185","0,02617","-0,99878",,"4,47",Invalid,Valid,,,,"291,8","102,7","507,6",,,"313,0","116,0","0,6463","0,3924",,,"0,6463","0,3924",thumbnail_grossTrial,thumbnail_grossTrial.png,1245.0,1080.0,337.0,0.0,798.0,692.0,Saccade,42.0,170.0,,,,,,
28620,42583716,1400481855003,Eye Tracker,Participant0058,17.09.2021,Participant0058,Recording4,17.09.2021,17.09.2021,14:48:45.713,12:48:45.713,64514,Timeline2,Tobii I-VT (Fixation),1.145.28180,1080,1920,"10,00",710446676.0,,,1068.0,362.0,1043.0,356.0,1093.0,367.0,"0,10061","-0,00845","-0,99489","0,01548","-0,00469","-0,99987",,,Valid,Valid,"234,1","101,8","512,0","291,6","102,8","507,5","285,9","97,5","299,5","100,4","0,5866","0,3348","0,5667","0,3298","0,6066","0,3398",thumbnail_grossTrial,thumbnail_grossTrial.png,1245.0,1080.0,337.0,0.0,798.0,692.0,Saccade,42.0,170.0,,,,,,
28621,42592049,1400481863336,Eye Tracker,Participant0058,17.09.2021,Participant0058,Recording4,17.09.2021,17.09.2021,14:48:45.713,12:48:45.713,64514,Timeline2,Tobii I-VT (Fixation),1.145.28180,1080,1920,"10,00",710455009.0,,,1024.0,343.0,1001.0,332.0,1048.0,354.0,"0,07834","-0,02148","-0,99669","-0,00850","-0,01191","-0,99989",,,Valid,Valid,"234,0","101,8","512,0","291,5","102,8","507,4","274,2","90,8","287,2","96,8","0,5516","0,3174","0,5326","0,3072","0,5706","0,3275",thumbnail_grossTrial,thumbnail_grossTrial.png,1245.0,1080.0,337.0,0.0,798.0,692.0,Saccade,42.0,170.0,,,,,,
28622,42600382,1400481871669,Eye Tracker,Participant0058,17.09.2021,Participant0058,Recording4,17.09.2021,17.09.2021,14:48:45.713,12:48:45.713,64514,Timeline2,Tobii I-VT (Fixation),1.145.28180,1080,1920,"10,00",710463342.0,,,,,,,,,,,,,,,,,Invalid,Invalid,,,,,,,,,,,,,,,,,thumbnail_grossTrial,thumbnail_grossTrial.png,1245.0,1080.0,337.0,0.0,798.0,692.0,EyesNotFound,8.0,365.0,,,,,,
28623,42608722,1400481880009,Eye Tracker,Participant0058,17.09.2021,Participant0058,Recording4,17.09.2021,17.09.2021,14:48:45.713,12:48:45.713,64514,Timeline2,Tobii I-VT (Fixation),1.145.28180,1080,1920,"10,00",710471681.0,,,999.0,325.0,981.0,329.0,1017.0,322.0,"0,06810","-0,02320","-0,99741","-0,02494","-0,02889","-0,99927",,,Valid,Valid,"234,0","101,8","512,0","291,5","102,9","507,3","268,9","89,9","278,8","88,2","0,5315","0,3014","0,5170","0,3043","0,5460","0,2985",thumbnail_grossTrial,thumbnail_grossTrial.png,1245.0,1080.0,337.0,0.0,798.0,692.0,Unclassified,17.0,403.0,,,,,,
28624,42617050,1400481888337,Eye Tracker,Participant0058,17.09.2021,Participant0058,Recording4,17.09.2021,17.09.2021,14:48:45.713,12:48:45.713,64514,Timeline2,Tobii I-VT (Fixation),1.145.28180,1080,1920,"10,00",710480009.0,,,991.0,327.0,976.0,334.0,1006.0,320.0,"0,06541","-0,02018","-0,99765","-0,03132","-0,02999","-0,99906",,,Valid,Valid,"233,9","101,8","512,1","291,5","102,9","507,4","267,5","91,4","275,6","87,6","0,5247","0,3029","0,5128","0,3094","0,5365","0,2965",thumbnail_grossTrial,thumbnail_grossTrial.png,1245.0,1080.0,337.0,0.0,798.0,692.0,Unclassified,17.0,403.0,,,,,,
28625,42625381,1400481896668,Eye Tracker,Participant0058,17.09.2021,Participant0058,Recording4,17.09.2021,17.09.2021,14:48:45.713,12:48:45.713,64514,Timeline2,Tobii I-VT (Fixation),1.145.28180,1080,1920,"10,00",710488340.0,,,,,,,,,,,,,,,,,Invalid,Invalid,,,,,,,,,,,,,,,,,thumbnail_grossTrial,thumbnail_grossTrial.png,1245.0,1080.0,337.0,0.0,798.0,692.0,EyesNotFound,8.0,366.0,,,,,,
28626,42633752,1400481905039,Eye Tracker,Participant0058,17.09.2021,Participant0058,Recording4,17.09.2021,17.09.2021,14:48:45.713,12:48:45.713,64514,Timeline2,Tobii I-VT (Fixation),1.145.28180,1080,1920,"10,00",710496710.0,,,984.0,330.0,971.0,332.0,996.0,329.0,"0,06261","-0,02145","-0,99781","-0,03624","-0,02538","-0,99902",,,Valid,Valid,"233,9","101,7","512,2","291,5","102,8","507,5","266,1","90,7","273,1","89,9","0,5189","0,3056","0,5086","0,3070","0,5292","0,3042",thumbnail_grossTrial,thumbnail_grossTrial.png,1245.0,1080.0,337.0,0.0,798.0,692.0,Saccade,25.0,171.0,,,,,,
28627,42642046,1400481913333,Eye Tracker,Participant0058,17.09.2021,Participant0058,Recording4,17.09.2021,17.09.2021,14:48:45.713,12:48:45.713,64514,Timeline2,Tobii I-VT (Fixation),1.145.28180,1080,1920,"10,00",710505004.0,,,980.0,315.0,966.0,310.0,993.0,320.0,"0,06022","-0,03226","-0,99766","-0,03807","-0,02948","-0,99884",,,Valid,Valid,"233,8","101,5","513,0","291,6","102,5","508,3","264,8","84,9","272,2","87,5","0,5158","0,2916","0,5050","0,2871","0,5267","0,2961",thumbnail_grossTrial,thumbnail_grossTrial.png,1245.0,1080.0,337.0,0.0,798.0,692.0,Saccade,25.0,171.0,,,,,,
28628,42650380,1400481921667,Eye Tracker,Participant0058,17.09.2021,Participant0058,Recording4,17.09.2021,17.09.2021,14:48:45.713,12:48:45.713,64514,Timeline2,Tobii I-VT (Fixation),1.145.28180,1080,1920,"10,00",710513338.0,,,981.0,289.0,,,981.0,289.0,,,,"-0,04492","-0,04571","-0,99794",,"5,50",Invalid,Valid,,,,"291,6","102,3","508,6",,,"268,7","79,0","0,5165","0,2673",,,"0,5165","0,2673",thumbnail_grossTrial,thumbnail_grossTrial.png,1245.0,1080.0,337.0,0.0,798.0,692.0,Saccade,25.0,171.0,,,,,,
28629,42658743,1400481930030,Eye Tracker,Participant0058,17.09.2021,Participant0058,Recording4,17.09.2021,17.09.2021,14:48:45.713,12:48:45.713,64514,Timeline2,Tobii I-VT (Fixation),1.145.28180,1080,1920,"10,00",710521701.0,,,973.0,292.0,969.0,304.0,977.0,280.0,"0,06158","-0,03435","-0,99751","-0,04684","-0,04960","-0,99767",,,Valid,Valid,"233,8","101,0","514,2","291,7","101,9","509,6","265,6","83,3","267,8","76,6","0,5105","0,2704","0,5073","0,2817","0,5138","0,2592",thumbnail_grossTrial,thumbnail_grossTrial.png,1245.0,1080.0,337.0,0.0,798.0,692.0,Unclassified,17.0,404.0,,,,,,
28630,42667073,1400481938360,Eye Tracker,Participant0058,17.09.2021,Participant0058,Recording4,17.09.2021,17.09.2021,14:48:45.713,12:48:45.713,64514,Timeline2,Tobii I-VT (Fixation),1.145.28180,1080,1920,"10,00",710530031.0,,,974.0,274.0,973.0,272.0,975.0,277.0,"0,06340","-0,05024","-0,99672","-0,04792","-0,04969","-0,99761",,,Valid,Valid,"233,7","100,4","515,7","291,9","101,3","511,3","266,5","74,4","267,3","75,8","0,5112","0,2541","0,5101","0,2517","0,5123","0,2565",thumbnail_grossTrial,thumbnail_grossTrial.png,1245.0,1080.0,337.0,0.0,798.0,692.0,Unclassified,17.0,404.0,,,,,,
28631,42675405,1400481946692,Eye Tracker,Participant0058,17.09.2021,Participant0058,Recording4,17.09.2021,17.09.2021,14:48:45.713,12:48:45.713,64514,Timeline2,Tobii I-VT (Fixation),1.145.28180,1080,1920,"10,00",710538363.0,,,979.0,330.0,,,979.0,330.0,,,,"-0,04638","-0,01991","-0,99873",,"4,49",Invalid,Valid,,,,"292,0","100,5","512,8",,,"268,2","90,3","0,5149","0,3055",,,"0,5149","0,3055",thumbnail_grossTrial,thumbnail_grossTrial.png,1245.0,1080.0,337.0,0.0,798.0,692.0,Saccade,25.0,172.0,,,,,,
28632,42683717,1400481955004,Eye Tracker,Participant0058,17.09.2021,Participant0058,Recording4,17.09.2021,17.09.2021,14:48:45.713,12:48:45.713,64514,Timeline2,Tobii I-VT (Fixation),1.145.28180,1080,1920,"10,00",710546674.0,,,985.0,291.0,977.0,291.0,992.0,292.0,"0,06570","-0,03924","-0,99707","-0,03947","-0,03982","-0,99843",,,Valid,Valid,"233,8","99,9","516,9","292,1","100,4","513,6","267,8","79,5","271,8","79,9","0,5197","0,2697","0,5138","0,2691","0,5256","0,2702",thumbnail_grossTrial,thumbnail_grossTrial.png,1245.0,1080.0,337.0,0.0,798.0,692.0,Saccade,25.0,172.0,,,,,,
28633,42692072,1400481963359,Eye Tracker,Participant0058,17.09.2021,Participant0058,Recording4,17.09.2021,17.09.2021,14:48:45.713,12:48:45.713,64514,Timeline2,Tobii I-VT (Fixation),1.145.28180,1080,1920,"10,00",710555029.0,,,987.0,322.0,982.0,324.0,992.0,320.0,"0,06820","-0,02196","-0,99743","-0,03942","-0,02481","-0,99891",,,Valid,Valid,"233,7","99,9","516,8","292,1","100,3","513,7","269,0","88,5","271,8","87,6","0,5215","0,2980","0,5174","0,2996","0,5256","0,2963",thumbnail_grossTrial,thumbnail_grossTrial.png,1245.0,1080.0,337.0,0.0,798.0,692.0,Saccade,25.0,172.0,,,,,,
28634,42700378,1400481971665,Eye Tracker,Participant0058,17.09.2021,Participant0058,Recording4,17.09.2021,17.09.2021,14:48:45.713,12:48:45.713,64514,Timeline2,Tobii I-VT (Fixation),1.145.28180,1080,1920,"10,00",710563335.0,,,,,,,,,,,,,,,,,Invalid,Invalid,,,,,,,,,,,,,,,,,thumbnail_grossTrial,thumbnail_grossTrial.png,1245.0,1080.0,337.0,0.0,798.0,692.0,EyesNotFound,8.0,367.0,,,,,,
28635,42708706,1400481979993,Eye Tracker,Participant0058,17.09.2021,Participant0058,Recording4,17.09.2021,17.09.2021,14:48:45.713,12:48:45.713,64514,Timeline2,Tobii I-VT (Fixation),1.145.28180,1080,1920,"10,00",710571662.0,,,979.0,310.0,970.0,302.0,989.0,317.0,"0,06191","-0,03351","-0,99752","-0,04126","-0,02615","-0,99881",,,Valid,Valid,"233,8","100,0","516,5","292,2","100,3","513,7","265,8","82,7","271,0","86,9","0,5155","0,2868","0,5080","0,2798","0,5230","0,2939",thumbnail_grossTrial,thumbnail_grossTrial.png,1245.0,1080.0,337.0,0.0,798.0,692.0,Unclassified,17.0,405.0,,,,,,
28636,42717108,1400481988395,Eye Tracker,Participant0058,17.09.2021,Participant0058,Recording4,17.09.2021,17.09.2021,14:48:45.713,12:48:45.713,64514,Timeline2,Tobii I-VT (Fixation),1.145.28180,1080,1920,"10,00",710580064.0,,,980.0,301.0,963.0,313.0,997.0,289.0,"0,05824","-0,02778","-0,99792","-0,03659","-0,04139","-0,99847",,,Valid,Valid,"233,7","100,1","516,4","292,1","100,3","513,8","263,8","85,7","273,3","79,0","0,5160","0,2786","0,5022","0,2900","0,5299","0,2672",thumbnail_grossTrial,thumbnail_grossTrial.png,1245.0,1080.0,337.0,0.0,798.0,692.0,Unclassified,17.0,405.0,,,,,,
28637,42725373,1400481996660,Eye Tracker,Participant0058,17.09.2021,Participant0058,Recording4,17.09.2021,17.09.2021,14:48:45.713,12:48:45.713,64514,Timeline2,Tobii I-VT (Fixation),1.145.28180,1080,1920,"10,00",710588329.0,,,,,,,,,,,,,,,,,Invalid,Invalid,,,,,,,,,,,,,,,,,thumbnail_grossTrial,thumbnail_grossTrial.png,1245.0,1080.0,337.0,0.0,798.0,692.0,EyesNotFound,8.0,368.0,,,,,,
28638,42733705,1400482004992,Eye Tracker,Participant0058,17.09.2021,Participant0058,Recording4,17.09.2021,17.09.2021,14:48:45.713,12:48:45.713,64514,Timeline2,Tobii I-VT (Fixation),1.145.28180,1080,1920,"10,00",710596660.0,,,976.0,310.0,965.0,318.0,987.0,302.0,"0,05930","-0,02557","-0,99791","-0,04214","-0,03415","-0,99853",,,Valid,Valid,"233,8","100,2","516,2","292,2","100,3","513,8","264,5","87,0","270,5","82,7","0,5128","0,2871","0,5039","0,2942","0,5217","0,2799",thumbnail_grossTrial,thumbnail_grossTrial.png,1245.0,1080.0,337.0,0.0,798.0,692.0,Unclassified,17.0,406.0,,,,,,
28639,42742064,1400482013351,Eye Tracker,Participant0058,17.09.2021,Participant0058,Recording4,17.09.2021,17.09.2021,14:48:45.713,12:48:45.713,64514,Timeline2,Tobii I-VT (Fixation),1.145.28180,1080,1920,"10,00",710605020.0,,,974.0,307.0,964.0,313.0,984.0,301.0,"0,05877","-0,02836","-0,99787","-0,04350","-0,03470","-0,99845",,,Valid,Valid,"233,7","100,2","516,1","292,2","100,3","513,9","264,1","85,6","269,8","82,4","0,5112","0,2842","0,5029","0,2895","0,5195","0,2789",thumbnail_grossTrial,thumbnail_grossTrial.png,1245.0,1080.0,337.0,0.0,798.0,692.0,Unclassified,17.0,406.0,,,,,,
28640,42750380,1400482021667,Eye Tracker,Participant0058,17.09.2021,Participant0058,Recording4,17.09.2021,17.09.2021,14:48:45.713,12:48:45.713,64514,Timeline2,Tobii I-VT (Fixation),1.145.28180,1080,1920,"10,00",710613335.0,,,,,,,,,,,,,,,,,Invalid,Invalid,,,,,,,,,,,,,,,,,thumbnail_grossTrial,thumbnail_grossTrial.png,1245.0,1080.0,337.0,0.0,798.0,692.0,EyesNotFound,8.0,369.0,,,,,,
28641,42758701,1400482029988,Eye Tracker,Participant0058,17.09.2021,Participant0058,Recording4,17.09.2021,17.09.2021,14:48:45.713,12:48:45.713,64514,Timeline2,Tobii I-VT (Fixation),1.145.28180,1080,1920,"10,00",710621656.0,,,979.0,299.0,966.0,301.0,992.0,297.0,"0,05971","-0,03459","-0,99762","-0,03953","-0,03719","-0,99853",,,Valid,Valid,"233,8","100,3","516,0","292,2","100,3","513,9","264,7","82,4","271,9","81,1","0,5151","0,2767","0,5045","0,2788","0,5257","0,2746",thumbnail_grossTrial,thumbnail_grossTrial.png,1245.0,1080.0,337.0,0.0,798.0,692.0,Unclassified,17.0,407.0,,,,,,
28642,42767068,1400482038355,Eye Tracker,Participant0058,17.09.2021,Participant0058,Recording4,17.09.2021,17.09.2021,14:48:45.713,12:48:45.713,64514,Timeline2,Tobii I-VT (Fixation),1.145.28180,1080,1920,"10,00",710630023.0,,,989.0,296.0,969.0,295.0,1009.0,297.0,"0,06146","-0,03803","-0,99738","-0,03040","-0,03667","-0,99887",,,Valid,Valid,"233,7","100,3","516,0","292,2","100,3","513,9","265,5","80,6","276,5","81,4","0,5231","0,2741","0,5070","0,2728","0,5393","0,2754",thumbnail_grossTrial,thumbnail_grossTrial.png,1245.0,1080.0,337.0,0.0,798.0,692.0,Unclassified,17.0,407.0,,,,,,
28643,42775398,1400482046685,Eye Tracker,Participant0058,17.09.2021,Participant0058,Recording4,17.09.2021,17.09.2021,14:48:45.713,12:48:45.713,64514,Timeline2,Tobii I-VT (Fixation),1.145.28180,1080,1920,"10,00",710638353.0,,,990.0,318.0,,,990.0,318.0,,,,"-0,04079","-0,02550","-0,99884",,"4,42",Invalid,Valid,,,,"292,2","100,2","513,7",,,"271,2","87,1","0,5237","0,2947",,,"0,5237","0,2947",thumbnail_grossTrial,thumbnail_grossTrial.png,1245.0,1080.0,337.0,0.0,798.0,692.0,Saccade,8.0,173.0,,,,,,
28644,42783709,1400482054996,Eye Tracker,Participant0058,17.09.2021,Participant0058,Recording4,17.09.2021,17.09.2021,14:48:45.713,12:48:45.713,64514,Timeline2,Tobii I-VT (Fixation),1.145.28180,1080,1920,"10,00",710646663.0,,,982.0,312.0,973.0,303.0,992.0,322.0,"0,06342","-0,03408","-0,99741","-0,03968","-0,02422","-0,99892",,,Valid,Valid,"233,8","100,4","515,6","292,2","100,4","513,5","266,6","82,8","271,8","88,0","0,5178","0,2889","0,5101","0,2802","0,5254","0,2977",thumbnail_grossTrial,thumbnail_grossTrial.png,1245.0,1080.0,337.0,0.0,798.0,692.0,Fixation,2000.0,83.0,968.0,328.0,"0,5061","0,3033",,
28645,42792068,1400482063355,Eye Tracker,Participant0058,17.09.2021,Participant0058,Recording4,17.09.2021,17.09.2021,14:48:45.713,12:48:45.713,64514,Timeline2,Tobii I-VT (Fixation),1.145.28180,1080,1920,"10,00",710655022.0,,,973.0,317.0,960.0,321.0,986.0,314.0,"0,05683","-0,02464","-0,99808","-0,04236","-0,02811","-0,99871",,,Valid,Valid,"233,7","100,4","515,6","292,1","100,5","513,4","263,1","87,7","270,3","86,1","0,5105","0,2940","0,4999","0,2968","0,5212","0,2912",thumbnail_grossTrial,thumbnail_grossTrial.png,1245.0,1080.0,337.0,0.0,798.0,692.0,Fixation,2000.0,83.0,968.0,328.0,"0,5061","0,3033",,
28646,42800405,1400482071692,Eye Tracker,Participant0058,17.09.2021,Participant0058,Recording4,17.09.2021,17.09.2021,14:48:45.713,12:48:45.713,64514,Timeline2,Tobii I-VT (Fixation),1.145.28180,1080,1920,"10,00",710663359.0,,,990.0,311.0,,,990.0,311.0,,,,"-0,04064","-0,02981","-0,99873",,"4,41",Invalid,Valid,,,,"292,1","100,4","513,3",,,"271,3","85,1","0,5239","0,2879",,,"0,5239","0,2879",thumbnail_grossTrial,thumbnail_grossTrial.png,1245.0,1080.0,337.0,0.0,798.0,692.0,Fixation,2000.0,83.0,968.0,328.0,"0,5061","0,3033",,
28647,42808699,1400482079986,Eye Tracker,Participant0058,17.09.2021,Participant0058,Recording4,17.09.2021,17.09.2021,14:48:45.713,12:48:45.713,64514,Timeline2,Tobii I-VT (Fixation),1.145.28180,1080,1920,"10,00",710671652.0,,,973.0,309.0,952.0,310.0,994.0,309.0,"0,05260","-0,03013","-0,99816","-0,03844","-0,03138","-0,99877",,,Valid,Valid,"233,8","100,5","515,6","292,1","100,6","513,1","260,9","84,9","272,4","84,5","0,5104","0,2865","0,4936","0,2872","0,5272","0,2858",thumbnail_grossTrial,thumbnail_grossTrial.png,1245.0,1080.0,337.0,0.0,798.0,692.0,Fixation,2000.0,83.0,968.0,328.0,"0,5061","0,3033",,
28648,42817030,1400482088317,Eye Tracker,Participant0058,17.09.2021,Participant0058,Recording4,17.09.2021,17.09.2021,14:48:45.713,12:48:45.713,64514,Timeline2,Tobii I-VT (Fixation),1.145.28180,1080,1920,"10,00",710679983.0,,,976.0,306.0,955.0,301.0,997.0,312.0,"0,05416","-0,03488","-0,99792","-0,03654","-0,02990","-0,99889",,,Valid,Valid,"233,7","100,5","515,6","292,1","100,6","513,1","261,7","82,4","273,3","85,3","0,5129","0,2837","0,4958","0,2789","0,5300","0,2885",thumbnail_grossTrial,thumbnail_grossTrial.png,1245.0,1080.0,337.0,0.0,798.0,692.0,Fixation,2000.0,83.0,968.0,328.0,"0,5061","0,3033",,
28649,42825365,1400482096652,Eye Tracker,Participant0058,17.09.2021,Participant0058,Recording4,17.09.2021,17.09.2021,14:48:45.713,12:48:45.713,64514,Timeline2,Tobii I-VT (Fixation),1.145.28180,1080,1920,"10,00",710688318.0,,,989.0,317.0,,,989.0,317.0,,,,"-0,04123","-0,02703","-0,99878",,"4,40",Invalid,Valid,,,,"292,2","100,6","513,1",,,"271,0","86,7","0,5231","0,2933",,,"0,5231","0,2933",thumbnail_grossTrial,thumbnail_grossTrial.png,1245.0,1080.0,337.0,0.0,798.0,692.0,Fixation,2000.0,83.0,968.0,328.0,"0,5061","0,3033",,
28650,42833723,1400482105010,Eye Tracker,Participant0058,17.09.2021,Participant0058,Recording4,17.09.2021,17.09.2021,14:48:45.713,12:48:45.713,64514,Timeline2,Tobii I-VT (Fixation),1.145.28180,1080,1920,"10,00",710696676.0,,,975.0,319.0,966.0,315.0,985.0,323.0,"0,05981","-0,02746","-0,99783","-0,04331","-0,02364","-0,99878",,,Valid,Valid,"233,8","100,4","515,7","292,1","100,7","513,0","264,7","86,2","269,9","88,5","0,5122","0,2957","0,5046","0,2918","0,5199","0,2995",thumbnail_grossTrial,thumbnail_grossTrial.png,1245.0,1080.0,337.0,0.0,798.0,692.0,Fixation,2000.0,83.0,968.0,328.0,"0,5061","0,3033",,
28651,42842027,1400482113314,Eye Tracker,Participant0058,17.09.2021,Participant0058,Recording4,17.09.2021,17.09.2021,14:48:45.713,12:48:45.713,64514,Timeline2,Tobii I-VT (Fixation),1.145.28180,1080,1920,"10,00",710704980.0,,,972.0,315.0,964.0,310.0,980.0,320.0,"0,05904","-0,02995","-0,99781","-0,04600","-0,02531","-0,99862",,,Valid,Valid,"233,7","100,4","515,8","292,1","100,7","513,0","264,2","84,9","268,5","87,7","0,5095","0,2920","0,5032","0,2874","0,5158","0,2966",thumbnail_grossTrial,thumbnail_grossTrial.png,1245.0,1080.0,337.0,0.0,798.0,692.0,Fixation,2000.0,83.0,968.0,328.0,"0,5061","0,3033",,
28652,42850363,1400482121650,Eye Tracker,Participant0058,17.09.2021,Participant0058,Recording4,17.09.2021,17.09.2021,14:48:45.713,12:48:45.713,64514,Timeline2,Tobii I-VT (Fixation),1.145.28180,1080,1920,"10,00",710713315.0,,,980.0,321.0,,,980.0,321.0,,,,"-0,04590","-0,02496","-0,99863",,"4,38",Invalid,Valid,,,,"292,2","100,6","513,1",,,"268,6","87,8","0,5160","0,2970",,,"0,5160","0,2970",thumbnail_grossTrial,thumbnail_grossTrial.png,1245.0,1080.0,337.0,0.0,798.0,692.0,Fixation,2000.0,83.0,968.0,328.0,"0,5061","0,3033",,
28653,42858695,1400482129982,Eye Tracker,Participant0058,17.09.2021,Participant0058,Recording4,17.09.2021,17.09.2021,14:48:45.713,12:48:45.713,64514,Timeline2,Tobii I-VT (Fixation),1.145.28180,1080,1920,"10,00",710721647.0,,,970.0,312.0,961.0,309.0,980.0,315.0,"0,05747","-0,03064","-0,99788","-0,04613","-0,02830","-0,99853",,,Valid,Valid,"233,8","100,4","515,8","292,2","100,7","513,0","263,5","84,6","268,5","86,1","0,5084","0,2887","0,5010","0,2861","0,5157","0,2914",thumbnail_grossTrial,thumbnail_grossTrial.png,1245.0,1080.0,337.0,0.0,798.0,692.0,Fixation,2000.0,83.0,968.0,328.0,"0,5061","0,3033",,
28654,42867065,1400482138352,Eye Tracker,Participant0058,17.09.2021,Participant0058,Recording4,17.09.2021,17.09.2021,14:48:45.713,12:48:45.713,64514,Timeline2,Tobii I-VT (Fixation),1.145.28180,1080,1920,"10,00",710730017.0,,,975.0,319.0,966.0,318.0,983.0,320.0,"0,06006","-0,02576","-0,99786","-0,04417","-0,02548","-0,99870",,,Valid,Valid,"233,7","100,4","515,9","292,1","100,6","513,2","264,7","87,0","269,4","87,5","0,5117","0,2953","0,5048","0,2945","0,5186","0,2960",thumbnail_grossTrial,thumbnail_grossTrial.png,1245.0,1080.0,337.0,0.0,798.0,692.0,Fixation,2000.0,83.0,968.0,328.0,"0,5061","0,3033",,
28655,42875392,1400482146679,Eye Tracker,Participant0058,17.09.2021,Participant0058,Recording4,17.09.2021,17.09.2021,14:48:45.713,12:48:45.713,64514,Timeline2,Tobii I-VT (Fixation),1.145.28180,1080,1920,"10,00",710738343.0,,,977.0,326.0,,,977.0,326.0,,,,"-0,04738","-0,02168","-0,99864",,"4,37",Invalid,Valid,,,,"292,2","100,5","513,4",,,"267,9","89,3","0,5139","0,3022",,,"0,5139","0,3022",thumbnail_grossTrial,thumbnail_grossTrial.png,1245.0,1080.0,337.0,0.0,798.0,692.0,Fixation,2000.0,83.0,968.0,328.0,"0,5061","0,3033",,
28656,42883780,1400482155067,Eye Tracker,Participant0058,17.09.2021,Participant0058,Recording4,17.09.2021,17.09.2021,14:48:45.713,12:48:45.713,64514,Timeline2,Tobii I-VT (Fixation),1.145.28180,1080,1920,"10,00",710746731.0,,,971.0,334.0,970.0,340.0,972.0,328.0,"0,06212","-0,01421","-0,99797","-0,05011","-0,02106","-0,99852",,,Valid,Valid,"233,8","100,3","516,0","292,2","100,5","513,5","265,9","93,0","266,5","89,6","0,5090","0,3089","0,5081","0,3145","0,5098","0,3033",thumbnail_grossTrial,thumbnail_grossTrial.png,1245.0,1080.0,337.0,0.0,798.0,692.0,Fixation,2000.0,83.0,968.0,328.0,"0,5061","0,3033",,
28657,42892026,1400482163313,Eye Tracker,Participant0058,17.09.2021,Participant0058,Recording4,17.09.2021,17.09.2021,14:48:45.713,12:48:45.713,64514,Timeline2,Tobii I-VT (Fixation),1.145.28180,1080,1920,"10,00",710754977.0,,,969.0,325.0,967.0,327.0,972.0,323.0,"0,06034","-0,02080","-0,99796","-0,05007","-0,02341","-0,99847",,,Valid,Valid,"233,7","100,3","516,1","292,2","100,4","513,7","264,9","89,6","266,4","88,4","0,5075","0,3010","0,5052","0,3030","0,5098","0,2990",thumbnail_grossTrial,thumbnail_grossTrial.png,1245.0,1080.0,337.0,0.0,798.0,692.0,Fixation,2000.0,83.0,968.0,328.0,"0,5061","0,3033",,
28658,42900359,1400482171646,Eye Tracker,Participant0058,17.09.2021,Participant0058,Recording4,17.09.2021,17.09.2021,14:48:45.713,12:48:45.713,64514,Timeline2,Tobii I-VT (Fixation),1.145.28180,1080,1920,"10,00",710763309.0,,,971.0,323.0,,,971.0,323.0,,,,"-0,05102","-0,02299","-0,99843",,"4,37",Invalid,Valid,,,,"292,3","100,3","513,9",,,"266,0","88,4","0,5085","0,2992",,,"0,5085","0,2992",thumbnail_grossTrial,thumbnail_grossTrial.png,1245.0,1080.0,337.0,0.0,798.0,692.0,Fixation,2000.0,83.0,968.0,328.0,"0,5061","0,3033",,
28659,42908696,1400482179983,Eye Tracker,Participant0058,17.09.2021,Participant0058,Recording4,17.09.2021,17.09.2021,14:48:45.713,12:48:45.713,64514,Timeline2,Tobii I-VT (Fixation),1.145.28180,1080,1920,"10,00",710771647.0,,,973.0,315.0,976.0,306.0,970.0,325.0,"0,06523","-0,03214","-0,99735","-0,05115","-0,02198","-0,99845",,,Valid,Valid,"233,8","100,3","516,0","292,3","100,3","513,9","267,5","83,7","265,9","89,0","0,5106","0,2921","0,5129","0,2831","0,5083","0,3011",thumbnail_grossTrial,thumbnail_grossTrial.png,1245.0,1080.0,337.0,0.0,798.0,692.0,Fixation,2000.0,83.0,968.0,328.0,"0,5061","0,3033",,
28660,42917029,1400482188316,Eye Tracker,Participant0058,17.09.2021,Participant0058,Recording4,17.09.2021,17.09.2021,14:48:45.713,12:48:45.713,64514,Timeline2,Tobii I-VT (Fixation),1.145.28180,1080,1920,"10,00",710779980.0,,,974.0,315.0,978.0,303.0,969.0,327.0,"0,06641","-0,03386","-0,99722","-0,05160","-0,02068","-0,99845",,,Valid,Valid,"233,7","100,3","516,0","292,2","100,3","514,1","268,0","82,8","265,7","89,6","0,5110","0,2917","0,5144","0,2802","0,5075","0,3032",thumbnail_grossTrial,thumbnail_grossTrial.png,1245.0,1080.0,337.0,0.0,798.0,692.0,Fixation,2000.0,83.0,968.0,328.0,"0,5061","0,3033",,
28661,42925391,1400482196678,Eye Tracker,Participant0058,17.09.2021,Participant0058,Recording4,17.09.2021,17.09.2021,14:48:45.713,12:48:45.713,64514,Timeline2,Tobii I-VT (Fixation),1.145.28180,1080,1920,"10,00",710788341.0,,,972.0,327.0,,,972.0,327.0,,,,"-0,05035","-0,02078","-0,99852",,"4,38",Invalid,Valid,,,,"292,3","100,1","514,2",,,"266,3","89,4","0,5095","0,3026",,,"0,5095","0,3026",thumbnail_grossTrial,thumbnail_grossTrial.png,1245.0,1080.0,337.0,0.0,798.0,692.0,Fixation,2000.0,83.0,968.0,328.0,"0,5061","0,3033",,
28662,42933696,1400482204983,Eye Tracker,Participant0058,17.09.2021,Participant0058,Recording4,17.09.2021,17.09.2021,14:48:45.713,12:48:45.713,64514,Timeline2,Tobii I-VT (Fixation),1.145.28180,1080,1920,"10,00",710796646.0,,,972.0,313.0,971.0,300.0,972.0,327.0,"0,06278","-0,03556","-0,99739","-0,05013","-0,02087","-0,99852",,,Valid,Valid,"233,7","100,4","515,9","292,3","100,2","514,2","266,2","82,0","266,5","89,4","0,5095","0,2900","0,5091","0,2774","0,5098","0,3026",thumbnail_grossTrial,thumbnail_grossTrial.png,1245.0,1080.0,337.0,0.0,798.0,692.0,Fixation,2000.0,83.0,968.0,328.0,"0,5061","0,3033",,
28663,42942019,1400482213306,Eye Tracker,Participant0058,17.09.2021,Participant0058,Recording4,17.09.2021,17.09.2021,14:48:45.713,12:48:45.713,64514,Timeline2,Tobii I-VT (Fixation),1.145.28180,1080,1920,"10,00",710804969.0,,,972.0,318.0,968.0,311.0,976.0,325.0,"0,06132","-0,02971","-0,99768","-0,04824","-0,02207","-0,99859",,,Valid,Valid,"233,7","100,4","515,9","292,2","100,2","514,3","265,4","85,0","267,4","88,8","0,5096","0,2941","0,5066","0,2877","0,5125","0,3005",thumbnail_grossTrial,thumbnail_grossTrial.png,1245.0,1080.0,337.0,0.0,798.0,692.0,Fixation,2000.0,83.0,968.0,328.0,"0,5061","0,3033",,
28664,42950392,1400482221679,Eye Tracker,Participant0058,17.09.2021,Participant0058,Recording4,17.09.2021,17.09.2021,14:48:45.713,12:48:45.713,64514,Timeline2,Tobii I-VT (Fixation),1.145.28180,1080,1920,"10,00",710813342.0,,,973.0,326.0,,,973.0,326.0,,,,"-0,04968","-0,02098","-0,99854",,"4,38",Invalid,Valid,,,,"292,3","100,1","514,3",,,"266,7","89,3","0,5105","0,3021",,,"0,5105","0,3021",thumbnail_grossTrial,thumbnail_grossTrial.png,1245.0,1080.0,337.0,0.0,798.0,692.0,Fixation,2000.0,83.0,968.0,328.0,"0,5061","0,3033",,
28665,42958685,1400482229972,Eye Tracker,Participant0058,17.09.2021,Participant0058,Recording4,17.09.2021,17.09.2021,14:48:45.713,12:48:45.713,64514,Timeline2,Tobii I-VT (Fixation),1.145.28180,1080,1920,"10,00",710821634.0,,,970.0,318.0,964.0,311.0,975.0,324.0,"0,05907","-0,02954","-0,99782","-0,04865","-0,02247","-0,99856",,,Valid,Valid,"233,7","100,5","515,7","292,3","100,2","514,3","264,3","85,2","267,2","88,6","0,5077","0,2940","0,5034","0,2883","0,5121","0,2997",thumbnail_grossTrial,thumbnail_grossTrial.png,1245.0,1080.0,337.0,0.0,798.0,692.0,Fixation,2000.0,83.0,968.0,328.0,"0,5061","0,3033",,
28666,42967048,1400482238335,Eye Tracker,Participant0058,17.09.2021,Participant0058,Recording4,17.09.2021,17.09.2021,14:48:45.713,12:48:45.713,64514,Timeline2,Tobii I-VT (Fixation),1.145.28180,1080,1920,"10,00",710829997.0,,,966.0,324.0,959.0,326.0,974.0,322.0,"0,05635","-0,02201","-0,99817","-0,04920","-0,02347","-0,99851",,,Valid,Valid,"233,7","100,5","515,6","292,2","100,2","514,3","262,8","89,1","266,9","88,1","0,5050","0,2998","0,4991","0,3016","0,5110","0,2980",thumbnail_grossTrial,thumbnail_grossTrial.png,1245.0,1080.0,337.0,0.0,798.0,692.0,Fixation,2000.0,83.0,968.0,328.0,"0,5061","0,3033",,
28667,42975446,1400482246733,Eye Tracker,Participant0058,17.09.2021,Participant0058,Recording4,17.09.2021,17.09.2021,14:48:45.713,12:48:45.713,64514,Timeline2,Tobii I-VT (Fixation),1.145.28180,1080,1920,"10,00",710838395.0,,,976.0,322.0,,,976.0,322.0,,,,"-0,04816","-0,02339","-0,99857",,"4,82",Invalid,Valid,,,,"292,3","100,1","514,3",,,"267,5","88,1","0,5128","0,2980",,,"0,5128","0,2980",thumbnail_grossTrial,thumbnail_grossTrial.png,1245.0,1080.0,337.0,0.0,798.0,692.0,Fixation,2000.0,83.0,968.0,328.0,"0,5061","0,3033",,
28668,42983696,1400482254983,Eye Tracker,Participant0058,17.09.2021,Participant0058,Recording4,17.09.2021,17.09.2021,14:48:45.713,12:48:45.713,64514,Timeline2,Tobii I-VT (Fixation),1.145.28180,1080,1920,"10,00",710846644.0,,,969.0,319.0,959.0,321.0,979.0,316.0,"0,05632","-0,02457","-0,99811","-0,04636","-0,02669","-0,99857",,,Valid,Valid,"233,8","100,6","515,4","292,3","100,2","514,2","262,8","87,9","268,4","86,5","0,5074","0,2950","0,4992","0,2975","0,5155","0,2925",thumbnail_grossTrial,thumbnail_grossTrial.png,1245.0,1080.0,337.0,0.0,798.0,692.0,Fixation,2000.0,83.0,968.0,328.0,"0,5061","0,3033",,
28669,42992057,1400482263344,Eye Tracker,Participant0058,17.09.2021,Participant0058,Recording4,17.09.2021,17.09.2021,14:48:45.713,12:48:45.713,64514,Timeline2,Tobii I-VT (Fixation),1.145.28180,1080,1920,"10,00",710855005.0,,,970.0,322.0,961.0,325.0,979.0,320.0,"0,05745","-0,02283","-0,99809","-0,04621","-0,02475","-0,99863",,,Valid,Valid,"233,7","100,6","515,4","292,2","100,2","514,2","263,4","88,8","268,4","87,5","0,5082","0,2983","0,5007","0,3006","0,5156","0,2960",thumbnail_grossTrial,thumbnail_grossTrial.png,1245.0,1080.0,337.0,0.0,798.0,692.0,Fixation,2000.0,83.0,968.0,328.0,"0,5061","0,3033",,
28670,43000354,1400482271641,Eye Tracker,Participant0058,17.09.2021,Participant0058,Recording4,17.09.2021,17.09.2021,14:48:45.713,12:48:45.713,64514,Timeline2,Tobii I-VT (Fixation),1.145.28180,1080,1920,"10,00",710863302.0,,,978.0,318.0,,,978.0,318.0,,,,"-0,04723","-0,02563","-0,99856",,"4,42",Invalid,Valid,,,,"292,3","100,2","514,2",,,"268,0","87,0","0,5142","0,2943",,,"0,5142","0,2943",thumbnail_grossTrial,thumbnail_grossTrial.png,1245.0,1080.0,337.0,0.0,798.0,692.0,Fixation,2000.0,83.0,968.0,328.0,"0,5061","0,3033",,
28671,43008688,1400482279975,Eye Tracker,Participant0058,17.09.2021,Participant0058,Recording4,17.09.2021,17.09.2021,14:48:45.713,12:48:45.713,64514,Timeline2,Tobii I-VT (Fixation),1.145.28180,1080,1920,"10,00",710871636.0,,,957.0,332.0,958.0,323.0,955.0,341.0,"0,05601","-0,02385","-0,99815","-0,05912","-0,01340","-0,99816",,,Valid,Valid,"233,8","100,7","515,2","292,3","100,3","514,0","262,7","88,4","261,8","93,4","0,4975","0,3076","0,4988","0,2991","0,4963","0,3160",thumbnail_grossTrial,thumbnail_grossTrial.png,1245.0,1080.0,337.0,0.0,798.0,692.0,Fixation,2000.0,83.0,968.0,328.0,"0,5061","0,3033",,
28672,43017016,1400482288303,Eye Tracker,Participant0058,17.09.2021,Participant0058,Recording4,17.09.2021,17.09.2021,14:48:45.713,12:48:45.713,64514,Timeline2,Tobii I-VT (Fixation),1.145.28180,1080,1920,"10,00",710879963.0,,,955.0,321.0,954.0,301.0,955.0,341.0,"0,05387","-0,03587","-0,99790","-0,05910","-0,01339","-0,99816",,,Valid,Valid,"233,7","100,8","515,1","292,2","100,3","514,0","261,5","82,2","261,8","93,4","0,4958","0,2972","0,4954","0,2782","0,4962","0,3161",thumbnail_grossTrial,thumbnail_grossTrial.png,1245.0,1080.0,337.0,0.0,798.0,692.0,Fixation,2000.0,83.0,968.0,328.0,"0,5061","0,3033",,
28673,43025349,1400482296636,Eye Tracker,Participant0058,17.09.2021,Participant0058,Recording4,17.09.2021,17.09.2021,14:48:45.713,12:48:45.713,64514,Timeline2,Tobii I-VT (Fixation),1.145.28180,1080,1920,"10,00",710888296.0,,,957.0,341.0,,,957.0,341.0,,,,"-0,05830","-0,01335","-0,99821",,"4,41",Invalid,Valid,,,,"292,3","100,3","514,0",,,"262,3","93,4","0,4975","0,3160",,,"0,4975","0,3160",thumbnail_grossTrial,thumbnail_grossTrial.png,1245.0,1080.0,337.0,0.0,798.0,692.0,Fixation,2000.0,83.0,968.0,328.0,"0,5061","0,3033",,
28674,43033718,1400482305005,Eye Tracker,Participant0058,17.09.2021,Participant0058,Recording4,17.09.2021,17.09.2021,14:48:45.713,12:48:45.713,64514,Timeline2,Tobii I-VT (Fixation),1.145.28180,1080,1920,"10,00",710896665.0,,,969.0,319.0,960.0,311.0,978.0,328.0,"0,05665","-0,03045","-0,99793","-0,04688","-0,02072","-0,99869",,,Valid,Valid,"233,8","100,8","515,0","292,3","100,4","513,9","263,0","85,1","268,2","89,7","0,5073","0,2957","0,4997","0,2879","0,5148","0,3035",thumbnail_grossTrial,thumbnail_grossTrial.png,1245.0,1080.0,337.0,0.0,798.0,692.0,Fixation,2000.0,83.0,968.0,328.0,"0,5061","0,3033",,
28675,43042013,1400482313300,Eye Tracker,Participant0058,17.09.2021,Participant0058,Recording4,17.09.2021,17.09.2021,14:48:45.713,12:48:45.713,64514,Timeline2,Tobii I-VT (Fixation),1.145.28180,1080,1920,"10,00",710904959.0,,,969.0,327.0,962.0,328.0,976.0,325.0,"0,05786","-0,02143","-0,99809","-0,04783","-0,02210","-0,99861",,,Valid,Valid,"233,7","100,8","514,9","292,2","100,4","513,9","263,6","89,8","267,6","89,0","0,5073","0,3024","0,5013","0,3037","0,5132","0,3012",thumbnail_grossTrial,thumbnail_grossTrial.png,1245.0,1080.0,337.0,0.0,798.0,692.0,Fixation,2000.0,83.0,968.0,328.0,"0,5061","0,3033",,
28676,43050375,1400482321662,Eye Tracker,Participant0058,17.09.2021,Participant0058,Recording4,17.09.2021,17.09.2021,14:48:45.713,12:48:45.713,64514,Timeline2,Tobii I-VT (Fixation),1.145.28180,1080,1920,"10,00",710913321.0,,,975.0,327.0,,,975.0,327.0,,,,"-0,04875","-0,02102","-0,99859",,"4,44",Invalid,Valid,,,,"292,3","100,3","513,8",,,"267,2","89,5","0,5119","0,3028",,,"0,5119","0,3028",thumbnail_grossTrial,thumbnail_grossTrial.png,1245.0,1080.0,337.0,0.0,798.0,692.0,Fixation,2000.0,83.0,968.0,328.0,"0,5061","0,3033",,
28677,43058706,1400482329993,Eye Tracker,Participant0058,17.09.2021,Participant0058,Recording4,17.09.2021,17.09.2021,14:48:45.713,12:48:45.713,64514,Timeline2,Tobii I-VT (Fixation),1.145.28180,1080,1920,"10,00",710921652.0,,,966.0,332.0,956.0,333.0,976.0,331.0,"0,05491","-0,01882","-0,99831","-0,04812","-0,01923","-0,99866",,,Valid,Valid,"233,8","100,9","514,8","292,3","100,4","513,7","262,1","91,1","267,5","90,5","0,5049","0,3073","0,4970","0,3084","0,5129","0,3062",thumbnail_grossTrial,thumbnail_grossTrial.png,1245.0,1080.0,337.0,0.0,798.0,692.0,Fixation,2000.0,83.0,968.0,328.0,"0,5061","0,3033",,
28678,43067010,1400482338297,Eye Tracker,Participant0058,17.09.2021,Participant0058,Recording4,17.09.2021,17.09.2021,14:48:45.713,12:48:45.713,64514,Timeline2,Tobii I-VT (Fixation),1.145.28180,1080,1920,"10,00",710929956.0,,,957.0,337.0,959.0,329.0,954.0,346.0,"0,05667","-0,02099","-0,99817","-0,05989","-0,01140","-0,99814",,,Valid,Valid,"233,7","100,9","514,8","292,2","100,4","513,8","262,9","90,0","261,4","94,6","0,4972","0,3122","0,4995","0,3046","0,4949","0,3199",thumbnail_grossTrial,thumbnail_grossTrial.png,1245.0,1080.0,337.0,0.0,798.0,692.0,Fixation,2000.0,83.0,968.0,328.0,"0,5061","0,3033",,
28679,43075345,1400482346632,Eye Tracker,Participant0058,17.09.2021,Participant0058,Recording4,17.09.2021,17.09.2021,14:48:45.713,12:48:45.713,64514,Timeline2,Tobii I-VT (Fixation),1.145.28180,1080,1920,"10,00",710938290.0,,,954.0,345.0,,,954.0,345.0,,,,"-0,05980","-0,01134","-0,99815",,"4,44",Invalid,Valid,,,,"292,2","100,4","513,7",,,"261,5","94,5","0,4952","0,3198",,,"0,4952","0,3198",thumbnail_grossTrial,thumbnail_grossTrial.png,1245.0,1080.0,337.0,0.0,798.0,692.0,Fixation,2000.0,83.0,968.0,328.0,"0,5061","0,3033",,
28680,43083674,1400482354961,Eye Tracker,Participant0058,17.09.2021,Participant0058,Recording4,17.09.2021,17.09.2021,14:48:45.713,12:48:45.713,64514,Timeline2,Tobii I-VT (Fixation),1.145.28180,1080,1920,"10,00",710946620.0,,,964.0,323.0,949.0,318.0,979.0,328.0,"0,05130","-0,02698","-0,99832","-0,04674","-0,02060","-0,99869",,,Valid,Valid,"233,8","100,9","514,8","292,2","100,4","513,7","260,2","87,0","268,2","89,8","0,5032","0,2991","0,4915","0,2942","0,5149","0,3039",thumbnail_grossTrial,thumbnail_grossTrial.png,1245.0,1080.0,337.0,0.0,798.0,692.0,Fixation,2000.0,83.0,968.0,328.0,"0,5061","0,3033",,
28681,43092007,1400482363294,Eye Tracker,Participant0058,17.09.2021,Participant0058,Recording4,17.09.2021,17.09.2021,14:48:45.713,12:48:45.713,64514,Timeline2,Tobii I-VT (Fixation),1.145.28180,1080,1920,"10,00",710954952.0,,,962.0,324.0,950.0,315.0,974.0,332.0,"0,05187","-0,02822","-0,99825","-0,04907","-0,01856","-0,99862",,,Valid,Valid,"233,7","100,9","514,8","292,2","100,4","513,7","260,5","86,3","267,0","90,9","0,5018","0,2998","0,4923","0,2921","0,5113","0,3075",thumbnail_grossTrial,thumbnail_grossTrial.png,1245.0,1080.0,337.0,0.0,798.0,692.0,Fixation,2000.0,83.0,968.0,328.0,"0,5061","0,3033",,
28682,43100343,1400482371630,Eye Tracker,Participant0058,17.09.2021,Participant0058,Recording4,17.09.2021,17.09.2021,14:48:45.713,12:48:45.713,64514,Timeline2,Tobii I-VT (Fixation),1.145.28180,1080,1920,"10,00",710963288.0,,,974.0,333.0,,,974.0,333.0,,,,"-0,04918","-0,01792","-0,99863",,"4,44",Invalid,Valid,,,,"292,2","100,4","513,7",,,"266,9","91,2","0,5112","0,3084",,,"0,5112","0,3084",thumbnail_grossTrial,thumbnail_grossTrial.png,1245.0,1080.0,337.0,0.0,798.0,692.0,Fixation,2000.0,83.0,968.0,328.0,"0,5061","0,3033",,
28683,43108671,1400482379958,Eye Tracker,Participant0058,17.09.2021,Participant0058,Recording4,17.09.2021,17.09.2021,14:48:45.713,12:48:45.713,64514,Timeline2,Tobii I-VT (Fixation),1.145.28180,1080,1920,"10,00",710971616.0,,,970.0,328.0,968.0,323.0,973.0,333.0,"0,06101","-0,02398","-0,99785","-0,04984","-0,01829","-0,99859",,,Valid,Valid,"233,8","100,9","514,8","292,2","100,4","513,6","265,2","88,5","266,6","91,0","0,5083","0,3037","0,5063","0,2994","0,5102","0,3080",thumbnail_grossTrial,thumbnail_grossTrial.png,1245.0,1080.0,337.0,0.0,798.0,692.0,Fixation,2000.0,83.0,968.0,328.0,"0,5061","0,3033",,
28684,43117078,1400482388365,Eye Tracker,Participant0058,17.09.2021,Participant0058,Recording4,17.09.2021,17.09.2021,14:48:45.713,12:48:45.713,64514,Timeline2,Tobii I-VT (Fixation),1.145.28180,1080,1920,"10,00",710980023.0,,,969.0,330.0,966.0,328.0,973.0,333.0,"0,06001","-0,02164","-0,99796","-0,04988","-0,01826","-0,99859",,,Valid,Valid,"233,7","100,8","514,8","292,2","100,5","513,7","264,7","89,7","266,5","91,1","0,5073","0,3058","0,5046","0,3034","0,5100","0,3081",thumbnail_grossTrial,thumbnail_grossTrial.png,1245.0,1080.0,337.0,0.0,798.0,692.0,Fixation,2000.0,83.0,968.0,328.0,"0,5061","0,3033",,
28685,43125339,1400482396626,Eye Tracker,Participant0058,17.09.2021,Participant0058,Recording4,17.09.2021,17.09.2021,14:48:45.713,12:48:45.713,64514,Timeline2,Tobii I-VT (Fixation),1.145.28180,1080,1920,"10,00",710988283.0,,,982.0,340.0,,,982.0,340.0,,,,"-0,04495","-0,01397","-0,99889",,"4,84",Invalid,Valid,,,,"292,2","100,3","513,6",,,"269,1","93,1","0,5176","0,3151",,,"0,5176","0,3151",thumbnail_grossTrial,thumbnail_grossTrial.png,1245.0,1080.0,337.0,0.0,798.0,692.0,Fixation,2000.0,83.0,968.0,328.0,"0,5061","0,3033",,
28686,43133669,1400482404956,Eye Tracker,Participant0058,17.09.2021,Participant0058,Recording4,17.09.2021,17.09.2021,14:48:45.713,12:48:45.713,64514,Timeline2,Tobii I-VT (Fixation),1.145.28180,1080,1920,"10,00",710996613.0,,,971.0,341.0,963.0,340.0,980.0,342.0,"0,05834","-0,01529","-0,99818","-0,04608","-0,01331","-0,99885",,,Valid,Valid,"233,8","100,8","514,9","292,3","100,4","513,6","263,9","92,9","268,6","93,6","0,5091","0,3155","0,5023","0,3144","0,5160","0,3167",thumbnail_grossTrial,thumbnail_grossTrial.png,1245.0,1080.0,337.0,0.0,798.0,692.0,Fixation,2000.0,83.0,968.0,328.0,"0,5061","0,3033",,
28687,43142030,1400482413317,Eye Tracker,Participant0058,17.09.2021,Participant0058,Recording4,17.09.2021,17.09.2021,14:48:45.713,12:48:45.713,64514,Timeline2,Tobii I-VT (Fixation),1.145.28180,1080,1920,"10,00",711004974.0,,,974.0,340.0,966.0,338.0,982.0,341.0,"0,06011","-0,01596","-0,99806","-0,04475","-0,01376","-0,99890",,,Valid,Valid,"233,7","100,8","515,0","292,2","100,5","513,7","264,7","92,5","269,2","93,4","0,5113","0,3145","0,5048","0,3131","0,5178","0,3159",thumbnail_grossTrial,thumbnail_grossTrial.png,1245.0,1080.0,337.0,0.0,798.0,692.0,Fixation,2000.0,83.0,968.0,328.0,"0,5061","0,3033",,
28688,43150365,1400482421652,Eye Tracker,Participant0058,17.09.2021,Participant0058,Recording4,17.09.2021,17.09.2021,14:48:45.713,12:48:45.713,64514,Timeline2,Tobii I-VT (Fixation),1.145.28180,1080,1920,"10,00",711013309.0,,,977.0,330.0,,,977.0,330.0,,,,"-0,04777","-0,01962","-0,99867",,"4,45",Invalid,Valid,,,,"292,2","100,4","513,7",,,"267,7","90,3","0,5134","0,3055",,,"0,5134","0,3055",thumbnail_grossTrial,thumbnail_grossTrial.png,1245.0,1080.0,337.0,0.0,798.0,692.0,Fixation,2000.0,83.0,968.0,328.0,"0,5061","0,3033",,
28689,43158715,1400482430002,Eye Tracker,Participant0058,17.09.2021,Participant0058,Recording4,17.09.2021,17.09.2021,14:48:45.713,12:48:45.713,64514,Timeline2,Tobii I-VT (Fixation),1.145.28180,1080,1920,"10,00",711021658.0,,,973.0,325.0,970.0,324.0,977.0,326.0,"0,06186","-0,02337","-0,99781","-0,04743","-0,02157","-0,99864",,,Valid,Valid,"233,8","100,7","515,1","292,3","100,4","513,6","265,7","88,7","267,9","89,3","0,5108","0,3011","0,5076","0,2999","0,5139","0,3023",thumbnail_grossTrial,thumbnail_grossTrial.png,1245.0,1080.0,337.0,0.0,798.0,692.0,Fixation,2000.0,83.0,968.0,328.0,"0,5061","0,3033",,
28690,43167013,1400482438300,Eye Tracker,Participant0058,17.09.2021,Participant0058,Recording4,17.09.2021,17.09.2021,14:48:45.713,12:48:45.713,64514,Timeline2,Tobii I-VT (Fixation),1.145.28180,1080,1920,"10,00",711029956.0,,,974.0,322.0,970.0,325.0,978.0,319.0,"0,06206","-0,02253","-0,99782","-0,04673","-0,02538","-0,99859",,,Valid,Valid,"233,7","100,7","515,2","292,2","100,4","513,7","265,8","89,1","268,2","87,4","0,5113","0,2985","0,5078","0,3013","0,5148","0,2957",thumbnail_grossTrial,thumbnail_grossTrial.png,1245.0,1080.0,337.0,0.0,798.0,692.0,Fixation,2000.0,83.0,968.0,328.0,"0,5061","0,3033",,
28691,43175387,1400482446674,Eye Tracker,Participant0058,17.09.2021,Participant0058,Recording4,17.09.2021,17.09.2021,14:48:45.713,12:48:45.713,64514,Timeline2,Tobii I-VT (Fixation),1.145.28180,1080,1920,"10,00",711038330.0,,,978.0,320.0,,,978.0,320.0,,,,"-0,04729","-0,02497","-0,99857",,"4,44",Invalid,Valid,,,,"292,2","100,4","513,7",,,"267,9","87,5","0,5141","0,2961",,,"0,5141","0,2961",thumbnail_grossTrial,thumbnail_grossTrial.png,1245.0,1080.0,337.0,0.0,798.0,692.0,Fixation,2000.0,83.0,968.0,328.0,"0,5061","0,3033",,
28692,43183667,1400482454954,Eye Tracker,Participant0058,17.09.2021,Participant0058,Recording4,17.09.2021,17.09.2021,14:48:45.713,12:48:45.713,64514,Timeline2,Tobii I-VT (Fixation),1.145.28180,1080,1920,"10,00",711046610.0,,,973.0,323.0,963.0,325.0,983.0,321.0,"0,05836","-0,02269","-0,99804","-0,04448","-0,02423","-0,99872",,,Valid,Valid,"233,8","100,6","515,3","292,2","100,4","513,7","263,9","88,9","269,4","88,0","0,5103","0,2992","0,5024","0,3008","0,5183","0,2976",thumbnail_grossTrial,thumbnail_grossTrial.png,1245.0,1080.0,337.0,0.0,798.0,692.0,Fixation,2000.0,83.0,968.0,328.0,"0,5061","0,3033",,
28693,43192028,1400482463315,Eye Tracker,Participant0058,17.09.2021,Participant0058,Recording4,17.09.2021,17.09.2021,14:48:45.713,12:48:45.713,64514,Timeline2,Tobii I-VT (Fixation),1.145.28180,1080,1920,"10,00",711054970.0,,,970.0,331.0,959.0,331.0,981.0,331.0,"0,05629","-0,01945","-0,99823","-0,04541","-0,01927","-0,99878",,,Valid,Valid,"233,7","100,6","515,4","292,2","100,4","513,7","262,8","90,5","268,8","90,5","0,5079","0,3063","0,4990","0,3064","0,5168","0,3062",thumbnail_grossTrial,thumbnail_grossTrial.png,1245.0,1080.0,337.0,0.0,798.0,692.0,Fixation,2000.0,83.0,968.0,328.0,"0,5061","0,3033",,
28694,43200364,1400482471651,Eye Tracker,Participant0058,17.09.2021,Participant0058,Recording4,17.09.2021,17.09.2021,14:48:45.713,12:48:45.713,64514,Timeline2,Tobii I-VT (Fixation),1.145.28180,1080,1920,"10,00",711063306.0,,,983.0,331.0,,,983.0,331.0,,,,"-0,04458","-0,01875","-0,99883",,"4,86",Invalid,Valid,,,,"292,2","100,3","513,8",,,"269,3","90,7","0,5181","0,3069",,,"0,5181","0,3069",thumbnail_grossTrial,thumbnail_grossTrial.png,1245.0,1080.0,337.0,0.0,798.0,692.0,Fixation,2000.0,83.0,968.0,328.0,"0,5061","0,3033",,
28695,43208700,1400482479987,Eye Tracker,Participant0058,17.09.2021,Participant0058,Recording4,17.09.2021,17.09.2021,14:48:45.713,12:48:45.713,64514,Timeline2,Tobii I-VT (Fixation),1.145.28180,1080,1920,"10,00",711071642.0,,,972.0,338.0,966.0,350.0,977.0,327.0,"0,06020","-0,00946","-0,99814","-0,04740","-0,02101","-0,99866",,,Valid,Valid,"233,7","100,5","515,5","292,2","100,4","513,7","264,8","95,7","267,9","89,6","0,5095","0,3134","0,5051","0,3236","0,5139","0,3031",thumbnail_grossTrial,thumbnail_grossTrial.png,1245.0,1080.0,337.0,0.0,798.0,692.0,Fixation,2000.0,83.0,968.0,328.0,"0,5061","0,3033",,
28696,43216996,1400482488283,Eye Tracker,Participant0058,17.09.2021,Participant0058,Recording4,17.09.2021,17.09.2021,14:48:45.713,12:48:45.713,64514,Timeline2,Tobii I-VT (Fixation),1.145.28180,1080,1920,"10,00",711079937.0,,,975.0,332.0,969.0,339.0,980.0,326.0,"0,06186","-0,01503","-0,99797","-0,04572","-0,02190","-0,99871",,,Valid,Valid,"233,7","100,5","515,6","292,2","100,4","513,8","265,6","92,8","268,7","89,1","0,5118","0,3077","0,5074","0,3139","0,5163","0,3016",thumbnail_grossTrial,thumbnail_grossTrial.png,1245.0,1080.0,337.0,0.0,798.0,692.0,Fixation,2000.0,83.0,968.0,328.0,"0,5061","0,3033",,
28697,43225376,1400482496663,Eye Tracker,Participant0058,17.09.2021,Participant0058,Recording4,17.09.2021,17.09.2021,14:48:45.713,12:48:45.713,64514,Timeline2,Tobii I-VT (Fixation),1.145.28180,1080,1920,"10,00",711088317.0,,,981.0,328.0,,,981.0,328.0,,,,"-0,04547","-0,02042","-0,99876",,"4,87",Invalid,Valid,,,,"292,2","100,3","513,8",,,"268,8","89,8","0,5168","0,3039",,,"0,5168","0,3039",thumbnail_grossTrial,thumbnail_grossTrial.png,1245.0,1080.0,337.0,0.0,798.0,692.0,Fixation,2000.0,83.0,968.0,328.0,"0,5061","0,3033",,
28698,43233676,1400482504963,Eye Tracker,Participant0058,17.09.2021,Participant0058,Recording4,17.09.2021,17.09.2021,14:48:45.713,12:48:45.713,64514,Timeline2,Tobii I-VT (Fixation),1.145.28180,1080,1920,"10,00",711096617.0,,,973.0,326.0,962.0,320.0,985.0,331.0,"0,05774","-0,02492","-0,99802","-0,04319","-0,01912","-0,99888",,,Valid,Valid,"233,7","100,5","515,7","292,2","100,4","513,8","263,6","87,6","270,0","90,6","0,5108","0,3015","0,5014","0,2966","0,5202","0,3064",thumbnail_grossTrial,thumbnail_grossTrial.png,1245.0,1080.0,337.0,0.0,798.0,692.0,Fixation,2000.0,83.0,968.0,328.0,"0,5061","0,3033",,
28699,43242040,1400482513327,Eye Tracker,Participant0058,17.09.2021,Participant0058,Recording4,17.09.2021,17.09.2021,14:48:45.713,12:48:45.713,64514,Timeline2,Tobii I-VT (Fixation),1.145.28180,1080,1920,"10,00",711104981.0,,,978.0,328.0,969.0,328.0,986.0,328.0,"0,06185","-0,02074","-0,99787","-0,04263","-0,02057","-0,99888",,,Valid,Valid,"233,7","100,5","515,7","292,2","100,4","513,8","265,6","89,8","270,2","89,8","0,5142","0,3039","0,5074","0,3038","0,5209","0,3039",thumbnail_grossTrial,thumbnail_grossTrial.png,1245.0,1080.0,337.0,0.0,798.0,692.0,Fixation,2000.0,83.0,968.0,328.0,"0,5061","0,3033",,
28700,43250376,1400482521663,Eye Tracker,Participant0058,17.09.2021,Participant0058,Recording4,17.09.2021,17.09.2021,14:48:45.713,12:48:45.713,64514,Timeline2,Tobii I-VT (Fixation),1.145.28180,1080,1920,"10,00",711113316.0,,,,,,,,,,,,,,,,,Invalid,Invalid,,,,,,,,,,,,,,,,,thumbnail_grossTrial,thumbnail_grossTrial.png,1245.0,1080.0,337.0,0.0,798.0,692.0,Fixation,2000.0,83.0,968.0,328.0,"0,5061","0,3033",,
28701,43258701,1400482529988,Eye Tracker,Participant0058,17.09.2021,Participant0058,Recording4,17.09.2021,17.09.2021,14:48:45.713,12:48:45.713,64514,Timeline2,Tobii I-VT (Fixation),1.145.28180,1080,1920,"10,00",711121641.0,,,977.0,328.0,971.0,330.0,984.0,327.0,"0,06250","-0,02002","-0,99784","-0,04370","-0,02146","-0,99881",,,Valid,Valid,"233,7","100,5","515,6","292,2","100,4","513,8","266,0","90,2","269,8","89,4","0,5140","0,3037","0,5086","0,3051","0,5195","0,3023",thumbnail_grossTrial,thumbnail_grossTrial.png,1245.0,1080.0,337.0,0.0,798.0,692.0,Fixation,2000.0,83.0,968.0,328.0,"0,5061","0,3033",,
28702,43267110,1400482538397,Eye Tracker,Participant0058,17.09.2021,Participant0058,Recording4,17.09.2021,17.09.2021,14:48:45.713,12:48:45.713,64514,Timeline2,Tobii I-VT (Fixation),1.145.28180,1080,1920,"10,00",711130050.0,,,980.0,320.0,977.0,322.0,983.0,318.0,"0,06568","-0,02382","-0,99756","-0,04410","-0,02575","-0,99870",,,Valid,Valid,"233,7","100,5","515,6","292,2","100,4","513,8","267,6","88,2","269,5","87,1","0,5160","0,2967","0,5133","0,2985","0,5187","0,2949",thumbnail_grossTrial,thumbnail_grossTrial.png,1245.0,1080.0,337.0,0.0,798.0,692.0,Fixation,2000.0,83.0,968.0,328.0,"0,5061","0,3033",,
28703,43275365,1400482546652,Eye Tracker,Participant0058,17.09.2021,Participant0058,Recording4,17.09.2021,17.09.2021,14:48:45.713,12:48:45.713,64514,Timeline2,Tobii I-VT (Fixation),1.145.28180,1080,1920,"10,00",711138305.0,,,980.0,316.0,,,980.0,316.0,,,,"-0,04588","-0,02707","-0,99858",,"4,44",Invalid,Valid,,,,"292,2","100,3","513,9",,,"268,6","86,4","0,5162","0,2923",,,"0,5162","0,2923",thumbnail_grossTrial,thumbnail_grossTrial.png,1245.0,1080.0,337.0,0.0,798.0,692.0,Fixation,2000.0,83.0,968.0,328.0,"0,5061","0,3033",,
28704,43283685,1400482554972,Eye Tracker,Participant0058,17.09.2021,Participant0058,Recording4,17.09.2021,17.09.2021,14:48:45.713,12:48:45.713,64514,Timeline2,Tobii I-VT (Fixation),1.145.28180,1080,1920,"10,00",711146625.0,,,977.0,317.0,974.0,318.0,980.0,315.0,"0,06406","-0,02596","-0,99761","-0,04591","-0,02734","-0,99857",,,Valid,Valid,"233,8","100,6","515,5","292,3","100,4","513,8","266,9","87,2","268,6","86,3","0,5136","0,2935","0,5110","0,2949","0,5162","0,2921",thumbnail_grossTrial,thumbnail_grossTrial.png,1245.0,1080.0,337.0,0.0,798.0,692.0,Fixation,2000.0,83.0,968.0,328.0,"0,5061","0,3033",,
28705,43292019,1400482563306,Eye Tracker,Participant0058,17.09.2021,Participant0058,Recording4,17.09.2021,17.09.2021,14:48:45.713,12:48:45.713,64514,Timeline2,Tobii I-VT (Fixation),1.145.28180,1080,1920,"10,00",711154958.0,,,971.0,320.0,969.0,308.0,974.0,333.0,"0,06148","-0,03138","-0,99761","-0,04928","-0,01820","-0,99862",,,Valid,Valid,"233,7","100,6","515,5","292,2","100,4","513,9","265,5","84,4","266,8","91,0","0,5089","0,2967","0,5069","0,2855","0,5110","0,3080",thumbnail_grossTrial,thumbnail_grossTrial.png,1245.0,1080.0,337.0,0.0,798.0,692.0,Fixation,2000.0,83.0,968.0,328.0,"0,5061","0,3033",,
28706,43300355,1400482571642,Eye Tracker,Participant0058,17.09.2021,Participant0058,Recording4,17.09.2021,17.09.2021,14:48:45.713,12:48:45.713,64514,Timeline2,Tobii I-VT (Fixation),1.145.28180,1080,1920,"10,00",711163294.0,,,975.0,332.0,,,975.0,332.0,,,,"-0,04885","-0,01823","-0,99864",,"4,44",Invalid,Valid,,,,"292,3","100,3","513,9",,,"267,1","90,9","0,5118","0,3077",,,"0,5118","0,3077",thumbnail_grossTrial,thumbnail_grossTrial.png,1245.0,1080.0,337.0,0.0,798.0,692.0,Fixation,2000.0,83.0,968.0,328.0,"0,5061","0,3033",,
28707,43308721,1400482580008,Eye Tracker,Participant0058,17.09.2021,Participant0058,Recording4,17.09.2021,17.09.2021,14:48:45.713,12:48:45.713,64514,Timeline2,Tobii I-VT (Fixation),1.145.28180,1080,1920,"10,00",711171660.0,,,971.0,323.0,970.0,315.0,972.0,331.0,"0,06228","-0,02786","-0,99767","-0,05002","-0,01907","-0,99857",,,Valid,Valid,"233,8","100,6","515,4","292,3","100,4","513,8","265,9","86,2","266,5","90,6","0,5092","0,2991","0,5083","0,2917","0,5100","0,3064",thumbnail_grossTrial,thumbnail_grossTrial.png,1245.0,1080.0,337.0,0.0,798.0,692.0,Fixation,2000.0,83.0,968.0,328.0,"0,5061","0,3033",,
28708,43317091,1400482588378,Eye Tracker,Participant0058,17.09.2021,Participant0058,Recording4,17.09.2021,17.09.2021,14:48:45.713,12:48:45.713,64514,Timeline2,Tobii I-VT (Fixation),1.145.28180,1080,1920,"10,00",711180030.0,,,968.0,333.0,966.0,338.0,969.0,329.0,"0,06019","-0,01592","-0,99806","-0,05165","-0,01994","-0,99847",,,Valid,Valid,"233,7","100,6","515,3","292,2","100,4","513,9","264,8","92,4","265,6","90,1","0,5062","0,3088","0,5049","0,3126","0,5074","0,3049",thumbnail_grossTrial,thumbnail_grossTrial.png,1245.0,1080.0,337.0,0.0,798.0,692.0,Fixation,2000.0,83.0,968.0,328.0,"0,5061","0,3033",,
28709,43325323,1400482596610,Eye Tracker,Participant0058,17.09.2021,Participant0058,Recording4,17.09.2021,17.09.2021,14:48:45.713,12:48:45.713,64514,Timeline2,Tobii I-VT (Fixation),1.145.28180,1080,1920,"10,00",711188262.0,,,968.0,328.0,,,968.0,328.0,,,,"-0,05221","-0,02059","-0,99842",,"4,45",Invalid,Valid,,,,"292,3","100,3","513,9",,,"265,4","89,7","0,5067","0,3035",,,"0,5067","0,3035",thumbnail_grossTrial,thumbnail_grossTrial.png,1245.0,1080.0,337.0,0.0,798.0,692.0,Fixation,2000.0,83.0,968.0,328.0,"0,5061","0,3033",,
28710,43333664,1400482604951,Eye Tracker,Participant0058,17.09.2021,Participant0058,Recording4,17.09.2021,17.09.2021,14:48:45.713,12:48:45.713,64514,Timeline2,Tobii I-VT (Fixation),1.145.28180,1080,1920,"10,00",711196602.0,,,966.0,333.0,961.0,336.0,971.0,331.0,"0,05733","-0,01706","-0,99821","-0,05078","-0,01890","-0,99853",,,Valid,Valid,"233,8","100,7","515,3","292,3","100,3","513,9","263,4","91,8","266,1","90,6","0,5048","0,3087","0,5008","0,3107","0,5089","0,3066",thumbnail_grossTrial,thumbnail_grossTrial.png,1245.0,1080.0,337.0,0.0,798.0,692.0,Fixation,2000.0,83.0,968.0,328.0,"0,5061","0,3033",,
28711,43342056,1400482613343,Eye Tracker,Participant0058,17.09.2021,Participant0058,Recording4,17.09.2021,17.09.2021,14:48:45.713,12:48:45.713,64514,Timeline2,Tobii I-VT (Fixation),1.145.28180,1080,1920,"10,00",711204994.0,,,962.0,319.0,954.0,308.0,971.0,330.0,"0,05355","-0,03149","-0,99807","-0,05072","-0,01927","-0,99853",,,Valid,Valid,"233,7","100,7","515,2","292,2","100,3","513,9","261,3","84,4","266,1","90,4","0,5018","0,2958","0,4948","0,2856","0,5088","0,3059",thumbnail_grossTrial,thumbnail_grossTrial.png,1245.0,1080.0,337.0,0.0,798.0,692.0,Fixation,2000.0,83.0,968.0,328.0,"0,5061","0,3033",,
28712,43350358,1400482621645,Eye Tracker,Participant0058,17.09.2021,Participant0058,Recording4,17.09.2021,17.09.2021,14:48:45.713,12:48:45.713,64514,Timeline2,Tobii I-VT (Fixation),1.145.28180,1080,1920,"10,00",711213296.0,,,972.0,338.0,,,972.0,338.0,,,,"-0,05044","-0,01503","-0,99861",,"4,85",Invalid,Valid,,,,"292,3","100,3","514,0",,,"266,3","92,5","0,5093","0,3130",,,"0,5093","0,3130",thumbnail_grossTrial,thumbnail_grossTrial.png,1245.0,1080.0,337.0,0.0,798.0,692.0,Fixation,2000.0,83.0,968.0,328.0,"0,5061","0,3033",,
28713,43358739,1400482630026,Eye Tracker,Participant0058,17.09.2021,Participant0058,Recording4,17.09.2021,17.09.2021,14:48:45.713,12:48:45.713,64514,Timeline2,Tobii I-VT (Fixation),1.145.28180,1080,1920,"10,00",711221677.0,,,966.0,329.0,953.0,314.0,979.0,344.0,"0,05306","-0,02844","-0,99819","-0,04659","-0,01191","-0,99884",,,Valid,Valid,"233,8","100,7","515,2","292,3","100,3","513,9","261,1","86,0","268,3","94,2","0,5047","0,3048","0,4943","0,2909","0,5152","0,3187",thumbnail_grossTrial,thumbnail_grossTrial.png,1245.0,1080.0,337.0,0.0,798.0,692.0,Fixation,2000.0,83.0,968.0,328.0,"0,5061","0,3033",,
28714,43367069,1400482638356,Eye Tracker,Participant0058,17.09.2021,Participant0058,Recording4,17.09.2021,17.09.2021,14:48:45.713,12:48:45.713,64514,Timeline2,Tobii I-VT (Fixation),1.145.28180,1080,1920,"10,00",711230006.0,,,963.0,336.0,955.0,321.0,970.0,352.0,"0,05452","-0,02502","-0,99820","-0,05112","-0,00754","-0,99866",,,Valid,Valid,"233,7","100,7","515,2","292,2","100,3","513,9","261,8","87,8","265,9","96,4","0,5022","0,3116","0,4963","0,2969","0,5082","0,3262",thumbnail_grossTrial,thumbnail_grossTrial.png,1245.0,1080.0,337.0,0.0,798.0,692.0,Fixation,2000.0,83.0,968.0,328.0,"0,5061","0,3033",,
28715,43375318,1400482646605,Eye Tracker,Participant0058,17.09.2021,Participant0058,Recording4,17.09.2021,17.09.2021,14:48:45.713,12:48:45.713,64514,Timeline2,Tobii I-VT (Fixation),1.145.28180,1080,1920,"10,00",711238255.0,,,976.0,337.0,,,976.0,337.0,,,,"-0,04838","-0,01578","-0,99870",,"4,44",Invalid,Valid,,,,"292,3","100,2","514,0",,,"267,4","92,1","0,5125","0,3116",,,"0,5125","0,3116",thumbnail_grossTrial,thumbnail_grossTrial.png,1245.0,1080.0,337.0,0.0,798.0,692.0,Fixation,2000.0,83.0,968.0,328.0,"0,5061","0,3033",,
28716,43383696,1400482654983,Eye Tracker,Participant0058,17.09.2021,Participant0058,Recording4,17.09.2021,17.09.2021,14:48:45.713,12:48:45.713,64514,Timeline2,Tobii I-VT (Fixation),1.145.28180,1080,1920,"10,00",711246633.0,,,970.0,318.0,963.0,318.0,977.0,318.0,"0,05838","-0,02659","-0,99794","-0,04761","-0,02577","-0,99853",,,Valid,Valid,"233,7","100,6","515,1","292,3","100,3","513,9","263,9","86,9","267,8","87,0","0,5079","0,2942","0,5023","0,2941","0,5136","0,2944",thumbnail_grossTrial,thumbnail_grossTrial.png,1245.0,1080.0,337.0,0.0,798.0,692.0,Fixation,2000.0,83.0,968.0,328.0,"0,5061","0,3033",,
28717,43391982,1400482663269,Eye Tracker,Participant0058,17.09.2021,Participant0058,Recording4,17.09.2021,17.09.2021,14:48:45.713,12:48:45.713,64514,Timeline2,Tobii I-VT (Fixation),1.145.28180,1080,1920,"10,00",711254918.0,,,966.0,314.0,957.0,310.0,976.0,319.0,"0,05521","-0,03057","-0,99801","-0,04808","-0,02536","-0,99852",,,Valid,Valid,"233,7","100,7","515,2","292,2","100,3","513,9","262,2","84,9","267,5","87,2","0,5050","0,2911","0,4973","0,2872","0,5127","0,2951",thumbnail_grossTrial,thumbnail_grossTrial.png,1245.0,1080.0,337.0,0.0,798.0,692.0,Fixation,2000.0,83.0,968.0,328.0,"0,5061","0,3033",,
28718,43400361,1400482671648,Eye Tracker,Participant0058,17.09.2021,Participant0058,Recording4,17.09.2021,17.09.2021,14:48:45.713,12:48:45.713,64514,Timeline2,Tobii I-VT (Fixation),1.145.28180,1080,1920,"10,00",711263297.0,,,976.0,317.0,,,976.0,317.0,,,,"-0,04791","-0,02593","-0,99852",,"4,43",Invalid,Valid,,,,"292,3","100,2","513,9",,,"267,6","86,9","0,5132","0,2939",,,"0,5132","0,2939",thumbnail_grossTrial,thumbnail_grossTrial.png,1245.0,1080.0,337.0,0.0,798.0,692.0,Fixation,2000.0,83.0,968.0,328.0,"0,5061","0,3033",,
28719,43408657,1400482679944,Eye Tracker,Participant0058,17.09.2021,Participant0058,Recording4,17.09.2021,17.09.2021,14:48:45.713,12:48:45.713,64514,Timeline2,Tobii I-VT (Fixation),1.145.28180,1080,1920,"10,00",711271593.0,,,962.0,317.0,950.0,304.0,974.0,330.0,"0,05131","-0,03382","-0,99811","-0,04915","-0,01959","-0,99860",,,Valid,Valid,"233,8","100,6","515,1","292,2","100,3","513,9","260,2","83,2","267,0","90,2","0,5014","0,2933","0,4916","0,2814","0,5113","0,3052",thumbnail_grossTrial,thumbnail_grossTrial.png,1245.0,1080.0,337.0,0.0,798.0,692.0,Fixation,2000.0,83.0,968.0,328.0,"0,5061","0,3033",,
28720,43417034,1400482688321,Eye Tracker,Participant0058,17.09.2021,Participant0058,Recording4,17.09.2021,17.09.2021,14:48:45.713,12:48:45.713,64514,Timeline2,Tobii I-VT (Fixation),1.145.28180,1080,1920,"10,00",711279970.0,,,963.0,330.0,952.0,324.0,974.0,336.0,"0,05300","-0,02310","-0,99833","-0,04890","-0,01614","-0,99867",,,Valid,Valid,"233,7","100,6","515,2","292,2","100,3","513,9","261,1","88,7","267,0","92,0","0,5028","0,3057","0,4940","0,3002","0,5115","0,3112",thumbnail_grossTrial,thumbnail_grossTrial.png,1245.0,1080.0,337.0,0.0,798.0,692.0,Fixation,2000.0,83.0,968.0,328.0,"0,5061","0,3033",,
28721,43425368,1400482696655,Eye Tracker,Participant0058,17.09.2021,Participant0058,Recording4,17.09.2021,17.09.2021,14:48:45.713,12:48:45.713,64514,Timeline2,Tobii I-VT (Fixation),1.145.28180,1080,1920,"10,00",711288303.0,,,982.0,339.0,,,982.0,339.0,,,,"-0,04476","-0,01462","-0,99889",,"4,84",Invalid,Valid,,,,"292,3","100,2","513,9",,,"269,2","92,7","0,5180","0,3136",,,"0,5180","0,3136",thumbnail_grossTrial,thumbnail_grossTrial.png,1245.0,1080.0,337.0,0.0,798.0,692.0,Fixation,2000.0,83.0,968.0,328.0,"0,5061","0,3033",,
28722,43433653,1400482704940,Eye Tracker,Participant0058,17.09.2021,Participant0058,Recording4,17.09.2021,17.09.2021,14:48:45.713,12:48:45.713,64514,Timeline2,Tobii I-VT (Fixation),1.145.28180,1080,1920,"10,00",711296588.0,,,967.0,325.0,951.0,318.0,982.0,332.0,"0,05201","-0,02639","-0,99830","-0,04482","-0,01823","-0,99883",,,Valid,Valid,"233,8","100,6","515,1","292,3","100,3","513,9","260,6","87,0","269,2","90,9","0,5053","0,3010","0,4927","0,2944","0,5179","0,3076",thumbnail_grossTrial,thumbnail_grossTrial.png,1245.0,1080.0,337.0,0.0,798.0,692.0,Fixation,2000.0,83.0,968.0,328.0,"0,5061","0,3033",,
28723,43442029,1400482713316,Eye Tracker,Participant0058,17.09.2021,Participant0058,Recording4,17.09.2021,17.09.2021,14:48:45.713,12:48:45.713,64514,Timeline2,Tobii I-VT (Fixation),1.145.28180,1080,1920,"10,00",711304964.0,,,965.0,314.0,943.0,304.0,986.0,325.0,"0,04802","-0,03390","-0,99827","-0,04271","-0,02205","-0,99884",,,Valid,Valid,"233,7","100,6","515,2","292,2","100,3","513,9","258,5","83,1","270,2","89,0","0,5037","0,2911","0,4865","0,2813","0,5209","0,3010",thumbnail_grossTrial,thumbnail_grossTrial.png,1245.0,1080.0,337.0,0.0,798.0,692.0,Fixation,2000.0,83.0,968.0,328.0,"0,5061","0,3033",,
28724,43450314,1400482721601,Eye Tracker,Participant0058,17.09.2021,Participant0058,Recording4,17.09.2021,17.09.2021,14:48:45.713,12:48:45.713,64514,Timeline2,Tobii I-VT (Fixation),1.145.28180,1080,1920,"10,00",711313249.0,,,,,,,,,,,,,,,,,Invalid,Invalid,,,,,,,,,,,,,,,,,thumbnail_grossTrial,thumbnail_grossTrial.png,1245.0,1080.0,337.0,0.0,798.0,692.0,Fixation,2000.0,83.0,968.0,328.0,"0,5061","0,3033",,
28725,43458680,1400482729967,Eye Tracker,Participant0058,17.09.2021,Participant0058,Recording4,17.09.2021,17.09.2021,14:48:45.713,12:48:45.713,64514,Timeline2,Tobii I-VT (Fixation),1.145.28180,1080,1920,"10,00",711321614.0,,,970.0,326.0,959.0,326.0,981.0,326.0,"0,05623","-0,02196","-0,99818","-0,04570","-0,02174","-0,99872",,,Valid,Valid,"233,8","100,6","515,2","292,3","100,3","513,8","262,8","89,3","268,8","89,1","0,5078","0,3018","0,4991","0,3021","0,5166","0,3015",thumbnail_grossTrial,thumbnail_grossTrial.png,1245.0,1080.0,337.0,0.0,798.0,692.0,Fixation,2000.0,83.0,968.0,328.0,"0,5061","0,3033",,
28726,43467108,1400482738395,Eye Tracker,Participant0058,17.09.2021,Participant0058,Recording4,17.09.2021,17.09.2021,14:48:45.713,12:48:45.713,64514,Timeline2,Tobii I-VT (Fixation),1.145.28180,1080,1920,"10,00",711330042.0,,,969.0,329.0,960.0,330.0,978.0,329.0,"0,05684","-0,02026","-0,99818","-0,04700","-0,01998","-0,99870",,,Valid,Valid,"233,7","100,6","515,2","292,2","100,3","513,9","263,1","90,2","268,0","90,0","0,5072","0,3049","0,4998","0,3051","0,5145","0,3046",thumbnail_grossTrial,thumbnail_grossTrial.png,1245.0,1080.0,337.0,0.0,798.0,692.0,Fixation,2000.0,83.0,968.0,328.0,"0,5061","0,3033",,
28727,43475336,1400482746623,Eye Tracker,Participant0058,17.09.2021,Participant0058,Recording4,17.09.2021,17.09.2021,14:48:45.713,12:48:45.713,64514,Timeline2,Tobii I-VT (Fixation),1.145.28180,1080,1920,"10,00",711338271.0,,,977.0,318.0,,,977.0,318.0,,,,"-0,04780","-0,02601","-0,99852",,"4,87",Invalid,Valid,,,,"292,3","100,3","513,9",,,"267,7","86,9","0,5134","0,2940",,,"0,5134","0,2940",thumbnail_grossTrial,thumbnail_grossTrial.png,1245.0,1080.0,337.0,0.0,798.0,692.0,Fixation,2000.0,83.0,968.0,328.0,"0,5061","0,3033",,
28728,43483652,1400482754939,Eye Tracker,Participant0058,17.09.2021,Participant0058,Recording4,17.09.2021,17.09.2021,14:48:45.713,12:48:45.713,64514,Timeline2,Tobii I-VT (Fixation),1.145.28180,1080,1920,"10,00",711346586.0,,,960.0,320.0,958.0,318.0,962.0,322.0,"0,05597","-0,02642","-0,99808","-0,05537","-0,02379","-0,99818",,,Valid,Valid,"233,8","100,6","515,2","292,3","100,3","513,8","262,7","87,0","263,8","88,1","0,5003","0,2962","0,4987","0,2944","0,5019","0,2980",thumbnail_grossTrial,thumbnail_grossTrial.png,1245.0,1080.0,337.0,0.0,798.0,692.0,Fixation,2000.0,83.0,968.0,328.0,"0,5061","0,3033",,
28729,43491977,1400482763264,Eye Tracker,Participant0058,17.09.2021,Participant0058,Recording4,17.09.2021,17.09.2021,14:48:45.713,12:48:45.713,64514,Timeline2,Tobii I-VT (Fixation),1.145.28180,1080,1920,"10,00",711354911.0,,,962.0,317.0,961.0,313.0,963.0,322.0,"0,05724","-0,02914","-0,99794","-0,05521","-0,02377","-0,99819",,,Valid,Valid,"233,7","100,7","515,2","292,2","100,3","513,9","263,3","85,6","263,8","88,1","0,5012","0,2939","0,5005","0,2897","0,5020","0,2981",thumbnail_grossTrial,thumbnail_grossTrial.png,1245.0,1080.0,337.0,0.0,798.0,692.0,Fixation,2000.0,83.0,968.0,328.0,"0,5061","0,3033",,
28730,43500349,1400482771636,Eye Tracker,Participant0058,17.09.2021,Participant0058,Recording4,17.09.2021,17.09.2021,14:48:45.713,12:48:45.713,64514,Timeline2,Tobii I-VT (Fixation),1.145.28180,1080,1920,"10,00",711363283.0,,,981.0,329.0,,,981.0,329.0,,,,"-0,04573","-0,01974","-0,99876",,"4,44",Invalid,Valid,,,,"292,3","100,3","513,9",,,"268,7","90,1","0,5165","0,3049",,,"0,5165","0,3049",thumbnail_grossTrial,thumbnail_grossTrial.png,1245.0,1080.0,337.0,0.0,798.0,692.0,Fixation,2000.0,83.0,968.0,328.0,"0,5061","0,3033",,
28731,43508666,1400482779953,Eye Tracker,Participant0058,17.09.2021,Participant0058,Recording4,17.09.2021,17.09.2021,14:48:45.713,12:48:45.713,64514,Timeline2,Tobii I-VT (Fixation),1.145.28180,1080,1920,"10,00",711371599.0,,,965.0,318.0,951.0,307.0,979.0,329.0,"0,05210","-0,03203","-0,99813","-0,04640","-0,01989","-0,99872",,,Valid,Valid,"233,8","100,6","515,2","292,3","100,3","513,8","260,7","84,1","268,4","90,1","0,5042","0,2947","0,4929","0,2846","0,5155","0,3049",thumbnail_grossTrial,thumbnail_grossTrial.png,1245.0,1080.0,337.0,0.0,798.0,692.0,Fixation,2000.0,83.0,968.0,328.0,"0,5061","0,3033",,
28732,43517008,1400482788295,Eye Tracker,Participant0058,17.09.2021,Participant0058,Recording4,17.09.2021,17.09.2021,14:48:45.713,12:48:45.713,64514,Timeline2,Tobii I-VT (Fixation),1.145.28180,1080,1920,"10,00",711379941.0,,,965.0,318.0,954.0,314.0,975.0,322.0,"0,05390","-0,02823","-0,99815","-0,04851","-0,02369","-0,99854",,,Valid,Valid,"233,7","100,6","515,3","292,2","100,3","513,9","261,5","86,1","267,2","88,2","0,5037","0,2947","0,4953","0,2912","0,5121","0,2983",thumbnail_grossTrial,thumbnail_grossTrial.png,1245.0,1080.0,337.0,0.0,798.0,692.0,Fixation,2000.0,83.0,968.0,328.0,"0,5061","0,3033",,
28733,43525309,1400482796596,Eye Tracker,Participant0058,17.09.2021,Participant0058,Recording4,17.09.2021,17.09.2021,14:48:45.713,12:48:45.713,64514,Timeline2,Tobii I-VT (Fixation),1.145.28180,1080,1920,"10,00",711388242.0,,,975.0,323.0,,,975.0,323.0,,,,"-0,04890","-0,02333","-0,99853",,"4,45",Invalid,Valid,,,,"292,3","100,3","513,9",,,"267,1","88,3","0,5116","0,2987",,,"0,5116","0,2987",thumbnail_grossTrial,thumbnail_grossTrial.png,1245.0,1080.0,337.0,0.0,798.0,692.0,Fixation,2000.0,83.0,968.0,328.0,"0,5061","0,3033",,
28734,43533635,1400482804922,Eye Tracker,Participant0058,17.09.2021,Participant0058,Recording4,17.09.2021,17.09.2021,14:48:45.713,12:48:45.713,64514,Timeline2,Tobii I-VT (Fixation),1.145.28180,1080,1920,"10,00",711396568.0,,,961.0,321.0,944.0,319.0,978.0,322.0,"0,04841","-0,02577","-0,99850","-0,04715","-0,02351","-0,99861",,,Valid,Valid,"233,8","100,6","515,3","292,3","100,4","513,8","258,8","87,3","268,0","88,3","0,5008","0,2970","0,4873","0,2954","0,5143","0,2986",thumbnail_grossTrial,thumbnail_grossTrial.png,1245.0,1080.0,337.0,0.0,798.0,692.0,Fixation,2000.0,83.0,968.0,328.0,"0,5061","0,3033",,
28735,43541969,1400482813256,Eye Tracker,Participant0058,17.09.2021,Participant0058,Recording4,17.09.2021,17.09.2021,14:48:45.713,12:48:45.713,64514,Timeline2,Tobii I-VT (Fixation),1.145.28180,1080,1920,"10,00",711404901.0,,,960.0,318.0,945.0,311.0,976.0,325.0,"0,04902","-0,02975","-0,99835","-0,04818","-0,02231","-0,99859",,,Valid,Valid,"233,7","100,6","515,4","292,2","100,4","513,9","259,0","85,2","267,4","88,9","0,5003","0,2946","0,4880","0,2884","0,5126","0,3007",thumbnail_grossTrial,thumbnail_grossTrial.png,1245.0,1080.0,337.0,0.0,798.0,692.0,Fixation,2000.0,83.0,968.0,328.0,"0,5061","0,3033",,
28736,43550316,1400482821603,Eye Tracker,Participant0058,17.09.2021,Participant0058,Recording4,17.09.2021,17.09.2021,14:48:45.713,12:48:45.713,64514,Timeline2,Tobii I-VT (Fixation),1.145.28180,1080,1920,"10,00",711413248.0,,,975.0,325.0,,,975.0,325.0,,,,"-0,04887","-0,02218","-0,99856",,"4,87",Invalid,Valid,,,,"292,3","100,3","513,9",,,"267,1","88,9","0,5117","0,3007",,,"0,5117","0,3007",thumbnail_grossTrial,thumbnail_grossTrial.png,1245.0,1080.0,337.0,0.0,798.0,692.0,Fixation,2000.0,83.0,968.0,328.0,"0,5061","0,3033",,
28737,43558673,1400482829960,Eye Tracker,Participant0058,17.09.2021,Participant0058,Recording4,17.09.2021,17.09.2021,14:48:45.713,12:48:45.713,64514,Timeline2,Tobii I-VT (Fixation),1.145.28180,1080,1920,"10,00",711421605.0,,,958.0,314.0,946.0,306.0,970.0,322.0,"0,04958","-0,03273","-0,99823","-0,05106","-0,02365","-0,99842",,,Valid,Valid,"233,8","100,6","515,4","292,3","100,4","513,8","259,4","83,7","266,0","88,2","0,4987","0,2907","0,4891","0,2831","0,5084","0,2984",thumbnail_grossTrial,thumbnail_grossTrial.png,1245.0,1080.0,337.0,0.0,798.0,692.0,Fixation,2000.0,83.0,968.0,328.0,"0,5061","0,3033",,
28738,43566967,1400482838254,Eye Tracker,Participant0058,17.09.2021,Participant0058,Recording4,17.09.2021,17.09.2021,14:48:45.713,12:48:45.713,64514,Timeline2,Tobii I-VT (Fixation),1.145.28180,1080,1920,"10,00",711429898.0,,,964.0,322.0,949.0,317.0,979.0,326.0,"0,05124","-0,02662","-0,99833","-0,04657","-0,02175","-0,99868",,,Valid,Valid,"233,7","100,6","515,5","292,2","100,4","513,8","260,2","86,8","268,2","89,2","0,5032","0,2977","0,4914","0,2937","0,5150","0,3017",thumbnail_grossTrial,thumbnail_grossTrial.png,1245.0,1080.0,337.0,0.0,798.0,692.0,Fixation,2000.0,83.0,968.0,328.0,"0,5061","0,3033",,
28739,43575344,1400482846631,Eye Tracker,Participant0058,17.09.2021,Participant0058,Recording4,17.09.2021,17.09.2021,14:48:45.713,12:48:45.713,64514,Timeline2,Tobii I-VT (Fixation),1.145.28180,1080,1920,"10,00",711438275.0,,,982.0,327.0,,,982.0,327.0,,,,"-0,04515","-0,02087","-0,99876",,"4,86",Invalid,Valid,,,,"292,3","100,3","513,8",,,"269,0","89,6","0,5174","0,3030",,,"0,5174","0,3030",thumbnail_grossTrial,thumbnail_grossTrial.png,1245.0,1080.0,337.0,0.0,798.0,692.0,Fixation,2000.0,83.0,968.0,328.0,"0,5061","0,3033",,
28740,43583676,1400482854963,Eye Tracker,Participant0058,17.09.2021,Participant0058,Recording4,17.09.2021,17.09.2021,14:48:45.713,12:48:45.713,64514,Timeline2,Tobii I-VT (Fixation),1.145.28180,1080,1920,"10,00",711446607.0,,,970.0,320.0,957.0,313.0,983.0,328.0,"0,05495","-0,02882","-0,99807","-0,04459","-0,02070","-0,99879",,,Valid,Valid,"233,8","100,5","515,5","292,3","100,4","513,7","262,2","85,6","269,3","89,7","0,5077","0,2966","0,4972","0,2897","0,5182","0,3035",thumbnail_grossTrial,thumbnail_grossTrial.png,1245.0,1080.0,337.0,0.0,798.0,692.0,Fixation,2000.0,83.0,968.0,328.0,"0,5061","0,3033",,
28741,43592010,1400482863297,Eye Tracker,Participant0058,17.09.2021,Participant0058,Recording4,17.09.2021,17.09.2021,14:48:45.713,12:48:45.713,64514,Timeline2,Tobii I-VT (Fixation),1.145.28180,1080,1920,"10,00",711454941.0,,,962.0,311.0,949.0,296.0,975.0,327.0,"0,05119","-0,03763","-0,99798","-0,04849","-0,02136","-0,99860",,,Valid,Valid,"233,7","100,5","515,6","292,2","100,4","513,8","260,2","81,1","267,3","89,4","0,5018","0,2883","0,4914","0,2743","0,5122","0,3024",thumbnail_grossTrial,thumbnail_grossTrial.png,1245.0,1080.0,337.0,0.0,798.0,692.0,Fixation,2000.0,83.0,968.0,328.0,"0,5061","0,3033",,
28742,43600343,1400482871630,Eye Tracker,Participant0058,17.09.2021,Participant0058,Recording4,17.09.2021,17.09.2021,14:48:45.713,12:48:45.713,64514,Timeline2,Tobii I-VT (Fixation),1.145.28180,1080,1920,"10,00",711463273.0,,,972.0,325.0,,,972.0,325.0,,,,"-0,05035","-0,02228","-0,99848",,"4,45",Invalid,Valid,,,,"292,3","100,3","513,8",,,"266,3","88,8","0,5095","0,3005",,,"0,5095","0,3005",thumbnail_grossTrial,thumbnail_grossTrial.png,1245.0,1080.0,337.0,0.0,798.0,692.0,Fixation,2000.0,83.0,968.0,328.0,"0,5061","0,3033",,
28743,43608640,1400482879927,Eye Tracker,Participant0058,17.09.2021,Participant0058,Recording4,17.09.2021,17.09.2021,14:48:45.713,12:48:45.713,64514,Timeline2,Tobii I-VT (Fixation),1.145.28180,1080,1920,"10,00",711471570.0,,,959.0,312.0,946.0,296.0,973.0,328.0,"0,04931","-0,03793","-0,99806","-0,04993","-0,02066","-0,99854",,,Valid,Valid,"233,8","100,5","515,5","292,3","100,4","513,7","259,2","80,9","266,6","89,7","0,4994","0,2887","0,4887","0,2738","0,5102","0,3036",thumbnail_grossTrial,thumbnail_grossTrial.png,1245.0,1080.0,337.0,0.0,798.0,692.0,Fixation,2000.0,83.0,968.0,328.0,"0,5061","0,3033",,
28744,43616999,1400482888286,Eye Tracker,Participant0058,17.09.2021,Participant0058,Recording4,17.09.2021,17.09.2021,14:48:45.713,12:48:45.713,64514,Timeline2,Tobii I-VT (Fixation),1.145.28180,1080,1920,"10,00",711479929.0,,,964.0,317.0,955.0,305.0,972.0,328.0,"0,05427","-0,03301","-0,99798","-0,05015","-0,02045","-0,99853",,,Valid,Valid,"233,7","100,6","515,5","292,2","100,4","513,7","261,7","83,5","266,4","89,9","0,5028","0,2933","0,4960","0,2825","0,5096","0,3040",thumbnail_grossTrial,thumbnail_grossTrial.png,1245.0,1080.0,337.0,0.0,798.0,692.0,Fixation,2000.0,83.0,968.0,328.0,"0,5061","0,3033",,
28745,43625302,1400482896589,Eye Tracker,Participant0058,17.09.2021,Participant0058,Recording4,17.09.2021,17.09.2021,14:48:45.713,12:48:45.713,64514,Timeline2,Tobii I-VT (Fixation),1.145.28180,1080,1920,"10,00",711488231.0,,,971.0,329.0,,,971.0,329.0,,,,"-0,05069","-0,01981","-0,99852",,"4,44",Invalid,Valid,,,,"292,2","100,3","513,7",,,"266,2","90,1","0,5090","0,3049",,,"0,5090","0,3049",thumbnail_grossTrial,thumbnail_grossTrial.png,1245.0,1080.0,337.0,0.0,798.0,692.0,Fixation,2000.0,83.0,968.0,328.0,"0,5061","0,3033",,
28746,43633715,1400482905002,Eye Tracker,Participant0058,17.09.2021,Participant0058,Recording4,17.09.2021,17.09.2021,14:48:45.713,12:48:45.713,64514,Timeline2,Tobii I-VT (Fixation),1.145.28180,1080,1920,"10,00",711496644.0,,,969.0,320.0,966.0,311.0,972.0,329.0,"0,05976","-0,02993","-0,99776","-0,05002","-0,02034","-0,99854",,,Valid,Valid,"233,8","100,6","515,3","292,2","100,4","513,6","264,6","85,2","266,5","89,9","0,5072","0,2962","0,5045","0,2881","0,5100","0,3043",thumbnail_grossTrial,thumbnail_grossTrial.png,1245.0,1080.0,337.0,0.0,798.0,692.0,Fixation,2000.0,83.0,968.0,328.0,"0,5061","0,3033",,
28747,43641961,1400482913248,Eye Tracker,Participant0058,17.09.2021,Participant0058,Recording4,17.09.2021,17.09.2021,14:48:45.713,12:48:45.713,64514,Timeline2,Tobii I-VT (Fixation),1.145.28180,1080,1920,"10,00",711504891.0,,,969.0,320.0,964.0,318.0,974.0,323.0,"0,05906","-0,02623","-0,99791","-0,04916","-0,02364","-0,99851",,,Valid,Valid,"233,7","100,7","515,2","292,2","100,4","513,6","264,2","87,1","266,9","88,3","0,5071","0,2967","0,5031","0,2948","0,5111","0,2987",thumbnail_grossTrial,thumbnail_grossTrial.png,1245.0,1080.0,337.0,0.0,798.0,692.0,Fixation,2000.0,83.0,968.0,328.0,"0,5061","0,3033",,
28748,43650344,1400482921631,Eye Tracker,Participant0058,17.09.2021,Participant0058,Recording4,17.09.2021,17.09.2021,14:48:45.713,12:48:45.713,64514,Timeline2,Tobii I-VT (Fixation),1.145.28180,1080,1920,"10,00",711513273.0,,,980.0,323.0,,,980.0,323.0,,,,"-0,04602","-0,02324","-0,99867",,"4,86",Invalid,Valid,,,,"292,2","100,4","513,6",,,"268,5","88,4","0,5159","0,2992",,,"0,5159","0,2992",thumbnail_grossTrial,thumbnail_grossTrial.png,1245.0,1080.0,337.0,0.0,798.0,692.0,Fixation,2000.0,83.0,968.0,328.0,"0,5061","0,3033",,
28749,43658625,1400482929912,Eye Tracker,Participant0058,17.09.2021,Participant0058,Recording4,17.09.2021,17.09.2021,14:48:45.713,12:48:45.713,64514,Timeline2,Tobii I-VT (Fixation),1.145.28180,1080,1920,"10,00",711521554.0,,,977.0,329.0,973.0,334.0,981.0,325.0,"0,06389","-0,01809","-0,99779","-0,04528","-0,02255","-0,99872",,,Valid,Valid,"233,8","100,8","515,0","292,2","100,5","513,5","266,7","91,4","268,9","88,9","0,5138","0,3050","0,5106","0,3093","0,5170","0,3007",thumbnail_grossTrial,thumbnail_grossTrial.png,1245.0,1080.0,337.0,0.0,798.0,692.0,Fixation,2000.0,83.0,968.0,328.0,"0,5061","0,3033",,
28750,43666997,1400482938284,Eye Tracker,Participant0058,17.09.2021,Participant0058,Recording4,17.09.2021,17.09.2021,14:48:45.713,12:48:45.713,64514,Timeline2,Tobii I-VT (Fixation),1.145.28180,1080,1920,"10,00",711529926.0,,,971.0,321.0,963.0,310.0,979.0,332.0,"0,05871","-0,03096","-0,99779","-0,04614","-0,01900","-0,99875",,,Valid,Valid,"233,7","100,8","514,9","292,1","100,5","513,5","264,0","84,8","268,4","90,7","0,5091","0,2970","0,5026","0,2871","0,5156","0,3070",thumbnail_grossTrial,thumbnail_grossTrial.png,1245.0,1080.0,337.0,0.0,798.0,692.0,Fixation,2000.0,83.0,968.0,328.0,"0,5061","0,3033",,
28751,43675334,1400482946621,Eye Tracker,Participant0058,17.09.2021,Participant0058,Recording4,17.09.2021,17.09.2021,14:48:45.713,12:48:45.713,64514,Timeline2,Tobii I-VT (Fixation),1.145.28180,1080,1920,"10,00",711538262.0,,,,,,,,,,,,,,,,,Invalid,Invalid,,,,,,,,,,,,,,,,,thumbnail_grossTrial,thumbnail_grossTrial.png,1245.0,1080.0,337.0,0.0,798.0,692.0,Fixation,2000.0,83.0,968.0,328.0,"0,5061","0,3033",,
28752,43683664,1400482954951,Eye Tracker,Participant0058,17.09.2021,Participant0058,Recording4,17.09.2021,17.09.2021,14:48:45.713,12:48:45.713,64514,Timeline2,Tobii I-VT (Fixation),1.145.28180,1080,1920,"10,00",711546592.0,,,969.0,312.0,957.0,292.0,980.0,332.0,"0,05524","-0,04066","-0,99765","-0,04583","-0,01895","-0,99877",,,Valid,Valid,"233,8","100,9","514,8","292,2","100,5","513,4","262,3","79,9","268,6","90,8","0,5068","0,2888","0,4975","0,2704","0,5162","0,3072",thumbnail_grossTrial,thumbnail_grossTrial.png,1245.0,1080.0,337.0,0.0,798.0,692.0,Fixation,2000.0,83.0,968.0,328.0,"0,5061","0,3033",,
28753,43691994,1400482963281,Eye Tracker,Participant0058,17.09.2021,Participant0058,Recording4,17.09.2021,17.09.2021,14:48:45.713,12:48:45.713,64514,Timeline2,Tobii I-VT (Fixation),1.145.28180,1080,1920,"10,00",711554922.0,,,969.0,325.0,958.0,321.0,981.0,329.0,"0,05591","-0,02535","-0,99811","-0,04555","-0,02043","-0,99875",,,Valid,Valid,"233,7","100,9","514,7","292,2","100,6","513,4","262,5","87,9","268,7","90,1","0,5074","0,3010","0,4983","0,2973","0,5165","0,3047",thumbnail_grossTrial,thumbnail_grossTrial.png,1245.0,1080.0,337.0,0.0,798.0,692.0,Fixation,2000.0,83.0,968.0,328.0,"0,5061","0,3033",,
28754,43700301,1400482971588,Eye Tracker,Participant0058,17.09.2021,Participant0058,Recording4,17.09.2021,17.09.2021,14:48:45.713,12:48:45.713,64514,Timeline2,Tobii I-VT (Fixation),1.145.28180,1080,1920,"10,00",711563229.0,,,978.0,331.0,,,978.0,331.0,,,,"-0,04679","-0,01950","-0,99871",,"4,84",Invalid,Valid,,,,"292,2","100,5","513,4",,,"268,2","90,5","0,5148","0,3062",,,"0,5148","0,3062",thumbnail_grossTrial,thumbnail_grossTrial.png,1245.0,1080.0,337.0,0.0,798.0,692.0,Fixation,2000.0,83.0,968.0,328.0,"0,5061","0,3033",,
28755,43708621,1400482979908,Eye Tracker,Participant0058,17.09.2021,Participant0058,Recording4,17.09.2021,17.09.2021,14:48:45.713,12:48:45.713,64514,Timeline2,Tobii I-VT (Fixation),1.145.28180,1080,1920,"10,00",711571549.0,,,962.0,346.0,963.0,332.0,961.0,359.0,"0,05834","-0,01936","-0,99811","-0,05624","-0,00476","-0,99841",,,Valid,Valid,"233,8","101,0","514,6","292,2","100,6","513,4","263,9","91,0","263,3","98,1","0,5014","0,3199","0,5022","0,3079","0,5006","0,3320",thumbnail_grossTrial,thumbnail_grossTrial.png,1245.0,1080.0,337.0,0.0,798.0,692.0,Fixation,2000.0,83.0,968.0,328.0,"0,5061","0,3033",,
28756,43716985,1400482988272,Eye Tracker,Participant0058,17.09.2021,Participant0058,Recording4,17.09.2021,17.09.2021,14:48:45.713,12:48:45.713,64514,Timeline2,Tobii I-VT (Fixation),1.145.28180,1080,1920,"10,00",711579912.0,,,959.0,340.0,957.0,322.0,961.0,359.0,"0,05532","-0,02507","-0,99815","-0,05621","-0,00481","-0,99841",,,Valid,Valid,"233,7","101,0","514,6","292,2","100,6","513,4","262,3","88,1","263,3","98,1","0,4990","0,3150","0,4975","0,2980","0,5005","0,3320",thumbnail_grossTrial,thumbnail_grossTrial.png,1245.0,1080.0,337.0,0.0,798.0,692.0,Fixation,2000.0,83.0,968.0,328.0,"0,5061","0,3033",,
28757,43725320,1400482996607,Eye Tracker,Participant0058,17.09.2021,Participant0058,Recording4,17.09.2021,17.09.2021,14:48:45.713,12:48:45.713,64514,Timeline2,Tobii I-VT (Fixation),1.145.28180,1080,1920,"10,00",711588247.0,,,980.0,338.0,,,980.0,338.0,,,,"-0,04592","-0,01578","-0,99882",,"4,43",Invalid,Valid,,,,"292,2","100,5","513,4",,,"268,6","92,4","0,5162","0,3127",,,"0,5162","0,3127",thumbnail_grossTrial,thumbnail_grossTrial.png,1245.0,1080.0,337.0,0.0,798.0,692.0,Fixation,2000.0,83.0,968.0,328.0,"0,5061","0,3033",,
28758,43733619,1400483004906,Eye Tracker,Participant0058,17.09.2021,Participant0058,Recording4,17.09.2021,17.09.2021,14:48:45.713,12:48:45.713,64514,Timeline2,Tobii I-VT (Fixation),1.145.28180,1080,1920,"10,00",711596546.0,,,950.0,326.0,945.0,310.0,954.0,343.0,"0,04876","-0,03161","-0,99831","-0,05960","-0,01324","-0,99813",,,Valid,Valid,"233,8","101,0","514,5","292,2","100,6","513,4","258,9","84,7","261,6","93,8","0,4917","0,3019","0,4878","0,2866","0,4956","0,3172",thumbnail_grossTrial,thumbnail_grossTrial.png,1245.0,1080.0,337.0,0.0,798.0,692.0,Fixation,2000.0,83.0,968.0,328.0,"0,5061","0,3033",,
28759,43741952,1400483013239,Eye Tracker,Participant0058,17.09.2021,Participant0058,Recording4,17.09.2021,17.09.2021,14:48:45.713,12:48:45.713,64514,Timeline2,Tobii I-VT (Fixation),1.145.28180,1080,1920,"10,00",711604878.0,,,962.0,327.0,951.0,320.0,974.0,335.0,"0,05221","-0,02617","-0,99829","-0,04928","-0,01740","-0,99863",,,Valid,Valid,"233,8","101,0","514,5","292,2","100,6","513,4","260,7","87,5","266,9","91,6","0,5019","0,3031","0,4929","0,2961","0,5110","0,3100",thumbnail_grossTrial,thumbnail_grossTrial.png,1245.0,1080.0,337.0,0.0,798.0,692.0,Fixation,2000.0,83.0,968.0,328.0,"0,5061","0,3033",,
28760,43750325,1400483021612,Eye Tracker,Participant0058,17.09.2021,Participant0058,Recording4,17.09.2021,17.09.2021,14:48:45.713,12:48:45.713,64514,Timeline2,Tobii I-VT (Fixation),1.145.28180,1080,1920,"10,00",711613251.0,,,,,,,,,,,,,,,,,Invalid,Invalid,,,,,,,,,,,,,,,,,thumbnail_grossTrial,thumbnail_grossTrial.png,1245.0,1080.0,337.0,0.0,798.0,692.0,Fixation,2000.0,83.0,968.0,328.0,"0,5061","0,3033",,
28761,43758619,1400483029906,Eye Tracker,Participant0058,17.09.2021,Participant0058,Recording4,17.09.2021,17.09.2021,14:48:45.713,12:48:45.713,64514,Timeline2,Tobii I-VT (Fixation),1.145.28180,1080,1920,"10,00",711621545.0,,,966.0,330.0,961.0,331.0,971.0,329.0,"0,05743","-0,02001","-0,99815","-0,05103","-0,02047","-0,99849",,,Valid,Valid,"233,8","101,0","514,5","292,3","100,5","513,4","263,4","90,7","266,0","90,0","0,5047","0,3057","0,5009","0,3068","0,5085","0,3045",thumbnail_grossTrial,thumbnail_grossTrial.png,1245.0,1080.0,337.0,0.0,798.0,692.0,Fixation,2000.0,83.0,968.0,328.0,"0,5061","0,3033",,
28762,43766951,1400483038238,Eye Tracker,Participant0058,17.09.2021,Participant0058,Recording4,17.09.2021,17.09.2021,14:48:45.713,12:48:45.713,64514,Timeline2,Tobii I-VT (Fixation),1.145.28180,1080,1920,"10,00",711629877.0,,,964.0,312.0,954.0,297.0,975.0,327.0,"0,05377","-0,03799","-0,99783","-0,04874","-0,02129","-0,99858",,,Valid,Valid,"233,8","101,0","514,5","292,2","100,5","513,5","261,5","81,4","267,1","89,6","0,5035","0,2892","0,4952","0,2754","0,5118","0,3031",thumbnail_grossTrial,thumbnail_grossTrial.png,1245.0,1080.0,337.0,0.0,798.0,692.0,Fixation,2000.0,83.0,968.0,328.0,"0,5061","0,3033",,
28763,43775289,1400483046576,Eye Tracker,Participant0058,17.09.2021,Participant0058,Recording4,17.09.2021,17.09.2021,14:48:45.713,12:48:45.713,64514,Timeline2,Tobii I-VT (Fixation),1.145.28180,1080,1920,"10,00",711638214.0,,,,,,,,,,,,,,,,,Invalid,Invalid,,,,,,,,,,,,,,,,,thumbnail_grossTrial,thumbnail_grossTrial.png,1245.0,1080.0,337.0,0.0,798.0,692.0,Fixation,2000.0,83.0,968.0,328.0,"0,5061","0,3033",,
28764,43783615,1400483054902,Eye Tracker,Participant0058,17.09.2021,Participant0058,Recording4,17.09.2021,17.09.2021,14:48:45.713,12:48:45.713,64514,Timeline2,Tobii I-VT (Fixation),1.145.28180,1080,1920,"10,00",711646540.0,,,976.0,314.0,955.0,306.0,998.0,322.0,"0,05400","-0,03356","-0,99798","-0,03646","-0,02390","-0,99905",,,Valid,Valid,"233,8","100,9","514,6","292,3","100,5","513,5","261,7","83,6","273,5","88,2","0,5131","0,2907","0,4957","0,2830","0,5305","0,2984",thumbnail_grossTrial,thumbnail_grossTrial.png,1245.0,1080.0,337.0,0.0,798.0,692.0,Fixation,2000.0,83.0,968.0,328.0,"0,5061","0,3033",,
28765,43791980,1400483063267,Eye Tracker,Participant0058,17.09.2021,Participant0058,Recording4,17.09.2021,17.09.2021,14:48:45.713,12:48:45.713,64514,Timeline2,Tobii I-VT (Fixation),1.145.28180,1080,1920,"10,00",711654905.0,,,981.0,322.0,962.0,328.0,999.0,317.0,"0,05805","-0,02160","-0,99808","-0,03563","-0,02692","-0,99900",,,Valid,Valid,"233,7","100,9","514,6","292,2","100,5","513,5","263,6","89,8","273,9","86,6","0,5166","0,2984","0,5016","0,3037","0,5316","0,2931",thumbnail_grossTrial,thumbnail_grossTrial.png,1245.0,1080.0,337.0,0.0,798.0,692.0,Fixation,2000.0,83.0,968.0,328.0,"0,5061","0,3033",,
28766,43800314,1400483071601,Eye Tracker,Participant0058,17.09.2021,Participant0058,Recording4,17.09.2021,17.09.2021,14:48:45.713,12:48:45.713,64514,Timeline2,Tobii I-VT (Fixation),1.145.28180,1080,1920,"10,00",711663238.0,,,978.0,331.0,,,978.0,331.0,,,,"-0,04696","-0,01894","-0,99872",,"4,43",Invalid,Valid,,,,"292,3","100,4","513,6",,,"268,1","90,7","0,5146","0,3067",,,"0,5146","0,3067",thumbnail_grossTrial,thumbnail_grossTrial.png,1245.0,1080.0,337.0,0.0,798.0,692.0,Fixation,2000.0,83.0,968.0,328.0,"0,5061","0,3033",,
28767,43808612,1400483079899,Eye Tracker,Participant0058,17.09.2021,Participant0058,Recording4,17.09.2021,17.09.2021,14:48:45.713,12:48:45.713,64514,Timeline2,Tobii I-VT (Fixation),1.145.28180,1080,1920,"10,00",711671537.0,,,961.0,322.0,944.0,315.0,978.0,330.0,"0,04822","-0,02845","-0,99843","-0,04696","-0,01994","-0,99870",,,Valid,Valid,"233,8","100,8","514,8","292,2","100,5","513,5","258,7","86,2","268,1","90,2","0,5008","0,2984","0,4870","0,2915","0,5146","0,3052",thumbnail_grossTrial,thumbnail_grossTrial.png,1245.0,1080.0,337.0,0.0,798.0,692.0,Fixation,2000.0,83.0,968.0,328.0,"0,5061","0,3033",,
28768,43816973,1400483088260,Eye Tracker,Participant0058,17.09.2021,Participant0058,Recording4,17.09.2021,17.09.2021,14:48:45.713,12:48:45.713,64514,Timeline2,Tobii I-VT (Fixation),1.145.28180,1080,1920,"10,00",711679897.0,,,958.0,330.0,940.0,327.0,976.0,334.0,"0,04651","-0,02204","-0,99867","-0,04814","-0,01759","-0,99869",,,Valid,Valid,"233,7","100,8","514,9","292,2","100,5","513,6","257,7","89,5","267,4","91,4","0,4984","0,3060","0,4841","0,3026","0,5127","0,3093",thumbnail_grossTrial,thumbnail_grossTrial.png,1245.0,1080.0,337.0,0.0,798.0,692.0,Fixation,2000.0,83.0,968.0,328.0,"0,5061","0,3033",,
28769,43825310,1400483096597,Eye Tracker,Participant0058,17.09.2021,Participant0058,Recording4,17.09.2021,17.09.2021,14:48:45.713,12:48:45.713,64514,Timeline2,Tobii I-VT (Fixation),1.145.28180,1080,1920,"10,00",711688234.0,,,980.0,335.0,,,980.0,335.0,,,,"-0,04600","-0,01700","-0,99880",,"4,91",Invalid,Valid,,,,"292,2","100,4","513,6",,,"268,6","91,6","0,5160","0,3101",,,"0,5160","0,3101",thumbnail_grossTrial,thumbnail_grossTrial.png,1245.0,1080.0,337.0,0.0,798.0,692.0,Fixation,2000.0,83.0,968.0,328.0,"0,5061","0,3033",,
28770,43833611,1400483104898,Eye Tracker,Participant0058,17.09.2021,Participant0058,Recording4,17.09.2021,17.09.2021,14:48:45.713,12:48:45.713,64514,Timeline2,Tobii I-VT (Fixation),1.145.28180,1080,1920,"10,00",711696535.0,,,958.0,325.0,936.0,316.0,979.0,334.0,"0,04420","-0,02754","-0,99864","-0,04626","-0,01766","-0,99877",,,Valid,Valid,"233,8","100,7","515,0","292,2","100,5","513,6","256,6","86,5","268,5","91,4","0,4983","0,3010","0,4809","0,2928","0,5157","0,3092",thumbnail_grossTrial,thumbnail_grossTrial.png,1245.0,1080.0,337.0,0.0,798.0,692.0,Fixation,2000.0,83.0,968.0,328.0,"0,5061","0,3033",,
28771,43841975,1400483113262,Eye Tracker,Participant0058,17.09.2021,Participant0058,Recording4,17.09.2021,17.09.2021,14:48:45.713,12:48:45.713,64514,Timeline2,Tobii I-VT (Fixation),1.145.28180,1080,1920,"10,00",711704899.0,,,960.0,319.0,937.0,306.0,983.0,332.0,"0,04461","-0,03285","-0,99846","-0,04431","-0,01896","-0,99884",,,Valid,Valid,"233,7","100,7","515,1","292,2","100,5","513,6","256,7","83,8","269,4","90,7","0,4999","0,2952","0,4813","0,2835","0,5185","0,3070",thumbnail_grossTrial,thumbnail_grossTrial.png,1245.0,1080.0,337.0,0.0,798.0,692.0,Fixation,2000.0,83.0,968.0,328.0,"0,5061","0,3033",,
28772,43850307,1400483121594,Eye Tracker,Participant0058,17.09.2021,Participant0058,Recording4,17.09.2021,17.09.2021,14:48:45.713,12:48:45.713,64514,Timeline2,Tobii I-VT (Fixation),1.145.28180,1080,1920,"10,00",711713231.0,,,980.0,329.0,,,980.0,329.0,,,,"-0,04619","-0,01998","-0,99873",,"4,41",Invalid,Valid,,,,"292,2","100,4","513,6",,,"268,5","90,1","0,5158","0,3050",,,"0,5158","0,3050",thumbnail_grossTrial,thumbnail_grossTrial.png,1245.0,1080.0,337.0,0.0,798.0,692.0,Fixation,2000.0,83.0,968.0,328.0,"0,5061","0,3033",,
28773,43858638,1400483129925,Eye Tracker,Participant0058,17.09.2021,Participant0058,Recording4,17.09.2021,17.09.2021,14:48:45.713,12:48:45.713,64514,Timeline2,Tobii I-VT (Fixation),1.145.28180,1080,1920,"10,00",711721561.0,,,964.0,318.0,948.0,306.0,980.0,330.0,"0,05033","-0,03260","-0,99820","-0,04600","-0,01974","-0,99875",,,Valid,Valid,"233,8","100,7","515,2","292,2","100,5","513,5","259,8","83,9","268,6","90,3","0,5031","0,2947","0,4902","0,2838","0,5161","0,3057",thumbnail_grossTrial,thumbnail_grossTrial.png,1245.0,1080.0,337.0,0.0,798.0,692.0,Fixation,2000.0,83.0,968.0,328.0,"0,5061","0,3033",,
28774,43866942,1400483138229,Eye Tracker,Participant0058,17.09.2021,Participant0058,Recording4,17.09.2021,17.09.2021,14:48:45.713,12:48:45.713,64514,Timeline2,Tobii I-VT (Fixation),1.145.28180,1080,1920,"10,00",711729865.0,,,964.0,315.0,949.0,301.0,979.0,330.0,"0,05093","-0,03531","-0,99808","-0,04656","-0,02009","-0,99871",,,Valid,Valid,"233,7","100,7","515,2","292,2","100,5","513,5","260,0","82,5","268,2","90,2","0,5030","0,2921","0,4909","0,2790","0,5151","0,3052",thumbnail_grossTrial,thumbnail_grossTrial.png,1245.0,1080.0,337.0,0.0,798.0,692.0,Fixation,2000.0,83.0,968.0,328.0,"0,5061","0,3033",,
28775,43875309,1400483146596,Eye Tracker,Participant0058,17.09.2021,Participant0058,Recording4,17.09.2021,17.09.2021,14:48:45.713,12:48:45.713,64514,Timeline2,Tobii I-VT (Fixation),1.145.28180,1080,1920,"10,00",711738232.0,,,980.0,331.0,,,980.0,331.0,,,,"-0,04624","-0,01903","-0,99875",,"4,41",Invalid,Valid,,,,"292,2","100,5","513,5",,,"268,5","90,7","0,5157","0,3068",,,"0,5157","0,3068",thumbnail_grossTrial,thumbnail_grossTrial.png,1245.0,1080.0,337.0,0.0,798.0,692.0,Fixation,2000.0,83.0,968.0,328.0,"0,5061","0,3033",,
28776,43883606,1400483154893,Eye Tracker,Participant0058,17.09.2021,Participant0058,Recording4,17.09.2021,17.09.2021,14:48:45.713,12:48:45.713,64514,Timeline2,Tobii I-VT (Fixation),1.145.28180,1080,1920,"10,00",711746529.0,,,960.0,322.0,942.0,314.0,978.0,330.0,"0,04727","-0,02857","-0,99847","-0,04698","-0,01991","-0,99870",,,Valid,Valid,"233,8","100,7","515,3","292,2","100,5","513,5","258,2","85,9","268,1","90,3","0,5001","0,2982","0,4855","0,2908","0,5146","0,3056",thumbnail_grossTrial,thumbnail_grossTrial.png,1245.0,1080.0,337.0,0.0,798.0,692.0,Fixation,2000.0,83.0,968.0,328.0,"0,5061","0,3033",,
28777,43891967,1400483163254,Eye Tracker,Participant0058,17.09.2021,Participant0058,Recording4,17.09.2021,17.09.2021,14:48:45.713,12:48:45.713,64514,Timeline2,Tobii I-VT (Fixation),1.145.28180,1080,1920,"10,00",711754889.0,,,958.0,322.0,939.0,306.0,976.0,338.0,"0,04601","-0,03271","-0,99841","-0,04817","-0,01571","-0,99872",,,Valid,Valid,"233,7","100,7","515,3","292,2","100,6","513,5","257,5","83,8","267,4","92,5","0,4980","0,2982","0,4834","0,2835","0,5126","0,3129",thumbnail_grossTrial,thumbnail_grossTrial.png,1245.0,1080.0,337.0,0.0,798.0,692.0,Fixation,2000.0,83.0,968.0,328.0,"0,5061","0,3033",,
28778,43900273,1400483171560,Eye Tracker,Participant0058,17.09.2021,Participant0058,Recording4,17.09.2021,17.09.2021,14:48:45.713,12:48:45.713,64514,Timeline2,Tobii I-VT (Fixation),1.145.28180,1080,1920,"10,00",711763195.0,,,975.0,339.0,,,975.0,339.0,,,,"-0,04890","-0,01515","-0,99869",,"4,41",Invalid,Valid,,,,"292,2","100,5","513,5",,,"267,1","92,7","0,5117","0,3137",,,"0,5117","0,3137",thumbnail_grossTrial,thumbnail_grossTrial.png,1245.0,1080.0,337.0,0.0,798.0,692.0,Fixation,2000.0,83.0,968.0,328.0,"0,5061","0,3033",,
28779,43908603,1400483179890,Eye Tracker,Participant0058,17.09.2021,Participant0058,Recording4,17.09.2021,17.09.2021,14:48:45.713,12:48:45.713,64514,Timeline2,Tobii I-VT (Fixation),1.145.28180,1080,1920,"10,00",711771525.0,,,956.0,316.0,937.0,290.0,975.0,342.0,"0,04479","-0,04139","-0,99814","-0,04881","-0,01376","-0,99871",,,Valid,Valid,"233,8","100,7","515,3","292,2","100,6","513,5","256,9","79,3","267,1","93,5","0,4968","0,2924","0,4818","0,2685","0,5118","0,3163",thumbnail_grossTrial,thumbnail_grossTrial.png,1245.0,1080.0,337.0,0.0,798.0,692.0,Fixation,2000.0,83.0,968.0,328.0,"0,5061","0,3033",,
28780,43916965,1400483188252,Eye Tracker,Participant0058,17.09.2021,Participant0058,Recording4,17.09.2021,17.09.2021,14:48:45.713,12:48:45.713,64514,Timeline2,Tobii I-VT (Fixation),1.145.28180,1080,1920,"10,00",711779886.0,,,956.0,325.0,939.0,310.0,973.0,340.0,"0,04561","-0,03083","-0,99848","-0,04938","-0,01488","-0,99867",,,Valid,Valid,"233,7","100,7","515,3","292,2","100,6","513,5","257,2","84,8","266,8","92,9","0,4968","0,3007","0,4828","0,2870","0,5108","0,3144",thumbnail_grossTrial,thumbnail_grossTrial.png,1245.0,1080.0,337.0,0.0,798.0,692.0,Fixation,2000.0,83.0,968.0,328.0,"0,5061","0,3033",,
28781,43925273,1400483196560,Eye Tracker,Participant0058,17.09.2021,Participant0058,Recording4,17.09.2021,17.09.2021,14:48:45.713,12:48:45.713,64514,Timeline2,Tobii I-VT (Fixation),1.145.28180,1080,1920,"10,00",711788194.0,,,982.0,346.0,,,982.0,346.0,,,,"-0,04496","-0,01100","-0,99893",,"4,41",Invalid,Valid,,,,"292,2","100,4","513,5",,,"269,1","94,8","0,5175","0,3207",,,"0,5175","0,3207",thumbnail_grossTrial,thumbnail_grossTrial.png,1245.0,1080.0,337.0,0.0,798.0,692.0,Fixation,2000.0,83.0,968.0,328.0,"0,5061","0,3033",,
28782,43933685,1400483204972,Eye Tracker,Participant0058,17.09.2021,Participant0058,Recording4,17.09.2021,17.09.2021,14:48:45.713,12:48:45.713,64514,Timeline2,Tobii I-VT (Fixation),1.145.28180,1080,1920,"10,00",711796606.0,,,960.0,331.0,941.0,321.0,978.0,342.0,"0,04705","-0,02505","-0,99858","-0,04712","-0,01370","-0,99880",,,Valid,Valid,"233,8","100,8","515,1","292,2","100,6","513,5","258,0","87,9","268,0","93,5","0,4997","0,3068","0,4851","0,2972","0,5143","0,3164",thumbnail_grossTrial,thumbnail_grossTrial.png,1245.0,1080.0,337.0,0.0,798.0,692.0,Fixation,2000.0,83.0,968.0,328.0,"0,5061","0,3033",,
28783,43941935,1400483213222,Eye Tracker,Participant0058,17.09.2021,Participant0058,Recording4,17.09.2021,17.09.2021,14:48:45.713,12:48:45.713,64514,Timeline2,Tobii I-VT (Fixation),1.145.28180,1080,1920,"10,00",711804856.0,,,961.0,326.0,942.0,312.0,980.0,341.0,"0,04757","-0,02993","-0,99842","-0,04610","-0,01426","-0,99883",,,Valid,Valid,"233,7","100,8","515,1","292,2","100,6","513,5","258,2","85,4","268,5","93,2","0,5007","0,3021","0,4858","0,2888","0,5157","0,3154",thumbnail_grossTrial,thumbnail_grossTrial.png,1245.0,1080.0,337.0,0.0,798.0,692.0,Fixation,2000.0,83.0,968.0,328.0,"0,5061","0,3033",,
28784,43950311,1400483221598,Eye Tracker,Participant0058,17.09.2021,Participant0058,Recording4,17.09.2021,17.09.2021,14:48:45.713,12:48:45.713,64514,Timeline2,Tobii I-VT (Fixation),1.145.28180,1080,1920,"10,00",711813231.0,,,981.0,341.0,,,981.0,341.0,,,,"-0,04536","-0,01378","-0,99888",,"4,92",Invalid,Valid,,,,"292,2","100,4","513,6",,,"268,9","93,3","0,5169","0,3158",,,"0,5169","0,3158",thumbnail_grossTrial,thumbnail_grossTrial.png,1245.0,1080.0,337.0,0.0,798.0,692.0,Fixation,2000.0,83.0,968.0,328.0,"0,5061","0,3033",,
28785,43958646,1400483229933,Eye Tracker,Participant0058,17.09.2021,Participant0058,Recording4,17.09.2021,17.09.2021,14:48:45.713,12:48:45.713,64514,Timeline2,Tobii I-VT (Fixation),1.145.28180,1080,1920,"10,00",711821566.0,,,966.0,328.0,950.0,318.0,982.0,339.0,"0,05141","-0,02700","-0,99831","-0,04465","-0,01516","-0,99889",,,Valid,Valid,"233,8","100,9","515,0","292,2","100,5","513,5","260,3","86,9","269,3","92,8","0,5049","0,3040","0,4917","0,2941","0,5180","0,3138",thumbnail_grossTrial,thumbnail_grossTrial.png,1245.0,1080.0,337.0,0.0,798.0,692.0,Fixation,2000.0,83.0,968.0,328.0,"0,5061","0,3033",,
28786,43966971,1400483238258,Eye Tracker,Participant0058,17.09.2021,Participant0058,Recording4,17.09.2021,17.09.2021,14:48:45.713,12:48:45.713,64514,Timeline2,Tobii I-VT (Fixation),1.145.28180,1080,1920,"10,00",711829891.0,,,967.0,327.0,954.0,316.0,980.0,337.0,"0,05390","-0,02800","-0,99815","-0,04585","-0,01598","-0,99882",,,Valid,Valid,"233,7","100,9","514,9","292,2","100,5","513,6","261,5","86,4","268,6","92,3","0,5057","0,3024","0,4953","0,2924","0,5161","0,3124",thumbnail_grossTrial,thumbnail_grossTrial.png,1245.0,1080.0,337.0,0.0,798.0,692.0,Fixation,2000.0,83.0,968.0,328.0,"0,5061","0,3033",,
28787,43975269,1400483246556,Eye Tracker,Participant0058,17.09.2021,Participant0058,Recording4,17.09.2021,17.09.2021,14:48:45.713,12:48:45.713,64514,Timeline2,Tobii I-VT (Fixation),1.145.28180,1080,1920,"10,00",711838188.0,,,978.0,334.0,,,978.0,334.0,,,,"-0,04676","-0,01751","-0,99875",,"4,42",Invalid,Valid,,,,"292,2","100,4","513,6",,,"268,1","91,4","0,5147","0,3092",,,"0,5147","0,3092",thumbnail_grossTrial,thumbnail_grossTrial.png,1245.0,1080.0,337.0,0.0,798.0,692.0,Fixation,2000.0,83.0,968.0,328.0,"0,5061","0,3033",,
28788,43983636,1400483254923,Eye Tracker,Participant0058,17.09.2021,Participant0058,Recording4,17.09.2021,17.09.2021,14:48:45.713,12:48:45.713,64514,Timeline2,Tobii I-VT (Fixation),1.145.28180,1080,1920,"10,00",711846555.0,,,973.0,337.0,965.0,328.0,981.0,345.0,"0,05954","-0,02153","-0,99799","-0,04520","-0,01187","-0,99891",,,Valid,Valid,"233,8","100,9","514,8","292,2","100,5","513,6","264,5","89,8","269,0","94,4","0,5106","0,3117","0,5040","0,3038","0,5172","0,3195",thumbnail_grossTrial,thumbnail_grossTrial.png,1245.0,1080.0,337.0,0.0,798.0,692.0,Fixation,2000.0,83.0,968.0,328.0,"0,5061","0,3033",,
28789,43991976,1400483263263,Eye Tracker,Participant0058,17.09.2021,Participant0058,Recording4,17.09.2021,17.09.2021,14:48:45.713,12:48:45.713,64514,Timeline2,Tobii I-VT (Fixation),1.145.28180,1080,1920,"10,00",711854895.0,,,975.0,331.0,965.0,317.0,986.0,344.0,"0,05945","-0,02725","-0,99786","-0,04283","-0,01251","-0,99900",,,Valid,Valid,"233,7","100,9","514,8","292,2","100,5","513,6","264,4","86,9","270,2","94,1","0,5122","0,3062","0,5037","0,2939","0,5207","0,3184",thumbnail_grossTrial,thumbnail_grossTrial.png,1245.0,1080.0,337.0,0.0,798.0,692.0,Fixation,2000.0,83.0,968.0,328.0,"0,5061","0,3033",,
28790,44000310,1400483271597,Eye Tracker,Participant0058,17.09.2021,Participant0058,Recording4,17.09.2021,17.09.2021,14:48:45.713,12:48:45.713,64514,Timeline2,Tobii I-VT (Fixation),1.145.28180,1080,1920,"10,00",711863230.0,,,963.0,352.0,,,963.0,352.0,,,,"-0,05490","-0,00782","-0,99846",,"4,86",Invalid,Valid,,,,"292,2","100,5","513,5",,,"264,0","96,5","0,5025","0,3264",,,"0,5025","0,3264",thumbnail_grossTrial,thumbnail_grossTrial.png,1245.0,1080.0,337.0,0.0,798.0,692.0,Fixation,2000.0,83.0,968.0,328.0,"0,5061","0,3033",,
28791,44008635,1400483279922,Eye Tracker,Participant0058,17.09.2021,Participant0058,Recording4,17.09.2021,17.09.2021,14:48:45.713,12:48:45.713,64514,Timeline2,Tobii I-VT (Fixation),1.145.28180,1080,1920,"10,00",711871554.0,,,971.0,323.0,960.0,314.0,982.0,332.0,"0,05695","-0,02913","-0,99795","-0,04479","-0,01895","-0,99882",,,Valid,Valid,"233,8","101,0","514,7","292,2","100,6","513,4","263,1","85,9","269,2","90,8","0,5090","0,2990","0,5001","0,2908","0,5178","0,3073",thumbnail_grossTrial,thumbnail_grossTrial.png,1245.0,1080.0,337.0,0.0,798.0,692.0,Fixation,2000.0,83.0,968.0,328.0,"0,5061","0,3033",,
28792,44016957,1400483288244,Eye Tracker,Participant0058,17.09.2021,Participant0058,Recording4,17.09.2021,17.09.2021,14:48:45.713,12:48:45.713,64514,Timeline2,Tobii I-VT (Fixation),1.145.28180,1080,1920,"10,00",711879876.0,,,970.0,329.0,961.0,323.0,979.0,334.0,"0,05747","-0,02450","-0,99805","-0,04625","-0,01766","-0,99877",,,Valid,Valid,"233,7","101,0","514,6","292,2","100,6","513,4","263,4","88,4","268,4","91,5","0,5081","0,3043","0,5007","0,2989","0,5155","0,3096",thumbnail_grossTrial,thumbnail_grossTrial.png,1245.0,1080.0,337.0,0.0,798.0,692.0,Fixation,2000.0,83.0,968.0,328.0,"0,5061","0,3033",,
28793,44025296,1400483296583,Eye Tracker,Participant0058,17.09.2021,Participant0058,Recording4,17.09.2021,17.09.2021,14:48:45.713,12:48:45.713,64514,Timeline2,Tobii I-VT (Fixation),1.145.28180,1080,1920,"10,00",711888215.0,,,979.0,333.0,,,979.0,333.0,,,,"-0,04668","-0,01832","-0,99874",,"4,45",Invalid,Valid,,,,"292,2","100,6","513,4",,,"268,2","91,1","0,5150","0,3083",,,"0,5150","0,3083",thumbnail_grossTrial,thumbnail_grossTrial.png,1245.0,1080.0,337.0,0.0,798.0,692.0,Fixation,2000.0,83.0,968.0,328.0,"0,5061","0,3033",,
28794,44033707,1400483304994,Eye Tracker,Participant0058,17.09.2021,Participant0058,Recording4,17.09.2021,17.09.2021,14:48:45.713,12:48:45.713,64514,Timeline2,Tobii I-VT (Fixation),1.145.28180,1080,1920,"10,00",711896625.0,,,973.0,331.0,967.0,327.0,980.0,334.0,"0,06068","-0,02250","-0,99790","-0,04611","-0,01780","-0,99878",,,Valid,Valid,"233,8","101,0","514,5","292,2","100,6","513,2","265,1","89,4","268,5","91,5","0,5108","0,3060","0,5058","0,3025","0,5158","0,3096",thumbnail_grossTrial,thumbnail_grossTrial.png,1245.0,1080.0,337.0,0.0,798.0,692.0,Fixation,2000.0,83.0,968.0,328.0,"0,5061","0,3033",,
28795,44041996,1400483313283,Eye Tracker,Participant0058,17.09.2021,Participant0058,Recording4,17.09.2021,17.09.2021,14:48:45.713,12:48:45.713,64514,Timeline2,Tobii I-VT (Fixation),1.145.28180,1080,1920,"10,00",711904914.0,,,976.0,329.0,973.0,322.0,979.0,336.0,"0,06381","-0,02487","-0,99765","-0,04665","-0,01688","-0,99877",,,Valid,Valid,"233,7","101,0","514,5","292,2","100,7","513,2","266,6","88,2","268,2","92,0","0,5126","0,3048","0,5104","0,2984","0,5149","0,3113",thumbnail_grossTrial,thumbnail_grossTrial.png,1245.0,1080.0,337.0,0.0,798.0,692.0,Fixation,2000.0,83.0,968.0,328.0,"0,5061","0,3033",,
28796,44050301,1400483321588,Eye Tracker,Participant0058,17.09.2021,Participant0058,Recording4,17.09.2021,17.09.2021,14:48:45.713,12:48:45.713,64514,Timeline2,Tobii I-VT (Fixation),1.145.28180,1080,1920,"10,00",711913219.0,,,978.0,337.0,,,978.0,337.0,,,,"-0,04683","-0,01634","-0,99877",,"4,46",Invalid,Valid,,,,"292,2","100,6","513,2",,,"268,1","92,2","0,5147","0,3121",,,"0,5147","0,3121",thumbnail_grossTrial,thumbnail_grossTrial.png,1245.0,1080.0,337.0,0.0,798.0,692.0,Fixation,2000.0,83.0,968.0,328.0,"0,5061","0,3033",,
28797,44058633,1400483329920,Eye Tracker,Participant0058,17.09.2021,Participant0058,Recording4,17.09.2021,17.09.2021,14:48:45.713,12:48:45.713,64514,Timeline2,Tobii I-VT (Fixation),1.145.28180,1080,1920,"10,00",711921551.0,,,977.0,330.0,971.0,315.0,982.0,344.0,"0,06247","-0,02857","-0,99764","-0,04467","-0,01282","-0,99892",,,Valid,Valid,"233,8","101,0","514,6","292,2","100,7","513,0","266,0","86,3","269,3","94,1","0,5133","0,3052","0,5085","0,2919","0,5180","0,3185",thumbnail_grossTrial,thumbnail_grossTrial.png,1245.0,1080.0,337.0,0.0,798.0,692.0,Fixation,2000.0,83.0,968.0,328.0,"0,5061","0,3033",,
28798,44066953,1400483338240,Eye Tracker,Participant0058,17.09.2021,Participant0058,Recording4,17.09.2021,17.09.2021,14:48:45.713,12:48:45.713,64514,Timeline2,Tobii I-VT (Fixation),1.145.28180,1080,1920,"10,00",711929870.0,,,977.0,337.0,969.0,328.0,985.0,346.0,"0,06178","-0,02157","-0,99786","-0,04313","-0,01184","-0,99900",,,Valid,Valid,"233,7","101,0","514,8","292,1","100,7","513,1","265,6","89,8","270,0","94,7","0,5137","0,3121","0,5073","0,3039","0,5202","0,3203",thumbnail_grossTrial,thumbnail_grossTrial.png,1245.0,1080.0,337.0,0.0,798.0,692.0,Fixation,2000.0,83.0,968.0,328.0,"0,5061","0,3033",,
28799,44075259,1400483346546,Eye Tracker,Participant0058,17.09.2021,Participant0058,Recording4,17.09.2021,17.09.2021,14:48:45.713,12:48:45.713,64514,Timeline2,Tobii I-VT (Fixation),1.145.28180,1080,1920,"10,00",711938176.0,,,988.0,351.0,,,988.0,351.0,,,,"-0,04161","-0,00863","-0,99910",,"4,44",Invalid,Valid,,,,"292,1","100,6","513,1",,,"270,8","96,2","0,5225","0,3255",,,"0,5225","0,3255",thumbnail_grossTrial,thumbnail_grossTrial.png,1245.0,1080.0,337.0,0.0,798.0,692.0,Fixation,2000.0,83.0,968.0,328.0,"0,5061","0,3033",,
28800,44083633,1400483354920,Eye Tracker,Participant0058,17.09.2021,Participant0058,Recording4,17.09.2021,17.09.2021,14:48:45.713,12:48:45.713,64514,Timeline2,Tobii I-VT (Fixation),1.145.28180,1080,1920,"10,00",711946550.0,,,978.0,339.0,972.0,333.0,984.0,344.0,"0,06330","-0,01854","-0,99782","-0,04372","-0,01272","-0,99896",,,Valid,Valid,"233,8","100,8","515,1","292,2","100,8","513,0","266,4","91,2","269,7","94,2","0,5146","0,3137","0,5097","0,3087","0,5194","0,3188",thumbnail_grossTrial,thumbnail_grossTrial.png,1245.0,1080.0,337.0,0.0,798.0,692.0,Fixation,2000.0,83.0,968.0,328.0,"0,5061","0,3033",,
28801,44091968,1400483363255,Eye Tracker,Participant0058,17.09.2021,Participant0058,Recording4,17.09.2021,17.09.2021,14:48:45.713,12:48:45.713,64514,Timeline2,Tobii I-VT (Fixation),1.145.28180,1080,1920,"10,00",711954884.0,,,974.0,338.0,968.0,340.0,980.0,335.0,"0,06122","-0,01493","-0,99801","-0,04602","-0,01761","-0,99879",,,Valid,Valid,"233,7","100,8","515,3","292,1","100,8","513,1","265,3","93,1","268,5","91,7","0,5111","0,3126","0,5065","0,3148","0,5158","0,3103",thumbnail_grossTrial,thumbnail_grossTrial.png,1245.0,1080.0,337.0,0.0,798.0,692.0,Fixation,2000.0,83.0,968.0,328.0,"0,5061","0,3033",,
28802,44100258,1400483371545,Eye Tracker,Participant0058,17.09.2021,Participant0058,Recording4,17.09.2021,17.09.2021,14:48:45.713,12:48:45.713,64514,Timeline2,Tobii I-VT (Fixation),1.145.28180,1080,1920,"10,00",711963174.0,,,976.0,330.0,,,976.0,330.0,,,,"-0,04783","-0,02007","-0,99865",,"4,48",Invalid,Valid,,,,"292,2","100,7","513,2",,,"267,6","90,4","0,5131","0,3057",,,"0,5131","0,3057",thumbnail_grossTrial,thumbnail_grossTrial.png,1245.0,1080.0,337.0,0.0,798.0,692.0,Fixation,2000.0,83.0,968.0,328.0,"0,5061","0,3033",,
28803,44108597,1400483379884,Eye Tracker,Participant0058,17.09.2021,Participant0058,Recording4,17.09.2021,17.09.2021,14:48:45.713,12:48:45.713,64514,Timeline2,Tobii I-VT (Fixation),1.145.28180,1080,1920,"10,00",711971513.0,,,966.0,326.0,953.0,319.0,978.0,332.0,"0,05320","-0,02557","-0,99826","-0,04676","-0,01916","-0,99872",,,Valid,Valid,"233,8","100,6","515,6","292,2","100,7","513,2","261,2","87,4","268,1","90,9","0,5046","0,3016","0,4945","0,2958","0,5148","0,3075",thumbnail_grossTrial,thumbnail_grossTrial.png,1245.0,1080.0,337.0,0.0,798.0,692.0,Fixation,2000.0,83.0,968.0,328.0,"0,5061","0,3033",,
28804,44116947,1400483388234,Eye Tracker,Participant0058,17.09.2021,Participant0058,Recording4,17.09.2021,17.09.2021,14:48:45.713,12:48:45.713,64514,Timeline2,Tobii I-VT (Fixation),1.145.28180,1080,1920,"10,00",711979863.0,,,963.0,322.0,951.0,303.0,976.0,342.0,"0,05238","-0,03427","-0,99804","-0,04817","-0,01407","-0,99874",,,Valid,Valid,"233,7","100,6","515,7","292,1","100,7","513,3","260,7","82,9","267,4","93,5","0,5028","0,2983","0,4931","0,2804","0,5125","0,3162",thumbnail_grossTrial,thumbnail_grossTrial.png,1245.0,1080.0,337.0,0.0,798.0,692.0,Fixation,2000.0,83.0,968.0,328.0,"0,5061","0,3033",,
28805,44125255,1400483396542,Eye Tracker,Participant0058,17.09.2021,Participant0058,Recording4,17.09.2021,17.09.2021,14:48:45.713,12:48:45.713,64514,Timeline2,Tobii I-VT (Fixation),1.145.28180,1080,1920,"10,00",711988170.0,,,975.0,341.0,,,975.0,341.0,,,,"-0,04844","-0,01400","-0,99873",,"4,49",Invalid,Valid,,,,"292,2","100,6","513,4",,,"267,3","93,4","0,5123","0,3160",,,"0,5123","0,3160",thumbnail_grossTrial,thumbnail_grossTrial.png,1245.0,1080.0,337.0,0.0,798.0,692.0,Fixation,2000.0,83.0,968.0,328.0,"0,5061","0,3033",,
28806,44133611,1400483404898,Eye Tracker,Participant0058,17.09.2021,Participant0058,Recording4,17.09.2021,17.09.2021,14:48:45.713,12:48:45.713,64514,Timeline2,Tobii I-VT (Fixation),1.145.28180,1080,1920,"10,00",711996526.0,,,962.0,327.0,953.0,313.0,972.0,341.0,"0,05300","-0,02877","-0,99818","-0,05036","-0,01397","-0,99863",,,Valid,Valid,"233,7","100,5","515,9","292,2","100,6","513,4","261,1","85,6","266,3","93,4","0,5018","0,3029","0,4942","0,2897","0,5094","0,3161",thumbnail_grossTrial,thumbnail_grossTrial.png,1245.0,1080.0,337.0,0.0,798.0,692.0,Fixation,2000.0,83.0,968.0,328.0,"0,5061","0,3033",,
28807,44141917,1400483413204,Eye Tracker,Participant0058,17.09.2021,Participant0058,Recording4,17.09.2021,17.09.2021,14:48:45.713,12:48:45.713,64514,Timeline2,Tobii I-VT (Fixation),1.145.28180,1080,1920,"10,00",712004832.0,,,966.0,329.0,954.0,319.0,977.0,338.0,"0,05370","-0,02530","-0,99824","-0,04734","-0,01590","-0,99875",,,Valid,Valid,"233,7","100,5","516,0","292,2","100,6","513,5","261,4","87,4","267,8","92,4","0,5045","0,3042","0,4951","0,2957","0,5138","0,3127",thumbnail_grossTrial,thumbnail_grossTrial.png,1245.0,1080.0,337.0,0.0,798.0,692.0,Fixation,2000.0,83.0,968.0,328.0,"0,5061","0,3033",,
28808,44150286,1400483421573,Eye Tracker,Participant0058,17.09.2021,Participant0058,Recording4,17.09.2021,17.09.2021,14:48:45.713,12:48:45.713,64514,Timeline2,Tobii I-VT (Fixation),1.145.28180,1080,1920,"10,00",712013200.0,,,983.0,347.0,,,983.0,347.0,,,,"-0,04437","-0,01062","-0,99896",,"4,87",Invalid,Valid,,,,"292,2","100,4","513,5",,,"269,4","95,0","0,5184","0,3213",,,"0,5184","0,3213",thumbnail_grossTrial,thumbnail_grossTrial.png,1245.0,1080.0,337.0,0.0,798.0,692.0,Fixation,2000.0,83.0,968.0,328.0,"0,5061","0,3033",,
28809,44158625,1400483429912,Eye Tracker,Participant0058,17.09.2021,Participant0058,Recording4,17.09.2021,17.09.2021,14:48:45.713,12:48:45.713,64514,Timeline2,Tobii I-VT (Fixation),1.145.28180,1080,1920,"10,00",712021539.0,,,974.0,336.0,965.0,324.0,983.0,348.0,"0,05920","-0,02278","-0,99799","-0,04423","-0,01049","-0,99897",,,Valid,Valid,"233,7","100,4","516,1","292,2","100,5","513,6","264,3","88,6","269,5","95,1","0,5112","0,3109","0,5036","0,2999","0,5187","0,3219",thumbnail_grossTrial,thumbnail_grossTrial.png,1245.0,1080.0,337.0,0.0,798.0,692.0,Fixation,2000.0,83.0,968.0,328.0,"0,5061","0,3033",,
28810,44166940,1400483438227,Eye Tracker,Participant0058,17.09.2021,Participant0058,Recording4,17.09.2021,17.09.2021,14:48:45.713,12:48:45.713,64514,Timeline2,Tobii I-VT (Fixation),1.145.28180,1080,1920,"10,00",712029855.0,,,977.0,338.0,971.0,330.0,982.0,347.0,"0,06292","-0,01967","-0,99782","-0,04479","-0,01095","-0,99894",,,Valid,Valid,"233,7","100,4","516,1","292,2","100,5","513,6","266,2","90,2","269,2","94,9","0,5134","0,3131","0,5091","0,3053","0,5177","0,3210",thumbnail_grossTrial,thumbnail_grossTrial.png,1245.0,1080.0,337.0,0.0,798.0,692.0,Fixation,2000.0,83.0,968.0,328.0,"0,5061","0,3033",,
28811,44175280,1400483446567,Eye Tracker,Participant0058,17.09.2021,Participant0058,Recording4,17.09.2021,17.09.2021,14:48:45.713,12:48:45.713,64514,Timeline2,Tobii I-VT (Fixation),1.145.28180,1080,1920,"10,00",712038194.0,,,981.0,345.0,,,981.0,345.0,,,,"-0,04528","-0,01155","-0,99891",,"4,91",Invalid,Valid,,,,"292,2","100,4","513,7",,,"268,9","94,4","0,5170","0,3194",,,"0,5170","0,3194",thumbnail_grossTrial,thumbnail_grossTrial.png,1245.0,1080.0,337.0,0.0,798.0,692.0,Fixation,2000.0,83.0,968.0,328.0,"0,5061","0,3033",,
28812,44183623,1400483454910,Eye Tracker,Participant0058,17.09.2021,Participant0058,Recording4,17.09.2021,17.09.2021,14:48:45.713,12:48:45.713,64514,Timeline2,Tobii I-VT (Fixation),1.145.28180,1080,1920,"10,00",712046537.0,,,970.0,329.0,959.0,319.0,981.0,339.0,"0,05628","-0,02539","-0,99809","-0,04549","-0,01488","-0,99885",,,Valid,Valid,"233,7","100,4","516,1","292,2","100,5","513,7","262,8","87,2","268,9","92,8","0,5080","0,3046","0,4992","0,2952","0,5168","0,3140",thumbnail_grossTrial,thumbnail_grossTrial.png,1245.0,1080.0,337.0,0.0,798.0,692.0,Fixation,2000.0,83.0,968.0,328.0,"0,5061","0,3033",,
28813,44191983,1400483463270,Eye Tracker,Participant0058,17.09.2021,Participant0058,Recording4,17.09.2021,17.09.2021,14:48:45.713,12:48:45.713,64514,Timeline2,Tobii I-VT (Fixation),1.145.28180,1080,1920,"10,00",712054897.0,,,971.0,321.0,960.0,308.0,983.0,335.0,"0,05670","-0,03135","-0,99790","-0,04420","-0,01708","-0,99888",,,Valid,Valid,"233,7","100,4","516,1","292,2","100,4","513,7","263,0","84,2","269,5","91,7","0,5092","0,2975","0,4997","0,2848","0,5186","0,3101",thumbnail_grossTrial,thumbnail_grossTrial.png,1245.0,1080.0,337.0,0.0,798.0,692.0,Fixation,2000.0,83.0,968.0,328.0,"0,5061","0,3033",,
28814,44200248,1400483471535,Eye Tracker,Participant0058,17.09.2021,Participant0058,Recording4,17.09.2021,17.09.2021,14:48:45.713,12:48:45.713,64514,Timeline2,Tobii I-VT (Fixation),1.145.28180,1080,1920,"10,00",712063162.0,,,978.0,327.0,,,978.0,327.0,,,,"-0,04693","-0,02139","-0,99867",,"4,50",Invalid,Valid,,,,"292,2","100,4","513,8",,,"268,1","89,4","0,5146","0,3024",,,"0,5146","0,3024",thumbnail_grossTrial,thumbnail_grossTrial.png,1245.0,1080.0,337.0,0.0,798.0,692.0,Fixation,2000.0,83.0,968.0,328.0,"0,5061","0,3033",,
28815,44208579,1400483479866,Eye Tracker,Participant0058,17.09.2021,Participant0058,Recording4,17.09.2021,17.09.2021,14:48:45.713,12:48:45.713,64514,Timeline2,Tobii I-VT (Fixation),1.145.28180,1080,1920,"10,00",712071492.0,,,972.0,319.0,968.0,310.0,976.0,329.0,"0,06102","-0,03027","-0,99768","-0,04832","-0,02029","-0,99863",,,Valid,Valid,"233,7","100,4","516,1","292,3","100,4","513,8","265,3","84,7","267,4","90,0","0,5095","0,2956","0,5064","0,2866","0,5126","0,3045",thumbnail_grossTrial,thumbnail_grossTrial.png,1245.0,1080.0,337.0,0.0,798.0,692.0,Fixation,2000.0,83.0,968.0,328.0,"0,5061","0,3033",,
28816,44216912,1400483488199,Eye Tracker,Participant0058,17.09.2021,Participant0058,Recording4,17.09.2021,17.09.2021,14:48:45.713,12:48:45.713,64514,Timeline2,Tobii I-VT (Fixation),1.145.28180,1080,1920,"10,00",712079825.0,,,964.0,332.0,965.0,323.0,964.0,342.0,"0,05937","-0,02327","-0,99796","-0,05423","-0,01344","-0,99844",,,Valid,Valid,"233,7","100,4","516,1","292,2","100,4","513,8","264,4","88,4","264,3","93,5","0,5036","0,3077","0,5037","0,2990","0,5035","0,3164",thumbnail_grossTrial,thumbnail_grossTrial.png,1245.0,1080.0,337.0,0.0,798.0,692.0,Fixation,2000.0,83.0,968.0,328.0,"0,5061","0,3033",,
28817,44225278,1400483496565,Eye Tracker,Participant0058,17.09.2021,Participant0058,Recording4,17.09.2021,17.09.2021,14:48:45.713,12:48:45.713,64514,Timeline2,Tobii I-VT (Fixation),1.145.28180,1080,1920,"10,00",712088191.0,,,962.0,342.0,,,962.0,342.0,,,,"-0,05534","-0,01324","-0,99838",,"4,51",Invalid,Valid,,,,"292,3","100,4","513,9",,,"263,8","93,6","0,5019","0,3165",,,"0,5019","0,3165",thumbnail_grossTrial,thumbnail_grossTrial.png,1245.0,1080.0,337.0,0.0,798.0,692.0,Fixation,2000.0,83.0,968.0,328.0,"0,5061","0,3033",,
28818,44233608,1400483504895,Eye Tracker,Participant0058,17.09.2021,Participant0058,Recording4,17.09.2021,17.09.2021,14:48:45.713,12:48:45.713,64514,Timeline2,Tobii I-VT (Fixation),1.145.28180,1080,1920,"10,00",712096521.0,,,964.0,338.0,961.0,328.0,966.0,347.0,"0,05758","-0,02078","-0,99812","-0,05370","-0,01040","-0,99850",,,Valid,Valid,"233,7","100,4","516,1","292,3","100,4","513,8","263,5","89,7","264,6","95,1","0,5028","0,3125","0,5012","0,3034","0,5045","0,3217",thumbnail_grossTrial,thumbnail_grossTrial.png,1245.0,1080.0,337.0,0.0,798.0,692.0,Fixation,2000.0,83.0,968.0,328.0,"0,5061","0,3033",,
28819,44241912,1400483513199,Eye Tracker,Participant0058,17.09.2021,Participant0058,Recording4,17.09.2021,17.09.2021,14:48:45.713,12:48:45.713,64514,Timeline2,Tobii I-VT (Fixation),1.145.28180,1080,1920,"10,00",712104824.0,,,968.0,329.0,962.0,314.0,975.0,344.0,"0,05805","-0,02825","-0,99791","-0,04876","-0,01245","-0,99873",,,Valid,Valid,"233,7","100,4","516,1","292,2","100,4","513,9","263,7","85,8","267,1","94,0","0,5067","0,3043","0,5017","0,2904","0,5118","0,3181",thumbnail_grossTrial,thumbnail_grossTrial.png,1245.0,1080.0,337.0,0.0,798.0,692.0,Fixation,2000.0,83.0,968.0,328.0,"0,5061","0,3033",,
28820,44250279,1400483521566,Eye Tracker,Participant0058,17.09.2021,Participant0058,Recording4,17.09.2021,17.09.2021,14:48:45.713,12:48:45.713,64514,Timeline2,Tobii I-VT (Fixation),1.145.28180,1080,1920,"10,00",712113191.0,,,975.0,344.0,,,975.0,344.0,,,,"-0,04884","-0,01218","-0,99873",,"4,51",Invalid,Valid,,,,"292,2","100,4","513,9",,,"267,1","94,1","0,5117","0,3184",,,"0,5117","0,3184",thumbnail_grossTrial,thumbnail_grossTrial.png,1245.0,1080.0,337.0,0.0,798.0,692.0,Fixation,2000.0,83.0,968.0,328.0,"0,5061","0,3033",,
28821,44258616,1400483529903,Eye Tracker,Participant0058,17.09.2021,Participant0058,Recording4,17.09.2021,17.09.2021,14:48:45.713,12:48:45.713,64514,Timeline2,Tobii I-VT (Fixation),1.145.28180,1080,1920,"10,00",712121528.0,,,967.0,330.0,958.0,319.0,976.0,342.0,"0,05552","-0,02561","-0,99813","-0,04802","-0,01347","-0,99876",,,Valid,Valid,"233,8","100,4","516,1","292,3","100,4","513,9","262,5","87,2","267,6","93,5","0,5056","0,3057","0,4981","0,2950","0,5130","0,3164",thumbnail_grossTrial,thumbnail_grossTrial.png,1245.0,1080.0,337.0,0.0,798.0,692.0,Fixation,2000.0,83.0,968.0,328.0,"0,5061","0,3033",,
28822,44266911,1400483538198,Eye Tracker,Participant0058,17.09.2021,Participant0058,Recording4,17.09.2021,17.09.2021,14:48:45.713,12:48:45.713,64514,Timeline2,Tobii I-VT (Fixation),1.145.28180,1080,1920,"10,00",712129822.0,,,966.0,333.0,955.0,328.0,977.0,339.0,"0,05432","-0,02091","-0,99830","-0,04739","-0,01514","-0,99876",,,Valid,Valid,"233,7","100,5","516,2","292,2","100,4","513,9","261,8","89,6","267,8","92,7","0,5049","0,3084","0,4960","0,3033","0,5138","0,3135",thumbnail_grossTrial,thumbnail_grossTrial.png,1245.0,1080.0,337.0,0.0,798.0,692.0,Fixation,2000.0,83.0,968.0,328.0,"0,5061","0,3033",,
28823,44275279,1400483546566,Eye Tracker,Participant0058,17.09.2021,Participant0058,Recording4,17.09.2021,17.09.2021,14:48:45.713,12:48:45.713,64514,Timeline2,Tobii I-VT (Fixation),1.145.28180,1080,1920,"10,00",712138190.0,,,978.0,341.0,,,978.0,341.0,,,,"-0,04717","-0,01359","-0,99879",,"4,93",Invalid,Valid,,,,"292,2","100,4","514,0",,,"268,0","93,4","0,5142","0,3160",,,"0,5142","0,3160",thumbnail_grossTrial,thumbnail_grossTrial.png,1245.0,1080.0,337.0,0.0,798.0,692.0,Fixation,2000.0,83.0,968.0,328.0,"0,5061","0,3033",,
28824,44283601,1400483554888,Eye Tracker,Participant0058,17.09.2021,Participant0058,Recording4,17.09.2021,17.09.2021,14:48:45.713,12:48:45.713,64514,Timeline2,Tobii I-VT (Fixation),1.145.28180,1080,1920,"10,00",712146512.0,,,971.0,333.0,968.0,327.0,974.0,338.0,"0,06102","-0,02130","-0,99791","-0,04937","-0,01521","-0,99866",,,Valid,Valid,"233,7","100,5","516,2","292,2","100,5","513,9","265,3","89,4","266,8","92,6","0,5087","0,3080","0,5064","0,3026","0,5110","0,3134",thumbnail_grossTrial,thumbnail_grossTrial.png,1245.0,1080.0,337.0,0.0,798.0,692.0,Fixation,2000.0,83.0,968.0,328.0,"0,5061","0,3033",,
28825,44291904,1400483563191,Eye Tracker,Participant0058,17.09.2021,Participant0058,Recording4,17.09.2021,17.09.2021,14:48:45.713,12:48:45.713,64514,Timeline2,Tobii I-VT (Fixation),1.145.28180,1080,1920,"10,00",712154815.0,,,969.0,325.0,967.0,315.0,971.0,335.0,"0,06084","-0,02766","-0,99776","-0,05048","-0,01717","-0,99858",,,Valid,Valid,"233,7","100,5","516,2","292,2","100,5","514,0","265,1","86,2","266,2","91,6","0,5075","0,3008","0,5059","0,2915","0,5091","0,3100",thumbnail_grossTrial,thumbnail_grossTrial.png,1245.0,1080.0,337.0,0.0,798.0,692.0,Fixation,2000.0,83.0,968.0,328.0,"0,5061","0,3033",,
28826,44300275,1400483571562,Eye Tracker,Participant0058,17.09.2021,Participant0058,Recording4,17.09.2021,17.09.2021,14:48:45.713,12:48:45.713,64514,Timeline2,Tobii I-VT (Fixation),1.145.28180,1080,1920,"10,00",712163185.0,,,,,,,,,,,,,,,,,Invalid,Invalid,,,,,,,,,,,,,,,,,thumbnail_grossTrial,thumbnail_grossTrial.png,1245.0,1080.0,337.0,0.0,798.0,692.0,Fixation,2000.0,83.0,968.0,328.0,"0,5061","0,3033",,
28827,44308570,1400483579857,Eye Tracker,Participant0058,17.09.2021,Participant0058,Recording4,17.09.2021,17.09.2021,14:48:45.713,12:48:45.713,64514,Timeline2,Tobii I-VT (Fixation),1.145.28180,1080,1920,"10,00",712171480.0,,,963.0,322.0,952.0,306.0,975.0,338.0,"0,05250","-0,03229","-0,99810","-0,04883","-0,01524","-0,99869",,,Valid,Valid,"233,7","100,5","516,3","292,2","100,5","513,9","260,9","83,8","267,1","92,6","0,5026","0,2984","0,4934","0,2834","0,5117","0,3134",thumbnail_grossTrial,thumbnail_grossTrial.png,1245.0,1080.0,337.0,0.0,798.0,692.0,Fixation,2000.0,83.0,968.0,328.0,"0,5061","0,3033",,
28828,44316902,1400483588189,Eye Tracker,Participant0058,17.09.2021,Participant0058,Recording4,17.09.2021,17.09.2021,14:48:45.713,12:48:45.713,64514,Timeline2,Tobii I-VT (Fixation),1.145.28180,1080,1920,"10,00",712179812.0,,,962.0,331.0,951.0,322.0,972.0,340.0,"0,05231","-0,02398","-0,99834","-0,05021","-0,01465","-0,99863",,,Valid,Valid,"233,6","100,5","516,3","292,2","100,5","514,0","260,7","88,1","266,3","92,9","0,5012","0,3062","0,4929","0,2979","0,5095","0,3145",thumbnail_grossTrial,thumbnail_grossTrial.png,1245.0,1080.0,337.0,0.0,798.0,692.0,Fixation,2000.0,83.0,968.0,328.0,"0,5061","0,3033",,
28829,44325266,1400483596553,Eye Tracker,Participant0058,17.09.2021,Participant0058,Recording4,17.09.2021,17.09.2021,14:48:45.713,12:48:45.713,64514,Timeline2,Tobii I-VT (Fixation),1.145.28180,1080,1920,"10,00",712188176.0,,,970.0,336.0,,,970.0,336.0,,,,"-0,05125","-0,01630","-0,99855",,"4,50",Invalid,Valid,,,,"292,2","100,4","514,0",,,"265,9","92,0","0,5081","0,3114",,,"0,5081","0,3114",thumbnail_grossTrial,thumbnail_grossTrial.png,1245.0,1080.0,337.0,0.0,798.0,692.0,Fixation,2000.0,83.0,968.0,328.0,"0,5061","0,3033",,
28830,44333593,1400483604880,Eye Tracker,Participant0058,17.09.2021,Participant0058,Recording4,17.09.2021,17.09.2021,14:48:45.713,12:48:45.713,64514,Timeline2,Tobii I-VT (Fixation),1.145.28180,1080,1920,"10,00",712196503.0,,,965.0,335.0,962.0,333.0,969.0,337.0,"0,05764","-0,01788","-0,99818","-0,05163","-0,01621","-0,99854",,,Valid,Valid,"233,7","100,4","516,3","292,2","100,5","513,9","263,5","91,2","265,7","92,1","0,5044","0,3102","0,5012","0,3085","0,5075","0,3118",thumbnail_grossTrial,thumbnail_grossTrial.png,1245.0,1080.0,337.0,0.0,798.0,692.0,Fixation,2000.0,83.0,968.0,328.0,"0,5061","0,3033",,
28831,44342040,1400483613327,Eye Tracker,Participant0058,17.09.2021,Participant0058,Recording4,17.09.2021,17.09.2021,14:48:45.713,12:48:45.713,64514,Timeline2,Tobii I-VT (Fixation),1.145.28180,1080,1920,"10,00",712204950.0,,,966.0,329.0,961.0,319.0,971.0,340.0,"0,05743","-0,02548","-0,99802","-0,05066","-0,01456","-0,99861",,,Valid,Valid,"233,6","100,4","516,4","292,2","100,5","513,9","263,4","87,3","266,1","93,0","0,5048","0,3050","0,5007","0,2952","0,5088","0,3147",thumbnail_grossTrial,thumbnail_grossTrial.png,1245.0,1080.0,337.0,0.0,798.0,692.0,Fixation,2000.0,83.0,968.0,328.0,"0,5061","0,3033",,
28832,44350270,1400483621557,Eye Tracker,Participant0058,17.09.2021,Participant0058,Recording4,17.09.2021,17.09.2021,14:48:45.713,12:48:45.713,64514,Timeline2,Tobii I-VT (Fixation),1.145.28180,1080,1920,"10,00",712213180.0,,,972.0,340.0,,,972.0,340.0,,,,"-0,05039","-0,01447","-0,99863",,"4,47",Invalid,Valid,,,,"292,2","100,4","513,9",,,"266,3","93,0","0,5094","0,3146",,,"0,5094","0,3146",thumbnail_grossTrial,thumbnail_grossTrial.png,1245.0,1080.0,337.0,0.0,798.0,692.0,Fixation,2000.0,83.0,968.0,328.0,"0,5061","0,3033",,
28833,44358573,1400483629860,Eye Tracker,Participant0058,17.09.2021,Participant0058,Recording4,17.09.2021,17.09.2021,14:48:45.713,12:48:45.713,64514,Timeline2,Tobii I-VT (Fixation),1.145.28180,1080,1920,"10,00",712221482.0,,,968.0,323.0,966.0,312.0,969.0,335.0,"0,05983","-0,02922","-0,99778","-0,05169","-0,01723","-0,99851",,,Valid,Valid,"233,7","100,4","516,4","292,2","100,5","513,9","264,7","85,3","265,6","91,6","0,5060","0,2993","0,5046","0,2886","0,5074","0,3101",thumbnail_grossTrial,thumbnail_grossTrial.png,1245.0,1080.0,337.0,0.0,798.0,692.0,Fixation,2000.0,83.0,968.0,328.0,"0,5061","0,3033",,
28834,44366957,1400483638244,Eye Tracker,Participant0058,17.09.2021,Participant0058,Recording4,17.09.2021,17.09.2021,14:48:45.713,12:48:45.713,64514,Timeline2,Tobii I-VT (Fixation),1.145.28180,1080,1920,"10,00",712229866.0,,,965.0,321.0,963.0,305.0,968.0,336.0,"0,05852","-0,03257","-0,99775","-0,05242","-0,01658","-0,99849",,,Valid,Valid,"233,7","100,4","516,4","292,2","100,5","513,9","263,9","83,6","265,2","92,0","0,5043","0,2970","0,5025","0,2828","0,5062","0,3112",thumbnail_grossTrial,thumbnail_grossTrial.png,1245.0,1080.0,337.0,0.0,798.0,692.0,Fixation,2000.0,83.0,968.0,328.0,"0,5061","0,3033",,
28835,44375270,1400483646557,Eye Tracker,Participant0058,17.09.2021,Participant0058,Recording4,17.09.2021,17.09.2021,14:48:45.713,12:48:45.713,64514,Timeline2,Tobii I-VT (Fixation),1.145.28180,1080,1920,"10,00",712238179.0,,,967.0,336.0,,,967.0,336.0,,,,"-0,05269","-0,01633","-0,99848",,"4,48",Invalid,Valid,,,,"292,3","100,5","513,9",,,"265,1","92,0","0,5059","0,3114",,,"0,5059","0,3114",thumbnail_grossTrial,thumbnail_grossTrial.png,1245.0,1080.0,337.0,0.0,798.0,692.0,Fixation,2000.0,83.0,968.0,328.0,"0,5061","0,3033",,
28836,44383604,1400483654891,Eye Tracker,Participant0058,17.09.2021,Participant0058,Recording4,17.09.2021,17.09.2021,14:48:45.713,12:48:45.713,64514,Timeline2,Tobii I-VT (Fixation),1.145.28180,1080,1920,"10,00",712246512.0,,,966.0,325.0,964.0,311.0,969.0,338.0,"0,05895","-0,02939","-0,99783","-0,05204","-0,01535","-0,99853",,,Valid,Valid,"233,7","100,4","516,4","292,2","100,5","513,9","264,2","85,2","265,5","92,6","0,5051","0,3008","0,5033","0,2883","0,5069","0,3133",thumbnail_grossTrial,thumbnail_grossTrial.png,1245.0,1080.0,337.0,0.0,798.0,692.0,Fixation,2000.0,83.0,968.0,328.0,"0,5061","0,3033",,
28837,44392001,1400483663288,Eye Tracker,Participant0058,17.09.2021,Participant0058,Recording4,17.09.2021,17.09.2021,14:48:45.713,12:48:45.713,64514,Timeline2,Tobii I-VT (Fixation),1.145.28180,1080,1920,"10,00",712254909.0,,,967.0,325.0,965.0,314.0,969.0,335.0,"0,05961","-0,02780","-0,99783","-0,05171","-0,01722","-0,99851",,,Valid,Valid,"233,6","100,4","516,4","292,2","100,5","513,9","264,5","86,1","265,6","91,6","0,5057","0,3006","0,5041","0,2911","0,5073","0,3101",thumbnail_grossTrial,thumbnail_grossTrial.png,1245.0,1080.0,337.0,0.0,798.0,692.0,Fixation,2000.0,83.0,968.0,328.0,"0,5061","0,3033",,
28838,44400264,1400483671551,Eye Tracker,Participant0058,17.09.2021,Participant0058,Recording4,17.09.2021,17.09.2021,14:48:45.713,12:48:45.713,64514,Timeline2,Tobii I-VT (Fixation),1.145.28180,1080,1920,"10,00",712263172.0,,,970.0,336.0,,,970.0,336.0,,,,"-0,05144","-0,01671","-0,99854",,"4,47",Invalid,Valid,,,,"292,2","100,4","514,0",,,"265,8","91,8","0,5078","0,3107",,,"0,5078","0,3107",thumbnail_grossTrial,thumbnail_grossTrial.png,1245.0,1080.0,337.0,0.0,798.0,692.0,Fixation,2000.0,83.0,968.0,328.0,"0,5061","0,3033",,
28839,44408564,1400483679851,Eye Tracker,Participant0058,17.09.2021,Participant0058,Recording4,17.09.2021,17.09.2021,14:48:45.713,12:48:45.713,64514,Timeline2,Tobii I-VT (Fixation),1.145.28180,1080,1920,"10,00",712271472.0,,,963.0,331.0,961.0,321.0,964.0,341.0,"0,05757","-0,02420","-0,99805","-0,05443","-0,01394","-0,99842",,,Valid,Valid,"233,7","100,5","516,3","292,2","100,5","513,9","263,5","87,9","264,2","93,3","0,5022","0,3066","0,5011","0,2975","0,5033","0,3157",thumbnail_grossTrial,thumbnail_grossTrial.png,1245.0,1080.0,337.0,0.0,798.0,692.0,Fixation,2000.0,83.0,968.0,328.0,"0,5061","0,3033",,
28840,44416935,1400483688222,Eye Tracker,Participant0058,17.09.2021,Participant0058,Recording4,17.09.2021,17.09.2021,14:48:45.713,12:48:45.713,64514,Timeline2,Tobii I-VT (Fixation),1.145.28180,1080,1920,"10,00",712279842.0,,,962.0,339.0,958.0,340.0,966.0,338.0,"0,05607","-0,01441","-0,99832","-0,05309","-0,01533","-0,99847",,,Valid,Valid,"233,6","100,5","516,3","292,2","100,5","514,0","262,6","93,0","264,9","92,6","0,5019","0,3140","0,4986","0,3147","0,5051","0,3133",thumbnail_grossTrial,thumbnail_grossTrial.png,1245.0,1080.0,337.0,0.0,798.0,692.0,Fixation,2000.0,83.0,968.0,328.0,"0,5061","0,3033",,
28841,44425229,1400483696516,Eye Tracker,Participant0058,17.09.2021,Participant0058,Recording4,17.09.2021,17.09.2021,14:48:45.713,12:48:45.713,64514,Timeline2,Tobii I-VT (Fixation),1.145.28180,1080,1920,"10,00",712288136.0,,,950.0,347.0,,,950.0,347.0,,,,"-0,06206","-0,01056","-0,99802",,"4,47",Invalid,Valid,,,,"292,2","100,4","514,1",,,"260,3","95,0","0,4917","0,3213",,,"0,4917","0,3213",thumbnail_grossTrial,thumbnail_grossTrial.png,1245.0,1080.0,337.0,0.0,798.0,692.0,Fixation,2000.0,83.0,968.0,328.0,"0,5061","0,3033",,
28842,44433559,1400483704846,Eye Tracker,Participant0058,17.09.2021,Participant0058,Recording4,17.09.2021,17.09.2021,14:48:45.713,12:48:45.713,64514,Timeline2,Tobii I-VT (Fixation),1.145.28180,1080,1920,"10,00",712296466.0,,,964.0,336.0,960.0,334.0,968.0,337.0,"0,05707","-0,01743","-0,99822","-0,05245","-0,01582","-0,99850",,,Valid,Valid,"233,7","100,5","516,3","292,2","100,5","514,0","263,2","91,5","265,2","92,3","0,5033","0,3109","0,5003","0,3095","0,5062","0,3123",thumbnail_grossTrial,thumbnail_grossTrial.png,1245.0,1080.0,337.0,0.0,798.0,692.0,Fixation,2000.0,83.0,968.0,328.0,"0,5061","0,3033",,
28843,44441931,1400483713218,Eye Tracker,Participant0058,17.09.2021,Participant0058,Recording4,17.09.2021,17.09.2021,14:48:45.713,12:48:45.713,64514,Timeline2,Tobii I-VT (Fixation),1.145.28180,1080,1920,"10,00",712304837.0,,,963.0,330.0,961.0,319.0,965.0,340.0,"0,05739","-0,02551","-0,99803","-0,05363","-0,01429","-0,99846",,,Valid,Valid,"233,6","100,5","516,3","292,2","100,5","514,1","263,3","87,3","264,6","93,1","0,5025","0,3052","0,5006","0,2955","0,5043","0,3150",thumbnail_grossTrial,thumbnail_grossTrial.png,1245.0,1080.0,337.0,0.0,798.0,692.0,Fixation,2000.0,83.0,968.0,328.0,"0,5061","0,3033",,
28844,44450228,1400483721515,Eye Tracker,Participant0058,17.09.2021,Participant0058,Recording4,17.09.2021,17.09.2021,14:48:45.713,12:48:45.713,64514,Timeline2,Tobii I-VT (Fixation),1.145.28180,1080,1920,"10,00",712313134.0,,,966.0,338.0,,,966.0,338.0,,,,"-0,05365","-0,01509","-0,99845",,"4,47",Invalid,Valid,,,,"292,3","100,4","514,2",,,"264,6","92,6","0,5045","0,3134",,,"0,5045","0,3134",thumbnail_grossTrial,thumbnail_grossTrial.png,1245.0,1080.0,337.0,0.0,798.0,692.0,Fixation,2000.0,83.0,968.0,328.0,"0,5061","0,3033",,
28845,44458579,1400483729866,Eye Tracker,Participant0058,17.09.2021,Participant0058,Recording4,17.09.2021,17.09.2021,14:48:45.713,12:48:45.713,64514,Timeline2,Tobii I-VT (Fixation),1.145.28180,1080,1920,"10,00",712321485.0,,,963.0,331.0,960.0,322.0,965.0,339.0,"0,05681","-0,02404","-0,99810","-0,05384","-0,01471","-0,99844",,,Valid,Valid,"233,7","100,5","516,2","292,3","100,4","514,1","263,1","88,1","264,5","92,9","0,5021","0,3061","0,5000","0,2980","0,5042","0,3142",thumbnail_grossTrial,thumbnail_grossTrial.png,1245.0,1080.0,337.0,0.0,798.0,692.0,Fixation,2000.0,83.0,968.0,328.0,"0,5061","0,3033",,
28846,44466891,1400483738178,Eye Tracker,Participant0058,17.09.2021,Participant0058,Recording4,17.09.2021,17.09.2021,14:48:45.713,12:48:45.713,64514,Timeline2,Tobii I-VT (Fixation),1.145.28180,1080,1920,"10,00",712329797.0,,,957.0,341.0,961.0,336.0,953.0,345.0,"0,05735","-0,01671","-0,99821","-0,06037","-0,01149","-0,99811",,,Valid,Valid,"233,7","100,5","516,2","292,2","100,4","514,2","263,3","91,9","261,1","94,5","0,4974","0,3153","0,5006","0,3109","0,4942","0,3197",thumbnail_grossTrial,thumbnail_grossTrial.png,1245.0,1080.0,337.0,0.0,798.0,692.0,Fixation,2000.0,83.0,968.0,328.0,"0,5061","0,3033",,
28847,44475226,1400483746513,Eye Tracker,Participant0058,17.09.2021,Participant0058,Recording4,17.09.2021,17.09.2021,14:48:45.713,12:48:45.713,64514,Timeline2,Tobii I-VT (Fixation),1.145.28180,1080,1920,"10,00",712338131.0,,,970.0,339.0,,,970.0,339.0,,,,"-0,05113","-0,01448","-0,99859",,"4,47",Invalid,Valid,,,,"292,3","100,3","514,2",,,"266,0","92,9","0,5083","0,3142",,,"0,5083","0,3142",thumbnail_grossTrial,thumbnail_grossTrial.png,1245.0,1080.0,337.0,0.0,798.0,692.0,Fixation,2000.0,83.0,968.0,328.0,"0,5061","0,3033",,
28848,44483556,1400483754843,Eye Tracker,Participant0058,17.09.2021,Participant0058,Recording4,17.09.2021,17.09.2021,14:48:45.713,12:48:45.713,64514,Timeline2,Tobii I-VT (Fixation),1.145.28180,1080,1920,"10,00",712346461.0,,,965.0,334.0,960.0,336.0,970.0,332.0,"0,05666","-0,01659","-0,99826","-0,05122","-0,01829","-0,99852",,,Valid,Valid,"233,7","100,5","516,1","292,3","100,3","514,1","263,0","91,9","265,9","90,9","0,5040","0,3093","0,4998","0,3110","0,5082","0,3076",thumbnail_grossTrial,thumbnail_grossTrial.png,1245.0,1080.0,337.0,0.0,798.0,692.0,Fixation,2000.0,83.0,968.0,328.0,"0,5061","0,3033",,
28849,44491920,1400483763207,Eye Tracker,Participant0058,17.09.2021,Participant0058,Recording4,17.09.2021,17.09.2021,14:48:45.713,12:48:45.713,64514,Timeline2,Tobii I-VT (Fixation),1.145.28180,1080,1920,"10,00",712354825.0,,,961.0,334.0,957.0,328.0,966.0,339.0,"0,05547","-0,02079","-0,99824","-0,05360","-0,01444","-0,99846",,,Valid,Valid,"233,7","100,5","516,1","292,3","100,3","514,2","262,4","89,7","264,7","92,9","0,5012","0,3088","0,4978","0,3035","0,5045","0,3142",thumbnail_grossTrial,thumbnail_grossTrial.png,1245.0,1080.0,337.0,0.0,798.0,692.0,Fixation,2000.0,83.0,968.0,328.0,"0,5061","0,3033",,
28850,44500249,1400483771536,Eye Tracker,Participant0058,17.09.2021,Participant0058,Recording4,17.09.2021,17.09.2021,14:48:45.713,12:48:45.713,64514,Timeline2,Tobii I-VT (Fixation),1.145.28180,1080,1920,"10,00",712363154.0,,,,,,,,,,,,,,,,,Invalid,Invalid,,,,,,,,,,,,,,,,,thumbnail_grossTrial,thumbnail_grossTrial.png,1245.0,1080.0,337.0,0.0,798.0,692.0,Fixation,2000.0,83.0,968.0,328.0,"0,5061","0,3033",,
28851,44508590,1400483779877,Eye Tracker,Participant0058,17.09.2021,Participant0058,Recording4,17.09.2021,17.09.2021,14:48:45.713,12:48:45.713,64514,Timeline2,Tobii I-VT (Fixation),1.145.28180,1080,1920,"10,00",712371495.0,,,953.0,325.0,942.0,304.0,964.0,345.0,"0,04714","-0,03304","-0,99834","-0,05468","-0,01129","-0,99844",,,Valid,Valid,"233,7","100,4","516,0","292,3","100,2","514,1","258,1","83,3","264,2","94,4","0,4942","0,3005","0,4853","0,2818","0,5031","0,3193",thumbnail_grossTrial,thumbnail_grossTrial.png,1245.0,1080.0,337.0,0.0,798.0,692.0,Fixation,2000.0,83.0,968.0,328.0,"0,5061","0,3033",,
28852,44516886,1400483788173,Eye Tracker,Participant0058,17.09.2021,Participant0058,Recording4,17.09.2021,17.09.2021,14:48:45.713,12:48:45.713,64514,Timeline2,Tobii I-VT (Fixation),1.145.28180,1080,1920,"10,00",712379791.0,,,956.0,321.0,947.0,302.0,966.0,340.0,"0,05021","-0,03440","-0,99815","-0,05362","-0,01389","-0,99846",,,Valid,Valid,"233,7","100,3","516,0","292,3","100,1","514,1","259,6","82,5","264,7","93,0","0,4972","0,2969","0,4898","0,2793","0,5045","0,3146",thumbnail_grossTrial,thumbnail_grossTrial.png,1245.0,1080.0,337.0,0.0,798.0,692.0,Fixation,2000.0,83.0,968.0,328.0,"0,5061","0,3033",,
28853,44525249,1400483796536,Eye Tracker,Participant0058,17.09.2021,Participant0058,Recording4,17.09.2021,17.09.2021,14:48:45.713,12:48:45.713,64514,Timeline2,Tobii I-VT (Fixation),1.145.28180,1080,1920,"10,00",712388154.0,,,967.0,341.0,,,967.0,341.0,,,,"-0,05321","-0,01286","-0,99850",,"4,46",Invalid,Valid,,,,"292,3","100,0","514,1",,,"264,9","93,4","0,5053","0,3160",,,"0,5053","0,3160",thumbnail_grossTrial,thumbnail_grossTrial.png,1245.0,1080.0,337.0,0.0,798.0,692.0,Fixation,2000.0,83.0,968.0,328.0,"0,5061","0,3033",,
28854,44533586,1400483804873,Eye Tracker,Participant0058,17.09.2021,Participant0058,Recording4,17.09.2021,17.09.2021,14:48:45.713,12:48:45.713,64514,Timeline2,Tobii I-VT (Fixation),1.145.28180,1080,1920,"10,00",712396490.0,,,961.0,331.0,957.0,321.0,965.0,342.0,"0,05508","-0,02413","-0,99819","-0,05390","-0,01263","-0,99847",,,Valid,Valid,"233,7","100,3","516,0","292,3","100,1","514,0","262,2","87,8","264,6","93,6","0,5008","0,3068","0,4973","0,2970","0,5042","0,3166",thumbnail_grossTrial,thumbnail_grossTrial.png,1245.0,1080.0,337.0,0.0,798.0,692.0,Fixation,2000.0,83.0,968.0,328.0,"0,5061","0,3033",,
28855,44541886,1400483813173,Eye Tracker,Participant0058,17.09.2021,Participant0058,Recording4,17.09.2021,17.09.2021,14:48:45.713,12:48:45.713,64514,Timeline2,Tobii I-VT (Fixation),1.145.28180,1080,1920,"10,00",712404790.0,,,961.0,332.0,956.0,322.0,966.0,343.0,"0,05500","-0,02363","-0,99821","-0,05331","-0,01187","-0,99851",,,Valid,Valid,"233,6","100,2","516,0","292,2","100,0","514,0","262,1","88,0","264,8","93,9","0,5010","0,3078","0,4970","0,2978","0,5050","0,3178",thumbnail_grossTrial,thumbnail_grossTrial.png,1245.0,1080.0,337.0,0.0,798.0,692.0,Fixation,2000.0,83.0,968.0,328.0,"0,5061","0,3033",,
28856,44550248,1400483821535,Eye Tracker,Participant0058,17.09.2021,Participant0058,Recording4,17.09.2021,17.09.2021,14:48:45.713,12:48:45.713,64514,Timeline2,Tobii I-VT (Fixation),1.145.28180,1080,1920,"10,00",712413152.0,,,966.0,343.0,,,966.0,343.0,,,,"-0,05357","-0,01199","-0,99849",,"4,48",Invalid,Valid,,,,"292,3","100,0","514,0",,,"264,7","93,8","0,5047","0,3174",,,"0,5047","0,3174",thumbnail_grossTrial,thumbnail_grossTrial.png,1245.0,1080.0,337.0,0.0,798.0,692.0,Fixation,2000.0,83.0,968.0,328.0,"0,5061","0,3033",,
28857,44558586,1400483829873,Eye Tracker,Participant0058,17.09.2021,Participant0058,Recording4,17.09.2021,17.09.2021,14:48:45.713,12:48:45.713,64514,Timeline2,Tobii I-VT (Fixation),1.145.28180,1080,1920,"10,00",712421489.0,,,963.0,336.0,959.0,328.0,967.0,343.0,"0,05632","-0,02007","-0,99821","-0,05313","-0,01204","-0,99852",,,Valid,Valid,"233,7","100,2","516,0","292,3","100,1","513,9","262,8","89,8","264,9","93,9","0,5022","0,3108","0,4991","0,3039","0,5053","0,3176",thumbnail_grossTrial,thumbnail_grossTrial.png,1245.0,1080.0,337.0,0.0,798.0,692.0,Fixation,2000.0,83.0,968.0,328.0,"0,5061","0,3033",,
28858,44566915,1400483838202,Eye Tracker,Participant0058,17.09.2021,Participant0058,Recording4,17.09.2021,17.09.2021,14:48:45.713,12:48:45.713,64514,Timeline2,Tobii I-VT (Fixation),1.145.28180,1080,1920,"10,00",712429818.0,,,961.0,338.0,957.0,331.0,966.0,345.0,"0,05532","-0,01863","-0,99829","-0,05345","-0,01115","-0,99851",,,Valid,Valid,"233,6","100,2","516,0","292,2","100,1","513,9","262,2","90,6","264,7","94,4","0,5010","0,3129","0,4974","0,3065","0,5047","0,3192",thumbnail_grossTrial,thumbnail_grossTrial.png,1245.0,1080.0,337.0,0.0,798.0,692.0,Fixation,2000.0,83.0,968.0,328.0,"0,5061","0,3033",,
28859,44575258,1400483846545,Eye Tracker,Participant0058,17.09.2021,Participant0058,Recording4,17.09.2021,17.09.2021,14:48:45.713,12:48:45.713,64514,Timeline2,Tobii I-VT (Fixation),1.145.28180,1080,1920,"10,00",712438161.0,,,964.0,344.0,,,964.0,344.0,,,,"-0,05463","-0,01140","-0,99844",,"4,47",Invalid,Valid,,,,"292,3","100,1","513,9",,,"264,1","94,2","0,5030","0,3187",,,"0,5030","0,3187",thumbnail_grossTrial,thumbnail_grossTrial.png,1245.0,1080.0,337.0,0.0,798.0,692.0,Fixation,2000.0,83.0,968.0,328.0,"0,5061","0,3033",,
28860,44583580,1400483854867,Eye Tracker,Participant0058,17.09.2021,Participant0058,Recording4,17.09.2021,17.09.2021,14:48:45.713,12:48:45.713,64514,Timeline2,Tobii I-VT (Fixation),1.145.28180,1080,1920,"10,00",712446483.0,,,959.0,322.0,952.0,303.0,965.0,341.0,"0,05270","-0,03350","-0,99805","-0,05371","-0,01355","-0,99846",,,Valid,Valid,"233,7","100,3","516,0","292,2","100,2","513,8","260,9","82,9","264,6","93,2","0,4990","0,2979","0,4936","0,2806","0,5044","0,3153",thumbnail_grossTrial,thumbnail_grossTrial.png,1245.0,1080.0,337.0,0.0,798.0,692.0,Fixation,2000.0,83.0,968.0,328.0,"0,5061","0,3033",,
28861,44591933,1400483863220,Eye Tracker,Participant0058,17.09.2021,Participant0058,Recording4,17.09.2021,17.09.2021,14:48:45.713,12:48:45.713,64514,Timeline2,Tobii I-VT (Fixation),1.145.28180,1080,1920,"10,00",712454835.0,,,959.0,325.0,953.0,315.0,966.0,334.0,"0,05313","-0,02721","-0,99822","-0,05324","-0,01684","-0,99844",,,Valid,Valid,"233,6","100,3","516,0","292,2","100,2","513,8","261,1","86,2","264,8","91,5","0,4995","0,3007","0,4940","0,2917","0,5049","0,3097",thumbnail_grossTrial,thumbnail_grossTrial.png,1245.0,1080.0,337.0,0.0,798.0,692.0,Fixation,2000.0,83.0,968.0,328.0,"0,5061","0,3033",,
28862,44600220,1400483871507,Eye Tracker,Participant0058,17.09.2021,Participant0058,Recording4,17.09.2021,17.09.2021,14:48:45.713,12:48:45.713,64514,Timeline2,Tobii I-VT (Fixation),1.145.28180,1080,1920,"10,00",712463122.0,,,967.0,336.0,,,967.0,336.0,,,,"-0,05280","-0,01619","-0,99847",,"4,46",Invalid,Valid,,,,"292,2","100,2","513,8",,,"265,1","91,8","0,5057","0,3107",,,"0,5057","0,3107",thumbnail_grossTrial,thumbnail_grossTrial.png,1245.0,1080.0,337.0,0.0,798.0,692.0,Fixation,2000.0,83.0,968.0,328.0,"0,5061","0,3033",,
28863,44608591,1400483879878,Eye Tracker,Participant0058,17.09.2021,Participant0058,Recording4,17.09.2021,17.09.2021,14:48:45.713,12:48:45.713,64514,Timeline2,Tobii I-VT (Fixation),1.145.28180,1080,1920,"10,00",712471493.0,,,965.0,339.0,962.0,338.0,968.0,340.0,"0,05826","-0,01497","-0,99819","-0,05256","-0,01421","-0,99852",,,Valid,Valid,"233,7","100,3","516,0","292,2","100,2","513,8","263,8","92,5","265,2","92,9","0,5040","0,3138","0,5020","0,3131","0,5060","0,3144",thumbnail_grossTrial,thumbnail_grossTrial.png,1245.0,1080.0,337.0,0.0,798.0,692.0,Fixation,2000.0,83.0,968.0,328.0,"0,5061","0,3033",,
28864,44616878,1400483888165,Eye Tracker,Participant0058,17.09.2021,Participant0058,Recording4,17.09.2021,17.09.2021,14:48:45.713,12:48:45.713,64514,Timeline2,Tobii I-VT (Fixation),1.145.28180,1080,1920,"10,00",712479779.0,,,966.0,347.0,964.0,351.0,968.0,344.0,"0,05908","-0,00846","-0,99822","-0,05242","-0,01183","-0,99856",,,Valid,Valid,"233,6","100,3","516,0","292,2","100,3","513,8","264,2","96,0","265,2","94,2","0,5046","0,3217","0,5031","0,3246","0,5061","0,3187",thumbnail_grossTrial,thumbnail_grossTrial.png,1245.0,1080.0,337.0,0.0,798.0,692.0,Fixation,2000.0,83.0,968.0,328.0,"0,5061","0,3033",,
28865,44625214,1400483896501,Eye Tracker,Participant0058,17.09.2021,Participant0058,Recording4,17.09.2021,17.09.2021,14:48:45.713,12:48:45.713,64514,Timeline2,Tobii I-VT (Fixation),1.145.28180,1080,1920,"10,00",712488115.0,,,975.0,349.0,,,975.0,349.0,,,,"-0,04868","-0,00890","-0,99878",,"4,46",Invalid,Valid,,,,"292,2","100,2","513,8",,,"267,1","95,6","0,5118","0,3234",,,"0,5118","0,3234",thumbnail_grossTrial,thumbnail_grossTrial.png,1245.0,1080.0,337.0,0.0,798.0,692.0,Fixation,2000.0,83.0,968.0,328.0,"0,5061","0,3033",,
28866,44633634,1400483904921,Eye Tracker,Participant0058,17.09.2021,Participant0058,Recording4,17.09.2021,17.09.2021,14:48:45.713,12:48:45.713,64514,Timeline2,Tobii I-VT (Fixation),1.145.28180,1080,1920,"10,00",712496535.0,,,967.0,343.0,959.0,337.0,974.0,348.0,"0,05644","-0,01558","-0,99828","-0,04900","-0,00975","-0,99875",,,Valid,Valid,"233,7","100,3","516,0","292,2","100,3","513,7","262,8","92,3","267,0","95,3","0,5054","0,3174","0,4992","0,3123","0,5115","0,3224",thumbnail_grossTrial,thumbnail_grossTrial.png,1245.0,1080.0,337.0,0.0,798.0,692.0,Fixation,2000.0,83.0,968.0,328.0,"0,5061","0,3033",,
28867,44641876,1400483913163,Eye Tracker,Participant0058,17.09.2021,Participant0058,Recording4,17.09.2021,17.09.2021,14:48:45.713,12:48:45.713,64514,Timeline2,Tobii I-VT (Fixation),1.145.28180,1080,1920,"10,00",712504777.0,,,965.0,342.0,953.0,335.0,977.0,349.0,"0,05356","-0,01658","-0,99843","-0,04752","-0,00924","-0,99883",,,Valid,Valid,"233,6","100,4","516,0","292,2","100,3","513,8","261,3","91,8","267,7","95,6","0,5041","0,3170","0,4947","0,3106","0,5135","0,3234",thumbnail_grossTrial,thumbnail_grossTrial.png,1245.0,1080.0,337.0,0.0,798.0,692.0,Fixation,2000.0,83.0,968.0,328.0,"0,5061","0,3033",,
28868,44650211,1400483921498,Eye Tracker,Participant0058,17.09.2021,Participant0058,Recording4,17.09.2021,17.09.2021,14:48:45.713,12:48:45.713,64514,Timeline2,Tobii I-VT (Fixation),1.145.28180,1080,1920,"10,00",712513112.0,,,978.0,347.0,,,978.0,347.0,,,,"-0,04687","-0,01025","-0,99885",,"4,46",Invalid,Valid,,,,"292,2","100,2","513,8",,,"268,1","94,9","0,5146","0,3212",,,"0,5146","0,3212",thumbnail_grossTrial,thumbnail_grossTrial.png,1245.0,1080.0,337.0,0.0,798.0,692.0,Fixation,2000.0,83.0,968.0,328.0,"0,5061","0,3033",,
28869,44658569,1400483929856,Eye Tracker,Participant0058,17.09.2021,Participant0058,Recording4,17.09.2021,17.09.2021,14:48:45.713,12:48:45.713,64514,Timeline2,Tobii I-VT (Fixation),1.145.28180,1080,1920,"10,00",712521470.0,,,965.0,345.0,951.0,342.0,978.0,347.0,"0,05218","-0,01315","-0,99855","-0,04712","-0,01022","-0,99884",,,Valid,Valid,"233,7","100,3","515,9","292,2","100,3","513,7","260,7","93,5","268,0","95,0","0,5036","0,3190","0,4929","0,3165","0,5144","0,3216",thumbnail_grossTrial,thumbnail_grossTrial.png,1245.0,1080.0,337.0,0.0,798.0,692.0,Fixation,2000.0,83.0,968.0,328.0,"0,5061","0,3033",,
28870,44666900,1400483938187,Eye Tracker,Participant0058,17.09.2021,Participant0058,Recording4,17.09.2021,17.09.2021,14:48:45.713,12:48:45.713,64514,Timeline2,Tobii I-VT (Fixation),1.145.28180,1080,1920,"10,00",712529801.0,,,964.0,325.0,951.0,306.0,978.0,344.0,"0,05211","-0,03205","-0,99813","-0,04702","-0,01202","-0,99882",,,Valid,Valid,"233,7","100,3","515,9","292,2","100,3","513,8","260,6","83,8","268,0","94,1","0,5035","0,3010","0,4926","0,2835","0,5144","0,3184",thumbnail_grossTrial,thumbnail_grossTrial.png,1245.0,1080.0,337.0,0.0,798.0,692.0,Fixation,2000.0,83.0,968.0,328.0,"0,5061","0,3033",,
28871,44675256,1400483946543,Eye Tracker,Participant0058,17.09.2021,Participant0058,Recording4,17.09.2021,17.09.2021,14:48:45.713,12:48:45.713,64514,Timeline2,Tobii I-VT (Fixation),1.145.28180,1080,1920,"10,00",712538156.0,,,973.0,339.0,,,973.0,339.0,,,,"-0,04998","-0,01448","-0,99865",,"4,46",Invalid,Valid,,,,"292,3","100,2","513,8",,,"266,6","92,8","0,5101","0,3139",,,"0,5101","0,3139",thumbnail_grossTrial,thumbnail_grossTrial.png,1245.0,1080.0,337.0,0.0,798.0,692.0,Fixation,2000.0,83.0,968.0,328.0,"0,5061","0,3033",,
28872,44683620,1400483954907,Eye Tracker,Participant0058,17.09.2021,Participant0058,Recording4,17.09.2021,17.09.2021,14:48:45.713,12:48:45.713,64514,Timeline2,Tobii I-VT (Fixation),1.145.28180,1080,1920,"10,00",712546520.0,,,965.0,319.0,957.0,310.0,974.0,328.0,"0,05507","-0,03010","-0,99803","-0,04945","-0,02057","-0,99856",,,Valid,Valid,"233,7","100,3","515,9","292,3","100,3","513,8","262,2","84,8","266,8","89,7","0,5041","0,2951","0,4973","0,2868","0,5109","0,3034",thumbnail_grossTrial,thumbnail_grossTrial.png,1245.0,1080.0,337.0,0.0,798.0,692.0,Fixation,2000.0,83.0,968.0,328.0,"0,5061","0,3033",,
28873,44691930,1400483963217,Eye Tracker,Participant0058,17.09.2021,Participant0058,Recording4,17.09.2021,17.09.2021,14:48:45.713,12:48:45.713,64514,Timeline2,Tobii I-VT (Fixation),1.145.28180,1080,1920,"10,00",712554830.0,,,961.0,325.0,953.0,318.0,970.0,333.0,"0,05325","-0,02601","-0,99824","-0,05125","-0,01784","-0,99853",,,Valid,Valid,"233,7","100,3","515,9","292,2","100,3","513,8","261,2","86,9","265,8","91,1","0,5012","0,3011","0,4944","0,2940","0,5080","0,3082",thumbnail_grossTrial,thumbnail_grossTrial.png,1245.0,1080.0,337.0,0.0,798.0,692.0,Fixation,2000.0,83.0,968.0,328.0,"0,5061","0,3033",,
28874,44700232,1400483971519,Eye Tracker,Participant0058,17.09.2021,Participant0058,Recording4,17.09.2021,17.09.2021,14:48:45.713,12:48:45.713,64514,Timeline2,Tobii I-VT (Fixation),1.145.28180,1080,1920,"10,00",712563132.0,,,973.0,336.0,,,973.0,336.0,,,,"-0,04994","-0,01596","-0,99862",,"4,88",Invalid,Valid,,,,"292,3","100,2","513,8",,,"266,6","92,0","0,5101","0,3112",,,"0,5101","0,3112",thumbnail_grossTrial,thumbnail_grossTrial.png,1245.0,1080.0,337.0,0.0,798.0,692.0,Fixation,2000.0,83.0,968.0,328.0,"0,5061","0,3033",,
28875,44708538,1400483979825,Eye Tracker,Participant0058,17.09.2021,Participant0058,Recording4,17.09.2021,17.09.2021,14:48:45.713,12:48:45.713,64514,Timeline2,Tobii I-VT (Fixation),1.145.28180,1080,1920,"10,00",712571437.0,,,959.0,330.0,947.0,316.0,972.0,345.0,"0,05001","-0,02712","-0,99838","-0,05041","-0,01147","-0,99866",,,Valid,Valid,"233,7","100,4","515,8","292,3","100,3","513,8","259,6","86,3","266,3","94,4","0,4995","0,3057","0,4896","0,2921","0,5094","0,3192",thumbnail_grossTrial,thumbnail_grossTrial.png,1245.0,1080.0,337.0,0.0,798.0,692.0,Fixation,2000.0,83.0,968.0,328.0,"0,5061","0,3033",,
28876,44716869,1400483988156,Eye Tracker,Participant0058,17.09.2021,Participant0058,Recording4,17.09.2021,17.09.2021,14:48:45.713,12:48:45.713,64514,Timeline2,Tobii I-VT (Fixation),1.145.28180,1080,1920,"10,00",712579768.0,,,963.0,335.0,951.0,328.0,976.0,343.0,"0,05201","-0,02072","-0,99843","-0,04819","-0,01232","-0,99876",,,Valid,Valid,"233,6","100,4","515,8","292,2","100,3","513,8","260,5","89,7","267,4","93,9","0,5025","0,3106","0,4924","0,3034","0,5126","0,3178",thumbnail_grossTrial,thumbnail_grossTrial.png,1245.0,1080.0,337.0,0.0,798.0,692.0,Fixation,2000.0,83.0,968.0,328.0,"0,5061","0,3033",,
28877,44725233,1400483996520,Eye Tracker,Participant0058,17.09.2021,Participant0058,Recording4,17.09.2021,17.09.2021,14:48:45.713,12:48:45.713,64514,Timeline2,Tobii I-VT (Fixation),1.145.28180,1080,1920,"10,00",712588132.0,,,977.0,342.0,,,977.0,342.0,,,,"-0,04772","-0,01288","-0,99878",,"4,86",Invalid,Valid,,,,"292,2","100,2","513,8",,,"267,7","93,6","0,5134","0,3167",,,"0,5134","0,3167",thumbnail_grossTrial,thumbnail_grossTrial.png,1245.0,1080.0,337.0,0.0,798.0,692.0,Fixation,2000.0,83.0,968.0,328.0,"0,5061","0,3033",,
28878,44733565,1400484004852,Eye Tracker,Participant0058,17.09.2021,Participant0058,Recording4,17.09.2021,17.09.2021,14:48:45.713,12:48:45.713,64514,Timeline2,Tobii I-VT (Fixation),1.145.28180,1080,1920,"10,00",712596463.0,,,961.0,338.0,945.0,327.0,977.0,348.0,"0,04884","-0,02136","-0,99858","-0,04732","-0,00957","-0,99883",,,Valid,Valid,"233,7","100,4","515,8","292,2","100,3","513,8","258,9","89,4","267,9","95,4","0,5009","0,3125","0,4878","0,3024","0,5140","0,3227",thumbnail_grossTrial,thumbnail_grossTrial.png,1245.0,1080.0,337.0,0.0,798.0,692.0,Fixation,2000.0,83.0,968.0,328.0,"0,5061","0,3033",,
28879,44741980,1400484013267,Eye Tracker,Participant0058,17.09.2021,Participant0058,Recording4,17.09.2021,17.09.2021,14:48:45.713,12:48:45.713,64514,Timeline2,Tobii I-VT (Fixation),1.145.28180,1080,1920,"10,00",712604878.0,,,960.0,336.0,947.0,324.0,973.0,347.0,"0,04992","-0,02249","-0,99850","-0,04945","-0,01052","-0,99872",,,Valid,Valid,"233,6","100,4","515,8","292,2","100,3","513,8","259,4","88,8","266,7","94,9","0,4999","0,3108","0,4892","0,3005","0,5106","0,3211",thumbnail_grossTrial,thumbnail_grossTrial.png,1245.0,1080.0,337.0,0.0,798.0,692.0,Fixation,2000.0,83.0,968.0,328.0,"0,5061","0,3033",,
28880,44750201,1400484021488,Eye Tracker,Participant0058,17.09.2021,Participant0058,Recording4,17.09.2021,17.09.2021,14:48:45.713,12:48:45.713,64514,Timeline2,Tobii I-VT (Fixation),1.145.28180,1080,1920,"10,00",712613099.0,,,956.0,360.0,,,956.0,360.0,,,,"-0,05880","-0,00363","-0,99826",,"4,87",Invalid,Valid,,,,"292,2","100,3","513,8",,,"262,0","98,4","0,4966","0,3329",,,"0,4966","0,3329",thumbnail_grossTrial,thumbnail_grossTrial.png,1245.0,1080.0,337.0,0.0,798.0,692.0,Fixation,2000.0,83.0,968.0,328.0,"0,5061","0,3033",,
28881,44758532,1400484029819,Eye Tracker,Participant0058,17.09.2021,Participant0058,Recording4,17.09.2021,17.09.2021,14:48:45.713,12:48:45.713,64514,Timeline2,Tobii I-VT (Fixation),1.145.28180,1080,1920,"10,00",712621430.0,,,955.0,318.0,937.0,294.0,974.0,341.0,"0,04451","-0,03871","-0,99826","-0,04934","-0,01338","-0,99869",,,Valid,Valid,"233,7","100,4","515,8","292,2","100,3","513,8","256,7","80,4","266,9","93,5","0,4961","0,2941","0,4813","0,2721","0,5110","0,3162",thumbnail_grossTrial,thumbnail_grossTrial.png,1245.0,1080.0,337.0,0.0,798.0,692.0,Fixation,2000.0,83.0,968.0,328.0,"0,5061","0,3033",,
28882,44766898,1400484038185,Eye Tracker,Participant0058,17.09.2021,Participant0058,Recording4,17.09.2021,17.09.2021,14:48:45.713,12:48:45.713,64514,Timeline2,Tobii I-VT (Fixation),1.145.28180,1080,1920,"10,00",712629795.0,,,954.0,318.0,935.0,293.0,973.0,343.0,"0,04356","-0,03911","-0,99829","-0,04981","-0,01243","-0,99868",,,Valid,Valid,"233,7","100,4","515,9","292,2","100,4","513,9","256,2","80,2","266,6","94,0","0,4949","0,2947","0,4796","0,2715","0,5101","0,3179",thumbnail_grossTrial,thumbnail_grossTrial.png,1245.0,1080.0,337.0,0.0,798.0,692.0,Fixation,2000.0,83.0,968.0,328.0,"0,5061","0,3033",,
28883,44775229,1400484046516,Eye Tracker,Participant0058,17.09.2021,Participant0058,Recording4,17.09.2021,17.09.2021,14:48:45.713,12:48:45.713,64514,Timeline2,Tobii I-VT (Fixation),1.145.28180,1080,1920,"10,00",712638126.0,,,971.0,341.0,,,971.0,341.0,,,,"-0,05084","-0,01358","-0,99861",,"4,49",Invalid,Valid,,,,"292,3","100,3","513,9",,,"266,1","93,3","0,5088","0,3158",,,"0,5088","0,3158",thumbnail_grossTrial,thumbnail_grossTrial.png,1245.0,1080.0,337.0,0.0,798.0,692.0,Fixation,2000.0,83.0,968.0,328.0,"0,5061","0,3033",,
28884,44783558,1400484054845,Eye Tracker,Participant0058,17.09.2021,Participant0058,Recording4,17.09.2021,17.09.2021,14:48:45.713,12:48:45.713,64514,Timeline2,Tobii I-VT (Fixation),1.145.28180,1080,1920,"10,00",712646455.0,,,963.0,329.0,955.0,316.0,970.0,341.0,"0,05435","-0,02703","-0,99816","-0,05118","-0,01354","-0,99860",,,Valid,Valid,"233,7","100,5","515,9","292,3","100,4","513,9","261,8","86,5","265,9","93,4","0,5023","0,3043","0,4962","0,2926","0,5083","0,3160",thumbnail_grossTrial,thumbnail_grossTrial.png,1245.0,1080.0,337.0,0.0,798.0,692.0,Saccade,17.0,174.0,,,,,,
28885,44791898,1400484063185,Eye Tracker,Participant0058,17.09.2021,Participant0058,Recording4,17.09.2021,17.09.2021,14:48:45.713,12:48:45.713,64514,Timeline2,Tobii I-VT (Fixation),1.145.28180,1080,1920,"10,00",712654794.0,,,968.0,327.0,955.0,314.0,980.0,340.0,"0,05444","-0,02826","-0,99812","-0,04570","-0,01409","-0,99886",,,Valid,Valid,"233,7","100,5","516,0","292,2","100,4","513,9","261,8","85,9","268,7","93,2","0,5063","0,3028","0,4962","0,2905","0,5164","0,3152",thumbnail_grossTrial,thumbnail_grossTrial.png,1245.0,1080.0,337.0,0.0,798.0,692.0,Saccade,17.0,174.0,,,,,,
28886,44800233,1400484071520,Eye Tracker,Participant0058,17.09.2021,Participant0058,Recording4,17.09.2021,17.09.2021,14:48:45.713,12:48:45.713,64514,Timeline2,Tobii I-VT (Fixation),1.145.28180,1080,1920,"10,00",712663129.0,,,,,,,,,,,,,,,,,Invalid,Invalid,,,,,,,,,,,,,,,,,thumbnail_grossTrial,thumbnail_grossTrial.png,1245.0,1080.0,337.0,0.0,798.0,692.0,EyesNotFound,8.0,370.0,,,,,,
28887,44808527,1400484079814,Eye Tracker,Participant0058,17.09.2021,Participant0058,Recording4,17.09.2021,17.09.2021,14:48:45.713,12:48:45.713,64514,Timeline2,Tobii I-VT (Fixation),1.145.28180,1080,1920,"10,00",712671423.0,,,919.0,348.0,887.0,347.0,952.0,350.0,"0,01871","-0,01086","-0,99977","-0,05986","-0,00933","-0,99816",,,Valid,Valid,"233,4","100,6","516,1","291,7","100,5","514,0","243,0","95,0","260,9","95,7","0,4673","0,3227","0,4411","0,3215","0,4936","0,3239",thumbnail_grossTrial,thumbnail_grossTrial.png,1245.0,1080.0,337.0,0.0,798.0,692.0,Saccade,33.0,175.0,,,,,,
28888,44816894,1400484088181,Eye Tracker,Participant0058,17.09.2021,Participant0058,Recording4,17.09.2021,17.09.2021,14:48:45.713,12:48:45.713,64514,Timeline2,Tobii I-VT (Fixation),1.145.28180,1080,1920,"10,00",712679790.0,,,786.0,400.0,732.0,415.0,840.0,385.0,"-0,06266","0,02496","-0,99772","-0,11821","0,00918","-0,99295",,,Valid,Valid,"233,0","100,7","516,1","291,4","100,6","514,0","200,6","113,6","230,2","105,3","0,3602","0,3704","0,3168","0,3844","0,4035","0,3563",thumbnail_grossTrial,thumbnail_grossTrial.png,1245.0,1080.0,337.0,0.0,798.0,692.0,Saccade,33.0,175.0,,,,,,
28889,44825285,1400484096572,Eye Tracker,Participant0058,17.09.2021,Participant0058,Recording4,17.09.2021,17.09.2021,14:48:45.713,12:48:45.713,64514,Timeline2,Tobii I-VT (Fixation),1.145.28180,1080,1920,"10,00",712688180.0,,,705.0,427.0,703.0,427.0,706.0,426.0,"-0,07738","0,03144","-0,99651","-0,18655","0,03087","-0,98196","4,62","4,54",Valid,Valid,"232,8","100,7","516,2","291,2","100,5","514,1","192,7","117,0","193,5","116,7","0,2949","0,3953","0,2938","0,3958","0,2961","0,3949",thumbnail_grossTrial,thumbnail_grossTrial.png,1245.0,1080.0,337.0,0.0,798.0,692.0,Saccade,33.0,175.0,,,,,,
28890,44833535,1400484104822,Eye Tracker,Participant0058,17.09.2021,Participant0058,Recording4,17.09.2021,17.09.2021,14:48:45.713,12:48:45.713,64514,Timeline2,Tobii I-VT (Fixation),1.145.28180,1080,1920,"10,00",712696430.0,,,646.0,447.0,649.0,446.0,643.0,449.0,"-0,10575","0,04088","-0,99355","-0,21800","0,04229","-0,97503",,,Valid,Valid,"232,8","100,8","516,1","291,2","100,6","514,0","177,8","122,0","176,2","122,9","0,2479","0,4143","0,2502","0,4128","0,2455","0,4158",thumbnail_grossTrial,thumbnail_grossTrial.png,1245.0,1080.0,337.0,0.0,798.0,692.0,Saccade,33.0,175.0,,,,,,
28891,44841867,1400484113154,Eye Tracker,Participant0058,17.09.2021,Participant0058,Recording4,17.09.2021,17.09.2021,14:48:45.713,12:48:45.713,64514,Timeline2,Tobii I-VT (Fixation),1.145.28180,1080,1920,"10,00",712704762.0,,,630.0,450.0,629.0,445.0,631.0,455.0,"-0,11585","0,04048","-0,99244","-0,22361","0,04547","-0,97362",,,Valid,Valid,"232,7","100,7","516,1","291,1","100,6","514,1","172,4","121,8","173,1","124,6","0,2353","0,4168","0,2343","0,4121","0,2362","0,4215",thumbnail_grossTrial,thumbnail_grossTrial.png,1245.0,1080.0,337.0,0.0,798.0,692.0,Unclassified,17.0,408.0,,,,,,
28892,44850232,1400484121519,Eye Tracker,Participant0058,17.09.2021,Participant0058,Recording4,17.09.2021,17.09.2021,14:48:45.713,12:48:45.713,64514,Timeline2,Tobii I-VT (Fixation),1.145.28180,1080,1920,"10,00",712713126.0,,,636.0,459.0,,,636.0,459.0,,,,"-0,22123","0,04739","-0,97407",,"5,03",Invalid,Valid,,,,"291,2","100,6","514,1",,,"174,4","125,6","0,2401","0,4249",,,"0,2401","0,4249",thumbnail_grossTrial,thumbnail_grossTrial.png,1245.0,1080.0,337.0,0.0,798.0,692.0,Unclassified,17.0,408.0,,,,,,
28893,44858585,1400484129872,Eye Tracker,Participant0058,17.09.2021,Participant0058,Recording4,17.09.2021,17.09.2021,14:48:45.713,12:48:45.713,64514,Timeline2,Tobii I-VT (Fixation),1.145.28180,1080,1920,"10,00",712721479.0,,,,,,,,,,,,,,,,,Invalid,Invalid,,,,,,,,,,,,,,,,,thumbnail_grossTrial,thumbnail_grossTrial.png,1245.0,1080.0,337.0,0.0,798.0,692.0,EyesNotFound,8.0,371.0,,,,,,
28894,44866856,1400484138143,Eye Tracker,Participant0058,17.09.2021,Participant0058,Recording4,17.09.2021,17.09.2021,14:48:45.713,12:48:45.713,64514,Timeline2,Tobii I-VT (Fixation),1.145.28180,1080,1920,"10,00",712729750.0,,,622.0,448.0,614.0,433.0,630.0,463.0,"-0,12361","0,03403","-0,99175","-0,22442","0,04961","-0,97323",,,Valid,Valid,"232,7","100,8","516,0","291,1","100,6","514,0","168,3","118,5","172,6","126,8","0,2286","0,4149","0,2224","0,4008","0,2349","0,4290",thumbnail_grossTrial,thumbnail_grossTrial.png,1245.0,1080.0,337.0,0.0,798.0,692.0,Unclassified,17.0,409.0,,,,,,
28895,44875191,1400484146478,Eye Tracker,Participant0058,17.09.2021,Participant0058,Recording4,17.09.2021,17.09.2021,14:48:45.713,12:48:45.713,64514,Timeline2,Tobii I-VT (Fixation),1.145.28180,1080,1920,"10,00",712738085.0,,,627.0,465.0,,,627.0,465.0,,,,"-0,22592","0,05038","-0,97284",,"5,19",Invalid,Valid,,,,"291,1","100,5","514,1",,,"171,8","127,1","0,2324","0,4302",,,"0,2324","0,4302",thumbnail_grossTrial,thumbnail_grossTrial.png,1245.0,1080.0,337.0,0.0,798.0,692.0,Unclassified,17.0,409.0,,,,,,
28896,44883522,1400484154809,Eye Tracker,Participant0058,17.09.2021,Participant0058,Recording4,17.09.2021,17.09.2021,14:48:45.713,12:48:45.713,64514,Timeline2,Tobii I-VT (Fixation),1.145.28180,1080,1920,"10,00",712746415.0,,,,,,,,,,,,,,,,,Invalid,Invalid,,,,,,,,,,,,,,,,,thumbnail_grossTrial,thumbnail_grossTrial.png,1245.0,1080.0,337.0,0.0,798.0,692.0,EyesNotFound,8.0,372.0,,,,,,
28897,44891885,1400484163172,Eye Tracker,Participant0058,17.09.2021,Participant0058,Recording4,17.09.2021,17.09.2021,14:48:45.713,12:48:45.713,64514,Timeline2,Tobii I-VT (Fixation),1.145.28180,1080,1920,"10,00",712754778.0,,,633.0,455.0,639.0,449.0,627.0,461.0,"-0,11042","0,04286","-0,99296","-0,22587","0,04872","-0,97294",,,Valid,Valid,"232,6","100,7","516,1","291,2","100,5","514,2","175,2","123,0","171,8","126,3","0,2375","0,4217","0,2426","0,4162","0,2325","0,4272",thumbnail_grossTrial,thumbnail_grossTrial.png,1245.0,1080.0,337.0,0.0,798.0,692.0,Saccade,17.0,176.0,,,,,,
28898,44900190,1400484171477,Eye Tracker,Participant0058,17.09.2021,Participant0058,Recording4,17.09.2021,17.09.2021,14:48:45.713,12:48:45.713,64514,Timeline2,Tobii I-VT (Fixation),1.145.28180,1080,1920,"10,00",712763083.0,,,619.0,444.0,632.0,461.0,606.0,427.0,"-0,11417","0,04879","-0,99226","-0,23599","0,03117","-0,97126","4,41","5,40",Valid,Valid,"232,6","100,7","516,3","291,2","100,4","514,3","173,2","126,0","166,2","116,9","0,2264","0,4110","0,2367","0,4264","0,2161","0,3956",thumbnail_grossTrial,thumbnail_grossTrial.png,1245.0,1080.0,337.0,0.0,798.0,692.0,Saccade,17.0,176.0,,,,,,
28899,44908521,1400484179808,Eye Tracker,Participant0058,17.09.2021,Participant0058,Recording4,17.09.2021,17.09.2021,14:48:45.713,12:48:45.713,64514,Timeline2,Tobii I-VT (Fixation),1.145.28180,1080,1920,"10,00",712771413.0,,,611.0,442.0,612.0,452.0,610.0,432.0,"-0,12485","0,04414","-0,99119","-0,23412","0,03371","-0,97162",,,Valid,Valid,"232,7","100,7","516,2","291,2","100,4","514,4","167,7","123,7","167,3","118,3","0,2199","0,4093","0,2204","0,4184","0,2193","0,4002",thumbnail_grossTrial,thumbnail_grossTrial.png,1245.0,1080.0,337.0,0.0,798.0,692.0,Fixation,2500.0,84.0,625.0,467.0,"0,2312","0,4324",,
28900,44916883,1400484188170,Eye Tracker,Participant0058,17.09.2021,Participant0058,Recording4,17.09.2021,17.09.2021,14:48:45.713,12:48:45.713,64514,Timeline2,Tobii I-VT (Fixation),1.145.28180,1080,1920,"10,00",712779775.0,,,621.0,452.0,633.0,468.0,609.0,435.0,"-0,11349","0,05271","-0,99214","-0,23487","0,03542","-0,97138",,,Valid,Valid,"232,6","100,6","516,3","291,2","100,4","514,4","173,6","128,1","166,8","119,1","0,2278","0,4182","0,2377","0,4333","0,2179","0,4031",thumbnail_grossTrial,thumbnail_grossTrial.png,1245.0,1080.0,337.0,0.0,798.0,692.0,Fixation,2500.0,84.0,625.0,467.0,"0,2312","0,4324",,
28901,44925270,1400484196557,Eye Tracker,Participant0058,17.09.2021,Participant0058,Recording4,17.09.2021,17.09.2021,14:48:45.713,12:48:45.713,64514,Timeline2,Tobii I-VT (Fixation),1.145.28180,1080,1920,"10,00",712788162.0,,,631.0,458.0,631.0,475.0,631.0,442.0,"-0,11463","0,05629","-0,99181","-0,22384","0,03925","-0,97383","4,40","5,18",Valid,Valid,"232,6","100,6","516,4","291,2","100,3","514,7","173,0","129,9","172,9","121,0","0,2358","0,4245","0,2359","0,4394","0,2358","0,4095",thumbnail_grossTrial,thumbnail_grossTrial.png,1245.0,1080.0,337.0,0.0,798.0,692.0,Fixation,2500.0,84.0,625.0,467.0,"0,2312","0,4324",,
28902,44933617,1400484204904,Eye Tracker,Participant0058,17.09.2021,Participant0058,Recording4,17.09.2021,17.09.2021,14:48:45.713,12:48:45.713,64514,Timeline2,Tobii I-VT (Fixation),1.145.28180,1080,1920,"10,00",712796509.0,,,633.0,460.0,631.0,475.0,635.0,446.0,"-0,11485","0,05605","-0,99180","-0,22200","0,04097","-0,97419",,,Valid,Valid,"232,7","100,7","516,2","291,3","100,3","514,7","173,0","129,9","174,0","121,9","0,2374","0,4260","0,2359","0,4394","0,2389","0,4125",thumbnail_grossTrial,thumbnail_grossTrial.png,1245.0,1080.0,337.0,0.0,798.0,692.0,Fixation,2500.0,84.0,625.0,467.0,"0,2312","0,4324",,
28903,44941852,1400484213139,Eye Tracker,Participant0058,17.09.2021,Participant0058,Recording4,17.09.2021,17.09.2021,14:48:45.713,12:48:45.713,64514,Timeline2,Tobii I-VT (Fixation),1.145.28180,1080,1920,"10,00",712804743.0,,,625.0,455.0,618.0,460.0,633.0,450.0,"-0,12183","0,04810","-0,99139","-0,22268","0,04329","-0,97393",,,Valid,Valid,"232,7","100,8","516,0","291,3","100,2","514,8","169,3","125,8","173,5","123,1","0,2313","0,4211","0,2251","0,4256","0,2376","0,4165",thumbnail_grossTrial,thumbnail_grossTrial.png,1245.0,1080.0,337.0,0.0,798.0,692.0,Fixation,2500.0,84.0,625.0,467.0,"0,2312","0,4324",,
28904,44950194,1400484221481,Eye Tracker,Participant0058,17.09.2021,Participant0058,Recording4,17.09.2021,17.09.2021,14:48:45.713,12:48:45.713,64514,Timeline2,Tobii I-VT (Fixation),1.145.28180,1080,1920,"10,00",712813085.0,,,,,,,,,,,,,,,,,Invalid,Invalid,,,,,,,,,,,,,,,,,thumbnail_grossTrial,thumbnail_grossTrial.png,1245.0,1080.0,337.0,0.0,798.0,692.0,Fixation,2500.0,84.0,625.0,467.0,"0,2312","0,4324",,
28905,44958581,1400484229868,Eye Tracker,Participant0058,17.09.2021,Participant0058,Recording4,17.09.2021,17.09.2021,14:48:45.713,12:48:45.713,64514,Timeline2,Tobii I-VT (Fixation),1.145.28180,1080,1920,"10,00",712821472.0,,,625.0,456.0,619.0,462.0,631.0,450.0,"-0,12114","0,04882","-0,99143","-0,22401","0,04367","-0,97361",,,Valid,Valid,"232,8","100,9","515,6","291,3","100,2","515,0","169,8","126,3","172,8","123,3","0,2310","0,4223","0,2265","0,4275","0,2356","0,4171",thumbnail_grossTrial,thumbnail_grossTrial.png,1245.0,1080.0,337.0,0.0,798.0,692.0,Fixation,2500.0,84.0,625.0,467.0,"0,2312","0,4324",,
28906,44966879,1400484238166,Eye Tracker,Participant0058,17.09.2021,Participant0058,Recording4,17.09.2021,17.09.2021,14:48:45.713,12:48:45.713,64514,Timeline2,Tobii I-VT (Fixation),1.145.28180,1080,1920,"10,00",712829769.0,,,620.0,457.0,619.0,459.0,622.0,455.0,"-0,12150","0,04731","-0,99146","-0,22799","0,04607","-0,97257",,,Valid,Valid,"232,7","101,0","515,4","291,3","100,1","515,1","169,5","125,6","170,5","124,5","0,2273","0,4232","0,2258","0,4250","0,2288","0,4214",thumbnail_grossTrial,thumbnail_grossTrial.png,1245.0,1080.0,337.0,0.0,798.0,692.0,Fixation,2500.0,84.0,625.0,467.0,"0,2312","0,4324",,
28907,44975212,1400484246499,Eye Tracker,Participant0058,17.09.2021,Participant0058,Recording4,17.09.2021,17.09.2021,14:48:45.713,12:48:45.713,64514,Timeline2,Tobii I-VT (Fixation),1.145.28180,1080,1920,"10,00",712838102.0,,,,,,,,,,,,,,,,,Invalid,Invalid,,,,,,,,,,,,,,,,,thumbnail_grossTrial,thumbnail_grossTrial.png,1245.0,1080.0,337.0,0.0,798.0,692.0,Fixation,2500.0,84.0,625.0,467.0,"0,2312","0,4324",,
28908,44983515,1400484254802,Eye Tracker,Participant0058,17.09.2021,Participant0058,Recording4,17.09.2021,17.09.2021,14:48:45.713,12:48:45.713,64514,Timeline2,Tobii I-VT (Fixation),1.145.28180,1080,1920,"10,00",712846405.0,,,618.0,445.0,604.0,448.0,632.0,442.0,"-0,12916","0,04095","-0,99078","-0,22350","0,03919","-0,97392",,,Valid,Valid,"232,7","101,2","515,1","291,3","100,1","515,2","165,6","122,5","173,1","120,9","0,2253","0,4117","0,2143","0,4144","0,2364","0,4089",thumbnail_grossTrial,thumbnail_grossTrial.png,1245.0,1080.0,337.0,0.0,798.0,692.0,Fixation,2500.0,84.0,625.0,467.0,"0,2312","0,4324",,
28909,44991876,1400484263163,Eye Tracker,Participant0058,17.09.2021,Participant0058,Recording4,17.09.2021,17.09.2021,14:48:45.713,12:48:45.713,64514,Timeline2,Tobii I-VT (Fixation),1.145.28180,1080,1920,"10,00",712854766.0,,,622.0,445.0,604.0,453.0,641.0,438.0,"-0,12926","0,04354","-0,99065","-0,21881","0,03723","-0,97506",,,Valid,Valid,"232,7","101,2","514,9","291,3","100,1","515,3","165,5","123,9","175,7","119,8","0,2289","0,4122","0,2140","0,4191","0,2438","0,4053",thumbnail_grossTrial,thumbnail_grossTrial.png,1245.0,1080.0,337.0,0.0,798.0,692.0,Fixation,2500.0,84.0,625.0,467.0,"0,2312","0,4324",,
28910,45000266,1400484271553,Eye Tracker,Participant0058,17.09.2021,Participant0058,Recording4,17.09.2021,17.09.2021,14:48:45.713,12:48:45.713,64514,Timeline2,Tobii I-VT (Fixation),1.145.28180,1080,1920,"10,00",712863155.0,,,619.0,459.0,615.0,463.0,623.0,455.0,"-0,12368","0,04912","-0,99111","-0,22734","0,04622","-0,97272","4,42","5,07",Valid,Valid,"232,7","101,3","514,8","291,3","100,1","515,3","168,4","126,8","170,8","124,6","0,2261","0,4253","0,2226","0,4291","0,2297","0,4215",thumbnail_grossTrial,thumbnail_grossTrial.png,1245.0,1080.0,337.0,0.0,798.0,692.0,Fixation,2500.0,84.0,625.0,467.0,"0,2312","0,4324",,
28911,45008543,1400484279830,Eye Tracker,Participant0058,17.09.2021,Participant0058,Recording4,17.09.2021,17.09.2021,14:48:45.713,12:48:45.713,64514,Timeline2,Tobii I-VT (Fixation),1.145.28180,1080,1920,"10,00",712871432.0,,,622.0,457.0,619.0,460.0,625.0,453.0,"-0,12164","0,04734","-0,99145","-0,22687","0,04507","-0,97288",,,Valid,Valid,"232,7","101,4","514,6","291,3","100,1","515,3","169,6","126,0","171,2","124,0","0,2283","0,4230","0,2260","0,4264","0,2306","0,4196",thumbnail_grossTrial,thumbnail_grossTrial.png,1245.0,1080.0,337.0,0.0,798.0,692.0,Fixation,2500.0,84.0,625.0,467.0,"0,2312","0,4324",,
28912,45016901,1400484288188,Eye Tracker,Participant0058,17.09.2021,Participant0058,Recording4,17.09.2021,17.09.2021,14:48:45.713,12:48:45.713,64514,Timeline2,Tobii I-VT (Fixation),1.145.28180,1080,1920,"10,00",712879790.0,,,616.0,463.0,616.0,461.0,616.0,465.0,"-0,12304","0,04766","-0,99126","-0,23065","0,05108","-0,97170",,,Valid,Valid,"232,6","101,5","514,4","291,3","100,1","515,3","168,8","126,2","168,9","127,2","0,2239","0,4288","0,2236","0,4271","0,2241","0,4305",thumbnail_grossTrial,thumbnail_grossTrial.png,1245.0,1080.0,337.0,0.0,798.0,692.0,Fixation,2500.0,84.0,625.0,467.0,"0,2312","0,4324",,
28913,45025211,1400484296498,Eye Tracker,Participant0058,17.09.2021,Participant0058,Recording4,17.09.2021,17.09.2021,14:48:45.713,12:48:45.713,64514,Timeline2,Tobii I-VT (Fixation),1.145.28180,1080,1920,"10,00",712888099.0,,,627.0,470.0,,,627.0,470.0,,,,"-0,22559","0,05411","-0,97272",,"5,15",Invalid,Valid,,,,"291,2","100,1","515,3",,,"171,7","128,8","0,2323","0,4356",,,"0,2323","0,4356",thumbnail_grossTrial,thumbnail_grossTrial.png,1245.0,1080.0,337.0,0.0,798.0,692.0,Fixation,2500.0,84.0,625.0,467.0,"0,2312","0,4324",,
28914,45033539,1400484304826,Eye Tracker,Participant0058,17.09.2021,Participant0058,Recording4,17.09.2021,17.09.2021,14:48:45.713,12:48:45.713,64514,Timeline2,Tobii I-VT (Fixation),1.145.28180,1080,1920,"10,00",712896427.0,,,620.0,462.0,610.0,462.0,630.0,462.0,"-0,12615","0,04761","-0,99087","-0,22398","0,04959","-0,97333",,,Valid,Valid,"232,7","101,7","514,1","291,3","100,2","515,2","167,3","126,4","172,7","126,4","0,2272","0,4276","0,2192","0,4275","0,2352","0,4277",thumbnail_grossTrial,thumbnail_grossTrial.png,1245.0,1080.0,337.0,0.0,798.0,692.0,Fixation,2500.0,84.0,625.0,467.0,"0,2312","0,4324",,
28915,45041845,1400484313132,Eye Tracker,Participant0058,17.09.2021,Participant0058,Recording4,17.09.2021,17.09.2021,14:48:45.713,12:48:45.713,64514,Timeline2,Tobii I-VT (Fixation),1.145.28180,1080,1920,"10,00",712904733.0,,,624.0,454.0,610.0,463.0,638.0,446.0,"-0,12622","0,04803","-0,99084","-0,22003","0,04113","-0,97463",,,Valid,Valid,"232,7","101,7","514,0","291,2","100,2","515,2","167,2","126,6","174,9","121,9","0,2303","0,4204","0,2190","0,4283","0,2417","0,4125",thumbnail_grossTrial,thumbnail_grossTrial.png,1245.0,1080.0,337.0,0.0,798.0,692.0,Fixation,2500.0,84.0,625.0,467.0,"0,2312","0,4324",,
28916,45050209,1400484321496,Eye Tracker,Participant0058,17.09.2021,Participant0058,Recording4,17.09.2021,17.09.2021,14:48:45.713,12:48:45.713,64514,Timeline2,Tobii I-VT (Fixation),1.145.28180,1080,1920,"10,00",712913097.0,,,640.0,447.0,,,640.0,447.0,,,,"-0,21901","0,04225","-0,97481",,"4,94",Invalid,Valid,,,,"291,2","100,1","515,2",,,"175,5","122,5","0,2433","0,4143",,,"0,2433","0,4143",thumbnail_grossTrial,thumbnail_grossTrial.png,1245.0,1080.0,337.0,0.0,798.0,692.0,Fixation,2500.0,84.0,625.0,467.0,"0,2312","0,4324",,
28917,45058593,1400484329880,Eye Tracker,Participant0058,17.09.2021,Participant0058,Recording4,17.09.2021,17.09.2021,14:48:45.713,12:48:45.713,64514,Timeline2,Tobii I-VT (Fixation),1.145.28180,1080,1920,"10,00",712921480.0,,,620.0,453.0,610.0,461.0,631.0,445.0,"-0,12636","0,04701","-0,99087","-0,22390","0,04082","-0,97376",,,Valid,Valid,"232,8","101,8","513,9","291,3","100,2","515,2","167,2","126,1","172,9","121,8","0,2274","0,4194","0,2191","0,4268","0,2356","0,4121",thumbnail_grossTrial,thumbnail_grossTrial.png,1245.0,1080.0,337.0,0.0,798.0,692.0,Fixation,2500.0,84.0,625.0,467.0,"0,2312","0,4324",,
28918,45066841,1400484338128,Eye Tracker,Participant0058,17.09.2021,Participant0058,Recording4,17.09.2021,17.09.2021,14:48:45.713,12:48:45.713,64514,Timeline2,Tobii I-VT (Fixation),1.145.28180,1080,1920,"10,00",712929728.0,,,618.0,453.0,610.0,459.0,625.0,448.0,"-0,12617","0,04581","-0,99095","-0,22673","0,04250","-0,97303",,,Valid,Valid,"232,7","101,8","513,8","291,3","100,2","515,2","167,3","125,5","171,2","122,7","0,2250","0,4199","0,2193","0,4246","0,2308","0,4151",thumbnail_grossTrial,thumbnail_grossTrial.png,1245.0,1080.0,337.0,0.0,798.0,692.0,Fixation,2500.0,84.0,625.0,467.0,"0,2312","0,4324",,
28919,45075205,1400484346492,Eye Tracker,Participant0058,17.09.2021,Participant0058,Recording4,17.09.2021,17.09.2021,14:48:45.713,12:48:45.713,64514,Timeline2,Tobii I-VT (Fixation),1.145.28180,1080,1920,"10,00",712938092.0,,,623.0,454.0,627.0,463.0,619.0,446.0,"-0,11775","0,04838","-0,99186","-0,22947","0,04115","-0,97245","4,60","5,06",Valid,Valid,"232,7","101,7","513,8","291,3","100,1","515,2","171,7","126,8","169,7","121,9","0,2293","0,4208","0,2323","0,4290","0,2264","0,4126",thumbnail_grossTrial,thumbnail_grossTrial.png,1245.0,1080.0,337.0,0.0,798.0,692.0,Fixation,2500.0,84.0,625.0,467.0,"0,2312","0,4324",,
28920,45083538,1400484354825,Eye Tracker,Participant0058,17.09.2021,Participant0058,Recording4,17.09.2021,17.09.2021,14:48:45.713,12:48:45.713,64514,Timeline2,Tobii I-VT (Fixation),1.145.28180,1080,1920,"10,00",712946424.0,,,620.0,450.0,620.0,457.0,620.0,442.0,"-0,12143","0,04507","-0,99158","-0,22927","0,03937","-0,97257",,,Valid,Valid,"232,8","101,8","513,7","291,3","100,2","515,2","169,9","125,1","169,9","121,0","0,2269","0,4164","0,2268","0,4234","0,2269","0,4094",thumbnail_grossTrial,thumbnail_grossTrial.png,1245.0,1080.0,337.0,0.0,798.0,692.0,Fixation,2500.0,84.0,625.0,467.0,"0,2312","0,4324",,
28921,45091878,1400484363165,Eye Tracker,Participant0058,17.09.2021,Participant0058,Recording4,17.09.2021,17.09.2021,14:48:45.713,12:48:45.713,64514,Timeline2,Tobii I-VT (Fixation),1.145.28180,1080,1920,"10,00",712954764.0,,,634.0,458.0,648.0,465.0,621.0,451.0,"-0,10648","0,04949","-0,99308","-0,22872","0,04398","-0,97250",,,Valid,Valid,"232,7","101,8","513,7","291,3","100,1","515,2","177,6","127,4","170,1","123,4","0,2386","0,4243","0,2496","0,4309","0,2276","0,4176",thumbnail_grossTrial,thumbnail_grossTrial.png,1245.0,1080.0,337.0,0.0,798.0,692.0,Fixation,2500.0,84.0,625.0,467.0,"0,2312","0,4324",,
28922,45100175,1400484371462,Eye Tracker,Participant0058,17.09.2021,Participant0058,Recording4,17.09.2021,17.09.2021,14:48:45.713,12:48:45.713,64514,Timeline2,Tobii I-VT (Fixation),1.145.28180,1080,1920,"10,00",712963061.0,,,619.0,458.0,618.0,462.0,621.0,453.0,"-0,12244","0,04783","-0,99132","-0,22879","0,04526","-0,97242","4,41","5,04",Valid,Valid,"232,7","101,7","513,7","291,3","100,1","515,3","169,3","126,5","170,1","124,1","0,2263","0,4239","0,2251","0,4281","0,2274","0,4198",thumbnail_grossTrial,thumbnail_grossTrial.png,1245.0,1080.0,337.0,0.0,798.0,692.0,Fixation,2500.0,84.0,625.0,467.0,"0,2312","0,4324",,
28923,45108504,1400484379791,Eye Tracker,Participant0058,17.09.2021,Participant0058,Recording4,17.09.2021,17.09.2021,14:48:45.713,12:48:45.713,64514,Timeline2,Tobii I-VT (Fixation),1.145.28180,1080,1920,"10,00",712971390.0,,,620.0,457.0,615.0,458.0,625.0,455.0,"-0,12383","0,04557","-0,99126","-0,22659","0,04602","-0,97290",,,Valid,Valid,"232,8","101,8","513,6","291,4","100,1","515,3","168,6","125,4","171,3","124,5","0,2272","0,4227","0,2232","0,4243","0,2312","0,4212",thumbnail_grossTrial,thumbnail_grossTrial.png,1245.0,1080.0,337.0,0.0,798.0,692.0,Fixation,2500.0,84.0,625.0,467.0,"0,2312","0,4324",,
28924,45116949,1400484388236,Eye Tracker,Participant0058,17.09.2021,Participant0058,Recording4,17.09.2021,17.09.2021,14:48:45.713,12:48:45.713,64514,Timeline2,Tobii I-VT (Fixation),1.145.28180,1080,1920,"10,00",712979834.0,,,617.0,456.0,610.0,456.0,624.0,455.0,"-0,12623","0,04465","-0,99100","-0,22704","0,04609","-0,97279",,,Valid,Valid,"232,7","101,8","513,6","291,3","100,1","515,3","167,3","124,9","171,0","124,5","0,2248","0,4219","0,2193","0,4226","0,2302","0,4213",thumbnail_grossTrial,thumbnail_grossTrial.png,1245.0,1080.0,337.0,0.0,798.0,692.0,Fixation,2500.0,84.0,625.0,467.0,"0,2312","0,4324",,
28925,45125202,1400484396489,Eye Tracker,Participant0058,17.09.2021,Participant0058,Recording4,17.09.2021,17.09.2021,14:48:45.713,12:48:45.713,64514,Timeline2,Tobii I-VT (Fixation),1.145.28180,1080,1920,"10,00",712988087.0,,,616.0,458.0,611.0,455.0,622.0,461.0,"-0,12591","0,04410","-0,99106","-0,22813","0,04921","-0,97239","4,41","4,49",Valid,Valid,"232,7","101,8","513,7","291,3","100,0","515,4","167,5","124,6","170,4","126,1","0,2241","0,4242","0,2198","0,4216","0,2284","0,4268",thumbnail_grossTrial,thumbnail_grossTrial.png,1245.0,1080.0,337.0,0.0,798.0,692.0,Fixation,2500.0,84.0,625.0,467.0,"0,2312","0,4324",,
28926,45133502,1400484404789,Eye Tracker,Participant0058,17.09.2021,Participant0058,Recording4,17.09.2021,17.09.2021,14:48:45.713,12:48:45.713,64514,Timeline2,Tobii I-VT (Fixation),1.145.28180,1080,1920,"10,00",712996387.0,,,620.0,468.0,617.0,463.0,622.0,472.0,"-0,12277","0,04808","-0,99127","-0,22780","0,05512","-0,97215",,,Valid,Valid,"232,8","101,8","513,6","291,4","100,1","515,4","169,2","126,7","170,6","129,3","0,2269","0,4331","0,2248","0,4288","0,2290","0,4375",thumbnail_grossTrial,thumbnail_grossTrial.png,1245.0,1080.0,337.0,0.0,798.0,692.0,Fixation,2500.0,84.0,625.0,467.0,"0,2312","0,4324",,
28927,45141836,1400484413123,Eye Tracker,Participant0058,17.09.2021,Participant0058,Recording4,17.09.2021,17.09.2021,14:48:45.713,12:48:45.713,64514,Timeline2,Tobii I-VT (Fixation),1.145.28180,1080,1920,"10,00",713004720.0,,,618.0,461.0,615.0,452.0,620.0,470.0,"-0,12385","0,04229","-0,99140","-0,22878","0,05393","-0,97198",,,Valid,Valid,"232,7","101,8","513,6","291,3","100,1","515,5","168,6","123,7","170,0","128,7","0,2251","0,4269","0,2230","0,4186","0,2272","0,4353",thumbnail_grossTrial,thumbnail_grossTrial.png,1245.0,1080.0,337.0,0.0,798.0,692.0,Fixation,2500.0,84.0,625.0,467.0,"0,2312","0,4324",,
28928,45150177,1400484421464,Eye Tracker,Participant0058,17.09.2021,Participant0058,Recording4,17.09.2021,17.09.2021,14:48:45.713,12:48:45.713,64514,Timeline2,Tobii I-VT (Fixation),1.145.28180,1080,1920,"10,00",713013061.0,,,618.0,463.0,615.0,453.0,620.0,474.0,"-0,12361","0,04285","-0,99140","-0,22889","0,05594","-0,97184","4,40","5,00",Valid,Valid,"232,7","101,8","513,6","291,3","100,0","515,5","168,7","124,0","169,9","129,7","0,2252","0,4292","0,2234","0,4195","0,2269","0,4388",thumbnail_grossTrial,thumbnail_grossTrial.png,1245.0,1080.0,337.0,0.0,798.0,692.0,Fixation,2500.0,84.0,625.0,467.0,"0,2312","0,4324",,
28929,45158502,1400484429789,Eye Tracker,Participant0058,17.09.2021,Participant0058,Recording4,17.09.2021,17.09.2021,14:48:45.713,12:48:45.713,64514,Timeline2,Tobii I-VT (Fixation),1.145.28180,1080,1920,"10,00",713021386.0,,,620.0,445.0,613.0,454.0,627.0,437.0,"-0,12491","0,04306","-0,99123","-0,22581","0,03683","-0,97347",,,Valid,Valid,"232,8","101,9","513,5","291,4","100,1","515,5","168,1","124,2","171,8","119,6","0,2270","0,4123","0,2216","0,4201","0,2325","0,4045",thumbnail_grossTrial,thumbnail_grossTrial.png,1245.0,1080.0,337.0,0.0,798.0,692.0,Fixation,2500.0,84.0,625.0,467.0,"0,2312","0,4324",,
28930,45166865,1400484438152,Eye Tracker,Participant0058,17.09.2021,Participant0058,Recording4,17.09.2021,17.09.2021,14:48:45.713,12:48:45.713,64514,Timeline2,Tobii I-VT (Fixation),1.145.28180,1080,1920,"10,00",713029749.0,,,617.0,460.0,610.0,461.0,624.0,458.0,"-0,12626","0,04715","-0,99088","-0,22720","0,04764","-0,97268",,,Valid,Valid,"232,7","101,8","513,5","291,3","100,0","515,5","167,3","126,3","170,9","125,3","0,2245","0,4256","0,2193","0,4273","0,2298","0,4239",thumbnail_grossTrial,thumbnail_grossTrial.png,1245.0,1080.0,337.0,0.0,798.0,692.0,Fixation,2500.0,84.0,625.0,467.0,"0,2312","0,4324",,
28931,45175171,1400484446458,Eye Tracker,Participant0058,17.09.2021,Participant0058,Recording4,17.09.2021,17.09.2021,14:48:45.713,12:48:45.713,64514,Timeline2,Tobii I-VT (Fixation),1.145.28180,1080,1920,"10,00",713038054.0,,,616.0,459.0,612.0,463.0,620.0,455.0,"-0,12560","0,04824","-0,99091","-0,22880","0,04630","-0,97237","4,42","5,03",Valid,Valid,"232,7","101,8","513,5","291,3","100,0","515,6","167,6","126,8","170,0","124,6","0,2238","0,4253","0,2203","0,4291","0,2272","0,4214",thumbnail_grossTrial,thumbnail_grossTrial.png,1245.0,1080.0,337.0,0.0,798.0,692.0,Fixation,2500.0,84.0,625.0,467.0,"0,2312","0,4324",,
28932,45183536,1400484454823,Eye Tracker,Participant0058,17.09.2021,Participant0058,Recording4,17.09.2021,17.09.2021,14:48:45.713,12:48:45.713,64514,Timeline2,Tobii I-VT (Fixation),1.145.28180,1080,1920,"10,00",713046419.0,,,617.0,465.0,617.0,467.0,616.0,463.0,"-0,12285","0,04991","-0,99117","-0,23080","0,05043","-0,97169",,,Valid,Valid,"232,8","101,9","513,5","291,4","100,1","515,5","169,1","127,8","168,9","126,8","0,2243","0,4306","0,2247","0,4322","0,2240","0,4290",thumbnail_grossTrial,thumbnail_grossTrial.png,1245.0,1080.0,337.0,0.0,798.0,692.0,Fixation,2500.0,84.0,625.0,467.0,"0,2312","0,4324",,
28933,45191863,1400484463150,Eye Tracker,Participant0058,17.09.2021,Participant0058,Recording4,17.09.2021,17.09.2021,14:48:45.713,12:48:45.713,64514,Timeline2,Tobii I-VT (Fixation),1.145.28180,1080,1920,"10,00",713054746.0,,,617.0,475.0,620.0,473.0,615.0,476.0,"-0,12133","0,05320","-0,99119","-0,23142","0,05717","-0,97117",,,Valid,Valid,"232,7","101,9","513,5","291,3","100,0","515,5","169,8","129,4","168,4","130,4","0,2247","0,4395","0,2268","0,4379","0,2227","0,4411",thumbnail_grossTrial,thumbnail_grossTrial.png,1245.0,1080.0,337.0,0.0,798.0,692.0,Fixation,2500.0,84.0,625.0,467.0,"0,2312","0,4324",,
28934,45200204,1400484471491,Eye Tracker,Participant0058,17.09.2021,Participant0058,Recording4,17.09.2021,17.09.2021,14:48:45.713,12:48:45.713,64514,Timeline2,Tobii I-VT (Fixation),1.145.28180,1080,1920,"10,00",713063086.0,,,618.0,476.0,619.0,473.0,616.0,479.0,"-0,12159","0,05318","-0,99115","-0,23048","0,05841","-0,97132","4,42","5,00",Valid,Valid,"232,7","101,8","513,5","291,3","100,0","515,6","169,7","129,4","169,0","131,0","0,2253","0,4405","0,2264","0,4378","0,2242","0,4433",thumbnail_grossTrial,thumbnail_grossTrial.png,1245.0,1080.0,337.0,0.0,798.0,692.0,Fixation,2500.0,84.0,625.0,467.0,"0,2312","0,4324",,
28935,45208547,1400484479834,Eye Tracker,Participant0058,17.09.2021,Participant0058,Recording4,17.09.2021,17.09.2021,14:48:45.713,12:48:45.713,64514,Timeline2,Tobii I-VT (Fixation),1.145.28180,1080,1920,"10,00",713071429.0,,,617.0,472.0,612.0,462.0,623.0,481.0,"-0,12564","0,04732","-0,99095","-0,22731","0,05979","-0,97199",,,Valid,Valid,"232,8","101,9","513,5","291,3","100,0","515,5","167,7","126,4","170,8","131,7","0,2249","0,4367","0,2203","0,4277","0,2295","0,4458",thumbnail_grossTrial,thumbnail_grossTrial.png,1245.0,1080.0,337.0,0.0,798.0,692.0,Fixation,2500.0,84.0,625.0,467.0,"0,2312","0,4324",,
28936,45216836,1400484488123,Eye Tracker,Participant0058,17.09.2021,Participant0058,Recording4,17.09.2021,17.09.2021,14:48:45.713,12:48:45.713,64514,Timeline2,Tobii I-VT (Fixation),1.145.28180,1080,1920,"10,00",713079718.0,,,619.0,469.0,614.0,462.0,623.0,476.0,"-0,12450","0,04723","-0,99110","-0,22713","0,05677","-0,97221",,,Valid,Valid,"232,7","101,9","513,5","291,3","100,1","515,5","168,2","126,3","170,9","130,2","0,2258","0,4339","0,2219","0,4275","0,2297","0,4404",thumbnail_grossTrial,thumbnail_grossTrial.png,1245.0,1080.0,337.0,0.0,798.0,692.0,Fixation,2500.0,84.0,625.0,467.0,"0,2312","0,4324",,
28937,45225210,1400484496497,Eye Tracker,Participant0058,17.09.2021,Participant0058,Recording4,17.09.2021,17.09.2021,14:48:45.713,12:48:45.713,64514,Timeline2,Tobii I-VT (Fixation),1.145.28180,1080,1920,"10,00",713088092.0,,,622.0,472.0,,,622.0,472.0,,,,"-0,22801","0,05482","-0,97211",,"4,97",Invalid,Valid,,,,"291,3","100,0","515,6",,,"170,4","129,1","0,2283","0,4368",,,"0,2283","0,4368",thumbnail_grossTrial,thumbnail_grossTrial.png,1245.0,1080.0,337.0,0.0,798.0,692.0,Fixation,2500.0,84.0,625.0,467.0,"0,2312","0,4324",,
28938,45233528,1400484504815,Eye Tracker,Participant0058,17.09.2021,Participant0058,Recording4,17.09.2021,17.09.2021,14:48:45.713,12:48:45.713,64514,Timeline2,Tobii I-VT (Fixation),1.145.28180,1080,1920,"10,00",713096409.0,,,620.0,467.0,621.0,469.0,619.0,466.0,"-0,12071","0,05090","-0,99138","-0,22942","0,05185","-0,97195",,,Valid,Valid,"232,8","101,9","513,5","291,4","100,1","515,5","170,2","128,3","169,7","127,6","0,2271","0,4328","0,2280","0,4340","0,2263","0,4317",thumbnail_grossTrial,thumbnail_grossTrial.png,1245.0,1080.0,337.0,0.0,798.0,692.0,Fixation,2500.0,84.0,625.0,467.0,"0,2312","0,4324",,
28939,45241830,1400484513117,Eye Tracker,Participant0058,17.09.2021,Participant0058,Recording4,17.09.2021,17.09.2021,14:48:45.713,12:48:45.713,64514,Timeline2,Tobii I-VT (Fixation),1.145.28180,1080,1920,"10,00",713104711.0,,,619.0,470.0,618.0,473.0,621.0,468.0,"-0,12226","0,05305","-0,99108","-0,22852","0,05264","-0,97212",,,Valid,Valid,"232,7","101,9","513,5","291,3","100,1","515,5","169,4","129,4","170,1","128,0","0,2265","0,4354","0,2254","0,4377","0,2276","0,4331",thumbnail_grossTrial,thumbnail_grossTrial.png,1245.0,1080.0,337.0,0.0,798.0,692.0,Fixation,2500.0,84.0,625.0,467.0,"0,2312","0,4324",,
28940,45250189,1400484521476,Eye Tracker,Participant0058,17.09.2021,Participant0058,Recording4,17.09.2021,17.09.2021,14:48:45.713,12:48:45.713,64514,Timeline2,Tobii I-VT (Fixation),1.145.28180,1080,1920,"10,00",713113070.0,,,617.0,467.0,615.0,469.0,618.0,465.0,"-0,12365","0,05092","-0,99102","-0,22992","0,05122","-0,97186","4,42","5,10",Valid,Valid,"232,7","101,8","513,6","291,3","100,1","515,6","168,7","128,2","169,4","127,2","0,2243","0,4322","0,2233","0,4339","0,2254","0,4304",thumbnail_grossTrial,thumbnail_grossTrial.png,1245.0,1080.0,337.0,0.0,798.0,692.0,Fixation,2500.0,84.0,625.0,467.0,"0,2312","0,4324",,
28941,45258565,1400484529852,Eye Tracker,Participant0058,17.09.2021,Participant0058,Recording4,17.09.2021,17.09.2021,14:48:45.713,12:48:45.713,64514,Timeline2,Tobii I-VT (Fixation),1.145.28180,1080,1920,"10,00",713121445.0,,,615.0,468.0,614.0,471.0,615.0,466.0,"-0,12431","0,05220","-0,99087","-0,23146","0,05158","-0,97148",,,Valid,Valid,"232,8","101,9","513,6","291,4","100,1","515,5","168,4","128,9","168,6","127,5","0,2227","0,4337","0,2224","0,4362","0,2231","0,4312",thumbnail_grossTrial,thumbnail_grossTrial.png,1245.0,1080.0,337.0,0.0,798.0,692.0,Fixation,2500.0,84.0,625.0,467.0,"0,2312","0,4324",,
28942,45266835,1400484538122,Eye Tracker,Participant0058,17.09.2021,Participant0058,Recording4,17.09.2021,17.09.2021,14:48:45.713,12:48:45.713,64514,Timeline2,Tobii I-VT (Fixation),1.145.28180,1080,1920,"10,00",713129715.0,,,616.0,466.0,616.0,471.0,617.0,461.0,"-0,12349","0,05195","-0,99099","-0,23027","0,04939","-0,97187",,,Valid,Valid,"232,7","101,9","513,6","291,3","100,1","515,5","168,7","128,8","169,2","126,3","0,2242","0,4315","0,2235","0,4357","0,2248","0,4273",thumbnail_grossTrial,thumbnail_grossTrial.png,1245.0,1080.0,337.0,0.0,798.0,692.0,Fixation,2500.0,84.0,625.0,467.0,"0,2312","0,4324",,
28943,45275224,1400484546511,Eye Tracker,Participant0058,17.09.2021,Participant0058,Recording4,17.09.2021,17.09.2021,14:48:45.713,12:48:45.713,64514,Timeline2,Tobii I-VT (Fixation),1.145.28180,1080,1920,"10,00",713138104.0,,,620.0,467.0,617.0,472.0,623.0,462.0,"-0,12298","0,05257","-0,99102","-0,22759","0,04975","-0,97249","4,41","5,15",Valid,Valid,"232,7","101,8","513,7","291,3","100,0","515,5","169,0","129,1","170,6","126,4","0,2267","0,4322","0,2243","0,4367","0,2291","0,4276",thumbnail_grossTrial,thumbnail_grossTrial.png,1245.0,1080.0,337.0,0.0,798.0,692.0,Fixation,2500.0,84.0,625.0,467.0,"0,2312","0,4324",,
28944,45283490,1400484554777,Eye Tracker,Participant0058,17.09.2021,Participant0058,Recording4,17.09.2021,17.09.2021,14:48:45.713,12:48:45.713,64514,Timeline2,Tobii I-VT (Fixation),1.145.28180,1080,1920,"10,00",713146370.0,,,625.0,469.0,625.0,475.0,624.0,463.0,"-0,11848","0,05405","-0,99148","-0,22724","0,05048","-0,97253",,,Valid,Valid,"232,8","101,9","513,6","291,4","100,1","515,5","171,4","129,9","170,9","126,8","0,2306","0,4342","0,2313","0,4394","0,2300","0,4291",thumbnail_grossTrial,thumbnail_grossTrial.png,1245.0,1080.0,337.0,0.0,798.0,692.0,Fixation,2500.0,84.0,625.0,467.0,"0,2312","0,4324",,
28945,45291854,1400484563141,Eye Tracker,Participant0058,17.09.2021,Participant0058,Recording4,17.09.2021,17.09.2021,14:48:45.713,12:48:45.713,64514,Timeline2,Tobii I-VT (Fixation),1.145.28180,1080,1920,"10,00",713154733.0,,,618.0,464.0,613.0,464.0,624.0,465.0,"-0,12502","0,04846","-0,99097","-0,22707","0,05121","-0,97253",,,Valid,Valid,"232,7","101,8","513,6","291,3","100,1","515,5","167,9","126,9","171,0","127,2","0,2256","0,4300","0,2211","0,4295","0,2300","0,4304",thumbnail_grossTrial,thumbnail_grossTrial.png,1245.0,1080.0,337.0,0.0,798.0,692.0,Fixation,2500.0,84.0,625.0,467.0,"0,2312","0,4324",,
28946,45300194,1400484571481,Eye Tracker,Participant0058,17.09.2021,Participant0058,Recording4,17.09.2021,17.09.2021,14:48:45.713,12:48:45.713,64514,Timeline2,Tobii I-VT (Fixation),1.145.28180,1080,1920,"10,00",713163073.0,,,622.0,463.0,,,622.0,463.0,,,,"-0,22807","0,05019","-0,97235",,"5,12",Invalid,Valid,,,,"291,3","100,0","515,6",,,"170,4","126,6","0,2283","0,4284",,,"0,2283","0,4284",thumbnail_grossTrial,thumbnail_grossTrial.png,1245.0,1080.0,337.0,0.0,798.0,692.0,Fixation,2500.0,84.0,625.0,467.0,"0,2312","0,4324",,
28947,45308527,1400484579814,Eye Tracker,Participant0058,17.09.2021,Participant0058,Recording4,17.09.2021,17.09.2021,14:48:45.713,12:48:45.713,64514,Timeline2,Tobii I-VT (Fixation),1.145.28180,1080,1920,"10,00",713171406.0,,,617.0,466.0,613.0,468.0,621.0,463.0,"-0,12482","0,05055","-0,99089","-0,22856","0,05052","-0,97222",,,Valid,Valid,"232,8","101,8","513,7","291,4","100,0","515,5","168,0","128,0","170,2","126,8","0,2246","0,4312","0,2215","0,4332","0,2277","0,4291",thumbnail_grossTrial,thumbnail_grossTrial.png,1245.0,1080.0,337.0,0.0,798.0,692.0,Fixation,2500.0,84.0,625.0,467.0,"0,2312","0,4324",,
28948,45316909,1400484588196,Eye Tracker,Participant0058,17.09.2021,Participant0058,Recording4,17.09.2021,17.09.2021,14:48:45.713,12:48:45.713,64514,Timeline2,Tobii I-VT (Fixation),1.145.28180,1080,1920,"10,00",713179787.0,,,624.0,466.0,623.0,476.0,625.0,456.0,"-0,11962","0,05499","-0,99130","-0,22652","0,04667","-0,97289",,,Valid,Valid,"232,7","101,8","513,7","291,3","100,0","515,6","170,7","130,3","171,3","124,8","0,2301","0,4315","0,2293","0,4408","0,2309","0,4222",thumbnail_grossTrial,thumbnail_grossTrial.png,1245.0,1080.0,337.0,0.0,798.0,692.0,Fixation,2500.0,84.0,625.0,467.0,"0,2312","0,4324",,
28949,45325187,1400484596474,Eye Tracker,Participant0058,17.09.2021,Participant0058,Recording4,17.09.2021,17.09.2021,14:48:45.713,12:48:45.713,64514,Timeline2,Tobii I-VT (Fixation),1.145.28180,1080,1920,"10,00",713188065.0,,,629.0,472.0,625.0,480.0,634.0,465.0,"-0,11847","0,05727","-0,99131","-0,22207","0,05123","-0,97368","4,42","4,95",Valid,Valid,"232,7","101,8","513,8","291,3","100,0","515,6","171,3","131,5","173,7","127,1","0,2345","0,4374","0,2310","0,4448","0,2380","0,4301",thumbnail_grossTrial,thumbnail_grossTrial.png,1245.0,1080.0,337.0,0.0,798.0,692.0,Fixation,2500.0,84.0,625.0,467.0,"0,2312","0,4324",,
28950,45333515,1400484604802,Eye Tracker,Participant0058,17.09.2021,Participant0058,Recording4,17.09.2021,17.09.2021,14:48:45.713,12:48:45.713,64514,Timeline2,Tobii I-VT (Fixation),1.145.28180,1080,1920,"10,00",713196393.0,,,630.0,474.0,625.0,480.0,636.0,468.0,"-0,11858","0,05721","-0,99129","-0,22116","0,05292","-0,97380",,,Valid,Valid,"232,7","101,8","513,8","291,3","100,0","515,5","171,3","131,5","174,3","128,1","0,2354","0,4390","0,2310","0,4448","0,2398","0,4333",thumbnail_grossTrial,thumbnail_grossTrial.png,1245.0,1080.0,337.0,0.0,798.0,692.0,Fixation,2500.0,84.0,625.0,467.0,"0,2312","0,4324",,
28951,45341847,1400484613134,Eye Tracker,Participant0058,17.09.2021,Participant0058,Recording4,17.09.2021,17.09.2021,14:48:45.713,12:48:45.713,64514,Timeline2,Tobii I-VT (Fixation),1.145.28180,1080,1920,"10,00",713204725.0,,,618.0,478.0,612.0,478.0,625.0,479.0,"-0,12534","0,05601","-0,99053","-0,22624","0,05840","-0,97232",,,Valid,Valid,"232,7","101,8","513,8","291,3","100,1","515,5","167,7","130,8","171,3","131,0","0,2258","0,4429","0,2204","0,4426","0,2312","0,4433",thumbnail_grossTrial,thumbnail_grossTrial.png,1245.0,1080.0,337.0,0.0,798.0,692.0,Fixation,2500.0,84.0,625.0,467.0,"0,2312","0,4324",,
28952,45350189,1400484621476,Eye Tracker,Participant0058,17.09.2021,Participant0058,Recording4,17.09.2021,17.09.2021,14:48:45.713,12:48:45.713,64514,Timeline2,Tobii I-VT (Fixation),1.145.28180,1080,1920,"10,00",713213066.0,,,619.0,476.0,,,619.0,476.0,,,,"-0,22953","0,05712","-0,97162",,"4,83",Invalid,Valid,,,,"291,3","100,0","515,5",,,"169,5","130,3","0,2258","0,4410",,,"0,2258","0,4410",thumbnail_grossTrial,thumbnail_grossTrial.png,1245.0,1080.0,337.0,0.0,798.0,692.0,Fixation,2500.0,84.0,625.0,467.0,"0,2312","0,4324",,
28953,45358485,1400484629772,Eye Tracker,Participant0058,17.09.2021,Participant0058,Recording4,17.09.2021,17.09.2021,14:48:45.713,12:48:45.713,64514,Timeline2,Tobii I-VT (Fixation),1.145.28180,1080,1920,"10,00",713221362.0,,,616.0,476.0,617.0,476.0,614.0,476.0,"-0,12254","0,05510","-0,99093","-0,23166","0,05711","-0,97112",,,Valid,Valid,"232,7","101,8","513,9","291,4","100,1","515,5","169,2","130,3","168,4","130,4","0,2237","0,4410","0,2249","0,4410","0,2225","0,4411",thumbnail_grossTrial,thumbnail_grossTrial.png,1245.0,1080.0,337.0,0.0,798.0,692.0,Fixation,2500.0,84.0,625.0,467.0,"0,2312","0,4324",,
28954,45366865,1400484638152,Eye Tracker,Participant0058,17.09.2021,Participant0058,Recording4,17.09.2021,17.09.2021,14:48:45.713,12:48:45.713,64514,Timeline2,Tobii I-VT (Fixation),1.145.28180,1080,1920,"10,00",713229742.0,,,618.0,472.0,618.0,473.0,619.0,470.0,"-0,12189","0,05346","-0,99110","-0,22957","0,05397","-0,97179",,,Valid,Valid,"232,7","101,7","513,9","291,3","100,1","515,5","169,5","129,4","169,5","128,7","0,2258","0,4367","0,2257","0,4380","0,2259","0,4355",thumbnail_grossTrial,thumbnail_grossTrial.png,1245.0,1080.0,337.0,0.0,798.0,692.0,Fixation,2500.0,84.0,625.0,467.0,"0,2312","0,4324",,
28955,45375150,1400484646437,Eye Tracker,Participant0058,17.09.2021,Participant0058,Recording4,17.09.2021,17.09.2021,14:48:45.713,12:48:45.713,64514,Timeline2,Tobii I-VT (Fixation),1.145.28180,1080,1920,"10,00",713238026.0,,,620.0,472.0,616.0,473.0,623.0,471.0,"-0,12293","0,05368","-0,99096","-0,22742","0,05419","-0,97229","4,41","4,90",Valid,Valid,"232,7","101,7","514,0","291,3","100,0","515,5","168,9","129,5","170,7","128,8","0,2267","0,4370","0,2241","0,4383","0,2293","0,4356",thumbnail_grossTrial,thumbnail_grossTrial.png,1245.0,1080.0,337.0,0.0,798.0,692.0,Fixation,2500.0,84.0,625.0,467.0,"0,2312","0,4324",,
28956,45383515,1400484654802,Eye Tracker,Participant0058,17.09.2021,Participant0058,Recording4,17.09.2021,17.09.2021,14:48:45.713,12:48:45.713,64514,Timeline2,Tobii I-VT (Fixation),1.145.28180,1080,1920,"10,00",713246391.0,,,619.0,469.0,614.0,473.0,624.0,465.0,"-0,12446","0,05327","-0,99079","-0,22684","0,05146","-0,97257",,,Valid,Valid,"232,8","101,7","514,0","291,4","100,1","515,5","168,2","129,4","171,2","127,4","0,2263","0,4343","0,2219","0,4377","0,2306","0,4309",thumbnail_grossTrial,thumbnail_grossTrial.png,1245.0,1080.0,337.0,0.0,798.0,692.0,Fixation,2500.0,84.0,625.0,467.0,"0,2312","0,4324",,
28957,45391815,1400484663102,Eye Tracker,Participant0058,17.09.2021,Participant0058,Recording4,17.09.2021,17.09.2021,14:48:45.713,12:48:45.713,64514,Timeline2,Tobii I-VT (Fixation),1.145.28180,1080,1920,"10,00",713254691.0,,,619.0,474.0,614.0,473.0,623.0,474.0,"-0,12427","0,05342","-0,99081","-0,22725","0,05607","-0,97222",,,Valid,Valid,"232,7","101,7","514,0","291,3","100,1","515,5","168,2","129,4","170,8","129,8","0,2258","0,4385","0,2220","0,4378","0,2296","0,4392",thumbnail_grossTrial,thumbnail_grossTrial.png,1245.0,1080.0,337.0,0.0,798.0,692.0,Fixation,2500.0,84.0,625.0,467.0,"0,2312","0,4324",,
28958,45400178,1400484671465,Eye Tracker,Participant0058,17.09.2021,Participant0058,Recording4,17.09.2021,17.09.2021,14:48:45.713,12:48:45.713,64514,Timeline2,Tobii I-VT (Fixation),1.145.28180,1080,1920,"10,00",713263054.0,,,624.0,472.0,622.0,466.0,626.0,478.0,"-0,12013","0,04983","-0,99151","-0,22561","0,05835","-0,97247","4,58","5,09",Valid,Valid,"232,7","101,7","514,1","291,3","100,0","515,6","170,4","127,5","171,7","130,9","0,2303","0,4372","0,2284","0,4314","0,2321","0,4430",thumbnail_grossTrial,thumbnail_grossTrial.png,1245.0,1080.0,337.0,0.0,798.0,692.0,Fixation,2500.0,84.0,625.0,467.0,"0,2312","0,4324",,
28959,45408512,1400484679799,Eye Tracker,Participant0058,17.09.2021,Participant0058,Recording4,17.09.2021,17.09.2021,14:48:45.713,12:48:45.713,64514,Timeline2,Tobii I-VT (Fixation),1.145.28180,1080,1920,"10,00",713271387.0,,,635.0,468.0,637.0,468.0,634.0,469.0,"-0,11247","0,05092","-0,99235","-0,22229","0,05314","-0,97353",,,Valid,Valid,"232,8","101,7","514,1","291,4","100,1","515,5","174,5","128,1","173,7","128,2","0,2392","0,4336","0,2404","0,4333","0,2380","0,4338",thumbnail_grossTrial,thumbnail_grossTrial.png,1245.0,1080.0,337.0,0.0,798.0,692.0,Fixation,2500.0,84.0,625.0,467.0,"0,2312","0,4324",,
28960,45416843,1400484688130,Eye Tracker,Participant0058,17.09.2021,Participant0058,Recording4,17.09.2021,17.09.2021,14:48:45.713,12:48:45.713,64514,Timeline2,Tobii I-VT (Fixation),1.145.28180,1080,1920,"10,00",713279718.0,,,629.0,459.0,619.0,455.0,639.0,463.0,"-0,12174","0,04426","-0,99158","-0,21955","0,05058","-0,97429",,,Valid,Valid,"232,7","101,6","514,2","291,3","100,0","515,6","169,6","124,6","175,1","126,8","0,2341","0,4253","0,2260","0,4216","0,2423","0,4291",thumbnail_grossTrial,thumbnail_grossTrial.png,1245.0,1080.0,337.0,0.0,798.0,692.0,Fixation,2500.0,84.0,625.0,467.0,"0,2312","0,4324",,
28961,45425187,1400484696474,Eye Tracker,Participant0058,17.09.2021,Participant0058,Recording4,17.09.2021,17.09.2021,14:48:45.713,12:48:45.713,64514,Timeline2,Tobii I-VT (Fixation),1.145.28180,1080,1920,"10,00",713288062.0,,,621.0,457.0,612.0,462.0,630.0,453.0,"-0,12514","0,04763","-0,99099","-0,22401","0,04536","-0,97353","4,39","4,91",Valid,Valid,"232,7","101,6","514,3","291,3","100,0","515,7","167,7","126,3","172,7","124,0","0,2279","0,4235","0,2206","0,4274","0,2351","0,4197",thumbnail_grossTrial,thumbnail_grossTrial.png,1245.0,1080.0,337.0,0.0,798.0,692.0,Fixation,2500.0,84.0,625.0,467.0,"0,2312","0,4324",,
28962,45433481,1400484704768,Eye Tracker,Participant0058,17.09.2021,Participant0058,Recording4,17.09.2021,17.09.2021,14:48:45.713,12:48:45.713,64514,Timeline2,Tobii I-VT (Fixation),1.145.28180,1080,1920,"10,00",713296355.0,,,617.0,463.0,610.0,460.0,624.0,465.0,"-0,12619","0,04684","-0,99090","-0,22690","0,05133","-0,97256",,,Valid,Valid,"232,7","101,6","514,3","291,4","100,0","515,6","167,2","125,9","171,1","127,3","0,2248","0,4283","0,2192","0,4261","0,2305","0,4306",thumbnail_grossTrial,thumbnail_grossTrial.png,1245.0,1080.0,337.0,0.0,798.0,692.0,Fixation,2500.0,84.0,625.0,467.0,"0,2312","0,4324",,
28963,45441849,1400484713136,Eye Tracker,Participant0058,17.09.2021,Participant0058,Recording4,17.09.2021,17.09.2021,14:48:45.713,12:48:45.713,64514,Timeline2,Tobii I-VT (Fixation),1.145.28180,1080,1920,"10,00",713304723.0,,,618.0,461.0,607.0,465.0,628.0,457.0,"-0,12748","0,04947","-0,99061","-0,22497","0,04733","-0,97322",,,Valid,Valid,"232,7","101,6","514,3","291,3","100,0","515,6","166,5","127,3","172,1","125,1","0,2252","0,4269","0,2169","0,4306","0,2335","0,4233",thumbnail_grossTrial,thumbnail_grossTrial.png,1245.0,1080.0,337.0,0.0,798.0,692.0,Fixation,2500.0,84.0,625.0,467.0,"0,2312","0,4324",,
28964,45450151,1400484721438,Eye Tracker,Participant0058,17.09.2021,Participant0058,Recording4,17.09.2021,17.09.2021,14:48:45.713,12:48:45.713,64514,Timeline2,Tobii I-VT (Fixation),1.145.28180,1080,1920,"10,00",713313025.0,,,619.0,463.0,609.0,464.0,630.0,462.0,"-0,12689","0,04880","-0,99072","-0,22381","0,05001","-0,97335","4,38","4,84",Valid,Valid,"232,7","101,5","514,5","291,3","100,0","515,6","166,8","126,9","172,8","126,5","0,2266","0,4286","0,2178","0,4293","0,2354","0,4280",thumbnail_grossTrial,thumbnail_grossTrial.png,1245.0,1080.0,337.0,0.0,798.0,692.0,Fixation,2500.0,84.0,625.0,467.0,"0,2312","0,4324",,
28965,45458520,1400484729807,Eye Tracker,Participant0058,17.09.2021,Participant0058,Recording4,17.09.2021,17.09.2021,14:48:45.713,12:48:45.713,64514,Timeline2,Tobii I-VT (Fixation),1.145.28180,1080,1920,"10,00",713321394.0,,,621.0,466.0,612.0,465.0,630.0,467.0,"-0,12542","0,04942","-0,99087","-0,22425","0,05245","-0,97312",,,Valid,Valid,"232,7","101,5","514,5","291,4","100,1","515,5","167,6","127,2","172,6","127,9","0,2275","0,4315","0,2202","0,4304","0,2348","0,4326",thumbnail_grossTrial,thumbnail_grossTrial.png,1245.0,1080.0,337.0,0.0,798.0,692.0,Fixation,2500.0,84.0,625.0,467.0,"0,2312","0,4324",,
28966,45466813,1400484738100,Eye Tracker,Participant0058,17.09.2021,Participant0058,Recording4,17.09.2021,17.09.2021,14:48:45.713,12:48:45.713,64514,Timeline2,Tobii I-VT (Fixation),1.145.28180,1080,1920,"10,00",713329686.0,,,619.0,468.0,619.0,463.0,620.0,473.0,"-0,12168","0,04863","-0,99138","-0,22887","0,05535","-0,97188",,,Valid,Valid,"232,7","101,5","514,5","291,3","100,1","515,4","169,5","126,7","169,9","129,5","0,2264","0,4334","0,2258","0,4287","0,2270","0,4380",thumbnail_grossTrial,thumbnail_grossTrial.png,1245.0,1080.0,337.0,0.0,798.0,692.0,Fixation,2500.0,84.0,625.0,467.0,"0,2312","0,4324",,
28967,45475190,1400484746477,Eye Tracker,Participant0058,17.09.2021,Participant0058,Recording4,17.09.2021,17.09.2021,14:48:45.713,12:48:45.713,64514,Timeline2,Tobii I-VT (Fixation),1.145.28180,1080,1920,"10,00",713338063.0,,,613.0,474.0,619.0,469.0,607.0,479.0,"-0,12147","0,05198","-0,99123","-0,23536","0,05844","-0,97015","4,40","5,00",Valid,Valid,"232,7","101,4","514,6","291,3","100,1","515,3","169,6","128,4","166,3","131,2","0,2212","0,4391","0,2260","0,4344","0,2164","0,4438",thumbnail_grossTrial,thumbnail_grossTrial.png,1245.0,1080.0,337.0,0.0,798.0,692.0,Fixation,2500.0,84.0,625.0,467.0,"0,2312","0,4324",,
28968,45483504,1400484754791,Eye Tracker,Participant0058,17.09.2021,Participant0058,Recording4,17.09.2021,17.09.2021,14:48:45.713,12:48:45.713,64514,Timeline2,Tobii I-VT (Fixation),1.145.28180,1080,1920,"10,00",713346377.0,,,619.0,468.0,614.0,469.0,623.0,468.0,"-0,12384","0,05178","-0,99095","-0,22740","0,05265","-0,97238",,,Valid,Valid,"232,7","101,4","514,7","291,3","100,2","515,1","168,4","128,3","170,9","128,1","0,2262","0,4338","0,2226","0,4342","0,2298","0,4334",thumbnail_grossTrial,thumbnail_grossTrial.png,1245.0,1080.0,337.0,0.0,798.0,692.0,Fixation,2500.0,84.0,625.0,467.0,"0,2312","0,4324",,
28969,45491840,1400484763127,Eye Tracker,Participant0058,17.09.2021,Participant0058,Recording4,17.09.2021,17.09.2021,14:48:45.713,12:48:45.713,64514,Timeline2,Tobii I-VT (Fixation),1.145.28180,1080,1920,"10,00",713354712.0,,,615.0,468.0,605.0,469.0,625.0,468.0,"-0,12846","0,05184","-0,99036","-0,22650","0,05228","-0,97261",,,Valid,Valid,"232,7","101,4","514,7","291,3","100,3","515,0","165,9","128,3","171,4","128,0","0,2232","0,4335","0,2152","0,4341","0,2312","0,4329",thumbnail_grossTrial,thumbnail_grossTrial.png,1245.0,1080.0,337.0,0.0,798.0,692.0,Fixation,2500.0,84.0,625.0,467.0,"0,2312","0,4324",,
28970,45500179,1400484771466,Eye Tracker,Participant0058,17.09.2021,Participant0058,Recording4,17.09.2021,17.09.2021,14:48:45.713,12:48:45.713,64514,Timeline2,Tobii I-VT (Fixation),1.145.28180,1080,1920,"10,00",713363051.0,,,613.0,467.0,604.0,466.0,623.0,469.0,"-0,12923","0,05022","-0,99034","-0,22780","0,05277","-0,97228","4,39","4,99",Valid,Valid,"232,7","101,3","514,8","291,3","100,3","514,8","165,5","127,4","170,6","128,3","0,2216","0,4325","0,2140","0,4311","0,2291","0,4339",thumbnail_grossTrial,thumbnail_grossTrial.png,1245.0,1080.0,337.0,0.0,798.0,692.0,Fixation,2500.0,84.0,625.0,467.0,"0,2312","0,4324",,
28971,45508474,1400484779761,Eye Tracker,Participant0058,17.09.2021,Participant0058,Recording4,17.09.2021,17.09.2021,14:48:45.713,12:48:45.713,64514,Timeline2,Tobii I-VT (Fixation),1.145.28180,1080,1920,"10,00",713371346.0,,,617.0,465.0,610.0,469.0,624.0,461.0,"-0,12589","0,05208","-0,99068","-0,22753","0,04868","-0,97255",,,Valid,Valid,"232,7","101,3","514,8","291,3","100,4","514,6","167,3","128,4","170,9","126,2","0,2246","0,4307","0,2193","0,4344","0,2299","0,4270",thumbnail_grossTrial,thumbnail_grossTrial.png,1245.0,1080.0,337.0,0.0,798.0,692.0,Fixation,2500.0,84.0,625.0,467.0,"0,2312","0,4324",,
28972,45516805,1400484788092,Eye Tracker,Participant0058,17.09.2021,Participant0058,Recording4,17.09.2021,17.09.2021,14:48:45.713,12:48:45.713,64514,Timeline2,Tobii I-VT (Fixation),1.145.28180,1080,1920,"10,00",713379677.0,,,617.0,469.0,615.0,469.0,620.0,469.0,"-0,12330","0,05209","-0,99100","-0,22937","0,05260","-0,97192",,,Valid,Valid,"232,6","101,3","514,9","291,2","100,5","514,4","168,6","128,3","169,8","128,3","0,2249","0,4342","0,2231","0,4343","0,2268","0,4342",thumbnail_grossTrial,thumbnail_grossTrial.png,1245.0,1080.0,337.0,0.0,798.0,692.0,Fixation,2500.0,84.0,625.0,467.0,"0,2312","0,4324",,
28973,45525139,1400484796426,Eye Tracker,Participant0058,17.09.2021,Participant0058,Recording4,17.09.2021,17.09.2021,14:48:45.713,12:48:45.713,64514,Timeline2,Tobii I-VT (Fixation),1.145.28180,1080,1920,"10,00",713388010.0,,,619.0,471.0,615.0,468.0,623.0,474.0,"-0,12325","0,05177","-0,99102","-0,22768","0,05519","-0,97217","4,39","4,85",Valid,Valid,"232,7","101,2","514,9","291,2","100,5","514,3","168,6","128,1","170,8","129,7","0,2264","0,4362","0,2232","0,4336","0,2295","0,4389",thumbnail_grossTrial,thumbnail_grossTrial.png,1245.0,1080.0,337.0,0.0,798.0,692.0,Fixation,2500.0,84.0,625.0,467.0,"0,2312","0,4324",,
28974,45533509,1400484804796,Eye Tracker,Participant0058,17.09.2021,Participant0058,Recording4,17.09.2021,17.09.2021,14:48:45.713,12:48:45.713,64514,Timeline2,Tobii I-VT (Fixation),1.145.28180,1080,1920,"10,00",713396380.0,,,626.0,466.0,613.0,469.0,639.0,464.0,"-0,12450","0,05186","-0,99086","-0,21999","0,05013","-0,97421",,,Valid,Valid,"232,7","101,3","514,9","291,2","100,6","514,1","168,0","128,2","175,1","127,0","0,2319","0,4318","0,2215","0,4339","0,2423","0,4298",thumbnail_grossTrial,thumbnail_grossTrial.png,1245.0,1080.0,337.0,0.0,798.0,692.0,Fixation,2500.0,84.0,625.0,467.0,"0,2312","0,4324",,
28975,45541828,1400484813115,Eye Tracker,Participant0058,17.09.2021,Participant0058,Recording4,17.09.2021,17.09.2021,14:48:45.713,12:48:45.713,64514,Timeline2,Tobii I-VT (Fixation),1.145.28180,1080,1920,"10,00",713404699.0,,,623.0,470.0,613.0,468.0,633.0,473.0,"-0,12418","0,05180","-0,99091","-0,22306","0,05437","-0,97329",,,Valid,Valid,"232,7","101,3","514,9","291,2","100,6","514,2","168,1","128,2","173,4","129,3","0,2295","0,4356","0,2217","0,4337","0,2372","0,4375",thumbnail_grossTrial,thumbnail_grossTrial.png,1245.0,1080.0,337.0,0.0,798.0,692.0,Fixation,2500.0,84.0,625.0,467.0,"0,2312","0,4324",,
28976,45550174,1400484821461,Eye Tracker,Participant0058,17.09.2021,Participant0058,Recording4,17.09.2021,17.09.2021,14:48:45.713,12:48:45.713,64514,Timeline2,Tobii I-VT (Fixation),1.145.28180,1080,1920,"10,00",713413044.0,,,624.0,469.0,614.0,469.0,634.0,469.0,"-0,12405","0,05199","-0,99091","-0,22242","0,05266","-0,97353","4,41","4,40",Valid,Valid,"232,7","101,3","514,9","291,2","100,5","514,3","168,2","128,3","173,7","128,4","0,2301","0,4342","0,2219","0,4340","0,2382","0,4343",thumbnail_grossTrial,thumbnail_grossTrial.png,1245.0,1080.0,337.0,0.0,798.0,692.0,Fixation,2500.0,84.0,625.0,467.0,"0,2312","0,4324",,
28977,45558502,1400484829789,Eye Tracker,Participant0058,17.09.2021,Participant0058,Recording4,17.09.2021,17.09.2021,14:48:45.713,12:48:45.713,64514,Timeline2,Tobii I-VT (Fixation),1.145.28180,1080,1920,"10,00",713421372.0,,,624.0,463.0,610.0,465.0,637.0,460.0,"-0,12621","0,05004","-0,99074","-0,22084","0,04821","-0,97412",,,Valid,Valid,"232,7","101,3","514,8","291,3","100,5","514,3","167,1","127,3","174,7","126,0","0,2299","0,4285","0,2189","0,4308","0,2409","0,4263",thumbnail_grossTrial,thumbnail_grossTrial.png,1245.0,1080.0,337.0,0.0,798.0,692.0,Fixation,2500.0,84.0,625.0,467.0,"0,2312","0,4324",,
28978,45566810,1400484838097,Eye Tracker,Participant0058,17.09.2021,Participant0058,Recording4,17.09.2021,17.09.2021,14:48:45.713,12:48:45.713,64514,Timeline2,Tobii I-VT (Fixation),1.145.28180,1080,1920,"10,00",713429680.0,,,631.0,455.0,609.0,470.0,654.0,440.0,"-0,12674","0,05244","-0,99055","-0,21281","0,03792","-0,97636",,,Valid,Valid,"232,7","101,3","514,8","291,2","100,5","514,5","166,8","128,6","179,1","120,5","0,2359","0,4213","0,2178","0,4350","0,2539","0,4075",thumbnail_grossTrial,thumbnail_grossTrial.png,1245.0,1080.0,337.0,0.0,798.0,692.0,Fixation,2500.0,84.0,625.0,467.0,"0,2312","0,4324",,
28979,45575138,1400484846425,Eye Tracker,Participant0058,17.09.2021,Participant0058,Recording4,17.09.2021,17.09.2021,14:48:45.713,12:48:45.713,64514,Timeline2,Tobii I-VT (Fixation),1.145.28180,1080,1920,"10,00",713438008.0,,,632.0,455.0,610.0,469.0,653.0,440.0,"-0,12593","0,05223","-0,99066","-0,21277","0,03806","-0,97636","4,41","4,40",Valid,Valid,"232,7","101,3","514,8","291,3","100,4","514,8","167,2","128,5","179,1","120,4","0,2365","0,4211","0,2191","0,4347","0,2538","0,4075",thumbnail_grossTrial,thumbnail_grossTrial.png,1245.0,1080.0,337.0,0.0,798.0,692.0,Fixation,2500.0,84.0,625.0,467.0,"0,2312","0,4324",,
28980,45583469,1400484854756,Eye Tracker,Participant0058,17.09.2021,Participant0058,Recording4,17.09.2021,17.09.2021,14:48:45.713,12:48:45.713,64514,Timeline2,Tobii I-VT (Fixation),1.145.28180,1080,1920,"10,00",713446338.0,,,617.0,470.0,604.0,472.0,629.0,468.0,"-0,12906","0,05344","-0,99020","-0,22487","0,05256","-0,97297",,,Valid,Valid,"232,7","101,4","514,7","291,3","100,3","514,9","165,6","129,2","172,3","128,1","0,2242","0,4353","0,2145","0,4371","0,2340","0,4335",thumbnail_grossTrial,thumbnail_grossTrial.png,1245.0,1080.0,337.0,0.0,798.0,692.0,Fixation,2500.0,84.0,625.0,467.0,"0,2312","0,4324",,
28981,45591837,1400484863124,Eye Tracker,Participant0058,17.09.2021,Participant0058,Recording4,17.09.2021,17.09.2021,14:48:45.713,12:48:45.713,64514,Timeline2,Tobii I-VT (Fixation),1.145.28180,1080,1920,"10,00",713454706.0,,,617.0,471.0,606.0,472.0,627.0,471.0,"-0,12799","0,05320","-0,99035","-0,22554","0,05412","-0,97273",,,Valid,Valid,"232,6","101,4","514,6","291,3","100,2","515,2","166,1","129,1","171,8","128,9","0,2242","0,4364","0,2159","0,4367","0,2326","0,4360",thumbnail_grossTrial,thumbnail_grossTrial.png,1245.0,1080.0,337.0,0.0,798.0,692.0,Fixation,2500.0,84.0,625.0,467.0,"0,2312","0,4324",,
28982,45600165,1400484871452,Eye Tracker,Participant0058,17.09.2021,Participant0058,Recording4,17.09.2021,17.09.2021,14:48:45.713,12:48:45.713,64514,Timeline2,Tobii I-VT (Fixation),1.145.28180,1080,1920,"10,00",713463034.0,,,617.0,473.0,607.0,476.0,626.0,470.0,"-0,12731","0,05551","-0,99031","-0,22579","0,05390","-0,97268","4,40","4,42",Valid,Valid,"232,6","101,4","514,6","291,3","100,1","515,6","166,5","130,3","171,6","128,6","0,2245","0,4380","0,2169","0,4408","0,2320","0,4352",thumbnail_grossTrial,thumbnail_grossTrial.png,1245.0,1080.0,337.0,0.0,798.0,692.0,Fixation,2500.0,84.0,625.0,467.0,"0,2312","0,4324",,
28983,45608557,1400484879844,Eye Tracker,Participant0058,17.09.2021,Participant0058,Recording4,17.09.2021,17.09.2021,14:48:45.713,12:48:45.713,64514,Timeline2,Tobii I-VT (Fixation),1.145.28180,1080,1920,"10,00",713471425.0,,,623.0,473.0,619.0,473.0,626.0,473.0,"-0,12131","0,05398","-0,99115","-0,22597","0,05559","-0,97255",,,Valid,Valid,"232,7","101,5","514,4","291,4","100,0","515,7","169,7","129,5","171,5","129,5","0,2291","0,4382","0,2264","0,4383","0,2317","0,4381",thumbnail_grossTrial,thumbnail_grossTrial.png,1245.0,1080.0,337.0,0.0,798.0,692.0,Fixation,2500.0,84.0,625.0,467.0,"0,2312","0,4324",,
28984,45616826,1400484888113,Eye Tracker,Participant0058,17.09.2021,Participant0058,Recording4,17.09.2021,17.09.2021,14:48:45.713,12:48:45.713,64514,Timeline2,Tobii I-VT (Fixation),1.145.28180,1080,1920,"10,00",713479694.0,,,625.0,468.0,618.0,474.0,633.0,461.0,"-0,12206","0,05436","-0,99103","-0,22250","0,04963","-0,97367",,,Valid,Valid,"232,6","101,5","514,4","291,3","99,9","516,0","169,3","129,7","173,4","126,2","0,2311","0,4330","0,2251","0,4390","0,2372","0,4270",thumbnail_grossTrial,thumbnail_grossTrial.png,1245.0,1080.0,337.0,0.0,798.0,692.0,Fixation,2500.0,84.0,625.0,467.0,"0,2312","0,4324",,
28985,45625156,1400484896443,Eye Tracker,Participant0058,17.09.2021,Participant0058,Recording4,17.09.2021,17.09.2021,14:48:45.713,12:48:45.713,64514,Timeline2,Tobii I-VT (Fixation),1.145.28180,1080,1920,"10,00",713488024.0,,,632.0,462.0,,,632.0,462.0,,,,"-0,22256","0,05019","-0,97363",,"4,44",Invalid,Valid,,,,"291,3","99,8","516,3",,,"173,3","126,4","0,2370","0,4277",,,"0,2370","0,4277",thumbnail_grossTrial,thumbnail_grossTrial.png,1245.0,1080.0,337.0,0.0,798.0,692.0,Fixation,2500.0,84.0,625.0,467.0,"0,2312","0,4324",,
28986,45633463,1400484904750,Eye Tracker,Participant0058,17.09.2021,Participant0058,Recording4,17.09.2021,17.09.2021,14:48:45.713,12:48:45.713,64514,Timeline2,Tobii I-VT (Fixation),1.145.28180,1080,1920,"10,00",713496331.0,,,625.0,472.0,619.0,482.0,631.0,462.0,"-0,12147","0,05845","-0,99087","-0,22350","0,05026","-0,97341",,,Valid,Valid,"232,7","101,6","514,3","291,4","99,8","516,3","169,6","131,9","172,8","126,4","0,2309","0,4371","0,2261","0,4464","0,2356","0,4278",thumbnail_grossTrial,thumbnail_grossTrial.png,1245.0,1080.0,337.0,0.0,798.0,692.0,Fixation,2500.0,84.0,625.0,467.0,"0,2312","0,4324",,
28987,45641833,1400484913120,Eye Tracker,Participant0058,17.09.2021,Participant0058,Recording4,17.09.2021,17.09.2021,14:48:45.713,12:48:45.713,64514,Timeline2,Tobii I-VT (Fixation),1.145.28180,1080,1920,"10,00",713504700.0,,,624.0,476.0,621.0,486.0,627.0,465.0,"-0,12048","0,06069","-0,99086","-0,22497","0,05174","-0,97299",,,Valid,Valid,"232,6","101,6","514,2","291,4","99,7","516,5","170,1","133,1","171,9","127,2","0,2302","0,4403","0,2275","0,4503","0,2329","0,4303",thumbnail_grossTrial,thumbnail_grossTrial.png,1245.0,1080.0,337.0,0.0,798.0,692.0,Fixation,2500.0,84.0,625.0,467.0,"0,2312","0,4324",,
28988,45650131,1400484921418,Eye Tracker,Participant0058,17.09.2021,Participant0058,Recording4,17.09.2021,17.09.2021,14:48:45.713,12:48:45.713,64514,Timeline2,Tobii I-VT (Fixation),1.145.28180,1080,1920,"10,00",713512998.0,,,627.0,463.0,,,627.0,463.0,,,,"-0,22537","0,05101","-0,97294",,"4,44",Invalid,Valid,,,,"291,4","99,7","516,6",,,"171,7","126,7","0,2322","0,4288",,,"0,2322","0,4288",thumbnail_grossTrial,thumbnail_grossTrial.png,1245.0,1080.0,337.0,0.0,798.0,692.0,Fixation,2500.0,84.0,625.0,467.0,"0,2312","0,4324",,
28989,45658510,1400484929797,Eye Tracker,Participant0058,17.09.2021,Participant0058,Recording4,17.09.2021,17.09.2021,14:48:45.713,12:48:45.713,64514,Timeline2,Tobii I-VT (Fixation),1.145.28180,1080,1920,"10,00",713521377.0,,,626.0,472.0,625.0,480.0,627.0,464.0,"-0,11853","0,05751","-0,99128","-0,22507","0,05140","-0,97299",,,Valid,Valid,"232,7","101,6","514,2","291,4","99,7","516,6","171,2","131,5","171,9","127,0","0,2318","0,4372","0,2308","0,4448","0,2329","0,4296",thumbnail_grossTrial,thumbnail_grossTrial.png,1245.0,1080.0,337.0,0.0,798.0,692.0,Fixation,2500.0,84.0,625.0,467.0,"0,2312","0,4324",,
28990,45666834,1400484938121,Eye Tracker,Participant0058,17.09.2021,Participant0058,Recording4,17.09.2021,17.09.2021,14:48:45.713,12:48:45.713,64514,Timeline2,Tobii I-VT (Fixation),1.145.28180,1080,1920,"10,00",713529700.0,,,617.0,467.0,612.0,462.0,622.0,472.0,"-0,12499","0,04779","-0,99101","-0,22739","0,05559","-0,97222",,,Valid,Valid,"232,6","101,6","514,2","291,4","99,7","516,6","167,8","126,4","170,6","129,2","0,2248","0,4324","0,2208","0,4277","0,2289","0,4371",thumbnail_grossTrial,thumbnail_grossTrial.png,1245.0,1080.0,337.0,0.0,798.0,692.0,Fixation,2500.0,84.0,625.0,467.0,"0,2312","0,4324",,
28991,45675159,1400484946446,Eye Tracker,Participant0058,17.09.2021,Participant0058,Recording4,17.09.2021,17.09.2021,14:48:45.713,12:48:45.713,64514,Timeline2,Tobii I-VT (Fixation),1.145.28180,1080,1920,"10,00",713538025.0,,,620.0,473.0,620.0,476.0,620.0,470.0,"-0,12069","0,05516","-0,99116","-0,22847","0,05452","-0,97202","4,40","4,45",Valid,Valid,"232,6","101,6","514,2","291,4","99,6","516,7","170,0","130,2","170,0","128,6","0,2272","0,4379","0,2273","0,4406","0,2271","0,4352",thumbnail_grossTrial,thumbnail_grossTrial.png,1245.0,1080.0,337.0,0.0,798.0,692.0,Fixation,2500.0,84.0,625.0,467.0,"0,2312","0,4324",,
28992,45683493,1400484954780,Eye Tracker,Participant0058,17.09.2021,Participant0058,Recording4,17.09.2021,17.09.2021,14:48:45.713,12:48:45.713,64514,Timeline2,Tobii I-VT (Fixation),1.145.28180,1080,1920,"10,00",713546359.0,,,619.0,473.0,617.0,476.0,621.0,469.0,"-0,12258","0,05523","-0,99092","-0,22804","0,05403","-0,97215",,,Valid,Valid,"232,7","101,7","514,1","291,5","99,7","516,6","169,1","130,3","170,3","128,4","0,2263","0,4376","0,2246","0,4409","0,2280","0,4344",thumbnail_grossTrial,thumbnail_grossTrial.png,1245.0,1080.0,337.0,0.0,798.0,692.0,Fixation,2500.0,84.0,625.0,467.0,"0,2312","0,4324",,
28993,45691822,1400484963109,Eye Tracker,Participant0058,17.09.2021,Participant0058,Recording4,17.09.2021,17.09.2021,14:48:45.713,12:48:45.713,64514,Timeline2,Tobii I-VT (Fixation),1.145.28180,1080,1920,"10,00",713554688.0,,,624.0,473.0,625.0,480.0,624.0,465.0,"-0,11819","0,05737","-0,99133","-0,22675","0,05198","-0,97257",,,Valid,Valid,"232,6","101,6","514,1","291,4","99,7","516,6","171,3","131,4","171,0","127,3","0,2306","0,4376","0,2312","0,4445","0,2300","0,4307",thumbnail_grossTrial,thumbnail_grossTrial.png,1245.0,1080.0,337.0,0.0,798.0,692.0,Fixation,2500.0,84.0,625.0,467.0,"0,2312","0,4324",,
28994,45700155,1400484971442,Eye Tracker,Participant0058,17.09.2021,Participant0058,Recording4,17.09.2021,17.09.2021,14:48:45.713,12:48:45.713,64514,Timeline2,Tobii I-VT (Fixation),1.145.28180,1080,1920,"10,00",713563020.0,,,622.0,471.0,622.0,475.0,623.0,468.0,"-0,12005","0,05479","-0,99126","-0,22702","0,05332","-0,97243","4,40","4,94",Valid,Valid,"232,7","101,6","514,2","291,4","99,7","516,6","170,4","130,0","170,8","128,0","0,2290","0,4365","0,2284","0,4400","0,2296","0,4331",thumbnail_grossTrial,thumbnail_grossTrial.png,1245.0,1080.0,337.0,0.0,798.0,692.0,Fixation,2500.0,84.0,625.0,467.0,"0,2312","0,4324",,
28995,45708489,1400484979776,Eye Tracker,Participant0058,17.09.2021,Participant0058,Recording4,17.09.2021,17.09.2021,14:48:45.713,12:48:45.713,64514,Timeline2,Tobii I-VT (Fixation),1.145.28180,1080,1920,"10,00",713571354.0,,,621.0,469.0,619.0,474.0,623.0,464.0,"-0,12163","0,05399","-0,99111","-0,22702","0,05152","-0,97253",,,Valid,Valid,"232,7","101,7","514,2","291,4","99,7","516,5","169,6","129,7","170,9","127,1","0,2279","0,4344","0,2261","0,4387","0,2298","0,4300",thumbnail_grossTrial,thumbnail_grossTrial.png,1245.0,1080.0,337.0,0.0,798.0,692.0,Fixation,2500.0,84.0,625.0,467.0,"0,2312","0,4324",,
28996,45716798,1400484988085,Eye Tracker,Participant0058,17.09.2021,Participant0058,Recording4,17.09.2021,17.09.2021,14:48:45.713,12:48:45.713,64514,Timeline2,Tobii I-VT (Fixation),1.145.28180,1080,1920,"10,00",713579663.0,,,620.0,473.0,617.0,474.0,624.0,471.0,"-0,12265","0,05436","-0,99096","-0,22684","0,05508","-0,97237",,,Valid,Valid,"232,6","101,6","514,2","291,4","99,7","516,5","169,0","129,8","170,9","129,0","0,2271","0,4378","0,2243","0,4392","0,2298","0,4363",thumbnail_grossTrial,thumbnail_grossTrial.png,1245.0,1080.0,337.0,0.0,798.0,692.0,Fixation,2500.0,84.0,625.0,467.0,"0,2312","0,4324",,
28997,45725125,1400484996412,Eye Tracker,Participant0058,17.09.2021,Participant0058,Recording4,17.09.2021,17.09.2021,14:48:45.713,12:48:45.713,64514,Timeline2,Tobii I-VT (Fixation),1.145.28180,1080,1920,"10,00",713587989.0,,,621.0,475.0,619.0,478.0,623.0,472.0,"-0,12164","0,05623","-0,99098","-0,22724","0,05537","-0,97226","4,39","4,97",Valid,Valid,"232,6","101,6","514,2","291,4","99,7","516,5","169,5","130,7","170,7","129,1","0,2275","0,4396","0,2258","0,4424","0,2292","0,4368",thumbnail_grossTrial,thumbnail_grossTrial.png,1245.0,1080.0,337.0,0.0,798.0,692.0,Fixation,2500.0,84.0,625.0,467.0,"0,2312","0,4324",,
28998,45733455,1400485004742,Eye Tracker,Participant0058,17.09.2021,Participant0058,Recording4,17.09.2021,17.09.2021,14:48:45.713,12:48:45.713,64514,Timeline2,Tobii I-VT (Fixation),1.145.28180,1080,1920,"10,00",713596319.0,,,622.0,477.0,618.0,475.0,627.0,479.0,"-0,12204","0,05490","-0,99101","-0,22528","0,05892","-0,97251",,,Valid,Valid,"232,7","101,6","514,2","291,4","99,7","516,4","169,4","130,1","171,8","131,0","0,2290","0,4418","0,2254","0,4402","0,2325","0,4433",thumbnail_grossTrial,thumbnail_grossTrial.png,1245.0,1080.0,337.0,0.0,798.0,692.0,Fixation,2500.0,84.0,625.0,467.0,"0,2312","0,4324",,
28999,45741818,1400485013105,Eye Tracker,Participant0058,17.09.2021,Participant0058,Recording4,17.09.2021,17.09.2021,14:48:45.713,12:48:45.713,64514,Timeline2,Tobii I-VT (Fixation),1.145.28180,1080,1920,"10,00",713604682.0,,,624.0,475.0,620.0,480.0,628.0,470.0,"-0,12093","0,05722","-0,99101","-0,22480","0,05447","-0,97288",,,Valid,Valid,"232,6","101,6","514,3","291,4","99,7","516,4","169,9","131,3","172,0","128,6","0,2300","0,4397","0,2269","0,4441","0,2332","0,4352",thumbnail_grossTrial,thumbnail_grossTrial.png,1245.0,1080.0,337.0,0.0,798.0,692.0,Fixation,2500.0,84.0,625.0,467.0,"0,2312","0,4324",,
29000,45750155,1400485021442,Eye Tracker,Participant0058,17.09.2021,Participant0058,Recording4,17.09.2021,17.09.2021,14:48:45.713,12:48:45.713,64514,Timeline2,Tobii I-VT (Fixation),1.145.28180,1080,1920,"10,00",713613019.0,,,630.0,463.0,,,630.0,463.0,,,,"-0,22379","0,05091","-0,97331",,"4,96",Invalid,Valid,,,,"291,4","99,7","516,5",,,"172,6","126,7","0,2350","0,4287",,,"0,2350","0,4287",thumbnail_grossTrial,thumbnail_grossTrial.png,1245.0,1080.0,337.0,0.0,798.0,692.0,Fixation,2500.0,84.0,625.0,467.0,"0,2312","0,4324",,
29001,45758453,1400485029740,Eye Tracker,Participant0058,17.09.2021,Participant0058,Recording4,17.09.2021,17.09.2021,14:48:45.713,12:48:45.713,64514,Timeline2,Tobii I-VT (Fixation),1.145.28180,1080,1920,"10,00",713621316.0,,,625.0,473.0,622.0,483.0,627.0,462.0,"-0,11970","0,05884","-0,99107","-0,22549","0,05045","-0,97294",,,Valid,Valid,"232,7","101,6","514,3","291,4","99,8","516,4","170,6","132,1","171,8","126,5","0,2307","0,4375","0,2290","0,4470","0,2324","0,4281",thumbnail_grossTrial,thumbnail_grossTrial.png,1245.0,1080.0,337.0,0.0,798.0,692.0,Fixation,2500.0,84.0,625.0,467.0,"0,2312","0,4324",,
29002,45766816,1400485038103,Eye Tracker,Participant0058,17.09.2021,Participant0058,Recording4,17.09.2021,17.09.2021,14:48:45.713,12:48:45.713,64514,Timeline2,Tobii I-VT (Fixation),1.145.28180,1080,1920,"10,00",713629679.0,,,623.0,471.0,621.0,475.0,625.0,468.0,"-0,12025","0,05488","-0,99123","-0,22606","0,05313","-0,97266",,,Valid,Valid,"232,7","101,5","514,3","291,4","99,7","516,4","170,3","130,0","171,4","127,9","0,2296","0,4364","0,2280","0,4399","0,2312","0,4329",thumbnail_grossTrial,thumbnail_grossTrial.png,1245.0,1080.0,337.0,0.0,798.0,692.0,Fixation,2500.0,84.0,625.0,467.0,"0,2312","0,4324",,
29003,45775146,1400485046433,Eye Tracker,Participant0058,17.09.2021,Participant0058,Recording4,17.09.2021,17.09.2021,14:48:45.713,12:48:45.713,64514,Timeline2,Tobii I-VT (Fixation),1.145.28180,1080,1920,"10,00",713638009.0,,,622.0,476.0,,,622.0,476.0,,,,"-0,22754","0,05740","-0,97207",,"5,11",Invalid,Valid,,,,"291,4","99,7","516,4",,,"170,5","130,2","0,2287","0,4405",,,"0,2287","0,4405",thumbnail_grossTrial,thumbnail_grossTrial.png,1245.0,1080.0,337.0,0.0,798.0,692.0,Fixation,2500.0,84.0,625.0,467.0,"0,2312","0,4324",,
29004,45783552,1400485054839,Eye Tracker,Participant0058,17.09.2021,Participant0058,Recording4,17.09.2021,17.09.2021,14:48:45.713,12:48:45.713,64514,Timeline2,Tobii I-VT (Fixation),1.145.28180,1080,1920,"10,00",713646414.0,,,608.0,462.0,598.0,447.0,617.0,477.0,"-0,13243","0,03998","-0,99039","-0,23016","0,05799","-0,97142",,,Valid,Valid,"232,7","101,6","514,4","291,4","99,8","516,3","163,9","122,3","169,1","130,6","0,2170","0,4279","0,2095","0,4139","0,2246","0,4419",thumbnail_grossTrial,thumbnail_grossTrial.png,1245.0,1080.0,337.0,0.0,798.0,692.0,Fixation,2500.0,84.0,625.0,467.0,"0,2312","0,4324",,
29005,45791822,1400485063109,Eye Tracker,Participant0058,17.09.2021,Participant0058,Recording4,17.09.2021,17.09.2021,14:48:45.713,12:48:45.713,64514,Timeline2,Tobii I-VT (Fixation),1.145.28180,1080,1920,"10,00",713654684.0,,,629.0,478.0,636.0,481.0,621.0,475.0,"-0,11225","0,05786","-0,99199","-0,22811","0,05712","-0,97196",,,Valid,Valid,"232,6","101,5","514,4","291,4","99,8","516,3","174,4","131,5","170,2","130,1","0,2340","0,4426","0,2402","0,4450","0,2278","0,4402",thumbnail_grossTrial,thumbnail_grossTrial.png,1245.0,1080.0,337.0,0.0,798.0,692.0,Fixation,2500.0,84.0,625.0,467.0,"0,2312","0,4324",,
29006,45800154,1400485071441,Eye Tracker,Participant0058,17.09.2021,Participant0058,Recording4,17.09.2021,17.09.2021,14:48:45.713,12:48:45.713,64514,Timeline2,Tobii I-VT (Fixation),1.145.28180,1080,1920,"10,00",713663016.0,,,631.0,492.0,631.0,492.0,,,"-0,11497","0,06405","-0,99130",,,,"4,38",,Valid,Invalid,"232,6","101,5","514,5",,,,"173,0","134,7",,,"0,2359","0,4558","0,2359","0,4558",,,thumbnail_grossTrial,thumbnail_grossTrial.png,1245.0,1080.0,337.0,0.0,798.0,692.0,Fixation,2500.0,84.0,625.0,467.0,"0,2312","0,4324",,
29007,45808486,1400485079773,Eye Tracker,Participant0058,17.09.2021,Participant0058,Recording4,17.09.2021,17.09.2021,14:48:45.713,12:48:45.713,64514,Timeline2,Tobii I-VT (Fixation),1.145.28180,1080,1920,"10,00",713671348.0,,,626.0,482.0,624.0,486.0,629.0,479.0,"-0,11868","0,06045","-0,99109","-0,22447","0,05877","-0,97271",,,Valid,Valid,"232,7","101,5","514,4","291,4","99,8","516,2","171,1","132,9","172,3","131,0","0,2322","0,4465","0,2304","0,4497","0,2339","0,4433",thumbnail_grossTrial,thumbnail_grossTrial.png,1245.0,1080.0,337.0,0.0,798.0,692.0,Fixation,2500.0,84.0,625.0,467.0,"0,2312","0,4324",,
29008,45816788,1400485088075,Eye Tracker,Participant0058,17.09.2021,Participant0058,Recording4,17.09.2021,17.09.2021,14:48:45.713,12:48:45.713,64514,Timeline2,Tobii I-VT (Fixation),1.145.28180,1080,1920,"10,00",713679649.0,,,623.0,487.0,624.0,483.0,622.0,490.0,"-0,11858","0,05905","-0,99119","-0,22753","0,06469","-0,97162",,,Valid,Valid,"232,6","101,5","514,5","291,3","99,8","516,2","171,1","132,2","170,5","134,2","0,2295","0,4506","0,2304","0,4472","0,2286","0,4540",thumbnail_grossTrial,thumbnail_grossTrial.png,1245.0,1080.0,337.0,0.0,798.0,692.0,Fixation,2500.0,84.0,625.0,467.0,"0,2312","0,4324",,
29009,45825132,1400485096419,Eye Tracker,Participant0058,17.09.2021,Participant0058,Recording4,17.09.2021,17.09.2021,14:48:45.713,12:48:45.713,64514,Timeline2,Tobii I-VT (Fixation),1.145.28180,1080,1920,"10,00",713687993.0,,,621.0,484.0,,,621.0,484.0,,,,"-0,22801","0,06156","-0,97171",,"4,99",Invalid,Valid,,,,"291,4","99,8","516,2",,,"170,2","132,5","0,2279","0,4484",,,"0,2279","0,4484",thumbnail_grossTrial,thumbnail_grossTrial.png,1245.0,1080.0,337.0,0.0,798.0,692.0,Fixation,2500.0,84.0,625.0,467.0,"0,2312","0,4324",,
29010,45833486,1400485104773,Eye Tracker,Participant0058,17.09.2021,Participant0058,Recording4,17.09.2021,17.09.2021,14:48:45.713,12:48:45.713,64514,Timeline2,Tobii I-VT (Fixation),1.145.28180,1080,1920,"10,00",713696347.0,,,618.0,477.0,621.0,479.0,615.0,475.0,"-0,12015","0,05710","-0,99111","-0,23098","0,05651","-0,97132",,,Valid,Valid,"232,7","101,5","514,5","291,4","99,9","516,1","170,3","131,2","168,7","129,9","0,2258","0,4417","0,2282","0,4438","0,2234","0,4396",thumbnail_grossTrial,thumbnail_grossTrial.png,1245.0,1080.0,337.0,0.0,798.0,692.0,Fixation,2500.0,84.0,625.0,467.0,"0,2312","0,4324",,
29011,45841809,1400485113096,Eye Tracker,Participant0058,17.09.2021,Participant0058,Recording4,17.09.2021,17.09.2021,14:48:45.713,12:48:45.713,64514,Timeline2,Tobii I-VT (Fixation),1.145.28180,1080,1920,"10,00",713704669.0,,,620.0,474.0,623.0,480.0,618.0,467.0,"-0,11924","0,05773","-0,99119","-0,22995","0,05276","-0,97177",,,Valid,Valid,"232,6","101,5","514,5","291,4","99,9","516,0","170,7","131,5","169,2","127,9","0,2272","0,4388","0,2294","0,4448","0,2250","0,4328",thumbnail_grossTrial,thumbnail_grossTrial.png,1245.0,1080.0,337.0,0.0,798.0,692.0,Fixation,2500.0,84.0,625.0,467.0,"0,2312","0,4324",,
29012,45850112,1400485121399,Eye Tracker,Participant0058,17.09.2021,Participant0058,Recording4,17.09.2021,17.09.2021,14:48:45.713,12:48:45.713,64514,Timeline2,Tobii I-VT (Fixation),1.145.28180,1080,1920,"10,00",713712972.0,,,622.0,477.0,622.0,477.0,,,"-0,11996","0,05586","-0,99121",,,,"4,40",,Valid,Invalid,"232,6","101,5","514,5",,,,"170,4","130,5",,,"0,2283","0,4415","0,2283","0,4415",,,thumbnail_grossTrial,thumbnail_grossTrial.png,1245.0,1080.0,337.0,0.0,798.0,692.0,Fixation,2500.0,84.0,625.0,467.0,"0,2312","0,4324",,
29013,45858445,1400485129732,Eye Tracker,Participant0058,17.09.2021,Participant0058,Recording4,17.09.2021,17.09.2021,14:48:45.713,12:48:45.713,64514,Timeline2,Tobii I-VT (Fixation),1.145.28180,1080,1920,"10,00",713721305.0,,,619.0,472.0,617.0,479.0,621.0,465.0,"-0,12236","0,05718","-0,99084","-0,22831","0,05125","-0,97224",,,Valid,Valid,"232,7","101,5","514,5","291,4","100,0","515,9","169,2","131,2","170,3","127,2","0,2264","0,4372","0,2248","0,4440","0,2280","0,4303",thumbnail_grossTrial,thumbnail_grossTrial.png,1245.0,1080.0,337.0,0.0,798.0,692.0,Fixation,2500.0,84.0,625.0,467.0,"0,2312","0,4324",,
29014,45866806,1400485138093,Eye Tracker,Participant0058,17.09.2021,Participant0058,Recording4,17.09.2021,17.09.2021,14:48:45.713,12:48:45.713,64514,Timeline2,Tobii I-VT (Fixation),1.145.28180,1080,1920,"10,00",713729666.0,,,619.0,467.0,614.0,476.0,623.0,458.0,"-0,12395","0,05563","-0,99073","-0,22727","0,04775","-0,97266",,,Valid,Valid,"232,6","101,5","514,5","291,4","100,0","515,8","168,3","130,4","170,8","125,3","0,2259","0,4326","0,2222","0,4411","0,2297","0,4240",thumbnail_grossTrial,thumbnail_grossTrial.png,1245.0,1080.0,337.0,0.0,798.0,692.0,Fixation,2500.0,84.0,625.0,467.0,"0,2312","0,4324",,
29015,45875110,1400485146397,Eye Tracker,Participant0058,17.09.2021,Participant0058,Recording4,17.09.2021,17.09.2021,14:48:45.713,12:48:45.713,64514,Timeline2,Tobii I-VT (Fixation),1.145.28180,1080,1920,"10,00",713737969.0,,,639.0,460.0,,,639.0,460.0,,,,"-0,21975","0,04904","-0,97432",,"4,45",Invalid,Valid,,,,"291,3","100,0","515,8",,,"175,0","125,9","0,2419","0,4261",,,"0,2419","0,4261",thumbnail_grossTrial,thumbnail_grossTrial.png,1245.0,1080.0,337.0,0.0,798.0,692.0,Fixation,2500.0,84.0,625.0,467.0,"0,2312","0,4324",,
29016,45883478,1400485154765,Eye Tracker,Participant0058,17.09.2021,Participant0058,Recording4,17.09.2021,17.09.2021,14:48:45.713,12:48:45.713,64514,Timeline2,Tobii I-VT (Fixation),1.145.28180,1080,1920,"10,00",713746337.0,,,624.0,467.0,615.0,471.0,633.0,463.0,"-0,12376","0,05280","-0,99091","-0,22277","0,05013","-0,97358",,,Valid,Valid,"232,7","101,5","514,4","291,4","100,1","515,6","168,5","128,9","173,4","126,6","0,2300","0,4323","0,2227","0,4362","0,2373","0,4284",thumbnail_grossTrial,thumbnail_grossTrial.png,1245.0,1080.0,337.0,0.0,798.0,692.0,Fixation,2500.0,84.0,625.0,467.0,"0,2312","0,4324",,
29017,45891815,1400485163102,Eye Tracker,Participant0058,17.09.2021,Participant0058,Recording4,17.09.2021,17.09.2021,14:48:45.713,12:48:45.713,64514,Timeline2,Tobii I-VT (Fixation),1.145.28180,1080,1920,"10,00",713754674.0,,,626.0,471.0,618.0,472.0,633.0,470.0,"-0,12165","0,05346","-0,99113","-0,22230","0,05397","-0,97348",,,Valid,Valid,"232,6","101,5","514,4","291,3","100,1","515,6","169,5","129,2","173,6","128,6","0,2318","0,4363","0,2258","0,4373","0,2378","0,4352",thumbnail_grossTrial,thumbnail_grossTrial.png,1245.0,1080.0,337.0,0.0,798.0,692.0,Fixation,2500.0,84.0,625.0,467.0,"0,2312","0,4324",,
29018,45900149,1400485171436,Eye Tracker,Participant0058,17.09.2021,Participant0058,Recording4,17.09.2021,17.09.2021,14:48:45.713,12:48:45.713,64514,Timeline2,Tobii I-VT (Fixation),1.145.28180,1080,1920,"10,00",713763007.0,,,627.0,473.0,621.0,476.0,633.0,469.0,"-0,12033","0,05542","-0,99119","-0,22260","0,05374","-0,97343","4,40","4,46",Valid,Valid,"232,6","101,5","514,5","291,3","100,0","515,6","170,2","130,2","173,4","128,5","0,2325","0,4376","0,2278","0,4406","0,2372","0,4347",thumbnail_grossTrial,thumbnail_grossTrial.png,1245.0,1080.0,337.0,0.0,798.0,692.0,Fixation,2500.0,84.0,625.0,467.0,"0,2312","0,4324",,
29019,45908445,1400485179732,Eye Tracker,Participant0058,17.09.2021,Participant0058,Recording4,17.09.2021,17.09.2021,14:48:45.713,12:48:45.713,64514,Timeline2,Tobii I-VT (Fixation),1.145.28180,1080,1920,"10,00",713771303.0,,,630.0,478.0,623.0,482.0,638.0,474.0,"-0,11958","0,05840","-0,99111","-0,22036","0,05580","-0,97382",,,Valid,Valid,"232,7","101,5","514,4","291,4","100,1","515,5","170,6","131,8","174,7","129,6","0,2351","0,4423","0,2291","0,4460","0,2411","0,4386",thumbnail_grossTrial,thumbnail_grossTrial.png,1245.0,1080.0,337.0,0.0,798.0,692.0,Fixation,2500.0,84.0,625.0,467.0,"0,2312","0,4324",,
29020,45916806,1400485188093,Eye Tracker,Participant0058,17.09.2021,Participant0058,Recording4,17.09.2021,17.09.2021,14:48:45.713,12:48:45.713,64514,Timeline2,Tobii I-VT (Fixation),1.145.28180,1080,1920,"10,00",713779664.0,,,630.0,476.0,622.0,486.0,638.0,465.0,"-0,11951","0,06079","-0,99097","-0,22011","0,05155","-0,97411",,,Valid,Valid,"232,6","101,5","514,4","291,3","100,1","515,5","170,6","133,0","174,8","127,4","0,2352","0,4405","0,2290","0,4501","0,2414","0,4309",thumbnail_grossTrial,thumbnail_grossTrial.png,1245.0,1080.0,337.0,0.0,798.0,692.0,Fixation,2500.0,84.0,625.0,467.0,"0,2312","0,4324",,
29021,45925104,1400485196391,Eye Tracker,Participant0058,17.09.2021,Participant0058,Recording4,17.09.2021,17.09.2021,14:48:45.713,12:48:45.713,64514,Timeline2,Tobii I-VT (Fixation),1.145.28180,1080,1920,"10,00",713787962.0,,,626.0,474.0,621.0,485.0,631.0,464.0,"-0,12000","0,06020","-0,99095","-0,22364","0,05075","-0,97335","4,41","4,48",Valid,Valid,"232,6","101,5","514,4","291,3","100,0","515,6","170,3","132,7","172,9","126,9","0,2319","0,4392","0,2282","0,4490","0,2356","0,4294",thumbnail_grossTrial,thumbnail_grossTrial.png,1245.0,1080.0,337.0,0.0,798.0,692.0,Fixation,2500.0,84.0,625.0,467.0,"0,2312","0,4324",,
29022,45933475,1400485204762,Eye Tracker,Participant0058,17.09.2021,Participant0058,Recording4,17.09.2021,17.09.2021,14:48:45.713,12:48:45.713,64514,Timeline2,Tobii I-VT (Fixation),1.145.28180,1080,1920,"10,00",713796332.0,,,627.0,475.0,622.0,484.0,632.0,466.0,"-0,11980","0,05983","-0,99099","-0,22326","0,05203","-0,97337",,,Valid,Valid,"232,7","101,5","514,4","291,4","100,0","515,5","170,5","132,6","173,1","127,6","0,2325","0,4401","0,2287","0,4485","0,2364","0,4317",thumbnail_grossTrial,thumbnail_grossTrial.png,1245.0,1080.0,337.0,0.0,798.0,692.0,Fixation,2500.0,84.0,625.0,467.0,"0,2312","0,4324",,
29023,45941782,1400485213069,Eye Tracker,Participant0058,17.09.2021,Participant0058,Recording4,17.09.2021,17.09.2021,14:48:45.713,12:48:45.713,64514,Timeline2,Tobii I-VT (Fixation),1.145.28180,1080,1920,"10,00",713804639.0,,,626.0,476.0,622.0,482.0,630.0,470.0,"-0,11987","0,05875","-0,99105","-0,22371","0,05379","-0,97317",,,Valid,Valid,"232,6","101,5","514,4","291,3","100,0","515,6","170,4","132,0","172,8","128,5","0,2319","0,4407","0,2284","0,4465","0,2354","0,4349",thumbnail_grossTrial,thumbnail_grossTrial.png,1245.0,1080.0,337.0,0.0,798.0,692.0,Fixation,2500.0,84.0,625.0,467.0,"0,2312","0,4324",,
29024,45950142,1400485221429,Eye Tracker,Participant0058,17.09.2021,Participant0058,Recording4,17.09.2021,17.09.2021,14:48:45.713,12:48:45.713,64514,Timeline2,Tobii I-VT (Fixation),1.145.28180,1080,1920,"10,00",713812999.0,,,625.0,470.0,,,625.0,470.0,,,,"-0,22660","0,05423","-0,97248",,"4,97",Invalid,Valid,,,,"291,3","100,0","515,7",,,"171,2","128,8","0,2307","0,4356",,,"0,2307","0,4356",thumbnail_grossTrial,thumbnail_grossTrial.png,1245.0,1080.0,337.0,0.0,798.0,692.0,Fixation,2500.0,84.0,625.0,467.0,"0,2312","0,4324",,
29025,45958439,1400485229726,Eye Tracker,Participant0058,17.09.2021,Participant0058,Recording4,17.09.2021,17.09.2021,14:48:45.713,12:48:45.713,64514,Timeline2,Tobii I-VT (Fixation),1.145.28180,1080,1920,"10,00",713821295.0,,,618.0,472.0,615.0,474.0,621.0,470.0,"-0,12364","0,05424","-0,99084","-0,22862","0,05403","-0,97202",,,Valid,Valid,"232,7","101,5","514,3","291,4","100,0","515,6","168,5","129,7","170,1","128,7","0,2252","0,4371","0,2229","0,4388","0,2276","0,4354",thumbnail_grossTrial,thumbnail_grossTrial.png,1245.0,1080.0,337.0,0.0,798.0,692.0,Fixation,2500.0,84.0,625.0,467.0,"0,2312","0,4324",,
29026,45966771,1400485238058,Eye Tracker,Participant0058,17.09.2021,Participant0058,Recording4,17.09.2021,17.09.2021,14:48:45.713,12:48:45.713,64514,Timeline2,Tobii I-VT (Fixation),1.145.28180,1080,1920,"10,00",713829627.0,,,616.0,469.0,613.0,468.0,619.0,470.0,"-0,12430","0,05138","-0,99091","-0,22910","0,05391","-0,97191",,,Valid,Valid,"232,7","101,5","514,3","291,3","100,0","515,7","168,1","128,2","169,8","128,6","0,2242","0,4344","0,2218","0,4337","0,2266","0,4351",thumbnail_grossTrial,thumbnail_grossTrial.png,1245.0,1080.0,337.0,0.0,798.0,692.0,Fixation,2500.0,84.0,625.0,467.0,"0,2312","0,4324",,
29027,45975146,1400485246433,Eye Tracker,Participant0058,17.09.2021,Participant0058,Recording4,17.09.2021,17.09.2021,14:48:45.713,12:48:45.713,64514,Timeline2,Tobii I-VT (Fixation),1.145.28180,1080,1920,"10,00",713838002.0,,,614.0,467.0,611.0,466.0,616.0,468.0,"-0,12539","0,05017","-0,99084","-0,23074","0,05275","-0,97158","4,42","5,13",Valid,Valid,"232,7","101,5","514,4","291,4","100,0","515,8","167,6","127,6","168,9","128,0","0,2220","0,4323","0,2201","0,4316","0,2239","0,4330",thumbnail_grossTrial,thumbnail_grossTrial.png,1245.0,1080.0,337.0,0.0,798.0,692.0,Fixation,2500.0,84.0,625.0,467.0,"0,2312","0,4324",,
29028,45983467,1400485254754,Eye Tracker,Participant0058,17.09.2021,Participant0058,Recording4,17.09.2021,17.09.2021,14:48:45.713,12:48:45.713,64514,Timeline2,Tobii I-VT (Fixation),1.145.28180,1080,1920,"10,00",713846323.0,,,617.0,466.0,616.0,470.0,617.0,463.0,"-0,12318","0,05207","-0,99102","-0,23032","0,05033","-0,97181",,,Valid,Valid,"232,7","101,6","514,3","291,4","100,0","515,8","168,8","128,6","169,2","126,7","0,2243","0,4319","0,2237","0,4351","0,2248","0,4287",thumbnail_grossTrial,thumbnail_grossTrial.png,1245.0,1080.0,337.0,0.0,798.0,692.0,Fixation,2500.0,84.0,625.0,467.0,"0,2312","0,4324",,
29029,45991777,1400485263064,Eye Tracker,Participant0058,17.09.2021,Participant0058,Recording4,17.09.2021,17.09.2021,14:48:45.713,12:48:45.713,64514,Timeline2,Tobii I-VT (Fixation),1.145.28180,1080,1920,"10,00",713854632.0,,,624.0,475.0,628.0,489.0,620.0,460.0,"-0,11650","0,06218","-0,99124","-0,22910","0,04886","-0,97218",,,Valid,Valid,"232,7","101,6","514,3","291,4","100,0","515,9","172,2","133,8","169,8","125,9","0,2302","0,4394","0,2337","0,4528","0,2267","0,4260",thumbnail_grossTrial,thumbnail_grossTrial.png,1245.0,1080.0,337.0,0.0,798.0,692.0,Fixation,2500.0,84.0,625.0,467.0,"0,2312","0,4324",,
29030,46000143,1400485271430,Eye Tracker,Participant0058,17.09.2021,Participant0058,Recording4,17.09.2021,17.09.2021,14:48:45.713,12:48:45.713,64514,Timeline2,Tobii I-VT (Fixation),1.145.28180,1080,1920,"10,00",713862998.0,,,628.0,475.0,629.0,489.0,627.0,462.0,"-0,11638","0,06207","-0,99126","-0,22527","0,04999","-0,97301","4,41","5,01",Valid,Valid,"232,7","101,6","514,3","291,4","100,0","515,9","172,3","133,8","171,9","126,5","0,2334","0,4403","0,2339","0,4526","0,2329","0,4279",thumbnail_grossTrial,thumbnail_grossTrial.png,1245.0,1080.0,337.0,0.0,798.0,692.0,Fixation,2500.0,84.0,625.0,467.0,"0,2312","0,4324",,
29031,46008436,1400485279723,Eye Tracker,Participant0058,17.09.2021,Participant0058,Recording4,17.09.2021,17.09.2021,14:48:45.713,12:48:45.713,64514,Timeline2,Tobii I-VT (Fixation),1.145.28180,1080,1920,"10,00",713871291.0,,,624.0,470.0,618.0,483.0,630.0,458.0,"-0,12181","0,05886","-0,99081","-0,22409","0,04753","-0,97341",,,Valid,Valid,"232,7","101,6","514,2","291,4","100,0","515,8","169,5","132,2","172,6","125,2","0,2304","0,4354","0,2258","0,4472","0,2350","0,4237",thumbnail_grossTrial,thumbnail_grossTrial.png,1245.0,1080.0,337.0,0.0,798.0,692.0,Fixation,2500.0,84.0,625.0,467.0,"0,2312","0,4324",,
29032,46016795,1400485288082,Eye Tracker,Participant0058,17.09.2021,Participant0058,Recording4,17.09.2021,17.09.2021,14:48:45.713,12:48:45.713,64514,Timeline2,Tobii I-VT (Fixation),1.145.28180,1080,1920,"10,00",713879649.0,,,622.0,462.0,614.0,467.0,630.0,458.0,"-0,12378","0,05056","-0,99102","-0,22406","0,04760","-0,97341",,,Valid,Valid,"232,6","101,6","514,2","291,4","100,0","515,8","168,4","127,8","172,6","125,2","0,2288","0,4281","0,2226","0,4326","0,2349","0,4237",thumbnail_grossTrial,thumbnail_grossTrial.png,1245.0,1080.0,337.0,0.0,798.0,692.0,Fixation,2500.0,84.0,625.0,467.0,"0,2312","0,4324",,
29033,46025157,1400485296444,Eye Tracker,Participant0058,17.09.2021,Participant0058,Recording4,17.09.2021,17.09.2021,14:48:45.713,12:48:45.713,64514,Timeline2,Tobii I-VT (Fixation),1.145.28180,1080,1920,"10,00",713888011.0,,,624.0,457.0,,,624.0,457.0,,,,"-0,22695","0,04743","-0,97275",,"5,15",Invalid,Valid,,,,"291,4","100,0","515,8",,,"171,0","125,2","0,2302","0,4235",,,"0,2302","0,4235",thumbnail_grossTrial,thumbnail_grossTrial.png,1245.0,1080.0,337.0,0.0,798.0,692.0,Fixation,2500.0,84.0,625.0,467.0,"0,2312","0,4324",,
29034,46033507,1400485304794,Eye Tracker,Participant0058,17.09.2021,Participant0058,Recording4,17.09.2021,17.09.2021,14:48:45.713,12:48:45.713,64514,Timeline2,Tobii I-VT (Fixation),1.145.28180,1080,1920,"10,00",713896361.0,,,617.0,465.0,612.0,470.0,622.0,460.0,"-0,12522","0,05173","-0,99078","-0,22823","0,04856","-0,97239",,,Valid,Valid,"232,7","101,7","514,2","291,4","100,1","515,7","167,7","128,5","170,4","125,8","0,2244","0,4302","0,2205","0,4348","0,2283","0,4257",thumbnail_grossTrial,thumbnail_grossTrial.png,1245.0,1080.0,337.0,0.0,798.0,692.0,Fixation,2500.0,84.0,625.0,467.0,"0,2312","0,4324",,
29035,46041796,1400485313083,Eye Tracker,Participant0058,17.09.2021,Participant0058,Recording4,17.09.2021,17.09.2021,14:48:45.713,12:48:45.713,64514,Timeline2,Tobii I-VT (Fixation),1.145.28180,1080,1920,"10,00",713904650.0,,,618.0,464.0,612.0,468.0,623.0,461.0,"-0,12520","0,05078","-0,99083","-0,22726","0,04923","-0,97259",,,Valid,Valid,"232,6","101,6","514,2","291,3","100,1","515,7","167,7","128,0","170,8","126,2","0,2250","0,4299","0,2204","0,4330","0,2297","0,4269",thumbnail_grossTrial,thumbnail_grossTrial.png,1245.0,1080.0,337.0,0.0,798.0,692.0,Fixation,2500.0,84.0,625.0,467.0,"0,2312","0,4324",,
29036,46050098,1400485321385,Eye Tracker,Participant0058,17.09.2021,Participant0058,Recording4,17.09.2021,17.09.2021,14:48:45.713,12:48:45.713,64514,Timeline2,Tobii I-VT (Fixation),1.145.28180,1080,1920,"10,00",713912951.0,,,623.0,466.0,616.0,472.0,629.0,460.0,"-0,12304","0,05294","-0,99099","-0,22430","0,04858","-0,97331","4,43","4,52",Valid,Valid,"232,6","101,6","514,2","291,3","100,1","515,7","168,8","129,1","172,5","125,8","0,2291","0,4312","0,2237","0,4367","0,2345","0,4256",thumbnail_grossTrial,thumbnail_grossTrial.png,1245.0,1080.0,337.0,0.0,798.0,692.0,Fixation,2500.0,84.0,625.0,467.0,"0,2312","0,4324",,
29037,46058522,1400485329809,Eye Tracker,Participant0058,17.09.2021,Participant0058,Recording4,17.09.2021,17.09.2021,14:48:45.713,12:48:45.713,64514,Timeline2,Tobii I-VT (Fixation),1.145.28180,1080,1920,"10,00",713921375.0,,,624.0,464.0,620.0,468.0,629.0,460.0,"-0,12099","0,05073","-0,99136","-0,22469","0,04861","-0,97322",,,Valid,Valid,"232,7","101,7","514,2","291,4","100,1","515,6","169,9","128,0","172,3","125,9","0,2306","0,4294","0,2271","0,4330","0,2341","0,4258",thumbnail_grossTrial,thumbnail_grossTrial.png,1245.0,1080.0,337.0,0.0,798.0,692.0,Fixation,2500.0,84.0,625.0,467.0,"0,2312","0,4324",,
29038,46066867,1400485338154,Eye Tracker,Participant0058,17.09.2021,Participant0058,Recording4,17.09.2021,17.09.2021,14:48:45.713,12:48:45.713,64514,Timeline2,Tobii I-VT (Fixation),1.145.28180,1080,1920,"10,00",713929720.0,,,631.0,480.0,634.0,497.0,629.0,463.0,"-0,11356","0,06614","-0,99133","-0,22450","0,05042","-0,97317",,,Valid,Valid,"232,6","101,6","514,1","291,3","100,1","515,6","173,7","135,9","172,4","126,8","0,2362","0,4445","0,2382","0,4599","0,2342","0,4290",thumbnail_grossTrial,thumbnail_grossTrial.png,1245.0,1080.0,337.0,0.0,798.0,692.0,Fixation,2500.0,84.0,625.0,467.0,"0,2312","0,4324",,
29039,46075131,1400485346418,Eye Tracker,Participant0058,17.09.2021,Participant0058,Recording4,17.09.2021,17.09.2021,14:48:45.713,12:48:45.713,64514,Timeline2,Tobii I-VT (Fixation),1.145.28180,1080,1920,"10,00",713937983.0,,,630.0,478.0,632.0,493.0,628.0,462.0,"-0,11446","0,06431","-0,99134","-0,22511","0,04984","-0,97306","4,43","4,53",Valid,Valid,"232,6","101,6","514,2","291,3","100,1","515,7","173,3","134,9","172,0","126,5","0,2350","0,4422","0,2368","0,4566","0,2332","0,4279",thumbnail_grossTrial,thumbnail_grossTrial.png,1245.0,1080.0,337.0,0.0,798.0,692.0,Fixation,2500.0,84.0,625.0,467.0,"0,2312","0,4324",,
29040,46083521,1400485354808,Eye Tracker,Participant0058,17.09.2021,Participant0058,Recording4,17.09.2021,17.09.2021,14:48:45.713,12:48:45.713,64514,Timeline2,Tobii I-VT (Fixation),1.145.28180,1080,1920,"10,00",713946373.0,,,630.0,477.0,632.0,493.0,627.0,461.0,"-0,11460","0,06420","-0,99134","-0,22550","0,04943","-0,97299",,,Valid,Valid,"232,7","101,7","514,1","291,4","100,1","515,6","173,3","134,9","171,9","126,3","0,2348","0,4419","0,2368","0,4566","0,2327","0,4272",thumbnail_grossTrial,thumbnail_grossTrial.png,1245.0,1080.0,337.0,0.0,798.0,692.0,Fixation,2500.0,84.0,625.0,467.0,"0,2312","0,4324",,
29041,46091769,1400485363056,Eye Tracker,Participant0058,17.09.2021,Participant0058,Recording4,17.09.2021,17.09.2021,14:48:45.713,12:48:45.713,64514,Timeline2,Tobii I-VT (Fixation),1.145.28180,1080,1920,"10,00",713954621.0,,,619.0,470.0,614.0,480.0,625.0,461.0,"-0,12417","0,05719","-0,99061","-0,22648","0,04903","-0,97278",,,Valid,Valid,"232,6","101,6","514,1","291,3","100,0","515,7","168,2","131,3","171,3","126,0","0,2264","0,4353","0,2219","0,4443","0,2310","0,4264",thumbnail_grossTrial,thumbnail_grossTrial.png,1245.0,1080.0,337.0,0.0,798.0,692.0,Fixation,2500.0,84.0,625.0,467.0,"0,2312","0,4324",,
29042,46100135,1400485371422,Eye Tracker,Participant0058,17.09.2021,Participant0058,Recording4,17.09.2021,17.09.2021,14:48:45.713,12:48:45.713,64514,Timeline2,Tobii I-VT (Fixation),1.145.28180,1080,1920,"10,00",713962987.0,,,616.0,471.0,613.0,479.0,620.0,463.0,"-0,12470","0,05663","-0,99058","-0,22879","0,05026","-0,97218","4,44","5,04",Valid,Valid,"232,6","101,6","514,2","291,4","100,0","515,8","167,9","131,0","170,0","126,7","0,2241","0,4359","0,2211","0,4432","0,2271","0,4285",thumbnail_grossTrial,thumbnail_grossTrial.png,1245.0,1080.0,337.0,0.0,798.0,692.0,Fixation,2500.0,84.0,625.0,467.0,"0,2312","0,4324",,
29043,46108429,1400485379716,Eye Tracker,Participant0058,17.09.2021,Participant0058,Recording4,17.09.2021,17.09.2021,14:48:45.713,12:48:45.713,64514,Timeline2,Tobii I-VT (Fixation),1.145.28180,1080,1920,"10,00",713971280.0,,,618.0,470.0,615.0,478.0,621.0,462.0,"-0,12381","0,05636","-0,99070","-0,22865","0,04987","-0,97223",,,Valid,Valid,"232,7","101,7","514,1","291,4","100,0","515,8","168,5","130,9","170,1","126,5","0,2251","0,4354","0,2227","0,4429","0,2275","0,4279",thumbnail_grossTrial,thumbnail_grossTrial.png,1245.0,1080.0,337.0,0.0,798.0,692.0,Fixation,2500.0,84.0,625.0,467.0,"0,2312","0,4324",,
29044,46116799,1400485388086,Eye Tracker,Participant0058,17.09.2021,Participant0058,Recording4,17.09.2021,17.09.2021,14:48:45.713,12:48:45.713,64514,Timeline2,Tobii I-VT (Fixation),1.145.28180,1080,1920,"10,00",713979650.0,,,620.0,468.0,616.0,477.0,624.0,459.0,"-0,12306","0,05545","-0,99085","-0,22708","0,04833","-0,97268",,,Valid,Valid,"232,6","101,6","514,1","291,4","100,0","515,9","168,8","130,4","170,9","125,6","0,2268","0,4331","0,2237","0,4412","0,2299","0,4249",thumbnail_grossTrial,thumbnail_grossTrial.png,1245.0,1080.0,337.0,0.0,798.0,692.0,Fixation,2500.0,84.0,625.0,467.0,"0,2312","0,4324",,
29045,46125092,1400485396379,Eye Tracker,Participant0058,17.09.2021,Participant0058,Recording4,17.09.2021,17.09.2021,14:48:45.713,12:48:45.713,64514,Timeline2,Tobii I-VT (Fixation),1.145.28180,1080,1920,"10,00",713987943.0,,,622.0,471.0,615.0,478.0,628.0,463.0,"-0,12328","0,05641","-0,99077","-0,22493","0,05058","-0,97306","4,43","5,07",Valid,Valid,"232,7","101,6","514,1","291,3","99,9","516,0","168,7","130,9","172,1","126,7","0,2283","0,4357","0,2234","0,4428","0,2333","0,4287",thumbnail_grossTrial,thumbnail_grossTrial.png,1245.0,1080.0,337.0,0.0,798.0,692.0,Fixation,2500.0,84.0,625.0,467.0,"0,2312","0,4324",,
29046,46133461,1400485404748,Eye Tracker,Participant0058,17.09.2021,Participant0058,Recording4,17.09.2021,17.09.2021,14:48:45.713,12:48:45.713,64514,Timeline2,Tobii I-VT (Fixation),1.145.28180,1080,1920,"10,00",713996311.0,,,622.0,470.0,618.0,477.0,627.0,462.0,"-0,12233","0,05556","-0,99093","-0,22545","0,05024","-0,97296",,,Valid,Valid,"232,7","101,7","514,0","291,4","99,9","516,0","169,3","130,5","171,9","126,6","0,2289","0,4349","0,2251","0,4415","0,2328","0,4282",thumbnail_grossTrial,thumbnail_grossTrial.png,1245.0,1080.0,337.0,0.0,798.0,692.0,Fixation,2500.0,84.0,625.0,467.0,"0,2312","0,4324",,
29047,46141757,1400485413044,Eye Tracker,Participant0058,17.09.2021,Participant0058,Recording4,17.09.2021,17.09.2021,14:48:45.713,12:48:45.713,64514,Timeline2,Tobii I-VT (Fixation),1.145.28180,1080,1920,"10,00",714004607.0,,,624.0,472.0,617.0,482.0,631.0,461.0,"-0,12242","0,05847","-0,99075","-0,22366","0,04960","-0,97341",,,Valid,Valid,"232,7","101,7","514,0","291,4","99,9","516,0","169,2","132,0","172,8","126,2","0,2301","0,4367","0,2248","0,4466","0,2355","0,4269",thumbnail_grossTrial,thumbnail_grossTrial.png,1245.0,1080.0,337.0,0.0,798.0,692.0,Fixation,2500.0,84.0,625.0,467.0,"0,2312","0,4324",,
29048,46150124,1400485421411,Eye Tracker,Participant0058,17.09.2021,Participant0058,Recording4,17.09.2021,17.09.2021,14:48:45.713,12:48:45.713,64514,Timeline2,Tobii I-VT (Fixation),1.145.28180,1080,1920,"10,00",714012974.0,,,624.0,470.0,616.0,483.0,632.0,457.0,"-0,12312","0,05864","-0,99066","-0,22307","0,04763","-0,97364","4,45","5,11",Valid,Valid,"232,7","101,6","514,0","291,4","99,8","516,1","168,8","132,1","173,2","125,1","0,2301","0,4350","0,2237","0,4468","0,2365","0,4233",thumbnail_grossTrial,thumbnail_grossTrial.png,1245.0,1080.0,337.0,0.0,798.0,692.0,Fixation,2500.0,84.0,625.0,467.0,"0,2312","0,4324",,
29049,46158508,1400485429795,Eye Tracker,Participant0058,17.09.2021,Participant0058,Recording4,17.09.2021,17.09.2021,14:48:45.713,12:48:45.713,64514,Timeline2,Tobii I-VT (Fixation),1.145.28180,1080,1920,"10,00",714021358.0,,,625.0,472.0,617.0,484.0,634.0,460.0,"-0,12282","0,05939","-0,99065","-0,22203","0,04912","-0,97380",,,Valid,Valid,"232,7","101,7","513,9","291,5","99,9","516,1","169,0","132,5","173,8","125,9","0,2314","0,4372","0,2244","0,4484","0,2383","0,4260",thumbnail_grossTrial,thumbnail_grossTrial.png,1245.0,1080.0,337.0,0.0,798.0,692.0,Fixation,2500.0,84.0,625.0,467.0,"0,2312","0,4324",,
29050,46166794,1400485438081,Eye Tracker,Participant0058,17.09.2021,Participant0058,Recording4,17.09.2021,17.09.2021,14:48:45.713,12:48:45.713,64514,Timeline2,Tobii I-VT (Fixation),1.145.28180,1080,1920,"10,00",714029643.0,,,625.0,473.0,617.0,485.0,633.0,461.0,"-0,12261","0,06000","-0,99064","-0,22252","0,04970","-0,97366",,,Valid,Valid,"232,7","101,7","513,9","291,4","99,9","516,1","169,1","132,8","173,5","126,2","0,2310","0,4382","0,2245","0,4494","0,2374","0,4270",thumbnail_grossTrial,thumbnail_grossTrial.png,1245.0,1080.0,337.0,0.0,798.0,692.0,Fixation,2500.0,84.0,625.0,467.0,"0,2312","0,4324",,
29051,46175088,1400485446375,Eye Tracker,Participant0058,17.09.2021,Participant0058,Recording4,17.09.2021,17.09.2021,14:48:45.713,12:48:45.713,64514,Timeline2,Tobii I-VT (Fixation),1.145.28180,1080,1920,"10,00",714037937.0,,,626.0,447.0,,,626.0,447.0,,,,"-0,22623","0,04228","-0,97315",,"5,30",Invalid,Valid,,,,"291,4","99,9","516,1",,,"171,4","122,3","0,2315","0,4138",,,"0,2315","0,4138",thumbnail_grossTrial,thumbnail_grossTrial.png,1245.0,1080.0,337.0,0.0,798.0,692.0,Fixation,2500.0,84.0,625.0,467.0,"0,2312","0,4324",,
29052,46183515,1400485454802,Eye Tracker,Participant0058,17.09.2021,Participant0058,Recording4,17.09.2021,17.09.2021,14:48:45.713,12:48:45.713,64514,Timeline2,Tobii I-VT (Fixation),1.145.28180,1080,1920,"10,00",714046364.0,,,627.0,468.0,629.0,493.0,625.0,442.0,"-0,11665","0,06399","-0,99111","-0,22657","0,03974","-0,97318",,,Valid,Valid,"232,8","101,8","513,8","291,5","99,9","516,0","172,3","134,9","171,3","121,0","0,2325","0,4330","0,2339","0,4566","0,2311","0,4094",thumbnail_grossTrial,thumbnail_grossTrial.png,1245.0,1080.0,337.0,0.0,798.0,692.0,Fixation,2500.0,84.0,625.0,467.0,"0,2312","0,4324",,
29053,46191754,1400485463041,Eye Tracker,Participant0058,17.09.2021,Participant0058,Recording4,17.09.2021,17.09.2021,14:48:45.713,12:48:45.713,64514,Timeline2,Tobii I-VT (Fixation),1.145.28180,1080,1920,"10,00",714054602.0,,,619.0,464.0,616.0,483.0,621.0,445.0,"-0,12323","0,05862","-0,99065","-0,22830","0,04127","-0,97272",,,Valid,Valid,"232,7","101,8","513,8","291,4","99,9","515,9","168,8","132,2","170,3","121,8","0,2259","0,4297","0,2236","0,4471","0,2282","0,4122",thumbnail_grossTrial,thumbnail_grossTrial.png,1245.0,1080.0,337.0,0.0,798.0,692.0,Fixation,2500.0,84.0,625.0,467.0,"0,2312","0,4324",,
29054,46200085,1400485471372,Eye Tracker,Participant0058,17.09.2021,Participant0058,Recording4,17.09.2021,17.09.2021,14:48:45.713,12:48:45.713,64514,Timeline2,Tobii I-VT (Fixation),1.145.28180,1080,1920,"10,00",714062933.0,,,629.0,454.0,,,629.0,454.0,,,,"-0,22477","0,04577","-0,97334",,"4,95",Invalid,Valid,,,,"291,4","99,9","515,9",,,"172,3","124,2","0,2338","0,4202",,,"0,2338","0,4202",thumbnail_grossTrial,thumbnail_grossTrial.png,1245.0,1080.0,337.0,0.0,798.0,692.0,Fixation,2500.0,84.0,625.0,467.0,"0,2312","0,4324",,
29055,46208458,1400485479745,Eye Tracker,Participant0058,17.09.2021,Participant0058,Recording4,17.09.2021,17.09.2021,14:48:45.713,12:48:45.713,64514,Timeline2,Tobii I-VT (Fixation),1.145.28180,1080,1920,"10,00",714071306.0,,,616.0,471.0,603.0,482.0,628.0,459.0,"-0,12982","0,05817","-0,98983","-0,22515","0,04826","-0,97313",,,Valid,Valid,"232,7","101,8","513,7","291,4","100,0","515,8","165,4","132,0","172,1","125,6","0,2235","0,4357","0,2137","0,4466","0,2334","0,4249",thumbnail_grossTrial,thumbnail_grossTrial.png,1245.0,1080.0,337.0,0.0,798.0,692.0,Fixation,2500.0,84.0,625.0,467.0,"0,2312","0,4324",,
29056,46216779,1400485488066,Eye Tracker,Participant0058,17.09.2021,Participant0058,Recording4,17.09.2021,17.09.2021,14:48:45.713,12:48:45.713,64514,Timeline2,Tobii I-VT (Fixation),1.145.28180,1080,1920,"10,00",714079627.0,,,617.0,464.0,603.0,473.0,631.0,455.0,"-0,12984","0,05337","-0,99010","-0,22373","0,04607","-0,97356",,,Valid,Valid,"232,7","101,8","513,7","291,4","100,0","515,8","165,3","129,5","172,8","124,4","0,2245","0,4295","0,2135","0,4381","0,2356","0,4209",thumbnail_grossTrial,thumbnail_grossTrial.png,1245.0,1080.0,337.0,0.0,798.0,692.0,Fixation,2500.0,84.0,625.0,467.0,"0,2312","0,4324",,
29057,46225082,1400485496369,Eye Tracker,Participant0058,17.09.2021,Participant0058,Recording4,17.09.2021,17.09.2021,14:48:45.713,12:48:45.713,64514,Timeline2,Tobii I-VT (Fixation),1.145.28180,1080,1920,"10,00",714087929.0,,,621.0,465.0,616.0,481.0,626.0,449.0,"-0,12340","0,05735","-0,99070","-0,22601","0,04306","-0,97317","4,43","5,44",Valid,Valid,"232,7","101,8","513,7","291,4","100,0","515,7","168,7","131,5","171,6","122,8","0,2277","0,4302","0,2234","0,4449","0,2319","0,4155",thumbnail_grossTrial,thumbnail_grossTrial.png,1245.0,1080.0,337.0,0.0,798.0,692.0,Fixation,2500.0,84.0,625.0,467.0,"0,2312","0,4324",,
29058,46233462,1400485504749,Eye Tracker,Participant0058,17.09.2021,Participant0058,Recording4,17.09.2021,17.09.2021,14:48:45.713,12:48:45.713,64514,Timeline2,Tobii I-VT (Fixation),1.145.28180,1080,1920,"10,00",714096309.0,,,619.0,454.0,610.0,467.0,628.0,442.0,"-0,12630","0,04994","-0,99073","-0,22512","0,03930","-0,97354",,,Valid,Valid,"232,7","101,8","513,7","291,4","100,1","515,6","167,3","127,7","172,2","120,9","0,2264","0,4205","0,2192","0,4321","0,2336","0,4090",thumbnail_grossTrial,thumbnail_grossTrial.png,1245.0,1080.0,337.0,0.0,798.0,692.0,Fixation,2500.0,84.0,625.0,467.0,"0,2312","0,4324",,
29059,46241750,1400485513037,Eye Tracker,Participant0058,17.09.2021,Participant0058,Recording4,17.09.2021,17.09.2021,14:48:45.713,12:48:45.713,64514,Timeline2,Tobii I-VT (Fixation),1.145.28180,1080,1920,"10,00",714104597.0,,,626.0,469.0,628.0,489.0,624.0,449.0,"-0,11676","0,06193","-0,99123","-0,22689","0,04295","-0,97297",,,Valid,Valid,"232,7","101,8","513,6","291,4","100,1","515,6","172,2","133,9","171,1","122,8","0,2320","0,4343","0,2336","0,4530","0,2305","0,4155",thumbnail_grossTrial,thumbnail_grossTrial.png,1245.0,1080.0,337.0,0.0,798.0,692.0,Fixation,2500.0,84.0,625.0,467.0,"0,2312","0,4324",,
29060,46250118,1400485521405,Eye Tracker,Participant0058,17.09.2021,Participant0058,Recording4,17.09.2021,17.09.2021,14:48:45.713,12:48:45.713,64514,Timeline2,Tobii I-VT (Fixation),1.145.28180,1080,1920,"10,00",714112964.0,,,630.0,473.0,632.0,493.0,628.0,452.0,"-0,11451","0,06424","-0,99134","-0,22494","0,04472","-0,97335","4,46","5,14",Valid,Valid,"232,7","101,8","513,7","291,4","100,0","515,6","173,3","135,1","172,2","123,7","0,2354","0,4378","0,2370","0,4569","0,2337","0,4186",thumbnail_grossTrial,thumbnail_grossTrial.png,1245.0,1080.0,337.0,0.0,798.0,692.0,Fixation,2500.0,84.0,625.0,467.0,"0,2312","0,4324",,
29061,46258414,1400485529701,Eye Tracker,Participant0058,17.09.2021,Participant0058,Recording4,17.09.2021,17.09.2021,14:48:45.713,12:48:45.713,64514,Timeline2,Tobii I-VT (Fixation),1.145.28180,1080,1920,"10,00",714121260.0,,,624.0,469.0,618.0,484.0,631.0,454.0,"-0,12249","0,05912","-0,99071","-0,22390","0,04589","-0,97353",,,Valid,Valid,"232,8","101,8","513,6","291,4","100,1","515,6","169,3","132,5","172,9","124,4","0,2303","0,4345","0,2250","0,4482","0,2356","0,4208",thumbnail_grossTrial,thumbnail_grossTrial.png,1245.0,1080.0,337.0,0.0,798.0,692.0,Fixation,2500.0,84.0,625.0,467.0,"0,2312","0,4324",,
29062,46266785,1400485538072,Eye Tracker,Participant0058,17.09.2021,Participant0058,Recording4,17.09.2021,17.09.2021,14:48:45.713,12:48:45.713,64514,Timeline2,Tobii I-VT (Fixation),1.145.28180,1080,1920,"10,00",714129631.0,,,626.0,462.0,619.0,475.0,633.0,450.0,"-0,12175","0,05417","-0,99108","-0,22293","0,04342","-0,97387",,,Valid,Valid,"232,7","101,8","513,6","291,4","100,1","515,6","169,6","129,9","173,4","123,0","0,2316","0,4278","0,2260","0,4394","0,2371","0,4163",thumbnail_grossTrial,thumbnail_grossTrial.png,1245.0,1080.0,337.0,0.0,798.0,692.0,Fixation,2500.0,84.0,625.0,467.0,"0,2312","0,4324",,
29063,46275118,1400485546405,Eye Tracker,Participant0058,17.09.2021,Participant0058,Recording4,17.09.2021,17.09.2021,14:48:45.713,12:48:45.713,64514,Timeline2,Tobii I-VT (Fixation),1.145.28180,1080,1920,"10,00",714137964.0,,,623.0,460.0,616.0,470.0,630.0,449.0,"-0,12342","0,05204","-0,99099","-0,22435","0,04296","-0,97356","4,44","5,18",Valid,Valid,"232,7","101,8","513,7","291,4","100,0","515,7","168,7","128,7","172,6","122,8","0,2291","0,4255","0,2235","0,4356","0,2347","0,4154",thumbnail_grossTrial,thumbnail_grossTrial.png,1245.0,1080.0,337.0,0.0,798.0,692.0,Fixation,2500.0,84.0,625.0,467.0,"0,2312","0,4324",,
29064,46283457,1400485554744,Eye Tracker,Participant0058,17.09.2021,Participant0058,Recording4,17.09.2021,17.09.2021,14:48:45.713,12:48:45.713,64514,Timeline2,Tobii I-VT (Fixation),1.145.28180,1080,1920,"10,00",714146302.0,,,621.0,459.0,615.0,469.0,627.0,449.0,"-0,12381","0,05133","-0,99098","-0,22552","0,04306","-0,97329",,,Valid,Valid,"232,8","101,8","513,6","291,4","100,1","515,6","168,6","128,4","172,0","122,9","0,2281","0,4251","0,2231","0,4345","0,2330","0,4157",thumbnail_grossTrial,thumbnail_grossTrial.png,1245.0,1080.0,337.0,0.0,798.0,692.0,Fixation,2500.0,84.0,625.0,467.0,"0,2312","0,4324",,
29065,46291785,1400485563072,Eye Tracker,Participant0058,17.09.2021,Participant0058,Recording4,17.09.2021,17.09.2021,14:48:45.713,12:48:45.713,64514,Timeline2,Tobii I-VT (Fixation),1.145.28180,1080,1920,"10,00",714154630.0,,,625.0,465.0,616.0,483.0,635.0,448.0,"-0,12327","0,05844","-0,99065","-0,22177","0,04281","-0,97416",,,Valid,Valid,"232,7","101,8","513,6","291,4","100,0","515,7","168,8","132,1","174,0","122,7","0,2313","0,4310","0,2237","0,4468","0,2390","0,4151",thumbnail_grossTrial,thumbnail_grossTrial.png,1245.0,1080.0,337.0,0.0,798.0,692.0,Fixation,2500.0,84.0,625.0,467.0,"0,2312","0,4324",,
29066,46300077,1400485571364,Eye Tracker,Participant0058,17.09.2021,Participant0058,Recording4,17.09.2021,17.09.2021,14:48:45.713,12:48:45.713,64514,Timeline2,Tobii I-VT (Fixation),1.145.28180,1080,1920,"10,00",714162922.0,,,627.0,466.0,616.0,483.0,637.0,449.0,"-0,12302","0,05841","-0,99068","-0,22085","0,04304","-0,97436","4,44","5,34",Valid,Valid,"232,7","101,8","513,7","291,4","100,0","515,7","168,9","132,0","174,5","122,8","0,2323","0,4311","0,2241","0,4468","0,2405","0,4154",thumbnail_grossTrial,thumbnail_grossTrial.png,1245.0,1080.0,337.0,0.0,798.0,692.0,Fixation,2500.0,84.0,625.0,467.0,"0,2312","0,4324",,
29067,46308411,1400485579698,Eye Tracker,Participant0058,17.09.2021,Participant0058,Recording4,17.09.2021,17.09.2021,14:48:45.713,12:48:45.713,64514,Timeline2,Tobii I-VT (Fixation),1.145.28180,1080,1920,"10,00",714171255.0,,,628.0,465.0,615.0,485.0,641.0,446.0,"-0,12366","0,05942","-0,99054","-0,21867","0,04170","-0,97491",,,Valid,Valid,"232,8","101,8","513,6","291,5","100,0","515,7","168,7","132,6","175,8","122,1","0,2337","0,4309","0,2233","0,4487","0,2442","0,4130",thumbnail_grossTrial,thumbnail_grossTrial.png,1245.0,1080.0,337.0,0.0,798.0,692.0,Fixation,2500.0,84.0,625.0,467.0,"0,2312","0,4324",,
29068,46316743,1400485588030,Eye Tracker,Participant0058,17.09.2021,Participant0058,Recording4,17.09.2021,17.09.2021,14:48:45.713,12:48:45.713,64514,Timeline2,Tobii I-VT (Fixation),1.145.28180,1080,1920,"10,00",714179587.0,,,626.0,465.0,617.0,482.0,635.0,449.0,"-0,12268","0,05801","-0,99075","-0,22187","0,04302","-0,97413",,,Valid,Valid,"232,7","101,8","513,6","291,4","100,0","515,8","169,1","131,8","173,9","122,8","0,2317","0,4307","0,2247","0,4461","0,2388","0,4153",thumbnail_grossTrial,thumbnail_grossTrial.png,1245.0,1080.0,337.0,0.0,798.0,692.0,Fixation,2500.0,84.0,625.0,467.0,"0,2312","0,4324",,
29069,46325104,1400485596391,Eye Tracker,Participant0058,17.09.2021,Participant0058,Recording4,17.09.2021,17.09.2021,14:48:45.713,12:48:45.713,64514,Timeline2,Tobii I-VT (Fixation),1.145.28180,1080,1920,"10,00",714187948.0,,,633.0,462.0,619.0,483.0,648.0,441.0,"-0,12179","0,05880","-0,99081","-0,21538","0,03918","-0,97574","4,44","5,19",Valid,Valid,"232,7","101,8","513,6","291,4","99,9","515,8","169,6","132,2","177,6","120,6","0,2377","0,4278","0,2260","0,4474","0,2494","0,4082",thumbnail_grossTrial,thumbnail_grossTrial.png,1245.0,1080.0,337.0,0.0,798.0,692.0,Fixation,2500.0,84.0,625.0,467.0,"0,2312","0,4324",,
29070,46333445,1400485604732,Eye Tracker,Participant0058,17.09.2021,Participant0058,Recording4,17.09.2021,17.09.2021,14:48:45.713,12:48:45.713,64514,Timeline2,Tobii I-VT (Fixation),1.145.28180,1080,1920,"10,00",714196289.0,,,635.0,466.0,624.0,486.0,647.0,446.0,"-0,11938","0,06014","-0,99103","-0,21583","0,04191","-0,97553",,,Valid,Valid,"232,8","101,8","513,6","291,5","100,0","515,8","170,9","133,0","177,3","122,1","0,2393","0,4315","0,2299","0,4498","0,2487","0,4132",thumbnail_grossTrial,thumbnail_grossTrial.png,1245.0,1080.0,337.0,0.0,798.0,692.0,Fixation,2500.0,84.0,625.0,467.0,"0,2312","0,4324",,
29071,46341794,1400485613081,Eye Tracker,Participant0058,17.09.2021,Participant0058,Recording4,17.09.2021,17.09.2021,14:48:45.713,12:48:45.713,64514,Timeline2,Tobii I-VT (Fixation),1.145.28180,1080,1920,"10,00",714204637.0,,,628.0,469.0,619.0,477.0,636.0,461.0,"-0,12166","0,05558","-0,99101","-0,22097","0,04935","-0,97403",,,Valid,Valid,"232,7","101,8","513,6","291,4","99,9","515,9","169,7","130,6","174,4","126,0","0,2332","0,4341","0,2263","0,4418","0,2401","0,4265",thumbnail_grossTrial,thumbnail_grossTrial.png,1245.0,1080.0,337.0,0.0,798.0,692.0,Fixation,2500.0,84.0,625.0,467.0,"0,2312","0,4324",,
29072,46350112,1400485621399,Eye Tracker,Participant0058,17.09.2021,Participant0058,Recording4,17.09.2021,17.09.2021,14:48:45.713,12:48:45.713,64514,Timeline2,Tobii I-VT (Fixation),1.145.28180,1080,1920,"10,00",714212955.0,,,627.0,469.0,620.0,477.0,635.0,461.0,"-0,12137","0,05527","-0,99107","-0,22149","0,04944","-0,97391","4,44","5,12",Valid,Valid,"232,7","101,8","513,6","291,4","99,8","516,0","169,8","130,4","174,1","126,0","0,2330","0,4338","0,2267","0,4412","0,2392","0,4265",thumbnail_grossTrial,thumbnail_grossTrial.png,1245.0,1080.0,337.0,0.0,798.0,692.0,Fixation,2500.0,84.0,625.0,467.0,"0,2312","0,4324",,
29073,46358444,1400485629731,Eye Tracker,Participant0058,17.09.2021,Participant0058,Recording4,17.09.2021,17.09.2021,14:48:45.713,12:48:45.713,64514,Timeline2,Tobii I-VT (Fixation),1.145.28180,1080,1920,"10,00",714221287.0,,,626.0,468.0,617.0,472.0,634.0,463.0,"-0,12283","0,05307","-0,99101","-0,22201","0,05048","-0,97374",,,Valid,Valid,"232,8","101,8","513,5","291,5","99,9","516,1","169,1","129,3","173,8","126,6","0,2316","0,4329","0,2247","0,4375","0,2384","0,4284",thumbnail_grossTrial,thumbnail_grossTrial.png,1245.0,1080.0,337.0,0.0,798.0,692.0,Fixation,2500.0,84.0,625.0,467.0,"0,2312","0,4324",,
29074,46366746,1400485638033,Eye Tracker,Participant0058,17.09.2021,Participant0058,Recording4,17.09.2021,17.09.2021,14:48:45.713,12:48:45.713,64514,Timeline2,Tobii I-VT (Fixation),1.145.28180,1080,1920,"10,00",714229588.0,,,629.0,467.0,620.0,479.0,638.0,456.0,"-0,12127","0,05648","-0,99101","-0,22003","0,04718","-0,97435",,,Valid,Valid,"232,7","101,8","513,5","291,5","99,8","516,2","169,9","131,1","174,9","124,8","0,2342","0,4328","0,2269","0,4434","0,2415","0,4222",thumbnail_grossTrial,thumbnail_grossTrial.png,1245.0,1080.0,337.0,0.0,798.0,692.0,Fixation,2500.0,84.0,625.0,467.0,"0,2312","0,4324",,
29075,46375107,1400485646394,Eye Tracker,Participant0058,17.09.2021,Participant0058,Recording4,17.09.2021,17.09.2021,14:48:45.713,12:48:45.713,64514,Timeline2,Tobii I-VT (Fixation),1.145.28180,1080,1920,"10,00",714237949.0,,,627.0,462.0,619.0,478.0,635.0,446.0,"-0,12153","0,05628","-0,99099","-0,22153","0,04197","-0,97425","4,44","5,45",Valid,Valid,"232,7","101,8","513,6","291,5","99,7","516,4","169,8","130,9","174,1","122,0","0,2328","0,4279","0,2265","0,4430","0,2391","0,4127",thumbnail_grossTrial,thumbnail_grossTrial.png,1245.0,1080.0,337.0,0.0,798.0,692.0,Fixation,2500.0,84.0,625.0,467.0,"0,2312","0,4324",,
29076,46383444,1400485654731,Eye Tracker,Participant0058,17.09.2021,Participant0058,Recording4,17.09.2021,17.09.2021,14:48:45.713,12:48:45.713,64514,Timeline2,Tobii I-VT (Fixation),1.145.28180,1080,1920,"10,00",714246286.0,,,628.0,466.0,620.0,486.0,635.0,446.0,"-0,12126","0,06012","-0,99080","-0,22151","0,04206","-0,97425",,,Valid,Valid,"232,8","101,8","513,5","291,5","99,7","516,4","169,9","133,0","174,1","122,0","0,2331","0,4314","0,2270","0,4499","0,2392","0,4128",thumbnail_grossTrial,thumbnail_grossTrial.png,1245.0,1080.0,337.0,0.0,798.0,692.0,Fixation,2500.0,84.0,625.0,467.0,"0,2312","0,4324",,
29077,46391742,1400485663029,Eye Tracker,Participant0058,17.09.2021,Participant0058,Recording4,17.09.2021,17.09.2021,14:48:45.713,12:48:45.713,64514,Timeline2,Tobii I-VT (Fixation),1.145.28180,1080,1920,"10,00",714254584.0,,,629.0,464.0,619.0,480.0,639.0,448.0,"-0,12156","0,05691","-0,99095","-0,21939","0,04313","-0,97468",,,Valid,Valid,"232,7","101,8","513,5","291,5","99,6","516,6","169,7","131,3","175,2","122,5","0,2344","0,4293","0,2264","0,4442","0,2425","0,4145",thumbnail_grossTrial,thumbnail_grossTrial.png,1245.0,1080.0,337.0,0.0,798.0,692.0,Fixation,2500.0,84.0,625.0,467.0,"0,2312","0,4324",,
29078,46400118,1400485671405,Eye Tracker,Participant0058,17.09.2021,Participant0058,Recording4,17.09.2021,17.09.2021,14:48:45.713,12:48:45.713,64514,Timeline2,Tobii I-VT (Fixation),1.145.28180,1080,1920,"10,00",714262959.0,,,631.0,468.0,619.0,480.0,642.0,456.0,"-0,12171","0,05713","-0,99092","-0,21776","0,04782","-0,97483","4,44","5,00",Valid,Valid,"232,7","101,8","513,6","291,5","99,6","516,8","169,6","131,4","176,1","124,9","0,2356","0,4336","0,2262","0,4445","0,2450","0,4227",thumbnail_grossTrial,thumbnail_grossTrial.png,1245.0,1080.0,337.0,0.0,798.0,692.0,Fixation,2500.0,84.0,625.0,467.0,"0,2312","0,4324",,
29079,46408403,1400485679690,Eye Tracker,Participant0058,17.09.2021,Participant0058,Recording4,17.09.2021,17.09.2021,14:48:45.713,12:48:45.713,64514,Timeline2,Tobii I-VT (Fixation),1.145.28180,1080,1920,"10,00",714271244.0,,,628.0,461.0,619.0,474.0,637.0,447.0,"-0,12168","0,05390","-0,99110","-0,22030","0,04314","-0,97448",,,Valid,Valid,"232,8","101,8","513,6","291,6","99,6","516,9","169,7","129,7","174,7","122,4","0,2337","0,4266","0,2264","0,4390","0,2410","0,4143",thumbnail_grossTrial,thumbnail_grossTrial.png,1245.0,1080.0,337.0,0.0,798.0,692.0,Fixation,2500.0,84.0,625.0,467.0,"0,2312","0,4324",,
29080,46416763,1400485688050,Eye Tracker,Participant0058,17.09.2021,Participant0058,Recording4,17.09.2021,17.09.2021,14:48:45.713,12:48:45.713,64514,Timeline2,Tobii I-VT (Fixation),1.145.28180,1080,1920,"10,00",714279604.0,,,627.0,460.0,623.0,479.0,630.0,440.0,"-0,11962","0,05643","-0,99121","-0,22365","0,03963","-0,97386",,,Valid,Valid,"232,7","101,8","513,6","291,5","99,5","517,0","170,7","131,0","172,8","120,5","0,2323","0,4255","0,2293","0,4432","0,2353","0,4078",thumbnail_grossTrial,thumbnail_grossTrial.png,1245.0,1080.0,337.0,0.0,798.0,692.0,Fixation,2500.0,84.0,625.0,467.0,"0,2312","0,4324",,
29081,46425107,1400485696394,Eye Tracker,Participant0058,17.09.2021,Participant0058,Recording4,17.09.2021,17.09.2021,14:48:45.713,12:48:45.713,64514,Timeline2,Tobii I-VT (Fixation),1.145.28180,1080,1920,"10,00",714287947.0,,,626.0,461.0,623.0,481.0,628.0,440.0,"-0,11943","0,05787","-0,99115","-0,22460","0,03945","-0,97365","4,45","5,17",Valid,Valid,"232,7","101,7","513,8","291,5","99,4","517,2","170,8","131,7","172,2","120,4","0,2316","0,4264","0,2296","0,4456","0,2337","0,4072",thumbnail_grossTrial,thumbnail_grossTrial.png,1245.0,1080.0,337.0,0.0,798.0,692.0,Fixation,2500.0,84.0,625.0,467.0,"0,2312","0,4324",,
29082,46433400,1400485704687,Eye Tracker,Participant0058,17.09.2021,Participant0058,Recording4,17.09.2021,17.09.2021,14:48:45.713,12:48:45.713,64514,Timeline2,Tobii I-VT (Fixation),1.145.28180,1080,1920,"10,00",714296240.0,,,630.0,468.0,623.0,489.0,637.0,448.0,"-0,11963","0,06201","-0,99088","-0,22054","0,04357","-0,97440",,,Valid,Valid,"232,8","101,7","513,8","291,6","99,4","517,2","170,7","133,9","174,5","122,5","0,2349","0,4338","0,2294","0,4530","0,2404","0,4145",thumbnail_grossTrial,thumbnail_grossTrial.png,1245.0,1080.0,337.0,0.0,798.0,692.0,Fixation,2500.0,84.0,625.0,467.0,"0,2312","0,4324",,
29083,46441743,1400485713030,Eye Tracker,Participant0058,17.09.2021,Participant0058,Recording4,17.09.2021,17.09.2021,14:48:45.713,12:48:45.713,64514,Timeline2,Tobii I-VT (Fixation),1.145.28180,1080,1920,"10,00",714304583.0,,,631.0,474.0,623.0,495.0,639.0,453.0,"-0,11934","0,06526","-0,99071","-0,21919","0,04663","-0,97457",,,Valid,Valid,"232,7","101,7","513,8","291,5","99,3","517,4","170,8","135,5","175,2","124,1","0,2360","0,4392","0,2295","0,4585","0,2424","0,4199",thumbnail_grossTrial,thumbnail_grossTrial.png,1245.0,1080.0,337.0,0.0,798.0,692.0,Fixation,2500.0,84.0,625.0,467.0,"0,2312","0,4324",,
29084,46450067,1400485721354,Eye Tracker,Participant0058,17.09.2021,Participant0058,Recording4,17.09.2021,17.09.2021,14:48:45.713,12:48:45.713,64514,Timeline2,Tobii I-VT (Fixation),1.145.28180,1080,1920,"10,00",714312907.0,,,628.0,466.0,624.0,496.0,633.0,436.0,"-0,11916","0,06556","-0,99071","-0,22247","0,03769","-0,97421","4,46","5,53",Valid,Valid,"232,7","101,6","514,0","291,6","99,3","517,5","170,9","135,6","173,4","119,3","0,2335","0,4313","0,2298","0,4589","0,2371","0,4036",thumbnail_grossTrial,thumbnail_grossTrial.png,1245.0,1080.0,337.0,0.0,798.0,692.0,Fixation,2500.0,84.0,625.0,467.0,"0,2312","0,4324",,
29085,46458433,1400485729720,Eye Tracker,Participant0058,17.09.2021,Participant0058,Recording4,17.09.2021,17.09.2021,14:48:45.713,12:48:45.713,64514,Timeline2,Tobii I-VT (Fixation),1.145.28180,1080,1920,"10,00",714321272.0,,,632.0,462.0,634.0,495.0,630.0,430.0,"-0,11387","0,06520","-0,99135","-0,22385","0,03460","-0,97401",,,Valid,Valid,"232,8","101,6","514,0","291,6","99,3","517,5","173,7","135,4","172,7","117,7","0,2366","0,4282","0,2381","0,4583","0,2351","0,3981",thumbnail_grossTrial,thumbnail_grossTrial.png,1245.0,1080.0,337.0,0.0,798.0,692.0,Fixation,2500.0,84.0,625.0,467.0,"0,2312","0,4324",,
29086,46466759,1400485738046,Eye Tracker,Participant0058,17.09.2021,Participant0058,Recording4,17.09.2021,17.09.2021,14:48:45.713,12:48:45.713,64514,Timeline2,Tobii I-VT (Fixation),1.145.28180,1080,1920,"10,00",714329598.0,,,623.0,446.0,615.0,472.0,630.0,420.0,"-0,12342","0,05331","-0,99092","-0,22366","0,02942","-0,97422",,,Valid,Valid,"232,7","101,6","514,0","291,6","99,3","517,5","168,7","129,3","172,7","114,9","0,2293","0,4130","0,2233","0,4373","0,2353","0,3887",thumbnail_grossTrial,thumbnail_grossTrial.png,1245.0,1080.0,337.0,0.0,798.0,692.0,Fixation,2500.0,84.0,625.0,467.0,"0,2312","0,4324",,
29087,46475063,1400485746350,Eye Tracker,Participant0058,17.09.2021,Participant0058,Recording4,17.09.2021,17.09.2021,14:48:45.713,12:48:45.713,64514,Timeline2,Tobii I-VT (Fixation),1.145.28180,1080,1920,"10,00",714337902.0,,,628.0,452.0,617.0,472.0,638.0,432.0,"-0,12239","0,05314","-0,99106","-0,21961","0,03553","-0,97494","4,49","5,26",Valid,Valid,"232,7","101,6","514,1","291,6","99,2","517,6","169,2","129,1","175,0","118,1","0,2334","0,4182","0,2249","0,4369","0,2418","0,3996",thumbnail_grossTrial,thumbnail_grossTrial.png,1245.0,1080.0,337.0,0.0,798.0,692.0,Fixation,2500.0,84.0,625.0,467.0,"0,2312","0,4324",,
29088,46483437,1400485754724,Eye Tracker,Participant0058,17.09.2021,Participant0058,Recording4,17.09.2021,17.09.2021,14:48:45.713,12:48:45.713,64514,Timeline2,Tobii I-VT (Fixation),1.145.28180,1080,1920,"10,00",714346275.0,,,632.0,454.0,626.0,476.0,638.0,431.0,"-0,11796","0,05542","-0,99147","-0,21976","0,03526","-0,97492",,,Valid,Valid,"232,8","101,6","514,1","291,6","99,3","517,5","171,6","130,3","175,0","118,0","0,2369","0,4201","0,2319","0,4409","0,2418","0,3993",thumbnail_grossTrial,thumbnail_grossTrial.png,1245.0,1080.0,337.0,0.0,798.0,692.0,Fixation,2500.0,84.0,625.0,467.0,"0,2312","0,4324",,
29089,46491736,1400485763023,Eye Tracker,Participant0058,17.09.2021,Participant0058,Recording4,17.09.2021,17.09.2021,14:48:45.713,12:48:45.713,64514,Timeline2,Tobii I-VT (Fixation),1.145.28180,1080,1920,"10,00",714354574.0,,,628.0,464.0,626.0,482.0,630.0,447.0,"-0,11765","0,05832","-0,99134","-0,22379","0,04348","-0,97367",,,Valid,Valid,"232,7","101,6","514,1","291,6","99,3","517,5","171,7","131,8","172,6","122,4","0,2336","0,4300","0,2322","0,4460","0,2349","0,4141",thumbnail_grossTrial,thumbnail_grossTrial.png,1245.0,1080.0,337.0,0.0,798.0,692.0,Fixation,2500.0,84.0,625.0,467.0,"0,2312","0,4324",,
29090,46500080,1400485771367,Eye Tracker,Participant0058,17.09.2021,Participant0058,Recording4,17.09.2021,17.09.2021,14:48:45.713,12:48:45.713,64514,Timeline2,Tobii I-VT (Fixation),1.145.28180,1080,1920,"10,00",714362918.0,,,626.0,462.0,625.0,479.0,628.0,446.0,"-0,11842","0,05696","-0,99133","-0,22479","0,04275","-0,97347","4,46","5,35",Valid,Valid,"232,7","101,5","514,2","291,6","99,3","517,5","171,3","131,1","172,1","122,0","0,2322","0,4281","0,2310","0,4435","0,2333","0,4128",thumbnail_grossTrial,thumbnail_grossTrial.png,1245.0,1080.0,337.0,0.0,798.0,692.0,Fixation,2500.0,84.0,625.0,467.0,"0,2312","0,4324",,
29091,46508430,1400485779717,Eye Tracker,Participant0058,17.09.2021,Participant0058,Recording4,17.09.2021,17.09.2021,14:48:45.713,12:48:45.713,64514,Timeline2,Tobii I-VT (Fixation),1.145.28180,1080,1920,"10,00",714371268.0,,,625.0,463.0,624.0,480.0,627.0,446.0,"-0,11912","0,05729","-0,99123","-0,22551","0,04251","-0,97331",,,Valid,Valid,"232,8","101,6","514,1","291,6","99,4","517,3","171,0","131,3","171,7","121,9","0,2312","0,4284","0,2301","0,4442","0,2323","0,4126",thumbnail_grossTrial,thumbnail_grossTrial.png,1245.0,1080.0,337.0,0.0,798.0,692.0,Fixation,2500.0,84.0,625.0,467.0,"0,2312","0,4324",,
29092,46516764,1400485788051,Eye Tracker,Participant0058,17.09.2021,Participant0058,Recording4,17.09.2021,17.09.2021,14:48:45.713,12:48:45.713,64514,Timeline2,Tobii I-VT (Fixation),1.145.28180,1080,1920,"10,00",714379601.0,,,629.0,459.0,624.0,476.0,634.0,441.0,"-0,11900","0,05521","-0,99136","-0,22171","0,04041","-0,97428",,,Valid,Valid,"232,7","101,6","514,1","291,5","99,4","517,3","171,0","130,2","173,8","120,8","0,2343","0,4247","0,2301","0,4405","0,2384","0,4088",thumbnail_grossTrial,thumbnail_grossTrial.png,1245.0,1080.0,337.0,0.0,798.0,692.0,Fixation,2500.0,84.0,625.0,467.0,"0,2312","0,4324",,
29093,46525059,1400485796346,Eye Tracker,Participant0058,17.09.2021,Participant0058,Recording4,17.09.2021,17.09.2021,14:48:45.713,12:48:45.713,64514,Timeline2,Tobii I-VT (Fixation),1.145.28180,1080,1920,"10,00",714387896.0,,,629.0,461.0,622.0,475.0,637.0,447.0,"-0,12002","0,05458","-0,99127","-0,22051","0,04307","-0,97443","4,46","5,27",Valid,Valid,"232,7","101,6","514,1","291,5","99,4","517,2","170,5","129,9","174,5","122,2","0,2345","0,4265","0,2286","0,4394","0,2404","0,4136",thumbnail_grossTrial,thumbnail_grossTrial.png,1245.0,1080.0,337.0,0.0,798.0,692.0,Fixation,2500.0,84.0,625.0,467.0,"0,2312","0,4324",,
29094,46533424,1400485804711,Eye Tracker,Participant0058,17.09.2021,Participant0058,Recording4,17.09.2021,17.09.2021,14:48:45.713,12:48:45.713,64514,Timeline2,Tobii I-VT (Fixation),1.145.28180,1080,1920,"10,00",714396261.0,,,626.0,463.0,618.0,476.0,635.0,450.0,"-0,12241","0,05516","-0,99095","-0,22125","0,04444","-0,97420",,,Valid,Valid,"232,8","101,6","514,0","291,6","99,5","517,1","169,3","130,2","174,1","123,0","0,2322","0,4284","0,2251","0,4406","0,2394","0,4163",thumbnail_grossTrial,thumbnail_grossTrial.png,1245.0,1080.0,337.0,0.0,798.0,692.0,Fixation,2500.0,84.0,625.0,467.0,"0,2312","0,4324",,
29095,46541765,1400485813052,Eye Tracker,Participant0058,17.09.2021,Participant0058,Recording4,17.09.2021,17.09.2021,14:48:45.713,12:48:45.713,64514,Timeline2,Tobii I-VT (Fixation),1.145.28180,1080,1920,"10,00",714404601.0,,,626.0,463.0,621.0,479.0,631.0,447.0,"-0,12072","0,05709","-0,99104","-0,22348","0,04310","-0,97375",,,Valid,Valid,"232,7","101,6","514,0","291,5","99,5","517,0","170,1","131,2","172,9","122,3","0,2315","0,4289","0,2274","0,4439","0,2356","0,4140",thumbnail_grossTrial,thumbnail_grossTrial.png,1245.0,1080.0,337.0,0.0,798.0,692.0,Fixation,2500.0,84.0,625.0,467.0,"0,2312","0,4324",,
29096,46550097,1400485821384,Eye Tracker,Participant0058,17.09.2021,Participant0058,Recording4,17.09.2021,17.09.2021,14:48:45.713,12:48:45.713,64514,Timeline2,Tobii I-VT (Fixation),1.145.28180,1080,1920,"10,00",714412933.0,,,626.0,465.0,622.0,482.0,629.0,447.0,"-0,11984","0,05837","-0,99108","-0,22433","0,04320","-0,97355","4,46","5,21",Valid,Valid,"232,7","101,6","514,1","291,5","99,5","517,0","170,5","131,8","172,4","122,4","0,2315","0,4301","0,2288","0,4461","0,2342","0,4141",thumbnail_grossTrial,thumbnail_grossTrial.png,1245.0,1080.0,337.0,0.0,798.0,692.0,Fixation,2500.0,84.0,625.0,467.0,"0,2312","0,4324",,
29097,46558485,1400485829772,Eye Tracker,Participant0058,17.09.2021,Participant0058,Recording4,17.09.2021,17.09.2021,14:48:45.713,12:48:45.713,64514,Timeline2,Tobii I-VT (Fixation),1.145.28180,1080,1920,"10,00",714421321.0,,,628.0,463.0,626.0,480.0,630.0,446.0,"-0,11797","0,05744","-0,99136","-0,22420","0,04238","-0,97362",,,Valid,Valid,"232,8","101,6","514,0","291,6","99,5","516,9","171,6","131,4","172,5","122,0","0,2333","0,4287","0,2319","0,4446","0,2347","0,4129",thumbnail_grossTrial,thumbnail_grossTrial.png,1245.0,1080.0,337.0,0.0,798.0,692.0,Fixation,2500.0,84.0,625.0,467.0,"0,2312","0,4324",,
29098,46566807,1400485838094,Eye Tracker,Participant0058,17.09.2021,Participant0058,Recording4,17.09.2021,17.09.2021,14:48:45.713,12:48:45.713,64514,Timeline2,Tobii I-VT (Fixation),1.145.28180,1080,1920,"10,00",714429643.0,,,634.0,457.0,625.0,476.0,643.0,438.0,"-0,11824","0,05510","-0,99145","-0,21774","0,03824","-0,97526",,,Valid,Valid,"232,7","101,6","514,0","291,5","99,5","516,8","171,4","130,2","176,1","119,8","0,2382","0,4228","0,2313","0,4404","0,2451","0,4053",thumbnail_grossTrial,thumbnail_grossTrial.png,1245.0,1080.0,337.0,0.0,798.0,692.0,Fixation,2500.0,84.0,625.0,467.0,"0,2312","0,4324",,
29099,46575085,1400485846372,Eye Tracker,Participant0058,17.09.2021,Participant0058,Recording4,17.09.2021,17.09.2021,14:48:45.713,12:48:45.713,64514,Timeline2,Tobii I-VT (Fixation),1.145.28180,1080,1920,"10,00",714437920.0,,,636.0,458.0,623.0,475.0,649.0,440.0,"-0,11942","0,05492","-0,99132","-0,21468","0,03952","-0,97589","4,45","4,63",Valid,Valid,"232,7","101,6","514,1","291,5","99,5","516,9","170,8","130,0","177,8","120,4","0,2398","0,4237","0,2295","0,4400","0,2501","0,4075",thumbnail_grossTrial,thumbnail_grossTrial.png,1245.0,1080.0,337.0,0.0,798.0,692.0,Fixation,2500.0,84.0,625.0,467.0,"0,2312","0,4324",,
29100,46583388,1400485854675,Eye Tracker,Participant0058,17.09.2021,Participant0058,Recording4,17.09.2021,17.09.2021,14:48:45.713,12:48:45.713,64514,Timeline2,Tobii I-VT (Fixation),1.145.28180,1080,1920,"10,00",714446223.0,,,635.0,457.0,618.0,477.0,652.0,437.0,"-0,12230","0,05578","-0,99092","-0,21320","0,03806","-0,97627",,,Valid,Valid,"232,8","101,6","514,0","291,6","99,5","516,8","169,3","130,5","178,7","119,7","0,2390","0,4233","0,2252","0,4417","0,2527","0,4050",thumbnail_grossTrial,thumbnail_grossTrial.png,1245.0,1080.0,337.0,0.0,798.0,692.0,Fixation,2500.0,84.0,625.0,467.0,"0,2312","0,4324",,
29101,46591728,1400485863015,Eye Tracker,Participant0058,17.09.2021,Participant0058,Recording4,17.09.2021,17.09.2021,14:48:45.713,12:48:45.713,64514,Timeline2,Tobii I-VT (Fixation),1.145.28180,1080,1920,"10,00",714454563.0,,,634.0,460.0,619.0,482.0,649.0,438.0,"-0,12129","0,05863","-0,99088","-0,21474","0,03816","-0,97592",,,Valid,Valid,"232,7","101,6","514,0","291,5","99,5","516,9","169,8","132,0","177,8","119,7","0,2383","0,4259","0,2266","0,4466","0,2500","0,4051",thumbnail_grossTrial,thumbnail_grossTrial.png,1245.0,1080.0,337.0,0.0,798.0,692.0,Fixation,2500.0,84.0,625.0,467.0,"0,2312","0,4324",,
29102,46600058,1400485871345,Eye Tracker,Participant0058,17.09.2021,Participant0058,Recording4,17.09.2021,17.09.2021,14:48:45.713,12:48:45.713,64514,Timeline2,Tobii I-VT (Fixation),1.145.28180,1080,1920,"10,00",714462892.0,,,634.0,460.0,620.0,482.0,648.0,437.0,"-0,12123","0,05842","-0,99090","-0,21503","0,03804","-0,97587","4,45","4,63",Valid,Valid,"232,7","101,6","514,0","291,5","99,5","516,9","169,8","131,9","177,6","119,6","0,2381","0,4255","0,2267","0,4462","0,2495","0,4047",thumbnail_grossTrial,thumbnail_grossTrial.png,1245.0,1080.0,337.0,0.0,798.0,692.0,Fixation,2500.0,84.0,625.0,467.0,"0,2312","0,4324",,
29103,46608390,1400485879677,Eye Tracker,Participant0058,17.09.2021,Participant0058,Recording4,17.09.2021,17.09.2021,14:48:45.713,12:48:45.713,64514,Timeline2,Tobii I-VT (Fixation),1.145.28180,1080,1920,"10,00",714471224.0,,,635.0,461.0,624.0,481.0,647.0,441.0,"-0,11920","0,05778","-0,99119","-0,21561","0,03992","-0,97566",,,Valid,Valid,"232,8","101,6","513,9","291,6","99,5","516,9","171,0","131,6","177,3","120,7","0,2394","0,4267","0,2300","0,4452","0,2487","0,4082",thumbnail_grossTrial,thumbnail_grossTrial.png,1245.0,1080.0,337.0,0.0,798.0,692.0,Fixation,2500.0,84.0,625.0,467.0,"0,2312","0,4324",,
29104,46616751,1400485888038,Eye Tracker,Participant0058,17.09.2021,Participant0058,Recording4,17.09.2021,17.09.2021,14:48:45.713,12:48:45.713,64514,Timeline2,Tobii I-VT (Fixation),1.145.28180,1080,1920,"10,00",714479585.0,,,633.0,459.0,621.0,473.0,644.0,445.0,"-0,12035","0,05365","-0,99128","-0,21706","0,04193","-0,97526",,,Valid,Valid,"232,7","101,6","513,9","291,5","99,5","517,0","170,3","129,4","176,4","121,7","0,2371","0,4248","0,2281","0,4379","0,2461","0,4118",thumbnail_grossTrial,thumbnail_grossTrial.png,1245.0,1080.0,337.0,0.0,798.0,692.0,Fixation,2500.0,84.0,625.0,467.0,"0,2312","0,4324",,
29105,46625097,1400485896384,Eye Tracker,Participant0058,17.09.2021,Participant0058,Recording4,17.09.2021,17.09.2021,14:48:45.713,12:48:45.713,64514,Timeline2,Tobii I-VT (Fixation),1.145.28180,1080,1920,"10,00",714487931.0,,,633.0,458.0,621.0,473.0,644.0,443.0,"-0,12028","0,05395","-0,99127","-0,21670","0,04131","-0,97536","4,44","4,64",Valid,Valid,"232,7","101,6","514,0","291,5","99,4","517,1","170,3","129,6","176,6","121,3","0,2374","0,4245","0,2282","0,4384","0,2466","0,4105",thumbnail_grossTrial,thumbnail_grossTrial.png,1245.0,1080.0,337.0,0.0,798.0,692.0,Fixation,2500.0,84.0,625.0,467.0,"0,2312","0,4324",,
29106,46633419,1400485904706,Eye Tracker,Participant0058,17.09.2021,Participant0058,Recording4,17.09.2021,17.09.2021,14:48:45.713,12:48:45.713,64514,Timeline2,Tobii I-VT (Fixation),1.145.28180,1080,1920,"10,00",714496252.0,,,631.0,457.0,619.0,472.0,643.0,442.0,"-0,12160","0,05318","-0,99115","-0,21771","0,04043","-0,97518",,,Valid,Valid,"232,8","101,7","513,9","291,6","99,5","517,1","169,7","129,2","176,1","120,9","0,2358","0,4231","0,2264","0,4373","0,2452","0,4090",thumbnail_grossTrial,thumbnail_grossTrial.png,1245.0,1080.0,337.0,0.0,798.0,692.0,Fixation,2500.0,84.0,625.0,467.0,"0,2312","0,4324",,
29107,46641718,1400485913005,Eye Tracker,Participant0058,17.09.2021,Participant0058,Recording4,17.09.2021,17.09.2021,14:48:45.713,12:48:45.713,64514,Timeline2,Tobii I-VT (Fixation),1.145.28180,1080,1920,"10,00",714504551.0,,,631.0,466.0,619.0,487.0,643.0,444.0,"-0,12163","0,06093","-0,99070","-0,21751","0,04174","-0,97517",,,Valid,Valid,"232,7","101,7","513,9","291,5","99,4","517,2","169,6","133,3","176,2","121,5","0,2357","0,4311","0,2261","0,4509","0,2453","0,4113",thumbnail_grossTrial,thumbnail_grossTrial.png,1245.0,1080.0,337.0,0.0,798.0,692.0,Fixation,2500.0,84.0,625.0,467.0,"0,2312","0,4324",,
29108,46650049,1400485921336,Eye Tracker,Participant0058,17.09.2021,Participant0058,Recording4,17.09.2021,17.09.2021,14:48:45.713,12:48:45.713,64514,Timeline2,Tobii I-VT (Fixation),1.145.28180,1080,1920,"10,00",714512882.0,,,630.0,467.0,619.0,488.0,642.0,446.0,"-0,12163","0,06130","-0,99068","-0,21792","0,04286","-0,97503","4,44","4,63",Valid,Valid,"232,7","101,7","513,9","291,5","99,4","517,2","169,6","133,5","175,9","122,1","0,2353","0,4323","0,2261","0,4515","0,2446","0,4131",thumbnail_grossTrial,thumbnail_grossTrial.png,1245.0,1080.0,337.0,0.0,798.0,692.0,Fixation,2500.0,84.0,625.0,467.0,"0,2312","0,4324",,
29109,46658383,1400485929670,Eye Tracker,Participant0058,17.09.2021,Participant0058,Recording4,17.09.2021,17.09.2021,14:48:45.713,12:48:45.713,64514,Timeline2,Tobii I-VT (Fixation),1.145.28180,1080,1920,"10,00",714521215.0,,,630.0,464.0,616.0,486.0,645.0,443.0,"-0,12341","0,06037","-0,99052","-0,21659","0,04094","-0,97540",,,Valid,Valid,"232,8","101,7","513,8","291,6","99,4","517,2","168,7","133,0","176,7","121,1","0,2352","0,4299","0,2235","0,4501","0,2469","0,4098",thumbnail_grossTrial,thumbnail_grossTrial.png,1245.0,1080.0,337.0,0.0,798.0,692.0,Fixation,2500.0,84.0,625.0,467.0,"0,2312","0,4324",,
29110,46666717,1400485938004,Eye Tracker,Participant0058,17.09.2021,Participant0058,Recording4,17.09.2021,17.09.2021,14:48:45.713,12:48:45.713,64514,Timeline2,Tobii I-VT (Fixation),1.145.28180,1080,1920,"10,00",714529549.0,,,626.0,457.0,612.0,472.0,641.0,443.0,"-0,12521","0,05295","-0,99072","-0,21851","0,04098","-0,97497",,,Valid,Valid,"232,7","101,7","513,7","291,5","99,4","517,3","167,8","129,2","175,6","121,1","0,2321","0,4234","0,2207","0,4370","0,2436","0,4098",thumbnail_grossTrial,thumbnail_grossTrial.png,1245.0,1080.0,337.0,0.0,798.0,692.0,Fixation,2500.0,84.0,625.0,467.0,"0,2312","0,4324",,
29111,46675079,1400485946366,Eye Tracker,Participant0058,17.09.2021,Participant0058,Recording4,17.09.2021,17.09.2021,14:48:45.713,12:48:45.713,64514,Timeline2,Tobii I-VT (Fixation),1.145.28180,1080,1920,"10,00",714537911.0,,,625.0,459.0,613.0,473.0,637.0,445.0,"-0,12458","0,05334","-0,99077","-0,22015","0,04236","-0,97455","4,44","4,65",Valid,Valid,"232,7","101,7","513,8","291,5","99,3","517,3","168,1","129,4","174,7","121,8","0,2313","0,4250","0,2217","0,4377","0,2409","0,4122",thumbnail_grossTrial,thumbnail_grossTrial.png,1245.0,1080.0,337.0,0.0,798.0,692.0,Fixation,2500.0,84.0,625.0,467.0,"0,2312","0,4324",,
29112,46683419,1400485954706,Eye Tracker,Participant0058,17.09.2021,Participant0058,Recording4,17.09.2021,17.09.2021,14:48:45.713,12:48:45.713,64514,Timeline2,Tobii I-VT (Fixation),1.145.28180,1080,1920,"10,00",714546251.0,,,627.0,460.0,617.0,474.0,637.0,447.0,"-0,12277","0,05372","-0,99098","-0,22054","0,04331","-0,97442",,,Valid,Valid,"232,8","101,8","513,7","291,6","99,4","517,2","169,1","129,6","174,5","122,4","0,2326","0,4263","0,2247","0,4385","0,2405","0,4141",thumbnail_grossTrial,thumbnail_grossTrial.png,1245.0,1080.0,337.0,0.0,798.0,692.0,Fixation,2500.0,84.0,625.0,467.0,"0,2312","0,4324",,
29113,46691804,1400485963091,Eye Tracker,Participant0058,17.09.2021,Participant0058,Recording4,17.09.2021,17.09.2021,14:48:45.713,12:48:45.713,64514,Timeline2,Tobii I-VT (Fixation),1.145.28180,1080,1920,"10,00",714554635.0,,,627.0,463.0,616.0,479.0,638.0,448.0,"-0,12322","0,05671","-0,99076","-0,21989","0,04350","-0,97455",,,Valid,Valid,"232,7","101,7","513,7","291,5","99,4","517,2","168,8","131,1","174,8","122,5","0,2326","0,4290","0,2238","0,4437","0,2414","0,4144",thumbnail_grossTrial,thumbnail_grossTrial.png,1245.0,1080.0,337.0,0.0,798.0,692.0,Fixation,2500.0,84.0,625.0,467.0,"0,2312","0,4324",,
29114,46700103,1400485971390,Eye Tracker,Participant0058,17.09.2021,Participant0058,Recording4,17.09.2021,17.09.2021,14:48:45.713,12:48:45.713,64514,Timeline2,Tobii I-VT (Fixation),1.145.28180,1080,1920,"10,00",714562934.0,,,623.0,463.0,614.0,479.0,632.0,447.0,"-0,12418","0,05680","-0,99063","-0,22277","0,04339","-0,97391","4,44","5,20",Valid,Valid,"232,7","101,7","513,7","291,5","99,4","517,2","168,3","131,2","173,2","122,4","0,2295","0,4290","0,2223","0,4438","0,2367","0,4142",thumbnail_grossTrial,thumbnail_grossTrial.png,1245.0,1080.0,337.0,0.0,798.0,692.0,Fixation,2500.0,84.0,625.0,467.0,"0,2312","0,4324",,
29115,46708407,1400485979694,Eye Tracker,Participant0058,17.09.2021,Participant0058,Recording4,17.09.2021,17.09.2021,14:48:45.713,12:48:45.713,64514,Timeline2,Tobii I-VT (Fixation),1.145.28180,1080,1920,"10,00",714571238.0,,,623.0,464.0,615.0,482.0,632.0,447.0,"-0,12385","0,05795","-0,99061","-0,22299","0,04329","-0,97386",,,Valid,Valid,"232,8","101,7","513,7","291,6","99,4","517,1","168,6","131,8","173,2","122,4","0,2298","0,4301","0,2230","0,4459","0,2365","0,4142",thumbnail_grossTrial,thumbnail_grossTrial.png,1245.0,1080.0,337.0,0.0,798.0,692.0,Fixation,2500.0,84.0,625.0,467.0,"0,2312","0,4324",,
29116,46716738,1400485988025,Eye Tracker,Participant0058,17.09.2021,Participant0058,Recording4,17.09.2021,17.09.2021,14:48:45.713,12:48:45.713,64514,Timeline2,Tobii I-VT (Fixation),1.145.28180,1080,1920,"10,00",714579568.0,,,625.0,461.0,615.0,478.0,635.0,445.0,"-0,12396","0,05595","-0,99071","-0,22118","0,04212","-0,97432",,,Valid,Valid,"232,7","101,7","513,7","291,5","99,4","517,1","168,4","130,7","174,1","121,8","0,2310","0,4272","0,2226","0,4423","0,2393","0,4120",thumbnail_grossTrial,thumbnail_grossTrial.png,1245.0,1080.0,337.0,0.0,798.0,692.0,Fixation,2500.0,84.0,625.0,467.0,"0,2312","0,4324",,
29117,46725073,1400485996360,Eye Tracker,Participant0058,17.09.2021,Participant0058,Recording4,17.09.2021,17.09.2021,14:48:45.713,12:48:45.713,64514,Timeline2,Tobii I-VT (Fixation),1.145.28180,1080,1920,"10,00",714587903.0,,,628.0,461.0,615.0,478.0,641.0,444.0,"-0,12360","0,05624","-0,99074","-0,21848","0,04160","-0,97496","4,44","4,64",Valid,Valid,"232,7","101,7","513,8","291,5","99,4","517,1","168,6","130,9","175,7","121,5","0,2335","0,4269","0,2232","0,4427","0,2438","0,4110",thumbnail_grossTrial,thumbnail_grossTrial.png,1245.0,1080.0,337.0,0.0,798.0,692.0,Fixation,2500.0,84.0,625.0,467.0,"0,2312","0,4324",,
29118,46733441,1400486004728,Eye Tracker,Participant0058,17.09.2021,Participant0058,Recording4,17.09.2021,17.09.2021,14:48:45.713,12:48:45.713,64514,Timeline2,Tobii I-VT (Fixation),1.145.28180,1080,1920,"10,00",714596271.0,,,626.0,464.0,615.0,481.0,637.0,447.0,"-0,12405","0,05789","-0,99059","-0,22053","0,04296","-0,97443",,,Valid,Valid,"232,8","101,7","513,7","291,6","99,5","517,0","168,4","131,7","174,6","122,3","0,2316","0,4297","0,2226","0,4457","0,2406","0,4137",thumbnail_grossTrial,thumbnail_grossTrial.png,1245.0,1080.0,337.0,0.0,798.0,692.0,Fixation,2500.0,84.0,625.0,467.0,"0,2312","0,4324",,
29119,46741734,1400486013021,Eye Tracker,Participant0058,17.09.2021,Participant0058,Recording4,17.09.2021,17.09.2021,14:48:45.713,12:48:45.713,64514,Timeline2,Tobii I-VT (Fixation),1.145.28180,1080,1920,"10,00",714604564.0,,,625.0,465.0,615.0,483.0,635.0,447.0,"-0,12349","0,05874","-0,99061","-0,22153","0,04306","-0,97420",,,Valid,Valid,"232,7","101,7","513,8","291,5","99,5","516,9","168,7","132,1","174,0","122,3","0,2310","0,4305","0,2233","0,4471","0,2388","0,4139",thumbnail_grossTrial,thumbnail_grossTrial.png,1245.0,1080.0,337.0,0.0,798.0,692.0,Fixation,2500.0,84.0,625.0,467.0,"0,2312","0,4324",,
29120,46750071,1400486021358,Eye Tracker,Participant0058,17.09.2021,Participant0058,Recording4,17.09.2021,17.09.2021,14:48:45.713,12:48:45.713,64514,Timeline2,Tobii I-VT (Fixation),1.145.28180,1080,1920,"10,00",714612900.0,,,628.0,467.0,615.0,483.0,642.0,451.0,"-0,12362","0,05911","-0,99057","-0,21803","0,04527","-0,97489","4,45","4,63",Valid,Valid,"232,7","101,6","513,9","291,5","99,5","516,9","168,6","132,3","175,9","123,5","0,2337","0,4327","0,2231","0,4476","0,2444","0,4177",thumbnail_grossTrial,thumbnail_grossTrial.png,1245.0,1080.0,337.0,0.0,798.0,692.0,Fixation,2500.0,84.0,625.0,467.0,"0,2312","0,4324",,
29121,46758493,1400486029780,Eye Tracker,Participant0058,17.09.2021,Participant0058,Recording4,17.09.2021,17.09.2021,14:48:45.713,12:48:45.713,64514,Timeline2,Tobii I-VT (Fixation),1.145.28180,1080,1920,"10,00",714621322.0,,,632.0,465.0,617.0,480.0,647.0,451.0,"-0,12299","0,05707","-0,99077","-0,21569","0,04484","-0,97543",,,Valid,Valid,"232,8","101,7","513,8","291,5","99,5","516,8","169,0","131,3","177,3","123,3","0,2364","0,4307","0,2242","0,4442","0,2485","0,4172",thumbnail_grossTrial,thumbnail_grossTrial.png,1245.0,1080.0,337.0,0.0,798.0,692.0,Fixation,2500.0,84.0,625.0,467.0,"0,2312","0,4324",,
29122,46766761,1400486038048,Eye Tracker,Participant0058,17.09.2021,Participant0058,Recording4,17.09.2021,17.09.2021,14:48:45.713,12:48:45.713,64514,Timeline2,Tobii I-VT (Fixation),1.145.28180,1080,1920,"10,00",714629590.0,,,632.0,469.0,616.0,482.0,648.0,455.0,"-0,12304","0,05848","-0,99068","-0,21480","0,04736","-0,97551",,,Valid,Valid,"232,7","101,7","513,9","291,5","99,5","516,8","168,9","132,0","177,7","124,6","0,2368","0,4341","0,2239","0,4466","0,2497","0,4217",thumbnail_grossTrial,thumbnail_grossTrial.png,1245.0,1080.0,337.0,0.0,798.0,692.0,Fixation,2500.0,84.0,625.0,467.0,"0,2312","0,4324",,
29123,46775070,1400486046357,Eye Tracker,Participant0058,17.09.2021,Participant0058,Recording4,17.09.2021,17.09.2021,14:48:45.713,12:48:45.713,64514,Timeline2,Tobii I-VT (Fixation),1.145.28180,1080,1920,"10,00",714637898.0,,,629.0,469.0,615.0,483.0,643.0,454.0,"-0,12372","0,05877","-0,99057","-0,21755","0,04684","-0,97492","4,45","4,63",Valid,Valid,"232,7","101,6","513,9","291,5","99,5","516,8","168,5","132,1","176,2","124,4","0,2341","0,4339","0,2229","0,4470","0,2453","0,4208",thumbnail_grossTrial,thumbnail_grossTrial.png,1245.0,1080.0,337.0,0.0,798.0,692.0,Fixation,2500.0,84.0,625.0,467.0,"0,2312","0,4324",,
29124,46783485,1400486054772,Eye Tracker,Participant0058,17.09.2021,Participant0058,Recording4,17.09.2021,17.09.2021,14:48:45.713,12:48:45.713,64514,Timeline2,Tobii I-VT (Fixation),1.145.28180,1080,1920,"10,00",714646313.0,,,623.0,470.0,609.0,482.0,636.0,457.0,"-0,12670","0,05802","-0,99024","-0,22106","0,04826","-0,97407",,,Valid,Valid,"232,8","101,7","513,9","291,5","99,6","516,7","167,0","131,8","174,3","125,2","0,2291","0,4348","0,2185","0,4459","0,2398","0,4236",thumbnail_grossTrial,thumbnail_grossTrial.png,1245.0,1080.0,337.0,0.0,798.0,692.0,Fixation,2500.0,84.0,625.0,467.0,"0,2312","0,4324",,
29125,46791712,1400486062999,Eye Tracker,Participant0058,17.09.2021,Participant0058,Recording4,17.09.2021,17.09.2021,14:48:45.713,12:48:45.713,64514,Timeline2,Tobii I-VT (Fixation),1.145.28180,1080,1920,"10,00",714654540.0,,,622.0,466.0,610.0,477.0,634.0,454.0,"-0,12605","0,05571","-0,99046","-0,22170","0,04655","-0,97400",,,Valid,Valid,"232,7","101,7","513,9","291,5","99,6","516,8","167,3","130,6","173,9","124,3","0,2290","0,4311","0,2193","0,4418","0,2386","0,4205",thumbnail_grossTrial,thumbnail_grossTrial.png,1245.0,1080.0,337.0,0.0,798.0,692.0,Fixation,2500.0,84.0,625.0,467.0,"0,2312","0,4324",,
29126,46800076,1400486071363,Eye Tracker,Participant0058,17.09.2021,Participant0058,Recording4,17.09.2021,17.09.2021,14:48:45.713,12:48:45.713,64514,Timeline2,Tobii I-VT (Fixation),1.145.28180,1080,1920,"10,00",714662904.0,,,622.0,465.0,610.0,476.0,634.0,454.0,"-0,12617","0,05536","-0,99046","-0,22188","0,04628","-0,97397","4,47","4,63",Valid,Valid,"232,7","101,7","513,9","291,5","99,6","516,8","167,3","130,4","173,8","124,1","0,2287","0,4306","0,2192","0,4411","0,2383","0,4200",thumbnail_grossTrial,thumbnail_grossTrial.png,1245.0,1080.0,337.0,0.0,798.0,692.0,Fixation,2500.0,84.0,625.0,467.0,"0,2312","0,4324",,
29127,46808374,1400486079661,Eye Tracker,Participant0058,17.09.2021,Participant0058,Recording4,17.09.2021,17.09.2021,14:48:45.713,12:48:45.713,64514,Timeline2,Tobii I-VT (Fixation),1.145.28180,1080,1920,"10,00",714671201.0,,,620.0,464.0,606.0,473.0,635.0,456.0,"-0,12858","0,05327","-0,99027","-0,22177","0,04725","-0,97395",,,Valid,Valid,"232,8","101,7","513,9","291,6","99,6","516,7","166,1","129,4","173,9","124,7","0,2272","0,4298","0,2157","0,4377","0,2387","0,4219",thumbnail_grossTrial,thumbnail_grossTrial.png,1245.0,1080.0,337.0,0.0,798.0,692.0,Fixation,2500.0,84.0,625.0,467.0,"0,2312","0,4324",,
29128,46816705,1400486087992,Eye Tracker,Participant0058,17.09.2021,Participant0058,Recording4,17.09.2021,17.09.2021,14:48:45.713,12:48:45.713,64514,Timeline2,Tobii I-VT (Fixation),1.145.28180,1080,1920,"10,00",714679532.0,,,621.0,471.0,608.0,482.0,635.0,460.0,"-0,12750","0,05822","-0,99013","-0,22163","0,04955","-0,97387",,,Valid,Valid,"232,7","101,7","513,8","291,5","99,6","516,7","166,5","131,9","173,9","125,9","0,2279","0,4362","0,2171","0,4463","0,2387","0,4261",thumbnail_grossTrial,thumbnail_grossTrial.png,1245.0,1080.0,337.0,0.0,798.0,692.0,Fixation,2500.0,84.0,625.0,467.0,"0,2312","0,4324",,
29129,46825036,1400486096323,Eye Tracker,Participant0058,17.09.2021,Participant0058,Recording4,17.09.2021,17.09.2021,14:48:45.713,12:48:45.713,64514,Timeline2,Tobii I-VT (Fixation),1.145.28180,1080,1920,"10,00",714687863.0,,,606.0,483.0,606.0,483.0,,,"-0,12851","0,05895","-0,98995",,,,"4,47",,Valid,Invalid,"232,7","101,7","513,9",,,,"166,0","132,3",,,"0,2156","0,4476","0,2156","0,4476",,,thumbnail_grossTrial,thumbnail_grossTrial.png,1245.0,1080.0,337.0,0.0,798.0,692.0,Fixation,2500.0,84.0,625.0,467.0,"0,2312","0,4324",,
29130,46833431,1400486104718,Eye Tracker,Participant0058,17.09.2021,Participant0058,Recording4,17.09.2021,17.09.2021,14:48:45.713,12:48:45.713,64514,Timeline2,Tobii I-VT (Fixation),1.145.28180,1080,1920,"10,00",714696257.0,,,629.0,477.0,618.0,492.0,641.0,462.0,"-0,12233","0,06330","-0,99047","-0,21861","0,05065","-0,97450",,,Valid,Valid,"232,8","101,7","513,8","291,6","99,7","516,6","169,3","134,6","175,7","126,5","0,2346","0,4417","0,2253","0,4553","0,2438","0,4281",thumbnail_grossTrial,thumbnail_grossTrial.png,1245.0,1080.0,337.0,0.0,798.0,692.0,Fixation,2500.0,84.0,625.0,467.0,"0,2312","0,4324",,
29131,46841706,1400486112993,Eye Tracker,Participant0058,17.09.2021,Participant0058,Recording4,17.09.2021,17.09.2021,14:48:45.713,12:48:45.713,64514,Timeline2,Tobii I-VT (Fixation),1.145.28180,1080,1920,"10,00",714704532.0,,,627.0,476.0,614.0,489.0,639.0,462.0,"-0,12431","0,06212","-0,99030","-0,21932","0,05054","-0,97434",,,Valid,Valid,"232,7","101,7","513,8","291,5","99,7","516,6","168,2","133,9","175,2","126,5","0,2323","0,4406","0,2221","0,4532","0,2425","0,4280",thumbnail_grossTrial,thumbnail_grossTrial.png,1245.0,1080.0,337.0,0.0,798.0,692.0,Fixation,2500.0,84.0,625.0,467.0,"0,2312","0,4324",,
29132,46850063,1400486121350,Eye Tracker,Participant0058,17.09.2021,Participant0058,Recording4,17.09.2021,17.09.2021,14:48:45.713,12:48:45.713,64514,Timeline2,Tobii I-VT (Fixation),1.145.28180,1080,1920,"10,00",714712889.0,,,632.0,459.0,,,632.0,459.0,,,,"-0,22320","0,04876","-0,97355",,"5,21",Invalid,Valid,,,,"291,6","99,7","516,6",,,"173,1","125,6","0,2363","0,4248",,,"0,2363","0,4248",thumbnail_grossTrial,thumbnail_grossTrial.png,1245.0,1080.0,337.0,0.0,798.0,692.0,Fixation,2500.0,84.0,625.0,467.0,"0,2312","0,4324",,
29133,46858384,1400486129671,Eye Tracker,Participant0058,17.09.2021,Participant0058,Recording4,17.09.2021,17.09.2021,14:48:45.713,12:48:45.713,64514,Timeline2,Tobii I-VT (Fixation),1.145.28180,1080,1920,"10,00",714721210.0,,,629.0,471.0,622.0,497.0,636.0,446.0,"-0,11996","0,06604","-0,99058","-0,22133","0,04201","-0,97429",,,Valid,Valid,"232,8","101,7","513,8","291,6","99,8","516,5","170,6","136,0","174,3","122,0","0,2343","0,4365","0,2289","0,4601","0,2397","0,4129",thumbnail_grossTrial,thumbnail_grossTrial.png,1245.0,1080.0,337.0,0.0,798.0,692.0,Fixation,2500.0,84.0,625.0,467.0,"0,2312","0,4324",,
29134,46866706,1400486137993,Eye Tracker,Participant0058,17.09.2021,Participant0058,Recording4,17.09.2021,17.09.2021,14:48:45.713,12:48:45.713,64514,Timeline2,Tobii I-VT (Fixation),1.145.28180,1080,1920,"10,00",714729531.0,,,621.0,460.0,606.0,478.0,635.0,443.0,"-0,12820","0,05606","-0,99016","-0,22151","0,04032","-0,97432",,,Valid,Valid,"232,7","101,7","513,8","291,5","99,8","516,5","166,2","130,8","174,1","121,1","0,2277","0,4262","0,2161","0,4426","0,2392","0,4099",thumbnail_grossTrial,thumbnail_grossTrial.png,1245.0,1080.0,337.0,0.0,798.0,692.0,Fixation,2500.0,84.0,625.0,467.0,"0,2312","0,4324",,
29135,46875038,1400486146325,Eye Tracker,Participant0058,17.09.2021,Participant0058,Recording4,17.09.2021,17.09.2021,14:48:45.713,12:48:45.713,64514,Timeline2,Tobii I-VT (Fixation),1.145.28180,1080,1920,"10,00",714737863.0,,,640.0,443.0,,,640.0,443.0,,,,"-0,21934","0,04077","-0,97480",,"5,05",Invalid,Valid,,,,"291,5","99,8","516,4",,,"175,3","121,4","0,2428","0,4106",,,"0,2428","0,4106",thumbnail_grossTrial,thumbnail_grossTrial.png,1245.0,1080.0,337.0,0.0,798.0,692.0,Fixation,2500.0,84.0,625.0,467.0,"0,2312","0,4324",,
29136,46883367,1400486154654,Eye Tracker,Participant0058,17.09.2021,Participant0058,Recording4,17.09.2021,17.09.2021,14:48:45.713,12:48:45.713,64514,Timeline2,Tobii I-VT (Fixation),1.145.28180,1080,1920,"10,00",714746192.0,,,616.0,466.0,598.0,477.0,634.0,456.0,"-0,13279","0,05535","-0,98960","-0,22223","0,04700","-0,97386",,,Valid,Valid,"232,8","101,7","513,9","291,6","99,8","516,3","163,8","130,5","173,7","124,7","0,2237","0,4317","0,2092","0,4414","0,2382","0,4221",thumbnail_grossTrial,thumbnail_grossTrial.png,1245.0,1080.0,337.0,0.0,798.0,692.0,Fixation,2500.0,84.0,625.0,467.0,"0,2312","0,4324",,
29137,46891734,1400486163021,Eye Tracker,Participant0058,17.09.2021,Participant0058,Recording4,17.09.2021,17.09.2021,14:48:45.713,12:48:45.713,64514,Timeline2,Tobii I-VT (Fixation),1.145.28180,1080,1920,"10,00",714754558.0,,,618.0,461.0,600.0,472.0,636.0,450.0,"-0,13149","0,05290","-0,98991","-0,22106","0,04416","-0,97426",,,Valid,Valid,"232,7","101,7","513,9","291,5","99,8","516,2","164,5","129,1","174,3","123,2","0,2255","0,4269","0,2110","0,4369","0,2400","0,4169",thumbnail_grossTrial,thumbnail_grossTrial.png,1245.0,1080.0,337.0,0.0,798.0,692.0,Fixation,2500.0,84.0,625.0,467.0,"0,2312","0,4324",,
29138,46900058,1400486171345,Eye Tracker,Participant0058,17.09.2021,Participant0058,Recording4,17.09.2021,17.09.2021,14:48:45.713,12:48:45.713,64514,Timeline2,Tobii I-VT (Fixation),1.145.28180,1080,1920,"10,00",714762882.0,,,634.0,448.0,,,634.0,448.0,,,,"-0,22209","0,04296","-0,97408",,"5,21",Invalid,Valid,,,,"291,5","99,8","516,2",,,"173,8","122,6","0,2383","0,4148",,,"0,2383","0,4148",thumbnail_grossTrial,thumbnail_grossTrial.png,1245.0,1080.0,337.0,0.0,798.0,692.0,Fixation,2500.0,84.0,625.0,467.0,"0,2312","0,4324",,
29139,46908363,1400486179650,Eye Tracker,Participant0058,17.09.2021,Participant0058,Recording4,17.09.2021,17.09.2021,14:48:45.713,12:48:45.713,64514,Timeline2,Tobii I-VT (Fixation),1.145.28180,1080,1920,"10,00",714771187.0,,,624.0,461.0,607.0,472.0,640.0,449.0,"-0,12792","0,05324","-0,99036","-0,21916","0,04328","-0,97473",,,Valid,Valid,"232,8","101,7","513,9","291,5","99,9","516,1","166,4","129,3","175,5","122,8","0,2300","0,4265","0,2167","0,4375","0,2433","0,4155",thumbnail_grossTrial,thumbnail_grossTrial.png,1245.0,1080.0,337.0,0.0,798.0,692.0,Fixation,2500.0,84.0,625.0,467.0,"0,2312","0,4324",,
29140,46916694,1400486187981,Eye Tracker,Participant0058,17.09.2021,Participant0058,Recording4,17.09.2021,17.09.2021,14:48:45.713,12:48:45.713,64514,Timeline2,Tobii I-VT (Fixation),1.145.28180,1080,1920,"10,00",714779518.0,,,622.0,462.0,602.0,475.0,642.0,450.0,"-0,13058","0,05458","-0,98993","-0,21838","0,04400","-0,97487",,,Valid,Valid,"232,7","101,6","513,9","291,5","99,9","516,0","164,9","130,0","175,9","123,2","0,2284","0,4282","0,2124","0,4397","0,2444","0,4168",thumbnail_grossTrial,thumbnail_grossTrial.png,1245.0,1080.0,337.0,0.0,798.0,692.0,Fixation,2500.0,84.0,625.0,467.0,"0,2312","0,4324",,
29141,46925027,1400486196314,Eye Tracker,Participant0058,17.09.2021,Participant0058,Recording4,17.09.2021,17.09.2021,14:48:45.713,12:48:45.713,64514,Timeline2,Tobii I-VT (Fixation),1.145.28180,1080,1920,"10,00",714787850.0,,,629.0,469.0,613.0,485.0,646.0,453.0,"-0,12489","0,05982","-0,99037","-0,21637","0,04566","-0,97524","4,44","5,07",Valid,Valid,"232,7","101,6","514,0","291,5","99,9","516,0","167,9","132,6","177,0","124,0","0,2344","0,4342","0,2211","0,4488","0,2477","0,4197",thumbnail_grossTrial,thumbnail_grossTrial.png,1245.0,1080.0,337.0,0.0,798.0,692.0,Fixation,2500.0,84.0,625.0,467.0,"0,2312","0,4324",,
29142,46933388,1400486204675,Eye Tracker,Participant0058,17.09.2021,Participant0058,Recording4,17.09.2021,17.09.2021,14:48:45.713,12:48:45.713,64514,Timeline2,Tobii I-VT (Fixation),1.145.28180,1080,1920,"10,00",714796211.0,,,625.0,467.0,610.0,485.0,640.0,448.0,"-0,12624","0,05978","-0,99020","-0,21952","0,04293","-0,97466",,,Valid,Valid,"232,8","101,6","514,0","291,5","100,0","515,9","167,3","132,7","175,3","122,7","0,2310","0,4319","0,2192","0,4488","0,2428","0,4151",thumbnail_grossTrial,thumbnail_grossTrial.png,1245.0,1080.0,337.0,0.0,798.0,692.0,Fixation,2500.0,84.0,625.0,467.0,"0,2312","0,4324",,
29143,46941699,1400486212986,Eye Tracker,Participant0058,17.09.2021,Participant0058,Recording4,17.09.2021,17.09.2021,14:48:45.713,12:48:45.713,64514,Timeline2,Tobii I-VT (Fixation),1.145.28180,1080,1920,"10,00",714804522.0,,,624.0,468.0,611.0,483.0,636.0,453.0,"-0,12550","0,05889","-0,99034","-0,22103","0,04535","-0,97421",,,Valid,Valid,"232,7","101,6","514,0","291,4","100,0","515,8","167,6","132,2","174,4","124,0","0,2302","0,4333","0,2202","0,4472","0,2401","0,4194",thumbnail_grossTrial,thumbnail_grossTrial.png,1245.0,1080.0,337.0,0.0,798.0,692.0,Fixation,2500.0,84.0,625.0,467.0,"0,2312","0,4324",,
29144,46950062,1400486221349,Eye Tracker,Participant0058,17.09.2021,Participant0058,Recording4,17.09.2021,17.09.2021,14:48:45.713,12:48:45.713,64514,Timeline2,Tobii I-VT (Fixation),1.145.28180,1080,1920,"10,00",714812884.0,,,622.0,469.0,614.0,484.0,631.0,454.0,"-0,12430","0,05937","-0,99047","-0,22369","0,04602","-0,97357","4,46","5,24",Valid,Valid,"232,7","101,6","514,1","291,5","99,9","515,8","168,2","132,4","172,9","124,3","0,2289","0,4343","0,2220","0,4479","0,2358","0,4207",thumbnail_grossTrial,thumbnail_grossTrial.png,1245.0,1080.0,337.0,0.0,798.0,692.0,Fixation,2500.0,84.0,625.0,467.0,"0,2312","0,4324",,
29145,46958386,1400486229673,Eye Tracker,Participant0058,17.09.2021,Participant0058,Recording4,17.09.2021,17.09.2021,14:48:45.713,12:48:45.713,64514,Timeline2,Tobii I-VT (Fixation),1.145.28180,1080,1920,"10,00",714821208.0,,,623.0,467.0,613.0,478.0,633.0,456.0,"-0,12484","0,05630","-0,99058","-0,22293","0,04667","-0,97372",,,Valid,Valid,"232,8","101,6","514,0","291,5","100,0","515,7","168,0","130,8","173,4","124,7","0,2293","0,4323","0,2214","0,4426","0,2373","0,4220",thumbnail_grossTrial,thumbnail_grossTrial.png,1245.0,1080.0,337.0,0.0,798.0,692.0,Fixation,2500.0,84.0,625.0,467.0,"0,2312","0,4324",,
29146,46966719,1400486238006,Eye Tracker,Participant0058,17.09.2021,Participant0058,Recording4,17.09.2021,17.09.2021,14:48:45.713,12:48:45.713,64514,Timeline2,Tobii I-VT (Fixation),1.145.28180,1080,1920,"10,00",714829541.0,,,623.0,473.0,618.0,482.0,628.0,464.0,"-0,12219","0,05835","-0,99079","-0,22520","0,05111","-0,97297",,,Valid,Valid,"232,7","101,6","514,0","291,4","100,0","515,7","169,3","131,8","172,1","127,1","0,2293","0,4381","0,2252","0,4461","0,2333","0,4301",thumbnail_grossTrial,thumbnail_grossTrial.png,1245.0,1080.0,337.0,0.0,798.0,692.0,Fixation,2500.0,84.0,625.0,467.0,"0,2312","0,4324",,
29147,46975110,1400486246397,Eye Tracker,Participant0058,17.09.2021,Participant0058,Recording4,17.09.2021,17.09.2021,14:48:45.713,12:48:45.713,64514,Timeline2,Tobii I-VT (Fixation),1.145.28180,1080,1920,"10,00",714837932.0,,,624.0,475.0,618.0,483.0,630.0,468.0,"-0,12211","0,05875","-0,99078","-0,22434","0,05284","-0,97308","4,47","5,26",Valid,Valid,"232,7","101,6","514,1","291,4","100,0","515,7","169,4","132,0","172,6","128,0","0,2300","0,4400","0,2254","0,4468","0,2347","0,4332",thumbnail_grossTrial,thumbnail_grossTrial.png,1245.0,1080.0,337.0,0.0,798.0,692.0,Fixation,2500.0,84.0,625.0,467.0,"0,2312","0,4324",,
29148,46983386,1400486254673,Eye Tracker,Participant0058,17.09.2021,Participant0058,Recording4,17.09.2021,17.09.2021,14:48:45.713,12:48:45.713,64514,Timeline2,Tobii I-VT (Fixation),1.145.28180,1080,1920,"10,00",714846207.0,,,627.0,481.0,622.0,492.0,632.0,470.0,"-0,11986","0,06367","-0,99075","-0,22338","0,05378","-0,97325",,,Valid,Valid,"232,8","101,6","514,0","291,5","100,1","515,6","170,6","134,6","173,1","128,6","0,2327","0,4453","0,2290","0,4556","0,2364","0,4350",thumbnail_grossTrial,thumbnail_grossTrial.png,1245.0,1080.0,337.0,0.0,798.0,692.0,Fixation,2500.0,84.0,625.0,467.0,"0,2312","0,4324",,
29149,46991730,1400486263017,Eye Tracker,Participant0058,17.09.2021,Participant0058,Recording4,17.09.2021,17.09.2021,14:48:45.713,12:48:45.713,64514,Timeline2,Tobii I-VT (Fixation),1.145.28180,1080,1920,"10,00",714854551.0,,,634.0,467.0,616.0,488.0,651.0,446.0,"-0,12287","0,06162","-0,99051","-0,21398","0,04164","-0,97595",,,Valid,Valid,"232,7","101,6","514,0","291,4","100,1","515,6","168,9","133,6","178,4","122,1","0,2380","0,4325","0,2241","0,4519","0,2518","0,4130",thumbnail_grossTrial,thumbnail_grossTrial.png,1245.0,1080.0,337.0,0.0,798.0,692.0,Fixation,2500.0,84.0,625.0,467.0,"0,2312","0,4324",,
29150,47000032,1400486271319,Eye Tracker,Participant0058,17.09.2021,Participant0058,Recording4,17.09.2021,17.09.2021,14:48:45.713,12:48:45.713,64514,Timeline2,Tobii I-VT (Fixation),1.145.28180,1080,1920,"10,00",714862853.0,,,634.0,467.0,616.0,488.0,651.0,446.0,"-0,12287","0,06167","-0,99051","-0,21406","0,04170","-0,97593","4,48","5,19",Valid,Valid,"232,7","101,6","514,1","291,4","100,1","515,6","168,9","133,6","178,3","122,1","0,2379","0,4325","0,2241","0,4520","0,2516","0,4131",thumbnail_grossTrial,thumbnail_grossTrial.png,1245.0,1080.0,337.0,0.0,798.0,692.0,Fixation,2500.0,84.0,625.0,467.0,"0,2312","0,4324",,
29151,47008384,1400486279671,Eye Tracker,Participant0058,17.09.2021,Participant0058,Recording4,17.09.2021,17.09.2021,14:48:45.713,12:48:45.713,64514,Timeline2,Tobii I-VT (Fixation),1.145.28180,1080,1920,"10,00",714871204.0,,,632.0,464.0,614.0,485.0,650.0,444.0,"-0,12431","0,06011","-0,99042","-0,21454","0,04025","-0,97589",,,Valid,Valid,"232,8","101,6","514,0","291,5","100,1","515,5","168,3","132,8","178,1","121,4","0,2366","0,4300","0,2221","0,4494","0,2510","0,4106",thumbnail_grossTrial,thumbnail_grossTrial.png,1245.0,1080.0,337.0,0.0,798.0,692.0,Fixation,2500.0,84.0,625.0,467.0,"0,2312","0,4324",,
29152,47016716,1400486288003,Eye Tracker,Participant0058,17.09.2021,Participant0058,Recording4,17.09.2021,17.09.2021,14:48:45.713,12:48:45.713,64514,Timeline2,Tobii I-VT (Fixation),1.145.28180,1080,1920,"10,00",714879536.0,,,632.0,467.0,615.0,486.0,650.0,448.0,"-0,12379","0,06026","-0,99048","-0,21422","0,04250","-0,97586",,,Valid,Valid,"232,7","101,6","514,0","291,4","100,1","515,5","168,5","132,9","178,2","122,5","0,2370","0,4321","0,2227","0,4496","0,2513","0,4146",thumbnail_grossTrial,thumbnail_grossTrial.png,1245.0,1080.0,337.0,0.0,798.0,692.0,Fixation,2500.0,84.0,625.0,467.0,"0,2312","0,4324",,
29153,47025047,1400486296334,Eye Tracker,Participant0058,17.09.2021,Participant0058,Recording4,17.09.2021,17.09.2021,14:48:45.713,12:48:45.713,64514,Timeline2,Tobii I-VT (Fixation),1.145.28180,1080,1920,"10,00",714887867.0,,,633.0,466.0,615.0,484.0,650.0,448.0,"-0,12368","0,05916","-0,99056","-0,21431","0,04251","-0,97584","4,49","5,22",Valid,Valid,"232,7","101,6","514,0","291,4","100,1","515,6","168,5","132,3","178,2","122,5","0,2370","0,4311","0,2229","0,4477","0,2512","0,4146",thumbnail_grossTrial,thumbnail_grossTrial.png,1245.0,1080.0,337.0,0.0,798.0,692.0,Fixation,2500.0,84.0,625.0,467.0,"0,2312","0,4324",,
29154,47033413,1400486304700,Eye Tracker,Participant0058,17.09.2021,Participant0058,Recording4,17.09.2021,17.09.2021,14:48:45.713,12:48:45.713,64514,Timeline2,Tobii I-VT (Fixation),1.145.28180,1080,1920,"10,00",714896233.0,,,635.0,465.0,619.0,485.0,651.0,446.0,"-0,12147","0,05982","-0,99079","-0,21380","0,04144","-0,97600",,,Valid,Valid,"232,8","101,7","513,9","291,5","100,1","515,5","169,8","132,7","178,5","122,0","0,2393","0,4309","0,2265","0,4490","0,2522","0,4128",thumbnail_grossTrial,thumbnail_grossTrial.png,1245.0,1080.0,337.0,0.0,798.0,692.0,Fixation,2500.0,84.0,625.0,467.0,"0,2312","0,4324",,
29155,47041687,1400486312974,Eye Tracker,Participant0058,17.09.2021,Participant0058,Recording4,17.09.2021,17.09.2021,14:48:45.713,12:48:45.713,64514,Timeline2,Tobii I-VT (Fixation),1.145.28180,1080,1920,"10,00",714904506.0,,,637.0,467.0,624.0,489.0,649.0,446.0,"-0,11875","0,06191","-0,99099","-0,21469","0,04155","-0,97580",,,Valid,Valid,"232,7","101,7","513,9","291,4","100,1","515,6","171,1","133,8","178,0","122,0","0,2405","0,4328","0,2305","0,4526","0,2505","0,4129",thumbnail_grossTrial,thumbnail_grossTrial.png,1245.0,1080.0,337.0,0.0,798.0,692.0,Fixation,2500.0,84.0,625.0,467.0,"0,2312","0,4324",,
29156,47050017,1400486321304,Eye Tracker,Participant0058,17.09.2021,Participant0058,Recording4,17.09.2021,17.09.2021,14:48:45.713,12:48:45.713,64514,Timeline2,Tobii I-VT (Fixation),1.145.28180,1080,1920,"10,00",714912836.0,,,637.0,467.0,626.0,488.0,649.0,446.0,"-0,11816","0,06147","-0,99109","-0,21476","0,04155","-0,97578","4,49","5,18",Valid,Valid,"232,7","101,7","513,9","291,4","100,1","515,7","171,4","133,5","177,9","122,0","0,2409","0,4323","0,2314","0,4518","0,2504","0,4128",thumbnail_grossTrial,thumbnail_grossTrial.png,1245.0,1080.0,337.0,0.0,798.0,692.0,Fixation,2500.0,84.0,625.0,467.0,"0,2312","0,4324",,
29157,47058383,1400486329670,Eye Tracker,Participant0058,17.09.2021,Participant0058,Recording4,17.09.2021,17.09.2021,14:48:45.713,12:48:45.713,64514,Timeline2,Tobii I-VT (Fixation),1.145.28180,1080,1920,"10,00",714921202.0,,,624.0,473.0,621.0,481.0,627.0,465.0,"-0,12074","0,05753","-0,99102","-0,22577","0,05113","-0,97284",,,Valid,Valid,"232,8","101,7","513,9","291,5","100,1","515,6","170,2","131,6","171,8","127,2","0,2301","0,4377","0,2277","0,4451","0,2325","0,4303",thumbnail_grossTrial,thumbnail_grossTrial.png,1245.0,1080.0,337.0,0.0,798.0,692.0,Fixation,2500.0,84.0,625.0,467.0,"0,2312","0,4324",,
29158,47066724,1400486338011,Eye Tracker,Participant0058,17.09.2021,Participant0058,Recording4,17.09.2021,17.09.2021,14:48:45.713,12:48:45.713,64514,Timeline2,Tobii I-VT (Fixation),1.145.28180,1080,1920,"10,00",714929542.0,,,632.0,477.0,630.0,493.0,633.0,461.0,"-0,11566","0,06398","-0,99123","-0,22269","0,04923","-0,97365",,,Valid,Valid,"232,7","101,7","513,8","291,4","100,1","515,7","172,8","134,9","173,5","126,1","0,2363","0,4416","0,2353","0,4564","0,2374","0,4268",thumbnail_grossTrial,thumbnail_grossTrial.png,1245.0,1080.0,337.0,0.0,798.0,692.0,Fixation,2500.0,84.0,625.0,467.0,"0,2312","0,4324",,
29159,47075035,1400486346322,Eye Tracker,Participant0058,17.09.2021,Participant0058,Recording4,17.09.2021,17.09.2021,14:48:45.713,12:48:45.713,64514,Timeline2,Tobii I-VT (Fixation),1.145.28180,1080,1920,"10,00",714937853.0,,,638.0,478.0,634.0,493.0,641.0,463.0,"-0,11367","0,06407","-0,99145","-0,21851","0,05027","-0,97454","4,49","4,66",Valid,Valid,"232,7","101,7","513,9","291,4","100,0","515,8","173,8","134,9","175,8","126,6","0,2413","0,4425","0,2383","0,4565","0,2442","0,4285",thumbnail_grossTrial,thumbnail_grossTrial.png,1245.0,1080.0,337.0,0.0,798.0,692.0,Fixation,2500.0,84.0,625.0,467.0,"0,2312","0,4324",,
29160,47083359,1400486354646,Eye Tracker,Participant0058,17.09.2021,Participant0058,Recording4,17.09.2021,17.09.2021,14:48:45.713,12:48:45.713,64514,Timeline2,Tobii I-VT (Fixation),1.145.28180,1080,1920,"10,00",714946177.0,,,634.0,477.0,628.0,491.0,640.0,464.0,"-0,11683","0,06293","-0,99116","-0,21952","0,05073","-0,97429",,,Valid,Valid,"232,8","101,8","513,8","291,5","100,1","515,7","172,2","134,4","175,3","126,9","0,2382","0,4420","0,2337","0,4547","0,2427","0,4294",thumbnail_grossTrial,thumbnail_grossTrial.png,1245.0,1080.0,337.0,0.0,798.0,692.0,Fixation,2500.0,84.0,625.0,467.0,"0,2312","0,4324",,
29161,47091680,1400486362967,Eye Tracker,Participant0058,17.09.2021,Participant0058,Recording4,17.09.2021,17.09.2021,14:48:45.713,12:48:45.713,64514,Timeline2,Tobii I-VT (Fixation),1.145.28180,1080,1920,"10,00",714954498.0,,,634.0,483.0,633.0,495.0,635.0,470.0,"-0,11425","0,06503","-0,99132","-0,22175","0,05410","-0,97360",,,Valid,Valid,"232,7","101,7","513,8","291,4","100,0","515,8","173,5","135,4","174,0","128,7","0,2381","0,4468","0,2375","0,4583","0,2388","0,4354",thumbnail_grossTrial,thumbnail_grossTrial.png,1245.0,1080.0,337.0,0.0,798.0,692.0,Fixation,2500.0,84.0,625.0,467.0,"0,2312","0,4324",,
29162,47100042,1400486371329,Eye Tracker,Participant0058,17.09.2021,Participant0058,Recording4,17.09.2021,17.09.2021,14:48:45.713,12:48:45.713,64514,Timeline2,Tobii I-VT (Fixation),1.145.28180,1080,1920,"10,00",714962859.0,,,624.0,470.0,,,624.0,470.0,,,,"-0,22717","0,05373","-0,97237",,"5,19",Invalid,Valid,,,,"291,4","100,0","515,8",,,"170,9","128,5","0,2300","0,4348",,,"0,2300","0,4348",thumbnail_grossTrial,thumbnail_grossTrial.png,1245.0,1080.0,337.0,0.0,798.0,692.0,Fixation,2500.0,84.0,625.0,467.0,"0,2312","0,4324",,
29163,47108378,1400486379665,Eye Tracker,Participant0058,17.09.2021,Participant0058,Recording4,17.09.2021,17.09.2021,14:48:45.713,12:48:45.713,64514,Timeline2,Tobii I-VT (Fixation),1.145.28180,1080,1920,"10,00",714971195.0,,,628.0,480.0,633.0,495.0,622.0,464.0,"-0,11439","0,06497","-0,99131","-0,22810","0,05089","-0,97231",,,Valid,Valid,"232,8","101,8","513,8","291,5","100,0","515,8","173,5","135,4","170,5","127,0","0,2331","0,4440","0,2374","0,4583","0,2287","0,4298",thumbnail_grossTrial,thumbnail_grossTrial.png,1245.0,1080.0,337.0,0.0,798.0,692.0,Fixation,2500.0,84.0,625.0,467.0,"0,2312","0,4324",,
29164,47116678,1400486387965,Eye Tracker,Participant0058,17.09.2021,Participant0058,Recording4,17.09.2021,17.09.2021,14:48:45.713,12:48:45.713,64514,Timeline2,Tobii I-VT (Fixation),1.145.28180,1080,1920,"10,00",714979495.0,,,625.0,468.0,625.0,483.0,626.0,454.0,"-0,11862","0,05848","-0,99122","-0,22623","0,04556","-0,97301",,,Valid,Valid,"232,7","101,7","513,8","291,4","100,0","515,8","171,2","132,0","171,5","124,2","0,2312","0,4334","0,2308","0,4468","0,2316","0,4201",thumbnail_grossTrial,thumbnail_grossTrial.png,1245.0,1080.0,337.0,0.0,798.0,692.0,Fixation,2500.0,84.0,625.0,467.0,"0,2312","0,4324",,
29165,47125013,1400486396300,Eye Tracker,Participant0058,17.09.2021,Participant0058,Recording4,17.09.2021,17.09.2021,14:48:45.713,12:48:45.713,64514,Timeline2,Tobii I-VT (Fixation),1.145.28180,1080,1920,"10,00",714987829.0,,,629.0,471.0,625.0,484.0,633.0,458.0,"-0,11849","0,05948","-0,99117","-0,22245","0,04761","-0,97378","4,50","5,13",Valid,Valid,"232,7","101,7","513,9","291,4","100,0","515,8","171,3","132,5","173,6","125,2","0,2344","0,4360","0,2310","0,4484","0,2378","0,4237",thumbnail_grossTrial,thumbnail_grossTrial.png,1245.0,1080.0,337.0,0.0,798.0,692.0,Fixation,2500.0,84.0,625.0,467.0,"0,2312","0,4324",,
29166,47133433,1400486404720,Eye Tracker,Participant0058,17.09.2021,Participant0058,Recording4,17.09.2021,17.09.2021,14:48:45.713,12:48:45.713,64514,Timeline2,Tobii I-VT (Fixation),1.145.28180,1080,1920,"10,00",714996249.0,,,631.0,473.0,627.0,487.0,636.0,459.0,"-0,11742","0,06087","-0,99121","-0,22144","0,04850","-0,97397",,,Valid,Valid,"232,8","101,7","513,8","291,5","100,0","515,7","171,9","133,3","174,2","125,7","0,2362","0,4382","0,2328","0,4510","0,2396","0,4254",thumbnail_grossTrial,thumbnail_grossTrial.png,1245.0,1080.0,337.0,0.0,798.0,692.0,Fixation,2500.0,84.0,625.0,467.0,"0,2312","0,4324",,
29167,47141677,1400486412964,Eye Tracker,Participant0058,17.09.2021,Participant0058,Recording4,17.09.2021,17.09.2021,14:48:45.713,12:48:45.713,64514,Timeline2,Tobii I-VT (Fixation),1.145.28180,1080,1920,"10,00",715004493.0,,,629.0,479.0,625.0,491.0,633.0,467.0,"-0,11868","0,06323","-0,99092","-0,22242","0,05257","-0,97353",,,Valid,Valid,"232,7","101,7","513,8","291,4","100,0","515,7","171,2","134,5","173,6","127,9","0,2342","0,4438","0,2307","0,4550","0,2378","0,4327",thumbnail_grossTrial,thumbnail_grossTrial.png,1245.0,1080.0,337.0,0.0,798.0,692.0,Fixation,2500.0,84.0,625.0,467.0,"0,2312","0,4324",,
29168,47150042,1400486421329,Eye Tracker,Participant0058,17.09.2021,Participant0058,Recording4,17.09.2021,17.09.2021,14:48:45.713,12:48:45.713,64514,Timeline2,Tobii I-VT (Fixation),1.145.28180,1080,1920,"10,00",715012858.0,,,627.0,477.0,623.0,494.0,631.0,460.0,"-0,11950","0,06449","-0,99074","-0,22356","0,04876","-0,97347","4,50","5,20",Valid,Valid,"232,7","101,7","513,9","291,4","100,0","515,7","170,7","135,1","173,0","125,8","0,2327","0,4415","0,2294","0,4571","0,2360","0,4258",thumbnail_grossTrial,thumbnail_grossTrial.png,1245.0,1080.0,337.0,0.0,798.0,692.0,Fixation,2500.0,84.0,625.0,467.0,"0,2312","0,4324",,
29169,47158376,1400486429663,Eye Tracker,Participant0058,17.09.2021,Participant0058,Recording4,17.09.2021,17.09.2021,14:48:45.713,12:48:45.713,64514,Timeline2,Tobii I-VT (Fixation),1.145.28180,1080,1920,"10,00",715021191.0,,,628.0,475.0,624.0,492.0,632.0,458.0,"-0,11889","0,06364","-0,99087","-0,22344","0,04753","-0,97356",,,Valid,Valid,"232,8","101,7","513,9","291,5","100,1","515,6","171,1","134,7","173,1","125,2","0,2335","0,4397","0,2305","0,4557","0,2364","0,4237",thumbnail_grossTrial,thumbnail_grossTrial.png,1245.0,1080.0,337.0,0.0,798.0,692.0,Fixation,2500.0,84.0,625.0,467.0,"0,2312","0,4324",,
29170,47166683,1400486437970,Eye Tracker,Participant0058,17.09.2021,Participant0058,Recording4,17.09.2021,17.09.2021,14:48:45.713,12:48:45.713,64514,Timeline2,Tobii I-VT (Fixation),1.145.28180,1080,1920,"10,00",715029498.0,,,631.0,481.0,632.0,505.0,630.0,457.0,"-0,11471","0,07059","-0,99089","-0,22412","0,04739","-0,97341",,,Valid,Valid,"232,7","101,7","513,9","291,4","100,1","515,6","173,2","138,3","172,7","125,2","0,2360","0,4457","0,2367","0,4678","0,2352","0,4235",thumbnail_grossTrial,thumbnail_grossTrial.png,1245.0,1080.0,337.0,0.0,798.0,692.0,Fixation,2500.0,84.0,625.0,467.0,"0,2312","0,4324",,
29171,47175045,1400486446332,Eye Tracker,Participant0058,17.09.2021,Participant0058,Recording4,17.09.2021,17.09.2021,14:48:45.713,12:48:45.713,64514,Timeline2,Tobii I-VT (Fixation),1.145.28180,1080,1920,"10,00",715037860.0,,,633.0,509.0,633.0,509.0,,,"-0,11408","0,07245","-0,99083",,,,"4,51",,Valid,Invalid,"232,7","101,6","513,9",,,,"173,6","139,2",,,"0,2377","0,4710","0,2377","0,4710",,,thumbnail_grossTrial,thumbnail_grossTrial.png,1245.0,1080.0,337.0,0.0,798.0,692.0,Fixation,2500.0,84.0,625.0,467.0,"0,2312","0,4324",,
29172,47183383,1400486454670,Eye Tracker,Participant0058,17.09.2021,Participant0058,Recording4,17.09.2021,17.09.2021,14:48:45.713,12:48:45.713,64514,Timeline2,Tobii I-VT (Fixation),1.145.28180,1080,1920,"10,00",715046197.0,,,633.0,482.0,633.0,509.0,632.0,456.0,"-0,11413","0,07238","-0,99083","-0,22341","0,04643","-0,97362",,,Valid,Valid,"232,8","101,7","513,9","291,5","100,1","515,5","173,6","139,2","173,2","124,7","0,2371","0,4465","0,2377","0,4710","0,2365","0,4219",thumbnail_grossTrial,thumbnail_grossTrial.png,1245.0,1080.0,337.0,0.0,798.0,692.0,Fixation,2500.0,84.0,625.0,467.0,"0,2312","0,4324",,
29173,47191712,1400486462999,Eye Tracker,Participant0058,17.09.2021,Participant0058,Recording4,17.09.2021,17.09.2021,14:48:45.713,12:48:45.713,64514,Timeline2,Tobii I-VT (Fixation),1.145.28180,1080,1920,"10,00",715054526.0,,,627.0,467.0,618.0,487.0,635.0,448.0,"-0,12217","0,06109","-0,99063","-0,22161","0,04232","-0,97422",,,Valid,Valid,"232,7","101,6","513,9","291,4","100,1","515,5","169,3","133,3","174,2","122,5","0,2324","0,4328","0,2253","0,4511","0,2394","0,4144",thumbnail_grossTrial,thumbnail_grossTrial.png,1245.0,1080.0,337.0,0.0,798.0,692.0,Fixation,2500.0,84.0,625.0,467.0,"0,2312","0,4324",,
29174,47200006,1400486471293,Eye Tracker,Participant0058,17.09.2021,Participant0058,Recording4,17.09.2021,17.09.2021,14:48:45.713,12:48:45.713,64514,Timeline2,Tobii I-VT (Fixation),1.145.28180,1080,1920,"10,00",715062820.0,,,626.0,465.0,619.0,486.0,634.0,444.0,"-0,12170","0,06053","-0,99072","-0,22258","0,04074","-0,97406","4,51","5,20",Valid,Valid,"232,7","101,6","514,0","291,4","100,1","515,6","169,6","133,0","173,6","121,6","0,2319","0,4308","0,2260","0,4501","0,2379","0,4115",thumbnail_grossTrial,thumbnail_grossTrial.png,1245.0,1080.0,337.0,0.0,798.0,692.0,Fixation,2500.0,84.0,625.0,467.0,"0,2312","0,4324",,
29175,47208382,1400486479669,Eye Tracker,Participant0058,17.09.2021,Participant0058,Recording4,17.09.2021,17.09.2021,14:48:45.713,12:48:45.713,64514,Timeline2,Tobii I-VT (Fixation),1.145.28180,1080,1920,"10,00",715071196.0,,,628.0,468.0,622.0,490.0,633.0,446.0,"-0,12000","0,06231","-0,99082","-0,22291","0,04120","-0,97397",,,Valid,Valid,"232,8","101,7","513,9","291,5","100,1","515,5","170,5","134,0","173,5","121,9","0,2331","0,4329","0,2288","0,4533","0,2374","0,4125",thumbnail_grossTrial,thumbnail_grossTrial.png,1245.0,1080.0,337.0,0.0,798.0,692.0,Fixation,2500.0,84.0,625.0,467.0,"0,2312","0,4324",,
29176,47216680,1400486487967,Eye Tracker,Participant0058,17.09.2021,Participant0058,Recording4,17.09.2021,17.09.2021,14:48:45.713,12:48:45.713,64514,Timeline2,Tobii I-VT (Fixation),1.145.28180,1080,1920,"10,00",715079493.0,,,628.0,472.0,624.0,491.0,632.0,453.0,"-0,11890","0,06318","-0,99089","-0,22348","0,04511","-0,97366",,,Valid,Valid,"232,7","101,6","514,0","291,4","100,1","515,6","171,0","134,4","173,1","124,0","0,2333","0,4371","0,2303","0,4547","0,2363","0,4195",thumbnail_grossTrial,thumbnail_grossTrial.png,1245.0,1080.0,337.0,0.0,798.0,692.0,Fixation,2500.0,84.0,625.0,467.0,"0,2312","0,4324",,
29177,47225040,1400486496327,Eye Tracker,Participant0058,17.09.2021,Participant0058,Recording4,17.09.2021,17.09.2021,14:48:45.713,12:48:45.713,64514,Timeline2,Tobii I-VT (Fixation),1.145.28180,1080,1920,"10,00",715087853.0,,,632.0,474.0,625.0,490.0,640.0,459.0,"-0,11867","0,06250","-0,99096","-0,21951","0,04818","-0,97442","4,52","5,20",Valid,Valid,"232,7","101,6","514,1","291,4","100,1","515,6","171,2","134,0","175,3","125,5","0,2367","0,4391","0,2306","0,4534","0,2427","0,4248",thumbnail_grossTrial,thumbnail_grossTrial.png,1245.0,1080.0,337.0,0.0,798.0,692.0,Fixation,2500.0,84.0,625.0,467.0,"0,2312","0,4324",,
29178,47233376,1400486504663,Eye Tracker,Participant0058,17.09.2021,Participant0058,Recording4,17.09.2021,17.09.2021,14:48:45.713,12:48:45.713,64514,Timeline2,Tobii I-VT (Fixation),1.145.28180,1080,1920,"10,00",715096189.0,,,633.0,478.0,627.0,492.0,639.0,464.0,"-0,11754","0,06361","-0,99103","-0,21974","0,05090","-0,97423",,,Valid,Valid,"232,8","101,6","514,0","291,5","100,1","515,6","171,8","134,6","175,2","127,0","0,2375","0,4426","0,2325","0,4555","0,2424","0,4297",thumbnail_grossTrial,thumbnail_grossTrial.png,1245.0,1080.0,337.0,0.0,798.0,692.0,Fixation,2500.0,84.0,625.0,467.0,"0,2312","0,4324",,
29179,47241670,1400486512957,Eye Tracker,Participant0058,17.09.2021,Participant0058,Recording4,17.09.2021,17.09.2021,14:48:45.713,12:48:45.713,64514,Timeline2,Tobii I-VT (Fixation),1.145.28180,1080,1920,"10,00",715104482.0,,,633.0,478.0,629.0,491.0,637.0,464.0,"-0,11605","0,06343","-0,99122","-0,22077","0,05078","-0,97400",,,Valid,Valid,"232,7","101,6","514,1","291,4","100,0","515,7","172,5","134,5","174,5","126,9","0,2376","0,4422","0,2346","0,4550","0,2406","0,4294",thumbnail_grossTrial,thumbnail_grossTrial.png,1245.0,1080.0,337.0,0.0,798.0,692.0,Fixation,2500.0,84.0,625.0,467.0,"0,2312","0,4324",,
29180,47250088,1400486521375,Eye Tracker,Participant0058,17.09.2021,Participant0058,Recording4,17.09.2021,17.09.2021,14:48:45.713,12:48:45.713,64514,Timeline2,Tobii I-VT (Fixation),1.145.28180,1080,1920,"10,00",715112900.0,,,632.0,479.0,629.0,492.0,635.0,466.0,"-0,11652","0,06378","-0,99114","-0,22140","0,05194","-0,97380","4,51","5,23",Valid,Valid,"232,7","101,5","514,1","291,5","99,9","515,9","172,3","134,6","174,2","127,5","0,2367","0,4434","0,2339","0,4555","0,2394","0,4313",thumbnail_grossTrial,thumbnail_grossTrial.png,1245.0,1080.0,337.0,0.0,798.0,692.0,Fixation,2500.0,84.0,625.0,467.0,"0,2312","0,4324",,
29181,47258335,1400486529622,Eye Tracker,Participant0058,17.09.2021,Participant0058,Recording4,17.09.2021,17.09.2021,14:48:45.713,12:48:45.713,64514,Timeline2,Tobii I-VT (Fixation),1.145.28180,1080,1920,"10,00",715121147.0,,,636.0,470.0,624.0,494.0,649.0,446.0,"-0,11919","0,06457","-0,99077","-0,21502","0,04185","-0,97571",,,Valid,Valid,"232,8","101,6","514,1","291,5","99,9","515,9","170,9","135,1","177,8","122,1","0,2401","0,4350","0,2299","0,4570","0,2502","0,4130",thumbnail_grossTrial,thumbnail_grossTrial.png,1245.0,1080.0,337.0,0.0,798.0,692.0,Fixation,2500.0,84.0,625.0,467.0,"0,2312","0,4324",,
29182,47266667,1400486537954,Eye Tracker,Participant0058,17.09.2021,Participant0058,Recording4,17.09.2021,17.09.2021,14:48:45.713,12:48:45.713,64514,Timeline2,Tobii I-VT (Fixation),1.145.28180,1080,1920,"10,00",715129479.0,,,628.0,477.0,618.0,488.0,639.0,467.0,"-0,12196","0,06159","-0,99062","-0,21984","0,05275","-0,97411",,,Valid,Valid,"232,7","101,5","514,1","291,5","99,9","516,1","169,4","133,5","175,0","127,8","0,2337","0,4421","0,2255","0,4517","0,2419","0,4324",thumbnail_grossTrial,thumbnail_grossTrial.png,1245.0,1080.0,337.0,0.0,798.0,692.0,Fixation,2500.0,84.0,625.0,467.0,"0,2312","0,4324",,
29183,47275028,1400486546315,Eye Tracker,Participant0058,17.09.2021,Participant0058,Recording4,17.09.2021,17.09.2021,14:48:45.713,12:48:45.713,64514,Timeline2,Tobii I-VT (Fixation),1.145.28180,1080,1920,"10,00",715137839.0,,,635.0,471.0,619.0,490.0,651.0,452.0,"-0,12146","0,06272","-0,99061","-0,21370","0,04505","-0,97586","4,50","6,24",Valid,Valid,"232,7","101,5","514,2","291,5","99,8","516,2","169,7","134,1","178,5","123,6","0,2391","0,4359","0,2262","0,4536","0,2520","0,4183",thumbnail_grossTrial,thumbnail_grossTrial.png,1245.0,1080.0,337.0,0.0,798.0,692.0,Fixation,2500.0,84.0,625.0,467.0,"0,2312","0,4324",,
29184,47283427,1400486554714,Eye Tracker,Participant0058,17.09.2021,Participant0058,Recording4,17.09.2021,17.09.2021,14:48:45.713,12:48:45.713,64514,Timeline2,Tobii I-VT (Fixation),1.145.28180,1080,1920,"10,00",715146238.0,,,633.0,469.0,619.0,487.0,646.0,451.0,"-0,12147","0,06098","-0,99072","-0,21644","0,04489","-0,97526",,,Valid,Valid,"232,8","101,5","514,2","291,6","99,8","516,3","169,7","133,2","177,0","123,5","0,2371","0,4343","0,2265","0,4506","0,2477","0,4180",thumbnail_grossTrial,thumbnail_grossTrial.png,1245.0,1080.0,337.0,0.0,798.0,692.0,Fixation,2500.0,84.0,625.0,467.0,"0,2312","0,4324",,
29185,47291719,1400486563006,Eye Tracker,Participant0058,17.09.2021,Participant0058,Recording4,17.09.2021,17.09.2021,14:48:45.713,12:48:45.713,64514,Timeline2,Tobii I-VT (Fixation),1.145.28180,1080,1920,"10,00",715154530.0,,,635.0,466.0,623.0,488.0,647.0,444.0,"-0,11950","0,06195","-0,99090","-0,21567","0,04137","-0,97559",,,Valid,Valid,"232,7","101,5","514,2","291,5","99,7","516,4","170,7","133,6","177,4","121,6","0,2390","0,4318","0,2293","0,4521","0,2488","0,4115",thumbnail_grossTrial,thumbnail_grossTrial.png,1245.0,1080.0,337.0,0.0,798.0,692.0,Fixation,2500.0,84.0,625.0,467.0,"0,2312","0,4324",,
29186,47299999,1400486571286,Eye Tracker,Participant0058,17.09.2021,Participant0058,Recording4,17.09.2021,17.09.2021,14:48:45.713,12:48:45.713,64514,Timeline2,Tobii I-VT (Fixation),1.145.28180,1080,1920,"10,00",715162809.0,,,652.0,446.0,,,652.0,446.0,,,,"-0,21310","0,04225","-0,97612",,"5,10",Invalid,Valid,,,,"291,5","99,6","516,5",,,"178,8","122,0","0,2530","0,4128",,,"0,2530","0,4128",thumbnail_grossTrial,thumbnail_grossTrial.png,1245.0,1080.0,337.0,0.0,798.0,692.0,Fixation,2500.0,84.0,625.0,467.0,"0,2312","0,4324",,
29187,47308409,1400486579696,Eye Tracker,Participant0058,17.09.2021,Participant0058,Recording4,17.09.2021,17.09.2021,14:48:45.713,12:48:45.713,64514,Timeline2,Tobii I-VT (Fixation),1.145.28180,1080,1920,"10,00",715171219.0,,,637.0,470.0,624.0,490.0,650.0,449.0,"-0,11910","0,06294","-0,99089","-0,21416","0,04401","-0,97581",,,Valid,Valid,"232,8","101,5","514,2","291,6","99,6","516,5","171,0","134,2","178,2","122,9","0,2407","0,4349","0,2301","0,4539","0,2514","0,4159",thumbnail_grossTrial,thumbnail_grossTrial.png,1245.0,1080.0,337.0,0.0,798.0,692.0,Fixation,2500.0,84.0,625.0,467.0,"0,2312","0,4324",,
29188,47316744,1400486588031,Eye Tracker,Participant0058,17.09.2021,Participant0058,Recording4,17.09.2021,17.09.2021,14:48:45.713,12:48:45.713,64514,Timeline2,Tobii I-VT (Fixation),1.145.28180,1080,1920,"10,00",715179554.0,,,636.0,472.0,623.0,493.0,650.0,451.0,"-0,11970","0,06435","-0,99072","-0,21415","0,04481","-0,97577",,,Valid,Valid,"232,7","101,5","514,2","291,5","99,6","516,6","170,6","134,9","178,2","123,4","0,2401","0,4369","0,2290","0,4563","0,2512","0,4174",thumbnail_grossTrial,thumbnail_grossTrial.png,1245.0,1080.0,337.0,0.0,798.0,692.0,Fixation,2500.0,84.0,625.0,467.0,"0,2312","0,4324",,
29189,47325039,1400486596326,Eye Tracker,Participant0058,17.09.2021,Participant0058,Recording4,17.09.2021,17.09.2021,14:48:45.713,12:48:45.713,64514,Timeline2,Tobii I-VT (Fixation),1.145.28180,1080,1920,"10,00",715187849.0,,,650.0,450.0,,,650.0,450.0,,,,"-0,21440","0,04435","-0,97574",,"5,31",Invalid,Valid,,,,"291,5","99,6","516,6",,,"178,0","123,1","0,2508","0,4165",,,"0,2508","0,4165",thumbnail_grossTrial,thumbnail_grossTrial.png,1245.0,1080.0,337.0,0.0,798.0,692.0,Fixation,2500.0,84.0,625.0,467.0,"0,2312","0,4324",,
29190,47333339,1400486604626,Eye Tracker,Participant0058,17.09.2021,Participant0058,Recording4,17.09.2021,17.09.2021,14:48:45.713,12:48:45.713,64514,Timeline2,Tobii I-VT (Fixation),1.145.28180,1080,1920,"10,00",715196148.0,,,638.0,469.0,617.0,479.0,659.0,458.0,"-0,12283","0,05704","-0,99079","-0,20989","0,04875","-0,97651",,,Valid,Valid,"232,8","101,5","514,1","291,6","99,6","516,5","169,1","131,1","180,6","125,4","0,2413","0,4340","0,2245","0,4436","0,2582","0,4243",thumbnail_grossTrial,thumbnail_grossTrial.png,1245.0,1080.0,337.0,0.0,798.0,692.0,Fixation,2500.0,84.0,625.0,467.0,"0,2312","0,4324",,
29191,47341701,1400486612988,Eye Tracker,Participant0058,17.09.2021,Participant0058,Recording4,17.09.2021,17.09.2021,14:48:45.713,12:48:45.713,64514,Timeline2,Tobii I-VT (Fixation),1.145.28180,1080,1920,"10,00",715204510.0,,,636.0,460.0,611.0,472.0,661.0,448.0,"-0,12587","0,05338","-0,99061","-0,20876","0,04366","-0,97699",,,Valid,Valid,"232,7","101,5","514,1","291,5","99,7","516,5","167,4","129,2","181,2","122,7","0,2398","0,4262","0,2196","0,4371","0,2599","0,4153",thumbnail_grossTrial,thumbnail_grossTrial.png,1245.0,1080.0,337.0,0.0,798.0,692.0,Fixation,2500.0,84.0,625.0,467.0,"0,2312","0,4324",,
29192,47350000,1400486621287,Eye Tracker,Participant0058,17.09.2021,Participant0058,Recording4,17.09.2021,17.09.2021,14:48:45.713,12:48:45.713,64514,Timeline2,Tobii I-VT (Fixation),1.145.28180,1080,1920,"10,00",715212809.0,,,661.0,450.0,,,661.0,450.0,,,,"-0,20866","0,04469","-0,97697",,"5,12",Invalid,Valid,,,,"291,5","99,6","516,5",,,"181,2","123,3","0,2600","0,4171",,,"0,2600","0,4171",thumbnail_grossTrial,thumbnail_grossTrial.png,1245.0,1080.0,337.0,0.0,798.0,692.0,Fixation,2500.0,84.0,625.0,467.0,"0,2312","0,4324",,
29193,47358373,1400486629660,Eye Tracker,Participant0058,17.09.2021,Participant0058,Recording4,17.09.2021,17.09.2021,14:48:45.713,12:48:45.713,64514,Timeline2,Tobii I-VT (Fixation),1.145.28180,1080,1920,"10,00",715221181.0,,,630.0,460.0,599.0,467.0,661.0,452.0,"-0,13221","0,05085","-0,98992","-0,20900","0,04517","-0,97687",,,Valid,Valid,"232,8","101,5","514,1","291,6","99,7","516,4","164,1","127,9","181,1","123,6","0,2348","0,4255","0,2100","0,4329","0,2597","0,4181",thumbnail_grossTrial,thumbnail_grossTrial.png,1245.0,1080.0,337.0,0.0,798.0,692.0,Fixation,2500.0,84.0,625.0,467.0,"0,2312","0,4324",,
29194,47366695,1400486637982,Eye Tracker,Participant0058,17.09.2021,Participant0058,Recording4,17.09.2021,17.09.2021,14:48:45.713,12:48:45.713,64514,Timeline2,Tobii I-VT (Fixation),1.145.28180,1080,1920,"10,00",715229503.0,,,629.0,463.0,601.0,465.0,657.0,461.0,"-0,13118","0,04942","-0,99013","-0,21071","0,04998","-0,97627",,,Valid,Valid,"232,7","101,5","514,1","291,5","99,7","516,4","164,6","127,2","180,0","126,1","0,2340","0,4285","0,2114","0,4303","0,2566","0,4268",thumbnail_grossTrial,thumbnail_grossTrial.png,1245.0,1080.0,337.0,0.0,798.0,692.0,Fixation,2500.0,84.0,625.0,467.0,"0,2312","0,4324",,
29195,47374993,1400486646280,Eye Tracker,Participant0058,17.09.2021,Participant0058,Recording4,17.09.2021,17.09.2021,14:48:45.713,12:48:45.713,64514,Timeline2,Tobii I-VT (Fixation),1.145.28180,1080,1920,"10,00",715237801.0,,,636.0,470.0,614.0,479.0,658.0,461.0,"-0,12398","0,05687","-0,99065","-0,21031","0,04992","-0,97636","4,50","5,08",Valid,Valid,"232,7","101,5","514,1","291,5","99,7","516,4","168,4","131,0","180,2","126,1","0,2398","0,4350","0,2225","0,4433","0,2572","0,4266",thumbnail_grossTrial,thumbnail_grossTrial.png,1245.0,1080.0,337.0,0.0,798.0,692.0,Fixation,2500.0,84.0,625.0,467.0,"0,2312","0,4324",,
29196,47383330,1400486654617,Eye Tracker,Participant0058,17.09.2021,Participant0058,Recording4,17.09.2021,17.09.2021,14:48:45.713,12:48:45.713,64514,Timeline2,Tobii I-VT (Fixation),1.145.28180,1080,1920,"10,00",715246138.0,,,638.0,466.0,616.0,481.0,660.0,450.0,"-0,12336","0,05804","-0,99066","-0,20947","0,04417","-0,97682",,,Valid,Valid,"232,8","101,6","514,0","291,5","99,8","516,3","168,8","131,7","180,8","123,1","0,2412","0,4310","0,2236","0,4455","0,2589","0,4165",thumbnail_grossTrial,thumbnail_grossTrial.png,1245.0,1080.0,337.0,0.0,798.0,692.0,Fixation,2500.0,84.0,625.0,467.0,"0,2312","0,4324",,
29197,47391701,1400486662988,Eye Tracker,Participant0058,17.09.2021,Participant0058,Recording4,17.09.2021,17.09.2021,14:48:45.713,12:48:45.713,64514,Timeline2,Tobii I-VT (Fixation),1.145.28180,1080,1920,"10,00",715254508.0,,,641.0,470.0,621.0,487.0,660.0,453.0,"-0,12051","0,06142","-0,99081","-0,20928","0,04594","-0,97678",,,Valid,Valid,"232,7","101,5","514,0","291,5","99,7","516,3","170,2","133,4","180,9","124,0","0,2435","0,4355","0,2279","0,4513","0,2591","0,4196",thumbnail_grossTrial,thumbnail_grossTrial.png,1245.0,1080.0,337.0,0.0,798.0,692.0,Fixation,2500.0,84.0,625.0,467.0,"0,2312","0,4324",,
29198,47400023,1400486671310,Eye Tracker,Participant0058,17.09.2021,Participant0058,Recording4,17.09.2021,17.09.2021,14:48:45.713,12:48:45.713,64514,Timeline2,Tobii I-VT (Fixation),1.145.28180,1080,1920,"10,00",715262830.0,,,653.0,464.0,636.0,473.0,670.0,455.0,"-0,11293","0,05401","-0,99213","-0,20442","0,04709","-0,97775","4,54","5,29",Valid,Valid,"232,9","101,4","514,0","291,6","99,6","516,3","174,4","129,4","183,7","124,5","0,2537","0,4295","0,2401","0,4379","0,2673","0,4212",thumbnail_grossTrial,thumbnail_grossTrial.png,1245.0,1080.0,337.0,0.0,798.0,692.0,Fixation,2500.0,84.0,625.0,467.0,"0,2312","0,4324",,
29199,47408363,1400486679650,Eye Tracker,Participant0058,17.09.2021,Participant0058,Recording4,17.09.2021,17.09.2021,14:48:45.713,12:48:45.713,64514,Timeline2,Tobii I-VT (Fixation),1.145.28180,1080,1920,"10,00",715271170.0,,,,,,,,,,,,,,,,,Invalid,Invalid,,,,,,,,,,,,,,,,,thumbnail_grossTrial,thumbnail_grossTrial.png,1245.0,1080.0,337.0,0.0,798.0,692.0,EyesNotFound,8.0,373.0,,,,,,
29200,47416698,1400486687985,Eye Tracker,Participant0058,17.09.2021,Participant0058,Recording4,17.09.2021,17.09.2021,14:48:45.713,12:48:45.713,64514,Timeline2,Tobii I-VT (Fixation),1.145.28180,1080,1920,"10,00",715279504.0,,,660.0,447.0,668.0,443.0,652.0,452.0,"-0,09708","0,03863","-0,99453","-0,21394","0,04564","-0,97578",,,Valid,Valid,"233,4","101,2","514,0","292,0","99,4","516,3","183,2","121,2","178,8","123,6","0,2594","0,4141","0,2659","0,4100","0,2530","0,4182",thumbnail_grossTrial,thumbnail_grossTrial.png,1245.0,1080.0,337.0,0.0,798.0,692.0,Unclassified,8.0,410.0,,,,,,
29201,47425048,1400486696335,Eye Tracker,Participant0058,17.09.2021,Participant0058,Recording4,17.09.2021,17.09.2021,14:48:45.713,12:48:45.713,64514,Timeline2,Tobii I-VT (Fixation),1.145.28180,1080,1920,"10,00",715287854.0,,,,,,,,,,,,,,,,,Invalid,Invalid,,,,,,,,,,,,,,,,,thumbnail_grossTrial,thumbnail_grossTrial.png,1245.0,1080.0,337.0,0.0,798.0,692.0,EyesNotFound,8.0,374.0,,,,,,
29202,47433324,1400486704611,Eye Tracker,Participant0058,17.09.2021,Participant0058,Recording4,17.09.2021,17.09.2021,14:48:45.713,12:48:45.713,64514,Timeline2,Tobii I-VT (Fixation),1.145.28180,1080,1920,"10,00",715296130.0,,,870.0,297.0,847.0,294.0,892.0,301.0,"-0,00294","-0,04021","-0,99919","-0,09210","-0,03280","-0,99521",,,Valid,Valid,"233,7","101,1","514,2","292,2","99,3","516,4","232,2","80,4","244,4","82,3","0,4274","0,2752","0,4094","0,2719","0,4453","0,2784",thumbnail_grossTrial,thumbnail_grossTrial.png,1245.0,1080.0,337.0,0.0,798.0,692.0,Unclassified,17.0,411.0,,,,,,
29203,47441654,1400486712941,Eye Tracker,Participant0058,17.09.2021,Participant0058,Recording4,17.09.2021,17.09.2021,14:48:45.713,12:48:45.713,64514,Timeline2,Tobii I-VT (Fixation),1.145.28180,1080,1920,"10,00",715304460.0,,,909.0,268.0,894.0,271.0,923.0,266.0,"0,02217","-0,05217","-0,99839","-0,07581","-0,05130","-0,99580",,,Valid,Valid,"233,7","101,0","514,4","292,2","99,3","516,5","245,1","74,1","252,9","72,7","0,4587","0,2483","0,4473","0,2507","0,4701","0,2459",thumbnail_grossTrial,thumbnail_grossTrial.png,1245.0,1080.0,337.0,0.0,798.0,692.0,Unclassified,17.0,411.0,,,,,,
29204,47450015,1400486721302,Eye Tracker,Participant0058,17.09.2021,Participant0058,Recording4,17.09.2021,17.09.2021,14:48:45.713,12:48:45.713,64514,Timeline2,Tobii I-VT (Fixation),1.145.28180,1080,1920,"10,00",715312820.0,,,,,,,,,,,,,,,,,Invalid,Invalid,,,,,,,,,,,,,,,,,thumbnail_grossTrial,thumbnail_grossTrial.png,1245.0,1080.0,337.0,0.0,798.0,692.0,EyesNotFound,8.0,375.0,,,,,,
29205,47458374,1400486729661,Eye Tracker,Participant0058,17.09.2021,Participant0058,Recording4,17.09.2021,17.09.2021,14:48:45.713,12:48:45.713,64514,Timeline2,Tobii I-VT (Fixation),1.145.28180,1080,1920,"10,00",715321179.0,,,917.0,264.0,901.0,274.0,932.0,254.0,"0,02572","-0,05041","-0,99840","-0,07114","-0,05722","-0,99582",,,Valid,Valid,"233,7","100,9","514,5","292,3","99,3","516,5","247,0","75,0","255,4","69,6","0,4651","0,2445","0,4528","0,2536","0,4774","0,2355",thumbnail_grossTrial,thumbnail_grossTrial.png,1245.0,1080.0,337.0,0.0,798.0,692.0,Unclassified,17.0,412.0,,,,,,
29206,47466691,1400486737978,Eye Tracker,Participant0058,17.09.2021,Participant0058,Recording4,17.09.2021,17.09.2021,14:48:45.713,12:48:45.713,64514,Timeline2,Tobii I-VT (Fixation),1.145.28180,1080,1920,"10,00",715329496.0,,,924.0,265.0,905.0,280.0,943.0,250.0,"0,02764","-0,04684","-0,99852","-0,06493","-0,05944","-0,99612",,,Valid,Valid,"233,7","100,9","514,6","292,2","99,3","516,6","247,9","76,8","258,6","68,4","0,4711","0,2456","0,4555","0,2597","0,4867","0,2316",thumbnail_grossTrial,thumbnail_grossTrial.png,1245.0,1080.0,337.0,0.0,798.0,692.0,Unclassified,17.0,412.0,,,,,,
29207,47475023,1400486746310,Eye Tracker,Participant0058,17.09.2021,Participant0058,Recording4,17.09.2021,17.09.2021,14:48:45.713,12:48:45.713,64514,Timeline2,Tobii I-VT (Fixation),1.145.28180,1080,1920,"10,00",715337827.0,,,,,,,,,,,,,,,,,Invalid,Invalid,,,,,,,,,,,,,,,,,thumbnail_grossTrial,thumbnail_grossTrial.png,1245.0,1080.0,337.0,0.0,798.0,692.0,EyesNotFound,8.0,376.0,,,,,,
29208,47483355,1400486754642,Eye Tracker,Participant0058,17.09.2021,Participant0058,Recording4,17.09.2021,17.09.2021,14:48:45.713,12:48:45.713,64514,Timeline2,Tobii I-VT (Fixation),1.145.28180,1080,1920,"10,00",715346159.0,,,932.0,264.0,911.0,276.0,952.0,251.0,"0,03120","-0,04927","-0,99830","-0,06072","-0,05875","-0,99642",,,Valid,Valid,"233,7","100,9","514,6","292,3","99,2","516,5","249,8","75,5","260,8","68,8","0,4772","0,2441","0,4610","0,2554","0,4934","0,2327",thumbnail_grossTrial,thumbnail_grossTrial.png,1245.0,1080.0,337.0,0.0,798.0,692.0,Unclassified,17.0,413.0,,,,,,
29209,47491699,1400486762986,Eye Tracker,Participant0058,17.09.2021,Participant0058,Recording4,17.09.2021,17.09.2021,14:48:45.713,12:48:45.713,64514,Timeline2,Tobii I-VT (Fixation),1.145.28180,1080,1920,"10,00",715354503.0,,,931.0,268.0,912.0,276.0,951.0,260.0,"0,03142","-0,04926","-0,99829","-0,06116","-0,05404","-0,99666",,,Valid,Valid,"233,7","100,8","514,6","292,3","99,2","516,6","249,9","75,5","260,6","71,2","0,4769","0,2481","0,4612","0,2553","0,4926","0,2410",thumbnail_grossTrial,thumbnail_grossTrial.png,1245.0,1080.0,337.0,0.0,798.0,692.0,Unclassified,17.0,413.0,,,,,,
29210,47499980,1400486771267,Eye Tracker,Participant0058,17.09.2021,Participant0058,Recording4,17.09.2021,17.09.2021,14:48:45.713,12:48:45.713,64514,Timeline2,Tobii I-VT (Fixation),1.145.28180,1080,1920,"10,00",715362784.0,,,,,,,,,,,,,,,,,Invalid,Invalid,,,,,,,,,,,,,,,,,thumbnail_grossTrial,thumbnail_grossTrial.png,1245.0,1080.0,337.0,0.0,798.0,692.0,EyesNotFound,8.0,377.0,,,,,,
29211,47508317,1400486779604,Eye Tracker,Participant0058,17.09.2021,Participant0058,Recording4,17.09.2021,17.09.2021,14:48:45.713,12:48:45.713,64514,Timeline2,Tobii I-VT (Fixation),1.145.28180,1080,1920,"10,00",715371120.0,,,933.0,270.0,916.0,276.0,950.0,264.0,"0,03349","-0,04885","-0,99824","-0,06149","-0,05212","-0,99675",,,Valid,Valid,"233,7","100,8","514,6","292,4","99,2","516,5","251,0","75,7","260,5","72,2","0,4784","0,2501","0,4645","0,2560","0,4924","0,2443",thumbnail_grossTrial,thumbnail_grossTrial.png,1245.0,1080.0,337.0,0.0,798.0,692.0,Fixation,83.0,85.0,931.0,282.0,"0,4764","0,2609",,
29212,47516698,1400486787985,Eye Tracker,Participant0058,17.09.2021,Participant0058,Recording4,17.09.2021,17.09.2021,14:48:45.713,12:48:45.713,64514,Timeline2,Tobii I-VT (Fixation),1.145.28180,1080,1920,"10,00",715379501.0,,,930.0,267.0,914.0,272.0,946.0,262.0,"0,03270","-0,05141","-0,99814","-0,06357","-0,05301","-0,99657",,,Valid,Valid,"233,7","100,8","514,7","292,3","99,2","516,6","250,5","74,3","259,4","71,7","0,4761","0,2470","0,4631","0,2514","0,4890","0,2427",thumbnail_grossTrial,thumbnail_grossTrial.png,1245.0,1080.0,337.0,0.0,798.0,692.0,Fixation,83.0,85.0,931.0,282.0,"0,4764","0,2609",,
29213,47524978,1400486796265,Eye Tracker,Participant0058,17.09.2021,Participant0058,Recording4,17.09.2021,17.09.2021,14:48:45.713,12:48:45.713,64514,Timeline2,Tobii I-VT (Fixation),1.145.28180,1080,1920,"10,00",715387781.0,,,942.0,292.0,,,942.0,292.0,,,,"-0,06564","-0,03679","-0,99717",,"4,63",Invalid,Valid,,,,"292,3","99,0","516,5",,,"258,3","80,0","0,4859","0,2705",,,"0,4859","0,2705",thumbnail_grossTrial,thumbnail_grossTrial.png,1245.0,1080.0,337.0,0.0,798.0,692.0,Fixation,83.0,85.0,931.0,282.0,"0,4764","0,2609",,
29214,47533365,1400486804652,Eye Tracker,Participant0058,17.09.2021,Participant0058,Recording4,17.09.2021,17.09.2021,14:48:45.713,12:48:45.713,64514,Timeline2,Tobii I-VT (Fixation),1.145.28180,1080,1920,"10,00",715396167.0,,,923.0,282.0,907.0,276.0,940.0,288.0,"0,02869","-0,04879","-0,99840","-0,06734","-0,03923","-0,99696",,,Valid,Valid,"233,7","100,8","514,7","292,4","99,2","516,5","248,5","75,6","257,5","78,9","0,4704","0,2614","0,4573","0,2559","0,4836","0,2669",thumbnail_grossTrial,thumbnail_grossTrial.png,1245.0,1080.0,337.0,0.0,798.0,692.0,Fixation,83.0,85.0,931.0,282.0,"0,4764","0,2609",,
29215,47541752,1400486813039,Eye Tracker,Participant0058,17.09.2021,Participant0058,Recording4,17.09.2021,17.09.2021,14:48:45.713,12:48:45.713,64514,Timeline2,Tobii I-VT (Fixation),1.145.28180,1080,1920,"10,00",715404554.0,,,929.0,276.0,907.0,282.0,951.0,271.0,"0,02881","-0,04588","-0,99853","-0,06100","-0,04846","-0,99696",,,Valid,Valid,"233,7","100,8","514,7","292,3","99,2","516,5","248,5","77,1","260,7","74,1","0,4751","0,2558","0,4572","0,2610","0,4930","0,2507",thumbnail_grossTrial,thumbnail_grossTrial.png,1245.0,1080.0,337.0,0.0,798.0,692.0,Fixation,83.0,85.0,931.0,282.0,"0,4764","0,2609",,
29216,47550014,1400486821301,Eye Tracker,Participant0058,17.09.2021,Participant0058,Recording4,17.09.2021,17.09.2021,14:48:45.713,12:48:45.713,64514,Timeline2,Tobii I-VT (Fixation),1.145.28180,1080,1920,"10,00",715412816.0,,,950.0,272.0,,,950.0,272.0,,,,"-0,06162","-0,04766","-0,99696",,"4,61",Invalid,Valid,,,,"292,3","99,0","516,5",,,"260,4","74,3","0,4920","0,2514",,,"0,4920","0,2514",thumbnail_grossTrial,thumbnail_grossTrial.png,1245.0,1080.0,337.0,0.0,798.0,692.0,Fixation,83.0,85.0,931.0,282.0,"0,4764","0,2609",,
29217,47558390,1400486829677,Eye Tracker,Participant0058,17.09.2021,Participant0058,Recording4,17.09.2021,17.09.2021,14:48:45.713,12:48:45.713,64514,Timeline2,Tobii I-VT (Fixation),1.145.28180,1080,1920,"10,00",715421192.0,,,931.0,278.0,910.0,284.0,951.0,272.0,"0,03067","-0,04487","-0,99852","-0,06141","-0,04781","-0,99697",,,Valid,Valid,"233,7","100,8","514,7","292,4","99,2","516,4","249,5","77,6","260,6","74,5","0,4764","0,2573","0,4602","0,2627","0,4926","0,2519",thumbnail_grossTrial,thumbnail_grossTrial.png,1245.0,1080.0,337.0,0.0,798.0,692.0,Fixation,83.0,85.0,931.0,282.0,"0,4764","0,2609",,
29218,47566732,1400486838019,Eye Tracker,Participant0058,17.09.2021,Participant0058,Recording4,17.09.2021,17.09.2021,14:48:45.713,12:48:45.713,64514,Timeline2,Tobii I-VT (Fixation),1.145.28180,1080,1920,"10,00",715429533.0,,,928.0,293.0,919.0,291.0,938.0,296.0,"0,03541","-0,04083","-0,99854","-0,06813","-0,03545","-0,99705",,,Valid,Valid,"233,6","100,8","514,7","292,3","99,2","516,4","251,9","79,7","257,0","80,9","0,4746","0,2717","0,4671","0,2697","0,4821","0,2736",thumbnail_grossTrial,thumbnail_grossTrial.png,1245.0,1080.0,337.0,0.0,798.0,692.0,Fixation,83.0,85.0,931.0,282.0,"0,4764","0,2609",,
29219,47574991,1400486846278,Eye Tracker,Participant0058,17.09.2021,Participant0058,Recording4,17.09.2021,17.09.2021,14:48:45.713,12:48:45.713,64514,Timeline2,Tobii I-VT (Fixation),1.145.28180,1080,1920,"10,00",715437792.0,,,937.0,295.0,,,937.0,295.0,,,,"-0,06825","-0,03573","-0,99703",,"4,62",Invalid,Valid,,,,"292,3","99,1","516,3",,,"256,9","80,6","0,4819","0,2727",,,"0,4819","0,2727",thumbnail_grossTrial,thumbnail_grossTrial.png,1245.0,1080.0,337.0,0.0,798.0,692.0,Fixation,83.0,85.0,931.0,282.0,"0,4764","0,2609",,
29220,47583351,1400486854638,Eye Tracker,Participant0058,17.09.2021,Participant0058,Recording4,17.09.2021,17.09.2021,14:48:45.713,12:48:45.713,64514,Timeline2,Tobii I-VT (Fixation),1.145.28180,1080,1920,"10,00",715446152.0,,,930.0,298.0,922.0,294.0,937.0,302.0,"0,03705","-0,03938","-0,99854","-0,06848","-0,03257","-0,99712",,,Valid,Valid,"233,7","100,8","514,7","292,3","99,4","516,1","252,8","80,5","256,9","82,5","0,4758","0,2757","0,4698","0,2723","0,4818","0,2792",thumbnail_grossTrial,thumbnail_grossTrial.png,1245.0,1080.0,337.0,0.0,798.0,692.0,Fixation,83.0,85.0,931.0,282.0,"0,4764","0,2609",,
29221,47591681,1400486862968,Eye Tracker,Participant0058,17.09.2021,Participant0058,Recording4,17.09.2021,17.09.2021,14:48:45.713,12:48:45.713,64514,Timeline2,Tobii I-VT (Fixation),1.145.28180,1080,1920,"10,00",715454481.0,,,927.0,291.0,917.0,282.0,936.0,301.0,"0,03436","-0,04598","-0,99835","-0,06907","-0,03315","-0,99706",,,Valid,Valid,"233,6","100,8","514,7","292,3","99,4","516,0","251,3","77,1","256,5","82,3","0,4731","0,2696","0,4655","0,2608","0,4807","0,2784",thumbnail_grossTrial,thumbnail_grossTrial.png,1245.0,1080.0,337.0,0.0,798.0,692.0,Saccade,33.0,177.0,,,,,,
29222,47599980,1400486871267,Eye Tracker,Participant0058,17.09.2021,Participant0058,Recording4,17.09.2021,17.09.2021,14:48:45.713,12:48:45.713,64514,Timeline2,Tobii I-VT (Fixation),1.145.28180,1080,1920,"10,00",715462780.0,,,939.0,279.0,,,939.0,279.0,,,,"-0,06741","-0,04460","-0,99673",,"5,17",Invalid,Valid,,,,"292,2","99,4","515,7",,,"257,4","76,3","0,4832","0,2581",,,"0,4832","0,2581",thumbnail_grossTrial,thumbnail_grossTrial.png,1245.0,1080.0,337.0,0.0,798.0,692.0,Saccade,33.0,177.0,,,,,,
29223,47608318,1400486879605,Eye Tracker,Participant0058,17.09.2021,Participant0058,Recording4,17.09.2021,17.09.2021,14:48:45.713,12:48:45.713,64514,Timeline2,Tobii I-VT (Fixation),1.145.28180,1080,1920,"10,00",715471118.0,,,928.0,273.0,915.0,272.0,941.0,275.0,"0,03301","-0,05112","-0,99815","-0,06636","-0,04728","-0,99668",,,Valid,Valid,"233,7","100,8","514,7","292,3","99,7","515,4","250,7","74,4","258,0","75,2","0,4743","0,2532","0,4637","0,2519","0,4850","0,2545",thumbnail_grossTrial,thumbnail_grossTrial.png,1245.0,1080.0,337.0,0.0,798.0,692.0,Saccade,33.0,177.0,,,,,,
29224,47616645,1400486887932,Eye Tracker,Participant0058,17.09.2021,Participant0058,Recording4,17.09.2021,17.09.2021,14:48:45.713,12:48:45.713,64514,Timeline2,Tobii I-VT (Fixation),1.145.28180,1080,1920,"10,00",715479445.0,,,909.0,272.0,891.0,270.0,928.0,274.0,"0,02032","-0,05193","-0,99844","-0,07320","-0,04780","-0,99617",,,Valid,Valid,"233,6","100,8","514,7","292,2","99,8","515,2","244,1","74,0","254,4","75,1","0,4594","0,2522","0,4443","0,2504","0,4744","0,2540",thumbnail_grossTrial,thumbnail_grossTrial.png,1245.0,1080.0,337.0,0.0,798.0,692.0,Saccade,33.0,177.0,,,,,,
29225,47625017,1400486896304,Eye Tracker,Participant0058,17.09.2021,Participant0058,Recording4,17.09.2021,17.09.2021,14:48:45.713,12:48:45.713,64514,Timeline2,Tobii I-VT (Fixation),1.145.28180,1080,1920,"10,00",715487816.0,,,,,,,,,,,,,,,,,Invalid,Invalid,,,,,,,,,,,,,,,,,thumbnail_grossTrial,thumbnail_grossTrial.png,1245.0,1080.0,337.0,0.0,798.0,692.0,EyesNotFound,8.0,378.0,,,,,,
29226,47633341,1400486904628,Eye Tracker,Participant0058,17.09.2021,Participant0058,Recording4,17.09.2021,17.09.2021,14:48:45.713,12:48:45.713,64514,Timeline2,Tobii I-VT (Fixation),1.145.28180,1080,1920,"10,00",715496140.0,,,918.0,302.0,909.0,292.0,928.0,313.0,"0,03013","-0,04073","-0,99872","-0,07365","-0,02797","-0,99689",,,Valid,Valid,"233,7","100,8","514,7","292,3","100,0","514,7","249,2","79,8","254,2","85,5","0,4667","0,2797","0,4594","0,2701","0,4740","0,2894",thumbnail_grossTrial,thumbnail_grossTrial.png,1245.0,1080.0,337.0,0.0,798.0,692.0,Unclassified,17.0,414.0,,,,,,
29227,47641672,1400486912959,Eye Tracker,Participant0058,17.09.2021,Participant0058,Recording4,17.09.2021,17.09.2021,14:48:45.713,12:48:45.713,64514,Timeline2,Tobii I-VT (Fixation),1.145.28180,1080,1920,"10,00",715504471.0,,,920.0,301.0,913.0,291.0,927.0,311.0,"0,03231","-0,04127","-0,99863","-0,07367","-0,02888","-0,99686",,,Valid,Valid,"233,6","100,9","514,5","292,2","100,1","514,5","250,3","79,7","254,2","85,2","0,4681","0,2788","0,4625","0,2695","0,4738","0,2882",thumbnail_grossTrial,thumbnail_grossTrial.png,1245.0,1080.0,337.0,0.0,798.0,692.0,Unclassified,17.0,414.0,,,,,,
29228,47650064,1400486921351,Eye Tracker,Participant0058,17.09.2021,Participant0058,Recording4,17.09.2021,17.09.2021,14:48:45.713,12:48:45.713,64514,Timeline2,Tobii I-VT (Fixation),1.145.28180,1080,1920,"10,00",715512862.0,,,,,,,,,,,,,,,,,Invalid,Invalid,,,,,,,,,,,,,,,,,thumbnail_grossTrial,thumbnail_grossTrial.png,1245.0,1080.0,337.0,0.0,798.0,692.0,EyesNotFound,8.0,379.0,,,,,,
29229,47658308,1400486929595,Eye Tracker,Participant0058,17.09.2021,Participant0058,Recording4,17.09.2021,17.09.2021,14:48:45.713,12:48:45.713,64514,Timeline2,Tobii I-VT (Fixation),1.145.28180,1080,1920,"10,00",715521106.0,,,924.0,274.0,922.0,275.0,927.0,273.0,"0,03658","-0,05005","-0,99808","-0,07401","-0,04920","-0,99604",,,Valid,Valid,"233,7","101,1","514,1","292,2","100,2","514,1","252,6","75,3","254,0","74,8","0,4712","0,2540","0,4691","0,2547","0,4733","0,2532",thumbnail_grossTrial,thumbnail_grossTrial.png,1245.0,1080.0,337.0,0.0,798.0,692.0,Unclassified,17.0,415.0,,,,,,
29230,47666677,1400486937964,Eye Tracker,Participant0058,17.09.2021,Participant0058,Recording4,17.09.2021,17.09.2021,14:48:45.713,12:48:45.713,64514,Timeline2,Tobii I-VT (Fixation),1.145.28180,1080,1920,"10,00",715529475.0,,,919.0,281.0,913.0,289.0,926.0,273.0,"0,03204","-0,04292","-0,99856","-0,07448","-0,04941","-0,99600",,,Valid,Valid,"233,7","101,1","513,9","292,1","100,3","513,9","250,1","79,0","253,7","74,8","0,4672","0,2603","0,4620","0,2674","0,4724","0,2532",thumbnail_grossTrial,thumbnail_grossTrial.png,1245.0,1080.0,337.0,0.0,798.0,692.0,Unclassified,17.0,415.0,,,,,,
29231,47674968,1400486946255,Eye Tracker,Participant0058,17.09.2021,Participant0058,Recording4,17.09.2021,17.09.2021,14:48:45.713,12:48:45.713,64514,Timeline2,Tobii I-VT (Fixation),1.145.28180,1080,1920,"10,00",715537766.0,,,,,,,,,,,,,,,,,Invalid,Invalid,,,,,,,,,,,,,,,,,thumbnail_grossTrial,thumbnail_grossTrial.png,1245.0,1080.0,337.0,0.0,798.0,692.0,EyesNotFound,8.0,380.0,,,,,,
29232,47683305,1400486954592,Eye Tracker,Participant0058,17.09.2021,Participant0058,Recording4,17.09.2021,17.09.2021,14:48:45.713,12:48:45.713,64514,Timeline2,Tobii I-VT (Fixation),1.145.28180,1080,1920,"10,00",715546102.0,,,924.0,285.0,909.0,290.0,938.0,280.0,"0,03003","-0,04257","-0,99864","-0,06801","-0,04602","-0,99662",,,Valid,Valid,"233,7","101,2","513,8","292,1","100,4","513,5","249,1","79,3","257,1","76,7","0,4707","0,2640","0,4591","0,2683","0,4823","0,2596",thumbnail_grossTrial,thumbnail_grossTrial.png,1245.0,1080.0,337.0,0.0,798.0,692.0,Unclassified,17.0,416.0,,,,,,
29233,47691633,1400486962920,Eye Tracker,Participant0058,17.09.2021,Participant0058,Recording4,17.09.2021,17.09.2021,14:48:45.713,12:48:45.713,64514,Timeline2,Tobii I-VT (Fixation),1.145.28180,1080,1920,"10,00",715554430.0,,,923.0,276.0,906.0,270.0,941.0,282.0,"0,02859","-0,05287","-0,99819","-0,06657","-0,04549","-0,99674",,,Valid,Valid,"233,6","101,2","513,7","292,1","100,5","513,4","248,4","74,0","257,8","77,1","0,4706","0,2556","0,4568","0,2503","0,4844","0,2608",thumbnail_grossTrial,thumbnail_grossTrial.png,1245.0,1080.0,337.0,0.0,798.0,692.0,Unclassified,17.0,416.0,,,,,,
29234,47700052,1400486971339,Eye Tracker,Participant0058,17.09.2021,Participant0058,Recording4,17.09.2021,17.09.2021,14:48:45.713,12:48:45.713,64514,Timeline2,Tobii I-VT (Fixation),1.145.28180,1080,1920,"10,00",715562849.0,,,,,,,,,,,,,,,,,Invalid,Invalid,,,,,,,,,,,,,,,,,thumbnail_grossTrial,thumbnail_grossTrial.png,1245.0,1080.0,337.0,0.0,798.0,692.0,EyesNotFound,8.0,381.0,,,,,,
29235,47708341,1400486979628,Eye Tracker,Participant0058,17.09.2021,Participant0058,Recording4,17.09.2021,17.09.2021,14:48:45.713,12:48:45.713,64514,Timeline2,Tobii I-VT (Fixation),1.145.28180,1080,1920,"10,00",715571137.0,,,923.0,276.0,911.0,272.0,936.0,280.0,"0,03081","-0,05199","-0,99817","-0,06930","-0,04671","-0,99650",,,Valid,Valid,"233,7","101,2","513,7","292,1","100,6","513,1","249,6","74,5","256,4","76,5","0,4703","0,2555","0,4603","0,2519","0,4803","0,2590",thumbnail_grossTrial,thumbnail_grossTrial.png,1245.0,1080.0,337.0,0.0,798.0,692.0,Unclassified,17.0,417.0,,,,,,
29236,47716698,1400486987985,Eye Tracker,Participant0058,17.09.2021,Participant0058,Recording4,17.09.2021,17.09.2021,14:48:45.713,12:48:45.713,64514,Timeline2,Tobii I-VT (Fixation),1.145.28180,1080,1920,"10,00",715579494.0,,,920.0,282.0,908.0,281.0,933.0,283.0,"0,02956","-0,04724","-0,99845","-0,07075","-0,04511","-0,99647",,,Valid,Valid,"233,7","101,2","513,7","292,0","100,6","513,1","248,9","76,9","255,6","77,4","0,4682","0,2610","0,4583","0,2602","0,4780","0,2618",thumbnail_grossTrial,thumbnail_grossTrial.png,1245.0,1080.0,337.0,0.0,798.0,692.0,Unclassified,17.0,417.0,,,,,,
29237,47724994,1400486996281,Eye Tracker,Participant0058,17.09.2021,Participant0058,Recording4,17.09.2021,17.09.2021,14:48:45.713,12:48:45.713,64514,Timeline2,Tobii I-VT (Fixation),1.145.28180,1080,1920,"10,00",715587790.0,,,,,,,,,,,,,,,,,Invalid,Invalid,,,,,,,,,,,,,,,,,thumbnail_grossTrial,thumbnail_grossTrial.png,1245.0,1080.0,337.0,0.0,798.0,692.0,EyesNotFound,8.0,382.0,,,,,,
29238,47733329,1400487004616,Eye Tracker,Participant0058,17.09.2021,Participant0058,Recording4,17.09.2021,17.09.2021,14:48:45.713,12:48:45.713,64514,Timeline2,Tobii I-VT (Fixation),1.145.28180,1080,1920,"10,00",715596125.0,,,917.0,284.0,906.0,287.0,928.0,282.0,"0,02830","-0,04423","-0,99862","-0,07330","-0,04570","-0,99626",,,Valid,Valid,"233,7","101,2","513,8","292,1","100,7","512,9","248,3","78,4","254,4","77,2","0,4655","0,2632","0,4566","0,2653","0,4744","0,2610",thumbnail_grossTrial,thumbnail_grossTrial.png,1245.0,1080.0,337.0,0.0,798.0,692.0,Unclassified,17.0,418.0,,,,,,
29239,47741630,1400487012917,Eye Tracker,Participant0058,17.09.2021,Participant0058,Recording4,17.09.2021,17.09.2021,14:48:45.713,12:48:45.713,64514,Timeline2,Tobii I-VT (Fixation),1.145.28180,1080,1920,"10,00",715604425.0,,,920.0,287.0,909.0,296.0,932.0,279.0,"0,03010","-0,03920","-0,99878","-0,07143","-0,04726","-0,99633",,,Valid,Valid,"233,7","101,1","513,8","292,1","100,7","512,9","249,2","81,0","255,3","76,4","0,4681","0,2662","0,4591","0,2739","0,4771","0,2584",thumbnail_grossTrial,thumbnail_grossTrial.png,1245.0,1080.0,337.0,0.0,798.0,692.0,Unclassified,17.0,418.0,,,,,,
29240,47750049,1400487021336,Eye Tracker,Participant0058,17.09.2021,Participant0058,Recording4,17.09.2021,17.09.2021,14:48:45.713,12:48:45.713,64514,Timeline2,Tobii I-VT (Fixation),1.145.28180,1080,1920,"10,00",715612844.0,,,,,,,,,,,,,,,,,Invalid,Invalid,,,,,,,,,,,,,,,,,thumbnail_grossTrial,thumbnail_grossTrial.png,1245.0,1080.0,337.0,0.0,798.0,692.0,EyesNotFound,8.0,383.0,,,,,,
29241,47758336,1400487029623,Eye Tracker,Participant0058,17.09.2021,Participant0058,Recording4,17.09.2021,17.09.2021,14:48:45.713,12:48:45.713,64514,Timeline2,Tobii I-VT (Fixation),1.145.28180,1080,1920,"10,00",715621131.0,,,923.0,287.0,917.0,301.0,930.0,274.0,"0,03397","-0,03639","-0,99876","-0,07254","-0,04992","-0,99612",,,Valid,Valid,"233,7","101,1","514,0","292,1","100,7","512,9","251,2","82,3","254,8","75,0","0,4704","0,2662","0,4652","0,2786","0,4756","0,2537",thumbnail_grossTrial,thumbnail_grossTrial.png,1245.0,1080.0,337.0,0.0,798.0,692.0,Unclassified,17.0,419.0,,,,,,
29242,47766659,1400487037946,Eye Tracker,Participant0058,17.09.2021,Participant0058,Recording4,17.09.2021,17.09.2021,14:48:45.713,12:48:45.713,64514,Timeline2,Tobii I-VT (Fixation),1.145.28180,1080,1920,"10,00",715629453.0,,,921.0,286.0,917.0,298.0,925.0,275.0,"0,03427","-0,03804","-0,99869","-0,07511","-0,04919","-0,99596",,,Valid,Valid,"233,7","101,0","514,2","292,1","100,7","513,0","251,3","81,4","253,4","75,3","0,4685","0,2651","0,4654","0,2755","0,4716","0,2548",thumbnail_grossTrial,thumbnail_grossTrial.png,1245.0,1080.0,337.0,0.0,798.0,692.0,Unclassified,17.0,419.0,,,,,,
29243,47774992,1400487046279,Eye Tracker,Participant0058,17.09.2021,Participant0058,Recording4,17.09.2021,17.09.2021,14:48:45.713,12:48:45.713,64514,Timeline2,Tobii I-VT (Fixation),1.145.28180,1080,1920,"10,00",715637786.0,,,,,,,,,,,,,,,,,Invalid,Invalid,,,,,,,,,,,,,,,,,thumbnail_grossTrial,thumbnail_grossTrial.png,1245.0,1080.0,337.0,0.0,798.0,692.0,EyesNotFound,8.0,384.0,,,,,,
29244,47783323,1400487054610,Eye Tracker,Participant0058,17.09.2021,Participant0058,Recording4,17.09.2021,17.09.2021,14:48:45.713,12:48:45.713,64514,Timeline2,Tobii I-VT (Fixation),1.145.28180,1080,1920,"10,00",715646117.0,,,925.0,284.0,907.0,290.0,943.0,278.0,"0,02875","-0,04189","-0,99871","-0,06519","-0,04782","-0,99673",,,Valid,Valid,"233,7","100,9","514,4","292,1","100,6","513,1","248,5","79,3","258,6","76,0","0,4720","0,2627","0,4572","0,2684","0,4867","0,2571",thumbnail_grossTrial,thumbnail_grossTrial.png,1245.0,1080.0,337.0,0.0,798.0,692.0,Unclassified,17.0,420.0,,,,,,
29245,47791654,1400487062941,Eye Tracker,Participant0058,17.09.2021,Participant0058,Recording4,17.09.2021,17.09.2021,14:48:45.713,12:48:45.713,64514,Timeline2,Tobii I-VT (Fixation),1.145.28180,1080,1920,"10,00",715654448.0,,,923.0,280.0,904.0,286.0,941.0,273.0,"0,02755","-0,04358","-0,99867","-0,06635","-0,05002","-0,99654",,,Valid,Valid,"233,6","100,8","514,6","292,1","100,6","513,3","247,8","78,4","257,9","74,8","0,4700","0,2591","0,4552","0,2652","0,4848","0,2531",thumbnail_grossTrial,thumbnail_grossTrial.png,1245.0,1080.0,337.0,0.0,798.0,692.0,Unclassified,17.0,420.0,,,,,,
29246,47799986,1400487071273,Eye Tracker,Participant0058,17.09.2021,Participant0058,Recording4,17.09.2021,17.09.2021,14:48:45.713,12:48:45.713,64514,Timeline2,Tobii I-VT (Fixation),1.145.28180,1080,1920,"10,00",715662779.0,,,,,,,,,,,,,,,,,Invalid,Invalid,,,,,,,,,,,,,,,,,thumbnail_grossTrial,thumbnail_grossTrial.png,1245.0,1080.0,337.0,0.0,798.0,692.0,EyesNotFound,8.0,385.0,,,,,,
29247,47808294,1400487079581,Eye Tracker,Participant0058,17.09.2021,Participant0058,Recording4,17.09.2021,17.09.2021,14:48:45.713,12:48:45.713,64514,Timeline2,Tobii I-VT (Fixation),1.145.28180,1080,1920,"10,00",715671087.0,,,921.0,275.0,900.0,278.0,943.0,271.0,"0,02498","-0,04770","-0,99855","-0,06553","-0,05082","-0,99656",,,Valid,Valid,"233,7","100,7","514,8","292,1","100,5","513,5","246,6","76,1","258,4","74,3","0,4688","0,2545","0,4515","0,2576","0,4862","0,2514",thumbnail_grossTrial,thumbnail_grossTrial.png,1245.0,1080.0,337.0,0.0,798.0,692.0,Unclassified,17.0,421.0,,,,,,
29248,47816624,1400487087911,Eye Tracker,Participant0058,17.09.2021,Participant0058,Recording4,17.09.2021,17.09.2021,14:48:45.713,12:48:45.713,64514,Timeline2,Tobii I-VT (Fixation),1.145.28180,1080,1920,"10,00",715679417.0,,,926.0,275.0,902.0,272.0,951.0,278.0,"0,02658","-0,05093","-0,99835","-0,06131","-0,04748","-0,99699",,,Valid,Valid,"233,6","100,7","515,0","292,1","100,4","513,7","247,3","74,4","260,5","76,0","0,4731","0,2544","0,4538","0,2517","0,4924","0,2570",thumbnail_grossTrial,thumbnail_grossTrial.png,1245.0,1080.0,337.0,0.0,798.0,692.0,Unclassified,17.0,421.0,,,,,,
29249,47824987,1400487096274,Eye Tracker,Participant0058,17.09.2021,Participant0058,Recording4,17.09.2021,17.09.2021,14:48:45.713,12:48:45.713,64514,Timeline2,Tobii I-VT (Fixation),1.145.28180,1080,1920,"10,00",715687779.0,,,,,,,,,,,,,,,,,Invalid,Invalid,,,,,,,,,,,,,,,,,thumbnail_grossTrial,thumbnail_grossTrial.png,1245.0,1080.0,337.0,0.0,798.0,692.0,EyesNotFound,8.0,386.0,,,,,,
29250,47833344,1400487104631,Eye Tracker,Participant0058,17.09.2021,Participant0058,Recording4,17.09.2021,17.09.2021,14:48:45.713,12:48:45.713,64514,Timeline2,Tobii I-VT (Fixation),1.145.28180,1080,1920,"10,00",715696136.0,,,924.0,278.0,903.0,279.0,944.0,276.0,"0,02668","-0,04697","-0,99854","-0,06472","-0,04800","-0,99675",,,Valid,Valid,"233,7","100,6","515,2","292,2","100,3","513,9","247,4","76,4","258,8","75,6","0,4708","0,2570","0,4541","0,2584","0,4875","0,2557",thumbnail_grossTrial,thumbnail_grossTrial.png,1245.0,1080.0,337.0,0.0,798.0,692.0,Unclassified,17.0,422.0,,,,,,
29251,47841666,1400487112953,Eye Tracker,Participant0058,17.09.2021,Participant0058,Recording4,17.09.2021,17.09.2021,14:48:45.713,12:48:45.713,64514,Timeline2,Tobii I-VT (Fixation),1.145.28180,1080,1920,"10,00",715704458.0,,,919.0,277.0,901.0,278.0,937.0,276.0,"0,02575","-0,04754","-0,99854","-0,06848","-0,04818","-0,99649",,,Valid,Valid,"233,6","100,6","515,4","292,2","100,3","514,1","246,9","76,0","256,8","75,4","0,4671","0,2562","0,4525","0,2572","0,4816","0,2552",thumbnail_grossTrial,thumbnail_grossTrial.png,1245.0,1080.0,337.0,0.0,798.0,692.0,Unclassified,17.0,422.0,,,,,,
29252,47849966,1400487121253,Eye Tracker,Participant0058,17.09.2021,Participant0058,Recording4,17.09.2021,17.09.2021,14:48:45.713,12:48:45.713,64514,Timeline2,Tobii I-VT (Fixation),1.145.28180,1080,1920,"10,00",715712758.0,,,,,,,,,,,,,,,,,Invalid,Invalid,,,,,,,,,,,,,,,,,thumbnail_grossTrial,thumbnail_grossTrial.png,1245.0,1080.0,337.0,0.0,798.0,692.0,EyesNotFound,8.0,387.0,,,,,,
29253,47858298,1400487129585,Eye Tracker,Participant0058,17.09.2021,Participant0058,Recording4,17.09.2021,17.09.2021,14:48:45.713,12:48:45.713,64514,Timeline2,Tobii I-VT (Fixation),1.145.28180,1080,1920,"10,00",715721089.0,,,924.0,273.0,907.0,272.0,941.0,274.0,"0,02905","-0,05045","-0,99830","-0,06631","-0,04893","-0,99660",,,Valid,Valid,"233,7","100,5","515,5","292,2","100,2","514,3","248,7","74,5","258,0","74,9","0,4714","0,2527","0,4577","0,2520","0,4851","0,2535",thumbnail_grossTrial,thumbnail_grossTrial.png,1245.0,1080.0,337.0,0.0,798.0,692.0,Unclassified,17.0,423.0,,,,,,
29254,47866622,1400487137909,Eye Tracker,Participant0058,17.09.2021,Participant0058,Recording4,17.09.2021,17.09.2021,14:48:45.713,12:48:45.713,64514,Timeline2,Tobii I-VT (Fixation),1.145.28180,1080,1920,"10,00",715729413.0,,,928.0,279.0,915.0,280.0,940.0,277.0,"0,03348","-0,04600","-0,99838","-0,06699","-0,04711","-0,99664",,,Valid,Valid,"233,6","100,5","515,6","292,2","100,1","514,5","250,9","76,7","257,6","75,8","0,4741","0,2580","0,4642","0,2595","0,4839","0,2565",thumbnail_grossTrial,thumbnail_grossTrial.png,1245.0,1080.0,337.0,0.0,798.0,692.0,Unclassified,17.0,423.0,,,,,,
29255,47874952,1400487146239,Eye Tracker,Participant0058,17.09.2021,Participant0058,Recording4,17.09.2021,17.09.2021,14:48:45.713,12:48:45.713,64514,Timeline2,Tobii I-VT (Fixation),1.145.28180,1080,1920,"10,00",715737743.0,,,,,,,,,,,,,,,,,Invalid,Invalid,,,,,,,,,,,,,,,,,thumbnail_grossTrial,thumbnail_grossTrial.png,1245.0,1080.0,337.0,0.0,798.0,692.0,EyesNotFound,8.0,388.0,,,,,,
29256,47883287,1400487154574,Eye Tracker,Participant0058,17.09.2021,Participant0058,Recording4,17.09.2021,17.09.2021,14:48:45.713,12:48:45.713,64514,Timeline2,Tobii I-VT (Fixation),1.145.28180,1080,1920,"10,00",715746077.0,,,922.0,287.0,913.0,294.0,932.0,280.0,"0,03184","-0,03876","-0,99874","-0,07138","-0,04537","-0,99642",,,Valid,Valid,"233,6","100,4","515,7","292,3","100,0","514,7","250,1","80,4","255,4","76,6","0,4696","0,2656","0,4619","0,2721","0,4774","0,2591",thumbnail_grossTrial,thumbnail_grossTrial.png,1245.0,1080.0,337.0,0.0,798.0,692.0,Unclassified,17.0,424.0,,,,,,
29257,47891630,1400487162917,Eye Tracker,Participant0058,17.09.2021,Participant0058,Recording4,17.09.2021,17.09.2021,14:48:45.713,12:48:45.713,64514,Timeline2,Tobii I-VT (Fixation),1.145.28180,1080,1920,"10,00",715754420.0,,,922.0,285.0,907.0,299.0,936.0,272.0,"0,02932","-0,03605","-0,99892","-0,06913","-0,04965","-0,99637",,,Valid,Valid,"233,6","100,4","515,7","292,2","100,0","514,8","248,7","81,8","256,5","74,3","0,4692","0,2641","0,4578","0,2768","0,4806","0,2515",thumbnail_grossTrial,thumbnail_grossTrial.png,1245.0,1080.0,337.0,0.0,798.0,692.0,Unclassified,17.0,424.0,,,,,,
29258,47899953,1400487171240,Eye Tracker,Participant0058,17.09.2021,Participant0058,Recording4,17.09.2021,17.09.2021,14:48:45.713,12:48:45.713,64514,Timeline2,Tobii I-VT (Fixation),1.145.28180,1080,1920,"10,00",715762743.0,,,,,,,,,,,,,,,,,Invalid,Invalid,,,,,,,,,,,,,,,,,thumbnail_grossTrial,thumbnail_grossTrial.png,1245.0,1080.0,337.0,0.0,798.0,692.0,EyesNotFound,8.0,389.0,,,,,,
29259,47908289,1400487179576,Eye Tracker,Participant0058,17.09.2021,Participant0058,Recording4,17.09.2021,17.09.2021,14:48:45.713,12:48:45.713,64514,Timeline2,Tobii I-VT (Fixation),1.145.28180,1080,1920,"10,00",715771079.0,,,921.0,278.0,906.0,288.0,937.0,269.0,"0,02828","-0,04205","-0,99872","-0,06862","-0,05097","-0,99634",,,Valid,Valid,"233,6","100,4","515,7","292,3","99,9","514,9","248,2","78,7","256,8","73,6","0,4690","0,2576","0,4564","0,2663","0,4815","0,2489",thumbnail_grossTrial,thumbnail_grossTrial.png,1245.0,1080.0,337.0,0.0,798.0,692.0,Unclassified,17.0,425.0,,,,,,
29260,47916625,1400487187912,Eye Tracker,Participant0058,17.09.2021,Participant0058,Recording4,17.09.2021,17.09.2021,14:48:45.713,12:48:45.713,64514,Timeline2,Tobii I-VT (Fixation),1.145.28180,1080,1920,"10,00",715779414.0,,,918.0,272.0,902.0,278.0,933.0,266.0,"0,02631","-0,04685","-0,99856","-0,07044","-0,05220","-0,99615",,,Valid,Valid,"233,6","100,4","515,7","292,2","99,9","515,0","247,2","76,2","255,8","72,9","0,4659","0,2522","0,4533","0,2578","0,4786","0,2467",thumbnail_grossTrial,thumbnail_grossTrial.png,1245.0,1080.0,337.0,0.0,798.0,692.0,Unclassified,17.0,425.0,,,,,,
29261,47924951,1400487196238,Eye Tracker,Participant0058,17.09.2021,Participant0058,Recording4,17.09.2021,17.09.2021,14:48:45.713,12:48:45.713,64514,Timeline2,Tobii I-VT (Fixation),1.145.28180,1080,1920,"10,00",715787740.0,,,,,,,,,,,,,,,,,Invalid,Invalid,,,,,,,,,,,,,,,,,thumbnail_grossTrial,thumbnail_grossTrial.png,1245.0,1080.0,337.0,0.0,798.0,692.0,EyesNotFound,8.0,390.0,,,,,,
29262,47933311,1400487204598,Eye Tracker,Participant0058,17.09.2021,Participant0058,Recording4,17.09.2021,17.09.2021,14:48:45.713,12:48:45.713,64514,Timeline2,Tobii I-VT (Fixation),1.145.28180,1080,1920,"10,00",715796100.0,,,925.0,275.0,905.0,285.0,946.0,265.0,"0,02782","-0,04342","-0,99867","-0,06415","-0,05300","-0,99653",,,Valid,Valid,"233,6","100,4","515,6","292,3","99,8","515,0","248,0","78,0","259,1","72,5","0,4721","0,2545","0,4558","0,2639","0,4884","0,2452",thumbnail_grossTrial,thumbnail_grossTrial.png,1245.0,1080.0,337.0,0.0,798.0,692.0,Unclassified,17.0,426.0,,,,,,
29263,47941663,1400487212950,Eye Tracker,Participant0058,17.09.2021,Participant0058,Recording4,17.09.2021,17.09.2021,14:48:45.713,12:48:45.713,64514,Timeline2,Tobii I-VT (Fixation),1.145.28180,1080,1920,"10,00",715804451.0,,,924.0,280.0,909.0,289.0,940.0,272.0,"0,03002","-0,04138","-0,99869","-0,06708","-0,04918","-0,99653",,,Valid,Valid,"233,6","100,4","515,5","292,3","99,8","515,0","249,1","79,1","257,6","74,4","0,4714","0,2597","0,4589","0,2675","0,4838","0,2518",thumbnail_grossTrial,thumbnail_grossTrial.png,1245.0,1080.0,337.0,0.0,798.0,692.0,Unclassified,17.0,426.0,,,,,,
29264,47949973,1400487221260,Eye Tracker,Participant0058,17.09.2021,Participant0058,Recording4,17.09.2021,17.09.2021,14:48:45.713,12:48:45.713,64514,Timeline2,Tobii I-VT (Fixation),1.145.28180,1080,1920,"10,00",715812761.0,,,,,,,,,,,,,,,,,Invalid,Invalid,,,,,,,,,,,,,,,,,thumbnail_grossTrial,thumbnail_grossTrial.png,1245.0,1080.0,337.0,0.0,798.0,692.0,EyesNotFound,8.0,391.0,,,,,,
29265,47958320,1400487229607,Eye Tracker,Participant0058,17.09.2021,Participant0058,Recording4,17.09.2021,17.09.2021,14:48:45.713,12:48:45.713,64514,Timeline2,Tobii I-VT (Fixation),1.145.28180,1080,1920,"10,00",715821108.0,,,922.0,278.0,907.0,289.0,937.0,268.0,"0,02866","-0,04122","-0,99874","-0,06847","-0,05150","-0,99632",,,Valid,Valid,"233,7","100,5","515,4","292,3","99,8","515,0","248,5","79,2","256,9","73,2","0,4695","0,2579","0,4571","0,2680","0,4819","0,2477",thumbnail_grossTrial,thumbnail_grossTrial.png,1245.0,1080.0,337.0,0.0,798.0,692.0,Unclassified,17.0,427.0,,,,,,
29266,47966655,1400487237942,Eye Tracker,Participant0058,17.09.2021,Participant0058,Recording4,17.09.2021,17.09.2021,14:48:45.713,12:48:45.713,64514,Timeline2,Tobii I-VT (Fixation),1.145.28180,1080,1920,"10,00",715829443.0,,,924.0,275.0,907.0,286.0,940.0,263.0,"0,02902","-0,04280","-0,99866","-0,06700","-0,05367","-0,99631",,,Valid,Valid,"233,6","100,5","515,4","292,3","99,8","515,0","248,6","78,4","257,6","72,1","0,4707","0,2546","0,4575","0,2653","0,4840","0,2439",thumbnail_grossTrial,thumbnail_grossTrial.png,1245.0,1080.0,337.0,0.0,798.0,692.0,Unclassified,17.0,427.0,,,,,,
29267,47974944,1400487246231,Eye Tracker,Participant0058,17.09.2021,Participant0058,Recording4,17.09.2021,17.09.2021,14:48:45.713,12:48:45.713,64514,Timeline2,Tobii I-VT (Fixation),1.145.28180,1080,1920,"10,00",715837731.0,,,,,,,,,,,,,,,,,Invalid,Invalid,,,,,,,,,,,,,,,,,thumbnail_grossTrial,thumbnail_grossTrial.png,1245.0,1080.0,337.0,0.0,798.0,692.0,EyesNotFound,8.0,392.0,,,,,,
29268,47983279,1400487254566,Eye Tracker,Participant0058,17.09.2021,Participant0058,Recording4,17.09.2021,17.09.2021,14:48:45.713,12:48:45.713,64514,Timeline2,Tobii I-VT (Fixation),1.145.28180,1080,1920,"10,00",715846066.0,,,923.0,273.0,903.0,278.0,942.0,268.0,"0,02699","-0,04730","-0,99852","-0,06587","-0,05124","-0,99651",,,Valid,Valid,"233,7","100,5","515,3","292,3","99,9","514,9","247,6","76,1","258,3","73,4","0,4702","0,2529","0,4546","0,2576","0,4859","0,2483",thumbnail_grossTrial,thumbnail_grossTrial.png,1245.0,1080.0,337.0,0.0,798.0,692.0,Unclassified,17.0,428.0,,,,,,
29269,47991610,1400487262897,Eye Tracker,Participant0058,17.09.2021,Participant0058,Recording4,17.09.2021,17.09.2021,14:48:45.713,12:48:45.713,64514,Timeline2,Tobii I-VT (Fixation),1.145.28180,1080,1920,"10,00",715854397.0,,,923.0,280.0,905.0,289.0,941.0,271.0,"0,02788","-0,04157","-0,99875","-0,06671","-0,04980","-0,99653",,,Valid,Valid,"233,6","100,5","515,2","292,3","99,9","514,9","248,0","79,1","257,8","74,1","0,4701","0,2592","0,4557","0,2676","0,4844","0,2508",thumbnail_grossTrial,thumbnail_grossTrial.png,1245.0,1080.0,337.0,0.0,798.0,692.0,Unclassified,17.0,428.0,,,,,,
29270,47999941,1400487271228,Eye Tracker,Participant0058,17.09.2021,Participant0058,Recording4,17.09.2021,17.09.2021,14:48:45.713,12:48:45.713,64514,Timeline2,Tobii I-VT (Fixation),1.145.28180,1080,1920,"10,00",715862727.0,,,,,,,,,,,,,,,,,Invalid,Invalid,,,,,,,,,,,,,,,,,thumbnail_grossTrial,thumbnail_grossTrial.png,1245.0,1080.0,337.0,0.0,798.0,692.0,EyesNotFound,8.0,393.0,,,,,,
29271,48008307,1400487279594,Eye Tracker,Participant0058,17.09.2021,Participant0058,Recording4,17.09.2021,17.09.2021,14:48:45.713,12:48:45.713,64514,Timeline2,Tobii I-VT (Fixation),1.145.28180,1080,1920,"10,00",715871093.0,,,924.0,283.0,910.0,294.0,937.0,272.0,"0,03074","-0,03910","-0,99876","-0,06886","-0,04910","-0,99642",,,Valid,Valid,"233,7","100,6","515,2","292,3","99,9","514,9","249,5","80,4","256,7","74,5","0,4707","0,2621","0,4602","0,2721","0,4812","0,2521",thumbnail_grossTrial,thumbnail_grossTrial.png,1245.0,1080.0,337.0,0.0,798.0,692.0,Unclassified,17.0,429.0,,,,,,
29272,48016621,1400487287908,Eye Tracker,Participant0058,17.09.2021,Participant0058,Recording4,17.09.2021,17.09.2021,14:48:45.713,12:48:45.713,64514,Timeline2,Tobii I-VT (Fixation),1.145.28180,1080,1920,"10,00",715879407.0,,,926.0,278.0,910.0,290.0,942.0,266.0,"0,03082","-0,04130","-0,99867","-0,06582","-0,05264","-0,99644",,,Valid,Valid,"233,6","100,6","515,2","292,2","99,9","514,9","249,5","79,3","258,2","72,7","0,4729","0,2571","0,4601","0,2683","0,4857","0,2460",thumbnail_grossTrial,thumbnail_grossTrial.png,1245.0,1080.0,337.0,0.0,798.0,692.0,Unclassified,17.0,429.0,,,,,,
29273,48024954,1400487296241,Eye Tracker,Participant0058,17.09.2021,Participant0058,Recording4,17.09.2021,17.09.2021,14:48:45.713,12:48:45.713,64514,Timeline2,Tobii I-VT (Fixation),1.145.28180,1080,1920,"10,00",715887740.0,,,,,,,,,,,,,,,,,Invalid,Invalid,,,,,,,,,,,,,,,,,thumbnail_grossTrial,thumbnail_grossTrial.png,1245.0,1080.0,337.0,0.0,798.0,692.0,EyesNotFound,8.0,394.0,,,,,,
29274,48033323,1400487304610,Eye Tracker,Participant0058,17.09.2021,Participant0058,Recording4,17.09.2021,17.09.2021,14:48:45.713,12:48:45.713,64514,Timeline2,Tobii I-VT (Fixation),1.145.28180,1080,1920,"10,00",715896108.0,,,924.0,274.0,907.0,288.0,941.0,260.0,"0,02915","-0,04229","-0,99868","-0,06636","-0,05543","-0,99626",,,Valid,Valid,"233,6","100,6","515,2","292,3","99,9","514,9","248,7","78,8","258,0","71,3","0,4714","0,2539","0,4577","0,2667","0,4850","0,2412",thumbnail_grossTrial,thumbnail_grossTrial.png,1245.0,1080.0,337.0,0.0,798.0,692.0,Unclassified,17.0,430.0,,,,,,
29275,48041644,1400487312931,Eye Tracker,Participant0058,17.09.2021,Participant0058,Recording4,17.09.2021,17.09.2021,14:48:45.713,12:48:45.713,64514,Timeline2,Tobii I-VT (Fixation),1.145.28180,1080,1920,"10,00",715904429.0,,,921.0,272.0,907.0,278.0,934.0,266.0,"0,02888","-0,04755","-0,99845","-0,06987","-0,05277","-0,99616",,,Valid,Valid,"233,6","100,6","515,2","292,2","99,9","514,9","248,5","76,1","256,1","72,7","0,4683","0,2517","0,4572","0,2575","0,4795","0,2459",thumbnail_grossTrial,thumbnail_grossTrial.png,1245.0,1080.0,337.0,0.0,798.0,692.0,Unclassified,17.0,430.0,,,,,,
29276,48049936,1400487321223,Eye Tracker,Participant0058,17.09.2021,Participant0058,Recording4,17.09.2021,17.09.2021,14:48:45.713,12:48:45.713,64514,Timeline2,Tobii I-VT (Fixation),1.145.28180,1080,1920,"10,00",715912721.0,,,,,,,,,,,,,,,,,Invalid,Invalid,,,,,,,,,,,,,,,,,thumbnail_grossTrial,thumbnail_grossTrial.png,1245.0,1080.0,337.0,0.0,798.0,692.0,EyesNotFound,8.0,395.0,,,,,,
29277,48058374,1400487329661,Eye Tracker,Participant0058,17.09.2021,Participant0058,Recording4,17.09.2021,17.09.2021,14:48:45.713,12:48:45.713,64514,Timeline2,Tobii I-VT (Fixation),1.145.28180,1080,1920,"10,00",715921158.0,,,925.0,265.0,904.0,272.0,946.0,257.0,"0,02743","-0,05059","-0,99834","-0,06402","-0,05721","-0,99631",,,Valid,Valid,"233,7","100,7","515,2","292,3","99,9","514,8","247,8","74,5","259,2","70,4","0,4719","0,2452","0,4552","0,2522","0,4886","0,2381",thumbnail_grossTrial,thumbnail_grossTrial.png,1245.0,1080.0,337.0,0.0,798.0,692.0,Unclassified,17.0,431.0,,,,,,
29278,48066699,1400487337986,Eye Tracker,Participant0058,17.09.2021,Participant0058,Recording4,17.09.2021,17.09.2021,14:48:45.713,12:48:45.713,64514,Timeline2,Tobii I-VT (Fixation),1.145.28180,1080,1920,"10,00",715929483.0,,,922.0,256.0,896.0,266.0,948.0,246.0,"0,02333","-0,05385","-0,99828","-0,06296","-0,06302","-0,99602",,,Valid,Valid,"233,6","100,6","515,3","292,2","99,9","514,9","245,6","72,8","259,7","67,4","0,4694","0,2371","0,4488","0,2464","0,4900","0,2279",thumbnail_grossTrial,thumbnail_grossTrial.png,1245.0,1080.0,337.0,0.0,798.0,692.0,Unclassified,17.0,431.0,,,,,,
29279,48074985,1400487346272,Eye Tracker,Participant0058,17.09.2021,Participant0058,Recording4,17.09.2021,17.09.2021,14:48:45.713,12:48:45.713,64514,Timeline2,Tobii I-VT (Fixation),1.145.28180,1080,1920,"10,00",715937769.0,,,,,,,,,,,,,,,,,Invalid,Invalid,,,,,,,,,,,,,,,,,thumbnail_grossTrial,thumbnail_grossTrial.png,1245.0,1080.0,337.0,0.0,798.0,692.0,EyesNotFound,8.0,396.0,,,,,,
29280,48083272,1400487354559,Eye Tracker,Participant0058,17.09.2021,Participant0058,Recording4,17.09.2021,17.09.2021,14:48:45.713,12:48:45.713,64514,Timeline2,Tobii I-VT (Fixation),1.145.28180,1080,1920,"10,00",715946056.0,,,921.0,267.0,901.0,276.0,941.0,259.0,"0,02571","-0,04883","-0,99848","-0,06653","-0,05595","-0,99621",,,Valid,Valid,"233,7","100,6","515,3","292,3","99,9","514,9","246,9","75,4","257,9","71,0","0,4687","0,2477","0,4526","0,2551","0,4848","0,2402",thumbnail_grossTrial,thumbnail_grossTrial.png,1245.0,1080.0,337.0,0.0,798.0,692.0,Unclassified,17.0,432.0,,,,,,
29281,48091633,1400487362920,Eye Tracker,Participant0058,17.09.2021,Participant0058,Recording4,17.09.2021,17.09.2021,14:48:45.713,12:48:45.713,64514,Timeline2,Tobii I-VT (Fixation),1.145.28180,1080,1920,"10,00",715954416.0,,,926.0,274.0,903.0,284.0,949.0,264.0,"0,02705","-0,04435","-0,99865","-0,06240","-0,05325","-0,99663",,,Valid,Valid,"233,6","100,6","515,3","292,2","99,9","515,0","247,6","77,7","260,0","72,4","0,4727","0,2538","0,4544","0,2628","0,4909","0,2449",thumbnail_grossTrial,thumbnail_grossTrial.png,1245.0,1080.0,337.0,0.0,798.0,692.0,Unclassified,17.0,432.0,,,,,,
29282,48099950,1400487371237,Eye Tracker,Participant0058,17.09.2021,Participant0058,Recording4,17.09.2021,17.09.2021,14:48:45.713,12:48:45.713,64514,Timeline2,Tobii I-VT (Fixation),1.145.28180,1080,1920,"10,00",715962733.0,,,,,,,,,,,,,,,,,Invalid,Invalid,,,,,,,,,,,,,,,,,thumbnail_grossTrial,thumbnail_grossTrial.png,1245.0,1080.0,337.0,0.0,798.0,692.0,EyesNotFound,8.0,397.0,,,,,,
29283,48108288,1400487379575,Eye Tracker,Participant0058,17.09.2021,Participant0058,Recording4,17.09.2021,17.09.2021,14:48:45.713,12:48:45.713,64514,Timeline2,Tobii I-VT (Fixation),1.145.28180,1080,1920,"10,00",715971071.0,,,923.0,273.0,901.0,286.0,945.0,260.0,"0,02578","-0,04319","-0,99873","-0,06446","-0,05569","-0,99637",,,Valid,Valid,"233,7","100,5","515,4","292,3","99,9","515,0","247,0","78,2","259,0","71,1","0,4703","0,2526","0,4527","0,2647","0,4879","0,2405",thumbnail_grossTrial,thumbnail_grossTrial.png,1245.0,1080.0,337.0,0.0,798.0,692.0,Unclassified,8.0,433.0,,,,,,
29284,48116635,1400487387922,Eye Tracker,Participant0058,17.09.2021,Participant0058,Recording4,17.09.2021,17.09.2021,14:48:45.713,12:48:45.713,64514,Timeline2,Tobii I-VT (Fixation),1.145.28180,1080,1920,"10,00",715979417.0,,,,,,,,,,,,,,,,,Invalid,Invalid,,,,,,,,,,,,,,,,,thumbnail_grossTrial,thumbnail_grossTrial.png,1245.0,1080.0,337.0,0.0,798.0,692.0,EyesNotFound,17.0,398.0,,,,,,
29285,48124981,1400487396268,Eye Tracker,Participant0058,17.09.2021,Participant0058,Recording4,17.09.2021,17.09.2021,14:48:45.713,12:48:45.713,64514,Timeline2,Tobii I-VT (Fixation),1.145.28180,1080,1920,"10,00",715987763.0,,,,,,,,,,,,,,,,,Invalid,Invalid,,,,,,,,,,,,,,,,,thumbnail_grossTrial,thumbnail_grossTrial.png,1245.0,1080.0,337.0,0.0,798.0,692.0,EyesNotFound,17.0,398.0,,,,,,
29286,48133300,1400487404587,Eye Tracker,Participant0058,17.09.2021,Participant0058,Recording4,17.09.2021,17.09.2021,14:48:45.713,12:48:45.713,64514,Timeline2,Tobii I-VT (Fixation),1.145.28180,1080,1920,"10,00",715996082.0,,,923.0,279.0,903.0,289.0,943.0,268.0,"0,02665","-0,04118","-0,99880","-0,06568","-0,05138","-0,99652",,,Valid,Valid,"233,7","100,5","515,4","292,3","99,8","515,0","247,4","79,2","258,4","73,2","0,4701","0,2579","0,4540","0,2680","0,4861","0,2478",thumbnail_grossTrial,thumbnail_grossTrial.png,1245.0,1080.0,337.0,0.0,798.0,692.0,Unclassified,17.0,434.0,,,,,,
29287,48141627,1400487412914,Eye Tracker,Participant0058,17.09.2021,Participant0058,Recording4,17.09.2021,17.09.2021,14:48:45.713,12:48:45.713,64514,Timeline2,Tobii I-VT (Fixation),1.145.28180,1080,1920,"10,00",716004409.0,,,924.0,277.0,906.0,292.0,941.0,262.0,"0,02848","-0,04001","-0,99879","-0,06626","-0,05417","-0,99633",,,Valid,Valid,"233,6","100,4","515,5","292,3","99,8","515,1","248,3","79,8","258,0","71,8","0,4709","0,2564","0,4566","0,2700","0,4851","0,2429",thumbnail_grossTrial,thumbnail_grossTrial.png,1245.0,1080.0,337.0,0.0,798.0,692.0,Unclassified,17.0,434.0,,,,,,
29288,48149961,1400487421248,Eye Tracker,Participant0058,17.09.2021,Participant0058,Recording4,17.09.2021,17.09.2021,14:48:45.713,12:48:45.713,64514,Timeline2,Tobii I-VT (Fixation),1.145.28180,1080,1920,"10,00",716012742.0,,,,,,,,,,,,,,,,,Invalid,Invalid,,,,,,,,,,,,,,,,,thumbnail_grossTrial,thumbnail_grossTrial.png,1245.0,1080.0,337.0,0.0,798.0,692.0,EyesNotFound,8.0,399.0,,,,,,
29289,48158296,1400487429583,Eye Tracker,Participant0058,17.09.2021,Participant0058,Recording4,17.09.2021,17.09.2021,14:48:45.713,12:48:45.713,64514,Timeline2,Tobii I-VT (Fixation),1.145.28180,1080,1920,"10,00",716021077.0,,,930.0,280.0,917.0,298.0,943.0,262.0,"0,03427","-0,03638","-0,99875","-0,06574","-0,05441","-0,99635",,,Valid,Valid,"233,7","100,4","515,5","292,3","99,7","515,1","251,4","81,6","258,4","71,6","0,4758","0,2592","0,4656","0,2762","0,4861","0,2423",thumbnail_grossTrial,thumbnail_grossTrial.png,1245.0,1080.0,337.0,0.0,798.0,692.0,Unclassified,17.0,435.0,,,,,,
29290,48166623,1400487437910,Eye Tracker,Participant0058,17.09.2021,Participant0058,Recording4,17.09.2021,17.09.2021,14:48:45.713,12:48:45.713,64514,Timeline2,Tobii I-VT (Fixation),1.145.28180,1080,1920,"10,00",716029404.0,,,927.0,291.0,920.0,306.0,935.0,277.0,"0,03576","-0,03225","-0,99884","-0,06970","-0,04635","-0,99649",,,Valid,Valid,"233,6","100,4","515,5","292,3","99,7","515,1","252,1","83,8","256,3","75,8","0,4738","0,2699","0,4676","0,2834","0,4800","0,2564",thumbnail_grossTrial,thumbnail_grossTrial.png,1245.0,1080.0,337.0,0.0,798.0,692.0,Unclassified,17.0,435.0,,,,,,
29291,48174957,1400487446244,Eye Tracker,Participant0058,17.09.2021,Participant0058,Recording4,17.09.2021,17.09.2021,14:48:45.713,12:48:45.713,64514,Timeline2,Tobii I-VT (Fixation),1.145.28180,1080,1920,"10,00",716037737.0,,,,,,,,,,,,,,,,,Invalid,Invalid,,,,,,,,,,,,,,,,,thumbnail_grossTrial,thumbnail_grossTrial.png,1245.0,1080.0,337.0,0.0,798.0,692.0,EyesNotFound,8.0,400.0,,,,,,
29292,48183294,1400487454581,Eye Tracker,Participant0058,17.09.2021,Participant0058,Recording4,17.09.2021,17.09.2021,14:48:45.713,12:48:45.713,64514,Timeline2,Tobii I-VT (Fixation),1.145.28180,1080,1920,"10,00",716046074.0,,,928.0,299.0,908.0,301.0,948.0,298.0,"0,02969","-0,03486","-0,99895","-0,06300","-0,03530","-0,99739",,,Valid,Valid,"233,7","100,4","515,5","292,3","99,7","515,1","249,0","82,4","259,8","81,5","0,4745","0,2772","0,4586","0,2788","0,4903","0,2757",thumbnail_grossTrial,thumbnail_grossTrial.png,1245.0,1080.0,337.0,0.0,798.0,692.0,Unclassified,17.0,436.0,,,,,,
29293,48191623,1400487462910,Eye Tracker,Participant0058,17.09.2021,Participant0058,Recording4,17.09.2021,17.09.2021,14:48:45.713,12:48:45.713,64514,Timeline2,Tobii I-VT (Fixation),1.145.28180,1080,1920,"10,00",716054403.0,,,932.0,287.0,908.0,291.0,957.0,282.0,"0,02936","-0,04008","-0,99877","-0,05789","-0,04373","-0,99736",,,Valid,Valid,"233,6","100,4","515,5","292,3","99,7","515,2","248,7","79,7","262,4","77,1","0,4779","0,2653","0,4579","0,2697","0,4979","0,2609",thumbnail_grossTrial,thumbnail_grossTrial.png,1245.0,1080.0,337.0,0.0,798.0,692.0,Unclassified,17.0,436.0,,,,,,
29294,48199927,1400487471214,Eye Tracker,Participant0058,17.09.2021,Participant0058,Recording4,17.09.2021,17.09.2021,14:48:45.713,12:48:45.713,64514,Timeline2,Tobii I-VT (Fixation),1.145.28180,1080,1920,"10,00",716062707.0,,,,,,,,,,,,,,,,,Invalid,Invalid,,,,,,,,,,,,,,,,,thumbnail_grossTrial,thumbnail_grossTrial.png,1245.0,1080.0,337.0,0.0,798.0,692.0,EyesNotFound,8.0,401.0,,,,,,
29295,48208265,1400487479552,Eye Tracker,Participant0058,17.09.2021,Participant0058,Recording4,17.09.2021,17.09.2021,14:48:45.713,12:48:45.713,64514,Timeline2,Tobii I-VT (Fixation),1.145.28180,1080,1920,"10,00",716071044.0,,,932.0,278.0,909.0,292.0,955.0,264.0,"0,03012","-0,03999","-0,99875","-0,05926","-0,05294","-0,99684",,,Valid,Valid,"233,7","100,4","515,5","292,3","99,7","515,2","249,2","79,8","261,7","72,3","0,4776","0,2574","0,4593","0,2700","0,4959","0,2448",thumbnail_grossTrial,thumbnail_grossTrial.png,1245.0,1080.0,337.0,0.0,798.0,692.0,Unclassified,17.0,437.0,,,,,,
29296,48216675,1400487487962,Eye Tracker,Participant0058,17.09.2021,Participant0058,Recording4,17.09.2021,17.09.2021,14:48:45.713,12:48:45.713,64514,Timeline2,Tobii I-VT (Fixation),1.145.28180,1080,1920,"10,00",716079454.0,,,926.0,289.0,907.0,299.0,946.0,278.0,"0,02893","-0,03606","-0,99893","-0,06409","-0,04566","-0,99690",,,Valid,Valid,"233,6","100,4","515,4","292,3","99,7","515,2","248,5","81,8","259,2","76,1","0,4729","0,2672","0,4573","0,2769","0,4885","0,2575",thumbnail_grossTrial,thumbnail_grossTrial.png,1245.0,1080.0,337.0,0.0,798.0,692.0,Unclassified,17.0,437.0,,,,,,
29297,48224935,1400487496222,Eye Tracker,Participant0058,17.09.2021,Participant0058,Recording4,17.09.2021,17.09.2021,14:48:45.713,12:48:45.713,64514,Timeline2,Tobii I-VT (Fixation),1.145.28180,1080,1920,"10,00",716087714.0,,,,,,,,,,,,,,,,,Invalid,Invalid,,,,,,,,,,,,,,,,,thumbnail_grossTrial,thumbnail_grossTrial.png,1245.0,1080.0,337.0,0.0,798.0,692.0,EyesNotFound,8.0,402.0,,,,,,
29298,48233275,1400487504562,Eye Tracker,Participant0058,17.09.2021,Participant0058,Recording4,17.09.2021,17.09.2021,14:48:45.713,12:48:45.713,64514,Timeline2,Tobii I-VT (Fixation),1.145.28180,1080,1920,"10,00",716096053.0,,,927.0,294.0,908.0,299.0,946.0,289.0,"0,02935","-0,03627","-0,99891","-0,06394","-0,03982","-0,99716",,,Valid,Valid,"233,7","100,5","515,3","292,4","99,7","515,2","248,8","81,8","259,3","79,1","0,4735","0,2722","0,4581","0,2767","0,4889","0,2678",thumbnail_grossTrial,thumbnail_grossTrial.png,1245.0,1080.0,337.0,0.0,798.0,692.0,Unclassified,17.0,438.0,,,,,,
29299,48241594,1400487512881,Eye Tracker,Participant0058,17.09.2021,Participant0058,Recording4,17.09.2021,17.09.2021,14:48:45.713,12:48:45.713,64514,Timeline2,Tobii I-VT (Fixation),1.145.28180,1080,1920,"10,00",716104372.0,,,931.0,291.0,912.0,299.0,950.0,282.0,"0,03187","-0,03610","-0,99884","-0,06194","-0,04347","-0,99713",,,Valid,Valid,"233,6","100,5","515,3","292,3","99,7","515,3","250,0","81,9","260,3","77,2","0,4767","0,2692","0,4617","0,2770","0,4918","0,2613",thumbnail_grossTrial,thumbnail_grossTrial.png,1245.0,1080.0,337.0,0.0,798.0,692.0,Unclassified,17.0,438.0,,,,,,
29300,48249938,1400487521225,Eye Tracker,Participant0058,17.09.2021,Participant0058,Recording4,17.09.2021,17.09.2021,14:48:45.713,12:48:45.713,64514,Timeline2,Tobii I-VT (Fixation),1.145.28180,1080,1920,"10,00",716112716.0,,,,,,,,,,,,,,,,,Invalid,Invalid,,,,,,,,,,,,,,,,,thumbnail_grossTrial,thumbnail_grossTrial.png,1245.0,1080.0,337.0,0.0,798.0,692.0,EyesNotFound,8.0,403.0,,,,,,
29301,48258261,1400487529548,Eye Tracker,Participant0058,17.09.2021,Participant0058,Recording4,17.09.2021,17.09.2021,14:48:45.713,12:48:45.713,64514,Timeline2,Tobii I-VT (Fixation),1.145.28180,1080,1920,"10,00",716121039.0,,,928.0,279.0,910.0,288.0,945.0,270.0,"0,03053","-0,04235","-0,99864","-0,06460","-0,05003","-0,99666",,,Valid,Valid,"233,7","100,6","515,2","292,4","99,7","515,3","249,4","78,7","259,0","73,8","0,4739","0,2581","0,4599","0,2663","0,4879","0,2498",thumbnail_grossTrial,thumbnail_grossTrial.png,1245.0,1080.0,337.0,0.0,798.0,692.0,Unclassified,17.0,439.0,,,,,,
29302,48266589,1400487537876,Eye Tracker,Participant0058,17.09.2021,Participant0058,Recording4,17.09.2021,17.09.2021,14:48:45.713,12:48:45.713,64514,Timeline2,Tobii I-VT (Fixation),1.145.28180,1080,1920,"10,00",716129366.0,,,928.0,275.0,909.0,284.0,946.0,265.0,"0,03004","-0,04448","-0,99856","-0,06383","-0,05230","-0,99659",,,Valid,Valid,"233,6","100,6","515,2","292,3","99,7","515,4","249,1","77,6","259,3","72,7","0,4740","0,2542","0,4590","0,2626","0,4889","0,2458",thumbnail_grossTrial,thumbnail_grossTrial.png,1245.0,1080.0,337.0,0.0,798.0,692.0,Unclassified,17.0,439.0,,,,,,
29303,48274921,1400487546208,Eye Tracker,Participant0058,17.09.2021,Participant0058,Recording4,17.09.2021,17.09.2021,14:48:45.713,12:48:45.713,64514,Timeline2,Tobii I-VT (Fixation),1.145.28180,1080,1920,"10,00",716137698.0,,,,,,,,,,,,,,,,,Invalid,Invalid,,,,,,,,,,,,,,,,,thumbnail_grossTrial,thumbnail_grossTrial.png,1245.0,1080.0,337.0,0.0,798.0,692.0,EyesNotFound,8.0,404.0,,,,,,
29304,48283257,1400487554544,Eye Tracker,Participant0058,17.09.2021,Participant0058,Recording4,17.09.2021,17.09.2021,14:48:45.713,12:48:45.713,64514,Timeline2,Tobii I-VT (Fixation),1.145.28180,1080,1920,"10,00",716146034.0,,,926.0,273.0,903.0,281.0,949.0,265.0,"0,02661","-0,04573","-0,99860","-0,06223","-0,05270","-0,99667",,,Valid,Valid,"233,7","100,6","515,2","292,4","99,7","515,4","247,4","77,0","260,2","72,4","0,4728","0,2528","0,4540","0,2605","0,4915","0,2451",thumbnail_grossTrial,thumbnail_grossTrial.png,1245.0,1080.0,337.0,0.0,798.0,692.0,Unclassified,17.0,440.0,,,,,,
29305,48291684,1400487562971,Eye Tracker,Participant0058,17.09.2021,Participant0058,Recording4,17.09.2021,17.09.2021,14:48:45.713,12:48:45.713,64514,Timeline2,Tobii I-VT (Fixation),1.145.28180,1080,1920,"10,00",716154460.0,,,930.0,268.0,903.0,281.0,958.0,255.0,"0,02677","-0,04590","-0,99859","-0,05765","-0,05768","-0,99667",,,Valid,Valid,"233,6","100,6","515,2","292,3","99,7","515,4","247,4","76,9","262,5","69,9","0,4762","0,2483","0,4541","0,2602","0,4982","0,2364",thumbnail_grossTrial,thumbnail_grossTrial.png,1245.0,1080.0,337.0,0.0,798.0,692.0,Unclassified,17.0,440.0,,,,,,
29306,48299964,1400487571251,Eye Tracker,Participant0058,17.09.2021,Participant0058,Recording4,17.09.2021,17.09.2021,14:48:45.713,12:48:45.713,64514,Timeline2,Tobii I-VT (Fixation),1.145.28180,1080,1920,"10,00",716162740.0,,,,,,,,,,,,,,,,,Invalid,Invalid,,,,,,,,,,,,,,,,,thumbnail_grossTrial,thumbnail_grossTrial.png,1245.0,1080.0,337.0,0.0,798.0,692.0,EyesNotFound,8.0,405.0,,,,,,
29307,48308293,1400487579580,Eye Tracker,Participant0058,17.09.2021,Participant0058,Recording4,17.09.2021,17.09.2021,14:48:45.713,12:48:45.713,64514,Timeline2,Tobii I-VT (Fixation),1.145.28180,1080,1920,"10,00",716171069.0,,,935.0,274.0,916.0,290.0,953.0,257.0,"0,03389","-0,04118","-0,99858","-0,06027","-0,05672","-0,99657",,,Valid,Valid,"233,7","100,6","515,1","292,4","99,7","515,4","251,2","79,4","261,2","70,3","0,4797","0,2532","0,4650","0,2685","0,4944","0,2380",thumbnail_grossTrial,thumbnail_grossTrial.png,1245.0,1080.0,337.0,0.0,798.0,692.0,Unclassified,17.0,441.0,,,,,,
29308,48316684,1400487587971,Eye Tracker,Participant0058,17.09.2021,Participant0058,Recording4,17.09.2021,17.09.2021,14:48:45.713,12:48:45.713,64514,Timeline2,Tobii I-VT (Fixation),1.145.28180,1080,1920,"10,00",716179460.0,,,930.0,278.0,917.0,287.0,943.0,269.0,"0,03419","-0,04275","-0,99850","-0,06562","-0,05033","-0,99657",,,Valid,Valid,"233,6","100,6","515,1","292,3","99,6","515,5","251,2","78,5","258,4","73,6","0,4757","0,2574","0,4653","0,2657","0,4861","0,2491",thumbnail_grossTrial,thumbnail_grossTrial.png,1245.0,1080.0,337.0,0.0,798.0,692.0,Unclassified,17.0,441.0,,,,,,
29309,48324942,1400487596229,Eye Tracker,Participant0058,17.09.2021,Participant0058,Recording4,17.09.2021,17.09.2021,14:48:45.713,12:48:45.713,64514,Timeline2,Tobii I-VT (Fixation),1.145.28180,1080,1920,"10,00",716187717.0,,,,,,,,,,,,,,,,,Invalid,Invalid,,,,,,,,,,,,,,,,,thumbnail_grossTrial,thumbnail_grossTrial.png,1245.0,1080.0,337.0,0.0,798.0,692.0,EyesNotFound,8.0,406.0,,,,,,
29310,48333287,1400487604574,Eye Tracker,Participant0058,17.09.2021,Participant0058,Recording4,17.09.2021,17.09.2021,14:48:45.713,12:48:45.713,64514,Timeline2,Tobii I-VT (Fixation),1.145.28180,1080,1920,"10,00",716196062.0,,,932.0,275.0,916.0,285.0,947.0,266.0,"0,03363","-0,04404","-0,99846","-0,06330","-0,05204","-0,99664",,,Valid,Valid,"233,7","100,6","515,0","292,4","99,6","515,4","251,0","77,9","259,6","72,7","0,4772","0,2548","0,4646","0,2635","0,4898","0,2461",thumbnail_grossTrial,thumbnail_grossTrial.png,1245.0,1080.0,337.0,0.0,798.0,692.0,Unclassified,17.0,442.0,,,,,,
29311,48341619,1400487612906,Eye Tracker,Participant0058,17.09.2021,Participant0058,Recording4,17.09.2021,17.09.2021,14:48:45.713,12:48:45.713,64514,Timeline2,Tobii I-VT (Fixation),1.145.28180,1080,1920,"10,00",716204394.0,,,931.0,280.0,916.0,296.0,945.0,264.0,"0,03402","-0,03804","-0,99870","-0,06422","-0,05315","-0,99652",,,Valid,Valid,"233,6","100,6","515,0","292,3","99,6","515,5","251,2","81,0","259,1","72,1","0,4766","0,2590","0,4650","0,2740","0,4883","0,2441",thumbnail_grossTrial,thumbnail_grossTrial.png,1245.0,1080.0,337.0,0.0,798.0,692.0,Unclassified,17.0,442.0,,,,,,
29312,48349916,1400487621203,Eye Tracker,Participant0058,17.09.2021,Participant0058,Recording4,17.09.2021,17.09.2021,14:48:45.713,12:48:45.713,64514,Timeline2,Tobii I-VT (Fixation),1.145.28180,1080,1920,"10,00",716212690.0,,,,,,,,,,,,,,,,,Invalid,Invalid,,,,,,,,,,,,,,,,,thumbnail_grossTrial,thumbnail_grossTrial.png,1245.0,1080.0,337.0,0.0,798.0,692.0,EyesNotFound,8.0,407.0,,,,,,
29313,48358345,1400487629632,Eye Tracker,Participant0058,17.09.2021,Participant0058,Recording4,17.09.2021,17.09.2021,14:48:45.713,12:48:45.713,64514,Timeline2,Tobii I-VT (Fixation),1.145.28180,1080,1920,"10,00",716221119.0,,,928.0,279.0,917.0,294.0,939.0,264.0,"0,03415","-0,03890","-0,99866","-0,06783","-0,05312","-0,99628",,,Valid,Valid,"233,7","100,6","515,0","292,4","99,6","515,4","251,3","80,5","257,3","72,1","0,4742","0,2583","0,4654","0,2725","0,4830","0,2441",thumbnail_grossTrial,thumbnail_grossTrial.png,1245.0,1080.0,337.0,0.0,798.0,692.0,Unclassified,17.0,443.0,,,,,,
29314,48366627,1400487637914,Eye Tracker,Participant0058,17.09.2021,Participant0058,Recording4,17.09.2021,17.09.2021,14:48:45.713,12:48:45.713,64514,Timeline2,Tobii I-VT (Fixation),1.145.28180,1080,1920,"10,00",716229401.0,,,934.0,275.0,920.0,288.0,947.0,262.0,"0,03592","-0,04232","-0,99846","-0,06322","-0,05395","-0,99654",,,Valid,Valid,"233,6","100,6","515,0","292,3","99,6","515,4","252,2","78,8","259,6","71,7","0,4789","0,2545","0,4679","0,2665","0,4898","0,2426",thumbnail_grossTrial,thumbnail_grossTrial.png,1245.0,1080.0,337.0,0.0,798.0,692.0,Unclassified,17.0,443.0,,,,,,
29315,48374926,1400487646213,Eye Tracker,Participant0058,17.09.2021,Participant0058,Recording4,17.09.2021,17.09.2021,14:48:45.713,12:48:45.713,64514,Timeline2,Tobii I-VT (Fixation),1.145.28180,1080,1920,"10,00",716237700.0,,,,,,,,,,,,,,,,,Invalid,Invalid,,,,,,,,,,,,,,,,,thumbnail_grossTrial,thumbnail_grossTrial.png,1245.0,1080.0,337.0,0.0,798.0,692.0,EyesNotFound,8.0,408.0,,,,,,
29316,48383257,1400487654544,Eye Tracker,Participant0058,17.09.2021,Participant0058,Recording4,17.09.2021,17.09.2021,14:48:45.713,12:48:45.713,64514,Timeline2,Tobii I-VT (Fixation),1.145.28180,1080,1920,"10,00",716246030.0,,,931.0,278.0,913.0,294.0,949.0,262.0,"0,03214","-0,03880","-0,99873","-0,06261","-0,05380","-0,99659",,,Valid,Valid,"233,7","100,6","514,9","292,4","99,6","515,4","250,3","80,6","260,0","71,8","0,4767","0,2578","0,4624","0,2726","0,4909","0,2429",thumbnail_grossTrial,thumbnail_grossTrial.png,1245.0,1080.0,337.0,0.0,798.0,692.0,Unclassified,17.0,444.0,,,,,,
29317,48391675,1400487662962,Eye Tracker,Participant0058,17.09.2021,Participant0058,Recording4,17.09.2021,17.09.2021,14:48:45.713,12:48:45.713,64514,Timeline2,Tobii I-VT (Fixation),1.145.28180,1080,1920,"10,00",716254448.0,,,921.0,269.0,897.0,279.0,946.0,259.0,"0,02372","-0,04698","-0,99861","-0,06413","-0,05540","-0,99640",,,Valid,Valid,"233,6","100,6","514,9","292,3","99,6","515,4","245,9","76,4","259,2","71,0","0,4690","0,2492","0,4495","0,2584","0,4885","0,2401",thumbnail_grossTrial,thumbnail_grossTrial.png,1245.0,1080.0,337.0,0.0,798.0,692.0,Unclassified,17.0,444.0,,,,,,
29318,48399973,1400487671260,Eye Tracker,Participant0058,17.09.2021,Participant0058,Recording4,17.09.2021,17.09.2021,14:48:45.713,12:48:45.713,64514,Timeline2,Tobii I-VT (Fixation),1.145.28180,1080,1920,"10,00",716262746.0,,,,,,,,,,,,,,,,,Invalid,Invalid,,,,,,,,,,,,,,,,,thumbnail_grossTrial,thumbnail_grossTrial.png,1245.0,1080.0,337.0,0.0,798.0,692.0,EyesNotFound,8.0,409.0,,,,,,
29319,48408283,1400487679570,Eye Tracker,Participant0058,17.09.2021,Participant0058,Recording4,17.09.2021,17.09.2021,14:48:45.713,12:48:45.713,64514,Timeline2,Tobii I-VT (Fixation),1.145.28180,1080,1920,"10,00",716271055.0,,,930.0,269.0,908.0,284.0,952.0,254.0,"0,02932","-0,04426","-0,99859","-0,06087","-0,05805","-0,99646",,,Valid,Valid,"233,7","100,6","514,9","292,4","99,6","515,3","248,8","77,8","260,9","69,6","0,4758","0,2494","0,4581","0,2632","0,4935","0,2356",thumbnail_grossTrial,thumbnail_grossTrial.png,1245.0,1080.0,337.0,0.0,798.0,692.0,Unclassified,17.0,445.0,,,,,,
29320,48416605,1400487687892,Eye Tracker,Participant0058,17.09.2021,Participant0058,Recording4,17.09.2021,17.09.2021,14:48:45.713,12:48:45.713,64514,Timeline2,Tobii I-VT (Fixation),1.145.28180,1080,1920,"10,00",716279377.0,,,933.0,282.0,914.0,306.0,951.0,257.0,"0,03294","-0,03258","-0,99893","-0,06140","-0,05648","-0,99651",,,Valid,Valid,"233,6","100,6","514,9","292,3","99,7","515,3","250,6","83,8","260,6","70,5","0,4780","0,2610","0,4634","0,2836","0,4926","0,2384",thumbnail_grossTrial,thumbnail_grossTrial.png,1245.0,1080.0,337.0,0.0,798.0,692.0,Unclassified,17.0,445.0,,,,,,
29321,48424937,1400487696224,Eye Tracker,Participant0058,17.09.2021,Participant0058,Recording4,17.09.2021,17.09.2021,14:48:45.713,12:48:45.713,64514,Timeline2,Tobii I-VT (Fixation),1.145.28180,1080,1920,"10,00",716287709.0,,,,,,,,,,,,,,,,,Invalid,Invalid,,,,,,,,,,,,,,,,,thumbnail_grossTrial,thumbnail_grossTrial.png,1245.0,1080.0,337.0,0.0,798.0,692.0,EyesNotFound,8.0,410.0,,,,,,
29322,48433292,1400487704579,Eye Tracker,Participant0058,17.09.2021,Participant0058,Recording4,17.09.2021,17.09.2021,14:48:45.713,12:48:45.713,64514,Timeline2,Tobii I-VT (Fixation),1.145.28180,1080,1920,"10,00",716296064.0,,,930.0,280.0,913.0,298.0,948.0,262.0,"0,03193","-0,03687","-0,99881","-0,06304","-0,05427","-0,99653",,,Valid,Valid,"233,7","100,7","514,9","292,4","99,7","515,2","250,2","81,7","259,8","71,6","0,4762","0,2593","0,4621","0,2763","0,4902","0,2424",thumbnail_grossTrial,thumbnail_grossTrial.png,1245.0,1080.0,337.0,0.0,798.0,692.0,Unclassified,17.0,446.0,,,,,,
29323,48441605,1400487712892,Eye Tracker,Participant0058,17.09.2021,Participant0058,Recording4,17.09.2021,17.09.2021,14:48:45.713,12:48:45.713,64514,Timeline2,Tobii I-VT (Fixation),1.145.28180,1080,1920,"10,00",716304376.0,,,929.0,280.0,909.0,295.0,948.0,266.0,"0,03019","-0,03883","-0,99879","-0,06276","-0,05228","-0,99666",,,Valid,Valid,"233,6","100,7","514,9","292,3","99,7","515,3","249,2","80,6","259,9","72,7","0,4749","0,2594","0,4593","0,2729","0,4905","0,2459",thumbnail_grossTrial,thumbnail_grossTrial.png,1245.0,1080.0,337.0,0.0,798.0,692.0,Unclassified,17.0,446.0,,,,,,
29324,48449907,1400487721194,Eye Tracker,Participant0058,17.09.2021,Participant0058,Recording4,17.09.2021,17.09.2021,14:48:45.713,12:48:45.713,64514,Timeline2,Tobii I-VT (Fixation),1.145.28180,1080,1920,"10,00",716312678.0,,,,,,,,,,,,,,,,,Invalid,Invalid,,,,,,,,,,,,,,,,,thumbnail_grossTrial,thumbnail_grossTrial.png,1245.0,1080.0,337.0,0.0,798.0,692.0,EyesNotFound,8.0,411.0,,,,,,
29325,48458280,1400487729567,Eye Tracker,Participant0058,17.09.2021,Participant0058,Recording4,17.09.2021,17.09.2021,14:48:45.713,12:48:45.713,64514,Timeline2,Tobii I-VT (Fixation),1.145.28180,1080,1920,"10,00",716321051.0,,,928.0,278.0,901.0,286.0,955.0,270.0,"0,02562","-0,04328","-0,99873","-0,05926","-0,04999","-0,99699",,,Valid,Valid,"233,7","100,7","514,9","292,4","99,8","515,2","246,9","78,4","261,7","73,9","0,4743","0,2577","0,4526","0,2652","0,4960","0,2501",thumbnail_grossTrial,thumbnail_grossTrial.png,1245.0,1080.0,337.0,0.0,798.0,692.0,Unclassified,17.0,447.0,,,,,,
29326,48466600,1400487737887,Eye Tracker,Participant0058,17.09.2021,Participant0058,Recording4,17.09.2021,17.09.2021,14:48:45.713,12:48:45.713,64514,Timeline2,Tobii I-VT (Fixation),1.145.28180,1080,1920,"10,00",716329370.0,,,924.0,274.0,903.0,281.0,946.0,268.0,"0,02679","-0,04626","-0,99857","-0,06414","-0,05129","-0,99662",,,Valid,Valid,"233,6","100,7","514,9","292,3","99,8","515,2","247,5","76,8","259,2","73,3","0,4713","0,2539","0,4542","0,2600","0,4885","0,2479",thumbnail_grossTrial,thumbnail_grossTrial.png,1245.0,1080.0,337.0,0.0,798.0,692.0,Unclassified,17.0,447.0,,,,,,
29327,48474903,1400487746190,Eye Tracker,Participant0058,17.09.2021,Participant0058,Recording4,17.09.2021,17.09.2021,14:48:45.713,12:48:45.713,64514,Timeline2,Tobii I-VT (Fixation),1.145.28180,1080,1920,"10,00",716337673.0,,,,,,,,,,,,,,,,,Invalid,Invalid,,,,,,,,,,,,,,,,,thumbnail_grossTrial,thumbnail_grossTrial.png,1245.0,1080.0,337.0,0.0,798.0,692.0,EyesNotFound,8.0,412.0,,,,,,
29328,48483277,1400487754564,Eye Tracker,Participant0058,17.09.2021,Participant0058,Recording4,17.09.2021,17.09.2021,14:48:45.713,12:48:45.713,64514,Timeline2,Tobii I-VT (Fixation),1.145.28180,1080,1920,"10,00",716346047.0,,,928.0,282.0,911.0,295.0,944.0,270.0,"0,03100","-0,03902","-0,99876","-0,06491","-0,04986","-0,99664",,,Valid,Valid,"233,7","100,7","514,9","292,4","99,8","515,2","249,7","80,6","258,8","74,0","0,4741","0,2616","0,4607","0,2727","0,4875","0,2505",thumbnail_grossTrial,thumbnail_grossTrial.png,1245.0,1080.0,337.0,0.0,798.0,692.0,Unclassified,17.0,448.0,,,,,,
29329,48491666,1400487762953,Eye Tracker,Participant0058,17.09.2021,Participant0058,Recording4,17.09.2021,17.09.2021,14:48:45.713,12:48:45.713,64514,Timeline2,Tobii I-VT (Fixation),1.145.28180,1080,1920,"10,00",716354436.0,,,928.0,283.0,911.0,294.0,946.0,272.0,"0,03096","-0,03929","-0,99875","-0,06410","-0,04900","-0,99674",,,Valid,Valid,"233,7","100,7","514,9","292,3","99,8","515,2","249,6","80,4","259,2","74,5","0,4745","0,2621","0,4605","0,2722","0,4886","0,2520",thumbnail_grossTrial,thumbnail_grossTrial.png,1245.0,1080.0,337.0,0.0,798.0,692.0,Unclassified,17.0,448.0,,,,,,
29330,48499903,1400487771190,Eye Tracker,Participant0058,17.09.2021,Participant0058,Recording4,17.09.2021,17.09.2021,14:48:45.713,12:48:45.713,64514,Timeline2,Tobii I-VT (Fixation),1.145.28180,1080,1920,"10,00",716362672.0,,,,,,,,,,,,,,,,,Invalid,Invalid,,,,,,,,,,,,,,,,,thumbnail_grossTrial,thumbnail_grossTrial.png,1245.0,1080.0,337.0,0.0,798.0,692.0,EyesNotFound,8.0,413.0,,,,,,
29331,48508241,1400487779528,Eye Tracker,Participant0058,17.09.2021,Participant0058,Recording4,17.09.2021,17.09.2021,14:48:45.713,12:48:45.713,64514,Timeline2,Tobii I-VT (Fixation),1.145.28180,1080,1920,"10,00",716371010.0,,,926.0,277.0,905.0,285.0,946.0,270.0,"0,02792","-0,04417","-0,99863","-0,06424","-0,05027","-0,99667",,,Valid,Valid,"233,7","100,7","514,8","292,4","99,8","515,2","248,1","77,9","259,2","73,8","0,4723","0,2567","0,4561","0,2637","0,4885","0,2497",thumbnail_grossTrial,thumbnail_grossTrial.png,1245.0,1080.0,337.0,0.0,798.0,692.0,Unclassified,17.0,449.0,,,,,,
29332,48516569,1400487787856,Eye Tracker,Participant0058,17.09.2021,Participant0058,Recording4,17.09.2021,17.09.2021,14:48:45.713,12:48:45.713,64514,Timeline2,Tobii I-VT (Fixation),1.145.28180,1080,1920,"10,00",716379338.0,,,930.0,279.0,906.0,285.0,953.0,272.0,"0,02848","-0,04385","-0,99863","-0,06021","-0,04878","-0,99699",,,Valid,Valid,"233,7","100,7","514,8","292,3","99,7","515,2","248,3","78,1","261,2","74,5","0,4756","0,2582","0,4568","0,2642","0,4945","0,2522",thumbnail_grossTrial,thumbnail_grossTrial.png,1245.0,1080.0,337.0,0.0,798.0,692.0,Unclassified,17.0,449.0,,,,,,
29333,48524902,1400487796189,Eye Tracker,Participant0058,17.09.2021,Participant0058,Recording4,17.09.2021,17.09.2021,14:48:45.713,12:48:45.713,64514,Timeline2,Tobii I-VT (Fixation),1.145.28180,1080,1920,"10,00",716387670.0,,,,,,,,,,,,,,,,,Invalid,Invalid,,,,,,,,,,,,,,,,,thumbnail_grossTrial,thumbnail_grossTrial.png,1245.0,1080.0,337.0,0.0,798.0,692.0,EyesNotFound,8.0,414.0,,,,,,
29334,48533265,1400487804552,Eye Tracker,Participant0058,17.09.2021,Participant0058,Recording4,17.09.2021,17.09.2021,14:48:45.713,12:48:45.713,64514,Timeline2,Tobii I-VT (Fixation),1.145.28180,1080,1920,"10,00",716396033.0,,,936.0,284.0,915.0,300.0,957.0,268.0,"0,03294","-0,03625","-0,99880","-0,05834","-0,05080","-0,99700",,,Valid,Valid,"233,7","100,7","514,7","292,4","99,7","515,2","250,7","82,0","262,3","73,5","0,4806","0,2630","0,4637","0,2775","0,4976","0,2485",thumbnail_grossTrial,thumbnail_grossTrial.png,1245.0,1080.0,337.0,0.0,798.0,692.0,Unclassified,17.0,450.0,,,,,,
29335,48541602,1400487812889,Eye Tracker,Participant0058,17.09.2021,Participant0058,Recording4,17.09.2021,17.09.2021,14:48:45.713,12:48:45.713,64514,Timeline2,Tobii I-VT (Fixation),1.145.28180,1080,1920,"10,00",716404370.0,,,932.0,285.0,913.0,298.0,952.0,273.0,"0,03190","-0,03730","-0,99879","-0,06067","-0,04813","-0,99700",,,Valid,Valid,"233,7","100,7","514,7","292,4","99,7","515,3","250,1","81,5","261,0","74,8","0,4779","0,2643","0,4620","0,2756","0,4939","0,2530",thumbnail_grossTrial,thumbnail_grossTrial.png,1245.0,1080.0,337.0,0.0,798.0,692.0,Unclassified,17.0,450.0,,,,,,
29336,48549938,1400487821225,Eye Tracker,Participant0058,17.09.2021,Participant0058,Recording4,17.09.2021,17.09.2021,14:48:45.713,12:48:45.713,64514,Timeline2,Tobii I-VT (Fixation),1.145.28180,1080,1920,"10,00",716412706.0,,,,,,,,,,,,,,,,,Invalid,Invalid,,,,,,,,,,,,,,,,,thumbnail_grossTrial,thumbnail_grossTrial.png,1245.0,1080.0,337.0,0.0,798.0,692.0,EyesNotFound,8.0,415.0,,,,,,
29337,48558309,1400487829596,Eye Tracker,Participant0058,17.09.2021,Participant0058,Recording4,17.09.2021,17.09.2021,14:48:45.713,12:48:45.713,64514,Timeline2,Tobii I-VT (Fixation),1.145.28180,1080,1920,"10,00",716421076.0,,,928.0,284.0,906.0,292.0,949.0,275.0,"0,02832","-0,04034","-0,99878","-0,06236","-0,04707","-0,99694",,,Valid,Valid,"233,8","100,7","514,6","292,5","99,6","515,3","248,4","79,9","260,2","75,3","0,4742","0,2626","0,4568","0,2704","0,4915","0,2547",thumbnail_grossTrial,thumbnail_grossTrial.png,1245.0,1080.0,337.0,0.0,798.0,692.0,Unclassified,17.0,451.0,,,,,,
29338,48566602,1400487837889,Eye Tracker,Participant0058,17.09.2021,Participant0058,Recording4,17.09.2021,17.09.2021,14:48:45.713,12:48:45.713,64514,Timeline2,Tobii I-VT (Fixation),1.145.28180,1080,1920,"10,00",716429369.0,,,928.0,280.0,907.0,295.0,950.0,265.0,"0,02864","-0,03895","-0,99883","-0,06179","-0,05257","-0,99670",,,Valid,Valid,"233,7","100,7","514,6","292,4","99,6","515,4","248,5","80,6","260,4","72,4","0,4746","0,2589","0,4571","0,2728","0,4922","0,2450",thumbnail_grossTrial,thumbnail_grossTrial.png,1245.0,1080.0,337.0,0.0,798.0,692.0,Unclassified,17.0,451.0,,,,,,
29339,48574896,1400487846183,Eye Tracker,Participant0058,17.09.2021,Participant0058,Recording4,17.09.2021,17.09.2021,14:48:45.713,12:48:45.713,64514,Timeline2,Tobii I-VT (Fixation),1.145.28180,1080,1920,"10,00",716437663.0,,,,,,,,,,,,,,,,,Invalid,Invalid,,,,,,,,,,,,,,,,,thumbnail_grossTrial,thumbnail_grossTrial.png,1245.0,1080.0,337.0,0.0,798.0,692.0,EyesNotFound,8.0,416.0,,,,,,
29340,48583306,1400487854593,Eye Tracker,Participant0058,17.09.2021,Participant0058,Recording4,17.09.2021,17.09.2021,14:48:45.713,12:48:45.713,64514,Timeline2,Tobii I-VT (Fixation),1.145.28180,1080,1920,"10,00",716446072.0,,,930.0,273.0,907.0,283.0,954.0,263.0,"0,02858","-0,04506","-0,99858","-0,06009","-0,05348","-0,99676",,,Valid,Valid,"233,8","100,7","514,5","292,5","99,6","515,4","248,5","77,5","261,4","71,9","0,4761","0,2528","0,4572","0,2622","0,4950","0,2433",thumbnail_grossTrial,thumbnail_grossTrial.png,1245.0,1080.0,337.0,0.0,798.0,692.0,Unclassified,17.0,452.0,,,,,,
29341,48591647,1400487862934,Eye Tracker,Participant0058,17.09.2021,Participant0058,Recording4,17.09.2021,17.09.2021,14:48:45.713,12:48:45.713,64514,Timeline2,Tobii I-VT (Fixation),1.145.28180,1080,1920,"10,00",716454413.0,,,934.0,275.0,907.0,285.0,960.0,265.0,"0,02912","-0,04400","-0,99861","-0,05688","-0,05245","-0,99700",,,Valid,Valid,"233,7","100,7","514,5","292,4","99,6","515,4","248,7","78,1","263,0","72,5","0,4787","0,2546","0,4578","0,2641","0,4997","0,2452",thumbnail_grossTrial,thumbnail_grossTrial.png,1245.0,1080.0,337.0,0.0,798.0,692.0,Unclassified,17.0,452.0,,,,,,
29342,48599908,1400487871195,Eye Tracker,Participant0058,17.09.2021,Participant0058,Recording4,17.09.2021,17.09.2021,14:48:45.713,12:48:45.713,64514,Timeline2,Tobii I-VT (Fixation),1.145.28180,1080,1920,"10,00",716462674.0,,,,,,,,,,,,,,,,,Invalid,Invalid,,,,,,,,,,,,,,,,,thumbnail_grossTrial,thumbnail_grossTrial.png,1245.0,1080.0,337.0,0.0,798.0,692.0,EyesNotFound,8.0,417.0,,,,,,
29343,48608245,1400487879532,Eye Tracker,Participant0058,17.09.2021,Participant0058,Recording4,17.09.2021,17.09.2021,14:48:45.713,12:48:45.713,64514,Timeline2,Tobii I-VT (Fixation),1.145.28180,1080,1920,"10,00",716471011.0,,,937.0,277.0,913.0,286.0,961.0,269.0,"0,03182","-0,04351","-0,99855","-0,05631","-0,05052","-0,99713",,,Valid,Valid,"233,8","100,8","514,4","292,5","99,6","515,4","250,2","78,4","263,4","73,5","0,4814","0,2569","0,4621","0,2652","0,5007","0,2487",thumbnail_grossTrial,thumbnail_grossTrial.png,1245.0,1080.0,337.0,0.0,798.0,692.0,Unclassified,17.0,453.0,,,,,,
29344,48616606,1400487887893,Eye Tracker,Participant0058,17.09.2021,Participant0058,Recording4,17.09.2021,17.09.2021,14:48:45.713,12:48:45.713,64514,Timeline2,Tobii I-VT (Fixation),1.145.28180,1080,1920,"10,00",716479371.0,,,937.0,277.0,915.0,285.0,959.0,270.0,"0,03296","-0,04445","-0,99847","-0,05694","-0,04972","-0,99714",,,Valid,Valid,"233,7","100,8","514,3","292,4","99,6","515,3","250,7","77,9","263,0","73,9","0,4816","0,2569","0,4636","0,2636","0,4996","0,2502",thumbnail_grossTrial,thumbnail_grossTrial.png,1245.0,1080.0,337.0,0.0,798.0,692.0,Unclassified,17.0,453.0,,,,,,
29345,48624922,1400487896209,Eye Tracker,Participant0058,17.09.2021,Participant0058,Recording4,17.09.2021,17.09.2021,14:48:45.713,12:48:45.713,64514,Timeline2,Tobii I-VT (Fixation),1.145.28180,1080,1920,"10,00",716487687.0,,,,,,,,,,,,,,,,,Invalid,Invalid,,,,,,,,,,,,,,,,,thumbnail_grossTrial,thumbnail_grossTrial.png,1245.0,1080.0,337.0,0.0,798.0,692.0,EyesNotFound,8.0,418.0,,,,,,
29346,48633261,1400487904548,Eye Tracker,Participant0058,17.09.2021,Participant0058,Recording4,17.09.2021,17.09.2021,14:48:45.713,12:48:45.713,64514,Timeline2,Tobii I-VT (Fixation),1.145.28180,1080,1920,"10,00",716496026.0,,,939.0,278.0,918.0,293.0,959.0,264.0,"0,03485","-0,04034","-0,99858","-0,05720","-0,05308","-0,99695",,,Valid,Valid,"233,8","100,9","514,2","292,4","99,7","515,2","251,7","80,1","262,9","72,3","0,4830","0,2578","0,4666","0,2710","0,4993","0,2446",thumbnail_grossTrial,thumbnail_grossTrial.png,1245.0,1080.0,337.0,0.0,798.0,692.0,Unclassified,17.0,454.0,,,,,,
29347,48641560,1400487912847,Eye Tracker,Participant0058,17.09.2021,Participant0058,Recording4,17.09.2021,17.09.2021,14:48:45.713,12:48:45.713,64514,Timeline2,Tobii I-VT (Fixation),1.145.28180,1080,1920,"10,00",716504324.0,,,937.0,277.0,919.0,293.0,955.0,261.0,"0,03521","-0,04010","-0,99858","-0,05947","-0,05490","-0,99672",,,Valid,Valid,"233,7","100,9","514,2","292,4","99,8","515,1","251,8","80,2","261,6","71,4","0,4813","0,2565","0,4670","0,2715","0,4957","0,2415",thumbnail_grossTrial,thumbnail_grossTrial.png,1245.0,1080.0,337.0,0.0,798.0,692.0,Unclassified,17.0,454.0,,,,,,
29348,48649901,1400487921188,Eye Tracker,Participant0058,17.09.2021,Participant0058,Recording4,17.09.2021,17.09.2021,14:48:45.713,12:48:45.713,64514,Timeline2,Tobii I-VT (Fixation),1.145.28180,1080,1920,"10,00",716512665.0,,,,,,,,,,,,,,,,,Invalid,Invalid,,,,,,,,,,,,,,,,,thumbnail_grossTrial,thumbnail_grossTrial.png,1245.0,1080.0,337.0,0.0,798.0,692.0,EyesNotFound,8.0,419.0,,,,,,
29349,48658266,1400487929553,Eye Tracker,Participant0058,17.09.2021,Participant0058,Recording4,17.09.2021,17.09.2021,14:48:45.713,12:48:45.713,64514,Timeline2,Tobii I-VT (Fixation),1.145.28180,1080,1920,"10,00",716521030.0,,,939.0,282.0,925.0,289.0,953.0,275.0,"0,03850","-0,04257","-0,99835","-0,06071","-0,04782","-0,99701",,,Valid,Valid,"233,8","100,9","514,1","292,4","99,9","514,9","253,6","79,0","261,1","75,2","0,4831","0,2608","0,4721","0,2674","0,4940","0,2543",thumbnail_grossTrial,thumbnail_grossTrial.png,1245.0,1080.0,337.0,0.0,798.0,692.0,Unclassified,17.0,455.0,,,,,,
29350,48666555,1400487937842,Eye Tracker,Participant0058,17.09.2021,Participant0058,Recording4,17.09.2021,17.09.2021,14:48:45.713,12:48:45.713,64514,Timeline2,Tobii I-VT (Fixation),1.145.28180,1080,1920,"10,00",716529319.0,,,933.0,285.0,919.0,303.0,948.0,267.0,"0,03543","-0,03522","-0,99875","-0,06317","-0,05194","-0,99665",,,Valid,Valid,"233,7","101,0","514,1","292,3","99,9","514,8","252,0","82,8","259,7","73,1","0,4787","0,2638","0,4673","0,2802","0,4901","0,2473",thumbnail_grossTrial,thumbnail_grossTrial.png,1245.0,1080.0,337.0,0.0,798.0,692.0,Unclassified,17.0,455.0,,,,,,
29351,48674918,1400487946205,Eye Tracker,Participant0058,17.09.2021,Participant0058,Recording4,17.09.2021,17.09.2021,14:48:45.713,12:48:45.713,64514,Timeline2,Tobii I-VT (Fixation),1.145.28180,1080,1920,"10,00",716537681.0,,,,,,,,,,,,,,,,,Invalid,Invalid,,,,,,,,,,,,,,,,,thumbnail_grossTrial,thumbnail_grossTrial.png,1245.0,1080.0,337.0,0.0,798.0,692.0,EyesNotFound,8.0,420.0,,,,,,
29352,48683253,1400487954540,Eye Tracker,Participant0058,17.09.2021,Participant0058,Recording4,17.09.2021,17.09.2021,14:48:45.713,12:48:45.713,64514,Timeline2,Tobii I-VT (Fixation),1.145.28180,1080,1920,"10,00",716546016.0,,,938.0,276.0,916.0,305.0,960.0,247.0,"0,03351","-0,03426","-0,99885","-0,05660","-0,06301","-0,99641",,,Valid,Valid,"233,8","101,0","514,0","292,4","100,0","514,6","251,0","83,3","263,1","67,5","0,4823","0,2551","0,4645","0,2820","0,5001","0,2283",thumbnail_grossTrial,thumbnail_grossTrial.png,1245.0,1080.0,337.0,0.0,798.0,692.0,Unclassified,17.0,456.0,,,,,,
29353,48691579,1400487962866,Eye Tracker,Participant0058,17.09.2021,Participant0058,Recording4,17.09.2021,17.09.2021,14:48:45.713,12:48:45.713,64514,Timeline2,Tobii I-VT (Fixation),1.145.28180,1080,1920,"10,00",716554342.0,,,936.0,282.0,914.0,301.0,959.0,262.0,"0,03247","-0,03614","-0,99882","-0,05699","-0,05471","-0,99687",,,Valid,Valid,"233,7","101,0","514,0","292,3","100,0","514,5","250,4","82,4","262,9","71,8","0,4811","0,2608","0,4628","0,2787","0,4993","0,2429",thumbnail_grossTrial,thumbnail_grossTrial.png,1245.0,1080.0,337.0,0.0,798.0,692.0,Unclassified,17.0,456.0,,,,,,
29354,48699982,1400487971269,Eye Tracker,Participant0058,17.09.2021,Participant0058,Recording4,17.09.2021,17.09.2021,14:48:45.713,12:48:45.713,64514,Timeline2,Tobii I-VT (Fixation),1.145.28180,1080,1920,"10,00",716562744.0,,,,,,,,,,,,,,,,,Invalid,Invalid,,,,,,,,,,,,,,,,,thumbnail_grossTrial,thumbnail_grossTrial.png,1245.0,1080.0,337.0,0.0,798.0,692.0,EyesNotFound,8.0,421.0,,,,,,
29355,48708253,1400487979540,Eye Tracker,Participant0058,17.09.2021,Participant0058,Recording4,17.09.2021,17.09.2021,14:48:45.713,12:48:45.713,64514,Timeline2,Tobii I-VT (Fixation),1.145.28180,1080,1920,"10,00",716571015.0,,,936.0,287.0,913.0,295.0,959.0,280.0,"0,03202","-0,03957","-0,99870","-0,05719","-0,04540","-0,99733",,,Valid,Valid,"233,8","101,0","514,0","292,3","100,1","514,2","250,2","80,6","262,8","76,7","0,4807","0,2661","0,4623","0,2727","0,4992","0,2595",thumbnail_grossTrial,thumbnail_grossTrial.png,1245.0,1080.0,337.0,0.0,798.0,692.0,Unclassified,17.0,457.0,,,,,,
29356,48716581,1400487987868,Eye Tracker,Participant0058,17.09.2021,Participant0058,Recording4,17.09.2021,17.09.2021,14:48:45.713,12:48:45.713,64514,Timeline2,Tobii I-VT (Fixation),1.145.28180,1080,1920,"10,00",716579343.0,,,938.0,282.0,918.0,291.0,959.0,273.0,"0,03461","-0,04154","-0,99854","-0,05729","-0,04948","-0,99713",,,Valid,Valid,"233,7","101,0","514,0","292,3","100,2","514,2","251,5","79,6","262,7","74,6","0,4824","0,2609","0,4660","0,2693","0,4989","0,2525",thumbnail_grossTrial,thumbnail_grossTrial.png,1245.0,1080.0,337.0,0.0,798.0,692.0,Unclassified,17.0,457.0,,,,,,
29357,48724885,1400487996172,Eye Tracker,Participant0058,17.09.2021,Participant0058,Recording4,17.09.2021,17.09.2021,14:48:45.713,12:48:45.713,64514,Timeline2,Tobii I-VT (Fixation),1.145.28180,1080,1920,"10,00",716587647.0,,,,,,,,,,,,,,,,,Invalid,Invalid,,,,,,,,,,,,,,,,,thumbnail_grossTrial,thumbnail_grossTrial.png,1245.0,1080.0,337.0,0.0,798.0,692.0,EyesNotFound,8.0,422.0,,,,,,
29358,48733249,1400488004536,Eye Tracker,Participant0058,17.09.2021,Participant0058,Recording4,17.09.2021,17.09.2021,14:48:45.713,12:48:45.713,64514,Timeline2,Tobii I-VT (Fixation),1.145.28180,1080,1920,"10,00",716596010.0,,,936.0,280.0,914.0,296.0,958.0,264.0,"0,03279","-0,03861","-0,99872","-0,05787","-0,05439","-0,99684",,,Valid,Valid,"233,7","101,0","514,0","292,3","100,2","514,0","250,6","81,1","262,5","72,2","0,4807","0,2592","0,4634","0,2743","0,4981","0,2441",thumbnail_grossTrial,thumbnail_grossTrial.png,1245.0,1080.0,337.0,0.0,798.0,692.0,Unclassified,17.0,458.0,,,,,,
29359,48741552,1400488012839,Eye Tracker,Participant0058,17.09.2021,Participant0058,Recording4,17.09.2021,17.09.2021,14:48:45.713,12:48:45.713,64514,Timeline2,Tobii I-VT (Fixation),1.145.28180,1080,1920,"10,00",716604313.0,,,931.0,283.0,907.0,303.0,954.0,263.0,"0,02902","-0,03505","-0,99896","-0,05953","-0,05464","-0,99673",,,Valid,Valid,"233,7","100,9","514,1","292,2","100,2","514,0","248,6","82,9","261,5","72,0","0,4765","0,2621","0,4575","0,2804","0,4954","0,2437",thumbnail_grossTrial,thumbnail_grossTrial.png,1245.0,1080.0,337.0,0.0,798.0,692.0,Unclassified,17.0,458.0,,,,,,
29360,48749925,1400488021212,Eye Tracker,Participant0058,17.09.2021,Participant0058,Recording4,17.09.2021,17.09.2021,14:48:45.713,12:48:45.713,64514,Timeline2,Tobii I-VT (Fixation),1.145.28180,1080,1920,"10,00",716612686.0,,,,,,,,,,,,,,,,,Invalid,Invalid,,,,,,,,,,,,,,,,,thumbnail_grossTrial,thumbnail_grossTrial.png,1245.0,1080.0,337.0,0.0,798.0,692.0,EyesNotFound,8.0,423.0,,,,,,
29361,48758237,1400488029524,Eye Tracker,Participant0058,17.09.2021,Participant0058,Recording4,17.09.2021,17.09.2021,14:48:45.713,12:48:45.713,64514,Timeline2,Tobii I-VT (Fixation),1.145.28180,1080,1920,"10,00",716620997.0,,,932.0,286.0,913.0,308.0,950.0,263.0,"0,03215","-0,03216","-0,99897","-0,06169","-0,05459","-0,99660",,,Valid,Valid,"233,7","100,9","514,2","292,3","100,2","513,9","250,3","84,3","260,5","72,1","0,4773","0,2646","0,4624","0,2853","0,4923","0,2438",thumbnail_grossTrial,thumbnail_grossTrial.png,1245.0,1080.0,337.0,0.0,798.0,692.0,Unclassified,17.0,459.0,,,,,,
29362,48766581,1400488037868,Eye Tracker,Participant0058,17.09.2021,Participant0058,Recording4,17.09.2021,17.09.2021,14:48:45.713,12:48:45.713,64514,Timeline2,Tobii I-VT (Fixation),1.145.28180,1080,1920,"10,00",716629341.0,,,934.0,286.0,915.0,303.0,954.0,269.0,"0,03300","-0,03498","-0,99884","-0,05964","-0,05171","-0,99688",,,Valid,Valid,"233,7","100,8","514,3","292,2","100,2","513,9","250,6","82,8","261,5","73,6","0,4794","0,2645","0,4635","0,2802","0,4952","0,2489",thumbnail_grossTrial,thumbnail_grossTrial.png,1245.0,1080.0,337.0,0.0,798.0,692.0,Unclassified,17.0,459.0,,,,,,
29363,48774928,1400488046215,Eye Tracker,Participant0058,17.09.2021,Participant0058,Recording4,17.09.2021,17.09.2021,14:48:45.713,12:48:45.713,64514,Timeline2,Tobii I-VT (Fixation),1.145.28180,1080,1920,"10,00",716637688.0,,,,,,,,,,,,,,,,,Invalid,Invalid,,,,,,,,,,,,,,,,,thumbnail_grossTrial,thumbnail_grossTrial.png,1245.0,1080.0,337.0,0.0,798.0,692.0,EyesNotFound,8.0,424.0,,,,,,
29364,48783246,1400488054533,Eye Tracker,Participant0058,17.09.2021,Participant0058,Recording4,17.09.2021,17.09.2021,14:48:45.713,12:48:45.713,64514,Timeline2,Tobii I-VT (Fixation),1.145.28180,1080,1920,"10,00",716646006.0,,,931.0,275.0,908.0,289.0,953.0,262.0,"0,02927","-0,04232","-0,99868","-0,06009","-0,05532","-0,99666",,,Valid,Valid,"233,7","100,8","514,5","292,3","100,2","513,9","248,8","79,0","261,3","71,7","0,4764","0,2548","0,4581","0,2671","0,4947","0,2425",thumbnail_grossTrial,thumbnail_grossTrial.png,1245.0,1080.0,337.0,0.0,798.0,692.0,Unclassified,17.0,460.0,,,,,,
29365,48791576,1400488062863,Eye Tracker,Participant0058,17.09.2021,Participant0058,Recording4,17.09.2021,17.09.2021,14:48:45.713,12:48:45.713,64514,Timeline2,Tobii I-VT (Fixation),1.145.28180,1080,1920,"10,00",716654335.0,,,927.0,278.0,907.0,289.0,947.0,267.0,"0,02903","-0,04217","-0,99869","-0,06316","-0,05252","-0,99662",,,Valid,Valid,"233,6","100,7","514,6","292,2","100,2","514,0","248,6","79,0","259,7","73,1","0,4737","0,2572","0,4575","0,2672","0,4899","0,2473",thumbnail_grossTrial,thumbnail_grossTrial.png,1245.0,1080.0,337.0,0.0,798.0,692.0,Unclassified,17.0,460.0,,,,,,
29366,48799908,1400488071195,Eye Tracker,Participant0058,17.09.2021,Participant0058,Recording4,17.09.2021,17.09.2021,14:48:45.713,12:48:45.713,64514,Timeline2,Tobii I-VT (Fixation),1.145.28180,1080,1920,"10,00",716662667.0,,,,,,,,,,,,,,,,,Invalid,Invalid,,,,,,,,,,,,,,,,,thumbnail_grossTrial,thumbnail_grossTrial.png,1245.0,1080.0,337.0,0.0,798.0,692.0,EyesNotFound,8.0,425.0,,,,,,
29367,48808298,1400488079585,Eye Tracker,Participant0058,17.09.2021,Participant0058,Recording4,17.09.2021,17.09.2021,14:48:45.713,12:48:45.713,64514,Timeline2,Tobii I-VT (Fixation),1.145.28180,1080,1920,"10,00",716671057.0,,,929.0,284.0,912.0,294.0,946.0,275.0,"0,03171","-0,03929","-0,99872","-0,06408","-0,04818","-0,99678",,,Valid,Valid,"233,7","100,6","514,8","292,3","100,1","514,0","250,1","80,4","259,2","75,3","0,4752","0,2633","0,4618","0,2720","0,4887","0,2547",thumbnail_grossTrial,thumbnail_grossTrial.png,1245.0,1080.0,337.0,0.0,798.0,692.0,Unclassified,17.0,461.0,,,,,,
29368,48816638,1400488087925,Eye Tracker,Participant0058,17.09.2021,Participant0058,Recording4,17.09.2021,17.09.2021,14:48:45.713,12:48:45.713,64514,Timeline2,Tobii I-VT (Fixation),1.145.28180,1080,1920,"10,00",716679396.0,,,934.0,281.0,918.0,295.0,950.0,267.0,"0,03495","-0,03849","-0,99865","-0,06165","-0,05218","-0,99673",,,Valid,Valid,"233,6","100,6","514,9","292,3","100,1","514,1","251,7","80,7","260,5","73,2","0,4793","0,2604","0,4664","0,2732","0,4923","0,2476",thumbnail_grossTrial,thumbnail_grossTrial.png,1245.0,1080.0,337.0,0.0,798.0,692.0,Unclassified,17.0,461.0,,,,,,
29369,48824876,1400488096163,Eye Tracker,Participant0058,17.09.2021,Participant0058,Recording4,17.09.2021,17.09.2021,14:48:45.713,12:48:45.713,64514,Timeline2,Tobii I-VT (Fixation),1.145.28180,1080,1920,"10,00",716687634.0,,,,,,,,,,,,,,,,,Invalid,Invalid,,,,,,,,,,,,,,,,,thumbnail_grossTrial,thumbnail_grossTrial.png,1245.0,1080.0,337.0,0.0,798.0,692.0,EyesNotFound,8.0,426.0,,,,,,
29370,48833300,1400488104587,Eye Tracker,Participant0058,17.09.2021,Participant0058,Recording4,17.09.2021,17.09.2021,14:48:45.713,12:48:45.713,64514,Timeline2,Tobii I-VT (Fixation),1.145.28180,1080,1920,"10,00",716696058.0,,,933.0,274.0,916.0,289.0,950.0,259.0,"0,03358","-0,04133","-0,99858","-0,06204","-0,05653","-0,99647",,,Valid,Valid,"233,7","100,5","515,0","292,3","100,0","514,2","251,0","79,2","260,3","70,9","0,4782","0,2539","0,4646","0,2680","0,4918","0,2398",thumbnail_grossTrial,thumbnail_grossTrial.png,1245.0,1080.0,337.0,0.0,798.0,692.0,Unclassified,8.0,462.0,,,,,,
29371,48841610,1400488112897,Eye Tracker,Participant0058,17.09.2021,Participant0058,Recording4,17.09.2021,17.09.2021,14:48:45.713,12:48:45.713,64514,Timeline2,Tobii I-VT (Fixation),1.145.28180,1080,1920,"10,00",716704368.0,,,,,,,,,,,,,,,,,Invalid,Invalid,,,,,,,,,,,,,,,,,thumbnail_grossTrial,thumbnail_grossTrial.png,1245.0,1080.0,337.0,0.0,798.0,692.0,EyesNotFound,17.0,427.0,,,,,,
29372,48849921,1400488121208,Eye Tracker,Participant0058,17.09.2021,Participant0058,Recording4,17.09.2021,17.09.2021,14:48:45.713,12:48:45.713,64514,Timeline2,Tobii I-VT (Fixation),1.145.28180,1080,1920,"10,00",716712678.0,,,,,,,,,,,,,,,,,Invalid,Invalid,,,,,,,,,,,,,,,,,thumbnail_grossTrial,thumbnail_grossTrial.png,1245.0,1080.0,337.0,0.0,798.0,692.0,EyesNotFound,17.0,427.0,,,,,,
29373,48858253,1400488129540,Eye Tracker,Participant0058,17.09.2021,Participant0058,Recording4,17.09.2021,17.09.2021,14:48:45.713,12:48:45.713,64514,Timeline2,Tobii I-VT (Fixation),1.145.28180,1080,1920,"10,00",716721010.0,,,939.0,287.0,922.0,294.0,956.0,280.0,"0,03690","-0,03886","-0,99856","-0,05859","-0,04543","-0,99725",,,Valid,Valid,"233,7","100,5","515,1","292,3","100,0","514,3","252,7","80,4","262,1","76,5","0,4833","0,2656","0,4696","0,2722","0,4971","0,2590",thumbnail_grossTrial,thumbnail_grossTrial.png,1245.0,1080.0,337.0,0.0,798.0,692.0,Unclassified,17.0,463.0,,,,,,
29374,48866558,1400488137845,Eye Tracker,Participant0058,17.09.2021,Participant0058,Recording4,17.09.2021,17.09.2021,14:48:45.713,12:48:45.713,64514,Timeline2,Tobii I-VT (Fixation),1.145.28180,1080,1920,"10,00",716729315.0,,,934.0,278.0,911.0,280.0,956.0,276.0,"0,03129","-0,04620","-0,99844","-0,05879","-0,04725","-0,99715",,,Valid,Valid,"233,6","100,5","515,2","292,3","100,0","514,5","249,8","76,6","261,9","75,6","0,4787","0,2575","0,4609","0,2592","0,4966","0,2557",thumbnail_grossTrial,thumbnail_grossTrial.png,1245.0,1080.0,337.0,0.0,798.0,692.0,Unclassified,17.0,463.0,,,,,,
29375,48874880,1400488146167,Eye Tracker,Participant0058,17.09.2021,Participant0058,Recording4,17.09.2021,17.09.2021,14:48:45.713,12:48:45.713,64514,Timeline2,Tobii I-VT (Fixation),1.145.28180,1080,1920,"10,00",716737636.0,,,,,,,,,,,,,,,,,Invalid,Invalid,,,,,,,,,,,,,,,,,thumbnail_grossTrial,thumbnail_grossTrial.png,1245.0,1080.0,337.0,0.0,798.0,692.0,EyesNotFound,8.0,428.0,,,,,,
29376,48883210,1400488154497,Eye Tracker,Participant0058,17.09.2021,Participant0058,Recording4,17.09.2021,17.09.2021,14:48:45.713,12:48:45.713,64514,Timeline2,Tobii I-VT (Fixation),1.145.28180,1080,1920,"10,00",716745966.0,,,932.0,280.0,911.0,293.0,952.0,266.0,"0,03131","-0,03917","-0,99874","-0,06079","-0,05235","-0,99678",,,Valid,Valid,"233,7","100,5","515,2","292,3","99,9","514,5","249,8","80,3","260,9","72,9","0,4774","0,2591","0,4611","0,2716","0,4937","0,2466",thumbnail_grossTrial,thumbnail_grossTrial.png,1245.0,1080.0,337.0,0.0,798.0,692.0,Unclassified,17.0,464.0,,,,,,
29377,48891539,1400488162826,Eye Tracker,Participant0058,17.09.2021,Participant0058,Recording4,17.09.2021,17.09.2021,14:48:45.713,12:48:45.713,64514,Timeline2,Tobii I-VT (Fixation),1.145.28180,1080,1920,"10,00",716754295.0,,,935.0,291.0,914.0,310.0,956.0,272.0,"0,03288","-0,03055","-0,99899","-0,05845","-0,04941","-0,99707",,,Valid,Valid,"233,6","100,5","515,2","292,3","99,9","514,6","250,6","84,7","262,1","74,4","0,4802","0,2692","0,4632","0,2867","0,4971","0,2516",thumbnail_grossTrial,thumbnail_grossTrial.png,1245.0,1080.0,337.0,0.0,798.0,692.0,Unclassified,17.0,464.0,,,,,,
29378,48899917,1400488171204,Eye Tracker,Participant0058,17.09.2021,Participant0058,Recording4,17.09.2021,17.09.2021,14:48:45.713,12:48:45.713,64514,Timeline2,Tobii I-VT (Fixation),1.145.28180,1080,1920,"10,00",716762673.0,,,,,,,,,,,,,,,,,Invalid,Invalid,,,,,,,,,,,,,,,,,thumbnail_grossTrial,thumbnail_grossTrial.png,1245.0,1080.0,337.0,0.0,798.0,692.0,EyesNotFound,8.0,429.0,,,,,,
29379,48908208,1400488179495,Eye Tracker,Participant0058,17.09.2021,Participant0058,Recording4,17.09.2021,17.09.2021,14:48:45.713,12:48:45.713,64514,Timeline2,Tobii I-VT (Fixation),1.145.28180,1080,1920,"10,00",716770963.0,,,936.0,278.0,912.0,290.0,961.0,265.0,"0,03177","-0,04096","-0,99866","-0,05634","-0,05262","-0,99702",,,Valid,Valid,"233,7","100,6","515,0","292,3","99,8","514,7","250,1","79,5","263,3","72,7","0,4811","0,2573","0,4618","0,2688","0,5004","0,2458",thumbnail_grossTrial,thumbnail_grossTrial.png,1245.0,1080.0,337.0,0.0,798.0,692.0,Unclassified,17.0,465.0,,,,,,
29380,48916566,1400488187853,Eye Tracker,Participant0058,17.09.2021,Participant0058,Recording4,17.09.2021,17.09.2021,14:48:45.713,12:48:45.713,64514,Timeline2,Tobii I-VT (Fixation),1.145.28180,1080,1920,"10,00",716779321.0,,,935.0,276.0,916.0,284.0,954.0,269.0,"0,03379","-0,04453","-0,99844","-0,05983","-0,05061","-0,99692",,,Valid,Valid,"233,6","100,6","514,9","292,3","99,8","514,8","251,0","77,6","261,4","73,7","0,4798","0,2559","0,4646","0,2626","0,4950","0,2492",thumbnail_grossTrial,thumbnail_grossTrial.png,1245.0,1080.0,337.0,0.0,798.0,692.0,Unclassified,17.0,465.0,,,,,,
29381,48924869,1400488196156,Eye Tracker,Participant0058,17.09.2021,Participant0058,Recording4,17.09.2021,17.09.2021,14:48:45.713,12:48:45.713,64514,Timeline2,Tobii I-VT (Fixation),1.145.28180,1080,1920,"10,00",716787624.0,,,,,,,,,,,,,,,,,Invalid,Invalid,,,,,,,,,,,,,,,,,thumbnail_grossTrial,thumbnail_grossTrial.png,1245.0,1080.0,337.0,0.0,798.0,692.0,EyesNotFound,8.0,430.0,,,,,,
29382,48933306,1400488204593,Eye Tracker,Participant0058,17.09.2021,Participant0058,Recording4,17.09.2021,17.09.2021,14:48:45.713,12:48:45.713,64514,Timeline2,Tobii I-VT (Fixation),1.145.28180,1080,1920,"10,00",716796060.0,,,936.0,277.0,918.0,286.0,955.0,267.0,"0,03450","-0,04335","-0,99846","-0,05942","-0,05175","-0,99689",,,Valid,Valid,"233,7","100,7","514,7","292,4","99,7","514,9","251,5","78,3","261,7","73,0","0,4809","0,2560","0,4659","0,2650","0,4958","0,2470",thumbnail_grossTrial,thumbnail_grossTrial.png,1245.0,1080.0,337.0,0.0,798.0,692.0,Unclassified,17.0,466.0,,,,,,
29383,48941534,1400488212821,Eye Tracker,Participant0058,17.09.2021,Participant0058,Recording4,17.09.2021,17.09.2021,14:48:45.713,12:48:45.713,64514,Timeline2,Tobii I-VT (Fixation),1.145.28180,1080,1920,"10,00",716804288.0,,,941.0,270.0,915.0,281.0,967.0,259.0,"0,03345","-0,04633","-0,99837","-0,05285","-0,05566","-0,99705",,,Valid,Valid,"233,6","100,7","514,7","292,3","99,7","514,9","250,9","76,8","265,0","71,0","0,4849","0,2500","0,4642","0,2598","0,5056","0,2401",thumbnail_grossTrial,thumbnail_grossTrial.png,1245.0,1080.0,337.0,0.0,798.0,692.0,Unclassified,17.0,466.0,,,,,,
29384,48949876,1400488221163,Eye Tracker,Participant0058,17.09.2021,Participant0058,Recording4,17.09.2021,17.09.2021,14:48:45.713,12:48:45.713,64514,Timeline2,Tobii I-VT (Fixation),1.145.28180,1080,1920,"10,00",716812630.0,,,,,,,,,,,,,,,,,Invalid,Invalid,,,,,,,,,,,,,,,,,thumbnail_grossTrial,thumbnail_grossTrial.png,1245.0,1080.0,337.0,0.0,798.0,692.0,EyesNotFound,8.0,431.0,,,,,,
29385,48958240,1400488229527,Eye Tracker,Participant0058,17.09.2021,Participant0058,Recording4,17.09.2021,17.09.2021,14:48:45.713,12:48:45.713,64514,Timeline2,Tobii I-VT (Fixation),1.145.28180,1080,1920,"10,00",716820994.0,,,940.0,273.0,914.0,283.0,966.0,263.0,"0,03282","-0,04518","-0,99844","-0,05341","-0,05362","-0,99713",,,Valid,Valid,"233,7","100,7","514,5","292,4","99,7","515,0","250,6","77,5","264,8","72,0","0,4842","0,2528","0,4635","0,2621","0,5050","0,2436",thumbnail_grossTrial,thumbnail_grossTrial.png,1245.0,1080.0,337.0,0.0,798.0,692.0,Unclassified,17.0,467.0,,,,,,
29386,48966533,1400488237820,Eye Tracker,Participant0058,17.09.2021,Participant0058,Recording4,17.09.2021,17.09.2021,14:48:45.713,12:48:45.713,64514,Timeline2,Tobii I-VT (Fixation),1.145.28180,1080,1920,"10,00",716829286.0,,,940.0,271.0,914.0,276.0,966.0,266.0,"0,03253","-0,04874","-0,99828","-0,05323","-0,05190","-0,99723",,,Valid,Valid,"233,7","100,8","514,5","292,4","99,7","515,1","250,4","75,6","264,9","72,9","0,4840","0,2512","0,4628","0,2559","0,5052","0,2465",thumbnail_grossTrial,thumbnail_grossTrial.png,1245.0,1080.0,337.0,0.0,798.0,692.0,Unclassified,17.0,467.0,,,,,,
29387,48974865,1400488246152,Eye Tracker,Participant0058,17.09.2021,Participant0058,Recording4,17.09.2021,17.09.2021,14:48:45.713,12:48:45.713,64514,Timeline2,Tobii I-VT (Fixation),1.145.28180,1080,1920,"10,00",716837618.0,,,,,,,,,,,,,,,,,Invalid,Invalid,,,,,,,,,,,,,,,,,thumbnail_grossTrial,thumbnail_grossTrial.png,1245.0,1080.0,337.0,0.0,798.0,692.0,EyesNotFound,8.0,432.0,,,,,,
29388,48983226,1400488254513,Eye Tracker,Participant0058,17.09.2021,Participant0058,Recording4,17.09.2021,17.09.2021,14:48:45.713,12:48:45.713,64514,Timeline2,Tobii I-VT (Fixation),1.145.28180,1080,1920,"10,00",716845979.0,,,945.0,271.0,920.0,278.0,970.0,264.0,"0,03566","-0,04770","-0,99822","-0,05133","-0,05296","-0,99728",,,Valid,Valid,"233,7","100,8","514,4","292,4","99,6","515,1","252,1","76,2","265,9","72,3","0,4880","0,2512","0,4677","0,2579","0,5082","0,2446",thumbnail_grossTrial,thumbnail_grossTrial.png,1245.0,1080.0,337.0,0.0,798.0,692.0,Unclassified,17.0,468.0,,,,,,
29389,48991560,1400488262847,Eye Tracker,Participant0058,17.09.2021,Participant0058,Recording4,17.09.2021,17.09.2021,14:48:45.713,12:48:45.713,64514,Timeline2,Tobii I-VT (Fixation),1.145.28180,1080,1920,"10,00",716854312.0,,,940.0,277.0,919.0,295.0,960.0,258.0,"0,03519","-0,03880","-0,99863","-0,05639","-0,05595","-0,99684",,,Valid,Valid,"233,6","100,8","514,4","292,4","99,6","515,2","251,8","80,8","263,2","70,7","0,4836","0,2564","0,4668","0,2734","0,5003","0,2393",thumbnail_grossTrial,thumbnail_grossTrial.png,1245.0,1080.0,337.0,0.0,798.0,692.0,Unclassified,17.0,468.0,,,,,,
29390,48999910,1400488271197,Eye Tracker,Participant0058,17.09.2021,Participant0058,Recording4,17.09.2021,17.09.2021,14:48:45.713,12:48:45.713,64514,Timeline2,Tobii I-VT (Fixation),1.145.28180,1080,1920,"10,00",716862662.0,,,,,,,,,,,,,,,,,Invalid,Invalid,,,,,,,,,,,,,,,,,thumbnail_grossTrial,thumbnail_grossTrial.png,1245.0,1080.0,337.0,0.0,798.0,692.0,EyesNotFound,8.0,433.0,,,,,,
29391,49008233,1400488279520,Eye Tracker,Participant0058,17.09.2021,Participant0058,Recording4,17.09.2021,17.09.2021,14:48:45.713,12:48:45.713,64514,Timeline2,Tobii I-VT (Fixation),1.145.28180,1080,1920,"10,00",716870985.0,,,937.0,276.0,920.0,290.0,955.0,261.0,"0,03570","-0,04178","-0,99849","-0,05934","-0,05448","-0,99675",,,Valid,Valid,"233,7","100,8","514,4","292,4","99,6","515,2","252,1","79,3","261,7","71,5","0,4818","0,2551","0,4677","0,2684","0,4960","0,2418",thumbnail_grossTrial,thumbnail_grossTrial.png,1245.0,1080.0,337.0,0.0,798.0,692.0,Unclassified,8.0,469.0,,,,,,
29392,49016551,1400488287838,Eye Tracker,Participant0058,17.09.2021,Participant0058,Recording4,17.09.2021,17.09.2021,14:48:45.713,12:48:45.713,64514,Timeline2,Tobii I-VT (Fixation),1.145.28180,1080,1920,"10,00",716879303.0,,,,,,,,,,,,,,,,,Invalid,Invalid,,,,,,,,,,,,,,,,,thumbnail_grossTrial,thumbnail_grossTrial.png,1245.0,1080.0,337.0,0.0,798.0,692.0,EyesNotFound,17.0,434.0,,,,,,
29393,49024869,1400488296156,Eye Tracker,Participant0058,17.09.2021,Participant0058,Recording4,17.09.2021,17.09.2021,14:48:45.713,12:48:45.713,64514,Timeline2,Tobii I-VT (Fixation),1.145.28180,1080,1920,"10,00",716887620.0,,,,,,,,,,,,,,,,,Invalid,Invalid,,,,,,,,,,,,,,,,,thumbnail_grossTrial,thumbnail_grossTrial.png,1245.0,1080.0,337.0,0.0,798.0,692.0,EyesNotFound,17.0,434.0,,,,,,
29394,49033246,1400488304533,Eye Tracker,Participant0058,17.09.2021,Participant0058,Recording4,17.09.2021,17.09.2021,14:48:45.713,12:48:45.713,64514,Timeline2,Tobii I-VT (Fixation),1.145.28180,1080,1920,"10,00",716895997.0,,,934.0,280.0,910.0,299.0,958.0,261.0,"0,03052","-0,03713","-0,99884","-0,05773","-0,05473","-0,99683",,,Valid,Valid,"233,7","100,9","514,4","292,4","99,6","515,2","249,4","81,8","262,5","71,4","0,4790","0,2590","0,4598","0,2766","0,4983","0,2414",thumbnail_grossTrial,thumbnail_grossTrial.png,1245.0,1080.0,337.0,0.0,798.0,692.0,Unclassified,17.0,470.0,,,,,,
29395,49041565,1400488312852,Eye Tracker,Participant0058,17.09.2021,Participant0058,Recording4,17.09.2021,17.09.2021,14:48:45.713,12:48:45.713,64514,Timeline2,Tobii I-VT (Fixation),1.145.28180,1080,1920,"10,00",716904316.0,,,935.0,269.0,910.0,285.0,960.0,254.0,"0,03051","-0,04441","-0,99855","-0,05647","-0,05834","-0,99670",,,Valid,Valid,"233,6","100,9","514,4","292,3","99,6","515,3","249,3","78,0","263,1","69,5","0,4798","0,2495","0,4595","0,2639","0,5000","0,2351",thumbnail_grossTrial,thumbnail_grossTrial.png,1245.0,1080.0,337.0,0.0,798.0,692.0,Unclassified,17.0,470.0,,,,,,
29396,49049863,1400488321150,Eye Tracker,Participant0058,17.09.2021,Participant0058,Recording4,17.09.2021,17.09.2021,14:48:45.713,12:48:45.713,64514,Timeline2,Tobii I-VT (Fixation),1.145.28180,1080,1920,"10,00",716912613.0,,,,,,,,,,,,,,,,,Invalid,Invalid,,,,,,,,,,,,,,,,,thumbnail_grossTrial,thumbnail_grossTrial.png,1245.0,1080.0,337.0,0.0,798.0,692.0,EyesNotFound,8.0,435.0,,,,,,
29397,49058196,1400488329483,Eye Tracker,Participant0058,17.09.2021,Participant0058,Recording4,17.09.2021,17.09.2021,14:48:45.713,12:48:45.713,64514,Timeline2,Tobii I-VT (Fixation),1.145.28180,1080,1920,"10,00",716920946.0,,,936.0,264.0,913.0,271.0,960.0,258.0,"0,03195","-0,05207","-0,99813","-0,05669","-0,05605","-0,99682",,,Valid,Valid,"233,6","100,9","514,4","292,3","99,6","515,3","250,1","74,1","263,0","70,7","0,4808","0,2448","0,4619","0,2506","0,4998","0,2391",thumbnail_grossTrial,thumbnail_grossTrial.png,1245.0,1080.0,337.0,0.0,798.0,692.0,Unclassified,17.0,471.0,,,,,,
29398,49066524,1400488337811,Eye Tracker,Participant0058,17.09.2021,Participant0058,Recording4,17.09.2021,17.09.2021,14:48:45.713,12:48:45.713,64514,Timeline2,Tobii I-VT (Fixation),1.145.28180,1080,1920,"10,00",716929274.0,,,934.0,263.0,905.0,258.0,964.0,269.0,"0,02795","-0,05889","-0,99787","-0,05427","-0,05057","-0,99725",,,Valid,Valid,"233,6","100,9","514,4","292,3","99,6","515,3","248,0","70,5","264,3","73,5","0,4795","0,2436","0,4556","0,2386","0,5034","0,2487",thumbnail_grossTrial,thumbnail_grossTrial.png,1245.0,1080.0,337.0,0.0,798.0,692.0,Unclassified,17.0,471.0,,,,,,
29399,49074887,1400488346174,Eye Tracker,Participant0058,17.09.2021,Participant0058,Recording4,17.09.2021,17.09.2021,14:48:45.713,12:48:45.713,64514,Timeline2,Tobii I-VT (Fixation),1.145.28180,1080,1920,"10,00",716937637.0,,,,,,,,,,,,,,,,,Invalid,Invalid,,,,,,,,,,,,,,,,,thumbnail_grossTrial,thumbnail_grossTrial.png,1245.0,1080.0,337.0,0.0,798.0,692.0,EyesNotFound,8.0,436.0,,,,,,
29400,49083192,1400488354479,Eye Tracker,Participant0058,17.09.2021,Participant0058,Recording4,17.09.2021,17.09.2021,14:48:45.713,12:48:45.713,64514,Timeline2,Tobii I-VT (Fixation),1.145.28180,1080,1920,"10,00",716945941.0,,,933.0,260.0,902.0,256.0,965.0,265.0,"0,02607","-0,05990","-0,99786","-0,05410","-0,05258","-0,99715",,,Valid,Valid,"233,6","100,9","514,4","292,4","99,6","515,3","247,1","70,0","264,4","72,5","0,4784","0,2410","0,4530","0,2369","0,5038","0,2452",thumbnail_grossTrial,thumbnail_grossTrial.png,1245.0,1080.0,337.0,0.0,798.0,692.0,Unclassified,17.0,472.0,,,,,,
29401,49091550,1400488362837,Eye Tracker,Participant0058,17.09.2021,Participant0058,Recording4,17.09.2021,17.09.2021,14:48:45.713,12:48:45.713,64514,Timeline2,Tobii I-VT (Fixation),1.145.28180,1080,1920,"10,00",716954299.0,,,931.0,269.0,901.0,273.0,960.0,264.0,"0,02608","-0,05067","-0,99838","-0,05667","-0,05305","-0,99698",,,Valid,Valid,"233,6","100,9","514,4","292,3","99,6","515,3","247,0","74,8","263,0","72,2","0,4763","0,2486","0,4529","0,2530","0,4998","0,2443",thumbnail_grossTrial,thumbnail_grossTrial.png,1245.0,1080.0,337.0,0.0,798.0,692.0,Unclassified,17.0,472.0,,,,,,
29402,49099863,1400488371150,Eye Tracker,Participant0058,17.09.2021,Participant0058,Recording4,17.09.2021,17.09.2021,14:48:45.713,12:48:45.713,64514,Timeline2,Tobii I-VT (Fixation),1.145.28180,1080,1920,"10,00",716962612.0,,,,,,,,,,,,,,,,,Invalid,Invalid,,,,,,,,,,,,,,,,,thumbnail_grossTrial,thumbnail_grossTrial.png,1245.0,1080.0,337.0,0.0,798.0,692.0,EyesNotFound,8.0,437.0,,,,,,
29403,49108223,1400488379510,Eye Tracker,Participant0058,17.09.2021,Participant0058,Recording4,17.09.2021,17.09.2021,14:48:45.713,12:48:45.713,64514,Timeline2,Tobii I-VT (Fixation),1.145.28180,1080,1920,"10,00",716970971.0,,,935.0,268.0,908.0,280.0,962.0,255.0,"0,02975","-0,04714","-0,99845","-0,05551","-0,05748","-0,99680",,,Valid,Valid,"233,7","100,9","514,4","292,4","99,6","515,2","249,0","76,6","263,7","69,9","0,4802","0,2478","0,4586","0,2591","0,5017","0,2365",thumbnail_grossTrial,thumbnail_grossTrial.png,1245.0,1080.0,337.0,0.0,798.0,692.0,Unclassified,17.0,473.0,,,,,,
29404,49116523,1400488387810,Eye Tracker,Participant0058,17.09.2021,Participant0058,Recording4,17.09.2021,17.09.2021,14:48:45.713,12:48:45.713,64514,Timeline2,Tobii I-VT (Fixation),1.145.28180,1080,1920,"10,00",716979271.0,,,935.0,264.0,912.0,277.0,958.0,251.0,"0,03165","-0,04858","-0,99832","-0,05770","-0,05971","-0,99655",,,Valid,Valid,"233,6","100,8","514,4","292,3","99,6","515,2","249,9","75,8","262,5","68,8","0,4798","0,2446","0,4613","0,2565","0,4982","0,2326",thumbnail_grossTrial,thumbnail_grossTrial.png,1245.0,1080.0,337.0,0.0,798.0,692.0,Unclassified,17.0,473.0,,,,,,
29405,49124853,1400488396140,Eye Tracker,Participant0058,17.09.2021,Participant0058,Recording4,17.09.2021,17.09.2021,14:48:45.713,12:48:45.713,64514,Timeline2,Tobii I-VT (Fixation),1.145.28180,1080,1920,"10,00",716987601.0,,,,,,,,,,,,,,,,,Invalid,Invalid,,,,,,,,,,,,,,,,,thumbnail_grossTrial,thumbnail_grossTrial.png,1245.0,1080.0,337.0,0.0,798.0,692.0,EyesNotFound,8.0,438.0,,,,,,
29406,49133188,1400488404475,Eye Tracker,Participant0058,17.09.2021,Participant0058,Recording4,17.09.2021,17.09.2021,14:48:45.713,12:48:45.713,64514,Timeline2,Tobii I-VT (Fixation),1.145.28180,1080,1920,"10,00",716995936.0,,,929.0,263.0,906.0,273.0,952.0,254.0,"0,02866","-0,05076","-0,99830","-0,06098","-0,05826","-0,99644",,,Valid,Valid,"233,6","100,8","514,3","292,4","99,6","515,2","248,4","74,7","260,8","69,5","0,4751","0,2439","0,4569","0,2527","0,4933","0,2351",thumbnail_grossTrial,thumbnail_grossTrial.png,1245.0,1080.0,337.0,0.0,798.0,692.0,Unclassified,17.0,474.0,,,,,,
29407,49141547,1400488412834,Eye Tracker,Participant0058,17.09.2021,Participant0058,Recording4,17.09.2021,17.09.2021,14:48:45.713,12:48:45.713,64514,Timeline2,Tobii I-VT (Fixation),1.145.28180,1080,1920,"10,00",717004294.0,,,930.0,262.0,909.0,269.0,951.0,256.0,"0,02998","-0,05302","-0,99814","-0,06119","-0,05720","-0,99649",,,Valid,Valid,"233,6","100,8","514,4","292,3","99,6","515,2","249,0","73,5","260,7","70,0","0,4758","0,2428","0,4587","0,2486","0,4928","0,2369",thumbnail_grossTrial,thumbnail_grossTrial.png,1245.0,1080.0,337.0,0.0,798.0,692.0,Unclassified,17.0,474.0,,,,,,
29408,49149850,1400488421137,Eye Tracker,Participant0058,17.09.2021,Participant0058,Recording4,17.09.2021,17.09.2021,14:48:45.713,12:48:45.713,64514,Timeline2,Tobii I-VT (Fixation),1.145.28180,1080,1920,"10,00",717012597.0,,,,,,,,,,,,,,,,,Invalid,Invalid,,,,,,,,,,,,,,,,,thumbnail_grossTrial,thumbnail_grossTrial.png,1245.0,1080.0,337.0,0.0,798.0,692.0,EyesNotFound,8.0,439.0,,,,,,
29409,49158278,1400488429565,Eye Tracker,Participant0058,17.09.2021,Participant0058,Recording4,17.09.2021,17.09.2021,14:48:45.713,12:48:45.713,64514,Timeline2,Tobii I-VT (Fixation),1.145.28180,1080,1920,"10,00",717021025.0,,,935.0,278.0,916.0,287.0,954.0,268.0,"0,03368","-0,04315","-0,99850","-0,05953","-0,05067","-0,99694",,,Valid,Valid,"233,6","100,8","514,3","292,3","99,6","515,2","250,9","78,6","261,6","73,4","0,4799","0,2571","0,4644","0,2660","0,4954","0,2483",thumbnail_grossTrial,thumbnail_grossTrial.png,1245.0,1080.0,337.0,0.0,798.0,692.0,Unclassified,17.0,475.0,,,,,,
29410,49166545,1400488437832,Eye Tracker,Participant0058,17.09.2021,Participant0058,Recording4,17.09.2021,17.09.2021,14:48:45.713,12:48:45.713,64514,Timeline2,Tobii I-VT (Fixation),1.145.28180,1080,1920,"10,00",717029291.0,,,939.0,282.0,915.0,286.0,962.0,279.0,"0,03357","-0,04372","-0,99848","-0,05520","-0,04495","-0,99746",,,Valid,Valid,"233,5","100,8","514,3","292,2","99,6","515,2","250,8","78,3","263,7","76,3","0,4829","0,2616","0,4640","0,2649","0,5018","0,2583",thumbnail_grossTrial,thumbnail_grossTrial.png,1245.0,1080.0,337.0,0.0,798.0,692.0,Unclassified,17.0,475.0,,,,,,
29411,49174858,1400488446145,Eye Tracker,Participant0058,17.09.2021,Participant0058,Recording4,17.09.2021,17.09.2021,14:48:45.713,12:48:45.713,64514,Timeline2,Tobii I-VT (Fixation),1.145.28180,1080,1920,"10,00",717037604.0,,,,,,,,,,,,,,,,,Invalid,Invalid,,,,,,,,,,,,,,,,,thumbnail_grossTrial,thumbnail_grossTrial.png,1245.0,1080.0,337.0,0.0,798.0,692.0,EyesNotFound,8.0,440.0,,,,,,
29412,49183220,1400488454507,Eye Tracker,Participant0058,17.09.2021,Participant0058,Recording4,17.09.2021,17.09.2021,14:48:45.713,12:48:45.713,64514,Timeline2,Tobii I-VT (Fixation),1.145.28180,1080,1920,"10,00",717045966.0,,,937.0,269.0,909.0,272.0,966.0,265.0,"0,03012","-0,05125","-0,99823","-0,05331","-0,05213","-0,99722",,,Valid,Valid,"233,6","100,8","514,3","292,3","99,6","515,2","249,1","74,4","264,8","72,6","0,4819","0,2488","0,4589","0,2518","0,5048","0,2458",thumbnail_grossTrial,thumbnail_grossTrial.png,1245.0,1080.0,337.0,0.0,798.0,692.0,Unclassified,17.0,476.0,,,,,,
29413,49191544,1400488462831,Eye Tracker,Participant0058,17.09.2021,Participant0058,Recording4,17.09.2021,17.09.2021,14:48:45.713,12:48:45.713,64514,Timeline2,Tobii I-VT (Fixation),1.145.28180,1080,1920,"10,00",717054290.0,,,936.0,264.0,912.0,271.0,959.0,256.0,"0,03212","-0,05149","-0,99816","-0,05695","-0,05721","-0,99674",,,Valid,Valid,"233,5","100,8","514,3","292,3","99,6","515,3","250,1","74,3","262,8","70,0","0,4805","0,2441","0,4618","0,2513","0,4991","0,2368",thumbnail_grossTrial,thumbnail_grossTrial.png,1245.0,1080.0,337.0,0.0,798.0,692.0,Unclassified,17.0,476.0,,,,,,
29414,49199875,1400488471162,Eye Tracker,Participant0058,17.09.2021,Participant0058,Recording4,17.09.2021,17.09.2021,14:48:45.713,12:48:45.713,64514,Timeline2,Tobii I-VT (Fixation),1.145.28180,1080,1920,"10,00",717062620.0,,,,,,,,,,,,,,,,,Invalid,Invalid,,,,,,,,,,,,,,,,,thumbnail_grossTrial,thumbnail_grossTrial.png,1245.0,1080.0,337.0,0.0,798.0,692.0,EyesNotFound,8.0,441.0,,,,,,
29415,49208214,1400488479501,Eye Tracker,Participant0058,17.09.2021,Participant0058,Recording4,17.09.2021,17.09.2021,14:48:45.713,12:48:45.713,64514,Timeline2,Tobii I-VT (Fixation),1.145.28180,1080,1920,"10,00",717070959.0,,,938.0,273.0,914.0,279.0,962.0,267.0,"0,03299","-0,04733","-0,99833","-0,05576","-0,05108","-0,99714",,,Valid,Valid,"233,6","100,8","514,4","292,3","99,6","515,3","250,6","76,4","263,5","73,2","0,4823","0,2531","0,4634","0,2586","0,5012","0,2476",thumbnail_grossTrial,thumbnail_grossTrial.png,1245.0,1080.0,337.0,0.0,798.0,692.0,Unclassified,17.0,477.0,,,,,,
29416,49216634,1400488487921,Eye Tracker,Participant0058,17.09.2021,Participant0058,Recording4,17.09.2021,17.09.2021,14:48:45.713,12:48:45.713,64514,Timeline2,Tobii I-VT (Fixation),1.145.28180,1080,1920,"10,00",717079379.0,,,936.0,284.0,915.0,282.0,957.0,286.0,"0,03329","-0,04578","-0,99840","-0,05805","-0,04141","-0,99745",,,Valid,Valid,"233,6","100,8","514,4","292,3","99,5","515,3","250,7","77,2","262,3","78,2","0,4807","0,2628","0,4637","0,2612","0,4977","0,2644",thumbnail_grossTrial,thumbnail_grossTrial.png,1245.0,1080.0,337.0,0.0,798.0,692.0,Unclassified,17.0,477.0,,,,,,
29417,49224845,1400488496132,Eye Tracker,Participant0058,17.09.2021,Participant0058,Recording4,17.09.2021,17.09.2021,14:48:45.713,12:48:45.713,64514,Timeline2,Tobii I-VT (Fixation),1.145.28180,1080,1920,"10,00",717087589.0,,,,,,,,,,,,,,,,,Invalid,Invalid,,,,,,,,,,,,,,,,,thumbnail_grossTrial,thumbnail_grossTrial.png,1245.0,1080.0,337.0,0.0,798.0,692.0,EyesNotFound,8.0,442.0,,,,,,
29418,49233217,1400488504504,Eye Tracker,Participant0058,17.09.2021,Participant0058,Recording4,17.09.2021,17.09.2021,14:48:45.713,12:48:45.713,64514,Timeline2,Tobii I-VT (Fixation),1.145.28180,1080,1920,"10,00",717095961.0,,,934.0,281.0,911.0,284.0,958.0,278.0,"0,03093","-0,04476","-0,99852","-0,05764","-0,04534","-0,99731",,,Valid,Valid,"233,6","100,8","514,5","292,4","99,6","515,3","249,6","77,7","262,6","76,1","0,4794","0,2603","0,4603","0,2630","0,4985","0,2576",thumbnail_grossTrial,thumbnail_grossTrial.png,1245.0,1080.0,337.0,0.0,798.0,692.0,Unclassified,17.0,478.0,,,,,,
29419,49241548,1400488512835,Eye Tracker,Participant0058,17.09.2021,Participant0058,Recording4,17.09.2021,17.09.2021,14:48:45.713,12:48:45.713,64514,Timeline2,Tobii I-VT (Fixation),1.145.28180,1080,1920,"10,00",717104292.0,,,942.0,269.0,915.0,281.0,968.0,257.0,"0,03359","-0,04639","-0,99836","-0,05246","-0,05675","-0,99701",,,Valid,Valid,"233,6","100,8","514,5","292,3","99,6","515,4","250,9","76,9","265,2","70,2","0,4852","0,2488","0,4642","0,2601","0,5062","0,2376",thumbnail_grossTrial,thumbnail_grossTrial.png,1245.0,1080.0,337.0,0.0,798.0,692.0,Unclassified,17.0,478.0,,,,,,
29420,49249883,1400488521170,Eye Tracker,Participant0058,17.09.2021,Participant0058,Recording4,17.09.2021,17.09.2021,14:48:45.713,12:48:45.713,64514,Timeline2,Tobii I-VT (Fixation),1.145.28180,1080,1920,"10,00",717112627.0,,,,,,,,,,,,,,,,,Invalid,Invalid,,,,,,,,,,,,,,,,,thumbnail_grossTrial,thumbnail_grossTrial.png,1245.0,1080.0,337.0,0.0,798.0,692.0,EyesNotFound,8.0,443.0,,,,,,
29421,49258259,1400488529546,Eye Tracker,Participant0058,17.09.2021,Participant0058,Recording4,17.09.2021,17.09.2021,14:48:45.713,12:48:45.713,64514,Timeline2,Tobii I-VT (Fixation),1.145.28180,1080,1920,"10,00",717121002.0,,,944.0,276.0,924.0,287.0,965.0,266.0,"0,03799","-0,04331","-0,99834","-0,05412","-0,05172","-0,99719",,,Valid,Valid,"233,6","100,7","514,6","292,4","99,5","515,4","253,2","78,4","264,4","72,8","0,4874","0,2558","0,4710","0,2653","0,5039","0,2463",thumbnail_grossTrial,thumbnail_grossTrial.png,1245.0,1080.0,337.0,0.0,798.0,692.0,Unclassified,8.0,479.0,,,,,,
29422,49266571,1400488537858,Eye Tracker,Participant0058,17.09.2021,Participant0058,Recording4,17.09.2021,17.09.2021,14:48:45.713,12:48:45.713,64514,Timeline2,Tobii I-VT (Fixation),1.145.28180,1080,1920,"10,00",717129314.0,,,,,,,,,,,,,,,,,Invalid,Invalid,,,,,,,,,,,,,,,,,thumbnail_grossTrial,thumbnail_grossTrial.png,1245.0,1080.0,337.0,0.0,798.0,692.0,EyesNotFound,17.0,444.0,,,,,,
29423,49274882,1400488546169,Eye Tracker,Participant0058,17.09.2021,Participant0058,Recording4,17.09.2021,17.09.2021,14:48:45.713,12:48:45.713,64514,Timeline2,Tobii I-VT (Fixation),1.145.28180,1080,1920,"10,00",717137625.0,,,,,,,,,,,,,,,,,Invalid,Invalid,,,,,,,,,,,,,,,,,thumbnail_grossTrial,thumbnail_grossTrial.png,1245.0,1080.0,337.0,0.0,798.0,692.0,EyesNotFound,17.0,444.0,,,,,,
29424,49283184,1400488554471,Eye Tracker,Participant0058,17.09.2021,Participant0058,Recording4,17.09.2021,17.09.2021,14:48:45.713,12:48:45.713,64514,Timeline2,Tobii I-VT (Fixation),1.145.28180,1080,1920,"10,00",717145926.0,,,943.0,275.0,922.0,288.0,964.0,262.0,"0,03728","-0,04219","-0,99841","-0,05436","-0,05388","-0,99707",,,Valid,Valid,"233,6","100,7","514,7","292,4","99,5","515,4","252,8","78,9","264,3","71,7","0,4866","0,2548","0,4699","0,2671","0,5034","0,2425",thumbnail_grossTrial,thumbnail_grossTrial.png,1245.0,1080.0,337.0,0.0,798.0,692.0,Unclassified,17.0,480.0,,,,,,
29425,49291512,1400488562799,Eye Tracker,Participant0058,17.09.2021,Participant0058,Recording4,17.09.2021,17.09.2021,14:48:45.713,12:48:45.713,64514,Timeline2,Tobii I-VT (Fixation),1.145.28180,1080,1920,"10,00",717154254.0,,,936.0,293.0,918.0,312.0,954.0,274.0,"0,03498","-0,02980","-0,99894","-0,05978","-0,04726","-0,99709",,,Valid,Valid,"233,5","100,7","514,7","292,3","99,5","515,4","251,6","85,3","261,4","75,1","0,4806","0,2713","0,4662","0,2886","0,4950","0,2541",thumbnail_grossTrial,thumbnail_grossTrial.png,1245.0,1080.0,337.0,0.0,798.0,692.0,Unclassified,17.0,480.0,,,,,,
29426,49299877,1400488571164,Eye Tracker,Participant0058,17.09.2021,Participant0058,Recording4,17.09.2021,17.09.2021,14:48:45.713,12:48:45.713,64514,Timeline2,Tobii I-VT (Fixation),1.145.28180,1080,1920,"10,00",717162619.0,,,,,,,,,,,,,,,,,Invalid,Invalid,,,,,,,,,,,,,,,,,thumbnail_grossTrial,thumbnail_grossTrial.png,1245.0,1080.0,337.0,0.0,798.0,692.0,EyesNotFound,8.0,445.0,,,,,,
29427,49308253,1400488579540,Eye Tracker,Participant0058,17.09.2021,Participant0058,Recording4,17.09.2021,17.09.2021,14:48:45.713,12:48:45.713,64514,Timeline2,Tobii I-VT (Fixation),1.145.28180,1080,1920,"10,00",717170995.0,,,938.0,284.0,920.0,307.0,956.0,262.0,"0,03621","-0,03222","-0,99883","-0,05848","-0,05406","-0,99682",,,Valid,Valid,"233,6","100,6","514,8","292,3","99,5","515,4","252,3","84,0","262,1","71,6","0,4826","0,2632","0,4682","0,2843","0,4970","0,2422",thumbnail_grossTrial,thumbnail_grossTrial.png,1245.0,1080.0,337.0,0.0,798.0,692.0,Unclassified,17.0,481.0,,,,,,
29428,49316542,1400488587829,Eye Tracker,Participant0058,17.09.2021,Participant0058,Recording4,17.09.2021,17.09.2021,14:48:45.713,12:48:45.713,64514,Timeline2,Tobii I-VT (Fixation),1.145.28180,1080,1920,"10,00",717179283.0,,,944.0,276.0,928.0,295.0,960.0,257.0,"0,04024","-0,03873","-0,99844","-0,05665","-0,05623","-0,99681",,,Valid,Valid,"233,5","100,6","514,9","292,3","99,5","515,4","254,3","80,6","263,0","70,4","0,4869","0,2556","0,4741","0,2728","0,4996","0,2384",thumbnail_grossTrial,thumbnail_grossTrial.png,1245.0,1080.0,337.0,0.0,798.0,692.0,Unclassified,17.0,481.0,,,,,,
29429,49324870,1400488596157,Eye Tracker,Participant0058,17.09.2021,Participant0058,Recording4,17.09.2021,17.09.2021,14:48:45.713,12:48:45.713,64514,Timeline2,Tobii I-VT (Fixation),1.145.28180,1080,1920,"10,00",717187611.0,,,,,,,,,,,,,,,,,Invalid,Invalid,,,,,,,,,,,,,,,,,thumbnail_grossTrial,thumbnail_grossTrial.png,1245.0,1080.0,337.0,0.0,798.0,692.0,EyesNotFound,8.0,446.0,,,,,,
29430,49333176,1400488604463,Eye Tracker,Participant0058,17.09.2021,Participant0058,Recording4,17.09.2021,17.09.2021,14:48:45.713,12:48:45.713,64514,Timeline2,Tobii I-VT (Fixation),1.145.28180,1080,1920,"10,00",717195917.0,,,943.0,272.0,923.0,286.0,963.0,258.0,"0,03735","-0,04319","-0,99837","-0,05519","-0,05593","-0,99691",,,Valid,Valid,"233,6","100,6","514,9","292,3","99,5","515,4","252,9","78,3","263,8","70,6","0,4860","0,2519","0,4700","0,2649","0,5020","0,2390",thumbnail_grossTrial,thumbnail_grossTrial.png,1245.0,1080.0,337.0,0.0,798.0,692.0,Unclassified,17.0,482.0,,,,,,
29431,49341533,1400488612820,Eye Tracker,Participant0058,17.09.2021,Participant0058,Recording4,17.09.2021,17.09.2021,14:48:45.713,12:48:45.713,64514,Timeline2,Tobii I-VT (Fixation),1.145.28180,1080,1920,"10,00",717204273.0,,,938.0,279.0,913.0,297.0,963.0,261.0,"0,03237","-0,03752","-0,99877","-0,05494","-0,05466","-0,99699",,,Valid,Valid,"233,5","100,6","515,0","292,3","99,5","515,4","250,2","81,2","263,9","71,3","0,4823","0,2580","0,4622","0,2748","0,5023","0,2412",thumbnail_grossTrial,thumbnail_grossTrial.png,1245.0,1080.0,337.0,0.0,798.0,692.0,Unclassified,17.0,482.0,,,,,,
29432,49349916,1400488621203,Eye Tracker,Participant0058,17.09.2021,Participant0058,Recording4,17.09.2021,17.09.2021,14:48:45.713,12:48:45.713,64514,Timeline2,Tobii I-VT (Fixation),1.145.28180,1080,1920,"10,00",717212656.0,,,,,,,,,,,,,,,,,Invalid,Invalid,,,,,,,,,,,,,,,,,thumbnail_grossTrial,thumbnail_grossTrial.png,1245.0,1080.0,337.0,0.0,798.0,692.0,EyesNotFound,8.0,447.0,,,,,,
29433,49358223,1400488629510,Eye Tracker,Participant0058,17.09.2021,Participant0058,Recording4,17.09.2021,17.09.2021,14:48:45.713,12:48:45.713,64514,Timeline2,Tobii I-VT (Fixation),1.145.28180,1080,1920,"10,00",717220963.0,,,940.0,276.0,919.0,296.0,961.0,256.0,"0,03551","-0,03769","-0,99866","-0,05626","-0,05720","-0,99678",,,Valid,Valid,"233,6","100,6","515,0","292,3","99,6","515,3","251,9","81,1","263,3","70,0","0,4838","0,2557","0,4672","0,2745","0,5005","0,2368",thumbnail_grossTrial,thumbnail_grossTrial.png,1245.0,1080.0,337.0,0.0,798.0,692.0,Unclassified,17.0,483.0,,,,,,
29434,49366560,1400488637847,Eye Tracker,Participant0058,17.09.2021,Participant0058,Recording4,17.09.2021,17.09.2021,14:48:45.713,12:48:45.713,64514,Timeline2,Tobii I-VT (Fixation),1.145.28180,1080,1920,"10,00",717229300.0,,,937.0,277.0,918.0,295.0,956.0,259.0,"0,03485","-0,03843","-0,99865","-0,05877","-0,05542","-0,99673",,,Valid,Valid,"233,6","100,6","515,0","292,3","99,6","515,3","251,5","80,8","261,9","70,9","0,4813","0,2566","0,4661","0,2732","0,4965","0,2400",thumbnail_grossTrial,thumbnail_grossTrial.png,1245.0,1080.0,337.0,0.0,798.0,692.0,Unclassified,17.0,483.0,,,,,,
29435,49374842,1400488646129,Eye Tracker,Participant0058,17.09.2021,Participant0058,Recording4,17.09.2021,17.09.2021,14:48:45.713,12:48:45.713,64514,Timeline2,Tobii I-VT (Fixation),1.145.28180,1080,1920,"10,00",717237581.0,,,,,,,,,,,,,,,,,Invalid,Invalid,,,,,,,,,,,,,,,,,thumbnail_grossTrial,thumbnail_grossTrial.png,1245.0,1080.0,337.0,0.0,798.0,692.0,EyesNotFound,8.0,448.0,,,,,,
29436,49383176,1400488654463,Eye Tracker,Participant0058,17.09.2021,Participant0058,Recording4,17.09.2021,17.09.2021,14:48:45.713,12:48:45.713,64514,Timeline2,Tobii I-VT (Fixation),1.145.28180,1080,1920,"10,00",717245915.0,,,944.0,272.0,918.0,291.0,969.0,254.0,"0,03515","-0,04075","-0,99855","-0,05172","-0,05826","-0,99696",,,Valid,Valid,"233,6","100,6","515,0","292,3","99,6","515,2","251,7","79,5","265,6","69,5","0,4870","0,2521","0,4667","0,2691","0,5074","0,2351",thumbnail_grossTrial,thumbnail_grossTrial.png,1245.0,1080.0,337.0,0.0,798.0,692.0,Unclassified,17.0,484.0,,,,,,
29437,49391501,1400488662788,Eye Tracker,Participant0058,17.09.2021,Participant0058,Recording4,17.09.2021,17.09.2021,14:48:45.713,12:48:45.713,64514,Timeline2,Tobii I-VT (Fixation),1.145.28180,1080,1920,"10,00",717254240.0,,,944.0,266.0,920.0,275.0,969.0,256.0,"0,03585","-0,04891","-0,99816","-0,05162","-0,05712","-0,99703",,,Valid,Valid,"233,6","100,6","515,0","292,3","99,6","515,3","252,1","75,3","265,6","70,1","0,4875","0,2460","0,4676","0,2549","0,5074","0,2371",thumbnail_grossTrial,thumbnail_grossTrial.png,1245.0,1080.0,337.0,0.0,798.0,692.0,Unclassified,17.0,484.0,,,,,,
29438,49399832,1400488671119,Eye Tracker,Participant0058,17.09.2021,Participant0058,Recording4,17.09.2021,17.09.2021,14:48:45.713,12:48:45.713,64514,Timeline2,Tobii I-VT (Fixation),1.145.28180,1080,1920,"10,00",717262570.0,,,,,,,,,,,,,,,,,Invalid,Invalid,,,,,,,,,,,,,,,,,thumbnail_grossTrial,thumbnail_grossTrial.png,1245.0,1080.0,337.0,0.0,798.0,692.0,EyesNotFound,8.0,449.0,,,,,,
29439,49408212,1400488679499,Eye Tracker,Participant0058,17.09.2021,Participant0058,Recording4,17.09.2021,17.09.2021,14:48:45.713,12:48:45.713,64514,Timeline2,Tobii I-VT (Fixation),1.145.28180,1080,1920,"10,00",717270950.0,,,935.0,269.0,916.0,276.0,954.0,263.0,"0,03358","-0,04861","-0,99825","-0,05953","-0,05357","-0,99679",,,Valid,Valid,"233,6","100,6","514,9","292,3","99,6","515,2","250,9","75,5","261,6","71,9","0,4799","0,2494","0,4643","0,2555","0,4955","0,2433",thumbnail_grossTrial,thumbnail_grossTrial.png,1245.0,1080.0,337.0,0.0,798.0,692.0,Unclassified,17.0,485.0,,,,,,
29440,49416536,1400488687823,Eye Tracker,Participant0058,17.09.2021,Participant0058,Recording4,17.09.2021,17.09.2021,14:48:45.713,12:48:45.713,64514,Timeline2,Tobii I-VT (Fixation),1.145.28180,1080,1920,"10,00",717279274.0,,,936.0,279.0,917.0,288.0,956.0,271.0,"0,03420","-0,04235","-0,99852","-0,05856","-0,04917","-0,99707",,,Valid,Valid,"233,6","100,6","514,9","292,3","99,6","515,3","251,2","78,8","262,0","74,2","0,4810","0,2587","0,4651","0,2665","0,4968","0,2510",thumbnail_grossTrial,thumbnail_grossTrial.png,1245.0,1080.0,337.0,0.0,798.0,692.0,Unclassified,17.0,485.0,,,,,,
29441,49424877,1400488696164,Eye Tracker,Participant0058,17.09.2021,Participant0058,Recording4,17.09.2021,17.09.2021,14:48:45.713,12:48:45.713,64514,Timeline2,Tobii I-VT (Fixation),1.145.28180,1080,1920,"10,00",717287615.0,,,,,,,,,,,,,,,,,Invalid,Invalid,,,,,,,,,,,,,,,,,thumbnail_grossTrial,thumbnail_grossTrial.png,1245.0,1080.0,337.0,0.0,798.0,692.0,EyesNotFound,8.0,450.0,,,,,,
29442,49433172,1400488704459,Eye Tracker,Participant0058,17.09.2021,Participant0058,Recording4,17.09.2021,17.09.2021,14:48:45.713,12:48:45.713,64514,Timeline2,Tobii I-VT (Fixation),1.145.28180,1080,1920,"10,00",717295909.0,,,937.0,286.0,916.0,298.0,958.0,273.0,"0,03403","-0,03711","-0,99873","-0,05761","-0,04793","-0,99719",,,Valid,Valid,"233,6","100,6","514,9","292,3","99,6","515,2","251,2","81,5","262,6","74,8","0,4817","0,2645","0,4650","0,2757","0,4984","0,2532",thumbnail_grossTrial,thumbnail_grossTrial.png,1245.0,1080.0,337.0,0.0,798.0,692.0,Unclassified,17.0,486.0,,,,,,
29443,49441536,1400488712823,Eye Tracker,Participant0058,17.09.2021,Participant0058,Recording4,17.09.2021,17.09.2021,14:48:45.713,12:48:45.713,64514,Timeline2,Tobii I-VT (Fixation),1.145.28180,1080,1920,"10,00",717304273.0,,,934.0,268.0,908.0,277.0,960.0,259.0,"0,02979","-0,04802","-0,99840","-0,05664","-0,05555","-0,99685",,,Valid,Valid,"233,5","100,6","514,9","292,3","99,6","515,3","248,9","75,9","263,0","70,9","0,4790","0,2482","0,4584","0,2567","0,4997","0,2398",thumbnail_grossTrial,thumbnail_grossTrial.png,1245.0,1080.0,337.0,0.0,798.0,692.0,Unclassified,17.0,486.0,,,,,,
29444,49449829,1400488721116,Eye Tracker,Participant0058,17.09.2021,Participant0058,Recording4,17.09.2021,17.09.2021,14:48:45.713,12:48:45.713,64514,Timeline2,Tobii I-VT (Fixation),1.145.28180,1080,1920,"10,00",717312566.0,,,,,,,,,,,,,,,,,Invalid,Invalid,,,,,,,,,,,,,,,,,thumbnail_grossTrial,thumbnail_grossTrial.png,1245.0,1080.0,337.0,0.0,798.0,692.0,EyesNotFound,8.0,451.0,,,,,,
29445,49458262,1400488729549,Eye Tracker,Participant0058,17.09.2021,Participant0058,Recording4,17.09.2021,17.09.2021,14:48:45.713,12:48:45.713,64514,Timeline2,Tobii I-VT (Fixation),1.145.28180,1080,1920,"10,00",717320998.0,,,931.0,268.0,908.0,277.0,954.0,258.0,"0,02962","-0,04800","-0,99841","-0,05951","-0,05610","-0,99665",,,Valid,Valid,"233,6","100,6","514,9","292,3","99,6","515,3","248,9","75,9","261,6","70,6","0,4769","0,2478","0,4583","0,2568","0,4955","0,2388",thumbnail_grossTrial,thumbnail_grossTrial.png,1245.0,1080.0,337.0,0.0,798.0,692.0,Unclassified,17.0,487.0,,,,,,
29446,49466579,1400488737866,Eye Tracker,Participant0058,17.09.2021,Participant0058,Recording4,17.09.2021,17.09.2021,14:48:45.713,12:48:45.713,64514,Timeline2,Tobii I-VT (Fixation),1.145.28180,1080,1920,"10,00",717329315.0,,,933.0,280.0,911.0,299.0,956.0,262.0,"0,03154","-0,03664","-0,99883","-0,05880","-0,05404","-0,99681",,,Valid,Valid,"233,5","100,6","514,9","292,3","99,6","515,4","249,8","81,7","261,9","71,6","0,4787","0,2594","0,4610","0,2766","0,4964","0,2423",thumbnail_grossTrial,thumbnail_grossTrial.png,1245.0,1080.0,337.0,0.0,798.0,692.0,Unclassified,17.0,487.0,,,,,,
29447,49474868,1400488746155,Eye Tracker,Participant0058,17.09.2021,Participant0058,Recording4,17.09.2021,17.09.2021,14:48:45.713,12:48:45.713,64514,Timeline2,Tobii I-VT (Fixation),1.145.28180,1080,1920,"10,00",717337604.0,,,,,,,,,,,,,,,,,Invalid,Invalid,,,,,,,,,,,,,,,,,thumbnail_grossTrial,thumbnail_grossTrial.png,1245.0,1080.0,337.0,0.0,798.0,692.0,EyesNotFound,8.0,452.0,,,,,,
29448,49483167,1400488754454,Eye Tracker,Participant0058,17.09.2021,Participant0058,Recording4,17.09.2021,17.09.2021,14:48:45.713,12:48:45.713,64514,Timeline2,Tobii I-VT (Fixation),1.145.28180,1080,1920,"10,00",717345903.0,,,934.0,283.0,909.0,296.0,959.0,271.0,"0,03030","-0,03827","-0,99881","-0,05719","-0,04919","-0,99715",,,Valid,Valid,"233,6","100,6","514,9","292,3","99,5","515,4","249,2","80,9","262,8","74,1","0,4792","0,2622","0,4593","0,2737","0,4990","0,2508",thumbnail_grossTrial,thumbnail_grossTrial.png,1245.0,1080.0,337.0,0.0,798.0,692.0,Unclassified,17.0,488.0,,,,,,
29449,49491495,1400488762782,Eye Tracker,Participant0058,17.09.2021,Participant0058,Recording4,17.09.2021,17.09.2021,14:48:45.713,12:48:45.713,64514,Timeline2,Tobii I-VT (Fixation),1.145.28180,1080,1920,"10,00",717354230.0,,,935.0,288.0,912.0,296.0,958.0,280.0,"0,03173","-0,03781","-0,99878","-0,05732","-0,04406","-0,99738",,,Valid,Valid,"233,5","100,6","515,0","292,3","99,5","515,5","249,9","81,1","262,7","76,7","0,4800","0,2670","0,4613","0,2743","0,4987","0,2597",thumbnail_grossTrial,thumbnail_grossTrial.png,1245.0,1080.0,337.0,0.0,798.0,692.0,Unclassified,17.0,488.0,,,,,,
29450,49499858,1400488771145,Eye Tracker,Participant0058,17.09.2021,Participant0058,Recording4,17.09.2021,17.09.2021,14:48:45.713,12:48:45.713,64514,Timeline2,Tobii I-VT (Fixation),1.145.28180,1080,1920,"10,00",717362593.0,,,,,,,,,,,,,,,,,Invalid,Invalid,,,,,,,,,,,,,,,,,thumbnail_grossTrial,thumbnail_grossTrial.png,1245.0,1080.0,337.0,0.0,798.0,692.0,EyesNotFound,8.0,453.0,,,,,,
29451,49508275,1400488779562,Eye Tracker,Participant0058,17.09.2021,Participant0058,Recording4,17.09.2021,17.09.2021,14:48:45.713,12:48:45.713,64514,Timeline2,Tobii I-VT (Fixation),1.145.28180,1080,1920,"10,00",717371010.0,,,935.0,278.0,905.0,293.0,964.0,263.0,"0,02811","-0,03966","-0,99882","-0,05438","-0,05312","-0,99711",,,Valid,Valid,"233,6","100,5","515,1","292,4","99,5","515,5","248,1","80,1","264,2","72,0","0,4797","0,2573","0,4560","0,2710","0,5033","0,2437",thumbnail_grossTrial,thumbnail_grossTrial.png,1245.0,1080.0,337.0,0.0,798.0,692.0,Unclassified,17.0,489.0,,,,,,
29452,49516519,1400488787806,Eye Tracker,Participant0058,17.09.2021,Participant0058,Recording4,17.09.2021,17.09.2021,14:48:45.713,12:48:45.713,64514,Timeline2,Tobii I-VT (Fixation),1.145.28180,1080,1920,"10,00",717379253.0,,,937.0,268.0,899.0,280.0,975.0,257.0,"0,02508","-0,04647","-0,99861","-0,04844","-0,05657","-0,99722",,,Valid,Valid,"233,5","100,5","515,1","292,3","99,5","515,6","246,5","76,5","267,3","70,2","0,4817","0,2482","0,4513","0,2589","0,5122","0,2375",thumbnail_grossTrial,thumbnail_grossTrial.png,1245.0,1080.0,337.0,0.0,798.0,692.0,Unclassified,17.0,489.0,,,,,,
29453,49524821,1400488796108,Eye Tracker,Participant0058,17.09.2021,Participant0058,Recording4,17.09.2021,17.09.2021,14:48:45.713,12:48:45.713,64514,Timeline2,Tobii I-VT (Fixation),1.145.28180,1080,1920,"10,00",717387555.0,,,,,,,,,,,,,,,,,Invalid,Invalid,,,,,,,,,,,,,,,,,thumbnail_grossTrial,thumbnail_grossTrial.png,1245.0,1080.0,337.0,0.0,798.0,692.0,EyesNotFound,8.0,454.0,,,,,,
29454,49533160,1400488804447,Eye Tracker,Participant0058,17.09.2021,Participant0058,Recording4,17.09.2021,17.09.2021,14:48:45.713,12:48:45.713,64514,Timeline2,Tobii I-VT (Fixation),1.145.28180,1080,1920,"10,00",717395894.0,,,937.0,267.0,901.0,271.0,973.0,263.0,"0,02568","-0,05074","-0,99838","-0,04964","-0,05303","-0,99736",,,Valid,Valid,"233,6","100,5","515,2","292,4","99,4","515,6","246,9","74,3","266,7","72,0","0,4815","0,2475","0,4524","0,2513","0,5106","0,2437",thumbnail_grossTrial,thumbnail_grossTrial.png,1245.0,1080.0,337.0,0.0,798.0,692.0,Unclassified,17.0,490.0,,,,,,
29455,49541486,1400488812773,Eye Tracker,Participant0058,17.09.2021,Participant0058,Recording4,17.09.2021,17.09.2021,14:48:45.713,12:48:45.713,64514,Timeline2,Tobii I-VT (Fixation),1.145.28180,1080,1920,"10,00",717404220.0,,,943.0,268.0,905.0,280.0,980.0,255.0,"0,02829","-0,04619","-0,99853","-0,04572","-0,05714","-0,99732",,,Valid,Valid,"233,5","100,4","515,3","292,4","99,4","515,6","248,1","76,6","268,7","69,9","0,4863","0,2477","0,4562","0,2591","0,5164","0,2363",thumbnail_grossTrial,thumbnail_grossTrial.png,1245.0,1080.0,337.0,0.0,798.0,692.0,Unclassified,17.0,490.0,,,,,,
29456,49549820,1400488821107,Eye Tracker,Participant0058,17.09.2021,Participant0058,Recording4,17.09.2021,17.09.2021,14:48:45.713,12:48:45.713,64514,Timeline2,Tobii I-VT (Fixation),1.145.28180,1080,1920,"10,00",717412553.0,,,,,,,,,,,,,,,,,Invalid,Invalid,,,,,,,,,,,,,,,,,thumbnail_grossTrial,thumbnail_grossTrial.png,1245.0,1080.0,337.0,0.0,798.0,692.0,EyesNotFound,8.0,455.0,,,,,,
29457,49558257,1400488829544,Eye Tracker,Participant0058,17.09.2021,Participant0058,Recording4,17.09.2021,17.09.2021,14:48:45.713,12:48:45.713,64514,Timeline2,Tobii I-VT (Fixation),1.145.28180,1080,1920,"10,00",717420990.0,,,942.0,276.0,910.0,287.0,974.0,265.0,"0,03047","-0,04229","-0,99864","-0,04932","-0,05203","-0,99743",,,Valid,Valid,"233,6","100,4","515,4","292,4","99,4","515,6","249,3","78,6","266,9","72,5","0,4854","0,2555","0,4597","0,2658","0,5112","0,2453",thumbnail_grossTrial,thumbnail_grossTrial.png,1245.0,1080.0,337.0,0.0,798.0,692.0,Unclassified,17.0,491.0,,,,,,
29458,49566485,1400488837772,Eye Tracker,Participant0058,17.09.2021,Participant0058,Recording4,17.09.2021,17.09.2021,14:48:45.713,12:48:45.713,64514,Timeline2,Tobii I-VT (Fixation),1.145.28180,1080,1920,"10,00",717429218.0,,,935.0,274.0,910.0,286.0,959.0,262.0,"0,03057","-0,04278","-0,99862","-0,05684","-0,05359","-0,99694",,,Valid,Valid,"233,6","100,3","515,4","292,4","99,4","515,7","249,3","78,3","263,0","71,7","0,4796","0,2536","0,4596","0,2648","0,4996","0,2425",thumbnail_grossTrial,thumbnail_grossTrial.png,1245.0,1080.0,337.0,0.0,798.0,692.0,Unclassified,17.0,491.0,,,,,,
29459,49574825,1400488846112,Eye Tracker,Participant0058,17.09.2021,Participant0058,Recording4,17.09.2021,17.09.2021,14:48:45.713,12:48:45.713,64514,Timeline2,Tobii I-VT (Fixation),1.145.28180,1080,1920,"10,00",717437557.0,,,,,,,,,,,,,,,,,Invalid,Invalid,,,,,,,,,,,,,,,,,thumbnail_grossTrial,thumbnail_grossTrial.png,1245.0,1080.0,337.0,0.0,798.0,692.0,EyesNotFound,8.0,456.0,,,,,,
29460,49583160,1400488854447,Eye Tracker,Participant0058,17.09.2021,Participant0058,Recording4,17.09.2021,17.09.2021,14:48:45.713,12:48:45.713,64514,Timeline2,Tobii I-VT (Fixation),1.145.28180,1080,1920,"10,00",717445892.0,,,1002.0,259.0,995.0,273.0,1008.0,245.0,"0,07475","-0,04933","-0,99598","-0,03160","-0,06253","-0,99754",,,Valid,Valid,"234,0","100,3","515,5","292,7","99,3","515,6","272,7","74,7","276,4","67,0","0,5334","0,2398","0,5280","0,2528","0,5388","0,2267",thumbnail_grossTrial,thumbnail_grossTrial.png,1245.0,1080.0,337.0,0.0,798.0,692.0,Unclassified,17.0,492.0,,,,,,
29461,49591520,1400488862807,Eye Tracker,Participant0058,17.09.2021,Participant0058,Recording4,17.09.2021,17.09.2021,14:48:45.713,12:48:45.713,64514,Timeline2,Tobii I-VT (Fixation),1.145.28180,1080,1920,"10,00",717454252.0,,,1110.0,230.0,1084.0,249.0,1136.0,212.0,"0,12098","-0,06175","-0,99073","0,03567","-0,07997","-0,99616",,,Valid,Valid,"234,3","100,3","515,4","292,8","99,4","515,7","297,2","68,1","311,3","58,0","0,6205","0,2133","0,5999","0,2306","0,6412","0,1961",thumbnail_grossTrial,thumbnail_grossTrial.png,1245.0,1080.0,337.0,0.0,798.0,692.0,Unclassified,17.0,492.0,,,,,,
29462,49599855,1400488871142,Eye Tracker,Participant0058,17.09.2021,Participant0058,Recording4,17.09.2021,17.09.2021,14:48:45.713,12:48:45.713,64514,Timeline2,Tobii I-VT (Fixation),1.145.28180,1080,1920,"10,00",717462587.0,,,,,,,,,,,,,,,,,Invalid,Invalid,,,,,,,,,,,,,,,,,thumbnail_grossTrial,thumbnail_grossTrial.png,1245.0,1080.0,337.0,0.0,798.0,692.0,EyesNotFound,8.0,457.0,,,,,,
29463,49608194,1400488879481,Eye Tracker,Participant0058,17.09.2021,Participant0058,Recording4,17.09.2021,17.09.2021,14:48:45.713,12:48:45.713,64514,Timeline2,Tobii I-VT (Fixation),1.145.28180,1080,1920,"10,00",717470925.0,,,1286.0,128.0,1246.0,144.0,1326.0,113.0,"0,20129","-0,11485","-0,97277","0,13340","-0,13031","-0,98246",,,Valid,Valid,"234,9","100,2","515,2","293,4","99,3","515,5","341,5","39,4","363,4","30,9","0,7618","0,1190","0,7298","0,1333","0,7938","0,1047",thumbnail_grossTrial,thumbnail_grossTrial.png,1245.0,1080.0,337.0,0.0,798.0,692.0,Unclassified,17.0,493.0,,,,,,
29464,49616513,1400488887800,Eye Tracker,Participant0058,17.09.2021,Participant0058,Recording4,17.09.2021,17.09.2021,14:48:45.713,12:48:45.713,64514,Timeline2,Tobii I-VT (Fixation),1.145.28180,1080,1920,"10,00",717479244.0,,,1415.0,51.0,1374.0,67.0,1457.0,35.0,"0,26190","-0,15164","-0,95311","0,19886","-0,16836","-0,96546",,,Valid,Valid,"234,9","100,3","515,2","293,2","99,4","515,6","376,4","18,3","399,4","9,5","0,8657","0,0471","0,8320","0,0620","0,8993","0,0322",thumbnail_grossTrial,thumbnail_grossTrial.png,1245.0,1080.0,337.0,0.0,798.0,692.0,Unclassified,17.0,493.0,,,,,,
29465,49624846,1400488896133,Eye Tracker,Participant0058,17.09.2021,Participant0058,Recording4,17.09.2021,17.09.2021,14:48:45.713,12:48:45.713,64514,Timeline2,Tobii I-VT (Fixation),1.145.28180,1080,1920,"10,00",717487577.0,,,,,,,,,,,,,,,,,Invalid,Invalid,,,,,,,,,,,,,,,,,thumbnail_grossTrial,thumbnail_grossTrial.png,1245.0,1080.0,337.0,0.0,798.0,692.0,EyesNotFound,8.0,458.0,,,,,,
29466,49633157,1400488904444,Eye Tracker,Participant0058,17.09.2021,Participant0058,Recording4,17.09.2021,17.09.2021,14:48:45.713,12:48:45.713,64514,Timeline2,Tobii I-VT (Fixation),1.145.28180,1080,1920,"10,00",717495887.0,,,1413.0,50.0,1374.0,73.0,1451.0,28.0,"0,26217","-0,14848","-0,95353","0,19548","-0,17201","-0,96551",,,Valid,Valid,"235,0","100,3","515,1","293,5","99,4","515,4","376,6","20,1","397,8","7,6","0,8636","0,0467","0,8326","0,0679","0,8946","0,0256",thumbnail_grossTrial,thumbnail_grossTrial.png,1245.0,1080.0,337.0,0.0,798.0,692.0,Unclassified,17.0,494.0,,,,,,
29467,49641483,1400488912770,Eye Tracker,Participant0058,17.09.2021,Participant0058,Recording4,17.09.2021,17.09.2021,14:48:45.713,12:48:45.713,64514,Timeline2,Tobii I-VT (Fixation),1.145.28180,1080,1920,"10,00",717504213.0,,,1400.0,59.0,1367.0,77.0,1434.0,41.0,"0,25885","-0,14709","-0,95465","0,18752","-0,16607","-0,96812",,,Valid,Valid,"234,9","100,4","515,0","293,2","99,6","515,3","374,5","21,1","393,0","11,2","0,8535","0,0545","0,8264","0,0713","0,8806","0,0378",thumbnail_grossTrial,thumbnail_grossTrial.png,1245.0,1080.0,337.0,0.0,798.0,692.0,Unclassified,17.0,494.0,,,,,,
29468,49649816,1400488921103,Eye Tracker,Participant0058,17.09.2021,Participant0058,Recording4,17.09.2021,17.09.2021,14:48:45.713,12:48:45.713,64514,Timeline2,Tobii I-VT (Fixation),1.145.28180,1080,1920,"10,00",717512546.0,,,,,,,,,,,,,,,,,Invalid,Invalid,,,,,,,,,,,,,,,,,thumbnail_grossTrial,thumbnail_grossTrial.png,1245.0,1080.0,337.0,0.0,798.0,692.0,EyesNotFound,8.0,459.0,,,,,,
29469,49658149,1400488929436,Eye Tracker,Participant0058,17.09.2021,Participant0058,Recording4,17.09.2021,17.09.2021,14:48:45.713,12:48:45.713,64514,Timeline2,Tobii I-VT (Fixation),1.145.28180,1080,1920,"10,00",717520879.0,,,1416.0,94.0,1390.0,130.0,1441.0,58.0,"0,27076","-0,12006","-0,95513","0,19088","-0,15731","-0,96893",,,Valid,Valid,"235,1","100,4","514,9","293,5","99,5","515,2","381,0","35,6","395,0","15,9","0,8659","0,0871","0,8454","0,1206","0,8864","0,0537",thumbnail_grossTrial,thumbnail_grossTrial.png,1245.0,1080.0,337.0,0.0,798.0,692.0,Saccade,33.0,178.0,,,,,,
29470,49666478,1400488937765,Eye Tracker,Participant0058,17.09.2021,Participant0058,Recording4,17.09.2021,17.09.2021,14:48:45.713,12:48:45.713,64514,Timeline2,Tobii I-VT (Fixation),1.145.28180,1080,1920,"10,00",717529207.0,,,1422.0,96.0,1403.0,131.0,1442.0,61.0,"0,27703","-0,11970","-0,95338","0,19162","-0,15608","-0,96898",,,Valid,Valid,"234,9","100,5","514,8","293,2","99,7","515,1","384,5","35,9","395,1","16,7","0,8712","0,0890","0,8557","0,1214","0,8867","0,0566",thumbnail_grossTrial,thumbnail_grossTrial.png,1245.0,1080.0,337.0,0.0,798.0,692.0,Saccade,33.0,178.0,,,,,,
29471,49674851,1400488946138,Eye Tracker,Participant0058,17.09.2021,Participant0058,Recording4,17.09.2021,17.09.2021,14:48:45.713,12:48:45.713,64514,Timeline2,Tobii I-VT (Fixation),1.145.28180,1080,1920,"10,00",717537580.0,,,1384.0,86.0,,,1384.0,86.0,,,,"0,16267","-0,14434","-0,97607",,"5,38",Invalid,Valid,,,,"293,5","99,6","514,9",,,"379,3","23,4","0,8404","0,0793",,,"0,8404","0,0793",thumbnail_grossTrial,thumbnail_grossTrial.png,1245.0,1080.0,337.0,0.0,798.0,692.0,Saccade,33.0,178.0,,,,,,
29472,49683180,1400488954467,Eye Tracker,Participant0058,17.09.2021,Participant0058,Recording4,17.09.2021,17.09.2021,14:48:45.713,12:48:45.713,64514,Timeline2,Tobii I-VT (Fixation),1.145.28180,1080,1920,"10,00",717545909.0,,,1397.0,89.0,1400.0,92.0,1394.0,86.0,"0,27504","-0,13959","-0,95124","0,16803","-0,14466","-0,97511",,,Valid,Valid,"235,1","100,6","514,3","293,4","99,8","514,4","383,8","25,2","382,1","23,5","0,8510","0,0823","0,8535","0,0851","0,8486","0,0795",thumbnail_grossTrial,thumbnail_grossTrial.png,1245.0,1080.0,337.0,0.0,798.0,692.0,Saccade,33.0,178.0,,,,,,
29473,49691523,1400488962810,Eye Tracker,Participant0058,17.09.2021,Participant0058,Recording4,17.09.2021,17.09.2021,14:48:45.713,12:48:45.713,64514,Timeline2,Tobii I-VT (Fixation),1.145.28180,1080,1920,"10,00",717554251.0,,,,,,,,,,,,,,,,,Invalid,Invalid,,,,,,,,,,,,,,,,,thumbnail_grossTrial,thumbnail_grossTrial.png,1245.0,1080.0,337.0,0.0,798.0,692.0,EyesNotFound,8.0,460.0,,,,,,
29474,49699817,1400488971104,Eye Tracker,Participant0058,17.09.2021,Participant0058,Recording4,17.09.2021,17.09.2021,14:48:45.713,12:48:45.713,64514,Timeline2,Tobii I-VT (Fixation),1.145.28180,1080,1920,"10,00",717562545.0,,,1402.0,87.0,,,1402.0,87.0,,,,"0,17213","-0,14415","-0,97447",,"5,31",Invalid,Valid,,,,"293,4","99,9","514,1",,,"384,2","23,8","0,8547","0,0807",,,"0,8547","0,0807",thumbnail_grossTrial,thumbnail_grossTrial.png,1245.0,1080.0,337.0,0.0,798.0,692.0,Unclassified,17.0,495.0,,,,,,
29475,49708148,1400488979435,Eye Tracker,Participant0058,17.09.2021,Participant0058,Recording4,17.09.2021,17.09.2021,14:48:45.713,12:48:45.713,64514,Timeline2,Tobii I-VT (Fixation),1.145.28180,1080,1920,"10,00",717570876.0,,,1396.0,103.0,1398.0,113.0,1394.0,92.0,"0,27479","-0,12965","-0,95272","0,16835","-0,14224","-0,97541",,,Valid,Valid,"235,0","100,9","513,7","293,4","100,2","513,6","383,2","31,0","382,0","25,3","0,8501","0,0951","0,8518","0,1048","0,8483","0,0855",thumbnail_grossTrial,thumbnail_grossTrial.png,1245.0,1080.0,337.0,0.0,798.0,692.0,Unclassified,17.0,495.0,,,,,,
29476,49716475,1400488987762,Eye Tracker,Participant0058,17.09.2021,Participant0058,Recording4,17.09.2021,17.09.2021,14:48:45.713,12:48:45.713,64514,Timeline2,Tobii I-VT (Fixation),1.145.28180,1080,1920,"10,00",717579203.0,,,,,,,,,,,,,,,,,Invalid,Invalid,,,,,,,,,,,,,,,,,thumbnail_grossTrial,thumbnail_grossTrial.png,1245.0,1080.0,337.0,0.0,798.0,692.0,EyesNotFound,17.0,461.0,,,,,,
29477,49724811,1400488996098,Eye Tracker,Participant0058,17.09.2021,Participant0058,Recording4,17.09.2021,17.09.2021,14:48:45.713,12:48:45.713,64514,Timeline2,Tobii I-VT (Fixation),1.145.28180,1080,1920,"10,00",717587538.0,,,,,,,,,,,,,,,,,Invalid,Invalid,,,,,,,,,,,,,,,,,thumbnail_grossTrial,thumbnail_grossTrial.png,1245.0,1080.0,337.0,0.0,798.0,692.0,EyesNotFound,17.0,461.0,,,,,,
29478,49733145,1400489004432,Eye Tracker,Participant0058,17.09.2021,Participant0058,Recording4,17.09.2021,17.09.2021,14:48:45.713,12:48:45.713,64514,Timeline2,Tobii I-VT (Fixation),1.145.28180,1080,1920,"10,00",717595872.0,,,1372.0,137.0,1353.0,152.0,1391.0,121.0,"0,25416","-0,11164","-0,96070","0,16809","-0,12877","-0,97733",,,Valid,Valid,"235,0","101,2","512,8","293,2","100,7","512,3","370,7","41,6","381,3","33,2","0,8308","0,1266","0,8152","0,1409","0,8464","0,1122",thumbnail_grossTrial,thumbnail_grossTrial.png,1245.0,1080.0,337.0,0.0,798.0,692.0,Unclassified,17.0,496.0,,,,,,
29479,49741502,1400489012789,Eye Tracker,Participant0058,17.09.2021,Participant0058,Recording4,17.09.2021,17.09.2021,14:48:45.713,12:48:45.713,64514,Timeline2,Tobii I-VT (Fixation),1.145.28180,1080,1920,"10,00",717604229.0,,,1402.0,126.0,1402.0,126.0,,,"0,27752","-0,12473","-0,95259",,,,,,Valid,Invalid,"234,9","101,5","512,5",,,,"384,2","34,3",,,"0,8548","0,1162","0,8548","0,1162",,,thumbnail_grossTrial,thumbnail_grossTrial.png,1245.0,1080.0,337.0,0.0,798.0,692.0,Unclassified,17.0,496.0,,,,,,
29480,49749832,1400489021119,Eye Tracker,Participant0058,17.09.2021,Participant0058,Recording4,17.09.2021,17.09.2021,14:48:45.713,12:48:45.713,64514,Timeline2,Tobii I-VT (Fixation),1.145.28180,1080,1920,"10,00",717612558.0,,,,,,,,,,,,,,,,,Invalid,Invalid,,,,,,,,,,,,,,,,,thumbnail_grossTrial,thumbnail_grossTrial.png,1245.0,1080.0,337.0,0.0,798.0,692.0,EyesNotFound,8.0,462.0,,,,,,
29481,49758271,1400489029558,Eye Tracker,Participant0058,17.09.2021,Participant0058,Recording4,17.09.2021,17.09.2021,14:48:45.713,12:48:45.713,64514,Timeline2,Tobii I-VT (Fixation),1.145.28180,1080,1920,"10,00",717620997.0,,,1385.0,108.0,1395.0,106.0,1374.0,111.0,"0,27395","-0,13522","-0,95219","0,15996","-0,13589","-0,97773",,,Valid,Valid,"235,1","101,6","511,8","293,1","101,2","510,8","382,3","28,9","376,7","30,2","0,8410","0,1001","0,8492","0,0978","0,8327","0,1023",thumbnail_grossTrial,thumbnail_grossTrial.png,1245.0,1080.0,337.0,0.0,798.0,692.0,Unclassified,8.0,497.0,,,,,,
29482,49766469,1400489037756,Eye Tracker,Participant0058,17.09.2021,Participant0058,Recording4,17.09.2021,17.09.2021,14:48:45.713,12:48:45.713,64514,Timeline2,Tobii I-VT (Fixation),1.145.28180,1080,1920,"10,00",717629195.0,,,,,,,,,,,,,,,,,Invalid,Invalid,,,,,,,,,,,,,,,,,thumbnail_grossTrial,thumbnail_grossTrial.png,1245.0,1080.0,337.0,0.0,798.0,692.0,EyesNotFound,17.0,463.0,,,,,,
29483,49774889,1400489046176,Eye Tracker,Participant0058,17.09.2021,Participant0058,Recording4,17.09.2021,17.09.2021,14:48:45.713,12:48:45.713,64514,Timeline2,Tobii I-VT (Fixation),1.145.28180,1080,1920,"10,00",717637615.0,,,,,,,,,,,,,,,,,Invalid,Invalid,,,,,,,,,,,,,,,,,thumbnail_grossTrial,thumbnail_grossTrial.png,1245.0,1080.0,337.0,0.0,798.0,692.0,EyesNotFound,17.0,463.0,,,,,,
29484,49783174,1400489054461,Eye Tracker,Participant0058,17.09.2021,Participant0058,Recording4,17.09.2021,17.09.2021,14:48:45.713,12:48:45.713,64514,Timeline2,Tobii I-VT (Fixation),1.145.28180,1080,1920,"10,00",717645899.0,,,1391.0,107.0,1397.0,113.0,1385.0,102.0,"0,27524","-0,13266","-0,95218","0,16620","-0,14175","-0,97585",,,Valid,Valid,"235,1","102,0","510,9","293,0","101,9","509,3","382,8","30,8","379,7","27,9","0,8460","0,0993","0,8505","0,1042","0,8416","0,0943",thumbnail_grossTrial,thumbnail_grossTrial.png,1245.0,1080.0,337.0,0.0,798.0,692.0,Saccade,25.0,179.0,,,,,,
29485,49791505,1400489062792,Eye Tracker,Participant0058,17.09.2021,Participant0058,Recording4,17.09.2021,17.09.2021,14:48:45.713,12:48:45.713,64514,Timeline2,Tobii I-VT (Fixation),1.145.28180,1080,1920,"10,00",717654230.0,,,1414.0,117.0,1414.0,117.0,,,"0,28403","-0,13069","-0,94987",,,,,,Valid,Invalid,"235,0","102,2","510,6",,,,"387,6","32,0",,,"0,8649","0,1082","0,8649","0,1082",,,thumbnail_grossTrial,thumbnail_grossTrial.png,1245.0,1080.0,337.0,0.0,798.0,692.0,Saccade,25.0,179.0,,,,,,
29486,49799892,1400489071179,Eye Tracker,Participant0058,17.09.2021,Participant0058,Recording4,17.09.2021,17.09.2021,14:48:45.713,12:48:45.713,64514,Timeline2,Tobii I-VT (Fixation),1.145.28180,1080,1920,"10,00",717662617.0,,,1396.0,146.0,1396.0,146.0,,,"0,27585","-0,11629","-0,95414",,,,"4,73",,Valid,Invalid,"235,1","102,2","510,3",,,,"382,6","40,0",,,"0,8502","0,1353","0,8502","0,1353",,,thumbnail_grossTrial,thumbnail_grossTrial.png,1245.0,1080.0,337.0,0.0,798.0,692.0,Saccade,25.0,179.0,,,,,,
29487,49808166,1400489079453,Eye Tracker,Participant0058,17.09.2021,Participant0058,Recording4,17.09.2021,17.09.2021,14:48:45.713,12:48:45.713,64514,Timeline2,Tobii I-VT (Fixation),1.145.28180,1080,1920,"10,00",717670890.0,,,1382.0,128.0,1396.0,149.0,1368.0,106.0,"0,27610","-0,11529","-0,95419","0,15815","-0,14138","-0,97724",,,Valid,Valid,"235,1","102,5","509,7","292,8","102,6","507,7","382,6","40,9","375,0","29,1","0,8389","0,1184","0,8501","0,1383","0,8277","0,0985",thumbnail_grossTrial,thumbnail_grossTrial.png,1245.0,1080.0,337.0,0.0,798.0,692.0,Fixation,92.0,86.0,1382.0,154.0,"0,8387","0,1423",,
29488,49816466,1400489087753,Eye Tracker,Participant0058,17.09.2021,Participant0058,Recording4,17.09.2021,17.09.2021,14:48:45.713,12:48:45.713,64514,Timeline2,Tobii I-VT (Fixation),1.145.28180,1080,1920,"10,00",717679190.0,,,1380.0,153.0,1380.0,153.0,,,"0,26884","-0,11402","-0,95641",,,,,,Valid,Invalid,"235,0","102,7","509,4",,,,"378,2","42,0",,,"0,8372","0,1420","0,8372","0,1420",,,thumbnail_grossTrial,thumbnail_grossTrial.png,1245.0,1080.0,337.0,0.0,798.0,692.0,Fixation,92.0,86.0,1382.0,154.0,"0,8387","0,1423",,
29489,49824907,1400489096194,Eye Tracker,Participant0058,17.09.2021,Participant0058,Recording4,17.09.2021,17.09.2021,14:48:45.713,12:48:45.713,64514,Timeline2,Tobii I-VT (Fixation),1.145.28180,1080,1920,"10,00",717687631.0,,,1399.0,161.0,1399.0,161.0,,,"0,27802","-0,10955","-0,95431",,,,"4,67",,Valid,Invalid,"235,2","102,6","509,1",,,,"383,5","44,2",,,"0,8527","0,1495","0,8527","0,1495",,,thumbnail_grossTrial,thumbnail_grossTrial.png,1245.0,1080.0,337.0,0.0,798.0,692.0,Fixation,92.0,86.0,1382.0,154.0,"0,8387","0,1423",,
29490,49833165,1400489104452,Eye Tracker,Participant0058,17.09.2021,Participant0058,Recording4,17.09.2021,17.09.2021,14:48:45.713,12:48:45.713,64514,Timeline2,Tobii I-VT (Fixation),1.145.28180,1080,1920,"10,00",717695889.0,,,1395.0,146.0,1400.0,159.0,1389.0,134.0,"0,27865","-0,11143","-0,95391","0,16992","-0,12824","-0,97708",,,Valid,Valid,"235,1","102,9","508,8","292,7","103,1","506,4","383,8","43,4","380,8","36,7","0,8491","0,1355","0,8535","0,1469","0,8447","0,1241",thumbnail_grossTrial,thumbnail_grossTrial.png,1245.0,1080.0,337.0,0.0,798.0,692.0,Fixation,92.0,86.0,1382.0,154.0,"0,8387","0,1423",,
29491,49841505,1400489112792,Eye Tracker,Participant0058,17.09.2021,Participant0058,Recording4,17.09.2021,17.09.2021,14:48:45.713,12:48:45.713,64514,Timeline2,Tobii I-VT (Fixation),1.145.28180,1080,1920,"10,00",717704228.0,,,,,,,,,,,,,,,,,Invalid,Invalid,,,,,,,,,,,,,,,,,thumbnail_grossTrial,thumbnail_grossTrial.png,1245.0,1080.0,337.0,0.0,798.0,692.0,Fixation,92.0,86.0,1382.0,154.0,"0,8387","0,1423",,
29492,49849804,1400489121091,Eye Tracker,Participant0058,17.09.2021,Participant0058,Recording4,17.09.2021,17.09.2021,14:48:45.713,12:48:45.713,64514,Timeline2,Tobii I-VT (Fixation),1.145.28180,1080,1920,"10,00",717712527.0,,,,,,,,,,,,,,,,,Invalid,Invalid,,,,,,,,,,,,,,,,,thumbnail_grossTrial,thumbnail_grossTrial.png,1245.0,1080.0,337.0,0.0,798.0,692.0,Fixation,92.0,86.0,1382.0,154.0,"0,8387","0,1423",,
29493,49858169,1400489129456,Eye Tracker,Participant0058,17.09.2021,Participant0058,Recording4,17.09.2021,17.09.2021,14:48:45.713,12:48:45.713,64514,Timeline2,Tobii I-VT (Fixation),1.145.28180,1080,1920,"10,00",717720892.0,,,1382.0,133.0,1391.0,162.0,1372.0,104.0,"0,27465","-0,11055","-0,95517","0,16086","-0,14441","-0,97636",,,Valid,Valid,"235,2","103,1","508,3","292,6","103,4","505,8","381,3","44,2","376,0","28,5","0,8385","0,1231","0,8463","0,1496","0,8307","0,0966",thumbnail_grossTrial,thumbnail_grossTrial.png,1245.0,1080.0,337.0,0.0,798.0,692.0,Fixation,92.0,86.0,1382.0,154.0,"0,8387","0,1423",,
29494,49866461,1400489137748,Eye Tracker,Participant0058,17.09.2021,Participant0058,Recording4,17.09.2021,17.09.2021,14:48:45.713,12:48:45.713,64514,Timeline2,Tobii I-VT (Fixation),1.145.28180,1080,1920,"10,00",717729184.0,,,1377.0,170.0,1377.0,170.0,,,"0,26798","-0,10678","-0,95749",,,,,,Valid,Invalid,"235,1","103,2","508,2",,,,"377,3","46,5",,,"0,8345","0,1574","0,8345","0,1574",,,thumbnail_grossTrial,thumbnail_grossTrial.png,1245.0,1080.0,337.0,0.0,798.0,692.0,Fixation,92.0,86.0,1382.0,154.0,"0,8387","0,1423",,
29495,49874819,1400489146106,Eye Tracker,Participant0058,17.09.2021,Participant0058,Recording4,17.09.2021,17.09.2021,14:48:45.713,12:48:45.713,64514,Timeline2,Tobii I-VT (Fixation),1.145.28180,1080,1920,"10,00",717737542.0,,,1376.0,169.0,1376.0,169.0,,,"0,26771","-0,10726","-0,95751",,,,"4,64",,Valid,Invalid,"235,2","103,0","508,0",,,,"377,2","46,1",,,"0,8344","0,1561","0,8344","0,1561",,,thumbnail_grossTrial,thumbnail_grossTrial.png,1245.0,1080.0,337.0,0.0,798.0,692.0,Fixation,92.0,86.0,1382.0,154.0,"0,8387","0,1423",,
29496,49883157,1400489154444,Eye Tracker,Participant0058,17.09.2021,Participant0058,Recording4,17.09.2021,17.09.2021,14:48:45.713,12:48:45.713,64514,Timeline2,Tobii I-VT (Fixation),1.145.28180,1080,1920,"10,00",717745880.0,,,1368.0,145.0,1371.0,175.0,1366.0,116.0,"0,26542","-0,10462","-0,95844","0,15795","-0,13855","-0,97768",,,Valid,Valid,"235,1","103,2","507,8","292,6","103,5","505,5","375,8","47,8","374,3","31,8","0,8279","0,1347","0,8301","0,1617","0,8257","0,1077",thumbnail_grossTrial,thumbnail_grossTrial.png,1245.0,1080.0,337.0,0.0,798.0,692.0,Fixation,92.0,86.0,1382.0,154.0,"0,8387","0,1423",,
29497,49891487,1400489162774,Eye Tracker,Participant0058,17.09.2021,Participant0058,Recording4,17.09.2021,17.09.2021,14:48:45.713,12:48:45.713,64514,Timeline2,Tobii I-VT (Fixation),1.145.28180,1080,1920,"10,00",717754210.0,,,1374.0,171.0,1374.0,171.0,,,"0,26703","-0,10677","-0,95776",,,,,,Valid,Invalid,"235,0","103,4","507,7",,,,"376,6","46,8",,,"0,8325","0,1583","0,8325","0,1583",,,thumbnail_grossTrial,thumbnail_grossTrial.png,1245.0,1080.0,337.0,0.0,798.0,692.0,Fixation,92.0,86.0,1382.0,154.0,"0,8387","0,1423",,
29498,49899790,1400489171077,Eye Tracker,Participant0058,17.09.2021,Participant0058,Recording4,17.09.2021,17.09.2021,14:48:45.713,12:48:45.713,64514,Timeline2,Tobii I-VT (Fixation),1.145.28180,1080,1920,"10,00",717762513.0,,,1382.0,141.0,1381.0,160.0,1383.0,122.0,"0,26995","-0,11240","-0,95629","0,16732","-0,13564","-0,97653","4,64","5,14",Valid,Valid,"235,2","103,3","507,5","292,6","103,5","505,5","378,4","43,7","379,2","33,3","0,8389","0,1302","0,8378","0,1478","0,8400","0,1125",thumbnail_grossTrial,thumbnail_grossTrial.png,1245.0,1080.0,337.0,0.0,798.0,692.0,Saccade,17.0,180.0,,,,,,
29499,49908154,1400489179441,Eye Tracker,Participant0058,17.09.2021,Participant0058,Recording4,17.09.2021,17.09.2021,14:48:45.713,12:48:45.713,64514,Timeline2,Tobii I-VT (Fixation),1.145.28180,1080,1920,"10,00",717770877.0,,,1391.0,140.0,1384.0,155.0,1398.0,125.0,"0,27181","-0,11519","-0,95543","0,17477","-0,13394","-0,97546",,,Valid,Valid,"235,1","103,4","507,3","292,6","103,5","505,3","379,4","42,3","383,1","34,1","0,8462","0,1293","0,8408","0,1431","0,8516","0,1154",thumbnail_grossTrial,thumbnail_grossTrial.png,1245.0,1080.0,337.0,0.0,798.0,692.0,Saccade,17.0,180.0,,,,,,
29500,49916475,1400489187762,Eye Tracker,Participant0058,17.09.2021,Participant0058,Recording4,17.09.2021,17.09.2021,14:48:45.713,12:48:45.713,64514,Timeline2,Tobii I-VT (Fixation),1.145.28180,1080,1920,"10,00",717779198.0,,,,,,,,,,,,,,,,,Invalid,Invalid,,,,,,,,,,,,,,,,,thumbnail_grossTrial,thumbnail_grossTrial.png,1245.0,1080.0,337.0,0.0,798.0,692.0,EyesNotFound,17.0,464.0,,,,,,
29501,49924796,1400489196083,Eye Tracker,Participant0058,17.09.2021,Participant0058,Recording4,17.09.2021,17.09.2021,14:48:45.713,12:48:45.713,64514,Timeline2,Tobii I-VT (Fixation),1.145.28180,1080,1920,"10,00",717787519.0,,,,,,,,,,,,,,,,,Invalid,Invalid,,,,,,,,,,,,,,,,,thumbnail_grossTrial,thumbnail_grossTrial.png,1245.0,1080.0,337.0,0.0,798.0,692.0,EyesNotFound,17.0,464.0,,,,,,
29502,49933131,1400489204418,Eye Tracker,Participant0058,17.09.2021,Participant0058,Recording4,17.09.2021,17.09.2021,14:48:45.713,12:48:45.713,64514,Timeline2,Tobii I-VT (Fixation),1.145.28180,1080,1920,"10,00",717795854.0,,,1389.0,140.0,1382.0,155.0,1396.0,124.0,"0,27087","-0,11521","-0,95570","0,17356","-0,13444","-0,97560",,,Valid,Valid,"235,2","103,6","506,9","292,6","103,5","505,3","378,8","42,5","382,5","33,9","0,8444","0,1292","0,8390","0,1437","0,8497","0,1147",thumbnail_grossTrial,thumbnail_grossTrial.png,1245.0,1080.0,337.0,0.0,798.0,692.0,Unclassified,8.0,498.0,,,,,,
29503,49941450,1400489212737,Eye Tracker,Participant0058,17.09.2021,Participant0058,Recording4,17.09.2021,17.09.2021,14:48:45.713,12:48:45.713,64514,Timeline2,Tobii I-VT (Fixation),1.145.28180,1080,1920,"10,00",717804173.0,,,,,,,,,,,,,,,,,Invalid,Invalid,,,,,,,,,,,,,,,,,thumbnail_grossTrial,thumbnail_grossTrial.png,1245.0,1080.0,337.0,0.0,798.0,692.0,EyesNotFound,8.0,465.0,,,,,,
29504,49949813,1400489221100,Eye Tracker,Participant0058,17.09.2021,Participant0058,Recording4,17.09.2021,17.09.2021,14:48:45.713,12:48:45.713,64514,Timeline2,Tobii I-VT (Fixation),1.145.28180,1080,1920,"10,00",717812536.0,,,1384.0,144.0,,,1384.0,144.0,,,,"0,16777","-0,12413","-0,97798",,"5,13",Invalid,Valid,,,,"292,7","103,4","505,3",,,"379,3","39,3","0,8405","0,1329",,,"0,8405","0,1329",thumbnail_grossTrial,thumbnail_grossTrial.png,1245.0,1080.0,337.0,0.0,798.0,692.0,Saccade,25.0,181.0,,,,,,
29505,49958122,1400489229409,Eye Tracker,Participant0058,17.09.2021,Participant0058,Recording4,17.09.2021,17.09.2021,14:48:45.713,12:48:45.713,64514,Timeline2,Tobii I-VT (Fixation),1.145.28180,1080,1920,"10,00",717820845.0,,,1363.0,153.0,1350.0,157.0,1375.0,150.0,"0,25551","-0,11578","-0,95985","0,16327","-0,12075","-0,97916",,,Valid,Valid,"235,2","103,9","506,0","292,7","103,5","505,3","369,9","42,9","376,9","41,1","0,8232","0,1421","0,8130","0,1450","0,8334","0,1392",thumbnail_grossTrial,thumbnail_grossTrial.png,1245.0,1080.0,337.0,0.0,798.0,692.0,Saccade,25.0,181.0,,,,,,
29506,49966450,1400489237737,Eye Tracker,Participant0058,17.09.2021,Participant0058,Recording4,17.09.2021,17.09.2021,14:48:45.713,12:48:45.713,64514,Timeline2,Tobii I-VT (Fixation),1.145.28180,1080,1920,"10,00",717829173.0,,,1385.0,151.0,1385.0,151.0,,,"0,27247","-0,11861","-0,95483",,,,,,Valid,Invalid,"235,2","104,1","505,7",,,,"379,5","41,3",,,"0,8410","0,1398","0,8410","0,1398",,,thumbnail_grossTrial,thumbnail_grossTrial.png,1245.0,1080.0,337.0,0.0,798.0,692.0,Saccade,25.0,181.0,,,,,,
29507,49974783,1400489246070,Eye Tracker,Participant0058,17.09.2021,Participant0058,Recording4,17.09.2021,17.09.2021,14:48:45.713,12:48:45.713,64514,Timeline2,Tobii I-VT (Fixation),1.145.28180,1080,1920,"10,00",717837506.0,,,,,,,,,,,,,,,,,Invalid,Invalid,,,,,,,,,,,,,,,,,thumbnail_grossTrial,thumbnail_grossTrial.png,1245.0,1080.0,337.0,0.0,798.0,692.0,EyesNotFound,8.0,466.0,,,,,,
29508,49983120,1400489254407,Eye Tracker,Participant0058,17.09.2021,Participant0058,Recording4,17.09.2021,17.09.2021,14:48:45.713,12:48:45.713,64514,Timeline2,Tobii I-VT (Fixation),1.145.28180,1080,1920,"10,00",717845842.0,,,1378.0,144.0,1382.0,150.0,1374.0,138.0,"0,27140","-0,11964","-0,95500","0,16242","-0,12705","-0,97851",,,Valid,Valid,"235,3","104,3","505,1","292,7","103,5","505,2","378,8","41,0","376,6","37,9","0,8357","0,1334","0,8391","0,1386","0,8324","0,1282",thumbnail_grossTrial,thumbnail_grossTrial.png,1245.0,1080.0,337.0,0.0,798.0,692.0,Unclassified,17.0,499.0,,,,,,
29509,49991481,1400489262768,Eye Tracker,Participant0058,17.09.2021,Participant0058,Recording4,17.09.2021,17.09.2021,14:48:45.713,12:48:45.713,64514,Timeline2,Tobii I-VT (Fixation),1.145.28180,1080,1920,"10,00",717854204.0,,,1370.0,156.0,1370.0,156.0,,,"0,26571","-0,11695","-0,95693",,,,,,Valid,Invalid,"235,2","104,4","505,0",,,,"375,4","42,7",,,"0,8291","0,1445","0,8291","0,1445",,,thumbnail_grossTrial,thumbnail_grossTrial.png,1245.0,1080.0,337.0,0.0,798.0,692.0,Unclassified,17.0,499.0,,,,,,
29510,49999807,1400489271094,Eye Tracker,Participant0058,17.09.2021,Participant0058,Recording4,17.09.2021,17.09.2021,14:48:45.713,12:48:45.713,64514,Timeline2,Tobii I-VT (Fixation),1.145.28180,1080,1920,"10,00",717862530.0,,,1374.0,118.0,,,1374.0,118.0,,,,"0,16248","-0,13785","-0,97703",,"5,14",Invalid,Valid,,,,"292,7","103,6","505,1",,,"376,7","32,3","0,8327","0,1093",,,"0,8327","0,1093",thumbnail_grossTrial,thumbnail_grossTrial.png,1245.0,1080.0,337.0,0.0,798.0,692.0,Saccade,17.0,182.0,,,,,,
29511,50008146,1400489279433,Eye Tracker,Participant0058,17.09.2021,Participant0058,Recording4,17.09.2021,17.09.2021,14:48:45.713,12:48:45.713,64514,Timeline2,Tobii I-VT (Fixation),1.145.28180,1080,1920,"10,00",717870869.0,,,1385.0,168.0,1383.0,167.0,1387.0,169.0,"0,27231","-0,11106","-0,95578","0,16986","-0,11128","-0,97917",,,Valid,Valid,"235,3","104,4","504,7","292,7","103,6","505,0","379,1","45,8","380,3","46,2","0,8415","0,1556","0,8398","0,1549","0,8432","0,1564",thumbnail_grossTrial,thumbnail_grossTrial.png,1245.0,1080.0,337.0,0.0,798.0,692.0,Saccade,17.0,182.0,,,,,,
29512,50016470,1400489287757,Eye Tracker,Participant0058,17.09.2021,Participant0058,Recording4,17.09.2021,17.09.2021,14:48:45.713,12:48:45.713,64514,Timeline2,Tobii I-VT (Fixation),1.145.28180,1080,1920,"10,00",717879193.0,,,1370.0,173.0,1370.0,173.0,,,"0,26622","-0,10872","-0,95776",,,,,,Valid,Invalid,"235,2","104,6","504,7",,,,"375,5","47,3",,,"0,8292","0,1599","0,8292","0,1599",,,thumbnail_grossTrial,thumbnail_grossTrial.png,1245.0,1080.0,337.0,0.0,798.0,692.0,Unclassified,17.0,500.0,,,,,,
29513,50024777,1400489296064,Eye Tracker,Participant0058,17.09.2021,Participant0058,Recording4,17.09.2021,17.09.2021,14:48:45.713,12:48:45.713,64514,Timeline2,Tobii I-VT (Fixation),1.145.28180,1080,1920,"10,00",717887500.0,,,1391.0,161.0,,,1391.0,161.0,,,,"0,17181","-0,11518","-0,97837",,"5,12",Invalid,Valid,,,,"292,7","103,5","505,2",,,"381,4","44,1","0,8465","0,1491",,,"0,8465","0,1491",thumbnail_grossTrial,thumbnail_grossTrial.png,1245.0,1080.0,337.0,0.0,798.0,692.0,Unclassified,17.0,500.0,,,,,,
29514,50033149,1400489304436,Eye Tracker,Participant0058,17.09.2021,Participant0058,Recording4,17.09.2021,17.09.2021,14:48:45.713,12:48:45.713,64514,Timeline2,Tobii I-VT (Fixation),1.145.28180,1080,1920,"10,00",717895872.0,,,1372.0,156.0,1359.0,170.0,1386.0,143.0,"0,26068","-0,11034","-0,95910","0,16883","-0,12478","-0,97771",,,Valid,Valid,"235,3","104,5","504,5","292,7","103,6","505,2","372,4","46,5","379,9","39,1","0,8312","0,1447","0,8202","0,1572","0,8422","0,1322",thumbnail_grossTrial,thumbnail_grossTrial.png,1245.0,1080.0,337.0,0.0,798.0,692.0,Saccade,17.0,183.0,,,,,,
29515,50041483,1400489312770,Eye Tracker,Participant0058,17.09.2021,Participant0058,Recording4,17.09.2021,17.09.2021,14:48:45.713,12:48:45.713,64514,Timeline2,Tobii I-VT (Fixation),1.145.28180,1080,1920,"10,00",717904205.0,,,1375.0,164.0,1375.0,164.0,,,"0,26832","-0,11338","-0,95663",,,,,,Valid,Invalid,"235,2","104,6","504,6",,,,"376,7","44,8",,,"0,8329","0,1516","0,8329","0,1516",,,thumbnail_grossTrial,thumbnail_grossTrial.png,1245.0,1080.0,337.0,0.0,798.0,692.0,Saccade,17.0,183.0,,,,,,
29516,50049805,1400489321092,Eye Tracker,Participant0058,17.09.2021,Participant0058,Recording4,17.09.2021,17.09.2021,14:48:45.713,12:48:45.713,64514,Timeline2,Tobii I-VT (Fixation),1.145.28180,1080,1920,"10,00",717912528.0,,,,,,,,,,,,,,,,,Invalid,Invalid,,,,,,,,,,,,,,,,,thumbnail_grossTrial,thumbnail_grossTrial.png,1245.0,1080.0,337.0,0.0,798.0,692.0,EyesNotFound,67.0,467.0,,,,,,
29517,50058125,1400489329412,Eye Tracker,Participant0058,17.09.2021,Participant0058,Recording4,17.09.2021,17.09.2021,14:48:45.713,12:48:45.713,64514,Timeline2,Tobii I-VT (Fixation),1.145.28180,1080,1920,"10,00",717920848.0,,,,,,,,,,,,,,,,,Invalid,Invalid,,,,,,,,,,,,,,,,,thumbnail_grossTrial,thumbnail_grossTrial.png,1245.0,1080.0,337.0,0.0,798.0,692.0,EyesNotFound,67.0,467.0,,,,,,
29518,50066445,1400489337732,Eye Tracker,Participant0058,17.09.2021,Participant0058,Recording4,17.09.2021,17.09.2021,14:48:45.713,12:48:45.713,64514,Timeline2,Tobii I-VT (Fixation),1.145.28180,1080,1920,"10,00",717929168.0,,,,,,,,,,,,,,,,,Invalid,Invalid,,,,,,,,,,,,,,,,,thumbnail_grossTrial,thumbnail_grossTrial.png,1245.0,1080.0,337.0,0.0,798.0,692.0,EyesNotFound,67.0,467.0,,,,,,
29519,50074805,1400489346092,Eye Tracker,Participant0058,17.09.2021,Participant0058,Recording4,17.09.2021,17.09.2021,14:48:45.713,12:48:45.713,64514,Timeline2,Tobii I-VT (Fixation),1.145.28180,1080,1920,"10,00",717937527.0,,,,,,,,,,,,,,,,,Invalid,Invalid,,,,,,,,,,,,,,,,,thumbnail_grossTrial,thumbnail_grossTrial.png,1245.0,1080.0,337.0,0.0,798.0,692.0,EyesNotFound,67.0,467.0,,,,,,
29520,50083124,1400489354411,Eye Tracker,Participant0058,17.09.2021,Participant0058,Recording4,17.09.2021,17.09.2021,14:48:45.713,12:48:45.713,64514,Timeline2,Tobii I-VT (Fixation),1.145.28180,1080,1920,"10,00",717945847.0,,,,,,,,,,,,,,,,,Invalid,Invalid,,,,,,,,,,,,,,,,,thumbnail_grossTrial,thumbnail_grossTrial.png,1245.0,1080.0,337.0,0.0,798.0,692.0,EyesNotFound,67.0,467.0,,,,,,
29521,50091444,1400489362731,Eye Tracker,Participant0058,17.09.2021,Participant0058,Recording4,17.09.2021,17.09.2021,14:48:45.713,12:48:45.713,64514,Timeline2,Tobii I-VT (Fixation),1.145.28180,1080,1920,"10,00",717954167.0,,,,,,,,,,,,,,,,,Invalid,Invalid,,,,,,,,,,,,,,,,,thumbnail_grossTrial,thumbnail_grossTrial.png,1245.0,1080.0,337.0,0.0,798.0,692.0,EyesNotFound,67.0,467.0,,,,,,
29522,50099777,1400489371064,Eye Tracker,Participant0058,17.09.2021,Participant0058,Recording4,17.09.2021,17.09.2021,14:48:45.713,12:48:45.713,64514,Timeline2,Tobii I-VT (Fixation),1.145.28180,1080,1920,"10,00",717962499.0,,,,,,,,,,,,,,,,,Invalid,Invalid,,,,,,,,,,,,,,,,,thumbnail_grossTrial,thumbnail_grossTrial.png,1245.0,1080.0,337.0,0.0,798.0,692.0,EyesNotFound,67.0,467.0,,,,,,
29523,50108107,1400489379394,Eye Tracker,Participant0058,17.09.2021,Participant0058,Recording4,17.09.2021,17.09.2021,14:48:45.713,12:48:45.713,64514,Timeline2,Tobii I-VT (Fixation),1.145.28180,1080,1920,"10,00",717970830.0,,,,,,,,,,,,,,,,,Invalid,Invalid,,,,,,,,,,,,,,,,,thumbnail_grossTrial,thumbnail_grossTrial.png,1245.0,1080.0,337.0,0.0,798.0,692.0,EyesNotFound,67.0,467.0,,,,,,
29524,50116471,1400489387758,Eye Tracker,Participant0058,17.09.2021,Participant0058,Recording4,17.09.2021,17.09.2021,14:48:45.713,12:48:45.713,64514,Timeline2,Tobii I-VT (Fixation),1.145.28180,1080,1920,"10,00",717979194.0,,,1384.0,142.0,1384.0,142.0,,,"0,27255","-0,12390","-0,95413",,,,,,Valid,Invalid,"235,2","104,5","504,8",,,,"379,4","39,0",,,"0,8408","0,1319","0,8408","0,1319",,,thumbnail_grossTrial,thumbnail_grossTrial.png,1245.0,1080.0,337.0,0.0,798.0,692.0,Unclassified,8.0,501.0,,,,,,
29525,50124771,1400489396058,Eye Tracker,Participant0058,17.09.2021,Participant0058,Recording4,17.09.2021,17.09.2021,14:48:45.713,12:48:45.713,64514,Timeline2,Tobii I-VT (Fixation),1.145.28180,1080,1920,"10,00",717987494.0,,,,,,,,,,,,,,,,,Invalid,Invalid,,,,,,,,,,,,,,,,,thumbnail_grossTrial,thumbnail_grossTrial.png,1245.0,1080.0,337.0,0.0,798.0,692.0,EyesNotFound,8.0,468.0,,,,,,
29526,50133130,1400489404417,Eye Tracker,Participant0058,17.09.2021,Participant0058,Recording4,17.09.2021,17.09.2021,14:48:45.713,12:48:45.713,64514,Timeline2,Tobii I-VT (Fixation),1.145.28180,1080,1920,"10,00",717995852.0,,,1351.0,178.0,1338.0,192.0,1364.0,165.0,"0,25055","-0,09886","-0,96304","0,15655","-0,11189","-0,98131",,,Valid,Valid,"235,3","104,4","504,8","292,8","102,9","506,9","366,6","52,6","373,7","45,1","0,8136","0,1652","0,8032","0,1779","0,8240","0,1526",thumbnail_grossTrial,thumbnail_grossTrial.png,1245.0,1080.0,337.0,0.0,798.0,692.0,Unclassified,17.0,502.0,,,,,,
29527,50141456,1400489412743,Eye Tracker,Participant0058,17.09.2021,Participant0058,Recording4,17.09.2021,17.09.2021,14:48:45.713,12:48:45.713,64514,Timeline2,Tobii I-VT (Fixation),1.145.28180,1080,1920,"10,00",718004179.0,,,1338.0,192.0,1338.0,192.0,,,"0,25065","-0,09899","-0,96300",,,,,,Valid,Invalid,"235,2","104,5","504,9",,,,"366,6","52,6",,,"0,8032","0,1779","0,8032","0,1779",,,thumbnail_grossTrial,thumbnail_grossTrial.png,1245.0,1080.0,337.0,0.0,798.0,692.0,Unclassified,17.0,502.0,,,,,,
29528,50149794,1400489421081,Eye Tracker,Participant0058,17.09.2021,Participant0058,Recording4,17.09.2021,17.09.2021,14:48:45.713,12:48:45.713,64514,Timeline2,Tobii I-VT (Fixation),1.145.28180,1080,1920,"10,00",718012517.0,,,,,,,,,,,,,,,,,Invalid,Invalid,,,,,,,,,,,,,,,,,thumbnail_grossTrial,thumbnail_grossTrial.png,1245.0,1080.0,337.0,0.0,798.0,692.0,EyesNotFound,8.0,469.0,,,,,,
29529,50158190,1400489429477,Eye Tracker,Participant0058,17.09.2021,Participant0058,Recording4,17.09.2021,17.09.2021,14:48:45.713,12:48:45.713,64514,Timeline2,Tobii I-VT (Fixation),1.145.28180,1080,1920,"10,00",718020912.0,,,1375.0,132.0,1397.0,156.0,1353.0,108.0,"0,27884","-0,11667","-0,95322","0,15017","-0,14054","-0,97862",,,Valid,Valid,"235,3","104,4","504,8","292,9","102,4","508,1","383,0","42,6","370,9","29,4","0,8335","0,1219","0,8511","0,1441","0,8158","0,0996",thumbnail_grossTrial,thumbnail_grossTrial.png,1245.0,1080.0,337.0,0.0,798.0,692.0,Unclassified,17.0,503.0,,,,,,
29530,50166429,1400489437716,Eye Tracker,Participant0058,17.09.2021,Participant0058,Recording4,17.09.2021,17.09.2021,14:48:45.713,12:48:45.713,64514,Timeline2,Tobii I-VT (Fixation),1.145.28180,1080,1920,"10,00",718029151.0,,,1378.0,168.0,1378.0,168.0,,,"0,26997","-0,11082","-0,95647",,,,,,Valid,Invalid,"235,2","104,5","504,9",,,,"377,7","46,0",,,"0,8358","0,1556","0,8358","0,1556",,,thumbnail_grossTrial,thumbnail_grossTrial.png,1245.0,1080.0,337.0,0.0,798.0,692.0,Unclassified,17.0,503.0,,,,,,
29531,50174798,1400489446085,Eye Tracker,Participant0058,17.09.2021,Participant0058,Recording4,17.09.2021,17.09.2021,14:48:45.713,12:48:45.713,64514,Timeline2,Tobii I-VT (Fixation),1.145.28180,1080,1920,"10,00",718037521.0,,,,,,,,,,,,,,,,,Invalid,Invalid,,,,,,,,,,,,,,,,,thumbnail_grossTrial,thumbnail_grossTrial.png,1245.0,1080.0,337.0,0.0,798.0,692.0,EyesNotFound,8.0,470.0,,,,,,
29532,50183188,1400489454475,Eye Tracker,Participant0058,17.09.2021,Participant0058,Recording4,17.09.2021,17.09.2021,14:48:45.713,12:48:45.713,64514,Timeline2,Tobii I-VT (Fixation),1.145.28180,1080,1920,"10,00",718045911.0,,,1383.0,179.0,1395.0,189.0,1370.0,169.0,"0,27810","-0,09961","-0,95537","0,15900","-0,10762","-0,98140",,,Valid,Valid,"235,3","104,4","504,9","293,1","102,0","509,2","382,3","51,8","375,5","46,2","0,8393","0,1658","0,8491","0,1753","0,8294","0,1563",thumbnail_grossTrial,thumbnail_grossTrial.png,1245.0,1080.0,337.0,0.0,798.0,692.0,Unclassified,17.0,504.0,,,,,,
29533,50191470,1400489462757,Eye Tracker,Participant0058,17.09.2021,Participant0058,Recording4,17.09.2021,17.09.2021,14:48:45.713,12:48:45.713,64514,Timeline2,Tobii I-VT (Fixation),1.145.28180,1080,1920,"10,00",718054192.0,,,1411.0,287.0,1411.0,287.0,,,"0,28660","-0,04949","-0,95677",,,,,,Valid,Invalid,"235,3","104,7","505,0",,,,"386,6","78,5",,,"0,8618","0,2657","0,8618","0,2657",,,thumbnail_grossTrial,thumbnail_grossTrial.png,1245.0,1080.0,337.0,0.0,798.0,692.0,Unclassified,17.0,504.0,,,,,,
29534,50199755,1400489471042,Eye Tracker,Participant0058,17.09.2021,Participant0058,Recording4,17.09.2021,17.09.2021,14:48:45.713,12:48:45.713,64514,Timeline2,Tobii I-VT (Fixation),1.145.28180,1080,1920,"10,00",718062478.0,,,,,,,,,,,,,,,,,Invalid,Invalid,,,,,,,,,,,,,,,,,thumbnail_grossTrial,thumbnail_grossTrial.png,1245.0,1080.0,337.0,0.0,798.0,692.0,EyesNotFound,8.0,471.0,,,,,,
29535,50208130,1400489479417,Eye Tracker,Participant0058,17.09.2021,Participant0058,Recording4,17.09.2021,17.09.2021,14:48:45.713,12:48:45.713,64514,Timeline2,Tobii I-VT (Fixation),1.145.28180,1080,1920,"10,00",718070853.0,,,1441.0,368.0,1441.0,309.0,1442.0,427.0,"0,30059","-0,03834","-0,95298","0,19587","0,02856","-0,98021",,,Valid,Valid,"235,5","104,9","505,0","293,2","102,1","510,0","394,8","84,6","395,1","117,0","0,8863","0,3410","0,8859","0,2862","0,8868","0,3958",thumbnail_grossTrial,thumbnail_grossTrial.png,1245.0,1080.0,337.0,0.0,798.0,692.0,Unclassified,17.0,505.0,,,,,,
29536,50216430,1400489487717,Eye Tracker,Participant0058,17.09.2021,Participant0058,Recording4,17.09.2021,17.09.2021,14:48:45.713,12:48:45.713,64514,Timeline2,Tobii I-VT (Fixation),1.145.28180,1080,1920,"10,00",718079152.0,,,1436.0,452.0,1399.0,465.0,1473.0,438.0,"0,28078","0,04231","-0,95884","0,21177","0,03395","-0,97673",,,Valid,Valid,"235,5","105,1","505,0","293,1","102,1","510,6","383,3","127,4","403,8","119,8","0,8822","0,4182","0,8523","0,4309","0,9122","0,4054",thumbnail_grossTrial,thumbnail_grossTrial.png,1245.0,1080.0,337.0,0.0,798.0,692.0,Unclassified,17.0,505.0,,,,,,
29537,50224761,1400489496048,Eye Tracker,Participant0058,17.09.2021,Participant0058,Recording4,17.09.2021,17.09.2021,14:48:45.713,12:48:45.713,64514,Timeline2,Tobii I-VT (Fixation),1.145.28180,1080,1920,"10,00",718087483.0,,,,,,,,,,,,,,,,,Invalid,Invalid,,,,,,,,,,,,,,,,,thumbnail_grossTrial,thumbnail_grossTrial.png,1245.0,1080.0,337.0,0.0,798.0,692.0,EyesNotFound,8.0,472.0,,,,,,
29538,50233133,1400489504420,Eye Tracker,Participant0058,17.09.2021,Participant0058,Recording4,17.09.2021,17.09.2021,14:48:45.713,12:48:45.713,64514,Timeline2,Tobii I-VT (Fixation),1.145.28180,1080,1920,"10,00",718095856.0,,,1432.0,471.0,1400.0,492.0,1464.0,450.0,"0,28146","0,05599","-0,95794","0,20640","0,04059","-0,97763",,,Valid,Valid,"235,5","105,1","504,9","293,3","101,9","510,9","383,8","134,6","401,1","123,1","0,8790","0,4360","0,8536","0,4555","0,9044","0,4166",thumbnail_grossTrial,thumbnail_grossTrial.png,1245.0,1080.0,337.0,0.0,798.0,692.0,Unclassified,17.0,506.0,,,,,,
29539,50241518,1400489512805,Eye Tracker,Participant0058,17.09.2021,Participant0058,Recording4,17.09.2021,17.09.2021,14:48:45.713,12:48:45.713,64514,Timeline2,Tobii I-VT (Fixation),1.145.28180,1080,1920,"10,00",718104241.0,,,1430.0,468.0,1401.0,490.0,1459.0,447.0,"0,28177","0,05474","-0,95792","0,20419","0,03868","-0,97817",,,Valid,Valid,"235,4","105,1","504,9","293,1","102,0","510,9","384,0","134,0","399,8","122,2","0,8773","0,4334","0,8541","0,4533","0,9005","0,4135",thumbnail_grossTrial,thumbnail_grossTrial.png,1245.0,1080.0,337.0,0.0,798.0,692.0,Unclassified,17.0,506.0,,,,,,
29540,50249752,1400489521039,Eye Tracker,Participant0058,17.09.2021,Participant0058,Recording4,17.09.2021,17.09.2021,14:48:45.713,12:48:45.713,64514,Timeline2,Tobii I-VT (Fixation),1.145.28180,1080,1920,"10,00",718112474.0,,,,,,,,,,,,,,,,,Invalid,Invalid,,,,,,,,,,,,,,,,,thumbnail_grossTrial,thumbnail_grossTrial.png,1245.0,1080.0,337.0,0.0,798.0,692.0,EyesNotFound,8.0,473.0,,,,,,
29541,50258123,1400489529410,Eye Tracker,Participant0058,17.09.2021,Participant0058,Recording4,17.09.2021,17.09.2021,14:48:45.713,12:48:45.713,64514,Timeline2,Tobii I-VT (Fixation),1.145.28180,1080,1920,"10,00",718120846.0,,,1432.0,470.0,1403.0,489.0,1462.0,451.0,"0,28270","0,05456","-0,95766","0,20564","0,04091","-0,97777",,,Valid,Valid,"235,5","105,1","504,9","293,2","102,1","510,5","384,5","133,9","400,6","123,5","0,8792","0,4354","0,8557","0,4530","0,9028","0,4178",thumbnail_grossTrial,thumbnail_grossTrial.png,1245.0,1080.0,337.0,0.0,798.0,692.0,Unclassified,17.0,507.0,,,,,,
29542,50266447,1400489537734,Eye Tracker,Participant0058,17.09.2021,Participant0058,Recording4,17.09.2021,17.09.2021,14:48:45.713,12:48:45.713,64514,Timeline2,Tobii I-VT (Fixation),1.145.28180,1080,1920,"10,00",718129170.0,,,1447.0,464.0,1407.0,493.0,1488.0,434.0,"0,28468","0,05649","-0,95696","0,21912","0,03157","-0,97519",,,Valid,Valid,"235,4","105,1","504,9","293,1","102,3","510,3","385,6","134,9","407,7","118,8","0,8914","0,4293","0,8590","0,4565","0,9237","0,4020",thumbnail_grossTrial,thumbnail_grossTrial.png,1245.0,1080.0,337.0,0.0,798.0,692.0,Unclassified,17.0,507.0,,,,,,
29543,50274776,1400489546063,Eye Tracker,Participant0058,17.09.2021,Participant0058,Recording4,17.09.2021,17.09.2021,14:48:45.713,12:48:45.713,64514,Timeline2,Tobii I-VT (Fixation),1.145.28180,1080,1920,"10,00",718137498.0,,,,,,,,,,,,,,,,,Invalid,Invalid,,,,,,,,,,,,,,,,,thumbnail_grossTrial,thumbnail_grossTrial.png,1245.0,1080.0,337.0,0.0,798.0,692.0,EyesNotFound,8.0,474.0,,,,,,
29544,50283084,1400489554371,Eye Tracker,Participant0058,17.09.2021,Participant0058,Recording4,17.09.2021,17.09.2021,14:48:45.713,12:48:45.713,64514,Timeline2,Tobii I-VT (Fixation),1.145.28180,1080,1920,"10,00",718145806.0,,,1447.0,475.0,1406.0,516.0,1489.0,434.0,"0,28402","0,06824","-0,95639","0,21962","0,03126","-0,97509",,,Valid,Valid,"235,4","105,1","505,0","293,2","102,4","509,6","385,4","141,1","408,0","118,8","0,8914","0,4396","0,8584","0,4774","0,9244","0,4019",thumbnail_grossTrial,thumbnail_grossTrial.png,1245.0,1080.0,337.0,0.0,798.0,692.0,Unclassified,17.0,508.0,,,,,,
29545,50291442,1400489562729,Eye Tracker,Participant0058,17.09.2021,Participant0058,Recording4,17.09.2021,17.09.2021,14:48:45.713,12:48:45.713,64514,Timeline2,Tobii I-VT (Fixation),1.145.28180,1080,1920,"10,00",718154165.0,,,1444.0,491.0,1408.0,523.0,1479.0,460.0,"0,28469","0,07228","-0,95589","0,21519","0,04441","-0,97556",,,Valid,Valid,"235,4","105,0","505,3","293,1","102,6","509,5","385,9","143,2","405,4","125,8","0,8883","0,4550","0,8597","0,4845","0,9170","0,4256",thumbnail_grossTrial,thumbnail_grossTrial.png,1245.0,1080.0,337.0,0.0,798.0,692.0,Unclassified,17.0,508.0,,,,,,
29546,50299854,1400489571141,Eye Tracker,Participant0058,17.09.2021,Participant0058,Recording4,17.09.2021,17.09.2021,14:48:45.713,12:48:45.713,64514,Timeline2,Tobii I-VT (Fixation),1.145.28180,1080,1920,"10,00",718162577.0,,,,,,,,,,,,,,,,,Invalid,Invalid,,,,,,,,,,,,,,,,,thumbnail_grossTrial,thumbnail_grossTrial.png,1245.0,1080.0,337.0,0.0,798.0,692.0,EyesNotFound,8.0,475.0,,,,,,
29547,50308112,1400489579399,Eye Tracker,Participant0058,17.09.2021,Participant0058,Recording4,17.09.2021,17.09.2021,14:48:45.713,12:48:45.713,64514,Timeline2,Tobii I-VT (Fixation),1.145.28180,1080,1920,"10,00",718170834.0,,,1444.0,488.0,1410.0,516.0,1477.0,461.0,"0,28557","0,06885","-0,95588","0,21428","0,04476","-0,97575",,,Valid,Valid,"235,4","104,8","505,6","293,1","102,7","509,0","386,4","141,2","404,9","126,0","0,8883","0,4522","0,8613","0,4779","0,9154","0,4265",thumbnail_grossTrial,thumbnail_grossTrial.png,1245.0,1080.0,337.0,0.0,798.0,692.0,Unclassified,17.0,509.0,,,,,,
29548,50316411,1400489587698,Eye Tracker,Participant0058,17.09.2021,Participant0058,Recording4,17.09.2021,17.09.2021,14:48:45.713,12:48:45.713,64514,Timeline2,Tobii I-VT (Fixation),1.145.28180,1080,1920,"10,00",718179133.0,,,1451.0,474.0,1406.0,505.0,1496.0,442.0,"0,28360","0,06311","-0,95686","0,22386","0,03493","-0,97400",,,Valid,Valid,"235,4","104,7","505,8","293,0","102,8","508,8","385,3","138,1","409,9","121,1","0,8940","0,4385","0,8579","0,4672","0,9302","0,4097",thumbnail_grossTrial,thumbnail_grossTrial.png,1245.0,1080.0,337.0,0.0,798.0,692.0,Unclassified,17.0,509.0,,,,,,
29549,50324780,1400489596067,Eye Tracker,Participant0058,17.09.2021,Participant0058,Recording4,17.09.2021,17.09.2021,14:48:45.713,12:48:45.713,64514,Timeline2,Tobii I-VT (Fixation),1.145.28180,1080,1920,"10,00",718187503.0,,,,,,,,,,,,,,,,,Invalid,Invalid,,,,,,,,,,,,,,,,,thumbnail_grossTrial,thumbnail_grossTrial.png,1245.0,1080.0,337.0,0.0,798.0,692.0,EyesNotFound,8.0,476.0,,,,,,
29550,50333117,1400489604404,Eye Tracker,Participant0058,17.09.2021,Participant0058,Recording4,17.09.2021,17.09.2021,14:48:45.713,12:48:45.713,64514,Timeline2,Tobii I-VT (Fixation),1.145.28180,1080,1920,"10,00",718195839.0,,,1449.0,463.0,1402.0,486.0,1497.0,440.0,"0,28163","0,05368","-0,95802","0,22465","0,03360","-0,97386",,,Valid,Valid,"235,4","104,5","506,2","293,1","103,0","508,3","384,2","132,9","410,3","120,5","0,8930","0,4287","0,8547","0,4497","0,9313","0,4077",thumbnail_grossTrial,thumbnail_grossTrial.png,1245.0,1080.0,337.0,0.0,798.0,692.0,Unclassified,17.0,510.0,,,,,,
29551,50341491,1400489612778,Eye Tracker,Participant0058,17.09.2021,Participant0058,Recording4,17.09.2021,17.09.2021,14:48:45.713,12:48:45.713,64514,Timeline2,Tobii I-VT (Fixation),1.145.28180,1080,1920,"10,00",718204213.0,,,1442.0,466.0,1404.0,482.0,1481.0,450.0,"0,28261","0,05218","-0,95781","0,21666","0,03865","-0,97548",,,Valid,Valid,"235,3","104,4","506,6","292,9","103,1","508,3","384,8","132,0","405,8","123,2","0,8873","0,4318","0,8565","0,4467","0,9181","0,4170",thumbnail_grossTrial,thumbnail_grossTrial.png,1245.0,1080.0,337.0,0.0,798.0,692.0,Unclassified,17.0,510.0,,,,,,
29552,50349739,1400489621026,Eye Tracker,Participant0058,17.09.2021,Participant0058,Recording4,17.09.2021,17.09.2021,14:48:45.713,12:48:45.713,64514,Timeline2,Tobii I-VT (Fixation),1.145.28180,1080,1920,"10,00",718212462.0,,,,,,,,,,,,,,,,,Invalid,Invalid,,,,,,,,,,,,,,,,,thumbnail_grossTrial,thumbnail_grossTrial.png,1245.0,1080.0,337.0,0.0,798.0,692.0,EyesNotFound,8.0,477.0,,,,,,
29553,50358082,1400489629369,Eye Tracker,Participant0058,17.09.2021,Participant0058,Recording4,17.09.2021,17.09.2021,14:48:45.713,12:48:45.713,64514,Timeline2,Tobii I-VT (Fixation),1.145.28180,1080,1920,"10,00",718220805.0,,,1440.0,465.0,1400.0,476.0,1479.0,453.0,"0,28037","0,04918","-0,95863","0,21610","0,04010","-0,97555",,,Valid,Valid,"235,3","104,2","507,1","293,0","103,2","507,8","383,6","130,2","405,5","124,0","0,8851","0,4301","0,8531","0,4406","0,9171","0,4197",thumbnail_grossTrial,thumbnail_grossTrial.png,1245.0,1080.0,337.0,0.0,798.0,692.0,Unclassified,17.0,511.0,,,,,,
29554,50366416,1400489637703,Eye Tracker,Participant0058,17.09.2021,Participant0058,Recording4,17.09.2021,17.09.2021,14:48:45.713,12:48:45.713,64514,Timeline2,Tobii I-VT (Fixation),1.145.28180,1080,1920,"10,00",718229138.0,,,1440.0,474.0,1399.0,478.0,1482.0,471.0,"0,28015","0,04961","-0,95867","0,21817","0,04817","-0,97472",,,Valid,Valid,"235,3","104,6","506,3","292,8","103,8","506,5","383,3","130,8","406,2","128,8","0,8856","0,4391","0,8521","0,4424","0,9191","0,4359",thumbnail_grossTrial,thumbnail_grossTrial.png,1245.0,1080.0,337.0,0.0,798.0,692.0,Unclassified,17.0,511.0,,,,,,
29555,50374808,1400489646095,Eye Tracker,Participant0058,17.09.2021,Participant0058,Recording4,17.09.2021,17.09.2021,14:48:45.713,12:48:45.713,64514,Timeline2,Tobii I-VT (Fixation),1.145.28180,1080,1920,"10,00",718237530.0,,,,,,,,,,,,,,,,,Invalid,Invalid,,,,,,,,,,,,,,,,,thumbnail_grossTrial,thumbnail_grossTrial.png,1245.0,1080.0,337.0,0.0,798.0,692.0,EyesNotFound,8.0,478.0,,,,,,
29556,50383121,1400489654408,Eye Tracker,Participant0058,17.09.2021,Participant0058,Recording4,17.09.2021,17.09.2021,14:48:45.713,12:48:45.713,64514,Timeline2,Tobii I-VT (Fixation),1.145.28180,1080,1920,"10,00",718245844.0,,,1444.0,476.0,1406.0,483.0,1482.0,469.0,"0,28417","0,05144","-0,95739","0,21933","0,04622","-0,97456",,,Valid,Valid,"235,4","104,9","505,4","292,7","104,5","504,6","385,4","132,0","406,3","128,4","0,8888","0,4407","0,8582","0,4468","0,9194","0,4346",thumbnail_grossTrial,thumbnail_grossTrial.png,1245.0,1080.0,337.0,0.0,798.0,692.0,Unclassified,17.0,512.0,,,,,,
29557,50391428,1400489662715,Eye Tracker,Participant0058,17.09.2021,Participant0058,Recording4,17.09.2021,17.09.2021,14:48:45.713,12:48:45.713,64514,Timeline2,Tobii I-VT (Fixation),1.145.28180,1080,1920,"10,00",718254150.0,,,1444.0,479.0,1406.0,488.0,1482.0,470.0,"0,28405","0,05393","-0,95729","0,21951","0,04621","-0,97451",,,Valid,Valid,"235,4","105,0","505,2","292,6","104,8","504,0","385,3","133,5","406,1","128,7","0,8885","0,4435","0,8580","0,4515","0,9190","0,4355",thumbnail_grossTrial,thumbnail_grossTrial.png,1245.0,1080.0,337.0,0.0,798.0,692.0,Unclassified,17.0,512.0,,,,,,
29558,50399734,1400489671021,Eye Tracker,Participant0058,17.09.2021,Participant0058,Recording4,17.09.2021,17.09.2021,14:48:45.713,12:48:45.713,64514,Timeline2,Tobii I-VT (Fixation),1.145.28180,1080,1920,"10,00",718262456.0,,,,,,,,,,,,,,,,,Invalid,Invalid,,,,,,,,,,,,,,,,,thumbnail_grossTrial,thumbnail_grossTrial.png,1245.0,1080.0,337.0,0.0,798.0,692.0,EyesNotFound,8.0,479.0,,,,,,
29559,50408074,1400489679361,Eye Tracker,Participant0058,17.09.2021,Participant0058,Recording4,17.09.2021,17.09.2021,14:48:45.713,12:48:45.713,64514,Timeline2,Tobii I-VT (Fixation),1.145.28180,1080,1920,"10,00",718270796.0,,,1438.0,474.0,1393.0,477.0,1482.0,471.0,"0,27808","0,04830","-0,95934","0,22011","0,04580","-0,97440",,,Valid,Valid,"235,4","105,0","505,2","292,6","105,1","503,1","381,9","130,4","406,2","128,8","0,8836","0,4385","0,8479","0,4412","0,9193","0,4357",thumbnail_grossTrial,thumbnail_grossTrial.png,1245.0,1080.0,337.0,0.0,798.0,692.0,Unclassified,17.0,513.0,,,,,,
29560,50416400,1400489687687,Eye Tracker,Participant0058,17.09.2021,Participant0058,Recording4,17.09.2021,17.09.2021,14:48:45.713,12:48:45.713,64514,Timeline2,Tobii I-VT (Fixation),1.145.28180,1080,1920,"10,00",718279123.0,,,1412.0,465.0,1376.0,466.0,1449.0,464.0,"0,26970","0,04295","-0,96199","0,20350","0,04219","-0,97817",,,Valid,Valid,"235,4","104,9","505,4","292,5","105,3","502,9","377,1","127,5","397,1","127,0","0,8633","0,4305","0,8339","0,4313","0,8927","0,4296",thumbnail_grossTrial,thumbnail_grossTrial.png,1245.0,1080.0,337.0,0.0,798.0,692.0,Unclassified,17.0,513.0,,,,,,
29561,50424731,1400489696018,Eye Tracker,Participant0058,17.09.2021,Participant0058,Recording4,17.09.2021,17.09.2021,14:48:45.713,12:48:45.713,64514,Timeline2,Tobii I-VT (Fixation),1.145.28180,1080,1920,"10,00",718287453.0,,,,,,,,,,,,,,,,,Invalid,Invalid,,,,,,,,,,,,,,,,,thumbnail_grossTrial,thumbnail_grossTrial.png,1245.0,1080.0,337.0,0.0,798.0,692.0,EyesNotFound,8.0,480.0,,,,,,
29562,50433077,1400489704364,Eye Tracker,Participant0058,17.09.2021,Participant0058,Recording4,17.09.2021,17.09.2021,14:48:45.713,12:48:45.713,64514,Timeline2,Tobii I-VT (Fixation),1.145.28180,1080,1920,"10,00",718295799.0,,,1424.0,484.0,1404.0,498.0,1445.0,470.0,"0,28283","0,05993","-0,95729","0,20135","0,04527","-0,97847",,,Valid,Valid,"235,4","104,7","505,8","292,5","105,4","502,5","384,8","136,4","395,9","128,6","0,8729","0,4483","0,8566","0,4615","0,8892","0,4352",thumbnail_grossTrial,thumbnail_grossTrial.png,1245.0,1080.0,337.0,0.0,798.0,692.0,Unclassified,17.0,514.0,,,,,,
29563,50441401,1400489712688,Eye Tracker,Participant0058,17.09.2021,Participant0058,Recording4,17.09.2021,17.09.2021,14:48:45.713,12:48:45.713,64514,Timeline2,Tobii I-VT (Fixation),1.145.28180,1080,1920,"10,00",718304124.0,,,1425.0,493.0,1412.0,507.0,1439.0,480.0,"0,28623","0,06424","-0,95600","0,19860","0,05021","-0,97879",,,Valid,Valid,"235,3","104,6","506,2","292,5","105,4","502,5","386,9","138,7","394,4","131,2","0,8737","0,4566","0,8626","0,4691","0,8848","0,4440",thumbnail_grossTrial,thumbnail_grossTrial.png,1245.0,1080.0,337.0,0.0,798.0,692.0,Unclassified,17.0,514.0,,,,,,
29564,50449770,1400489721057,Eye Tracker,Participant0058,17.09.2021,Participant0058,Recording4,17.09.2021,17.09.2021,14:48:45.713,12:48:45.713,64514,Timeline2,Tobii I-VT (Fixation),1.145.28180,1080,1920,"10,00",718312492.0,,,,,,,,,,,,,,,,,Invalid,Invalid,,,,,,,,,,,,,,,,,thumbnail_grossTrial,thumbnail_grossTrial.png,1245.0,1080.0,337.0,0.0,798.0,692.0,EyesNotFound,8.0,481.0,,,,,,
29565,50458100,1400489729387,Eye Tracker,Participant0058,17.09.2021,Participant0058,Recording4,17.09.2021,17.09.2021,14:48:45.713,12:48:45.713,64514,Timeline2,Tobii I-VT (Fixation),1.145.28180,1080,1920,"10,00",718320822.0,,,1424.0,488.0,1413.0,497.0,1436.0,479.0,"0,28651","0,05971","-0,95622","0,19687","0,05015","-0,97915",,,Valid,Valid,"235,3","104,4","506,7","292,5","105,4","502,4","387,2","136,0","393,6","131,1","0,8728","0,4520","0,8634","0,4603","0,8822","0,4437",thumbnail_grossTrial,thumbnail_grossTrial.png,1245.0,1080.0,337.0,0.0,798.0,692.0,Unclassified,17.0,515.0,,,,,,
29566,50466436,1400489737723,Eye Tracker,Participant0058,17.09.2021,Participant0058,Recording4,17.09.2021,17.09.2021,14:48:45.713,12:48:45.713,64514,Timeline2,Tobii I-VT (Fixation),1.145.28180,1080,1920,"10,00",718329158.0,,,1421.0,485.0,1409.0,494.0,1433.0,477.0,"0,28453","0,05807","-0,95691","0,19518","0,04865","-0,97956",,,Valid,Valid,"235,3","104,3","507,0","292,5","105,4","502,6","386,1","135,1","392,6","130,4","0,8698","0,4491","0,8602","0,4570","0,8794","0,4412",thumbnail_grossTrial,thumbnail_grossTrial.png,1245.0,1080.0,337.0,0.0,798.0,692.0,Unclassified,17.0,515.0,,,,,,
29567,50474725,1400489746012,Eye Tracker,Participant0058,17.09.2021,Participant0058,Recording4,17.09.2021,17.09.2021,14:48:45.713,12:48:45.713,64514,Timeline2,Tobii I-VT (Fixation),1.145.28180,1080,1920,"10,00",718337448.0,,,,,,,,,,,,,,,,,Invalid,Invalid,,,,,,,,,,,,,,,,,thumbnail_grossTrial,thumbnail_grossTrial.png,1245.0,1080.0,337.0,0.0,798.0,692.0,EyesNotFound,8.0,482.0,,,,,,
29568,50483145,1400489754432,Eye Tracker,Participant0058,17.09.2021,Participant0058,Recording4,17.09.2021,17.09.2021,14:48:45.713,12:48:45.713,64514,Timeline2,Tobii I-VT (Fixation),1.145.28180,1080,1920,"10,00",718345867.0,,,1418.0,482.0,1404.0,484.0,1433.0,480.0,"0,28201","0,05369","-0,95791","0,19521","0,05065","-0,97945",,,Valid,Valid,"235,3","104,1","507,5","292,6","105,4","502,6","384,7","132,5","392,7","131,3","0,8680","0,4463","0,8563","0,4483","0,8797","0,4444",thumbnail_grossTrial,thumbnail_grossTrial.png,1245.0,1080.0,337.0,0.0,798.0,692.0,Fixation,300.0,87.0,1421.0,482.0,"0,8700","0,4463",,
29569,50491428,1400489762715,Eye Tracker,Participant0058,17.09.2021,Participant0058,Recording4,17.09.2021,17.09.2021,14:48:45.713,12:48:45.713,64514,Timeline2,Tobii I-VT (Fixation),1.145.28180,1080,1920,"10,00",718354150.0,,,1421.0,478.0,1404.0,481.0,1438.0,476.0,"0,28196","0,05226","-0,95800","0,19792","0,04836","-0,97902",,,Valid,Valid,"235,3","104,0","507,8","292,5","105,4","502,7","384,7","131,7","394,1","130,2","0,8701","0,4430","0,8563","0,4455","0,8839","0,4406",thumbnail_grossTrial,thumbnail_grossTrial.png,1245.0,1080.0,337.0,0.0,798.0,692.0,Fixation,300.0,87.0,1421.0,482.0,"0,8700","0,4463",,
29570,50499751,1400489771038,Eye Tracker,Participant0058,17.09.2021,Participant0058,Recording4,17.09.2021,17.09.2021,14:48:45.713,12:48:45.713,64514,Timeline2,Tobii I-VT (Fixation),1.145.28180,1080,1920,"10,00",718362473.0,,,1430.0,474.0,,,1430.0,474.0,,,,"0,19337","0,04773","-0,97996",,"5,11",Invalid,Valid,,,,"292,6","105,3","502,7",,,"391,8","129,7","0,8771","0,4390",,,"0,8771","0,4390",thumbnail_grossTrial,thumbnail_grossTrial.png,1245.0,1080.0,337.0,0.0,798.0,692.0,Fixation,300.0,87.0,1421.0,482.0,"0,8700","0,4463",,
29571,50508090,1400489779377,Eye Tracker,Participant0058,17.09.2021,Participant0058,Recording4,17.09.2021,17.09.2021,14:48:45.713,12:48:45.713,64514,Timeline2,Tobii I-VT (Fixation),1.145.28180,1080,1920,"10,00",718370812.0,,,1415.0,475.0,1402.0,478.0,1428.0,472.0,"0,28107","0,05100","-0,95833","0,19268","0,04664","-0,98015",,,Valid,Valid,"235,3","103,8","508,2","292,6","105,3","502,7","384,3","130,8","391,4","129,2","0,8655","0,4399","0,8552","0,4427","0,8758","0,4371",thumbnail_grossTrial,thumbnail_grossTrial.png,1245.0,1080.0,337.0,0.0,798.0,692.0,Fixation,300.0,87.0,1421.0,482.0,"0,8700","0,4463",,
29572,50516423,1400489787710,Eye Tracker,Participant0058,17.09.2021,Participant0058,Recording4,17.09.2021,17.09.2021,14:48:45.713,12:48:45.713,64514,Timeline2,Tobii I-VT (Fixation),1.145.28180,1080,1920,"10,00",718379145.0,,,1418.0,475.0,1408.0,474.0,1428.0,476.0,"0,28390","0,04879","-0,95761","0,19250","0,04840","-0,98010",,,Valid,Valid,"235,3","103,7","508,4","292,5","105,3","502,8","386,0","129,6","391,3","130,1","0,8677","0,4394","0,8600","0,4385","0,8755","0,4403",thumbnail_grossTrial,thumbnail_grossTrial.png,1245.0,1080.0,337.0,0.0,798.0,692.0,Fixation,300.0,87.0,1421.0,482.0,"0,8700","0,4463",,
29573,50524722,1400489796009,Eye Tracker,Participant0058,17.09.2021,Participant0058,Recording4,17.09.2021,17.09.2021,14:48:45.713,12:48:45.713,64514,Timeline2,Tobii I-VT (Fixation),1.145.28180,1080,1920,"10,00",718387444.0,,,1429.0,471.0,,,1429.0,471.0,,,,"0,19290","0,04651","-0,98012",,"5,03",Invalid,Valid,,,,"292,6","105,2","502,9",,,"391,6","129,0","0,8765","0,4366",,,"0,8765","0,4366",thumbnail_grossTrial,thumbnail_grossTrial.png,1245.0,1080.0,337.0,0.0,798.0,692.0,Fixation,300.0,87.0,1421.0,482.0,"0,8700","0,4463",,
29574,50533062,1400489804349,Eye Tracker,Participant0058,17.09.2021,Participant0058,Recording4,17.09.2021,17.09.2021,14:48:45.713,12:48:45.713,64514,Timeline2,Tobii I-VT (Fixation),1.145.28180,1080,1920,"10,00",718395785.0,,,1421.0,473.0,1409.0,474.0,1434.0,472.0,"0,28413","0,04936","-0,95751","0,19542","0,04661","-0,97961",,,Valid,Valid,"235,3","103,5","508,7","292,6","105,2","502,9","386,2","129,8","392,9","129,1","0,8705","0,4379","0,8608","0,4391","0,8803","0,4368",thumbnail_grossTrial,thumbnail_grossTrial.png,1245.0,1080.0,337.0,0.0,798.0,692.0,Fixation,300.0,87.0,1421.0,482.0,"0,8700","0,4463",,
29575,50541426,1400489812713,Eye Tracker,Participant0058,17.09.2021,Participant0058,Recording4,17.09.2021,17.09.2021,14:48:45.713,12:48:45.713,64514,Timeline2,Tobii I-VT (Fixation),1.145.28180,1080,1920,"10,00",718404148.0,,,1431.0,478.0,1426.0,481.0,1436.0,475.0,"0,29177","0,05305","-0,95502","0,19662","0,04823","-0,97929",,,Valid,Valid,"235,2","103,5","508,9","292,5","105,2","503,0","390,7","131,8","393,5","130,0","0,8780","0,4428","0,8739","0,4458","0,8821","0,4398",thumbnail_grossTrial,thumbnail_grossTrial.png,1245.0,1080.0,337.0,0.0,798.0,692.0,Fixation,300.0,87.0,1421.0,482.0,"0,8700","0,4463",,
29576,50549751,1400489821038,Eye Tracker,Participant0058,17.09.2021,Participant0058,Recording4,17.09.2021,17.09.2021,14:48:45.713,12:48:45.713,64514,Timeline2,Tobii I-VT (Fixation),1.145.28180,1080,1920,"10,00",718412473.0,,,1436.0,481.0,,,1436.0,481.0,,,,"0,19613","0,05163","-0,97922",,"4,87",Invalid,Valid,,,,"292,7","105,1","503,1",,,"393,4","131,6","0,8818","0,4452",,,"0,8818","0,4452",thumbnail_grossTrial,thumbnail_grossTrial.png,1245.0,1080.0,337.0,0.0,798.0,692.0,Fixation,300.0,87.0,1421.0,482.0,"0,8700","0,4463",,
29577,50558054,1400489829341,Eye Tracker,Participant0058,17.09.2021,Participant0058,Recording4,17.09.2021,17.09.2021,14:48:45.713,12:48:45.713,64514,Timeline2,Tobii I-VT (Fixation),1.145.28180,1080,1920,"10,00",718420776.0,,,1424.0,484.0,1430.0,490.0,1418.0,478.0,"0,29359","0,05745","-0,95420","0,18699","0,05030","-0,98107",,,Valid,Valid,"235,3","103,3","509,2","292,6","105,1","503,1","392,0","134,0","388,5","130,9","0,8725","0,4481","0,8775","0,4534","0,8674","0,4429",thumbnail_grossTrial,thumbnail_grossTrial.png,1245.0,1080.0,337.0,0.0,798.0,692.0,Fixation,300.0,87.0,1421.0,482.0,"0,8700","0,4463",,
29578,50566423,1400489837710,Eye Tracker,Participant0058,17.09.2021,Participant0058,Recording4,17.09.2021,17.09.2021,14:48:45.713,12:48:45.713,64514,Timeline2,Tobii I-VT (Fixation),1.145.28180,1080,1920,"10,00",718429145.0,,,1415.0,472.0,1413.0,466.0,1417.0,478.0,"0,28555","0,04546","-0,95729","0,18679","0,05025","-0,98111",,,Valid,Valid,"235,2","103,3","509,4","292,6","105,1","503,2","387,2","127,5","388,4","130,9","0,8653","0,4371","0,8635","0,4313","0,8670","0,4429",thumbnail_grossTrial,thumbnail_grossTrial.png,1245.0,1080.0,337.0,0.0,798.0,692.0,Fixation,300.0,87.0,1421.0,482.0,"0,8700","0,4463",,
29579,50574715,1400489846002,Eye Tracker,Participant0058,17.09.2021,Participant0058,Recording4,17.09.2021,17.09.2021,14:48:45.713,12:48:45.713,64514,Timeline2,Tobii I-VT (Fixation),1.145.28180,1080,1920,"10,00",718437437.0,,,1414.0,478.0,,,1414.0,478.0,,,,"0,18496","0,05048","-0,98145",,"4,90",Invalid,Valid,,,,"292,7","105,0","503,3",,,"387,6","130,9","0,8646","0,4429",,,"0,8646","0,4429",thumbnail_grossTrial,thumbnail_grossTrial.png,1245.0,1080.0,337.0,0.0,798.0,692.0,Fixation,300.0,87.0,1421.0,482.0,"0,8700","0,4463",,
29580,50583087,1400489854374,Eye Tracker,Participant0058,17.09.2021,Participant0058,Recording4,17.09.2021,17.09.2021,14:48:45.713,12:48:45.713,64514,Timeline2,Tobii I-VT (Fixation),1.145.28180,1080,1920,"10,00",718445809.0,,,1422.0,474.0,1412.0,465.0,1432.0,483.0,"0,28507","0,04543","-0,95743","0,19401","0,05309","-0,97956",,,Valid,Valid,"235,3","103,2","509,6","292,7","105,0","503,3","387,0","127,4","392,3","132,3","0,8708","0,4392","0,8630","0,4309","0,8786","0,4475",thumbnail_grossTrial,thumbnail_grossTrial.png,1245.0,1080.0,337.0,0.0,798.0,692.0,Fixation,300.0,87.0,1421.0,482.0,"0,8700","0,4463",,
29581,50591405,1400489862692,Eye Tracker,Participant0058,17.09.2021,Participant0058,Recording4,17.09.2021,17.09.2021,14:48:45.713,12:48:45.713,64514,Timeline2,Tobii I-VT (Fixation),1.145.28180,1080,1920,"10,00",718454127.0,,,1423.0,488.0,1416.0,492.0,1430.0,484.0,"0,28661","0,05919","-0,95622","0,19316","0,05340","-0,97971",,,Valid,Valid,"235,2","103,1","509,8","292,6","105,0","503,5","388,0","134,7","391,9","132,5","0,8716","0,4520","0,8659","0,4557","0,8773","0,4482",thumbnail_grossTrial,thumbnail_grossTrial.png,1245.0,1080.0,337.0,0.0,798.0,692.0,Fixation,300.0,87.0,1421.0,482.0,"0,8700","0,4463",,
29582,50599712,1400489870999,Eye Tracker,Participant0058,17.09.2021,Participant0058,Recording4,17.09.2021,17.09.2021,14:48:45.713,12:48:45.713,64514,Timeline2,Tobii I-VT (Fixation),1.145.28180,1080,1920,"10,00",718462434.0,,,1430.0,485.0,,,1430.0,485.0,,,,"0,19276","0,05421","-0,97975",,"4,86",Invalid,Valid,,,,"292,7","104,9","503,6",,,"391,8","132,8","0,8770","0,4493",,,"0,8770","0,4493",thumbnail_grossTrial,thumbnail_grossTrial.png,1245.0,1080.0,337.0,0.0,798.0,692.0,Fixation,300.0,87.0,1421.0,482.0,"0,8700","0,4463",,
29583,50608079,1400489879366,Eye Tracker,Participant0058,17.09.2021,Participant0058,Recording4,17.09.2021,17.09.2021,14:48:45.713,12:48:45.713,64514,Timeline2,Tobii I-VT (Fixation),1.145.28180,1080,1920,"10,00",718470801.0,,,1419.0,481.0,1411.0,483.0,1427.0,479.0,"0,28447","0,05456","-0,95713","0,19167","0,05077","-0,98015",,,Valid,Valid,"235,3","103,1","509,9","292,7","104,9","503,5","386,8","132,1","391,1","131,0","0,8688","0,4452","0,8625","0,4471","0,8751","0,4433",thumbnail_grossTrial,thumbnail_grossTrial.png,1245.0,1080.0,337.0,0.0,798.0,692.0,Fixation,300.0,87.0,1421.0,482.0,"0,8700","0,4463",,
29584,50616377,1400489887664,Eye Tracker,Participant0058,17.09.2021,Participant0058,Recording4,17.09.2021,17.09.2021,14:48:45.713,12:48:45.713,64514,Timeline2,Tobii I-VT (Fixation),1.145.28180,1080,1920,"10,00",718479099.0,,,1420.0,475.0,1411.0,473.0,1429.0,477.0,"0,28454","0,04968","-0,95738","0,19267","0,04999","-0,97999",,,Valid,Valid,"235,2","103,0","510,0","292,6","105,0","503,7","386,8","129,5","391,6","130,7","0,8694","0,4401","0,8623","0,4382","0,8766","0,4421",thumbnail_grossTrial,thumbnail_grossTrial.png,1245.0,1080.0,337.0,0.0,798.0,692.0,Fixation,300.0,87.0,1421.0,482.0,"0,8700","0,4463",,
29585,50624750,1400489896037,Eye Tracker,Participant0058,17.09.2021,Participant0058,Recording4,17.09.2021,17.09.2021,14:48:45.713,12:48:45.713,64514,Timeline2,Tobii I-VT (Fixation),1.145.28180,1080,1920,"10,00",718487472.0,,,1429.0,480.0,,,1429.0,480.0,,,,"0,19236","0,05177","-0,97996",,"4,84",Invalid,Valid,,,,"292,7","104,8","503,7",,,"391,6","131,5","0,8764","0,4448",,,"0,8764","0,4448",thumbnail_grossTrial,thumbnail_grossTrial.png,1245.0,1080.0,337.0,0.0,798.0,692.0,Fixation,300.0,87.0,1421.0,482.0,"0,8700","0,4463",,
29586,50633053,1400489904340,Eye Tracker,Participant0058,17.09.2021,Participant0058,Recording4,17.09.2021,17.09.2021,14:48:45.713,12:48:45.713,64514,Timeline2,Tobii I-VT (Fixation),1.145.28180,1080,1920,"10,00",718495775.0,,,1419.0,484.0,1412.0,485.0,1427.0,483.0,"0,28483","0,05581","-0,95695","0,19138","0,05322","-0,98007",,,Valid,Valid,"235,2","103,0","510,1","292,7","104,9","503,6","387,1","132,8","391,0","132,3","0,8689","0,4483","0,8631","0,4492","0,8747","0,4475",thumbnail_grossTrial,thumbnail_grossTrial.png,1245.0,1080.0,337.0,0.0,798.0,692.0,Fixation,300.0,87.0,1421.0,482.0,"0,8700","0,4463",,
29587,50641380,1400489912667,Eye Tracker,Participant0058,17.09.2021,Participant0058,Recording4,17.09.2021,17.09.2021,14:48:45.713,12:48:45.713,64514,Timeline2,Tobii I-VT (Fixation),1.145.28180,1080,1920,"10,00",718504102.0,,,1417.0,494.0,1409.0,500.0,1424.0,487.0,"0,28339","0,06360","-0,95689","0,19009","0,05498","-0,98023",,,Valid,Valid,"235,2","103,0","510,1","292,6","105,0","503,7","386,2","136,9","390,3","133,2","0,8667","0,4570","0,8608","0,4633","0,8726","0,4507",thumbnail_grossTrial,thumbnail_grossTrial.png,1245.0,1080.0,337.0,0.0,798.0,692.0,Fixation,300.0,87.0,1421.0,482.0,"0,8700","0,4463",,
29588,50649744,1400489921031,Eye Tracker,Participant0058,17.09.2021,Participant0058,Recording4,17.09.2021,17.09.2021,14:48:45.713,12:48:45.713,64514,Timeline2,Tobii I-VT (Fixation),1.145.28180,1080,1920,"10,00",718512466.0,,,,,,,,,,,,,,,,,Invalid,Invalid,,,,,,,,,,,,,,,,,thumbnail_grossTrial,thumbnail_grossTrial.png,1245.0,1080.0,337.0,0.0,798.0,692.0,Fixation,300.0,87.0,1421.0,482.0,"0,8700","0,4463",,
29589,50658130,1400489929417,Eye Tracker,Participant0058,17.09.2021,Participant0058,Recording4,17.09.2021,17.09.2021,14:48:45.713,12:48:45.713,64514,Timeline2,Tobii I-VT (Fixation),1.145.28180,1080,1920,"10,00",718520852.0,,,1412.0,480.0,1399.0,476.0,1426.0,484.0,"0,27841","0,05114","-0,95910","0,19089","0,05350","-0,98015",,,Valid,Valid,"235,2","103,0","510,1","292,7","104,9","503,6","383,3","130,2","390,7","132,4","0,8630","0,4443","0,8521","0,4405","0,8739","0,4480",thumbnail_grossTrial,thumbnail_grossTrial.png,1245.0,1080.0,337.0,0.0,798.0,692.0,Fixation,300.0,87.0,1421.0,482.0,"0,8700","0,4463",,
29590,50666411,1400489937698,Eye Tracker,Participant0058,17.09.2021,Participant0058,Recording4,17.09.2021,17.09.2021,14:48:45.713,12:48:45.713,64514,Timeline2,Tobii I-VT (Fixation),1.145.28180,1080,1920,"10,00",718529133.0,,,1416.0,462.0,1403.0,443.0,1429.0,480.0,"0,28066","0,03434","-0,95919","0,19263","0,05143","-0,97992",,,Valid,Valid,"235,2","103,0","510,1","292,6","105,0","503,6","384,4","121,3","391,6","131,4","0,8659","0,4275","0,8555","0,4104","0,8764","0,4447",thumbnail_grossTrial,thumbnail_grossTrial.png,1245.0,1080.0,337.0,0.0,798.0,692.0,Fixation,300.0,87.0,1421.0,482.0,"0,8700","0,4463",,
29591,50674734,1400489946021,Eye Tracker,Participant0058,17.09.2021,Participant0058,Recording4,17.09.2021,17.09.2021,14:48:45.713,12:48:45.713,64514,Timeline2,Tobii I-VT (Fixation),1.145.28180,1080,1920,"10,00",718537456.0,,,1438.0,476.0,,,1438.0,476.0,,,,"0,19708","0,04913","-0,97915",,"4,56",Invalid,Valid,,,,"292,7","104,9","503,6",,,"394,1","130,2","0,8836","0,4404",,,"0,8836","0,4404",thumbnail_grossTrial,thumbnail_grossTrial.png,1245.0,1080.0,337.0,0.0,798.0,692.0,Fixation,300.0,87.0,1421.0,482.0,"0,8700","0,4463",,
29592,50683122,1400489954409,Eye Tracker,Participant0058,17.09.2021,Participant0058,Recording4,17.09.2021,17.09.2021,14:48:45.713,12:48:45.713,64514,Timeline2,Tobii I-VT (Fixation),1.145.28180,1080,1920,"10,00",718545844.0,,,1416.0,478.0,1403.0,465.0,1430.0,492.0,"0,28067","0,04545","-0,95873","0,19293","0,05754","-0,97952",,,Valid,Valid,"235,3","103,0","510,0","292,7","105,0","503,5","384,6","127,2","391,8","134,5","0,8665","0,4428","0,8558","0,4304","0,8771","0,4552",thumbnail_grossTrial,thumbnail_grossTrial.png,1245.0,1080.0,337.0,0.0,798.0,692.0,Fixation,300.0,87.0,1421.0,482.0,"0,8700","0,4463",,
29593,50691369,1400489962656,Eye Tracker,Participant0058,17.09.2021,Participant0058,Recording4,17.09.2021,17.09.2021,14:48:45.713,12:48:45.713,64514,Timeline2,Tobii I-VT (Fixation),1.145.28180,1080,1920,"10,00",718554091.0,,,1421.0,485.0,1404.0,485.0,1437.0,486.0,"0,28112","0,05569","-0,95806","0,19692","0,05431","-0,97891",,,Valid,Valid,"235,2","103,1","510,0","292,6","105,0","503,5","384,9","132,7","393,9","133,0","0,8699","0,4494","0,8567","0,4490","0,8831","0,4499",thumbnail_grossTrial,thumbnail_grossTrial.png,1245.0,1080.0,337.0,0.0,798.0,692.0,Fixation,300.0,87.0,1421.0,482.0,"0,8700","0,4463",,
29594,50699782,1400489971069,Eye Tracker,Participant0058,17.09.2021,Participant0058,Recording4,17.09.2021,17.09.2021,14:48:45.713,12:48:45.713,64514,Timeline2,Tobii I-VT (Fixation),1.145.28180,1080,1920,"10,00",718562504.0,,,1432.0,485.0,,,1432.0,485.0,,,,"0,19427","0,05401","-0,97946",,"4,81",Invalid,Valid,,,,"292,7","105,0","503,5",,,"392,6","132,7","0,8792","0,4491",,,"0,8792","0,4491",thumbnail_grossTrial,thumbnail_grossTrial.png,1245.0,1080.0,337.0,0.0,798.0,692.0,Fixation,300.0,87.0,1421.0,482.0,"0,8700","0,4463",,
29595,50708069,1400489979356,Eye Tracker,Participant0058,17.09.2021,Participant0058,Recording4,17.09.2021,17.09.2021,14:48:45.713,12:48:45.713,64514,Timeline2,Tobii I-VT (Fixation),1.145.28180,1080,1920,"10,00",718570791.0,,,1419.0,488.0,1410.0,485.0,1428.0,490.0,"0,28362","0,05595","-0,95730","0,19216","0,05678","-0,97972",,,Valid,Valid,"235,3","103,0","510,0","292,6","105,0","503,4","386,3","132,8","391,4","134,2","0,8684","0,4517","0,8610","0,4495","0,8758","0,4539",thumbnail_grossTrial,thumbnail_grossTrial.png,1245.0,1080.0,337.0,0.0,798.0,692.0,Fixation,300.0,87.0,1421.0,482.0,"0,8700","0,4463",,
29596,50716397,1400489987684,Eye Tracker,Participant0058,17.09.2021,Participant0058,Recording4,17.09.2021,17.09.2021,14:48:45.713,12:48:45.713,64514,Timeline2,Tobii I-VT (Fixation),1.145.28180,1080,1920,"10,00",718579119.0,,,1417.0,484.0,1407.0,476.0,1428.0,492.0,"0,28256","0,05123","-0,95788","0,19211","0,05749","-0,97969",,,Valid,Valid,"235,2","103,1","510,0","292,6","105,1","503,4","385,6","130,3","391,3","134,6","0,8673","0,4482","0,8590","0,4410","0,8756","0,4554",thumbnail_grossTrial,thumbnail_grossTrial.png,1245.0,1080.0,337.0,0.0,798.0,692.0,Fixation,300.0,87.0,1421.0,482.0,"0,8700","0,4463",,
29597,50724696,1400489995983,Eye Tracker,Participant0058,17.09.2021,Participant0058,Recording4,17.09.2021,17.09.2021,14:48:45.713,12:48:45.713,64514,Timeline2,Tobii I-VT (Fixation),1.145.28180,1080,1920,"10,00",718587418.0,,,1427.0,492.0,,,1427.0,492.0,,,,"0,19162","0,05776","-0,97977",,"4,80",Invalid,Valid,,,,"292,7","105,0","503,4",,,"391,1","134,7","0,8751","0,4556",,,"0,8751","0,4556",thumbnail_grossTrial,thumbnail_grossTrial.png,1245.0,1080.0,337.0,0.0,798.0,692.0,Fixation,300.0,87.0,1421.0,482.0,"0,8700","0,4463",,
29598,50733042,1400490004329,Eye Tracker,Participant0058,17.09.2021,Participant0058,Recording4,17.09.2021,17.09.2021,14:48:45.713,12:48:45.713,64514,Timeline2,Tobii I-VT (Fixation),1.145.28180,1080,1920,"10,00",718595764.0,,,1420.0,484.0,1411.0,483.0,1430.0,485.0,"0,28434","0,05471","-0,95716","0,19318","0,05403","-0,97967",,,Valid,Valid,"235,2","103,0","510,0","292,6","105,0","503,3","386,7","132,2","391,9","132,8","0,8697","0,4482","0,8622","0,4472","0,8773","0,4492",thumbnail_grossTrial,thumbnail_grossTrial.png,1245.0,1080.0,337.0,0.0,798.0,692.0,Fixation,300.0,87.0,1421.0,482.0,"0,8700","0,4463",,
29599,50741404,1400490012691,Eye Tracker,Participant0058,17.09.2021,Participant0058,Recording4,17.09.2021,17.09.2021,14:48:45.713,12:48:45.713,64514,Timeline2,Tobii I-VT (Fixation),1.145.28180,1080,1920,"10,00",718604126.0,,,1424.0,489.0,1420.0,492.0,1428.0,486.0,"0,28845","0,05931","-0,95566","0,19216","0,05414","-0,97987",,,Valid,Valid,"235,2","103,0","510,1","292,6","105,1","503,4","389,1","134,7","391,3","132,9","0,8724","0,4526","0,8692","0,4557","0,8756","0,4495",thumbnail_grossTrial,thumbnail_grossTrial.png,1245.0,1080.0,337.0,0.0,798.0,692.0,Fixation,300.0,87.0,1421.0,482.0,"0,8700","0,4463",,
29600,50749700,1400490020987,Eye Tracker,Participant0058,17.09.2021,Participant0058,Recording4,17.09.2021,17.09.2021,14:48:45.713,12:48:45.713,64514,Timeline2,Tobii I-VT (Fixation),1.145.28180,1080,1920,"10,00",718612422.0,,,,,,,,,,,,,,,,,Invalid,Invalid,,,,,,,,,,,,,,,,,thumbnail_grossTrial,thumbnail_grossTrial.png,1245.0,1080.0,337.0,0.0,798.0,692.0,Fixation,300.0,87.0,1421.0,482.0,"0,8700","0,4463",,
29601,50758066,1400490029353,Eye Tracker,Participant0058,17.09.2021,Participant0058,Recording4,17.09.2021,17.09.2021,14:48:45.713,12:48:45.713,64514,Timeline2,Tobii I-VT (Fixation),1.145.28180,1080,1920,"10,00",718620788.0,,,1425.0,495.0,1423.0,501.0,1427.0,489.0,"0,28991","0,06367","-0,95493","0,19173","0,05604","-0,97985",,,Valid,Valid,"235,2","103,0","510,1","292,6","105,0","503,4","390,1","137,0","391,1","133,8","0,8735","0,4581","0,8720","0,4636","0,8751","0,4527",thumbnail_grossTrial,thumbnail_grossTrial.png,1245.0,1080.0,337.0,0.0,798.0,692.0,Fixation,300.0,87.0,1421.0,482.0,"0,8700","0,4463",,
29602,50766362,1400490037649,Eye Tracker,Participant0058,17.09.2021,Participant0058,Recording4,17.09.2021,17.09.2021,14:48:45.713,12:48:45.713,64514,Timeline2,Tobii I-VT (Fixation),1.145.28180,1080,1920,"10,00",718629084.0,,,1423.0,494.0,1418.0,499.0,1427.0,489.0,"0,28769","0,06309","-0,95564","0,19174","0,05618","-0,97984",,,Valid,Valid,"235,2","103,0","510,2","292,6","105,0","503,5","388,7","136,7","391,1","133,9","0,8715","0,4578","0,8680","0,4625","0,8750","0,4530",thumbnail_grossTrial,thumbnail_grossTrial.png,1245.0,1080.0,337.0,0.0,798.0,692.0,Fixation,300.0,87.0,1421.0,482.0,"0,8700","0,4463",,
29603,50774779,1400490046066,Eye Tracker,Participant0058,17.09.2021,Participant0058,Recording4,17.09.2021,17.09.2021,14:48:45.713,12:48:45.713,64514,Timeline2,Tobii I-VT (Fixation),1.145.28180,1080,1920,"10,00",718637501.0,,,1421.0,496.0,,,1421.0,496.0,,,,"0,18848","0,06008","-0,98024",,"4,49",Invalid,Valid,,,,"292,7","104,9","503,5",,,"389,5","135,8","0,8703","0,4594",,,"0,8703","0,4594",thumbnail_grossTrial,thumbnail_grossTrial.png,1245.0,1080.0,337.0,0.0,798.0,692.0,Fixation,300.0,87.0,1421.0,482.0,"0,8700","0,4463",,
29604,50783065,1400490054352,Eye Tracker,Participant0058,17.09.2021,Participant0058,Recording4,17.09.2021,17.09.2021,14:48:45.713,12:48:45.713,64514,Timeline2,Tobii I-VT (Fixation),1.145.28180,1080,1920,"10,00",718645787.0,,,1407.0,492.0,1401.0,481.0,1412.0,503.0,"0,27960","0,05409","-0,95859","0,18382","0,06391","-0,98088",,,Valid,Valid,"235,2","103,0","510,2","292,6","105,0","503,5","384,0","131,8","387,0","137,8","0,8586","0,4560","0,8543","0,4458","0,8629","0,4661",thumbnail_grossTrial,thumbnail_grossTrial.png,1245.0,1080.0,337.0,0.0,798.0,692.0,Saccade,17.0,184.0,,,,,,
29605,50791357,1400490062644,Eye Tracker,Participant0058,17.09.2021,Participant0058,Recording4,17.09.2021,17.09.2021,14:48:45.713,12:48:45.713,64514,Timeline2,Tobii I-VT (Fixation),1.145.28180,1080,1920,"10,00",718654079.0,,,1407.0,477.0,1397.0,455.0,1417.0,499.0,"0,27794","0,04039","-0,95975","0,18625","0,06137","-0,98058",,,Valid,Valid,"235,2","103,0","510,2","292,6","105,0","503,6","382,9","124,5","388,3","136,5","0,8588","0,4415","0,8510","0,4211","0,8666","0,4619",thumbnail_grossTrial,thumbnail_grossTrial.png,1245.0,1080.0,337.0,0.0,798.0,692.0,Saccade,17.0,184.0,,,,,,
29606,50799716,1400490071003,Eye Tracker,Participant0058,17.09.2021,Participant0058,Recording4,17.09.2021,17.09.2021,14:48:45.713,12:48:45.713,64514,Timeline2,Tobii I-VT (Fixation),1.145.28180,1080,1920,"10,00",718662438.0,,,1424.0,492.0,,,1424.0,492.0,,,,"0,18989","0,05761","-0,98011",,"4,77",Invalid,Valid,,,,"292,7","104,9","503,6",,,"390,3","134,5","0,8726","0,4552",,,"0,8726","0,4552",thumbnail_grossTrial,thumbnail_grossTrial.png,1245.0,1080.0,337.0,0.0,798.0,692.0,Unclassified,8.0,516.0,,,,,,
29607,50808026,1400490079313,Eye Tracker,Participant0058,17.09.2021,Participant0058,Recording4,17.09.2021,17.09.2021,14:48:45.713,12:48:45.713,64514,Timeline2,Tobii I-VT (Fixation),1.145.28180,1080,1920,"10,00",718670748.0,,,1419.0,474.0,1411.0,458.0,1427.0,490.0,"0,28418","0,04223","-0,95784","0,19135","0,05653","-0,97989",,,Valid,Valid,"235,2","102,9","510,2","292,7","104,9","503,6","386,6","125,4","391,0","134,0","0,8682","0,4389","0,8618","0,4244","0,8747","0,4534",thumbnail_grossTrial,thumbnail_grossTrial.png,1245.0,1080.0,337.0,0.0,798.0,692.0,Saccade,17.0,185.0,,,,,,
29608,50816447,1400490087734,Eye Tracker,Participant0058,17.09.2021,Participant0058,Recording4,17.09.2021,17.09.2021,14:48:45.713,12:48:45.713,64514,Timeline2,Tobii I-VT (Fixation),1.145.28180,1080,1920,"10,00",718679169.0,,,1421.0,493.0,1413.0,491.0,1429.0,495.0,"0,28511","0,05912","-0,95667","0,19262","0,05936","-0,97948",,,Valid,Valid,"235,2","103,0","510,3","292,6","105,0","503,7","387,3","134,5","391,7","135,5","0,8702","0,4568","0,8638","0,4551","0,8767","0,4585",thumbnail_grossTrial,thumbnail_grossTrial.png,1245.0,1080.0,337.0,0.0,798.0,692.0,Saccade,17.0,185.0,,,,,,
29609,50824715,1400490096002,Eye Tracker,Participant0058,17.09.2021,Participant0058,Recording4,17.09.2021,17.09.2021,14:48:45.713,12:48:45.713,64514,Timeline2,Tobii I-VT (Fixation),1.145.28180,1080,1920,"10,00",718687437.0,,,1431.0,498.0,,,1431.0,498.0,,,,"0,19340","0,06078","-0,97924",,"4,84",Invalid,Valid,,,,"292,7","104,9","503,7",,,"392,2","136,2","0,8783","0,4607",,,"0,8783","0,4607",thumbnail_grossTrial,thumbnail_grossTrial.png,1245.0,1080.0,337.0,0.0,798.0,692.0,Fixation,792.0,88.0,1414.0,494.0,"0,8647","0,4575",,
29610,50833030,1400490104317,Eye Tracker,Participant0058,17.09.2021,Participant0058,Recording4,17.09.2021,17.09.2021,14:48:45.713,12:48:45.713,64514,Timeline2,Tobii I-VT (Fixation),1.145.28180,1080,1920,"10,00",718695752.0,,,1413.0,498.0,1416.0,501.0,1411.0,495.0,"0,28633","0,06427","-0,95597","0,18290","0,05978","-0,98131",,,Valid,Valid,"235,2","102,9","510,3","292,7","104,9","503,7","388,1","137,2","386,6","135,6","0,8640","0,4616","0,8662","0,4644","0,8617","0,4588",thumbnail_grossTrial,thumbnail_grossTrial.png,1245.0,1080.0,337.0,0.0,798.0,692.0,Fixation,792.0,88.0,1414.0,494.0,"0,8647","0,4575",,
29611,50841359,1400490112646,Eye Tracker,Participant0058,17.09.2021,Participant0058,Recording4,17.09.2021,17.09.2021,14:48:45.713,12:48:45.713,64514,Timeline2,Tobii I-VT (Fixation),1.145.28180,1080,1920,"10,00",718704081.0,,,1412.0,495.0,1414.0,495.0,1410.0,495.0,"0,28543","0,06111","-0,95645","0,18291","0,05971","-0,98131",,,Valid,Valid,"235,2","102,9","510,4","292,6","104,9","503,8","387,5","135,5","386,6","135,6","0,8630","0,4587","0,8644","0,4586","0,8617","0,4588",thumbnail_grossTrial,thumbnail_grossTrial.png,1245.0,1080.0,337.0,0.0,798.0,692.0,Fixation,792.0,88.0,1414.0,494.0,"0,8647","0,4575",,
29612,50849718,1400490121005,Eye Tracker,Participant0058,17.09.2021,Participant0058,Recording4,17.09.2021,17.09.2021,14:48:45.713,12:48:45.713,64514,Timeline2,Tobii I-VT (Fixation),1.145.28180,1080,1920,"10,00",718712440.0,,,1430.0,487.0,,,1430.0,487.0,,,,"0,19256","0,05516","-0,97973",,"4,96",Invalid,Valid,,,,"292,7","104,8","503,9",,,"391,8","133,2","0,8770","0,4507",,,"0,8770","0,4507",thumbnail_grossTrial,thumbnail_grossTrial.png,1245.0,1080.0,337.0,0.0,798.0,692.0,Fixation,792.0,88.0,1414.0,494.0,"0,8647","0,4575",,
29613,50858046,1400490129333,Eye Tracker,Participant0058,17.09.2021,Participant0058,Recording4,17.09.2021,17.09.2021,14:48:45.713,12:48:45.713,64514,Timeline2,Tobii I-VT (Fixation),1.145.28180,1080,1920,"10,00",718720768.0,,,1417.0,488.0,1405.0,486.0,1428.0,490.0,"0,28127","0,05648","-0,95797","0,19205","0,05706","-0,97973",,,Valid,Valid,"235,2","102,9","510,5","292,7","104,8","504,0","385,1","133,0","391,5","134,2","0,8668","0,4520","0,8574","0,4499","0,8761","0,4540",thumbnail_grossTrial,thumbnail_grossTrial.png,1245.0,1080.0,337.0,0.0,798.0,692.0,Fixation,792.0,88.0,1414.0,494.0,"0,8647","0,4575",,
29614,50866377,1400490137664,Eye Tracker,Participant0058,17.09.2021,Participant0058,Recording4,17.09.2021,17.09.2021,14:48:45.713,12:48:45.713,64514,Timeline2,Tobii I-VT (Fixation),1.145.28180,1080,1920,"10,00",718729099.0,,,1418.0,487.0,1406.0,484.0,1429.0,490.0,"0,28183","0,05534","-0,95787","0,19260","0,05669","-0,97964",,,Valid,Valid,"235,2","102,9","510,5","292,7","104,8","504,1","385,4","132,4","391,8","134,0","0,8676","0,4507","0,8582","0,4480","0,8769","0,4534",thumbnail_grossTrial,thumbnail_grossTrial.png,1245.0,1080.0,337.0,0.0,798.0,692.0,Fixation,792.0,88.0,1414.0,494.0,"0,8647","0,4575",,
29615,50874681,1400490145968,Eye Tracker,Participant0058,17.09.2021,Participant0058,Recording4,17.09.2021,17.09.2021,14:48:45.713,12:48:45.713,64514,Timeline2,Tobii I-VT (Fixation),1.145.28180,1080,1920,"10,00",718737403.0,,,1421.0,503.0,,,1421.0,503.0,,,,"0,18796","0,06419","-0,98008",,"4,54",Invalid,Valid,,,,"292,7","104,7","504,2",,,"389,4","137,8","0,8701","0,4661",,,"0,8701","0,4661",thumbnail_grossTrial,thumbnail_grossTrial.png,1245.0,1080.0,337.0,0.0,798.0,692.0,Fixation,792.0,88.0,1414.0,494.0,"0,8647","0,4575",,
29616,50883024,1400490154311,Eye Tracker,Participant0058,17.09.2021,Participant0058,Recording4,17.09.2021,17.09.2021,14:48:45.713,12:48:45.713,64514,Timeline2,Tobii I-VT (Fixation),1.145.28180,1080,1920,"10,00",718745746.0,,,1410.0,495.0,1394.0,493.0,1426.0,498.0,"0,27568","0,06004","-0,95937","0,19053","0,06122","-0,97977",,,Valid,Valid,"235,2","102,8","510,6","292,7","104,7","504,3","381,9","134,8","390,8","136,2","0,8611","0,4585","0,8481","0,4561","0,8740","0,4609",thumbnail_grossTrial,thumbnail_grossTrial.png,1245.0,1080.0,337.0,0.0,798.0,692.0,Fixation,792.0,88.0,1414.0,494.0,"0,8647","0,4575",,
29617,50891349,1400490162636,Eye Tracker,Participant0058,17.09.2021,Participant0058,Recording4,17.09.2021,17.09.2021,14:48:45.713,12:48:45.713,64514,Timeline2,Tobii I-VT (Fixation),1.145.28180,1080,1920,"10,00",718754071.0,,,1408.0,502.0,1389.0,501.0,1426.0,503.0,"0,27353","0,06455","-0,95969","0,19091","0,06422","-0,97951",,,Valid,Valid,"235,1","102,8","510,7","292,6","104,7","504,4","380,7","137,2","390,9","137,8","0,8595","0,4652","0,8445","0,4642","0,8745","0,4662",thumbnail_grossTrial,thumbnail_grossTrial.png,1245.0,1080.0,337.0,0.0,798.0,692.0,Fixation,792.0,88.0,1414.0,494.0,"0,8647","0,4575",,
29618,50899705,1400490170992,Eye Tracker,Participant0058,17.09.2021,Participant0058,Recording4,17.09.2021,17.09.2021,14:48:45.713,12:48:45.713,64514,Timeline2,Tobii I-VT (Fixation),1.145.28180,1080,1920,"10,00",718762427.0,,,1436.0,492.0,,,1436.0,492.0,,,,"0,19578","0,05831","-0,97891",,"4,71",Invalid,Valid,,,,"292,8","104,6","504,5",,,"393,7","134,7","0,8824","0,4556",,,"0,8824","0,4556",thumbnail_grossTrial,thumbnail_grossTrial.png,1245.0,1080.0,337.0,0.0,798.0,692.0,Fixation,792.0,88.0,1414.0,494.0,"0,8647","0,4575",,
29619,50908017,1400490179304,Eye Tracker,Participant0058,17.09.2021,Participant0058,Recording4,17.09.2021,17.09.2021,14:48:45.713,12:48:45.713,64514,Timeline2,Tobii I-VT (Fixation),1.145.28180,1080,1920,"10,00",718770739.0,,,1416.0,494.0,1399.0,493.0,1433.0,495.0,"0,27814","0,06012","-0,95866","0,19422","0,06010","-0,97912",,,Valid,Valid,"235,2","102,8","510,7","292,7","104,6","504,5","383,4","134,8","392,8","135,6","0,8661","0,4574","0,8523","0,4561","0,8799","0,4587",thumbnail_grossTrial,thumbnail_grossTrial.png,1245.0,1080.0,337.0,0.0,798.0,692.0,Fixation,792.0,88.0,1414.0,494.0,"0,8647","0,4575",,
29620,50916368,1400490187655,Eye Tracker,Participant0058,17.09.2021,Participant0058,Recording4,17.09.2021,17.09.2021,14:48:45.713,12:48:45.713,64514,Timeline2,Tobii I-VT (Fixation),1.145.28180,1080,1920,"10,00",718779090.0,,,1414.0,481.0,1395.0,472.0,1434.0,490.0,"0,27647","0,04976","-0,95973","0,19455","0,05701","-0,97923",,,Valid,Valid,"235,1","102,8","510,7","292,7","104,6","504,6","382,2","129,3","392,9","134,0","0,8647","0,4454","0,8490","0,4374","0,8803","0,4534",thumbnail_grossTrial,thumbnail_grossTrial.png,1245.0,1080.0,337.0,0.0,798.0,692.0,Fixation,792.0,88.0,1414.0,494.0,"0,8647","0,4575",,
29621,50924711,1400490195998,Eye Tracker,Participant0058,17.09.2021,Participant0058,Recording4,17.09.2021,17.09.2021,14:48:45.713,12:48:45.713,64514,Timeline2,Tobii I-VT (Fixation),1.145.28180,1080,1920,"10,00",718787433.0,,,1431.0,492.0,,,1431.0,492.0,,,,"0,19321","0,05830","-0,97942",,"4,73",Invalid,Valid,,,,"292,8","104,5","504,6",,,"392,3","134,6","0,8786","0,4553",,,"0,8786","0,4553",thumbnail_grossTrial,thumbnail_grossTrial.png,1245.0,1080.0,337.0,0.0,798.0,692.0,Fixation,792.0,88.0,1414.0,494.0,"0,8647","0,4575",,
29622,50933046,1400490204333,Eye Tracker,Participant0058,17.09.2021,Participant0058,Recording4,17.09.2021,17.09.2021,14:48:45.713,12:48:45.713,64514,Timeline2,Tobii I-VT (Fixation),1.145.28180,1080,1920,"10,00",718795768.0,,,1419.0,477.0,1397.0,472.0,1441.0,483.0,"0,27771","0,04933","-0,95940","0,19837","0,05364","-0,97866",,,Valid,Valid,"235,2","102,8","510,6","292,7","104,6","504,5","383,0","129,1","395,0","132,2","0,8688","0,4420","0,8513","0,4367","0,8864","0,4473",thumbnail_grossTrial,thumbnail_grossTrial.png,1245.0,1080.0,337.0,0.0,798.0,692.0,Fixation,792.0,88.0,1414.0,494.0,"0,8647","0,4575",,
29623,50941340,1400490212627,Eye Tracker,Participant0058,17.09.2021,Participant0058,Recording4,17.09.2021,17.09.2021,14:48:45.713,12:48:45.713,64514,Timeline2,Tobii I-VT (Fixation),1.145.28180,1080,1920,"10,00",718804062.0,,,1421.0,484.0,1408.0,486.0,1435.0,483.0,"0,28262","0,05662","-0,95756","0,19527","0,05322","-0,97930",,,Valid,Valid,"235,2","102,9","510,5","292,7","104,6","504,5","385,8","133,0","393,3","132,0","0,8705","0,4485","0,8596","0,4502","0,8814","0,4468",thumbnail_grossTrial,thumbnail_grossTrial.png,1245.0,1080.0,337.0,0.0,798.0,692.0,Fixation,792.0,88.0,1414.0,494.0,"0,8647","0,4575",,
29624,50949700,1400490220987,Eye Tracker,Participant0058,17.09.2021,Participant0058,Recording4,17.09.2021,17.09.2021,14:48:45.713,12:48:45.713,64514,Timeline2,Tobii I-VT (Fixation),1.145.28180,1080,1920,"10,00",718812422.0,,,,,,,,,,,,,,,,,Invalid,Invalid,,,,,,,,,,,,,,,,,thumbnail_grossTrial,thumbnail_grossTrial.png,1245.0,1080.0,337.0,0.0,798.0,692.0,Fixation,792.0,88.0,1414.0,494.0,"0,8647","0,4575",,
29625,50958049,1400490229336,Eye Tracker,Participant0058,17.09.2021,Participant0058,Recording4,17.09.2021,17.09.2021,14:48:45.713,12:48:45.713,64514,Timeline2,Tobii I-VT (Fixation),1.145.28180,1080,1920,"10,00",718820771.0,,,1415.0,484.0,1401.0,484.0,1429.0,484.0,"0,27939","0,05543","-0,95858","0,19212","0,05404","-0,97988",,,Valid,Valid,"235,2","102,9","510,4","292,7","104,6","504,4","384,0","132,4","391,6","132,4","0,8653","0,4480","0,8541","0,4480","0,8765","0,4480",thumbnail_grossTrial,thumbnail_grossTrial.png,1245.0,1080.0,337.0,0.0,798.0,692.0,Fixation,792.0,88.0,1414.0,494.0,"0,8647","0,4575",,
29626,50966362,1400490237649,Eye Tracker,Participant0058,17.09.2021,Participant0058,Recording4,17.09.2021,17.09.2021,14:48:45.713,12:48:45.713,64514,Timeline2,Tobii I-VT (Fixation),1.145.28180,1080,1920,"10,00",718829084.0,,,1412.0,486.0,1394.0,487.0,1430.0,485.0,"0,27589","0,05711","-0,95949","0,19281","0,05440","-0,97973",,,Valid,Valid,"235,2","102,9","510,3","292,7","104,7","504,4","381,9","133,3","392,0","132,7","0,8628","0,4500","0,8481","0,4511","0,8775","0,4489",thumbnail_grossTrial,thumbnail_grossTrial.png,1245.0,1080.0,337.0,0.0,798.0,692.0,Fixation,792.0,88.0,1414.0,494.0,"0,8647","0,4575",,
29627,50974784,1400490246071,Eye Tracker,Participant0058,17.09.2021,Participant0058,Recording4,17.09.2021,17.09.2021,14:48:45.713,12:48:45.713,64514,Timeline2,Tobii I-VT (Fixation),1.145.28180,1080,1920,"10,00",718837505.0,,,1431.0,485.0,,,1431.0,485.0,,,,"0,19311","0,05446","-0,97966",,"4,72",Invalid,Valid,,,,"292,8","104,6","504,4",,,"392,2","132,7","0,8782","0,4488",,,"0,8782","0,4488",thumbnail_grossTrial,thumbnail_grossTrial.png,1245.0,1080.0,337.0,0.0,798.0,692.0,Fixation,792.0,88.0,1414.0,494.0,"0,8647","0,4575",,
29628,50983014,1400490254301,Eye Tracker,Participant0058,17.09.2021,Participant0058,Recording4,17.09.2021,17.09.2021,14:48:45.713,12:48:45.713,64514,Timeline2,Tobii I-VT (Fixation),1.145.28180,1080,1920,"10,00",718845736.0,,,1420.0,499.0,1407.0,514.0,1433.0,484.0,"0,28200","0,07048","-0,95682","0,19413","0,05411","-0,97948",,,Valid,Valid,"235,2","103,0","510,2","292,7","104,7","504,3","385,6","140,6","392,7","132,5","0,8692","0,4620","0,8589","0,4756","0,8796","0,4484",thumbnail_grossTrial,thumbnail_grossTrial.png,1245.0,1080.0,337.0,0.0,798.0,692.0,Fixation,792.0,88.0,1414.0,494.0,"0,8647","0,4575",,
29629,50991374,1400490262661,Eye Tracker,Participant0058,17.09.2021,Participant0058,Recording4,17.09.2021,17.09.2021,14:48:45.713,12:48:45.713,64514,Timeline2,Tobii I-VT (Fixation),1.145.28180,1080,1920,"10,00",718854096.0,,,1419.0,501.0,1402.0,513.0,1435.0,489.0,"0,27983","0,06990","-0,95750","0,19541","0,05621","-0,97911",,,Valid,Valid,"235,2","103,1","510,1","292,7","104,7","504,3","384,3","140,3","393,3","133,7","0,8682","0,4635","0,8549","0,4747","0,8814","0,4523",thumbnail_grossTrial,thumbnail_grossTrial.png,1245.0,1080.0,337.0,0.0,798.0,692.0,Fixation,792.0,88.0,1414.0,494.0,"0,8647","0,4575",,
29630,50999707,1400490270994,Eye Tracker,Participant0058,17.09.2021,Participant0058,Recording4,17.09.2021,17.09.2021,14:48:45.713,12:48:45.713,64514,Timeline2,Tobii I-VT (Fixation),1.145.28180,1080,1920,"10,00",718862429.0,,,1426.0,495.0,,,1426.0,495.0,,,,"0,19041","0,06002","-0,97987",,"4,48",Invalid,Valid,,,,"292,8","104,7","504,3",,,"390,7","135,6","0,8739","0,4588",,,"0,8739","0,4588",thumbnail_grossTrial,thumbnail_grossTrial.png,1245.0,1080.0,337.0,0.0,798.0,692.0,Fixation,792.0,88.0,1414.0,494.0,"0,8647","0,4575",,
29631,51008033,1400490279320,Eye Tracker,Participant0058,17.09.2021,Participant0058,Recording4,17.09.2021,17.09.2021,14:48:45.713,12:48:45.713,64514,Timeline2,Tobii I-VT (Fixation),1.145.28180,1080,1920,"10,00",718870755.0,,,1406.0,497.0,1385.0,493.0,1426.0,501.0,"0,27189","0,05995","-0,96046","0,19083","0,06294","-0,97960",,,Valid,Valid,"235,2","103,1","510,0","292,7","104,7","504,1","379,6","134,9","390,9","137,1","0,8579","0,4602","0,8413","0,4564","0,8744","0,4640",thumbnail_grossTrial,thumbnail_grossTrial.png,1245.0,1080.0,337.0,0.0,798.0,692.0,Fixation,792.0,88.0,1414.0,494.0,"0,8647","0,4575",,
29632,51016333,1400490287620,Eye Tracker,Participant0058,17.09.2021,Participant0058,Recording4,17.09.2021,17.09.2021,14:48:45.713,12:48:45.713,64514,Timeline2,Tobii I-VT (Fixation),1.145.28180,1080,1920,"10,00",718879055.0,,,1407.0,497.0,1390.0,488.0,1423.0,506.0,"0,27452","0,05740","-0,95987","0,18913","0,06542","-0,97977",,,Valid,Valid,"235,2","103,1","510,0","292,6","104,8","504,2","381,0","133,6","390,0","138,5","0,8586","0,4603","0,8455","0,4521","0,8717","0,4685",thumbnail_grossTrial,thumbnail_grossTrial.png,1245.0,1080.0,337.0,0.0,798.0,692.0,Fixation,792.0,88.0,1414.0,494.0,"0,8647","0,4575",,
29633,51024782,1400490296069,Eye Tracker,Participant0058,17.09.2021,Participant0058,Recording4,17.09.2021,17.09.2021,14:48:45.713,12:48:45.713,64514,Timeline2,Tobii I-VT (Fixation),1.145.28180,1080,1920,"10,00",718887504.0,,,1424.0,505.0,,,1424.0,505.0,,,,"0,18945","0,06498","-0,97974",,"4,49",Invalid,Valid,,,,"292,7","104,7","504,2",,,"390,2","138,2","0,8724","0,4675",,,"0,8724","0,4675",thumbnail_grossTrial,thumbnail_grossTrial.png,1245.0,1080.0,337.0,0.0,798.0,692.0,Fixation,792.0,88.0,1414.0,494.0,"0,8647","0,4575",,
29634,51033030,1400490304317,Eye Tracker,Participant0058,17.09.2021,Participant0058,Recording4,17.09.2021,17.09.2021,14:48:45.713,12:48:45.713,64514,Timeline2,Tobii I-VT (Fixation),1.145.28180,1080,1920,"10,00",718895751.0,,,1411.0,495.0,1401.0,489.0,1421.0,502.0,"0,27968","0,05749","-0,95837","0,18834","0,06363","-0,98004",,,Valid,Valid,"235,2","103,1","510,0","292,7","104,8","504,1","384,0","133,7","389,6","137,5","0,8624","0,4588","0,8543","0,4524","0,8705","0,4652",thumbnail_grossTrial,thumbnail_grossTrial.png,1245.0,1080.0,337.0,0.0,798.0,692.0,Fixation,792.0,88.0,1414.0,494.0,"0,8647","0,4575",,
29635,51041366,1400490312653,Eye Tracker,Participant0058,17.09.2021,Participant0058,Recording4,17.09.2021,17.09.2021,14:48:45.713,12:48:45.713,64514,Timeline2,Tobii I-VT (Fixation),1.145.28180,1080,1920,"10,00",718904088.0,,,1411.0,497.0,1397.0,499.0,1425.0,495.0,"0,27758","0,06307","-0,95863","0,19011","0,05941","-0,97996",,,Valid,Valid,"235,2","103,1","510,0","292,6","104,8","504,2","382,8","136,7","390,4","135,4","0,8619","0,4603","0,8507","0,4625","0,8731","0,4580",thumbnail_grossTrial,thumbnail_grossTrial.png,1245.0,1080.0,337.0,0.0,798.0,692.0,Fixation,792.0,88.0,1414.0,494.0,"0,8647","0,4575",,
29636,51049660,1400490320947,Eye Tracker,Participant0058,17.09.2021,Participant0058,Recording4,17.09.2021,17.09.2021,14:48:45.713,12:48:45.713,64514,Timeline2,Tobii I-VT (Fixation),1.145.28180,1080,1920,"10,00",718912382.0,,,1431.0,491.0,,,1431.0,491.0,,,,"0,19329","0,05752","-0,97945",,"4,84",Invalid,Valid,,,,"292,7","104,7","504,2",,,"392,2","134,3","0,8783","0,4545",,,"0,8783","0,4545",thumbnail_grossTrial,thumbnail_grossTrial.png,1245.0,1080.0,337.0,0.0,798.0,692.0,Fixation,792.0,88.0,1414.0,494.0,"0,8647","0,4575",,
29637,51058026,1400490329313,Eye Tracker,Participant0058,17.09.2021,Participant0058,Recording4,17.09.2021,17.09.2021,14:48:45.713,12:48:45.713,64514,Timeline2,Tobii I-VT (Fixation),1.145.28180,1080,1920,"10,00",718920748.0,,,1405.0,501.0,1398.0,501.0,1412.0,501.0,"0,27804","0,06397","-0,95844","0,18324","0,06310","-0,98104",,,Valid,Valid,"235,2","103,1","509,9","292,7","104,7","504,1","383,2","137,2","386,9","137,2","0,8571","0,4641","0,8517","0,4640","0,8625","0,4641",thumbnail_grossTrial,thumbnail_grossTrial.png,1245.0,1080.0,337.0,0.0,798.0,692.0,Fixation,792.0,88.0,1414.0,494.0,"0,8647","0,4575",,
29638,51066325,1400490337612,Eye Tracker,Participant0058,17.09.2021,Participant0058,Recording4,17.09.2021,17.09.2021,14:48:45.713,12:48:45.713,64514,Timeline2,Tobii I-VT (Fixation),1.145.28180,1080,1920,"10,00",718929047.0,,,1404.0,500.0,1397.0,498.0,1412.0,501.0,"0,27780","0,06256","-0,95860","0,18332","0,06299","-0,98103",,,Valid,Valid,"235,2","103,1","510,0","292,6","104,8","504,2","383,0","136,4","386,9","137,2","0,8568","0,4628","0,8511","0,4616","0,8625","0,4641",thumbnail_grossTrial,thumbnail_grossTrial.png,1245.0,1080.0,337.0,0.0,798.0,692.0,Fixation,792.0,88.0,1414.0,494.0,"0,8647","0,4575",,
29639,51074688,1400490345975,Eye Tracker,Participant0058,17.09.2021,Participant0058,Recording4,17.09.2021,17.09.2021,14:48:45.713,12:48:45.713,64514,Timeline2,Tobii I-VT (Fixation),1.145.28180,1080,1920,"10,00",718937410.0,,,1435.0,488.0,,,1435.0,488.0,,,,"0,19546","0,05622","-0,97910",,"5,70",Invalid,Valid,,,,"292,7","104,7","504,2",,,"393,4","133,7","0,8817","0,4522",,,"0,8817","0,4522",thumbnail_grossTrial,thumbnail_grossTrial.png,1245.0,1080.0,337.0,0.0,798.0,692.0,Fixation,792.0,88.0,1414.0,494.0,"0,8647","0,4575",,
29640,51083080,1400490354367,Eye Tracker,Participant0058,17.09.2021,Participant0058,Recording4,17.09.2021,17.09.2021,14:48:45.713,12:48:45.713,64514,Timeline2,Tobii I-VT (Fixation),1.145.28180,1080,1920,"10,00",718945802.0,,,1418.0,497.0,1402.0,503.0,1433.0,492.0,"0,28006","0,06468","-0,95780","0,19421","0,05786","-0,97925",,,Valid,Valid,"235,2","103,1","509,9","292,7","104,7","504,2","384,3","137,5","392,7","134,5","0,8674","0,4602","0,8552","0,4654","0,8796","0,4551",thumbnail_grossTrial,thumbnail_grossTrial.png,1245.0,1080.0,337.0,0.0,798.0,692.0,Fixation,792.0,88.0,1414.0,494.0,"0,8647","0,4575",,
29641,51091354,1400490362641,Eye Tracker,Participant0058,17.09.2021,Participant0058,Recording4,17.09.2021,17.09.2021,14:48:45.713,12:48:45.713,64514,Timeline2,Tobii I-VT (Fixation),1.145.28180,1080,1920,"10,00",718954075.0,,,1413.0,502.0,1399.0,507.0,1427.0,498.0,"0,27864","0,06668","-0,95808","0,19105","0,06122","-0,97967",,,Valid,Valid,"235,2","103,1","509,9","292,7","104,8","504,2","383,5","138,6","391,0","136,3","0,8637","0,4651","0,8527","0,4690","0,8746","0,4611",thumbnail_grossTrial,thumbnail_grossTrial.png,1245.0,1080.0,337.0,0.0,798.0,692.0,Fixation,792.0,88.0,1414.0,494.0,"0,8647","0,4575",,
29642,51099655,1400490370942,Eye Tracker,Participant0058,17.09.2021,Participant0058,Recording4,17.09.2021,17.09.2021,14:48:45.713,12:48:45.713,64514,Timeline2,Tobii I-VT (Fixation),1.145.28180,1080,1920,"10,00",718962377.0,,,1420.0,502.0,,,1420.0,502.0,,,,"0,18743","0,06327","-0,98024",,"4,50",Invalid,Valid,,,,"292,8","104,7","504,2",,,"389,2","137,2","0,8693","0,4644",,,"0,8693","0,4644",thumbnail_grossTrial,thumbnail_grossTrial.png,1245.0,1080.0,337.0,0.0,798.0,692.0,Fixation,792.0,88.0,1414.0,494.0,"0,8647","0,4575",,
29643,51108021,1400490379308,Eye Tracker,Participant0058,17.09.2021,Participant0058,Recording4,17.09.2021,17.09.2021,14:48:45.713,12:48:45.713,64514,Timeline2,Tobii I-VT (Fixation),1.145.28180,1080,1920,"10,00",718970743.0,,,1413.0,504.0,1403.0,507.0,1422.0,501.0,"0,28023","0,06688","-0,95760","0,18878","0,06311","-0,97999",,,Valid,Valid,"235,3","103,1","509,9","292,7","104,7","504,2","384,5","138,7","389,8","137,2","0,8634","0,4668","0,8555","0,4694","0,8713","0,4642",thumbnail_grossTrial,thumbnail_grossTrial.png,1245.0,1080.0,337.0,0.0,798.0,692.0,Fixation,792.0,88.0,1414.0,494.0,"0,8647","0,4575",,
29644,51116321,1400490387608,Eye Tracker,Participant0058,17.09.2021,Participant0058,Recording4,17.09.2021,17.09.2021,14:48:45.713,12:48:45.713,64514,Timeline2,Tobii I-VT (Fixation),1.145.28180,1080,1920,"10,00",718979043.0,,,1417.0,500.0,1413.0,497.0,1422.0,503.0,"0,28538","0,06164","-0,95643","0,18847","0,06407","-0,97999",,,Valid,Valid,"235,2","103,2","509,9","292,7","104,8","504,2","387,3","136,0","389,6","137,7","0,8673","0,4631","0,8639","0,4602","0,8707","0,4660",thumbnail_grossTrial,thumbnail_grossTrial.png,1245.0,1080.0,337.0,0.0,798.0,692.0,Fixation,792.0,88.0,1414.0,494.0,"0,8647","0,4575",,
29645,51124682,1400490395969,Eye Tracker,Participant0058,17.09.2021,Participant0058,Recording4,17.09.2021,17.09.2021,14:48:45.713,12:48:45.713,64514,Timeline2,Tobii I-VT (Fixation),1.145.28180,1080,1920,"10,00",718987403.0,,,1421.0,503.0,,,1421.0,503.0,,,,"0,18816","0,06396","-0,98005",,"4,48",Invalid,Valid,,,,"292,8","104,7","504,2",,,"389,6","137,6","0,8705","0,4656",,,"0,8705","0,4656",thumbnail_grossTrial,thumbnail_grossTrial.png,1245.0,1080.0,337.0,0.0,798.0,692.0,Fixation,792.0,88.0,1414.0,494.0,"0,8647","0,4575",,
29646,51132995,1400490404282,Eye Tracker,Participant0058,17.09.2021,Participant0058,Recording4,17.09.2021,17.09.2021,14:48:45.713,12:48:45.713,64514,Timeline2,Tobii I-VT (Fixation),1.145.28180,1080,1920,"10,00",718995717.0,,,1416.0,492.0,1403.0,486.0,1429.0,498.0,"0,28054","0,05625","-0,95819","0,19228","0,06160","-0,97941",,,Valid,Valid,"235,2","103,1","509,8","292,7","104,7","504,1","384,5","133,1","391,7","136,4","0,8662","0,4559","0,8557","0,4502","0,8767","0,4616",thumbnail_grossTrial,thumbnail_grossTrial.png,1245.0,1080.0,337.0,0.0,798.0,692.0,Fixation,792.0,88.0,1414.0,494.0,"0,8647","0,4575",,
29647,51141319,1400490412606,Eye Tracker,Participant0058,17.09.2021,Participant0058,Recording4,17.09.2021,17.09.2021,14:48:45.713,12:48:45.713,64514,Timeline2,Tobii I-VT (Fixation),1.145.28180,1080,1920,"10,00",719004041.0,,,1413.0,499.0,1396.0,496.0,1430.0,501.0,"0,27744","0,06129","-0,95879","0,19297","0,06293","-0,97918",,,Valid,Valid,"235,2","103,2","509,8","292,7","104,8","504,2","382,7","135,8","392,0","137,2","0,8640","0,4617","0,8504","0,4594","0,8777","0,4641",thumbnail_grossTrial,thumbnail_grossTrial.png,1245.0,1080.0,337.0,0.0,798.0,692.0,Fixation,792.0,88.0,1414.0,494.0,"0,8647","0,4575",,
29648,51149650,1400490420937,Eye Tracker,Participant0058,17.09.2021,Participant0058,Recording4,17.09.2021,17.09.2021,14:48:45.713,12:48:45.713,64514,Timeline2,Tobii I-VT (Fixation),1.145.28180,1080,1920,"10,00",719012372.0,,,1433.0,498.0,,,1433.0,498.0,,,,"0,19432","0,06159","-0,97900",,"4,88",Invalid,Valid,,,,"292,7","104,7","504,2",,,"392,8","136,4","0,8800","0,4616",,,"0,8800","0,4616",thumbnail_grossTrial,thumbnail_grossTrial.png,1245.0,1080.0,337.0,0.0,798.0,692.0,Fixation,792.0,88.0,1414.0,494.0,"0,8647","0,4575",,
29649,51158009,1400490429296,Eye Tracker,Participant0058,17.09.2021,Participant0058,Recording4,17.09.2021,17.09.2021,14:48:45.713,12:48:45.713,64514,Timeline2,Tobii I-VT (Fixation),1.145.28180,1080,1920,"10,00",719020731.0,,,1418.0,491.0,1401.0,499.0,1435.0,483.0,"0,27961","0,06297","-0,95805","0,19523","0,05319","-0,97931",,,Valid,Valid,"235,2","103,2","509,8","292,7","104,7","504,1","384,0","136,7","393,2","132,1","0,8677","0,4547","0,8542","0,4624","0,8811","0,4470",thumbnail_grossTrial,thumbnail_grossTrial.png,1245.0,1080.0,337.0,0.0,798.0,692.0,Fixation,792.0,88.0,1414.0,494.0,"0,8647","0,4575",,
29650,51166348,1400490437635,Eye Tracker,Participant0058,17.09.2021,Participant0058,Recording4,17.09.2021,17.09.2021,14:48:45.713,12:48:45.713,64514,Timeline2,Tobii I-VT (Fixation),1.145.28180,1080,1920,"10,00",719029070.0,,,1424.0,494.0,1406.0,501.0,1443.0,488.0,"0,28179","0,06353","-0,95737","0,19965","0,05576","-0,97828",,,Valid,Valid,"235,2","103,2","509,8","292,6","104,8","504,2","385,2","137,0","395,5","133,5","0,8729","0,4577","0,8578","0,4636","0,8880","0,4517",thumbnail_grossTrial,thumbnail_grossTrial.png,1245.0,1080.0,337.0,0.0,798.0,692.0,Fixation,792.0,88.0,1414.0,494.0,"0,8647","0,4575",,
29651,51174679,1400490445966,Eye Tracker,Participant0058,17.09.2021,Participant0058,Recording4,17.09.2021,17.09.2021,14:48:45.713,12:48:45.713,64514,Timeline2,Tobii I-VT (Fixation),1.145.28180,1080,1920,"10,00",719037401.0,,,1440.0,491.0,,,1440.0,491.0,,,,"0,19766","0,05753","-0,97858",,"4,48",Invalid,Valid,,,,"292,7","104,7","504,2",,,"394,6","134,3","0,8852","0,4545",,,"0,8852","0,4545",thumbnail_grossTrial,thumbnail_grossTrial.png,1245.0,1080.0,337.0,0.0,798.0,692.0,Fixation,792.0,88.0,1414.0,494.0,"0,8647","0,4575",,
29652,51183041,1400490454328,Eye Tracker,Participant0058,17.09.2021,Participant0058,Recording4,17.09.2021,17.09.2021,14:48:45.713,12:48:45.713,64514,Timeline2,Tobii I-VT (Fixation),1.145.28180,1080,1920,"10,00",719045762.0,,,1421.0,503.0,1407.0,504.0,1434.0,502.0,"0,28253","0,06549","-0,95702","0,19472","0,06351","-0,97880",,,Valid,Valid,"235,2","103,2","509,8","292,7","104,7","504,1","385,7","138,1","393,0","137,4","0,8699","0,4661","0,8592","0,4671","0,8805","0,4650",thumbnail_grossTrial,thumbnail_grossTrial.png,1245.0,1080.0,337.0,0.0,798.0,692.0,Fixation,792.0,88.0,1414.0,494.0,"0,8647","0,4575",,
29653,51191349,1400490462636,Eye Tracker,Participant0058,17.09.2021,Participant0058,Recording4,17.09.2021,17.09.2021,14:48:45.713,12:48:45.713,64514,Timeline2,Tobii I-VT (Fixation),1.145.28180,1080,1920,"10,00",719054071.0,,,1414.0,501.0,1406.0,505.0,1422.0,498.0,"0,28199","0,06571","-0,95716","0,18887","0,06114","-0,98010",,,Valid,Valid,"235,2","103,2","509,8","292,7","104,8","504,2","385,4","138,2","389,8","136,2","0,8647","0,4642","0,8582","0,4676","0,8712","0,4609",thumbnail_grossTrial,thumbnail_grossTrial.png,1245.0,1080.0,337.0,0.0,798.0,692.0,Fixation,792.0,88.0,1414.0,494.0,"0,8647","0,4575",,
29654,51199644,1400490470931,Eye Tracker,Participant0058,17.09.2021,Participant0058,Recording4,17.09.2021,17.09.2021,14:48:45.713,12:48:45.713,64514,Timeline2,Tobii I-VT (Fixation),1.145.28180,1080,1920,"10,00",719062366.0,,,1425.0,495.0,,,1425.0,495.0,,,,"0,18991","0,05965","-0,97999",,"4,90",Invalid,Valid,,,,"292,8","104,7","504,2",,,"390,5","135,4","0,8731","0,4581",,,"0,8731","0,4581",thumbnail_grossTrial,thumbnail_grossTrial.png,1245.0,1080.0,337.0,0.0,798.0,692.0,Fixation,792.0,88.0,1414.0,494.0,"0,8647","0,4575",,
29655,51208016,1400490479303,Eye Tracker,Participant0058,17.09.2021,Participant0058,Recording4,17.09.2021,17.09.2021,14:48:45.713,12:48:45.713,64514,Timeline2,Tobii I-VT (Fixation),1.145.28180,1080,1920,"10,00",719070737.0,,,1408.0,497.0,1393.0,494.0,1424.0,501.0,"0,27592","0,06004","-0,95930","0,18940","0,06305","-0,97987",,,Valid,Valid,"235,2","103,2","509,8","292,7","104,7","504,2","381,9","135,1","390,2","137,2","0,8601","0,4605","0,8479","0,4570","0,8722","0,4640",thumbnail_grossTrial,thumbnail_grossTrial.png,1245.0,1080.0,337.0,0.0,798.0,692.0,Fixation,792.0,88.0,1414.0,494.0,"0,8647","0,4575",,
29656,51216326,1400490487613,Eye Tracker,Participant0058,17.09.2021,Participant0058,Recording4,17.09.2021,17.09.2021,14:48:45.713,12:48:45.713,64514,Timeline2,Tobii I-VT (Fixation),1.145.28180,1080,1920,"10,00",719079048.0,,,1411.0,493.0,1390.0,491.0,1432.0,496.0,"0,27432","0,05870","-0,95984","0,19364","0,06003","-0,97923",,,Valid,Valid,"235,2","103,2","509,8","292,7","104,8","504,2","380,9","134,4","392,4","135,7","0,8619","0,4568","0,8451","0,4546","0,8787","0,4590",thumbnail_grossTrial,thumbnail_grossTrial.png,1245.0,1080.0,337.0,0.0,798.0,692.0,Fixation,792.0,88.0,1414.0,494.0,"0,8647","0,4575",,
29657,51224658,1400490495945,Eye Tracker,Participant0058,17.09.2021,Participant0058,Recording4,17.09.2021,17.09.2021,14:48:45.713,12:48:45.713,64514,Timeline2,Tobii I-VT (Fixation),1.145.28180,1080,1920,"10,00",719087380.0,,,1432.0,490.0,,,1432.0,490.0,,,,"0,19363","0,05733","-0,97940",,"4,72",Invalid,Valid,,,,"292,8","104,7","504,3",,,"392,5","134,2","0,8790","0,4540",,,"0,8790","0,4540",thumbnail_grossTrial,thumbnail_grossTrial.png,1245.0,1080.0,337.0,0.0,798.0,692.0,Fixation,792.0,88.0,1414.0,494.0,"0,8647","0,4575",,
29658,51233008,1400490504295,Eye Tracker,Participant0058,17.09.2021,Participant0058,Recording4,17.09.2021,17.09.2021,14:48:45.713,12:48:45.713,64514,Timeline2,Tobii I-VT (Fixation),1.145.28180,1080,1920,"10,00",719095730.0,,,1412.0,488.0,1396.0,486.0,1428.0,491.0,"0,27710","0,05627","-0,95919","0,19159","0,05741","-0,97979",,,Valid,Valid,"235,3","103,2","509,8","292,7","104,7","504,2","382,5","133,1","391,3","134,2","0,8628","0,4522","0,8499","0,4502","0,8757","0,4542",thumbnail_grossTrial,thumbnail_grossTrial.png,1245.0,1080.0,337.0,0.0,798.0,692.0,Fixation,792.0,88.0,1414.0,494.0,"0,8647","0,4575",,
29659,51241351,1400490512638,Eye Tracker,Participant0058,17.09.2021,Participant0058,Recording4,17.09.2021,17.09.2021,14:48:45.713,12:48:45.713,64514,Timeline2,Tobii I-VT (Fixation),1.145.28180,1080,1920,"10,00",719104073.0,,,1412.0,498.0,1395.0,500.0,1430.0,496.0,"0,27652","0,06352","-0,95891","0,19252","0,06036","-0,97943",,,Valid,Valid,"235,2","103,2","509,8","292,7","104,7","504,3","382,2","136,9","391,8","135,8","0,8630","0,4614","0,8489","0,4633","0,8771","0,4595",thumbnail_grossTrial,thumbnail_grossTrial.png,1245.0,1080.0,337.0,0.0,798.0,692.0,Fixation,792.0,88.0,1414.0,494.0,"0,8647","0,4575",,
29660,51249722,1400490521009,Eye Tracker,Participant0058,17.09.2021,Participant0058,Recording4,17.09.2021,17.09.2021,14:48:45.713,12:48:45.713,64514,Timeline2,Tobii I-VT (Fixation),1.145.28180,1080,1920,"10,00",719112444.0,,,1426.0,507.0,,,1426.0,507.0,,,,"0,19028","0,06622","-0,97949",,"4,52",Invalid,Valid,,,,"292,8","104,6","504,3",,,"390,8","138,7","0,8740","0,4694",,,"0,8740","0,4694",thumbnail_grossTrial,thumbnail_grossTrial.png,1245.0,1080.0,337.0,0.0,798.0,692.0,Fixation,792.0,88.0,1414.0,494.0,"0,8647","0,4575",,
29661,51258056,1400490529343,Eye Tracker,Participant0058,17.09.2021,Participant0058,Recording4,17.09.2021,17.09.2021,14:48:45.713,12:48:45.713,64514,Timeline2,Tobii I-VT (Fixation),1.145.28180,1080,1920,"10,00",719120778.0,,,1416.0,512.0,1403.0,516.0,1429.0,507.0,"0,28045","0,07154","-0,95720","0,19208","0,06620","-0,97914",,,Valid,Valid,"235,3","103,1","509,8","292,7","104,7","504,3","384,6","141,2","391,7","138,7","0,8663","0,4737","0,8560","0,4779","0,8766","0,4694",thumbnail_grossTrial,thumbnail_grossTrial.png,1245.0,1080.0,337.0,0.0,798.0,692.0,Fixation,792.0,88.0,1414.0,494.0,"0,8647","0,4575",,
29662,51266332,1400490537619,Eye Tracker,Participant0058,17.09.2021,Participant0058,Recording4,17.09.2021,17.09.2021,14:48:45.713,12:48:45.713,64514,Timeline2,Tobii I-VT (Fixation),1.145.28180,1080,1920,"10,00",719129053.0,,,1410.0,493.0,1397.0,484.0,1424.0,503.0,"0,27779","0,05497","-0,95907","0,18957","0,06381","-0,97979",,,Valid,Valid,"235,2","103,1","509,8","292,7","104,7","504,4","382,9","132,4","390,3","137,5","0,8617","0,4566","0,8509","0,4479","0,8726","0,4654",thumbnail_grossTrial,thumbnail_grossTrial.png,1245.0,1080.0,337.0,0.0,798.0,692.0,Fixation,792.0,88.0,1414.0,494.0,"0,8647","0,4575",,
29663,51274715,1400490546002,Eye Tracker,Participant0058,17.09.2021,Participant0058,Recording4,17.09.2021,17.09.2021,14:48:45.713,12:48:45.713,64514,Timeline2,Tobii I-VT (Fixation),1.145.28180,1080,1920,"10,00",719137437.0,,,1428.0,496.0,,,1428.0,496.0,,,,"0,19126","0,06056","-0,97967",,"4,71",Invalid,Valid,,,,"292,8","104,6","504,4",,,"391,2","135,8","0,8754","0,4594",,,"0,8754","0,4594",thumbnail_grossTrial,thumbnail_grossTrial.png,1245.0,1080.0,337.0,0.0,798.0,692.0,Fixation,792.0,88.0,1414.0,494.0,"0,8647","0,4575",,
29664,51282975,1400490554262,Eye Tracker,Participant0058,17.09.2021,Participant0058,Recording4,17.09.2021,17.09.2021,14:48:45.713,12:48:45.713,64514,Timeline2,Tobii I-VT (Fixation),1.145.28180,1080,1920,"10,00",719145697.0,,,1408.0,482.0,1388.0,474.0,1428.0,491.0,"0,27338","0,05014","-0,96060","0,19150","0,05762","-0,97980",,,Valid,Valid,"235,2","103,1","509,8","292,7","104,6","504,3","380,3","129,7","391,3","134,3","0,8595","0,4466","0,8434","0,4389","0,8756","0,4544",thumbnail_grossTrial,thumbnail_grossTrial.png,1245.0,1080.0,337.0,0.0,798.0,692.0,Fixation,792.0,88.0,1414.0,494.0,"0,8647","0,4575",,
29665,51291303,1400490562590,Eye Tracker,Participant0058,17.09.2021,Participant0058,Recording4,17.09.2021,17.09.2021,14:48:45.713,12:48:45.713,64514,Timeline2,Tobii I-VT (Fixation),1.145.28180,1080,1920,"10,00",719154025.0,,,1417.0,486.0,1403.0,489.0,1431.0,483.0,"0,28041","0,05778","-0,95814","0,19349","0,05349","-0,97964",,,Valid,Valid,"235,2","103,1","509,9","292,7","104,7","504,4","384,4","133,9","392,3","132,2","0,8669","0,4501","0,8553","0,4530","0,8786","0,4473",thumbnail_grossTrial,thumbnail_grossTrial.png,1245.0,1080.0,337.0,0.0,798.0,692.0,Fixation,792.0,88.0,1414.0,494.0,"0,8647","0,4575",,
29666,51299632,1400490570919,Eye Tracker,Participant0058,17.09.2021,Participant0058,Recording4,17.09.2021,17.09.2021,14:48:45.713,12:48:45.713,64514,Timeline2,Tobii I-VT (Fixation),1.145.28180,1080,1920,"10,00",719162354.0,,,1437.0,483.0,,,1437.0,483.0,,,,"0,19599","0,05372","-0,97913",,"5,45",Invalid,Valid,,,,"292,8","104,6","504,5",,,"393,8","132,3","0,8827","0,4475",,,"0,8827","0,4475",thumbnail_grossTrial,thumbnail_grossTrial.png,1245.0,1080.0,337.0,0.0,798.0,692.0,Fixation,792.0,88.0,1414.0,494.0,"0,8647","0,4575",,
29667,51308034,1400490579321,Eye Tracker,Participant0058,17.09.2021,Participant0058,Recording4,17.09.2021,17.09.2021,14:48:45.713,12:48:45.713,64514,Timeline2,Tobii I-VT (Fixation),1.145.28180,1080,1920,"10,00",719170756.0,,,1429.0,496.0,1416.0,515.0,1442.0,477.0,"0,28630","0,07117","-0,95549","0,19866","0,05049","-0,97877",,,Valid,Valid,"235,2","103,1","509,9","292,7","104,6","504,4","388,0","141,1","395,1","130,6","0,8763","0,4596","0,8659","0,4773","0,8868","0,4419",thumbnail_grossTrial,thumbnail_grossTrial.png,1245.0,1080.0,337.0,0.0,798.0,692.0,Fixation,792.0,88.0,1414.0,494.0,"0,8647","0,4575",,
29668,51316364,1400490587651,Eye Tracker,Participant0058,17.09.2021,Participant0058,Recording4,17.09.2021,17.09.2021,14:48:45.713,12:48:45.713,64514,Timeline2,Tobii I-VT (Fixation),1.145.28180,1080,1920,"10,00",719179086.0,,,1428.0,501.0,1409.0,524.0,1448.0,478.0,"0,28295","0,07566","-0,95615","0,20183","0,05080","-0,97810",,,Valid,Valid,"235,2","103,1","509,9","292,7","104,6","504,5","386,1","143,5","396,8","130,8","0,8759","0,4640","0,8602","0,4854","0,8917","0,4426",thumbnail_grossTrial,thumbnail_grossTrial.png,1245.0,1080.0,337.0,0.0,798.0,692.0,Fixation,792.0,88.0,1414.0,494.0,"0,8647","0,4575",,
29669,51324631,1400490595918,Eye Tracker,Participant0058,17.09.2021,Participant0058,Recording4,17.09.2021,17.09.2021,14:48:45.713,12:48:45.713,64514,Timeline2,Tobii I-VT (Fixation),1.145.28180,1080,1920,"10,00",719187352.0,,,1441.0,478.0,,,1441.0,478.0,,,,"0,19810","0,05104","-0,97885",,"4,87",Invalid,Valid,,,,"292,8","104,5","504,6",,,"394,9","130,8","0,8861","0,4427",,,"0,8861","0,4427",thumbnail_grossTrial,thumbnail_grossTrial.png,1245.0,1080.0,337.0,0.0,798.0,692.0,Fixation,792.0,88.0,1414.0,494.0,"0,8647","0,4575",,
29670,51332991,1400490604278,Eye Tracker,Participant0058,17.09.2021,Participant0058,Recording4,17.09.2021,17.09.2021,14:48:45.713,12:48:45.713,64514,Timeline2,Tobii I-VT (Fixation),1.145.28180,1080,1920,"10,00",719195713.0,,,1426.0,490.0,1407.0,510.0,1445.0,470.0,"0,28211","0,06877","-0,95691","0,20045","0,04669","-0,97859",,,Valid,Valid,"235,2","103,1","509,9","292,7","104,5","504,6","385,6","139,7","396,1","128,6","0,8742","0,4539","0,8587","0,4727","0,8896","0,4351",thumbnail_grossTrial,thumbnail_grossTrial.png,1245.0,1080.0,337.0,0.0,798.0,692.0,Fixation,792.0,88.0,1414.0,494.0,"0,8647","0,4575",,
29671,51341336,1400490612623,Eye Tracker,Participant0058,17.09.2021,Participant0058,Recording4,17.09.2021,17.09.2021,14:48:45.713,12:48:45.713,64514,Timeline2,Tobii I-VT (Fixation),1.145.28180,1080,1920,"10,00",719204058.0,,,1418.0,494.0,1405.0,507.0,1432.0,480.0,"0,28130","0,06686","-0,95729","0,19354","0,05223","-0,97970",,,Valid,Valid,"235,2","103,1","510,0","292,7","104,6","504,7","385,0","138,7","392,4","131,5","0,8680","0,4570","0,8572","0,4692","0,8788","0,4448",thumbnail_grossTrial,thumbnail_grossTrial.png,1245.0,1080.0,337.0,0.0,798.0,692.0,Fixation,792.0,88.0,1414.0,494.0,"0,8647","0,4575",,
29672,51349661,1400490620948,Eye Tracker,Participant0058,17.09.2021,Participant0058,Recording4,17.09.2021,17.09.2021,14:48:45.713,12:48:45.713,64514,Timeline2,Tobii I-VT (Fixation),1.145.28180,1080,1920,"10,00",719212383.0,,,1432.0,482.0,,,1432.0,482.0,,,,"0,19333","0,05340","-0,97968",,"4,66",Invalid,Valid,,,,"292,8","104,5","504,7",,,"392,4","132,0","0,8788","0,4466",,,"0,8788","0,4466",thumbnail_grossTrial,thumbnail_grossTrial.png,1245.0,1080.0,337.0,0.0,798.0,692.0,Fixation,792.0,88.0,1414.0,494.0,"0,8647","0,4575",,
29673,51357998,1400490629285,Eye Tracker,Participant0058,17.09.2021,Participant0058,Recording4,17.09.2021,17.09.2021,14:48:45.713,12:48:45.713,64514,Timeline2,Tobii I-VT (Fixation),1.145.28180,1080,1920,"10,00",719220720.0,,,1415.0,497.0,1402.0,505.0,1428.0,490.0,"0,27971","0,06593","-0,95782","0,19142","0,05755","-0,97982",,,Valid,Valid,"235,2","103,0","510,0","292,8","104,5","504,7","384,2","138,1","391,4","134,1","0,8652","0,4606","0,8546","0,4673","0,8757","0,4538",thumbnail_grossTrial,thumbnail_grossTrial.png,1245.0,1080.0,337.0,0.0,798.0,692.0,Fixation,792.0,88.0,1414.0,494.0,"0,8647","0,4575",,
29674,51366335,1400490637622,Eye Tracker,Participant0058,17.09.2021,Participant0058,Recording4,17.09.2021,17.09.2021,14:48:45.713,12:48:45.713,64514,Timeline2,Tobii I-VT (Fixation),1.145.28180,1080,1920,"10,00",719229057.0,,,1410.0,490.0,1390.0,491.0,1431.0,488.0,"0,27412","0,05923","-0,95987","0,19279","0,05626","-0,97963",,,Valid,Valid,"235,2","103,0","510,1","292,7","104,5","504,8","380,8","134,5","392,1","133,5","0,8613","0,4534","0,8449","0,4551","0,8778","0,4517",thumbnail_grossTrial,thumbnail_grossTrial.png,1245.0,1080.0,337.0,0.0,798.0,692.0,Fixation,792.0,88.0,1414.0,494.0,"0,8647","0,4575",,
29675,51374677,1400490645964,Eye Tracker,Participant0058,17.09.2021,Participant0058,Recording4,17.09.2021,17.09.2021,14:48:45.713,12:48:45.713,64514,Timeline2,Tobii I-VT (Fixation),1.145.28180,1080,1920,"10,00",719237399.0,,,1431.0,487.0,,,1431.0,487.0,,,,"0,19276","0,05611","-0,97964",,"4,72",Invalid,Valid,,,,"292,8","104,4","504,8",,,"392,1","133,3","0,8781","0,4511",,,"0,8781","0,4511",thumbnail_grossTrial,thumbnail_grossTrial.png,1245.0,1080.0,337.0,0.0,798.0,692.0,Fixation,792.0,88.0,1414.0,494.0,"0,8647","0,4575",,
29676,51382992,1400490654279,Eye Tracker,Participant0058,17.09.2021,Participant0058,Recording4,17.09.2021,17.09.2021,14:48:45.713,12:48:45.713,64514,Timeline2,Tobii I-VT (Fixation),1.145.28180,1080,1920,"10,00",719245713.0,,,1412.0,487.0,1388.0,487.0,1436.0,487.0,"0,27352","0,05719","-0,96017","0,19564","0,05570","-0,97909",,,Valid,Valid,"235,2","103,0","510,1","292,8","104,4","504,8","380,5","133,4","393,6","133,2","0,8632","0,4509","0,8440","0,4513","0,8824","0,4505",thumbnail_grossTrial,thumbnail_grossTrial.png,1245.0,1080.0,337.0,0.0,798.0,692.0,Fixation,792.0,88.0,1414.0,494.0,"0,8647","0,4575",,
29677,51391335,1400490662622,Eye Tracker,Participant0058,17.09.2021,Participant0058,Recording4,17.09.2021,17.09.2021,14:48:45.713,12:48:45.713,64514,Timeline2,Tobii I-VT (Fixation),1.145.28180,1080,1920,"10,00",719254057.0,,,1410.0,490.0,1395.0,498.0,1426.0,482.0,"0,27643","0,06244","-0,95900","0,19061","0,05343","-0,98021",,,Valid,Valid,"235,2","103,0","510,1","292,7","104,5","504,9","382,2","136,2","390,9","132,0","0,8617","0,4538","0,8489","0,4609","0,8744","0,4466",thumbnail_grossTrial,thumbnail_grossTrial.png,1245.0,1080.0,337.0,0.0,798.0,692.0,Fixation,792.0,88.0,1414.0,494.0,"0,8647","0,4575",,
29678,51399679,1400490670966,Eye Tracker,Participant0058,17.09.2021,Participant0058,Recording4,17.09.2021,17.09.2021,14:48:45.713,12:48:45.713,64514,Timeline2,Tobii I-VT (Fixation),1.145.28180,1080,1920,"10,00",719262401.0,,,1427.0,481.0,,,1427.0,481.0,,,,"0,19075","0,05283","-0,98022",,"4,85",Invalid,Valid,,,,"292,8","104,4","504,9",,,"391,1","131,6","0,8749","0,4453",,,"0,8749","0,4453",thumbnail_grossTrial,thumbnail_grossTrial.png,1245.0,1080.0,337.0,0.0,798.0,692.0,Fixation,792.0,88.0,1414.0,494.0,"0,8647","0,4575",,
29679,51407988,1400490679275,Eye Tracker,Participant0058,17.09.2021,Participant0058,Recording4,17.09.2021,17.09.2021,14:48:45.713,12:48:45.713,64514,Timeline2,Tobii I-VT (Fixation),1.145.28180,1080,1920,"10,00",719270710.0,,,1407.0,500.0,1401.0,511.0,1413.0,489.0,"0,27946","0,06919","-0,95766","0,18372","0,05739","-0,98130",,,Valid,Valid,"235,2","103,0","510,0","292,8","104,4","504,8","384,1","139,9","387,3","134,0","0,8591","0,4632","0,8544","0,4732","0,8638","0,4532",thumbnail_grossTrial,thumbnail_grossTrial.png,1245.0,1080.0,337.0,0.0,798.0,692.0,Fixation,792.0,88.0,1414.0,494.0,"0,8647","0,4575",,
29680,51416291,1400490687578,Eye Tracker,Participant0058,17.09.2021,Participant0058,Recording4,17.09.2021,17.09.2021,14:48:45.713,12:48:45.713,64514,Timeline2,Tobii I-VT (Fixation),1.145.28180,1080,1920,"10,00",719279012.0,,,1414.0,507.0,1405.0,513.0,1424.0,502.0,"0,28127","0,07018","-0,95706","0,18923","0,06359","-0,97987",,,Valid,Valid,"235,2","103,0","510,0","292,7","104,5","504,9","385,1","140,4","390,2","137,3","0,8648","0,4698","0,8573","0,4751","0,8724","0,4644",thumbnail_grossTrial,thumbnail_grossTrial.png,1245.0,1080.0,337.0,0.0,798.0,692.0,Fixation,792.0,88.0,1414.0,494.0,"0,8647","0,4575",,
29681,51424619,1400490695906,Eye Tracker,Participant0058,17.09.2021,Participant0058,Recording4,17.09.2021,17.09.2021,14:48:45.713,12:48:45.713,64514,Timeline2,Tobii I-VT (Fixation),1.145.28180,1080,1920,"10,00",719287341.0,,,1403.0,496.0,,,1403.0,496.0,,,,"0,17833","0,06083","-0,98209",,"4,73",Invalid,Valid,,,,"292,8","104,4","504,9",,,"384,5","135,7","0,8556","0,4591",,,"0,8556","0,4591",thumbnail_grossTrial,thumbnail_grossTrial.png,1245.0,1080.0,337.0,0.0,798.0,692.0,Fixation,792.0,88.0,1414.0,494.0,"0,8647","0,4575",,
29682,51432985,1400490704272,Eye Tracker,Participant0058,17.09.2021,Participant0058,Recording4,17.09.2021,17.09.2021,14:48:45.713,12:48:45.713,64514,Timeline2,Tobii I-VT (Fixation),1.145.28180,1080,1920,"10,00",719295707.0,,,1398.0,498.0,1391.0,506.0,1404.0,489.0,"0,27487","0,06662","-0,95917","0,17902","0,05737","-0,98217",,,Valid,Valid,"235,2","103,0","510,0","292,8","104,4","504,8","381,4","138,4","384,8","133,9","0,8515","0,4608","0,8465","0,4684","0,8564","0,4531",thumbnail_grossTrial,thumbnail_grossTrial.png,1245.0,1080.0,337.0,0.0,798.0,692.0,Fixation,792.0,88.0,1414.0,494.0,"0,8647","0,4575",,
29683,51441318,1400490712605,Eye Tracker,Participant0058,17.09.2021,Participant0058,Recording4,17.09.2021,17.09.2021,14:48:45.713,12:48:45.713,64514,Timeline2,Tobii I-VT (Fixation),1.145.28180,1080,1920,"10,00",719304039.0,,,1402.0,496.0,1399.0,502.0,1404.0,489.0,"0,27863","0,06469","-0,95822","0,17909","0,05728","-0,98216",,,Valid,Valid,"235,2","103,0","510,1","292,7","104,5","504,9","383,5","137,5","384,8","133,9","0,8545","0,4591","0,8526","0,4651","0,8564","0,4531",thumbnail_grossTrial,thumbnail_grossTrial.png,1245.0,1080.0,337.0,0.0,798.0,692.0,Fixation,792.0,88.0,1414.0,494.0,"0,8647","0,4575",,
29684,51449660,1400490720947,Eye Tracker,Participant0058,17.09.2021,Participant0058,Recording4,17.09.2021,17.09.2021,14:48:45.713,12:48:45.713,64514,Timeline2,Tobii I-VT (Fixation),1.145.28180,1080,1920,"10,00",719312382.0,,,1404.0,489.0,,,1404.0,489.0,,,,"0,17871","0,05725","-0,98223",,"4,73",Invalid,Valid,,,,"292,8","104,4","504,9",,,"384,7","133,8","0,8562","0,4528",,,"0,8562","0,4528",thumbnail_grossTrial,thumbnail_grossTrial.png,1245.0,1080.0,337.0,0.0,798.0,692.0,Fixation,792.0,88.0,1414.0,494.0,"0,8647","0,4575",,
29685,51457985,1400490729272,Eye Tracker,Participant0058,17.09.2021,Participant0058,Recording4,17.09.2021,17.09.2021,14:48:45.713,12:48:45.713,64514,Timeline2,Tobii I-VT (Fixation),1.145.28180,1080,1920,"10,00",719320707.0,,,1418.0,495.0,1403.0,501.0,1432.0,489.0,"0,28030","0,06402","-0,95778","0,19358","0,05729","-0,97941",,,Valid,Valid,"235,2","103,0","510,1","292,8","104,4","504,9","384,5","137,1","392,6","133,9","0,8675","0,4585","0,8556","0,4638","0,8793","0,4532",thumbnail_grossTrial,thumbnail_grossTrial.png,1245.0,1080.0,337.0,0.0,798.0,692.0,Fixation,792.0,88.0,1414.0,494.0,"0,8647","0,4575",,
29686,51466327,1400490737614,Eye Tracker,Participant0058,17.09.2021,Participant0058,Recording4,17.09.2021,17.09.2021,14:48:45.713,12:48:45.713,64514,Timeline2,Tobii I-VT (Fixation),1.145.28180,1080,1920,"10,00",719329049.0,,,1412.0,495.0,1394.0,506.0,1431.0,484.0,"0,27586","0,06678","-0,95887","0,19286","0,05415","-0,97973",,,Valid,Valid,"235,2","103,0","510,2","292,7","104,4","505,0","381,9","138,5","392,1","132,3","0,8631","0,4582","0,8481","0,4687","0,8780","0,4478",thumbnail_grossTrial,thumbnail_grossTrial.png,1245.0,1080.0,337.0,0.0,798.0,692.0,Fixation,792.0,88.0,1414.0,494.0,"0,8647","0,4575",,
29687,51474614,1400490745901,Eye Tracker,Participant0058,17.09.2021,Participant0058,Recording4,17.09.2021,17.09.2021,14:48:45.713,12:48:45.713,64514,Timeline2,Tobii I-VT (Fixation),1.145.28180,1080,1920,"10,00",719337335.0,,,1431.0,483.0,,,1431.0,483.0,,,,"0,19255","0,05378","-0,97981",,"4,73",Invalid,Valid,,,,"292,8","104,3","505,1",,,"392,1","132,1","0,8779","0,4468",,,"0,8779","0,4468",thumbnail_grossTrial,thumbnail_grossTrial.png,1245.0,1080.0,337.0,0.0,798.0,692.0,Fixation,792.0,88.0,1414.0,494.0,"0,8647","0,4575",,
29688,51482949,1400490754236,Eye Tracker,Participant0058,17.09.2021,Participant0058,Recording4,17.09.2021,17.09.2021,14:48:45.713,12:48:45.713,64514,Timeline2,Tobii I-VT (Fixation),1.145.28180,1080,1920,"10,00",719345671.0,,,1414.0,493.0,1394.0,506.0,1434.0,480.0,"0,27582","0,06671","-0,95889","0,19429","0,05249","-0,97954",,,Valid,Valid,"235,2","102,9","510,2","292,8","104,3","505,1","382,0","138,4","393,0","131,4","0,8644","0,4565","0,8483","0,4684","0,8805","0,4445",thumbnail_grossTrial,thumbnail_grossTrial.png,1245.0,1080.0,337.0,0.0,798.0,692.0,Fixation,792.0,88.0,1414.0,494.0,"0,8647","0,4575",,
29689,51491281,1400490762568,Eye Tracker,Participant0058,17.09.2021,Participant0058,Recording4,17.09.2021,17.09.2021,14:48:45.713,12:48:45.713,64514,Timeline2,Tobii I-VT (Fixation),1.145.28180,1080,1920,"10,00",719354003.0,,,1420.0,494.0,1396.0,505.0,1444.0,484.0,"0,27713","0,06615","-0,95855","0,19955","0,05423","-0,97839",,,Valid,Valid,"235,2","102,9","510,3","292,8","104,3","505,2","382,7","138,2","395,8","132,3","0,8696","0,4576","0,8504","0,4674","0,8888","0,4478",thumbnail_grossTrial,thumbnail_grossTrial.png,1245.0,1080.0,337.0,0.0,798.0,692.0,Fixation,792.0,88.0,1414.0,494.0,"0,8647","0,4575",,
29690,51499611,1400490770898,Eye Tracker,Participant0058,17.09.2021,Participant0058,Recording4,17.09.2021,17.09.2021,14:48:45.713,12:48:45.713,64514,Timeline2,Tobii I-VT (Fixation),1.145.28180,1080,1920,"10,00",719362333.0,,,1444.0,484.0,,,1444.0,484.0,,,,"0,19939","0,05478","-0,97839",,"4,71",Invalid,Valid,,,,"292,9","104,2","505,3",,,"395,8","132,5","0,8889","0,4484",,,"0,8889","0,4484",thumbnail_grossTrial,thumbnail_grossTrial.png,1245.0,1080.0,337.0,0.0,798.0,692.0,Fixation,792.0,88.0,1414.0,494.0,"0,8647","0,4575",,
29691,51507948,1400490779235,Eye Tracker,Participant0058,17.09.2021,Participant0058,Recording4,17.09.2021,17.09.2021,14:48:45.713,12:48:45.713,64514,Timeline2,Tobii I-VT (Fixation),1.145.28180,1080,1920,"10,00",719370670.0,,,1397.0,496.0,1397.0,500.0,1396.0,491.0,"0,27750","0,06392","-0,95860","0,17449","0,05876","-0,98290",,,Valid,Valid,"235,2","102,9","510,3","292,8","104,3","505,3","383,0","136,9","382,5","134,5","0,8505","0,4591","0,8511","0,4633","0,8498","0,4549",thumbnail_grossTrial,thumbnail_grossTrial.png,1245.0,1080.0,337.0,0.0,798.0,692.0,Fixation,792.0,88.0,1414.0,494.0,"0,8647","0,4575",,
29692,51516322,1400490787609,Eye Tracker,Participant0058,17.09.2021,Participant0058,Recording4,17.09.2021,17.09.2021,14:48:45.713,12:48:45.713,64514,Timeline2,Tobii I-VT (Fixation),1.145.28180,1080,1920,"10,00",719379044.0,,,1408.0,491.0,1395.0,495.0,1420.0,487.0,"0,27659","0,06105","-0,95905","0,18730","0,05650","-0,98068",,,Valid,Valid,"235,2","102,9","510,4","292,8","104,3","505,4","382,3","135,4","389,3","133,4","0,8595","0,4547","0,8493","0,4581","0,8697","0,4513",thumbnail_grossTrial,thumbnail_grossTrial.png,1245.0,1080.0,337.0,0.0,798.0,692.0,Fixation,792.0,88.0,1414.0,494.0,"0,8647","0,4575",,
29693,51524640,1400490795927,Eye Tracker,Participant0058,17.09.2021,Participant0058,Recording4,17.09.2021,17.09.2021,14:48:45.713,12:48:45.713,64514,Timeline2,Tobii I-VT (Fixation),1.145.28180,1080,1920,"10,00",719387362.0,,,1415.0,484.0,,,1415.0,484.0,,,,"0,18420","0,05478","-0,98136",,"4,75",Invalid,Valid,,,,"292,9","104,2","505,4",,,"387,7","132,4","0,8651","0,4480",,,"0,8651","0,4480",thumbnail_grossTrial,thumbnail_grossTrial.png,1245.0,1080.0,337.0,0.0,798.0,692.0,Fixation,792.0,88.0,1414.0,494.0,"0,8647","0,4575",,
29694,51532978,1400490804265,Eye Tracker,Participant0058,17.09.2021,Participant0058,Recording4,17.09.2021,17.09.2021,14:48:45.713,12:48:45.713,64514,Timeline2,Tobii I-VT (Fixation),1.145.28180,1080,1920,"10,00",719395700.0,,,1408.0,491.0,1398.0,495.0,1418.0,487.0,"0,27799","0,06119","-0,95863","0,18609","0,05638","-0,98091",,,Valid,Valid,"235,2","102,9","510,3","292,8","104,2","505,3","383,2","135,5","388,7","133,3","0,8599","0,4547","0,8518","0,4584","0,8679","0,4509",thumbnail_grossTrial,thumbnail_grossTrial.png,1245.0,1080.0,337.0,0.0,798.0,692.0,Fixation,792.0,88.0,1414.0,494.0,"0,8647","0,4575",,
29695,51541313,1400490812600,Eye Tracker,Participant0058,17.09.2021,Participant0058,Recording4,17.09.2021,17.09.2021,14:48:45.713,12:48:45.713,64514,Timeline2,Tobii I-VT (Fixation),1.145.28180,1080,1920,"10,00",719404035.0,,,1411.0,490.0,1405.0,491.0,1416.0,490.0,"0,28126","0,05879","-0,95783","0,18527","0,05787","-0,98098",,,Valid,Valid,"235,1","102,9","510,3","292,8","104,3","505,4","385,0","134,3","388,2","134,1","0,8618","0,4540","0,8571","0,4543","0,8665","0,4537",thumbnail_grossTrial,thumbnail_grossTrial.png,1245.0,1080.0,337.0,0.0,798.0,692.0,Fixation,792.0,88.0,1414.0,494.0,"0,8647","0,4575",,
29696,51549605,1400490820892,Eye Tracker,Participant0058,17.09.2021,Participant0058,Recording4,17.09.2021,17.09.2021,14:48:45.713,12:48:45.713,64514,Timeline2,Tobii I-VT (Fixation),1.145.28180,1080,1920,"10,00",719412327.0,,,1410.0,507.0,,,1410.0,507.0,,,,"0,18179","0,06708","-0,98105",,"4,44",Invalid,Valid,,,,"292,8","104,2","505,3",,,"386,5","138,7","0,8614","0,4694",,,"0,8614","0,4694",thumbnail_grossTrial,thumbnail_grossTrial.png,1245.0,1080.0,337.0,0.0,798.0,692.0,Fixation,792.0,88.0,1414.0,494.0,"0,8647","0,4575",,
29697,51557939,1400490829226,Eye Tracker,Participant0058,17.09.2021,Participant0058,Recording4,17.09.2021,17.09.2021,14:48:45.713,12:48:45.713,64514,Timeline2,Tobii I-VT (Fixation),1.145.28180,1080,1920,"10,00",719420661.0,,,1410.0,494.0,1407.0,486.0,1413.0,503.0,"0,28255","0,05635","-0,95759","0,18318","0,06472","-0,98095",,,Valid,Valid,"235,2","103,0","510,2","292,8","104,3","505,2","385,7","133,0","387,2","137,6","0,8613","0,4578","0,8593","0,4500","0,8634","0,4656",thumbnail_grossTrial,thumbnail_grossTrial.png,1245.0,1080.0,337.0,0.0,798.0,692.0,Fixation,792.0,88.0,1414.0,494.0,"0,8647","0,4575",,
29698,51566309,1400490837596,Eye Tracker,Participant0058,17.09.2021,Participant0058,Recording4,17.09.2021,17.09.2021,14:48:45.713,12:48:45.713,64514,Timeline2,Tobii I-VT (Fixation),1.145.28180,1080,1920,"10,00",719429030.0,,,1403.0,499.0,1392.0,497.0,1413.0,500.0,"0,27515","0,06210","-0,95939","0,18367","0,06334","-0,98095",,,Valid,Valid,"235,1","103,0","510,2","292,7","104,3","505,3","381,5","136,0","387,3","137,0","0,8553","0,4618","0,8467","0,4603","0,8639","0,4634",thumbnail_grossTrial,thumbnail_grossTrial.png,1245.0,1080.0,337.0,0.0,798.0,692.0,Fixation,792.0,88.0,1414.0,494.0,"0,8647","0,4575",,
29699,51574641,1400490845928,Eye Tracker,Participant0058,17.09.2021,Participant0058,Recording4,17.09.2021,17.09.2021,14:48:45.713,12:48:45.713,64514,Timeline2,Tobii I-VT (Fixation),1.145.28180,1080,1920,"10,00",719437363.0,,,1409.0,490.0,,,1409.0,490.0,,,,"0,18120","0,05817","-0,98172",,"4,73",Invalid,Valid,,,,"292,8","104,2","505,2",,,"386,1","134,2","0,8603","0,4540",,,"0,8603","0,4540",thumbnail_grossTrial,thumbnail_grossTrial.png,1245.0,1080.0,337.0,0.0,798.0,692.0,Fixation,792.0,88.0,1414.0,494.0,"0,8647","0,4575",,
29700,51582970,1400490854257,Eye Tracker,Participant0058,17.09.2021,Participant0058,Recording4,17.09.2021,17.09.2021,14:48:45.713,12:48:45.713,64514,Timeline2,Tobii I-VT (Fixation),1.145.28180,1080,1920,"10,00",719445692.0,,,1399.0,497.0,1388.0,504.0,1410.0,490.0,"0,27317","0,06569","-0,95972","0,18199","0,05764","-0,98161",,,Valid,Valid,"235,2","103,0","510,0","292,8","104,3","505,1","380,4","137,9","386,4","134,0","0,8525","0,4600","0,8436","0,4667","0,8613","0,4533",thumbnail_grossTrial,thumbnail_grossTrial.png,1245.0,1080.0,337.0,0.0,798.0,692.0,Fixation,792.0,88.0,1414.0,494.0,"0,8647","0,4575",,
29701,51591314,1400490862601,Eye Tracker,Participant0058,17.09.2021,Participant0058,Recording4,17.09.2021,17.09.2021,14:48:45.713,12:48:45.713,64514,Timeline2,Tobii I-VT (Fixation),1.145.28180,1080,1920,"10,00",719454036.0,,,1398.0,481.0,1386.0,472.0,1410.0,490.0,"0,27249","0,04891","-0,96091","0,18208","0,05749","-0,98160",,,Valid,Valid,"235,2","103,1","510,0","292,7","104,4","505,1","379,8","129,0","386,4","134,0","0,8516","0,4449","0,8419","0,4366","0,8613","0,4533",thumbnail_grossTrial,thumbnail_grossTrial.png,1245.0,1080.0,337.0,0.0,798.0,692.0,Fixation,792.0,88.0,1414.0,494.0,"0,8647","0,4575",,
29702,51599639,1400490870926,Eye Tracker,Participant0058,17.09.2021,Participant0058,Recording4,17.09.2021,17.09.2021,14:48:45.713,12:48:45.713,64514,Timeline2,Tobii I-VT (Fixation),1.145.28180,1080,1920,"10,00",719462361.0,,,1418.0,493.0,,,1418.0,493.0,,,,"0,18623","0,05931","-0,98072",,"4,68",Invalid,Valid,,,,"292,8","104,3","505,1",,,"388,7","134,9","0,8681","0,4564",,,"0,8681","0,4564",thumbnail_grossTrial,thumbnail_grossTrial.png,1245.0,1080.0,337.0,0.0,798.0,692.0,Fixation,792.0,88.0,1414.0,494.0,"0,8647","0,4575",,
29703,51607964,1400490879251,Eye Tracker,Participant0058,17.09.2021,Participant0058,Recording4,17.09.2021,17.09.2021,14:48:45.713,12:48:45.713,64514,Timeline2,Tobii I-VT (Fixation),1.145.28180,1080,1920,"10,00",719470686.0,,,1399.0,489.0,1388.0,488.0,1411.0,490.0,"0,27343","0,05703","-0,96020","0,18278","0,05782","-0,98145",,,Valid,Valid,"235,1","103,1","509,9","292,7","104,4","505,0","380,3","133,4","386,7","134,2","0,8528","0,4527","0,8435","0,4514","0,8621","0,4540",thumbnail_grossTrial,thumbnail_grossTrial.png,1245.0,1080.0,337.0,0.0,798.0,692.0,Fixation,792.0,88.0,1414.0,494.0,"0,8647","0,4575",,
29704,51616303,1400490887590,Eye Tracker,Participant0058,17.09.2021,Participant0058,Recording4,17.09.2021,17.09.2021,14:48:45.713,12:48:45.713,64514,Timeline2,Tobii I-VT (Fixation),1.145.28180,1080,1920,"10,00",719479024.0,,,1319.0,540.0,1319.0,540.0,,,"0,24004","0,08438","-0,96709",,,,,,Valid,Invalid,"234,9","103,2","510,0",,,,"361,5","147,7",,,"0,7881","0,4998","0,7881","0,4998",,,thumbnail_grossTrial,thumbnail_grossTrial.png,1245.0,1080.0,337.0,0.0,798.0,692.0,Saccade,33.0,186.0,,,,,,
29705,51624595,1400490895882,Eye Tracker,Participant0058,17.09.2021,Participant0058,Recording4,17.09.2021,17.09.2021,14:48:45.713,12:48:45.713,64514,Timeline2,Tobii I-VT (Fixation),1.145.28180,1080,1920,"10,00",719487317.0,,,1420.0,487.0,,,1420.0,487.0,,,,"0,18813","0,05558","-0,98057",,"4,98",Invalid,Valid,,,,"292,1","104,6","505,1",,,"389,1","133,2","0,8690","0,4506",,,"0,8690","0,4506",thumbnail_grossTrial,thumbnail_grossTrial.png,1245.0,1080.0,337.0,0.0,798.0,692.0,Saccade,33.0,186.0,,,,,,
29706,51632967,1400490904254,Eye Tracker,Participant0058,17.09.2021,Participant0058,Recording4,17.09.2021,17.09.2021,14:48:45.713,12:48:45.713,64514,Timeline2,Tobii I-VT (Fixation),1.145.28180,1080,1920,"10,00",719495689.0,,,1161.0,598.0,1195.0,594.0,1127.0,601.0,"0,17852","0,11364","-0,97735","0,03311","0,11778","-0,99249",,,Valid,Valid,"234,4","103,3","509,9","291,9","104,6","505,0","327,6","162,6","308,8","164,5","0,6613","0,5534","0,6889","0,5501","0,6337","0,5566",thumbnail_grossTrial,thumbnail_grossTrial.png,1245.0,1080.0,337.0,0.0,798.0,692.0,Saccade,33.0,186.0,,,,,,
29707,51641292,1400490912579,Eye Tracker,Participant0058,17.09.2021,Participant0058,Recording4,17.09.2021,17.09.2021,14:48:45.713,12:48:45.713,64514,Timeline2,Tobii I-VT (Fixation),1.145.28180,1080,1920,"10,00",719504014.0,,,1075.0,625.0,1075.0,625.0,,,"0,11633","0,13056","-0,98459",,,,,,Valid,Invalid,"234,3","103,3","509,9",,,,"294,5","170,9",,,"0,5921","0,5783","0,5921","0,5783",,,thumbnail_grossTrial,thumbnail_grossTrial.png,1245.0,1080.0,337.0,0.0,798.0,692.0,Saccade,33.0,186.0,,,,,,
29708,51649623,1400490920910,Eye Tracker,Participant0058,17.09.2021,Participant0058,Recording4,17.09.2021,17.09.2021,14:48:45.713,12:48:45.713,64514,Timeline2,Tobii I-VT (Fixation),1.145.28180,1080,1920,"10,00",719512345.0,,,1079.0,620.0,1077.0,625.0,1080.0,615.0,"0,11749","0,13094","-0,98440","0,00845","0,12488","-0,99214","4,90","4,52",Valid,Valid,"234,2","103,3","510,0","291,8","104,6","505,0","295,1","171,2","296,1","168,2","0,5952","0,5740","0,5937","0,5791","0,5966","0,5690",thumbnail_grossTrial,thumbnail_grossTrial.png,1245.0,1080.0,337.0,0.0,798.0,692.0,Fixation,650.0,89.0,1063.0,615.0,"0,5825","0,5691",,
29709,51657930,1400490929217,Eye Tracker,Participant0058,17.09.2021,Participant0058,Recording4,17.09.2021,17.09.2021,14:48:45.713,12:48:45.713,64514,Timeline2,Tobii I-VT (Fixation),1.145.28180,1080,1920,"10,00",719520652.0,,,1075.0,618.0,1076.0,629.0,1073.0,607.0,"0,11732","0,13257","-0,98421","0,00467","0,12091","-0,99265",,,Valid,Valid,"234,2","103,3","509,9","291,7","104,6","504,8","295,0","172,0","294,1","166,1","0,5922","0,5721","0,5935","0,5820","0,5909","0,5621",thumbnail_grossTrial,thumbnail_grossTrial.png,1245.0,1080.0,337.0,0.0,798.0,692.0,Fixation,650.0,89.0,1063.0,615.0,"0,5825","0,5691",,
29710,51666300,1400490937587,Eye Tracker,Participant0058,17.09.2021,Participant0058,Recording4,17.09.2021,17.09.2021,14:48:45.713,12:48:45.713,64514,Timeline2,Tobii I-VT (Fixation),1.145.28180,1080,1920,"10,00",719529022.0,,,1078.0,631.0,1078.0,631.0,,,"0,11802","0,13375","-0,98396",,,,,,Valid,Invalid,"234,2","103,3","509,9",,,,"295,4","172,6",,,"0,5946","0,5841","0,5946","0,5841",,,thumbnail_grossTrial,thumbnail_grossTrial.png,1245.0,1080.0,337.0,0.0,798.0,692.0,Fixation,650.0,89.0,1063.0,615.0,"0,5825","0,5691",,
29711,51674633,1400490945920,Eye Tracker,Participant0058,17.09.2021,Participant0058,Recording4,17.09.2021,17.09.2021,14:48:45.713,12:48:45.713,64514,Timeline2,Tobii I-VT (Fixation),1.145.28180,1080,1920,"10,00",719537354.0,,,1077.0,617.0,1075.0,630.0,1079.0,603.0,"0,11652","0,13363","-0,98416","0,00773","0,11873","-0,99290","4,76","4,80",Valid,Valid,"234,2","103,3","510,0","291,8","104,6","504,8","294,6","172,5","295,7","165,0","0,5939","0,5710","0,5922","0,5837","0,5955","0,5583",thumbnail_grossTrial,thumbnail_grossTrial.png,1245.0,1080.0,337.0,0.0,798.0,692.0,Fixation,650.0,89.0,1063.0,615.0,"0,5825","0,5691",,
29712,51682961,1400490954248,Eye Tracker,Participant0058,17.09.2021,Participant0058,Recording4,17.09.2021,17.09.2021,14:48:45.713,12:48:45.713,64514,Timeline2,Tobii I-VT (Fixation),1.145.28180,1080,1920,"10,00",719545683.0,,,1071.0,619.0,1075.0,630.0,1068.0,608.0,"0,11650","0,13368","-0,98415","0,00181","0,12150","-0,99259",,,Valid,Valid,"234,2","103,2","510,1","291,7","104,7","504,7","294,6","172,5","292,7","166,5","0,5894","0,5735","0,5922","0,5837","0,5866","0,5632",thumbnail_grossTrial,thumbnail_grossTrial.png,1245.0,1080.0,337.0,0.0,798.0,692.0,Fixation,650.0,89.0,1063.0,615.0,"0,5825","0,5691",,
29713,51691344,1400490962631,Eye Tracker,Participant0058,17.09.2021,Participant0058,Recording4,17.09.2021,17.09.2021,14:48:45.713,12:48:45.713,64514,Timeline2,Tobii I-VT (Fixation),1.145.28180,1080,1920,"10,00",719554066.0,,,1069.0,620.0,1072.0,625.0,1065.0,615.0,"0,11515","0,13119","-0,98465","0,00044","0,12484","-0,99218",,,Valid,Valid,"234,2","103,1","510,4","291,8","104,7","504,7","293,9","171,1","292,0","168,2","0,5874","0,5740","0,5901","0,5789","0,5846","0,5691",thumbnail_grossTrial,thumbnail_grossTrial.png,1245.0,1080.0,337.0,0.0,798.0,692.0,Fixation,650.0,89.0,1063.0,615.0,"0,5825","0,5691",,
29714,51699588,1400490970875,Eye Tracker,Participant0058,17.09.2021,Participant0058,Recording4,17.09.2021,17.09.2021,14:48:45.713,12:48:45.713,64514,Timeline2,Tobii I-VT (Fixation),1.145.28180,1080,1920,"10,00",719562310.0,,,1056.0,625.0,1050.0,632.0,1062.0,618.0,"0,10315","0,13530","-0,98542","-0,00151","0,12670","-0,99194","4,42","4,49",Valid,Valid,"234,2","102,9","510,9","291,8","104,7","504,7","287,6","173,0","291,0","169,1","0,5768","0,5789","0,5719","0,5854","0,5818","0,5723",thumbnail_grossTrial,thumbnail_grossTrial.png,1245.0,1080.0,337.0,0.0,798.0,692.0,Fixation,650.0,89.0,1063.0,615.0,"0,5825","0,5691",,
29715,51707961,1400490979248,Eye Tracker,Participant0058,17.09.2021,Participant0058,Recording4,17.09.2021,17.09.2021,14:48:45.713,12:48:45.713,64514,Timeline2,Tobii I-VT (Fixation),1.145.28180,1080,1920,"10,00",719570683.0,,,1059.0,631.0,1055.0,637.0,1063.0,626.0,"0,10579","0,13773","-0,98480","-0,00080","0,13064","-0,99143",,,Valid,Valid,"234,2","102,7","511,2","291,7","104,7","504,6","289,1","174,2","291,3","171,2","0,5794","0,5844","0,5761","0,5895","0,5827","0,5793",thumbnail_grossTrial,thumbnail_grossTrial.png,1245.0,1080.0,337.0,0.0,798.0,692.0,Fixation,650.0,89.0,1063.0,615.0,"0,5825","0,5691",,
29716,51716286,1400490987573,Eye Tracker,Participant0058,17.09.2021,Participant0058,Recording4,17.09.2021,17.09.2021,14:48:45.713,12:48:45.713,64514,Timeline2,Tobii I-VT (Fixation),1.145.28180,1080,1920,"10,00",719579008.0,,,1059.0,630.0,1052.0,633.0,1065.0,626.0,"0,10438","0,13635","-0,98515","0,00041","0,13104","-0,99138",,,Valid,Valid,"234,1","102,5","511,7","291,8","104,7","504,6","288,4","173,4","292,0","171,4","0,5793","0,5833","0,5740","0,5865","0,5846","0,5800",thumbnail_grossTrial,thumbnail_grossTrial.png,1245.0,1080.0,337.0,0.0,798.0,692.0,Fixation,650.0,89.0,1063.0,615.0,"0,5825","0,5691",,
29717,51724585,1400490995872,Eye Tracker,Participant0058,17.09.2021,Participant0058,Recording4,17.09.2021,17.09.2021,14:48:45.713,12:48:45.713,64514,Timeline2,Tobii I-VT (Fixation),1.145.28180,1080,1920,"10,00",719587307.0,,,1060.0,626.0,1052.0,632.0,1069.0,621.0,"0,10415","0,13580","-0,98525","0,00228","0,12806","-0,99176","4,42","4,86",Valid,Valid,"234,1","102,3","512,3","291,8","104,7","504,6","288,3","172,9","293,0","169,9","0,5806","0,5799","0,5737","0,5851","0,5875","0,5747",thumbnail_grossTrial,thumbnail_grossTrial.png,1245.0,1080.0,337.0,0.0,798.0,692.0,Fixation,650.0,89.0,1063.0,615.0,"0,5825","0,5691",,
29718,51732922,1400491004209,Eye Tracker,Participant0058,17.09.2021,Participant0058,Recording4,17.09.2021,17.09.2021,14:48:45.713,12:48:45.713,64514,Timeline2,Tobii I-VT (Fixation),1.145.28180,1080,1920,"10,00",719595643.0,,,1056.0,623.0,1048.0,629.0,1065.0,616.0,"0,10184","0,13464","-0,98565","0,00017","0,12584","-0,99205",,,Valid,Valid,"234,1","102,1","512,7","291,8","104,7","504,7","287,1","172,2","291,8","168,7","0,5773","0,5767","0,5704","0,5825","0,5842","0,5708",thumbnail_grossTrial,thumbnail_grossTrial.png,1245.0,1080.0,337.0,0.0,798.0,692.0,Fixation,650.0,89.0,1063.0,615.0,"0,5825","0,5691",,
29719,51741253,1400491012540,Eye Tracker,Participant0058,17.09.2021,Participant0058,Recording4,17.09.2021,17.09.2021,14:48:45.713,12:48:45.713,64514,Timeline2,Tobii I-VT (Fixation),1.145.28180,1080,1920,"10,00",719603975.0,,,1061.0,618.0,1052.0,624.0,1070.0,613.0,"0,10418","0,13204","-0,98575","0,00273","0,12437","-0,99223",,,Valid,Valid,"234,1","101,9","513,2","291,8","104,6","505,0","288,3","170,7","293,2","167,9","0,5811","0,5727","0,5739","0,5774","0,5883","0,5679",thumbnail_grossTrial,thumbnail_grossTrial.png,1245.0,1080.0,337.0,0.0,798.0,692.0,Fixation,650.0,89.0,1063.0,615.0,"0,5825","0,5691",,
29720,51749668,1400491020955,Eye Tracker,Participant0058,17.09.2021,Participant0058,Recording4,17.09.2021,17.09.2021,14:48:45.713,12:48:45.713,64514,Timeline2,Tobii I-VT (Fixation),1.145.28180,1080,1920,"10,00",719612390.0,,,1060.0,619.0,1052.0,625.0,1069.0,614.0,"0,10417","0,13299","-0,98563","0,00195","0,12490","-0,99217","4,42","4,89",Valid,Valid,"234,1","101,7","513,8","291,9","104,3","505,6","288,4","171,0","292,9","168,0","0,5807","0,5735","0,5741","0,5786","0,5873","0,5683",thumbnail_grossTrial,thumbnail_grossTrial.png,1245.0,1080.0,337.0,0.0,798.0,692.0,Fixation,650.0,89.0,1063.0,615.0,"0,5825","0,5691",,
29721,51757944,1400491029231,Eye Tracker,Participant0058,17.09.2021,Participant0058,Recording4,17.09.2021,17.09.2021,14:48:45.713,12:48:45.713,64514,Timeline2,Tobii I-VT (Fixation),1.145.28180,1080,1920,"10,00",719620666.0,,,1060.0,619.0,1052.0,624.0,1069.0,615.0,"0,10387","0,13247","-0,98573","0,00196","0,12573","-0,99206",,,Valid,Valid,"234,1","101,5","514,2","291,9","104,1","506,2","288,3","170,6","292,9","168,2","0,5806","0,5733","0,5738","0,5773","0,5873","0,5692",thumbnail_grossTrial,thumbnail_grossTrial.png,1245.0,1080.0,337.0,0.0,798.0,692.0,Fixation,650.0,89.0,1063.0,615.0,"0,5825","0,5691",,
29722,51766247,1400491037534,Eye Tracker,Participant0058,17.09.2021,Participant0058,Recording4,17.09.2021,17.09.2021,14:48:45.713,12:48:45.713,64514,Timeline2,Tobii I-VT (Fixation),1.145.28180,1080,1920,"10,00",719628969.0,,,1062.0,618.0,1053.0,631.0,1071.0,606.0,"0,10436","0,13633","-0,98515","0,00294","0,12130","-0,99261",,,Valid,Valid,"234,0","101,3","514,7","292,0","103,8","507,0","288,6","172,6","293,5","165,7","0,5818","0,5723","0,5746","0,5839","0,5891","0,5608",thumbnail_grossTrial,thumbnail_grossTrial.png,1245.0,1080.0,337.0,0.0,798.0,692.0,Fixation,650.0,89.0,1063.0,615.0,"0,5825","0,5691",,
29723,51774578,1400491045865,Eye Tracker,Participant0058,17.09.2021,Participant0058,Recording4,17.09.2021,17.09.2021,14:48:45.713,12:48:45.713,64514,Timeline2,Tobii I-VT (Fixation),1.145.28180,1080,1920,"10,00",719637300.0,,,1067.0,617.0,1062.0,626.0,1073.0,607.0,"0,10891","0,13411","-0,98496","0,00358","0,12276","-0,99243","4,74","4,85",Valid,Valid,"234,0","101,2","515,2","292,1","103,4","507,9","291,0","171,3","293,9","166,2","0,5861","0,5710","0,5818","0,5796","0,5903","0,5625",thumbnail_grossTrial,thumbnail_grossTrial.png,1245.0,1080.0,337.0,0.0,798.0,692.0,Fixation,650.0,89.0,1063.0,615.0,"0,5825","0,5691",,
29724,51782952,1400491054239,Eye Tracker,Participant0058,17.09.2021,Participant0058,Recording4,17.09.2021,17.09.2021,14:48:45.713,12:48:45.713,64514,Timeline2,Tobii I-VT (Fixation),1.145.28180,1080,1920,"10,00",719645674.0,,,1067.0,616.0,1061.0,628.0,1073.0,605.0,"0,10819","0,13542","-0,98486","0,00391","0,12168","-0,99256",,,Valid,Valid,"234,1","101,0","515,5","292,2","103,1","508,7","290,7","171,9","294,2","165,4","0,5859","0,5707","0,5808","0,5817","0,5910","0,5598",thumbnail_grossTrial,thumbnail_grossTrial.png,1245.0,1080.0,337.0,0.0,798.0,692.0,Fixation,650.0,89.0,1063.0,615.0,"0,5825","0,5691",,
29725,51791247,1400491062534,Eye Tracker,Participant0058,17.09.2021,Participant0058,Recording4,17.09.2021,17.09.2021,14:48:45.713,12:48:45.713,64514,Timeline2,Tobii I-VT (Fixation),1.145.28180,1080,1920,"10,00",719653968.0,,,1065.0,619.0,1061.0,628.0,1068.0,611.0,"0,10865","0,13523","-0,98484","0,00075","0,12542","-0,99210",,,Valid,Valid,"234,0","100,9","515,8","292,2","102,7","509,7","290,9","171,7","292,6","167,1","0,5840","0,5733","0,5814","0,5811","0,5865","0,5655",thumbnail_grossTrial,thumbnail_grossTrial.png,1245.0,1080.0,337.0,0.0,798.0,692.0,Fixation,650.0,89.0,1063.0,615.0,"0,5825","0,5691",,
29726,51799576,1400491070863,Eye Tracker,Participant0058,17.09.2021,Participant0058,Recording4,17.09.2021,17.09.2021,14:48:45.713,12:48:45.713,64514,Timeline2,Tobii I-VT (Fixation),1.145.28180,1080,1920,"10,00",719662298.0,,,1072.0,615.0,1075.0,620.0,1068.0,610.0,"0,11567","0,13145","-0,98455","0,00088","0,12575","-0,99206","4,68","4,88",Valid,Valid,"234,0","100,8","516,1","292,4","102,3","510,7","294,6","169,7","292,8","167,0","0,5897","0,5696","0,5924","0,5742","0,5870","0,5651",thumbnail_grossTrial,thumbnail_grossTrial.png,1245.0,1080.0,337.0,0.0,798.0,692.0,Fixation,650.0,89.0,1063.0,615.0,"0,5825","0,5691",,
29727,51807913,1400491079200,Eye Tracker,Participant0058,17.09.2021,Participant0058,Recording4,17.09.2021,17.09.2021,14:48:45.713,12:48:45.713,64514,Timeline2,Tobii I-VT (Fixation),1.145.28180,1080,1920,"10,00",719670635.0,,,1067.0,616.0,1075.0,620.0,1059.0,612.0,"0,11558","0,13151","-0,98455","-0,00416","0,12715","-0,99188",,,Valid,Valid,"234,0","100,7","516,3","292,4","101,9","511,6","294,6","169,7","290,3","167,5","0,5860","0,5705","0,5924","0,5742","0,5796","0,5667",thumbnail_grossTrial,thumbnail_grossTrial.png,1245.0,1080.0,337.0,0.0,798.0,692.0,Fixation,650.0,89.0,1063.0,615.0,"0,5825","0,5691",,
29728,51816249,1400491087536,Eye Tracker,Participant0058,17.09.2021,Participant0058,Recording4,17.09.2021,17.09.2021,14:48:45.713,12:48:45.713,64514,Timeline2,Tobii I-VT (Fixation),1.145.28180,1080,1920,"10,00",719678971.0,,,1062.0,613.0,1060.0,614.0,1063.0,612.0,"0,10808","0,12879","-0,98576","-0,00204","0,12761","-0,99182",,,Valid,Valid,"234,0","100,7","516,4","292,5","101,5","512,6","290,6","168,1","291,4","167,5","0,5817","0,5678","0,5805","0,5689","0,5830","0,5667",thumbnail_grossTrial,thumbnail_grossTrial.png,1245.0,1080.0,337.0,0.0,798.0,692.0,Fixation,650.0,89.0,1063.0,615.0,"0,5825","0,5691",,
29729,51824606,1400491095893,Eye Tracker,Participant0058,17.09.2021,Participant0058,Recording4,17.09.2021,17.09.2021,14:48:45.713,12:48:45.713,64514,Timeline2,Tobii I-VT (Fixation),1.145.28180,1080,1920,"10,00",719687327.0,,,1061.0,617.0,1057.0,622.0,1064.0,612.0,"0,10651","0,13292","-0,98539","-0,00205","0,12826","-0,99174","4,42","4,54",Valid,Valid,"234,0","100,6","516,6","292,6","101,2","513,4","289,8","170,3","291,5","167,6","0,5808","0,5716","0,5783","0,5762","0,5833","0,5670",thumbnail_grossTrial,thumbnail_grossTrial.png,1245.0,1080.0,337.0,0.0,798.0,692.0,Fixation,650.0,89.0,1063.0,615.0,"0,5825","0,5691",,
29730,51832911,1400491104198,Eye Tracker,Participant0058,17.09.2021,Participant0058,Recording4,17.09.2021,17.09.2021,14:48:45.713,12:48:45.713,64514,Timeline2,Tobii I-VT (Fixation),1.145.28180,1080,1920,"10,00",719695633.0,,,1058.0,617.0,1057.0,623.0,1059.0,611.0,"0,10602","0,13346","-0,98537","-0,00441","0,12804","-0,99176",,,Valid,Valid,"234,0","100,6","516,6","292,6","100,9","514,0","289,6","170,6","290,4","167,3","0,5787","0,5715","0,5776","0,5771","0,5798","0,5660",thumbnail_grossTrial,thumbnail_grossTrial.png,1245.0,1080.0,337.0,0.0,798.0,692.0,Fixation,650.0,89.0,1063.0,615.0,"0,5825","0,5691",,
29731,51841242,1400491112529,Eye Tracker,Participant0058,17.09.2021,Participant0058,Recording4,17.09.2021,17.09.2021,14:48:45.713,12:48:45.713,64514,Timeline2,Tobii I-VT (Fixation),1.145.28180,1080,1920,"10,00",719703964.0,,,1058.0,613.0,1051.0,627.0,1065.0,599.0,"0,10343","0,13534","-0,98539","-0,00132","0,12211","-0,99252",,,Valid,Valid,"233,9","100,5","516,7","292,7","100,7","514,6","288,2","171,5","292,0","164,0","0,5790","0,5676","0,5734","0,5803","0,5846","0,5549",thumbnail_grossTrial,thumbnail_grossTrial.png,1245.0,1080.0,337.0,0.0,798.0,692.0,Fixation,650.0,89.0,1063.0,615.0,"0,5825","0,5691",,
29732,51849579,1400491120866,Eye Tracker,Participant0058,17.09.2021,Participant0058,Recording4,17.09.2021,17.09.2021,14:48:45.713,12:48:45.713,64514,Timeline2,Tobii I-VT (Fixation),1.145.28180,1080,1920,"10,00",719712301.0,,,1049.0,603.0,,,1049.0,603.0,,,,"-0,01032","0,12418","-0,99221",,"4,95",Invalid,Valid,,,,"292,7","100,5","515,1",,,"287,4","164,9","0,5711","0,5581",,,"0,5711","0,5581",thumbnail_grossTrial,thumbnail_grossTrial.png,1245.0,1080.0,337.0,0.0,798.0,692.0,Fixation,650.0,89.0,1063.0,615.0,"0,5825","0,5691",,
29733,51857907,1400491129194,Eye Tracker,Participant0058,17.09.2021,Participant0058,Recording4,17.09.2021,17.09.2021,14:48:45.713,12:48:45.713,64514,Timeline2,Tobii I-VT (Fixation),1.145.28180,1080,1920,"10,00",719720629.0,,,1063.0,613.0,1055.0,626.0,1070.0,600.0,"0,10501","0,13495","-0,98527","0,00114","0,12287","-0,99242",,,Valid,Valid,"234,0","100,5","516,8","292,8","100,4","515,3","289,1","171,3","293,3","164,2","0,5824","0,5675","0,5762","0,5795","0,5886","0,5555",thumbnail_grossTrial,thumbnail_grossTrial.png,1245.0,1080.0,337.0,0.0,798.0,692.0,Fixation,650.0,89.0,1063.0,615.0,"0,5825","0,5691",,
29734,51866238,1400491137525,Eye Tracker,Participant0058,17.09.2021,Participant0058,Recording4,17.09.2021,17.09.2021,14:48:45.713,12:48:45.713,64514,Timeline2,Tobii I-VT (Fixation),1.145.28180,1080,1920,"10,00",719728960.0,,,1059.0,612.0,1053.0,623.0,1066.0,601.0,"0,10409","0,13374","-0,98554","-0,00140","0,12366","-0,99232",,,Valid,Valid,"233,9","100,5","516,8","292,8","100,2","515,6","288,5","170,6","292,0","164,5","0,5796","0,5669","0,5745","0,5772","0,5847","0,5566",thumbnail_grossTrial,thumbnail_grossTrial.png,1245.0,1080.0,337.0,0.0,798.0,692.0,Fixation,650.0,89.0,1063.0,615.0,"0,5825","0,5691",,
29735,51874593,1400491145880,Eye Tracker,Participant0058,17.09.2021,Participant0058,Recording4,17.09.2021,17.09.2021,14:48:45.713,12:48:45.713,64514,Timeline2,Tobii I-VT (Fixation),1.145.28180,1080,1920,"10,00",719737315.0,,,1069.0,592.0,,,1069.0,592.0,,,,"0,00011","0,11899","-0,99290",,"5,05",Invalid,Valid,,,,"292,8","100,1","515,9",,,"292,9","162,0","0,5872","0,5479",,,"0,5872","0,5479",thumbnail_grossTrial,thumbnail_grossTrial.png,1245.0,1080.0,337.0,0.0,798.0,692.0,Fixation,650.0,89.0,1063.0,615.0,"0,5825","0,5691",,
29736,51882926,1400491154213,Eye Tracker,Participant0058,17.09.2021,Participant0058,Recording4,17.09.2021,17.09.2021,14:48:45.713,12:48:45.713,64514,Timeline2,Tobii I-VT (Fixation),1.145.28180,1080,1920,"10,00",719745648.0,,,1056.0,593.0,1040.0,603.0,1073.0,582.0,"0,09732","0,12354","-0,98756","0,00235","0,11416","-0,99346",,,Valid,Valid,"234,0","100,4","516,9","292,8","100,1","516,0","285,0","165,1","294,0","159,4","0,5773","0,5489","0,5640","0,5586","0,5906","0,5393",thumbnail_grossTrial,thumbnail_grossTrial.png,1245.0,1080.0,337.0,0.0,798.0,692.0,Fixation,650.0,89.0,1063.0,615.0,"0,5825","0,5691",,
29737,51891234,1400491162521,Eye Tracker,Participant0058,17.09.2021,Participant0058,Recording4,17.09.2021,17.09.2021,14:48:45.713,12:48:45.713,64514,Timeline2,Tobii I-VT (Fixation),1.145.28180,1080,1920,"10,00",719753956.0,,,1079.0,606.0,1082.0,629.0,1076.0,582.0,"0,11929","0,13643","-0,98344","0,00381","0,11410","-0,99346",,,Valid,Valid,"233,9","100,4","516,9","292,8","100,0","516,1","296,6","172,1","294,8","159,3","0,5955","0,5607","0,5983","0,5824","0,5928","0,5390",thumbnail_grossTrial,thumbnail_grossTrial.png,1245.0,1080.0,337.0,0.0,798.0,692.0,Fixation,650.0,89.0,1063.0,615.0,"0,5825","0,5691",,
29738,51899591,1400491170878,Eye Tracker,Participant0058,17.09.2021,Participant0058,Recording4,17.09.2021,17.09.2021,14:48:45.713,12:48:45.713,64514,Timeline2,Tobii I-VT (Fixation),1.145.28180,1080,1920,"10,00",719762313.0,,,1071.0,613.0,1071.0,634.0,1072.0,592.0,"0,11307","0,13938","-0,98376","0,00174","0,11920","-0,99287","4,41","4,92",Valid,Valid,"234,0","100,4","517,0","292,9","100,0","516,2","293,4","173,6","293,8","162,0","0,5893","0,5677","0,5888","0,5875","0,5898","0,5480",thumbnail_grossTrial,thumbnail_grossTrial.png,1245.0,1080.0,337.0,0.0,798.0,692.0,Fixation,650.0,89.0,1063.0,615.0,"0,5825","0,5691",,
29739,51907903,1400491179190,Eye Tracker,Participant0058,17.09.2021,Participant0058,Recording4,17.09.2021,17.09.2021,14:48:45.713,12:48:45.713,64514,Timeline2,Tobii I-VT (Fixation),1.145.28180,1080,1920,"10,00",719770625.0,,,1052.0,618.0,1055.0,626.0,1049.0,610.0,"0,10486","0,13497","-0,98529","-0,01038","0,12851","-0,99165",,,Valid,Valid,"234,0","100,4","517,0","292,9","100,0","516,3","289,0","171,2","287,5","166,9","0,5737","0,5720","0,5760","0,5793","0,5714","0,5646",thumbnail_grossTrial,thumbnail_grossTrial.png,1245.0,1080.0,337.0,0.0,798.0,692.0,Fixation,650.0,89.0,1063.0,615.0,"0,5825","0,5691",,
29740,51916233,1400491187520,Eye Tracker,Participant0058,17.09.2021,Participant0058,Recording4,17.09.2021,17.09.2021,14:48:45.713,12:48:45.713,64514,Timeline2,Tobii I-VT (Fixation),1.145.28180,1080,1920,"10,00",719778955.0,,,1059.0,616.0,1059.0,624.0,1060.0,608.0,"0,10711","0,13421","-0,98515","-0,00457","0,12754","-0,99182",,,Valid,Valid,"234,0","100,4","517,0","292,8","99,9","516,4","290,2","170,8","290,5","166,3","0,5797","0,5704","0,5793","0,5780","0,5801","0,5628",thumbnail_grossTrial,thumbnail_grossTrial.png,1245.0,1080.0,337.0,0.0,798.0,692.0,Fixation,650.0,89.0,1063.0,615.0,"0,5825","0,5691",,
29741,51924601,1400491195888,Eye Tracker,Participant0058,17.09.2021,Participant0058,Recording4,17.09.2021,17.09.2021,14:48:45.713,12:48:45.713,64514,Timeline2,Tobii I-VT (Fixation),1.145.28180,1080,1920,"10,00",719787323.0,,,1061.0,618.0,1060.0,626.0,1063.0,609.0,"0,10758","0,13533","-0,98494","-0,00320","0,12837","-0,99172","4,41","4,76",Valid,Valid,"234,0","100,4","517,0","292,9","99,9","516,5","290,5","171,4","291,2","166,7","0,5812","0,5721","0,5801","0,5800","0,5824","0,5641",thumbnail_grossTrial,thumbnail_grossTrial.png,1245.0,1080.0,337.0,0.0,798.0,692.0,Fixation,650.0,89.0,1063.0,615.0,"0,5825","0,5691",,
29742,51932900,1400491204187,Eye Tracker,Participant0058,17.09.2021,Participant0058,Recording4,17.09.2021,17.09.2021,14:48:45.713,12:48:45.713,64514,Timeline2,Tobii I-VT (Fixation),1.145.28180,1080,1920,"10,00",719795622.0,,,1060.0,617.0,1058.0,631.0,1062.0,604.0,"0,10628","0,13772","-0,98475","-0,00331","0,12557","-0,99208",,,Valid,Valid,"234,0","100,4","516,9","292,9","99,9","516,5","289,8","172,7","291,2","165,3","0,5803","0,5718","0,5783","0,5844","0,5822","0,5591",thumbnail_grossTrial,thumbnail_grossTrial.png,1245.0,1080.0,337.0,0.0,798.0,692.0,Fixation,650.0,89.0,1063.0,615.0,"0,5825","0,5691",,
29743,51941228,1400491212515,Eye Tracker,Participant0058,17.09.2021,Participant0058,Recording4,17.09.2021,17.09.2021,14:48:45.713,12:48:45.713,64514,Timeline2,Tobii I-VT (Fixation),1.145.28180,1080,1920,"10,00",719803950.0,,,1060.0,613.0,1054.0,627.0,1067.0,598.0,"0,10440","0,13583","-0,98522","-0,00087","0,12270","-0,99244",,,Valid,Valid,"234,0","100,4","516,9","292,9","99,9","516,6","288,7","171,7","292,4","163,7","0,5805","0,5675","0,5751","0,5810","0,5858","0,5540",thumbnail_grossTrial,thumbnail_grossTrial.png,1245.0,1080.0,337.0,0.0,798.0,692.0,Fixation,650.0,89.0,1063.0,615.0,"0,5825","0,5691",,
29744,51949600,1400491220887,Eye Tracker,Participant0058,17.09.2021,Participant0058,Recording4,17.09.2021,17.09.2021,14:48:45.713,12:48:45.713,64514,Timeline2,Tobii I-VT (Fixation),1.145.28180,1080,1920,"10,00",719812322.0,,,1061.0,612.0,1052.0,627.0,1070.0,596.0,"0,10357","0,13580","-0,98531","0,00053","0,12181","-0,99255","4,40","4,80",Valid,Valid,"234,0","100,4","517,0","292,9","99,8","516,7","288,3","171,7","293,2","163,2","0,5810","0,5665","0,5739","0,5809","0,5881","0,5522",thumbnail_grossTrial,thumbnail_grossTrial.png,1245.0,1080.0,337.0,0.0,798.0,692.0,Fixation,650.0,89.0,1063.0,615.0,"0,5825","0,5691",,
29745,51957895,1400491229182,Eye Tracker,Participant0058,17.09.2021,Participant0058,Recording4,17.09.2021,17.09.2021,14:48:45.713,12:48:45.713,64514,Timeline2,Tobii I-VT (Fixation),1.145.28180,1080,1920,"10,00",719820617.0,,,1063.0,606.0,1051.0,621.0,1075.0,592.0,"0,10300","0,13231","-0,98584","0,00331","0,11956","-0,99282",,,Valid,Valid,"234,0","100,5","516,8","292,9","99,8","516,8","288,0","169,9","294,6","162,0","0,5827","0,5614","0,5730","0,5747","0,5924","0,5482",thumbnail_grossTrial,thumbnail_grossTrial.png,1245.0,1080.0,337.0,0.0,798.0,692.0,Fixation,650.0,89.0,1063.0,615.0,"0,5825","0,5691",,
29746,51966226,1400491237513,Eye Tracker,Participant0058,17.09.2021,Participant0058,Recording4,17.09.2021,17.09.2021,14:48:45.713,12:48:45.713,64514,Timeline2,Tobii I-VT (Fixation),1.145.28180,1080,1920,"10,00",719828948.0,,,1065.0,607.0,1054.0,623.0,1075.0,591.0,"0,10484","0,13335","-0,98551","0,00341","0,11929","-0,99285",,,Valid,Valid,"234,0","100,5","516,8","292,9","99,8","516,9","288,9","170,4","294,6","161,9","0,5840","0,5621","0,5757","0,5766","0,5924","0,5476",thumbnail_grossTrial,thumbnail_grossTrial.png,1245.0,1080.0,337.0,0.0,798.0,692.0,Fixation,650.0,89.0,1063.0,615.0,"0,5825","0,5691",,
29747,51974557,1400491245844,Eye Tracker,Participant0058,17.09.2021,Participant0058,Recording4,17.09.2021,17.09.2021,14:48:45.713,12:48:45.713,64514,Timeline2,Tobii I-VT (Fixation),1.145.28180,1080,1920,"10,00",719837279.0,,,1080.0,607.0,1086.0,623.0,1074.0,591.0,"0,12119","0,13333","-0,98363","0,00246","0,11906","-0,99288","4,60","4,75",Valid,Valid,"234,0","100,5","516,8","292,9","99,7","517,0","297,7","170,6","294,2","161,7","0,5962","0,5621","0,6012","0,5770","0,5911","0,5471",thumbnail_grossTrial,thumbnail_grossTrial.png,1245.0,1080.0,337.0,0.0,798.0,692.0,Fixation,650.0,89.0,1063.0,615.0,"0,5825","0,5691",,
29748,51982921,1400491254208,Eye Tracker,Participant0058,17.09.2021,Participant0058,Recording4,17.09.2021,17.09.2021,14:48:45.713,12:48:45.713,64514,Timeline2,Tobii I-VT (Fixation),1.145.28180,1080,1920,"10,00",719845643.0,,,1060.0,615.0,1069.0,624.0,1050.0,607.0,"0,11246","0,13382","-0,98460","-0,00975","0,12738","-0,99181",,,Valid,Valid,"234,0","100,6","516,7","292,9","99,7","517,0","293,0","170,8","287,9","166,1","0,5801","0,5699","0,5877","0,5778","0,5725","0,5620",thumbnail_grossTrial,thumbnail_grossTrial.png,1245.0,1080.0,337.0,0.0,798.0,692.0,Fixation,650.0,89.0,1063.0,615.0,"0,5825","0,5691",,
29749,51991251,1400491262538,Eye Tracker,Participant0058,17.09.2021,Participant0058,Recording4,17.09.2021,17.09.2021,14:48:45.713,12:48:45.713,64514,Timeline2,Tobii I-VT (Fixation),1.145.28180,1080,1920,"10,00",719853973.0,,,1065.0,616.0,1080.0,625.0,1050.0,607.0,"0,11837","0,13396","-0,98389","-0,00969","0,12735","-0,99181",,,Valid,Valid,"234,0","100,6","516,6","292,9","99,7","517,0","296,1","170,9","287,8","166,1","0,5846","0,5701","0,5967","0,5782","0,5725","0,5619",thumbnail_grossTrial,thumbnail_grossTrial.png,1245.0,1080.0,337.0,0.0,798.0,692.0,Fixation,650.0,89.0,1063.0,615.0,"0,5825","0,5691",,
29750,51999585,1400491270872,Eye Tracker,Participant0058,17.09.2021,Participant0058,Recording4,17.09.2021,17.09.2021,14:48:45.713,12:48:45.713,64514,Timeline2,Tobii I-VT (Fixation),1.145.28180,1080,1920,"10,00",719862307.0,,,1071.0,614.0,1081.0,625.0,1062.0,602.0,"0,11843","0,13412","-0,98386","-0,00365","0,12517","-0,99213","4,65","4,77",Valid,Valid,"234,0","100,6","516,6","292,9","99,6","517,1","296,2","171,0","291,0","164,9","0,5894","0,5682","0,5969","0,5785","0,5818","0,5579",thumbnail_grossTrial,thumbnail_grossTrial.png,1245.0,1080.0,337.0,0.0,798.0,692.0,Fixation,650.0,89.0,1063.0,615.0,"0,5825","0,5691",,
29751,52007894,1400491279181,Eye Tracker,Participant0058,17.09.2021,Participant0058,Recording4,17.09.2021,17.09.2021,14:48:45.713,12:48:45.713,64514,Timeline2,Tobii I-VT (Fixation),1.145.28180,1080,1920,"10,00",719870616.0,,,1078.0,606.0,1068.0,626.0,1089.0,587.0,"0,11174","0,13473","-0,98456","0,01050","0,11712","-0,99306",,,Valid,Valid,"234,0","100,6","516,5","292,9","99,7","517,0","292,7","171,3","298,4","160,6","0,5950","0,5615","0,5866","0,5795","0,6034","0,5435",thumbnail_grossTrial,thumbnail_grossTrial.png,1245.0,1080.0,337.0,0.0,798.0,692.0,Fixation,650.0,89.0,1063.0,615.0,"0,5825","0,5691",,
29752,52016267,1400491287554,Eye Tracker,Participant0058,17.09.2021,Participant0058,Recording4,17.09.2021,17.09.2021,14:48:45.713,12:48:45.713,64514,Timeline2,Tobii I-VT (Fixation),1.145.28180,1080,1920,"10,00",719878989.0,,,1069.0,610.0,1064.0,620.0,1074.0,600.0,"0,10991","0,13199","-0,98514","0,00295","0,12390","-0,99229",,,Valid,Valid,"234,0","100,6","516,5","292,9","99,7","517,1","291,6","169,8","294,4","164,2","0,5876","0,5651","0,5835","0,5745","0,5918","0,5557",thumbnail_grossTrial,thumbnail_grossTrial.png,1245.0,1080.0,337.0,0.0,798.0,692.0,Fixation,650.0,89.0,1063.0,615.0,"0,5825","0,5691",,
29753,52024593,1400491295880,Eye Tracker,Participant0058,17.09.2021,Participant0058,Recording4,17.09.2021,17.09.2021,14:48:45.713,12:48:45.713,64514,Timeline2,Tobii I-VT (Fixation),1.145.28180,1080,1920,"10,00",719887315.0,,,1075.0,604.0,1073.0,608.0,1076.0,600.0,"0,11482","0,12578","-0,98539","0,00368","0,12400","-0,99228","4,67","4,72",Valid,Valid,"234,0","100,6","516,5","292,9","99,6","517,1","294,2","166,5","294,9","164,3","0,5920","0,5595","0,5910","0,5634","0,5930","0,5557",thumbnail_grossTrial,thumbnail_grossTrial.png,1245.0,1080.0,337.0,0.0,798.0,692.0,Fixation,650.0,89.0,1063.0,615.0,"0,5825","0,5691",,
29754,52032931,1400491304218,Eye Tracker,Participant0058,17.09.2021,Participant0058,Recording4,17.09.2021,17.09.2021,14:48:45.713,12:48:45.713,64514,Timeline2,Tobii I-VT (Fixation),1.145.28180,1080,1920,"10,00",719895653.0,,,1072.0,606.0,1073.0,608.0,1071.0,603.0,"0,11477","0,12574","-0,98540","0,00120","0,12556","-0,99208",,,Valid,Valid,"234,0","100,6","516,5","292,9","99,7","517,0","294,2","166,5","293,6","165,1","0,5901","0,5610","0,5910","0,5634","0,5892","0,5586",thumbnail_grossTrial,thumbnail_grossTrial.png,1245.0,1080.0,337.0,0.0,798.0,692.0,Fixation,650.0,89.0,1063.0,615.0,"0,5825","0,5691",,
29755,52041232,1400491312519,Eye Tracker,Participant0058,17.09.2021,Participant0058,Recording4,17.09.2021,17.09.2021,14:48:45.713,12:48:45.713,64514,Timeline2,Tobii I-VT (Fixation),1.145.28180,1080,1920,"10,00",719903954.0,,,1070.0,609.0,1069.0,618.0,1071.0,599.0,"0,11252","0,13095","-0,98498","0,00132","0,12354","-0,99234",,,Valid,Valid,"234,0","100,6","516,5","292,9","99,7","517,0","293,0","169,3","293,6","164,1","0,5884","0,5638","0,5875","0,5726","0,5893","0,5551",thumbnail_grossTrial,thumbnail_grossTrial.png,1245.0,1080.0,337.0,0.0,798.0,692.0,Fixation,650.0,89.0,1063.0,615.0,"0,5825","0,5691",,
29756,52049609,1400491320896,Eye Tracker,Participant0058,17.09.2021,Participant0058,Recording4,17.09.2021,17.09.2021,14:48:45.713,12:48:45.713,64514,Timeline2,Tobii I-VT (Fixation),1.145.28180,1080,1920,"10,00",719912331.0,,,1068.0,613.0,1069.0,622.0,1068.0,603.0,"0,11235","0,13294","-0,98474","-0,00037","0,12556","-0,99209","4,60","4,72",Valid,Valid,"234,0","100,6","516,5","292,9","99,7","517,0","292,9","170,3","292,7","165,1","0,5871","0,5674","0,5874","0,5762","0,5868","0,5586",thumbnail_grossTrial,thumbnail_grossTrial.png,1245.0,1080.0,337.0,0.0,798.0,692.0,Fixation,650.0,89.0,1063.0,615.0,"0,5825","0,5691",,
29757,52057887,1400491329174,Eye Tracker,Participant0058,17.09.2021,Participant0058,Recording4,17.09.2021,17.09.2021,14:48:45.713,12:48:45.713,64514,Timeline2,Tobii I-VT (Fixation),1.145.28180,1080,1920,"10,00",719920609.0,,,1064.0,614.0,1067.0,621.0,1062.0,607.0,"0,11118","0,13210","-0,98498","-0,00374","0,12749","-0,99183",,,Valid,Valid,"234,0","100,6","516,5","292,9","99,7","516,9","292,3","169,8","291,0","166,1","0,5837","0,5684","0,5856","0,5747","0,5817","0,5621",thumbnail_grossTrial,thumbnail_grossTrial.png,1245.0,1080.0,337.0,0.0,798.0,692.0,Fixation,650.0,89.0,1063.0,615.0,"0,5825","0,5691",,
29758,52066244,1400491337531,Eye Tracker,Participant0058,17.09.2021,Participant0058,Recording4,17.09.2021,17.09.2021,14:48:45.713,12:48:45.713,64514,Timeline2,Tobii I-VT (Fixation),1.145.28180,1080,1920,"10,00",719928966.0,,,1065.0,612.0,1066.0,614.0,1063.0,610.0,"0,11085","0,12879","-0,98546","-0,00277","0,12921","-0,99161",,,Valid,Valid,"234,0","100,5","516,6","292,9","99,7","516,9","292,1","168,1","291,4","167,1","0,5840","0,5669","0,5849","0,5686","0,5830","0,5653",thumbnail_grossTrial,thumbnail_grossTrial.png,1245.0,1080.0,337.0,0.0,798.0,692.0,Fixation,650.0,89.0,1063.0,615.0,"0,5825","0,5691",,
29759,52074573,1400491345860,Eye Tracker,Participant0058,17.09.2021,Participant0058,Recording4,17.09.2021,17.09.2021,14:48:45.713,12:48:45.713,64514,Timeline2,Tobii I-VT (Fixation),1.145.28180,1080,1920,"10,00",719937295.0,,,1066.0,612.0,1066.0,614.0,1065.0,610.0,"0,11094","0,12873","-0,98545","-0,00178","0,12925","-0,99161","4,65","4,70",Valid,Valid,"234,0","100,5","516,6","292,9","99,7","516,9","292,2","168,0","292,0","167,1","0,5849","0,5668","0,5851","0,5684","0,5847","0,5653",thumbnail_grossTrial,thumbnail_grossTrial.png,1245.0,1080.0,337.0,0.0,798.0,692.0,Fixation,650.0,89.0,1063.0,615.0,"0,5825","0,5691",,
29760,52082882,1400491354169,Eye Tracker,Participant0058,17.09.2021,Participant0058,Recording4,17.09.2021,17.09.2021,14:48:45.713,12:48:45.713,64514,Timeline2,Tobii I-VT (Fixation),1.145.28180,1080,1920,"10,00",719945604.0,,,1062.0,613.0,1062.0,618.0,1062.0,608.0,"0,10850","0,13074","-0,98546","-0,00353","0,12789","-0,99178",,,Valid,Valid,"234,0","100,5","516,6","292,9","99,7","516,8","290,9","169,1","291,1","166,4","0,5818","0,5674","0,5815","0,5720","0,5820","0,5629",thumbnail_grossTrial,thumbnail_grossTrial.png,1245.0,1080.0,337.0,0.0,798.0,692.0,Fixation,650.0,89.0,1063.0,615.0,"0,5825","0,5691",,
29761,52091246,1400491362533,Eye Tracker,Participant0058,17.09.2021,Participant0058,Recording4,17.09.2021,17.09.2021,14:48:45.713,12:48:45.713,64514,Timeline2,Tobii I-VT (Fixation),1.145.28180,1080,1920,"10,00",719953968.0,,,1065.0,620.0,1077.0,628.0,1053.0,612.0,"0,11663","0,13609","-0,98381","-0,00823","0,12983","-0,99150",,,Valid,Valid,"234,0","100,5","516,7","292,9","99,7","516,8","295,2","172,0","288,6","167,4","0,5844","0,5741","0,5941","0,5818","0,5747","0,5664",thumbnail_grossTrial,thumbnail_grossTrial.png,1245.0,1080.0,337.0,0.0,798.0,692.0,Fixation,650.0,89.0,1063.0,615.0,"0,5825","0,5691",,
29762,52099582,1400491370869,Eye Tracker,Participant0058,17.09.2021,Participant0058,Recording4,17.09.2021,17.09.2021,14:48:45.713,12:48:45.713,64514,Timeline2,Tobii I-VT (Fixation),1.145.28180,1080,1920,"10,00",719962304.0,,,1051.0,606.0,,,1051.0,606.0,,,,"-0,00923","0,12703","-0,99186",,"4,78",Invalid,Valid,,,,"292,9","99,7","516,8",,,"288,1","165,9","0,5733","0,5614",,,"0,5733","0,5614",thumbnail_grossTrial,thumbnail_grossTrial.png,1245.0,1080.0,337.0,0.0,798.0,692.0,Fixation,650.0,89.0,1063.0,615.0,"0,5825","0,5691",,
29763,52107904,1400491379191,Eye Tracker,Participant0058,17.09.2021,Participant0058,Recording4,17.09.2021,17.09.2021,14:48:45.713,12:48:45.713,64514,Timeline2,Tobii I-VT (Fixation),1.145.28180,1080,1920,"10,00",719970626.0,,,1065.0,617.0,1077.0,628.0,1053.0,607.0,"0,11650","0,13612","-0,98382","-0,00828","0,12715","-0,99185",,,Valid,Valid,"234,0","100,5","516,7","292,9","99,8","516,8","295,2","172,0","288,6","166,0","0,5844","0,5717","0,5941","0,5818","0,5747","0,5616",thumbnail_grossTrial,thumbnail_grossTrial.png,1245.0,1080.0,337.0,0.0,798.0,692.0,Fixation,650.0,89.0,1063.0,615.0,"0,5825","0,5691",,
29764,52116207,1400491387494,Eye Tracker,Participant0058,17.09.2021,Participant0058,Recording4,17.09.2021,17.09.2021,14:48:45.713,12:48:45.713,64514,Timeline2,Tobii I-VT (Fixation),1.145.28180,1080,1920,"10,00",719978929.0,,,1057.0,607.0,1060.0,608.0,1055.0,607.0,"0,10783","0,12590","-0,98617","-0,00720","0,12709","-0,99187",,,Valid,Valid,"234,0","100,5","516,7","292,9","99,8","516,8","290,5","166,4","289,1","166,0","0,5782","0,5623","0,5802","0,5631","0,5762","0,5616",thumbnail_grossTrial,thumbnail_grossTrial.png,1245.0,1080.0,337.0,0.0,798.0,692.0,Fixation,650.0,89.0,1063.0,615.0,"0,5825","0,5691",,
29765,52124539,1400491395826,Eye Tracker,Participant0058,17.09.2021,Participant0058,Recording4,17.09.2021,17.09.2021,14:48:45.713,12:48:45.713,64514,Timeline2,Tobii I-VT (Fixation),1.145.28180,1080,1920,"10,00",719987261.0,,,1055.0,610.0,,,1055.0,610.0,,,,"-0,00711","0,12915","-0,99160",,"4,76",Invalid,Valid,,,,"292,9","99,7","516,8",,,"289,2","167,1","0,5765","0,5652",,,"0,5765","0,5652",thumbnail_grossTrial,thumbnail_grossTrial.png,1245.0,1080.0,337.0,0.0,798.0,692.0,Fixation,650.0,89.0,1063.0,615.0,"0,5825","0,5691",,
29766,52132909,1400491404196,Eye Tracker,Participant0058,17.09.2021,Participant0058,Recording4,17.09.2021,17.09.2021,14:48:45.713,12:48:45.713,64514,Timeline2,Tobii I-VT (Fixation),1.145.28180,1080,1920,"10,00",719995631.0,,,1049.0,615.0,1056.0,612.0,1042.0,618.0,"0,10577","0,12785","-0,98614","-0,01418","0,13308","-0,99100",,,Valid,Valid,"234,0","100,5","516,8","292,9","99,8","516,7","289,5","167,5","285,5","169,2","0,5714","0,5695","0,5772","0,5666","0,5657","0,5724",thumbnail_grossTrial,thumbnail_grossTrial.png,1245.0,1080.0,337.0,0.0,798.0,692.0,Fixation,650.0,89.0,1063.0,615.0,"0,5825","0,5691",,
29767,52141250,1400491412537,Eye Tracker,Participant0058,17.09.2021,Participant0058,Recording4,17.09.2021,17.09.2021,14:48:45.713,12:48:45.713,64514,Timeline2,Tobii I-VT (Fixation),1.145.28180,1080,1920,"10,00",720003972.0,,,1052.0,618.0,1062.0,619.0,1042.0,618.0,"0,10896","0,13138","-0,98533","-0,01407","0,13304","-0,99101",,,Valid,Valid,"234,0","100,4","516,8","292,9","99,8","516,7","291,1","169,4","285,5","169,2","0,5739","0,5727","0,5820","0,5730","0,5657","0,5724",thumbnail_grossTrial,thumbnail_grossTrial.png,1245.0,1080.0,337.0,0.0,798.0,692.0,Fixation,650.0,89.0,1063.0,615.0,"0,5825","0,5691",,
29768,52149569,1400491420856,Eye Tracker,Participant0058,17.09.2021,Participant0058,Recording4,17.09.2021,17.09.2021,14:48:45.713,12:48:45.713,64514,Timeline2,Tobii I-VT (Fixation),1.145.28180,1080,1920,"10,00",720012291.0,,,1040.0,608.0,,,1040.0,608.0,,,,"-0,01491","0,12793","-0,99167",,"4,90",Invalid,Valid,,,,"292,9","99,8","516,8",,,"285,1","166,4","0,5646","0,5631",,,"0,5646","0,5631",thumbnail_grossTrial,thumbnail_grossTrial.png,1245.0,1080.0,337.0,0.0,798.0,692.0,Fixation,650.0,89.0,1063.0,615.0,"0,5825","0,5691",,
29769,52157900,1400491429187,Eye Tracker,Participant0058,17.09.2021,Participant0058,Recording4,17.09.2021,17.09.2021,14:48:45.713,12:48:45.713,64514,Timeline2,Tobii I-VT (Fixation),1.145.28180,1080,1920,"10,00",720020622.0,,,1062.0,612.0,1066.0,617.0,1058.0,607.0,"0,11092","0,13047","-0,98523","-0,00575","0,12717","-0,99186",,,Valid,Valid,"234,0","100,5","516,8","292,9","99,8","516,7","292,2","168,9","289,9","166,0","0,5819","0,5666","0,5853","0,5715","0,5785","0,5618",thumbnail_grossTrial,thumbnail_grossTrial.png,1245.0,1080.0,337.0,0.0,798.0,692.0,Fixation,650.0,89.0,1063.0,615.0,"0,5825","0,5691",,
29770,52166287,1400491437574,Eye Tracker,Participant0058,17.09.2021,Participant0058,Recording4,17.09.2021,17.09.2021,14:48:45.713,12:48:45.713,64514,Timeline2,Tobii I-VT (Fixation),1.145.28180,1080,1920,"10,00",720029009.0,,,1059.0,616.0,1057.0,625.0,1062.0,607.0,"0,10613","0,13450","-0,98521","-0,00358","0,12745","-0,99184",,,Valid,Valid,"234,0","100,5","516,8","292,9","99,8","516,7","289,6","171,0","291,0","166,2","0,5797","0,5705","0,5777","0,5786","0,5817","0,5624",thumbnail_grossTrial,thumbnail_grossTrial.png,1245.0,1080.0,337.0,0.0,798.0,692.0,Fixation,650.0,89.0,1063.0,615.0,"0,5825","0,5691",,
29771,52174556,1400491445843,Eye Tracker,Participant0058,17.09.2021,Participant0058,Recording4,17.09.2021,17.09.2021,14:48:45.713,12:48:45.713,64514,Timeline2,Tobii I-VT (Fixation),1.145.28180,1080,1920,"10,00",720037278.0,,,1060.0,620.0,1058.0,633.0,1062.0,607.0,"0,10646","0,13881","-0,98458","-0,00349","0,12752","-0,99183","4,29","4,71",Valid,Valid,"234,0","100,4","516,8","292,9","99,8","516,8","289,9","173,3","291,1","166,2","0,5802","0,5744","0,5784","0,5864","0,5820","0,5624",thumbnail_grossTrial,thumbnail_grossTrial.png,1245.0,1080.0,337.0,0.0,798.0,692.0,Fixation,650.0,89.0,1063.0,615.0,"0,5825","0,5691",,
29772,52182874,1400491454161,Eye Tracker,Participant0058,17.09.2021,Participant0058,Recording4,17.09.2021,17.09.2021,14:48:45.713,12:48:45.713,64514,Timeline2,Tobii I-VT (Fixation),1.145.28180,1080,1920,"10,00",720045596.0,,,1046.0,619.0,1048.0,630.0,1044.0,608.0,"0,10133","0,13709","-0,98536","-0,01308","0,12758","-0,99174",,,Valid,Valid,"234,0","100,5","516,8","292,9","99,8","516,7","287,2","172,4","286,1","166,3","0,5689","0,5729","0,5705","0,5832","0,5674","0,5626",thumbnail_grossTrial,thumbnail_grossTrial.png,1245.0,1080.0,337.0,0.0,798.0,692.0,Fixation,650.0,89.0,1063.0,615.0,"0,5825","0,5691",,
29773,52191222,1400491462509,Eye Tracker,Participant0058,17.09.2021,Participant0058,Recording4,17.09.2021,17.09.2021,14:48:45.713,12:48:45.713,64514,Timeline2,Tobii I-VT (Fixation),1.145.28180,1080,1920,"10,00",720053944.0,,,1055.0,617.0,1050.0,627.0,1059.0,608.0,"0,10261","0,13554","-0,98544","-0,00501","0,12752","-0,99182",,,Valid,Valid,"234,0","100,5","516,8","292,9","99,8","516,7","287,8","171,6","290,3","166,3","0,5759","0,5715","0,5723","0,5805","0,5796","0,5625",thumbnail_grossTrial,thumbnail_grossTrial.png,1245.0,1080.0,337.0,0.0,798.0,692.0,Fixation,650.0,89.0,1063.0,615.0,"0,5825","0,5691",,
29774,52199533,1400491470820,Eye Tracker,Participant0058,17.09.2021,Participant0058,Recording4,17.09.2021,17.09.2021,14:48:45.713,12:48:45.713,64514,Timeline2,Tobii I-VT (Fixation),1.145.28180,1080,1920,"10,00",720062255.0,,,1070.0,618.0,1082.0,628.0,1058.0,607.0,"0,11920","0,13611","-0,98350","-0,00587","0,12726","-0,99185","4,56","4,81",Valid,Valid,"234,0","100,5","516,8","292,9","99,8","516,8","296,6","172,0","289,9","166,1","0,5883","0,5719","0,5982","0,5819","0,5784","0,5620",thumbnail_grossTrial,thumbnail_grossTrial.png,1245.0,1080.0,337.0,0.0,798.0,692.0,Fixation,650.0,89.0,1063.0,615.0,"0,5825","0,5691",,
29775,52207868,1400491479155,Eye Tracker,Participant0058,17.09.2021,Participant0058,Recording4,17.09.2021,17.09.2021,14:48:45.713,12:48:45.713,64514,Timeline2,Tobii I-VT (Fixation),1.145.28180,1080,1920,"10,00",720070590.0,,,1062.0,614.0,1065.0,627.0,1059.0,602.0,"0,11034","0,13523","-0,98465","-0,00500","0,12464","-0,99219",,,Valid,Valid,"234,0","100,5","516,7","292,9","99,8","516,7","291,9","171,5","290,3","164,7","0,5821","0,5688","0,5845","0,5802","0,5797","0,5573",thumbnail_grossTrial,thumbnail_grossTrial.png,1245.0,1080.0,337.0,0.0,798.0,692.0,Fixation,650.0,89.0,1063.0,615.0,"0,5825","0,5691",,
29776,52216227,1400491487514,Eye Tracker,Participant0058,17.09.2021,Participant0058,Recording4,17.09.2021,17.09.2021,14:48:45.713,12:48:45.713,64514,Timeline2,Tobii I-VT (Fixation),1.145.28180,1080,1920,"10,00",720078949.0,,,1063.0,614.0,1068.0,626.0,1058.0,602.0,"0,11179","0,13504","-0,98451","-0,00558","0,12444","-0,99221",,,Valid,Valid,"234,0","100,5","516,7","292,9","99,8","516,7","292,6","171,4","290,0","164,6","0,5826","0,5684","0,5865","0,5799","0,5787","0,5570",thumbnail_grossTrial,thumbnail_grossTrial.png,1245.0,1080.0,337.0,0.0,798.0,692.0,Fixation,650.0,89.0,1063.0,615.0,"0,5825","0,5691",,
29777,52224611,1400491495898,Eye Tracker,Participant0058,17.09.2021,Participant0058,Recording4,17.09.2021,17.09.2021,14:48:45.713,12:48:45.713,64514,Timeline2,Tobii I-VT (Fixation),1.145.28180,1080,1920,"10,00",720087333.0,,,1059.0,620.0,1061.0,631.0,1056.0,609.0,"0,10806","0,13752","-0,98459","-0,00649","0,12858","-0,99168","4,25","4,32",Valid,Valid,"234,0","100,5","516,7","292,9","99,8","516,8","290,7","172,7","289,5","166,8","0,5791","0,5743","0,5808","0,5842","0,5774","0,5643",thumbnail_grossTrial,thumbnail_grossTrial.png,1245.0,1080.0,337.0,0.0,798.0,692.0,Fixation,650.0,89.0,1063.0,615.0,"0,5825","0,5691",,
29778,52232861,1400491504148,Eye Tracker,Participant0058,17.09.2021,Participant0058,Recording4,17.09.2021,17.09.2021,14:48:45.713,12:48:45.713,64514,Timeline2,Tobii I-VT (Fixation),1.145.28180,1080,1920,"10,00",720095583.0,,,1052.0,621.0,1051.0,629.0,1052.0,612.0,"0,10281","0,13653","-0,98529","-0,00860","0,12999","-0,99148",,,Valid,Valid,"234,0","100,5","516,6","292,9","99,8","516,7","287,9","172,1","288,4","167,5","0,5735","0,5746","0,5728","0,5823","0,5742","0,5669",thumbnail_grossTrial,thumbnail_grossTrial.png,1245.0,1080.0,337.0,0.0,798.0,692.0,Fixation,650.0,89.0,1063.0,615.0,"0,5825","0,5691",,
29779,52241193,1400491512480,Eye Tracker,Participant0058,17.09.2021,Participant0058,Recording4,17.09.2021,17.09.2021,14:48:45.713,12:48:45.713,64514,Timeline2,Tobii I-VT (Fixation),1.145.28180,1080,1920,"10,00",720103915.0,,,1053.0,617.0,1048.0,623.0,1057.0,612.0,"0,10183","0,13324","-0,98584","-0,00587","0,12979","-0,99152",,,Valid,Valid,"233,9","100,5","516,6","292,9","99,8","516,8","287,3","170,4","289,8","167,4","0,5746","0,5715","0,5709","0,5764","0,5782","0,5665",thumbnail_grossTrial,thumbnail_grossTrial.png,1245.0,1080.0,337.0,0.0,798.0,692.0,Fixation,650.0,89.0,1063.0,615.0,"0,5825","0,5691",,
29780,52249523,1400491520810,Eye Tracker,Participant0058,17.09.2021,Participant0058,Recording4,17.09.2021,17.09.2021,14:48:45.713,12:48:45.713,64514,Timeline2,Tobii I-VT (Fixation),1.145.28180,1080,1920,"10,00",720112245.0,,,1056.0,614.0,1053.0,617.0,1059.0,612.0,"0,10416","0,13022","-0,98600","-0,00538","0,12967","-0,99154","4,52","4,30",Valid,Valid,"234,0","100,5","516,7","292,9","99,8","516,8","288,6","168,8","290,1","167,4","0,5768","0,5686","0,5745","0,5710","0,5791","0,5662",thumbnail_grossTrial,thumbnail_grossTrial.png,1245.0,1080.0,337.0,0.0,798.0,692.0,Fixation,650.0,89.0,1063.0,615.0,"0,5825","0,5691",,
29781,52257867,1400491529154,Eye Tracker,Participant0058,17.09.2021,Participant0058,Recording4,17.09.2021,17.09.2021,14:48:45.713,12:48:45.713,64514,Timeline2,Tobii I-VT (Fixation),1.145.28180,1080,1920,"10,00",720120589.0,,,1047.0,620.0,1060.0,619.0,1034.0,622.0,"0,10756","0,13120","-0,98550","-0,01827","0,13490","-0,99069",,,Valid,Valid,"234,0","100,5","516,6","292,9","99,8","516,7","290,4","169,3","283,4","170,2","0,5697","0,5743","0,5799","0,5729","0,5594","0,5757",thumbnail_grossTrial,thumbnail_grossTrial.png,1245.0,1080.0,337.0,0.0,798.0,692.0,Fixation,650.0,89.0,1063.0,615.0,"0,5825","0,5691",,
29782,52266223,1400491537510,Eye Tracker,Participant0058,17.09.2021,Participant0058,Recording4,17.09.2021,17.09.2021,14:48:45.713,12:48:45.713,64514,Timeline2,Tobii I-VT (Fixation),1.145.28180,1080,1920,"10,00",720128945.0,,,1057.0,621.0,1063.0,624.0,1051.0,618.0,"0,10957","0,13389","-0,98492","-0,00898","0,13301","-0,99107",,,Valid,Valid,"234,0","100,5","516,6","292,9","99,8","516,8","291,4","170,8","288,2","169,1","0,5782","0,5750","0,5830","0,5778","0,5734","0,5723",thumbnail_grossTrial,thumbnail_grossTrial.png,1245.0,1080.0,337.0,0.0,798.0,692.0,Fixation,650.0,89.0,1063.0,615.0,"0,5825","0,5691",,
29783,52274595,1400491545882,Eye Tracker,Participant0058,17.09.2021,Participant0058,Recording4,17.09.2021,17.09.2021,14:48:45.713,12:48:45.713,64514,Timeline2,Tobii I-VT (Fixation),1.145.28180,1080,1920,"10,00",720137317.0,,,1062.0,618.0,1064.0,626.0,1059.0,609.0,"0,10980","0,13507","-0,98473","-0,00506","0,12832","-0,99172","4,45","4,85",Valid,Valid,"234,0","100,5","516,7","292,9","99,7","516,8","291,6","171,4","290,3","166,6","0,5815","0,5718","0,5834","0,5798","0,5796","0,5637",thumbnail_grossTrial,thumbnail_grossTrial.png,1245.0,1080.0,337.0,0.0,798.0,692.0,Fixation,650.0,89.0,1063.0,615.0,"0,5825","0,5691",,
29784,52282888,1400491554175,Eye Tracker,Participant0058,17.09.2021,Participant0058,Recording4,17.09.2021,17.09.2021,14:48:45.713,12:48:45.713,64514,Timeline2,Tobii I-VT (Fixation),1.145.28180,1080,1920,"10,00",720145610.0,,,1063.0,606.0,1060.0,616.0,1066.0,597.0,"0,10804","0,12994","-0,98562","-0,00156","0,12204","-0,99252",,,Valid,Valid,"234,0","100,5","516,6","292,9","99,8","516,8","290,7","168,6","292,1","163,3","0,5828","0,5616","0,5807","0,5706","0,5850","0,5525",thumbnail_grossTrial,thumbnail_grossTrial.png,1245.0,1080.0,337.0,0.0,798.0,692.0,Fixation,650.0,89.0,1063.0,615.0,"0,5825","0,5691",,
29785,52291215,1400491562502,Eye Tracker,Participant0058,17.09.2021,Participant0058,Recording4,17.09.2021,17.09.2021,14:48:45.713,12:48:45.713,64514,Timeline2,Tobii I-VT (Fixation),1.145.28180,1080,1920,"10,00",720153937.0,,,1065.0,602.0,1056.0,616.0,1074.0,589.0,"0,10603","0,12989","-0,98584","0,00275","0,11793","-0,99302",,,Valid,Valid,"234,0","100,5","516,6","292,9","99,8","516,8","289,5","168,6","294,3","161,1","0,5844","0,5578","0,5774","0,5704","0,5914","0,5452",thumbnail_grossTrial,thumbnail_grossTrial.png,1245.0,1080.0,337.0,0.0,798.0,692.0,Fixation,650.0,89.0,1063.0,615.0,"0,5825","0,5691",,
29786,52299548,1400491570835,Eye Tracker,Participant0058,17.09.2021,Participant0058,Recording4,17.09.2021,17.09.2021,14:48:45.713,12:48:45.713,64514,Timeline2,Tobii I-VT (Fixation),1.145.28180,1080,1920,"10,00",720162270.0,,,1067.0,599.0,,,1067.0,599.0,,,,"-0,00121","0,12310","-0,99239",,"4,27",Invalid,Valid,,,,"292,9","99,7","516,8",,,"292,3","163,8","0,5855","0,5543",,,"0,5855","0,5543",thumbnail_grossTrial,thumbnail_grossTrial.png,1245.0,1080.0,337.0,0.0,798.0,692.0,Saccade,8.0,187.0,,,,,,
29787,52307860,1400491579147,Eye Tracker,Participant0058,17.09.2021,Participant0058,Recording4,17.09.2021,17.09.2021,14:48:45.713,12:48:45.713,64514,Timeline2,Tobii I-VT (Fixation),1.145.28180,1080,1920,"10,00",720170582.0,,,1050.0,624.0,1063.0,624.0,1037.0,624.0,"0,10925","0,13402","-0,98494","-0,01652","0,13617","-0,99055",,,Valid,Valid,"234,0","100,5","516,6","292,9","99,8","516,8","291,4","170,8","284,3","170,8","0,5724","0,5779","0,5827","0,5780","0,5621","0,5779",thumbnail_grossTrial,thumbnail_grossTrial.png,1245.0,1080.0,337.0,0.0,798.0,692.0,Unclassified,17.0,517.0,,,,,,
29788,52316217,1400491587504,Eye Tracker,Participant0058,17.09.2021,Participant0058,Recording4,17.09.2021,17.09.2021,14:48:45.713,12:48:45.713,64514,Timeline2,Tobii I-VT (Fixation),1.145.28180,1080,1920,"10,00",720178939.0,,,1049.0,624.0,1061.0,624.0,1037.0,624.0,"0,10822","0,13410","-0,98504","-0,01647","0,13616","-0,99055",,,Valid,Valid,"234,0","100,5","516,6","292,9","99,8","516,8","290,7","170,9","284,3","170,8","0,5715","0,5780","0,5809","0,5781","0,5621","0,5779",thumbnail_grossTrial,thumbnail_grossTrial.png,1245.0,1080.0,337.0,0.0,798.0,692.0,Unclassified,17.0,517.0,,,,,,
29789,52324518,1400491595805,Eye Tracker,Participant0058,17.09.2021,Participant0058,Recording4,17.09.2021,17.09.2021,14:48:45.713,12:48:45.713,64514,Timeline2,Tobii I-VT (Fixation),1.145.28180,1080,1920,"10,00",720187240.0,,,1059.0,622.0,1076.0,623.0,1043.0,622.0,"0,11596","0,13319","-0,98428","-0,01367","0,13501","-0,99075","4,41","4,63",Valid,Valid,"234,0","100,5","516,7","292,9","99,7","516,8","294,9","170,4","285,8","170,2","0,5798","0,5762","0,5930","0,5766","0,5665","0,5757",thumbnail_grossTrial,thumbnail_grossTrial.png,1245.0,1080.0,337.0,0.0,798.0,692.0,Saccade,8.0,188.0,,,,,,
29790,52332885,1400491604172,Eye Tracker,Participant0058,17.09.2021,Participant0058,Recording4,17.09.2021,17.09.2021,14:48:45.713,12:48:45.713,64514,Timeline2,Tobii I-VT (Fixation),1.145.28180,1080,1920,"10,00",720195607.0,,,1069.0,616.0,1076.0,623.0,1061.0,610.0,"0,11589","0,13315","-0,98430","-0,00387","0,12871","-0,99167",,,Valid,Valid,"234,0","100,5","516,6","292,9","99,8","516,7","294,9","170,4","290,9","166,8","0,5873","0,5705","0,5930","0,5766","0,5815","0,5645",thumbnail_grossTrial,thumbnail_grossTrial.png,1245.0,1080.0,337.0,0.0,798.0,692.0,Unclassified,33.0,518.0,,,,,,
29791,52341220,1400491612507,Eye Tracker,Participant0058,17.09.2021,Participant0058,Recording4,17.09.2021,17.09.2021,14:48:45.713,12:48:45.713,64514,Timeline2,Tobii I-VT (Fixation),1.145.28180,1080,1920,"10,00",720203942.0,,,1076.0,616.0,1085.0,629.0,1067.0,603.0,"0,12089","0,13620","-0,98328","-0,00098","0,12514","-0,99214",,,Valid,Valid,"234,0","100,5","516,6","292,9","99,8","516,8","297,5","172,1","292,4","165,0","0,5932","0,5702","0,6007","0,5823","0,5857","0,5581",thumbnail_grossTrial,thumbnail_grossTrial.png,1245.0,1080.0,337.0,0.0,798.0,692.0,Unclassified,33.0,518.0,,,,,,
29792,52349537,1400491620824,Eye Tracker,Participant0058,17.09.2021,Participant0058,Recording4,17.09.2021,17.09.2021,14:48:45.713,12:48:45.713,64514,Timeline2,Tobii I-VT (Fixation),1.145.28180,1080,1920,"10,00",720212259.0,,,1060.0,616.0,1055.0,629.0,1065.0,603.0,"0,10498","0,13663","-0,98504","-0,00180","0,12539","-0,99211","4,20","4,60",Valid,Valid,"234,0","100,5","516,6","292,9","99,7","516,8","289,0","172,2","292,0","165,1","0,5803","0,5705","0,5760","0,5826","0,5846","0,5585",thumbnail_grossTrial,thumbnail_grossTrial.png,1245.0,1080.0,337.0,0.0,798.0,692.0,Unclassified,33.0,518.0,,,,,,
29793,52357852,1400491629139,Eye Tracker,Participant0058,17.09.2021,Participant0058,Recording4,17.09.2021,17.09.2021,14:48:45.713,12:48:45.713,64514,Timeline2,Tobii I-VT (Fixation),1.145.28180,1080,1920,"10,00",720220574.0,,,1065.0,620.0,1062.0,634.0,1067.0,606.0,"0,10876","0,13920","-0,98427","-0,00085","0,12669","-0,99194",,,Valid,Valid,"234,0","100,6","516,5","292,9","99,8","516,7","291,1","173,6","292,5","165,8","0,5840","0,5741","0,5820","0,5874","0,5860","0,5608",thumbnail_grossTrial,thumbnail_grossTrial.png,1245.0,1080.0,337.0,0.0,798.0,692.0,Unclassified,33.0,518.0,,,,,,
29794,52366181,1400491637468,Eye Tracker,Participant0058,17.09.2021,Participant0058,Recording4,17.09.2021,17.09.2021,14:48:45.713,12:48:45.713,64514,Timeline2,Tobii I-VT (Fixation),1.145.28180,1080,1920,"10,00",720228903.0,,,1056.0,611.0,1057.0,619.0,1054.0,603.0,"0,10627","0,13135","-0,98562","-0,00731","0,12551","-0,99207",,,Valid,Valid,"233,9","100,5","516,4","292,8","99,7","516,7","289,6","169,3","289,0","165,1","0,5767","0,5657","0,5777","0,5729","0,5758","0,5585",thumbnail_grossTrial,thumbnail_grossTrial.png,1245.0,1080.0,337.0,0.0,798.0,692.0,Saccade,50.0,189.0,,,,,,
29795,52374549,1400491645836,Eye Tracker,Participant0058,17.09.2021,Participant0058,Recording4,17.09.2021,17.09.2021,14:48:45.713,12:48:45.713,64514,Timeline2,Tobii I-VT (Fixation),1.145.28180,1080,1920,"10,00",720237271.0,,,1050.0,581.0,,,1050.0,581.0,,,,"-0,00983","0,11440","-0,99339",,"4,61",Invalid,Valid,,,,"292,8","99,6","516,7",,,"287,7","159,1","0,5720","0,5383",,,"0,5720","0,5383",thumbnail_grossTrial,thumbnail_grossTrial.png,1245.0,1080.0,337.0,0.0,798.0,692.0,Saccade,50.0,189.0,,,,,,
29796,52382852,1400491654139,Eye Tracker,Participant0058,17.09.2021,Participant0058,Recording4,17.09.2021,17.09.2021,14:48:45.713,12:48:45.713,64514,Timeline2,Tobii I-VT (Fixation),1.145.28180,1080,1920,"10,00",720245574.0,,,1046.0,567.0,1054.0,588.0,1038.0,545.0,"0,10519","0,11599","-0,98767","-0,01593","0,09554","-0,99530",,,Valid,Valid,"234,0","100,4","516,3","292,7","99,5","516,6","288,9","161,0","284,5","149,1","0,5691","0,5246","0,5757","0,5447","0,5626","0,5046",thumbnail_grossTrial,thumbnail_grossTrial.png,1245.0,1080.0,337.0,0.0,798.0,692.0,Saccade,50.0,189.0,,,,,,
29797,52391176,1400491662463,Eye Tracker,Participant0058,17.09.2021,Participant0058,Recording4,17.09.2021,17.09.2021,14:48:45.713,12:48:45.713,64514,Timeline2,Tobii I-VT (Fixation),1.145.28180,1080,1920,"10,00",720253899.0,,,1025.0,485.0,1017.0,477.0,1033.0,492.0,"0,08614","0,05829","-0,99458","-0,01856","0,06806","-0,99751",,,Valid,Valid,"233,9","100,4","516,0","292,6","99,5","516,4","278,6","130,6","283,0","134,7","0,5519","0,4489","0,5455","0,4419","0,5584","0,4559",thumbnail_grossTrial,thumbnail_grossTrial.png,1245.0,1080.0,337.0,0.0,798.0,692.0,Saccade,50.0,189.0,,,,,,
29798,52399513,1400491670800,Eye Tracker,Participant0058,17.09.2021,Participant0058,Recording4,17.09.2021,17.09.2021,14:48:45.713,12:48:45.713,64514,Timeline2,Tobii I-VT (Fixation),1.145.28180,1080,1920,"10,00",720262235.0,,,1029.0,462.0,1023.0,468.0,1035.0,456.0,"0,08946","0,05319","-0,99457","-0,01733","0,04895","-0,99865","4,55","4,71",Valid,Valid,"234,0","100,4","515,9","292,7","99,5","516,4","280,4","128,0","283,7","124,8","0,5555","0,4276","0,5507","0,4330","0,5603","0,4222",thumbnail_grossTrial,thumbnail_grossTrial.png,1245.0,1080.0,337.0,0.0,798.0,692.0,Saccade,50.0,189.0,,,,,,
29799,52407881,1400491679168,Eye Tracker,Participant0058,17.09.2021,Participant0058,Recording4,17.09.2021,17.09.2021,14:48:45.713,12:48:45.713,64514,Timeline2,Tobii I-VT (Fixation),1.145.28180,1080,1920,"10,00",720270603.0,,,1013.0,446.0,1016.0,444.0,1011.0,448.0,"0,08574","0,04092","-0,99548","-0,03019","0,04457","-0,99855",,,Valid,Valid,"234,1","100,4","515,7","292,7","99,5","516,3","278,5","121,6","277,0","122,5","0,5429","0,4131","0,5450","0,4115","0,5408","0,4146",thumbnail_grossTrial,thumbnail_grossTrial.png,1245.0,1080.0,337.0,0.0,798.0,692.0,Saccade,50.0,189.0,,,,,,
29800,52416214,1400491687501,Eye Tracker,Participant0058,17.09.2021,Participant0058,Recording4,17.09.2021,17.09.2021,14:48:45.713,12:48:45.713,64514,Timeline2,Tobii I-VT (Fixation),1.145.28180,1080,1920,"10,00",720278936.0,,,1012.0,437.0,1013.0,426.0,1011.0,448.0,"0,08426","0,03132","-0,99595","-0,03005","0,04451","-0,99856",,,Valid,Valid,"234,0","100,5","515,7","292,6","99,5","516,3","277,6","116,7","277,0","122,5","0,5417","0,4047","0,5425","0,3948","0,5408","0,4146",thumbnail_grossTrial,thumbnail_grossTrial.png,1245.0,1080.0,337.0,0.0,798.0,692.0,Unclassified,8.0,519.0,,,,,,
29801,52424616,1400491695903,Eye Tracker,Participant0058,17.09.2021,Participant0058,Recording4,17.09.2021,17.09.2021,14:48:45.713,12:48:45.713,64514,Timeline2,Tobii I-VT (Fixation),1.145.28180,1080,1920,"10,00",720287339.0,,,1005.0,438.0,1009.0,426.0,1001.0,450.0,"0,08233","0,03130","-0,99611","-0,03555","0,04562","-0,99833","4,59","4,27",Valid,Valid,"234,0","100,4","515,9","292,7","99,4","516,4","276,6","116,6","274,3","123,0","0,5362","0,4054","0,5396","0,3945","0,5327","0,4163",thumbnail_grossTrial,thumbnail_grossTrial.png,1245.0,1080.0,337.0,0.0,798.0,692.0,Saccade,17.0,190.0,,,,,,
29802,52432847,1400491704134,Eye Tracker,Participant0058,17.09.2021,Participant0058,Recording4,17.09.2021,17.09.2021,14:48:45.713,12:48:45.713,64514,Timeline2,Tobii I-VT (Fixation),1.145.28180,1080,1920,"10,00",720295569.0,,,1023.0,425.0,1015.0,423.0,1032.0,426.0,"0,08517","0,02986","-0,99592","-0,01898","0,03330","-0,99927",,,Valid,Valid,"234,0","100,4","515,8","292,7","99,5","516,3","278,1","115,9","282,8","116,7","0,5510","0,3934","0,5441","0,3921","0,5578","0,3948",thumbnail_grossTrial,thumbnail_grossTrial.png,1245.0,1080.0,337.0,0.0,798.0,692.0,Saccade,17.0,190.0,,,,,,
29803,52441225,1400491712512,Eye Tracker,Participant0058,17.09.2021,Participant0058,Recording4,17.09.2021,17.09.2021,14:48:45.713,12:48:45.713,64514,Timeline2,Tobii I-VT (Fixation),1.145.28180,1080,1920,"10,00",720303947.0,,,1028.0,419.0,1016.0,424.0,1040.0,414.0,"0,08596","0,03019","-0,99584","-0,01490","0,02667","-0,99953",,,Valid,Valid,"234,0","100,4","515,8","292,6","99,5","516,3","278,5","116,1","284,9","113,3","0,5545","0,3880","0,5450","0,3927","0,5639","0,3833",thumbnail_grossTrial,thumbnail_grossTrial.png,1245.0,1080.0,337.0,0.0,798.0,692.0,Unclassified,8.0,520.0,,,,,,
29804,52449555,1400491720842,Eye Tracker,Participant0058,17.09.2021,Participant0058,Recording4,17.09.2021,17.09.2021,14:48:45.713,12:48:45.713,64514,Timeline2,Tobii I-VT (Fixation),1.145.28180,1080,1920,"10,00",720312278.0,,,1039.0,414.0,,,1039.0,414.0,,,,"-0,01499","0,02689","-0,99953",,"4,26",Invalid,Valid,,,,"292,6","99,4","516,3",,,"284,9","113,3","0,5638","0,3833",,,"0,5638","0,3833",thumbnail_grossTrial,thumbnail_grossTrial.png,1245.0,1080.0,337.0,0.0,798.0,692.0,Saccade,17.0,191.0,,,,,,
29805,52457836,1400491729123,Eye Tracker,Participant0058,17.09.2021,Participant0058,Recording4,17.09.2021,17.09.2021,14:48:45.713,12:48:45.713,64514,Timeline2,Tobii I-VT (Fixation),1.145.28180,1080,1920,"10,00",720320558.0,,,1009.0,451.0,1013.0,423.0,1006.0,480.0,"0,08426","0,02951","-0,99601","-0,03285","0,06159","-0,99756",,,Valid,Valid,"234,0","100,4","515,7","292,7","99,5","516,2","277,6","115,7","275,7","131,4","0,5397","0,4180","0,5426","0,3915","0,5368","0,4444",thumbnail_grossTrial,thumbnail_grossTrial.png,1245.0,1080.0,337.0,0.0,798.0,692.0,Saccade,17.0,191.0,,,,,,
29806,52466211,1400491737498,Eye Tracker,Participant0058,17.09.2021,Participant0058,Recording4,17.09.2021,17.09.2021,14:48:45.713,12:48:45.713,64514,Timeline2,Tobii I-VT (Fixation),1.145.28180,1080,1920,"10,00",720328933.0,,,1010.0,453.0,1015.0,426.0,1006.0,480.0,"0,08549","0,03137","-0,99584","-0,03280","0,06156","-0,99756",,,Valid,Valid,"233,9","100,4","515,7","292,6","99,5","516,3","278,2","116,7","275,7","131,4","0,5405","0,4196","0,5442","0,3948","0,5368","0,4445",thumbnail_grossTrial,thumbnail_grossTrial.png,1245.0,1080.0,337.0,0.0,798.0,692.0,Unclassified,8.0,521.0,,,,,,
29807,52474527,1400491745814,Eye Tracker,Participant0058,17.09.2021,Participant0058,Recording4,17.09.2021,17.09.2021,14:48:45.713,12:48:45.713,64514,Timeline2,Tobii I-VT (Fixation),1.145.28180,1080,1920,"10,00",720337249.0,,,1006.0,474.0,,,1006.0,474.0,,,,"-0,03257","0,05862","-0,99775",,"4,26",Invalid,Valid,,,,"292,6","99,4","516,3",,,"275,8","129,7","0,5372","0,4389",,,"0,5372","0,4389",thumbnail_grossTrial,thumbnail_grossTrial.png,1245.0,1080.0,337.0,0.0,798.0,692.0,Saccade,17.0,192.0,,,,,,
29808,52482841,1400491754128,Eye Tracker,Participant0058,17.09.2021,Participant0058,Recording4,17.09.2021,17.09.2021,14:48:45.713,12:48:45.713,64514,Timeline2,Tobii I-VT (Fixation),1.145.28180,1080,1920,"10,00",720345564.0,,,1013.0,432.0,1010.0,416.0,1016.0,448.0,"0,08276","0,02596","-0,99623","-0,02730","0,04490","-0,99862",,,Valid,Valid,"234,0","100,4","515,6","292,7","99,5","516,2","276,8","113,9","278,6","122,7","0,5428","0,4002","0,5402","0,3853","0,5453","0,4151",thumbnail_grossTrial,thumbnail_grossTrial.png,1245.0,1080.0,337.0,0.0,798.0,692.0,Saccade,17.0,192.0,,,,,,
29809,52491224,1400491762511,Eye Tracker,Participant0058,17.09.2021,Participant0058,Recording4,17.09.2021,17.09.2021,14:48:45.713,12:48:45.713,64514,Timeline2,Tobii I-VT (Fixation),1.145.28180,1080,1920,"10,00",720353946.0,,,1009.0,429.0,1000.0,412.0,1018.0,445.0,"0,07740","0,02387","-0,99671","-0,02613","0,04332","-0,99872",,,Valid,Valid,"233,9","100,5","515,6","292,6","99,5","516,3","274,0","112,8","279,1","121,9","0,5394","0,3970","0,5318","0,3817","0,5470","0,4123",thumbnail_grossTrial,thumbnail_grossTrial.png,1245.0,1080.0,337.0,0.0,798.0,692.0,Unclassified,42.0,522.0,,,,,,
29810,52499522,1400491770809,Eye Tracker,Participant0058,17.09.2021,Participant0058,Recording4,17.09.2021,17.09.2021,14:48:45.713,12:48:45.713,64514,Timeline2,Tobii I-VT (Fixation),1.145.28180,1080,1920,"10,00",720362244.0,,,1014.0,444.0,,,1014.0,444.0,,,,"-0,02874","0,04272","-0,99867",,"4,28",Invalid,Valid,,,,"292,7","99,4","516,4",,,"277,8","121,5","0,5431","0,4109",,,"0,5431","0,4109",thumbnail_grossTrial,thumbnail_grossTrial.png,1245.0,1080.0,337.0,0.0,798.0,692.0,Unclassified,42.0,522.0,,,,,,
29811,52507906,1400491779193,Eye Tracker,Participant0058,17.09.2021,Participant0058,Recording4,17.09.2021,17.09.2021,14:48:45.713,12:48:45.713,64514,Timeline2,Tobii I-VT (Fixation),1.145.28180,1080,1920,"10,00",720370629.0,,,1013.0,432.0,1012.0,425.0,1014.0,440.0,"0,08355","0,03048","-0,99604","-0,02874","0,04072","-0,99876",,,Valid,Valid,"234,0","100,5","515,6","292,7","99,4","516,4","277,2","116,2","277,8","120,5","0,5423","0,4004","0,5414","0,3933","0,5432","0,4076",thumbnail_grossTrial,thumbnail_grossTrial.png,1245.0,1080.0,337.0,0.0,798.0,692.0,Unclassified,42.0,522.0,,,,,,
29812,52516185,1400491787472,Eye Tracker,Participant0058,17.09.2021,Participant0058,Recording4,17.09.2021,17.09.2021,14:48:45.713,12:48:45.713,64514,Timeline2,Tobii I-VT (Fixation),1.145.28180,1080,1920,"10,00",720378908.0,,,1018.0,430.0,1014.0,420.0,1021.0,441.0,"0,08492","0,02780","-0,99600","-0,02469","0,04095","-0,99886",,,Valid,Valid,"233,9","100,5","515,6","292,7","99,4","516,4","277,9","114,9","279,9","120,6","0,5463","0,3983","0,5433","0,3886","0,5492","0,4080",thumbnail_grossTrial,thumbnail_grossTrial.png,1245.0,1080.0,337.0,0.0,798.0,692.0,Unclassified,42.0,522.0,,,,,,
29813,52524522,1400491795809,Eye Tracker,Participant0058,17.09.2021,Participant0058,Recording4,17.09.2021,17.09.2021,14:48:45.713,12:48:45.713,64514,Timeline2,Tobii I-VT (Fixation),1.145.28180,1080,1920,"10,00",720387244.0,,,1022.0,435.0,,,1022.0,435.0,,,,"-0,02442","0,03789","-0,99898",,"4,30",Invalid,Valid,,,,"292,7","99,3","516,5",,,"280,1","118,9","0,5498","0,4024",,,"0,5498","0,4024",thumbnail_grossTrial,thumbnail_grossTrial.png,1245.0,1080.0,337.0,0.0,798.0,692.0,Unclassified,42.0,522.0,,,,,,
29814,52532935,1400491804222,Eye Tracker,Participant0058,17.09.2021,Participant0058,Recording4,17.09.2021,17.09.2021,14:48:45.713,12:48:45.713,64514,Timeline2,Tobii I-VT (Fixation),1.145.28180,1080,1920,"10,00",720395657.0,,,1009.0,419.0,998.0,404.0,1019.0,433.0,"0,07642","0,01967","-0,99688","-0,02580","0,03696","-0,99898",,,Valid,Valid,"234,0","100,5","515,5","292,7","99,4","516,5","273,5","110,7","279,4","118,5","0,5391","0,3877","0,5305","0,3744","0,5477","0,4009",thumbnail_grossTrial,thumbnail_grossTrial.png,1245.0,1080.0,337.0,0.0,798.0,692.0,Saccade,8.0,193.0,,,,,,
29815,52541189,1400491812476,Eye Tracker,Participant0058,17.09.2021,Participant0058,Recording4,17.09.2021,17.09.2021,14:48:45.713,12:48:45.713,64514,Timeline2,Tobii I-VT (Fixation),1.145.28180,1080,1920,"10,00",720403912.0,,,1007.0,408.0,1000.0,388.0,1014.0,429.0,"0,07759","0,01105","-0,99692","-0,02831","0,03476","-0,99899",,,Valid,Valid,"233,9","100,5","515,5","292,7","99,4","516,6","274,1","106,2","278,0","117,3","0,5379","0,3782","0,5321","0,3594","0,5437","0,3970",thumbnail_grossTrial,thumbnail_grossTrial.png,1245.0,1080.0,337.0,0.0,798.0,692.0,Unclassified,8.0,523.0,,,,,,
29816,52549575,1400491820862,Eye Tracker,Participant0058,17.09.2021,Participant0058,Recording4,17.09.2021,17.09.2021,14:48:45.713,12:48:45.713,64514,Timeline2,Tobii I-VT (Fixation),1.145.28180,1080,1920,"10,00",720412297.0,,,1015.0,429.0,,,1015.0,429.0,,,,"-0,02840","0,03479","-0,99899",,"4,30",Invalid,Valid,,,,"292,7","99,3","516,7",,,"278,0","117,3","0,5438","0,3969",,,"0,5438","0,3969",thumbnail_grossTrial,thumbnail_grossTrial.png,1245.0,1080.0,337.0,0.0,798.0,692.0,Saccade,17.0,194.0,,,,,,
29817,52557912,1400491829199,Eye Tracker,Participant0058,17.09.2021,Participant0058,Recording4,17.09.2021,17.09.2021,14:48:45.713,12:48:45.713,64514,Timeline2,Tobii I-VT (Fixation),1.145.28180,1080,1920,"10,00",720420634.0,,,1004.0,429.0,1011.0,407.0,997.0,451.0,"0,08350","0,02079","-0,99629","-0,03791","0,04648","-0,99820",,,Valid,Valid,"234,0","100,5","515,5","292,7","99,3","516,7","277,2","111,3","273,1","123,4","0,5353","0,3970","0,5412","0,3765","0,5293","0,4175",thumbnail_grossTrial,thumbnail_grossTrial.png,1245.0,1080.0,337.0,0.0,798.0,692.0,Saccade,17.0,194.0,,,,,,
29818,52566188,1400491837475,Eye Tracker,Participant0058,17.09.2021,Participant0058,Recording4,17.09.2021,17.09.2021,14:48:45.713,12:48:45.713,64514,Timeline2,Tobii I-VT (Fixation),1.145.28180,1080,1920,"10,00",720428910.0,,,1006.0,436.0,1015.0,421.0,997.0,451.0,"0,08529","0,02816","-0,99596","-0,03780","0,04648","-0,99820",,,Valid,Valid,"233,9","100,5","515,5","292,7","99,3","516,7","278,1","115,1","273,1","123,4","0,5366","0,4035","0,5438","0,3895","0,5293","0,4175",thumbnail_grossTrial,thumbnail_grossTrial.png,1245.0,1080.0,337.0,0.0,798.0,692.0,Fixation,283.0,90.0,1018.0,420.0,"0,5468","0,3885",,
29819,52574567,1400491845854,Eye Tracker,Participant0058,17.09.2021,Participant0058,Recording4,17.09.2021,17.09.2021,14:48:45.713,12:48:45.713,64514,Timeline2,Tobii I-VT (Fixation),1.145.28180,1080,1920,"10,00",720437290.0,,,999.0,448.0,,,999.0,448.0,,,,"-0,03686","0,04513","-0,99830",,"4,29",Invalid,Valid,,,,"292,7","99,3","516,8",,,"273,7","122,7","0,5309","0,4150",,,"0,5309","0,4150",thumbnail_grossTrial,thumbnail_grossTrial.png,1245.0,1080.0,337.0,0.0,798.0,692.0,Fixation,283.0,90.0,1018.0,420.0,"0,5468","0,3885",,
29820,52582849,1400491854136,Eye Tracker,Participant0058,17.09.2021,Participant0058,Recording4,17.09.2021,17.09.2021,14:48:45.713,12:48:45.713,64514,Timeline2,Tobii I-VT (Fixation),1.145.28180,1080,1920,"10,00",720445572.0,,,1023.0,420.0,1023.0,417.0,1022.0,423.0,"0,08957","0,02626","-0,99563","-0,02424","0,03153","-0,99921",,,Valid,Valid,"234,0","100,6","515,5","292,8","99,3","516,7","280,3","114,2","280,2","115,6","0,5503","0,3887","0,5505","0,3862","0,5501","0,3912",thumbnail_grossTrial,thumbnail_grossTrial.png,1245.0,1080.0,337.0,0.0,798.0,692.0,Fixation,283.0,90.0,1018.0,420.0,"0,5468","0,3885",,
29821,52591181,1400491862468,Eye Tracker,Participant0058,17.09.2021,Participant0058,Recording4,17.09.2021,17.09.2021,14:48:45.713,12:48:45.713,64514,Timeline2,Tobii I-VT (Fixation),1.145.28180,1080,1920,"10,00",720453903.0,,,1011.0,424.0,1009.0,422.0,1013.0,425.0,"0,08236","0,02882","-0,99619","-0,02911","0,03294","-0,99903",,,Valid,Valid,"233,9","100,6","515,5","292,7","99,3","516,8","276,6","115,5","277,7","116,4","0,5410","0,3922","0,5394","0,3907","0,5427","0,3938",thumbnail_grossTrial,thumbnail_grossTrial.png,1245.0,1080.0,337.0,0.0,798.0,692.0,Fixation,283.0,90.0,1018.0,420.0,"0,5468","0,3885",,
29822,52599516,1400491870803,Eye Tracker,Participant0058,17.09.2021,Participant0058,Recording4,17.09.2021,17.09.2021,14:48:45.713,12:48:45.713,64514,Timeline2,Tobii I-VT (Fixation),1.145.28180,1080,1920,"10,00",720462239.0,,,1019.0,425.0,,,1019.0,425.0,,,,"-0,02624","0,03287","-0,99912",,"4,30",Invalid,Valid,,,,"292,8","99,3","516,8",,,"279,2","116,3","0,5471","0,3935",,,"0,5471","0,3935",thumbnail_grossTrial,thumbnail_grossTrial.png,1245.0,1080.0,337.0,0.0,798.0,692.0,Fixation,283.0,90.0,1018.0,420.0,"0,5468","0,3885",,
29823,52607857,1400491879144,Eye Tracker,Participant0058,17.09.2021,Participant0058,Recording4,17.09.2021,17.09.2021,14:48:45.713,12:48:45.713,64514,Timeline2,Tobii I-VT (Fixation),1.145.28180,1080,1920,"10,00",720470579.0,,,1003.0,419.0,991.0,409.0,1016.0,429.0,"0,07254","0,02199","-0,99712","-0,02771","0,03477","-0,99901",,,Valid,Valid,"234,0","100,5","515,5","292,8","99,3","516,7","271,5","111,9","278,4","117,3","0,5347","0,3878","0,5246","0,3787","0,5449","0,3970",thumbnail_grossTrial,thumbnail_grossTrial.png,1245.0,1080.0,337.0,0.0,798.0,692.0,Fixation,283.0,90.0,1018.0,420.0,"0,5468","0,3885",,
29824,52616158,1400491887445,Eye Tracker,Participant0058,17.09.2021,Participant0058,Recording4,17.09.2021,17.09.2021,14:48:45.713,12:48:45.713,64514,Timeline2,Tobii I-VT (Fixation),1.145.28180,1080,1920,"10,00",720478881.0,,,1032.0,428.0,1044.0,433.0,1020.0,422.0,"0,10075","0,03466","-0,99431","-0,02558","0,03130","-0,99918",,,Valid,Valid,"233,9","100,5","515,6","292,7","99,4","516,8","286,2","118,5","279,5","115,6","0,5578","0,3960","0,5676","0,4010","0,5480","0,3910",thumbnail_grossTrial,thumbnail_grossTrial.png,1245.0,1080.0,337.0,0.0,798.0,692.0,Fixation,283.0,90.0,1018.0,420.0,"0,5468","0,3885",,
29825,52624517,1400491895804,Eye Tracker,Participant0058,17.09.2021,Participant0058,Recording4,17.09.2021,17.09.2021,14:48:45.713,12:48:45.713,64514,Timeline2,Tobii I-VT (Fixation),1.145.28180,1080,1920,"10,00",720487239.0,,,1025.0,418.0,,,1025.0,418.0,,,,"-0,02296","0,02905","-0,99931",,"4,74",Invalid,Valid,,,,"292,8","99,3","516,8",,,"280,9","114,3","0,5521","0,3869",,,"0,5521","0,3869",thumbnail_grossTrial,thumbnail_grossTrial.png,1245.0,1080.0,337.0,0.0,798.0,692.0,Fixation,283.0,90.0,1018.0,420.0,"0,5468","0,3885",,
29826,52632859,1400491904146,Eye Tracker,Participant0058,17.09.2021,Participant0058,Recording4,17.09.2021,17.09.2021,14:48:45.713,12:48:45.713,64514,Timeline2,Tobii I-VT (Fixation),1.145.28180,1080,1920,"10,00",720495582.0,,,1022.0,421.0,1017.0,424.0,1026.0,418.0,"0,08654","0,02986","-0,99580","-0,02238","0,02929","-0,99932",,,Valid,Valid,"234,0","100,5","515,6","292,8","99,4","516,7","278,8","116,0","281,2","114,5","0,5494","0,3899","0,5459","0,3924","0,5529","0,3874",thumbnail_grossTrial,thumbnail_grossTrial.png,1245.0,1080.0,337.0,0.0,798.0,692.0,Fixation,283.0,90.0,1018.0,420.0,"0,5468","0,3885",,
29827,52641147,1400491912434,Eye Tracker,Participant0058,17.09.2021,Participant0058,Recording4,17.09.2021,17.09.2021,14:48:45.713,12:48:45.713,64514,Timeline2,Tobii I-VT (Fixation),1.145.28180,1080,1920,"10,00",720503870.0,,,1021.0,409.0,1012.0,403.0,1029.0,416.0,"0,08416","0,01871","-0,99628","-0,02074","0,02809","-0,99939",,,Valid,Valid,"233,9","100,5","515,7","292,7","99,4","516,7","277,5","110,2","282,0","113,9","0,5487","0,3790","0,5421","0,3728","0,5553","0,3853",thumbnail_grossTrial,thumbnail_grossTrial.png,1245.0,1080.0,337.0,0.0,798.0,692.0,Fixation,283.0,90.0,1018.0,420.0,"0,5468","0,3885",,
29828,52649562,1400491920849,Eye Tracker,Participant0058,17.09.2021,Participant0058,Recording4,17.09.2021,17.09.2021,14:48:45.713,12:48:45.713,64514,Timeline2,Tobii I-VT (Fixation),1.145.28180,1080,1920,"10,00",720512284.0,,,1011.0,425.0,,,1011.0,425.0,,,,"-0,03011","0,03291","-0,99900",,"4,76",Invalid,Valid,,,,"292,8","99,3","516,7",,,"277,2","116,3","0,5412","0,3936",,,"0,5412","0,3936",thumbnail_grossTrial,thumbnail_grossTrial.png,1245.0,1080.0,337.0,0.0,798.0,692.0,Fixation,283.0,90.0,1018.0,420.0,"0,5468","0,3885",,
29829,52657846,1400491929133,Eye Tracker,Participant0058,17.09.2021,Participant0058,Recording4,17.09.2021,17.09.2021,14:48:45.713,12:48:45.713,64514,Timeline2,Tobii I-VT (Fixation),1.145.28180,1080,1920,"10,00",720520569.0,,,1006.0,417.0,1010.0,404.0,1002.0,429.0,"0,08276","0,01963","-0,99638","-0,03508","0,03515","-0,99877",,,Valid,Valid,"234,0","100,4","515,7","292,8","99,3","516,7","276,8","110,6","274,6","117,5","0,5369","0,3859","0,5401","0,3742","0,5337","0,3976",thumbnail_grossTrial,thumbnail_grossTrial.png,1245.0,1080.0,337.0,0.0,798.0,692.0,Fixation,283.0,90.0,1018.0,420.0,"0,5468","0,3885",,
29830,52666158,1400491937445,Eye Tracker,Participant0058,17.09.2021,Participant0058,Recording4,17.09.2021,17.09.2021,14:48:45.713,12:48:45.713,64514,Timeline2,Tobii I-VT (Fixation),1.145.28180,1080,1920,"10,00",720528880.0,,,1019.0,411.0,1017.0,401.0,1021.0,422.0,"0,08650","0,01782","-0,99609","-0,02505","0,03106","-0,99920",,,Valid,Valid,"233,9","100,4","515,8","292,7","99,3","516,7","278,7","109,7","279,7","115,4","0,5472","0,3807","0,5457","0,3710","0,5488","0,3905",thumbnail_grossTrial,thumbnail_grossTrial.png,1245.0,1080.0,337.0,0.0,798.0,692.0,Fixation,283.0,90.0,1018.0,420.0,"0,5468","0,3885",,
29831,52674477,1400491945764,Eye Tracker,Participant0058,17.09.2021,Participant0058,Recording4,17.09.2021,17.09.2021,14:48:45.713,12:48:45.713,64514,Timeline2,Tobii I-VT (Fixation),1.145.28180,1080,1920,"10,00",720537200.0,,,1020.0,424.0,,,1020.0,424.0,,,,"-0,02537","0,03228","-0,99916",,"4,60",Invalid,Valid,,,,"292,8","99,3","516,7",,,"279,6","116,0","0,5484","0,3924",,,"0,5484","0,3924",thumbnail_grossTrial,thumbnail_grossTrial.png,1245.0,1080.0,337.0,0.0,798.0,692.0,Fixation,283.0,90.0,1018.0,420.0,"0,5468","0,3885",,
29832,52682843,1400491954130,Eye Tracker,Participant0058,17.09.2021,Participant0058,Recording4,17.09.2021,17.09.2021,14:48:45.713,12:48:45.713,64514,Timeline2,Tobii I-VT (Fixation),1.145.28180,1080,1920,"10,00",720545565.0,,,1018.0,410.0,1015.0,401.0,1021.0,420.0,"0,08559","0,01813","-0,99617","-0,02512","0,03008","-0,99923",,,Valid,Valid,"234,0","100,4","515,9","292,8","99,3","516,7","278,3","109,8","279,8","114,9","0,5466","0,3800","0,5444","0,3713","0,5488","0,3886",thumbnail_grossTrial,thumbnail_grossTrial.png,1245.0,1080.0,337.0,0.0,798.0,692.0,Fixation,283.0,90.0,1018.0,420.0,"0,5468","0,3885",,
29833,52691171,1400491962458,Eye Tracker,Participant0058,17.09.2021,Participant0058,Recording4,17.09.2021,17.09.2021,14:48:45.713,12:48:45.713,64514,Timeline2,Tobii I-VT (Fixation),1.145.28180,1080,1920,"10,00",720553894.0,,,1015.0,415.0,1010.0,409.0,1020.0,421.0,"0,08261","0,02239","-0,99633","-0,02525","0,03102","-0,99920",,,Valid,Valid,"233,9","100,3","516,0","292,7","99,3","516,8","276,7","111,9","279,6","115,3","0,5441","0,3845","0,5398","0,3787","0,5485","0,3903",thumbnail_grossTrial,thumbnail_grossTrial.png,1245.0,1080.0,337.0,0.0,798.0,692.0,Fixation,283.0,90.0,1018.0,420.0,"0,5468","0,3885",,
29834,52699472,1400491970759,Eye Tracker,Participant0058,17.09.2021,Participant0058,Recording4,17.09.2021,17.09.2021,14:48:45.713,12:48:45.713,64514,Timeline2,Tobii I-VT (Fixation),1.145.28180,1080,1920,"10,00",720562195.0,,,1026.0,414.0,,,1026.0,414.0,,,,"-0,02219","0,02725","-0,99938",,"5,74",Invalid,Valid,,,,"292,8","99,2","516,8",,,"281,3","113,3","0,5533","0,3834",,,"0,5533","0,3834",thumbnail_grossTrial,thumbnail_grossTrial.png,1245.0,1080.0,337.0,0.0,798.0,692.0,Fixation,283.0,90.0,1018.0,420.0,"0,5468","0,3885",,
29835,52707891,1400491979178,Eye Tracker,Participant0058,17.09.2021,Participant0058,Recording4,17.09.2021,17.09.2021,14:48:45.713,12:48:45.713,64514,Timeline2,Tobii I-VT (Fixation),1.145.28180,1080,1920,"10,00",720570614.0,,,1010.0,405.0,988.0,395.0,1032.0,416.0,"0,07097","0,01492","-0,99737","-0,01906","0,02793","-0,99943",,,Valid,Valid,"234,0","100,3","516,1","292,8","99,3","516,7","270,7","108,0","282,9","113,7","0,5401","0,3750","0,5222","0,3653","0,5581","0,3847",thumbnail_grossTrial,thumbnail_grossTrial.png,1245.0,1080.0,337.0,0.0,798.0,692.0,Fixation,283.0,90.0,1018.0,420.0,"0,5468","0,3885",,
29836,52716137,1400491987424,Eye Tracker,Participant0058,17.09.2021,Participant0058,Recording4,17.09.2021,17.09.2021,14:48:45.713,12:48:45.713,64514,Timeline2,Tobii I-VT (Fixation),1.145.28180,1080,1920,"10,00",720578860.0,,,1015.0,404.0,992.0,397.0,1038.0,411.0,"0,07342","0,01641","-0,99717","-0,01613","0,02539","-0,99955",,,Valid,Valid,"233,9","100,2","516,2","292,7","99,3","516,8","271,9","108,7","284,4","112,4","0,5441","0,3741","0,5258","0,3679","0,5623","0,3804",thumbnail_grossTrial,thumbnail_grossTrial.png,1245.0,1080.0,337.0,0.0,798.0,692.0,Fixation,283.0,90.0,1018.0,420.0,"0,5468","0,3885",,
29837,52724534,1400491995821,Eye Tracker,Participant0058,17.09.2021,Participant0058,Recording4,17.09.2021,17.09.2021,14:48:45.713,12:48:45.713,64514,Timeline2,Tobii I-VT (Fixation),1.145.28180,1080,1920,"10,00",720587256.0,,,1031.0,417.0,,,1031.0,417.0,,,,"-0,01964","0,02857","-0,99940",,"4,67",Invalid,Valid,,,,"292,8","99,3","516,8",,,"282,6","114,0","0,5572","0,3858",,,"0,5572","0,3858",thumbnail_grossTrial,thumbnail_grossTrial.png,1245.0,1080.0,337.0,0.0,798.0,692.0,Fixation,283.0,90.0,1018.0,420.0,"0,5468","0,3885",,
29838,52732831,1400492004118,Eye Tracker,Participant0058,17.09.2021,Participant0058,Recording4,17.09.2021,17.09.2021,14:48:45.713,12:48:45.713,64514,Timeline2,Tobii I-VT (Fixation),1.145.28180,1080,1920,"10,00",720595554.0,,,1020.0,419.0,1010.0,417.0,1030.0,422.0,"0,08276","0,02692","-0,99621","-0,02010","0,03102","-0,99932",,,Valid,Valid,"234,0","100,2","516,4","292,8","99,3","516,7","276,9","114,1","282,4","115,4","0,5484","0,3882","0,5404","0,3861","0,5565","0,3903",thumbnail_grossTrial,thumbnail_grossTrial.png,1245.0,1080.0,337.0,0.0,798.0,692.0,Fixation,283.0,90.0,1018.0,420.0,"0,5468","0,3885",,
29839,52741188,1400492012475,Eye Tracker,Participant0058,17.09.2021,Participant0058,Recording4,17.09.2021,17.09.2021,14:48:45.713,12:48:45.713,64514,Timeline2,Tobii I-VT (Fixation),1.145.28180,1080,1920,"10,00",720603911.0,,,1018.0,417.0,1009.0,409.0,1028.0,424.0,"0,08213","0,02272","-0,99636","-0,02132","0,03227","-0,99925",,,Valid,Valid,"233,9","100,1","516,5","292,7","99,4","516,7","276,5","111,9","281,7","116,1","0,5469","0,3857","0,5392","0,3787","0,5545","0,3927",thumbnail_grossTrial,thumbnail_grossTrial.png,1245.0,1080.0,337.0,0.0,798.0,692.0,Fixation,283.0,90.0,1018.0,420.0,"0,5468","0,3885",,
29840,52749496,1400492020783,Eye Tracker,Participant0058,17.09.2021,Participant0058,Recording4,17.09.2021,17.09.2021,14:48:45.713,12:48:45.713,64514,Timeline2,Tobii I-VT (Fixation),1.145.28180,1080,1920,"10,00",720612219.0,,,1026.0,423.0,,,1026.0,423.0,,,,"-0,02223","0,03184","-0,99925",,"4,25",Invalid,Valid,,,,"292,8","99,4","516,6",,,"281,3","115,8","0,5533","0,3919",,,"0,5533","0,3919",thumbnail_grossTrial,thumbnail_grossTrial.png,1245.0,1080.0,337.0,0.0,798.0,692.0,Fixation,283.0,90.0,1018.0,420.0,"0,5468","0,3885",,
29841,52757828,1400492029115,Eye Tracker,Participant0058,17.09.2021,Participant0058,Recording4,17.09.2021,17.09.2021,14:48:45.713,12:48:45.713,64514,Timeline2,Tobii I-VT (Fixation),1.145.28180,1080,1920,"10,00",720620551.0,,,1020.0,414.0,1010.0,407.0,1030.0,421.0,"0,08235","0,02156","-0,99637","-0,02047","0,03077","-0,99932",,,Valid,Valid,"234,0","100,1","516,6","292,8","99,4","516,5","276,7","111,3","282,2","115,3","0,5479","0,3833","0,5398","0,3764","0,5560","0,3902",thumbnail_grossTrial,thumbnail_grossTrial.png,1245.0,1080.0,337.0,0.0,798.0,692.0,Fixation,283.0,90.0,1018.0,420.0,"0,5468","0,3885",,
29842,52766166,1400492037453,Eye Tracker,Participant0058,17.09.2021,Participant0058,Recording4,17.09.2021,17.09.2021,14:48:45.713,12:48:45.713,64514,Timeline2,Tobii I-VT (Fixation),1.145.28180,1080,1920,"10,00",720628889.0,,,1025.0,422.0,1010.0,425.0,1040.0,420.0,"0,08275","0,03129","-0,99608","-0,01491","0,02985","-0,99944",,,Valid,Valid,"233,9","100,0","516,8","292,7","99,5","516,4","276,8","116,3","285,0","114,9","0,5522","0,3911","0,5402","0,3934","0,5642","0,3888",thumbnail_grossTrial,thumbnail_grossTrial.png,1245.0,1080.0,337.0,0.0,798.0,692.0,Fixation,283.0,90.0,1018.0,420.0,"0,5468","0,3885",,
29843,52774540,1400492045827,Eye Tracker,Participant0058,17.09.2021,Participant0058,Recording4,17.09.2021,17.09.2021,14:48:45.713,12:48:45.713,64514,Timeline2,Tobii I-VT (Fixation),1.145.28180,1080,1920,"10,00",720637263.0,,,1041.0,421.0,,,1041.0,421.0,,,,"-0,01438","0,03047","-0,99943",,"4,69",Invalid,Valid,,,,"292,8","99,5","516,4",,,"285,3","115,2","0,5651","0,3899",,,"0,5651","0,3899",thumbnail_grossTrial,thumbnail_grossTrial.png,1245.0,1080.0,337.0,0.0,798.0,692.0,Fixation,283.0,90.0,1018.0,420.0,"0,5468","0,3885",,
29844,52782876,1400492054163,Eye Tracker,Participant0058,17.09.2021,Participant0058,Recording4,17.09.2021,17.09.2021,14:48:45.713,12:48:45.713,64514,Timeline2,Tobii I-VT (Fixation),1.145.28180,1080,1920,"10,00",720645598.0,,,1023.0,422.0,1008.0,425.0,1038.0,419.0,"0,08152","0,03130","-0,99618","-0,01595","0,02918","-0,99945",,,Valid,Valid,"233,9","100,0","516,9","292,7","99,6","516,2","276,2","116,2","284,5","114,6","0,5506","0,3906","0,5385","0,3933","0,5627","0,3878",thumbnail_grossTrial,thumbnail_grossTrial.png,1245.0,1080.0,337.0,0.0,798.0,692.0,Fixation,283.0,90.0,1018.0,420.0,"0,5468","0,3885",,
29845,52791129,1400492062416,Eye Tracker,Participant0058,17.09.2021,Participant0058,Recording4,17.09.2021,17.09.2021,14:48:45.713,12:48:45.713,64514,Timeline2,Tobii I-VT (Fixation),1.145.28180,1080,1920,"10,00",720653852.0,,,1018.0,416.0,1010.0,410.0,1027.0,423.0,"0,08286","0,02337","-0,99629","-0,02195","0,03153","-0,99926",,,Valid,Valid,"233,9","99,9","517,1","292,7","99,6","516,2","276,9","112,1","281,3","115,9","0,5469","0,3856","0,5403","0,3792","0,5534","0,3921",thumbnail_grossTrial,thumbnail_grossTrial.png,1245.0,1080.0,337.0,0.0,798.0,692.0,Fixation,283.0,90.0,1018.0,420.0,"0,5468","0,3885",,
29846,52799569,1400492070856,Eye Tracker,Participant0058,17.09.2021,Participant0058,Recording4,17.09.2021,17.09.2021,14:48:45.713,12:48:45.713,64514,Timeline2,Tobii I-VT (Fixation),1.145.28180,1080,1920,"10,00",720662292.0,,,1026.0,423.0,,,1026.0,423.0,,,,"-0,02217","0,03158","-0,99926",,"4,72",Invalid,Valid,,,,"292,7","99,6","516,2",,,"281,3","115,9","0,5532","0,3920",,,"0,5532","0,3920",thumbnail_grossTrial,thumbnail_grossTrial.png,1245.0,1080.0,337.0,0.0,798.0,692.0,Fixation,283.0,90.0,1018.0,420.0,"0,5468","0,3885",,
29847,52807833,1400492079120,Eye Tracker,Participant0058,17.09.2021,Participant0058,Recording4,17.09.2021,17.09.2021,14:48:45.713,12:48:45.713,64514,Timeline2,Tobii I-VT (Fixation),1.145.28180,1080,1920,"10,00",720670556.0,,,1022.0,423.0,1018.0,418.0,1027.0,428.0,"0,08665","0,02820","-0,99584","-0,02168","0,03371","-0,99920",,,Valid,Valid,"233,9","99,9","517,2","292,7","99,6","516,1","278,9","114,5","281,5","117,0","0,5502","0,3917","0,5464","0,3874","0,5539","0,3959",thumbnail_grossTrial,thumbnail_grossTrial.png,1245.0,1080.0,337.0,0.0,798.0,692.0,Fixation,283.0,90.0,1018.0,420.0,"0,5468","0,3885",,
29848,52816156,1400492087443,Eye Tracker,Participant0058,17.09.2021,Participant0058,Recording4,17.09.2021,17.09.2021,14:48:45.713,12:48:45.713,64514,Timeline2,Tobii I-VT (Fixation),1.145.28180,1080,1920,"10,00",720678879.0,,,1022.0,429.0,1013.0,435.0,1032.0,423.0,"0,08433","0,03686","-0,99576","-0,01916","0,03124","-0,99933",,,Valid,Valid,"233,9","99,8","517,3","292,7","99,6","516,1","277,7","119,0","282,8","115,7","0,5501","0,3971","0,5426","0,4026","0,5576","0,3916",thumbnail_grossTrial,thumbnail_grossTrial.png,1245.0,1080.0,337.0,0.0,798.0,692.0,Fixation,283.0,90.0,1018.0,420.0,"0,5468","0,3885",,
29849,52824458,1400492095745,Eye Tracker,Participant0058,17.09.2021,Participant0058,Recording4,17.09.2021,17.09.2021,14:48:45.713,12:48:45.713,64514,Timeline2,Tobii I-VT (Fixation),1.145.28180,1080,1920,"10,00",720687181.0,,,1031.0,423.0,,,1031.0,423.0,,,,"-0,01942","0,03137","-0,99932",,"4,70",Invalid,Valid,,,,"292,7","99,6","516,1",,,"282,7","115,8","0,5573","0,3917",,,"0,5573","0,3917",thumbnail_grossTrial,thumbnail_grossTrial.png,1245.0,1080.0,337.0,0.0,798.0,692.0,Fixation,283.0,90.0,1018.0,420.0,"0,5468","0,3885",,
29850,52832801,1400492104088,Eye Tracker,Participant0058,17.09.2021,Participant0058,Recording4,17.09.2021,17.09.2021,14:48:45.713,12:48:45.713,64514,Timeline2,Tobii I-VT (Fixation),1.145.28180,1080,1920,"10,00",720695524.0,,,1014.0,418.0,998.0,416.0,1029.0,420.0,"0,07621","0,02710","-0,99672","-0,02057","0,02968","-0,99935",,,Valid,Valid,"233,9","99,8","517,4","292,7","99,6","516,0","273,5","113,8","282,1","114,9","0,5430","0,3870","0,5304","0,3851","0,5556","0,3888",thumbnail_grossTrial,thumbnail_grossTrial.png,1245.0,1080.0,337.0,0.0,798.0,692.0,Fixation,283.0,90.0,1018.0,420.0,"0,5468","0,3885",,
29851,52841132,1400492112419,Eye Tracker,Participant0058,17.09.2021,Participant0058,Recording4,17.09.2021,17.09.2021,14:48:45.713,12:48:45.713,64514,Timeline2,Tobii I-VT (Fixation),1.145.28180,1080,1920,"10,00",720703854.0,,,1015.0,416.0,1000.0,407.0,1030.0,424.0,"0,07774","0,02262","-0,99672","-0,01988","0,03178","-0,99930",,,Valid,Valid,"233,8","99,7","517,4","292,6","99,6","516,1","274,2","111,5","282,4","116,0","0,5444","0,3848","0,5325","0,3772","0,5564","0,3924",thumbnail_grossTrial,thumbnail_grossTrial.png,1245.0,1080.0,337.0,0.0,798.0,692.0,Fixation,283.0,90.0,1018.0,420.0,"0,5468","0,3885",,
29852,52849461,1400492120748,Eye Tracker,Participant0058,17.09.2021,Participant0058,Recording4,17.09.2021,17.09.2021,14:48:45.713,12:48:45.713,64514,Timeline2,Tobii I-VT (Fixation),1.145.28180,1080,1920,"10,00",720712184.0,,,1008.0,423.0,991.0,422.0,1024.0,425.0,"0,07291","0,03028","-0,99688","-0,02300","0,03244","-0,99921","4,23","4,24",Valid,Valid,"233,8","99,7","517,4","292,5","99,5","516,1","271,6","115,4","280,7","116,2","0,5382","0,3918","0,5249","0,3904","0,5514","0,3932",thumbnail_grossTrial,thumbnail_grossTrial.png,1245.0,1080.0,337.0,0.0,798.0,692.0,Saccade,25.0,195.0,,,,,,
29853,52857790,1400492129077,Eye Tracker,Participant0058,17.09.2021,Participant0058,Recording4,17.09.2021,17.09.2021,14:48:45.713,12:48:45.713,64514,Timeline2,Tobii I-VT (Fixation),1.145.28180,1080,1920,"10,00",720720513.0,,,979.0,420.0,973.0,417.0,986.0,423.0,"0,06362","0,02761","-0,99759","-0,04327","0,03154","-0,99857",,,Valid,Valid,"233,7","99,7","517,3","292,5","99,5","516,0","266,7","114,0","270,1","115,8","0,5156","0,3887","0,5106","0,3857","0,5205","0,3918",thumbnail_grossTrial,thumbnail_grossTrial.png,1245.0,1080.0,337.0,0.0,798.0,692.0,Saccade,25.0,195.0,,,,,,
29854,52866152,1400492137439,Eye Tracker,Participant0058,17.09.2021,Participant0058,Recording4,17.09.2021,17.09.2021,14:48:45.713,12:48:45.713,64514,Timeline2,Tobii I-VT (Fixation),1.145.28180,1080,1920,"10,00",720728875.0,,,942.0,406.0,940.0,403.0,943.0,409.0,"0,04650","0,02033","-0,99871","-0,06582","0,02414","-0,99754",,,Valid,Valid,"233,7","99,7","517,3","292,4","99,5","516,1","257,7","110,2","258,4","112,0","0,4852","0,3758","0,4843","0,3729","0,4861","0,3788",thumbnail_grossTrial,thumbnail_grossTrial.png,1245.0,1080.0,337.0,0.0,798.0,692.0,Saccade,25.0,195.0,,,,,,
29855,52874453,1400492145740,Eye Tracker,Participant0058,17.09.2021,Participant0058,Recording4,17.09.2021,17.09.2021,14:48:45.713,12:48:45.713,64514,Timeline2,Tobii I-VT (Fixation),1.145.28180,1080,1920,"10,00",720737176.0,,,928.0,404.0,940.0,391.0,917.0,416.0,"0,04600","0,01439","-0,99884","-0,07967","0,02781","-0,99643","4,62","4,24",Valid,Valid,"233,7","99,6","517,4","292,5","99,4","516,1","257,5","107,1","251,2","113,8","0,4744","0,3737","0,4836","0,3623","0,4651","0,3851",thumbnail_grossTrial,thumbnail_grossTrial.png,1245.0,1080.0,337.0,0.0,798.0,692.0,Fixation,433.0,91.0,945.0,401.0,"0,4881","0,3712",,
29856,52882791,1400492154078,Eye Tracker,Participant0058,17.09.2021,Participant0058,Recording4,17.09.2021,17.09.2021,14:48:45.713,12:48:45.713,64514,Timeline2,Tobii I-VT (Fixation),1.145.28180,1080,1920,"10,00",720745514.0,,,947.0,392.0,947.0,391.0,948.0,394.0,"0,04994","0,01409","-0,99865","-0,06330","0,01603","-0,99787",,,Valid,Valid,"233,7","99,7","517,3","292,5","99,4","516,1","259,6","107,0","259,7","107,7","0,4899","0,3632","0,4897","0,3619","0,4901","0,3645",thumbnail_grossTrial,thumbnail_grossTrial.png,1245.0,1080.0,337.0,0.0,798.0,692.0,Fixation,433.0,91.0,945.0,401.0,"0,4881","0,3712",,
29857,52891204,1400492162491,Eye Tracker,Participant0058,17.09.2021,Participant0058,Recording4,17.09.2021,17.09.2021,14:48:45.713,12:48:45.713,64514,Timeline2,Tobii I-VT (Fixation),1.145.28180,1080,1920,"10,00",720753927.0,,,955.0,392.0,952.0,397.0,958.0,387.0,"0,05251","0,01713","-0,99847","-0,05794","0,01260","-0,99824",,,Valid,Valid,"233,7","99,7","517,3","292,4","99,4","516,2","260,9","108,6","262,5","106,0","0,4958","0,3629","0,4934","0,3673","0,4981","0,3585",thumbnail_grossTrial,thumbnail_grossTrial.png,1245.0,1080.0,337.0,0.0,798.0,692.0,Fixation,433.0,91.0,945.0,401.0,"0,4881","0,3712",,
29858,52899483,1400492170770,Eye Tracker,Participant0058,17.09.2021,Participant0058,Recording4,17.09.2021,17.09.2021,14:48:45.713,12:48:45.713,64514,Timeline2,Tobii I-VT (Fixation),1.145.28180,1080,1920,"10,00",720762206.0,,,953.0,397.0,950.0,402.0,956.0,391.0,"0,05142","0,02000","-0,99848","-0,05888","0,01476","-0,99816","4,61","4,66",Valid,Valid,"233,7","99,6","517,4","292,5","99,4","516,2","260,3","110,0","262,0","107,0","0,4944","0,3672","0,4919","0,3722","0,4968","0,3621",thumbnail_grossTrial,thumbnail_grossTrial.png,1245.0,1080.0,337.0,0.0,798.0,692.0,Fixation,433.0,91.0,945.0,401.0,"0,4881","0,3712",,
29859,52907813,1400492179100,Eye Tracker,Participant0058,17.09.2021,Participant0058,Recording4,17.09.2021,17.09.2021,14:48:45.713,12:48:45.713,64514,Timeline2,Tobii I-VT (Fixation),1.145.28180,1080,1920,"10,00",720770536.0,,,952.0,392.0,950.0,401.0,955.0,383.0,"0,05123","0,01931","-0,99850","-0,05964","0,01015","-0,99817",,,Valid,Valid,"233,7","99,7","517,3","292,5","99,4","516,1","260,3","109,7","261,7","104,7","0,4937","0,3627","0,4917","0,3712","0,4957","0,3542",thumbnail_grossTrial,thumbnail_grossTrial.png,1245.0,1080.0,337.0,0.0,798.0,692.0,Fixation,433.0,91.0,945.0,401.0,"0,4881","0,3712",,
29860,52916216,1400492187503,Eye Tracker,Participant0058,17.09.2021,Participant0058,Recording4,17.09.2021,17.09.2021,14:48:45.713,12:48:45.713,64514,Timeline2,Tobii I-VT (Fixation),1.145.28180,1080,1920,"10,00",720778939.0,,,951.0,394.0,950.0,402.0,952.0,385.0,"0,05147","0,01989","-0,99848","-0,06082","0,01157","-0,99808",,,Valid,Valid,"233,7","99,7","517,3","292,4","99,5","516,2","260,3","110,0","261,0","105,4","0,4928","0,3645","0,4918","0,3723","0,4938","0,3568",thumbnail_grossTrial,thumbnail_grossTrial.png,1245.0,1080.0,337.0,0.0,798.0,692.0,Fixation,433.0,91.0,945.0,401.0,"0,4881","0,3712",,
29861,52924554,1400492195841,Eye Tracker,Participant0058,17.09.2021,Participant0058,Recording4,17.09.2021,17.09.2021,14:48:45.713,12:48:45.713,64514,Timeline2,Tobii I-VT (Fixation),1.145.28180,1080,1920,"10,00",720787277.0,,,947.0,397.0,948.0,406.0,946.0,388.0,"0,05055","0,02179","-0,99848","-0,06415","0,01285","-0,99786","4,47","4,19",Valid,Valid,"233,7","99,7","517,3","292,5","99,4","516,2","259,9","111,0","259,3","106,1","0,4897","0,3672","0,4905","0,3755","0,4888","0,3589",thumbnail_grossTrial,thumbnail_grossTrial.png,1245.0,1080.0,337.0,0.0,798.0,692.0,Fixation,433.0,91.0,945.0,401.0,"0,4881","0,3712",,
29862,52932795,1400492204082,Eye Tracker,Participant0058,17.09.2021,Participant0058,Recording4,17.09.2021,17.09.2021,14:48:45.713,12:48:45.713,64514,Timeline2,Tobii I-VT (Fixation),1.145.28180,1080,1920,"10,00",720795518.0,,,945.0,401.0,947.0,406.0,943.0,396.0,"0,04960","0,02171","-0,99853","-0,06604","0,01690","-0,99767",,,Valid,Valid,"233,7","99,8","517,2","292,5","99,5","516,1","259,4","111,0","258,3","108,3","0,4876","0,3710","0,4892","0,3757","0,4860","0,3663",thumbnail_grossTrial,thumbnail_grossTrial.png,1245.0,1080.0,337.0,0.0,798.0,692.0,Fixation,433.0,91.0,945.0,401.0,"0,4881","0,3712",,
29863,52941157,1400492212444,Eye Tracker,Participant0058,17.09.2021,Participant0058,Recording4,17.09.2021,17.09.2021,14:48:45.713,12:48:45.713,64514,Timeline2,Tobii I-VT (Fixation),1.145.28180,1080,1920,"10,00",720803880.0,,,940.0,403.0,941.0,402.0,938.0,404.0,"0,04703","0,01986","-0,99870","-0,06841","0,02155","-0,99742",,,Valid,Valid,"233,7","99,8","517,1","292,4","99,5","516,0","258,0","110,1","257,0","110,7","0,4836","0,3735","0,4850","0,3725","0,4821","0,3745",thumbnail_grossTrial,thumbnail_grossTrial.png,1245.0,1080.0,337.0,0.0,798.0,692.0,Fixation,433.0,91.0,945.0,401.0,"0,4881","0,3712",,
29864,52949444,1400492220731,Eye Tracker,Participant0058,17.09.2021,Participant0058,Recording4,17.09.2021,17.09.2021,14:48:45.713,12:48:45.713,64514,Timeline2,Tobii I-VT (Fixation),1.145.28180,1080,1920,"10,00",720812167.0,,,940.0,409.0,941.0,407.0,939.0,411.0,"0,04669","0,02231","-0,99866","-0,06802","0,02508","-0,99737","4,21","4,20",Valid,Valid,"233,7","99,8","517,1","292,4","99,5","516,0","257,8","111,3","257,3","112,5","0,4837","0,3786","0,4846","0,3767","0,4829","0,3805",thumbnail_grossTrial,thumbnail_grossTrial.png,1245.0,1080.0,337.0,0.0,798.0,692.0,Fixation,433.0,91.0,945.0,401.0,"0,4881","0,3712",,
29865,52957807,1400492229094,Eye Tracker,Participant0058,17.09.2021,Participant0058,Recording4,17.09.2021,17.09.2021,14:48:45.713,12:48:45.713,64514,Timeline2,Tobii I-VT (Fixation),1.145.28180,1080,1920,"10,00",720820530.0,,,941.0,408.0,942.0,410.0,939.0,406.0,"0,04747","0,02386","-0,99859","-0,06775","0,02219","-0,99746",,,Valid,Valid,"233,7","99,9","516,9","292,5","99,6","515,9","258,3","112,2","257,4","111,1","0,4846","0,3778","0,4859","0,3798","0,4834","0,3758",thumbnail_grossTrial,thumbnail_grossTrial.png,1245.0,1080.0,337.0,0.0,798.0,692.0,Fixation,433.0,91.0,945.0,401.0,"0,4881","0,3712",,
29866,52966112,1400492237399,Eye Tracker,Participant0058,17.09.2021,Participant0058,Recording4,17.09.2021,17.09.2021,14:48:45.713,12:48:45.713,64514,Timeline2,Tobii I-VT (Fixation),1.145.28180,1080,1920,"10,00",720828835.0,,,940.0,406.0,942.0,400.0,937.0,412.0,"0,04752","0,01813","-0,99871","-0,06886","0,02520","-0,99731",,,Valid,Valid,"233,7","100,0","516,8","292,4","99,6","515,8","258,3","109,4","256,8","112,6","0,4836","0,3756","0,4858","0,3700","0,4814","0,3811",thumbnail_grossTrial,thumbnail_grossTrial.png,1245.0,1080.0,337.0,0.0,798.0,692.0,Fixation,433.0,91.0,945.0,401.0,"0,4881","0,3712",,
29867,52974442,1400492245729,Eye Tracker,Participant0058,17.09.2021,Participant0058,Recording4,17.09.2021,17.09.2021,14:48:45.713,12:48:45.713,64514,Timeline2,Tobii I-VT (Fixation),1.145.28180,1080,1920,"10,00",720837165.0,,,939.0,404.0,941.0,399.0,937.0,409.0,"0,04702","0,01799","-0,99873","-0,06906","0,02366","-0,99733","4,23","4,16",Valid,Valid,"233,7","100,0","516,7","292,4","99,6","515,8","258,0","109,3","256,7","111,8","0,4832","0,3740","0,4851","0,3697","0,4813","0,3783",thumbnail_grossTrial,thumbnail_grossTrial.png,1245.0,1080.0,337.0,0.0,798.0,692.0,Fixation,433.0,91.0,945.0,401.0,"0,4881","0,3712",,
29868,52982775,1400492254062,Eye Tracker,Participant0058,17.09.2021,Participant0058,Recording4,17.09.2021,17.09.2021,14:48:45.713,12:48:45.713,64514,Timeline2,Tobii I-VT (Fixation),1.145.28180,1080,1920,"10,00",720845498.0,,,938.0,407.0,940.0,397.0,937.0,417.0,"0,04611","0,01643","-0,99880","-0,06914","0,02766","-0,99722",,,Valid,Valid,"233,7","100,1","516,5","292,4","99,7","515,6","257,6","108,6","256,7","114,0","0,4825","0,3765","0,4838","0,3674","0,4812","0,3857",thumbnail_grossTrial,thumbnail_grossTrial.png,1245.0,1080.0,337.0,0.0,798.0,692.0,Fixation,433.0,91.0,945.0,401.0,"0,4881","0,3712",,
29869,52991138,1400492262425,Eye Tracker,Participant0058,17.09.2021,Participant0058,Recording4,17.09.2021,17.09.2021,14:48:45.713,12:48:45.713,64514,Timeline2,Tobii I-VT (Fixation),1.145.28180,1080,1920,"10,00",720853861.0,,,940.0,411.0,942.0,413.0,938.0,410.0,"0,04727","0,02511","-0,99857","-0,06838","0,02386","-0,99737",,,Valid,Valid,"233,7","100,1","516,3","292,4","99,7","515,6","258,1","113,1","257,0","112,1","0,4838","0,3810","0,4853","0,3827","0,4822","0,3792",thumbnail_grossTrial,thumbnail_grossTrial.png,1245.0,1080.0,337.0,0.0,798.0,692.0,Fixation,433.0,91.0,945.0,401.0,"0,4881","0,3712",,
29870,52999439,1400492270726,Eye Tracker,Participant0058,17.09.2021,Participant0058,Recording4,17.09.2021,17.09.2021,14:48:45.713,12:48:45.713,64514,Timeline2,Tobii I-VT (Fixation),1.145.28180,1080,1920,"10,00",720862162.0,,,942.0,410.0,945.0,408.0,939.0,411.0,"0,04913","0,02216","-0,99855","-0,06768","0,02491","-0,99740","4,59","4,17",Valid,Valid,"233,7","100,1","516,3","292,4","99,7","515,5","259,1","111,6","257,4","112,6","0,4858","0,3792","0,4883","0,3776","0,4834","0,3808",thumbnail_grossTrial,thumbnail_grossTrial.png,1245.0,1080.0,337.0,0.0,798.0,692.0,Fixation,433.0,91.0,945.0,401.0,"0,4881","0,3712",,
29871,53007802,1400492279089,Eye Tracker,Participant0058,17.09.2021,Participant0058,Recording4,17.09.2021,17.09.2021,14:48:45.713,12:48:45.713,64514,Timeline2,Tobii I-VT (Fixation),1.145.28180,1080,1920,"10,00",720870525.0,,,945.0,407.0,949.0,408.0,941.0,406.0,"0,05106","0,02186","-0,99846","-0,06703","0,02194","-0,99751",,,Valid,Valid,"233,7","100,2","516,1","292,4","99,8","515,3","260,1","111,5","257,8","111,1","0,4879","0,3767","0,4913","0,3773","0,4844","0,3760",thumbnail_grossTrial,thumbnail_grossTrial.png,1245.0,1080.0,337.0,0.0,798.0,692.0,Fixation,433.0,91.0,945.0,401.0,"0,4881","0,3712",,
29872,53016106,1400492287393,Eye Tracker,Participant0058,17.09.2021,Participant0058,Recording4,17.09.2021,17.09.2021,14:48:45.713,12:48:45.713,64514,Timeline2,Tobii I-VT (Fixation),1.145.28180,1080,1920,"10,00",720878829.0,,,943.0,402.0,948.0,400.0,938.0,403.0,"0,05076","0,01785","-0,99855","-0,06834","0,02025","-0,99746",,,Valid,Valid,"233,7","100,3","516,0","292,4","99,9","515,2","259,9","109,5","257,1","110,3","0,4865","0,3718","0,4906","0,3704","0,4823","0,3733",thumbnail_grossTrial,thumbnail_grossTrial.png,1245.0,1080.0,337.0,0.0,798.0,692.0,Fixation,433.0,91.0,945.0,401.0,"0,4881","0,3712",,
29873,53024436,1400492295723,Eye Tracker,Participant0058,17.09.2021,Participant0058,Recording4,17.09.2021,17.09.2021,14:48:45.713,12:48:45.713,64514,Timeline2,Tobii I-VT (Fixation),1.145.28180,1080,1920,"10,00",720887159.0,,,945.0,399.0,950.0,395.0,940.0,403.0,"0,05179","0,01497","-0,99855","-0,06736","0,02029","-0,99752","4,45","4,53",Valid,Valid,"233,7","100,3","516,0","292,4","99,8","515,2","260,5","108,0","257,6","110,3","0,4881","0,3693","0,4923","0,3654","0,4839","0,3733",thumbnail_grossTrial,thumbnail_grossTrial.png,1245.0,1080.0,337.0,0.0,798.0,692.0,Fixation,433.0,91.0,945.0,401.0,"0,4881","0,3712",,
29874,53032853,1400492304140,Eye Tracker,Participant0058,17.09.2021,Participant0058,Recording4,17.09.2021,17.09.2021,14:48:45.713,12:48:45.713,64514,Timeline2,Tobii I-VT (Fixation),1.145.28180,1080,1920,"10,00",720895576.0,,,941.0,399.0,945.0,395.0,937.0,404.0,"0,04865","0,01519","-0,99870","-0,06869","0,02031","-0,99743",,,Valid,Valid,"233,8","100,3","515,8","292,4","99,9","515,0","258,9","108,2","256,9","110,4","0,4848","0,3698","0,4876","0,3660","0,4819","0,3736",thumbnail_grossTrial,thumbnail_grossTrial.png,1245.0,1080.0,337.0,0.0,798.0,692.0,Fixation,433.0,91.0,945.0,401.0,"0,4881","0,3712",,
29875,53041104,1400492312391,Eye Tracker,Participant0058,17.09.2021,Participant0058,Recording4,17.09.2021,17.09.2021,14:48:45.713,12:48:45.713,64514,Timeline2,Tobii I-VT (Fixation),1.145.28180,1080,1920,"10,00",720903827.0,,,941.0,402.0,942.0,400.0,941.0,405.0,"0,04752","0,01751","-0,99872","-0,06694","0,02095","-0,99754",,,Valid,Valid,"233,7","100,3","515,8","292,3","100,0","514,9","258,3","109,4","257,8","110,8","0,4851","0,3725","0,4858","0,3701","0,4844","0,3749",thumbnail_grossTrial,thumbnail_grossTrial.png,1245.0,1080.0,337.0,0.0,798.0,692.0,Fixation,433.0,91.0,945.0,401.0,"0,4881","0,3712",,
29876,53049462,1400492320749,Eye Tracker,Participant0058,17.09.2021,Participant0058,Recording4,17.09.2021,17.09.2021,14:48:45.713,12:48:45.713,64514,Timeline2,Tobii I-VT (Fixation),1.145.28180,1080,1920,"10,00",720912185.0,,,941.0,402.0,944.0,395.0,938.0,409.0,"0,04844","0,01515","-0,99871","-0,06859","0,02331","-0,99737","4,55","4,15",Valid,Valid,"233,7","100,3","515,8","292,4","100,0","514,8","258,8","108,2","257,0","112,0","0,4847","0,3724","0,4872","0,3660","0,4821","0,3789",thumbnail_grossTrial,thumbnail_grossTrial.png,1245.0,1080.0,337.0,0.0,798.0,692.0,Fixation,433.0,91.0,945.0,401.0,"0,4881","0,3712",,
29877,53057769,1400492329056,Eye Tracker,Participant0058,17.09.2021,Participant0058,Recording4,17.09.2021,17.09.2021,14:48:45.713,12:48:45.713,64514,Timeline2,Tobii I-VT (Fixation),1.145.28180,1080,1920,"10,00",720920492.0,,,944.0,407.0,946.0,395.0,941.0,419.0,"0,04933","0,01473","-0,99867","-0,06667","0,02830","-0,99737",,,Valid,Valid,"233,8","100,4","515,7","292,4","100,1","514,7","259,2","108,0","258,0","114,7","0,4868","0,3767","0,4887","0,3653","0,4850","0,3880",thumbnail_grossTrial,thumbnail_grossTrial.png,1245.0,1080.0,337.0,0.0,798.0,692.0,Fixation,433.0,91.0,945.0,401.0,"0,4881","0,3712",,
29878,53066101,1400492337388,Eye Tracker,Participant0058,17.09.2021,Participant0058,Recording4,17.09.2021,17.09.2021,14:48:45.713,12:48:45.713,64514,Timeline2,Tobii I-VT (Fixation),1.145.28180,1080,1920,"10,00",720928824.0,,,944.0,403.0,944.0,390.0,944.0,416.0,"0,04865","0,01226","-0,99874","-0,06536","0,02692","-0,99750",,,Valid,Valid,"233,7","100,4","515,7","292,3","100,1","514,6","258,8","106,7","258,6","114,0","0,4871","0,3733","0,4875","0,3611","0,4868","0,3856",thumbnail_grossTrial,thumbnail_grossTrial.png,1245.0,1080.0,337.0,0.0,798.0,692.0,Fixation,433.0,91.0,945.0,401.0,"0,4881","0,3712",,
29879,53074431,1400492345718,Eye Tracker,Participant0058,17.09.2021,Participant0058,Recording4,17.09.2021,17.09.2021,14:48:45.713,12:48:45.713,64514,Timeline2,Tobii I-VT (Fixation),1.145.28180,1080,1920,"10,00",720937154.0,,,941.0,408.0,944.0,393.0,937.0,424.0,"0,04860","0,01369","-0,99872","-0,06904","0,03101","-0,99713","4,41","4,52",Valid,Valid,"233,7","100,4","515,7","292,3","100,1","514,6","258,8","107,4","256,7","116,1","0,4844","0,3781","0,4875","0,3635","0,4813","0,3927",thumbnail_grossTrial,thumbnail_grossTrial.png,1245.0,1080.0,337.0,0.0,798.0,692.0,Fixation,433.0,91.0,945.0,401.0,"0,4881","0,3712",,
29880,53082799,1400492354086,Eye Tracker,Participant0058,17.09.2021,Participant0058,Recording4,17.09.2021,17.09.2021,14:48:45.713,12:48:45.713,64514,Timeline2,Tobii I-VT (Fixation),1.145.28180,1080,1920,"10,00",720945522.0,,,947.0,397.0,947.0,395.0,948.0,399.0,"0,05004","0,01505","-0,99863","-0,06325","0,01756","-0,99784",,,Valid,Valid,"233,8","100,4","515,6","292,4","100,1","514,5","259,6","108,2","259,7","109,2","0,4899","0,3677","0,4897","0,3660","0,4901","0,3694",thumbnail_grossTrial,thumbnail_grossTrial.png,1245.0,1080.0,337.0,0.0,798.0,692.0,Fixation,433.0,91.0,945.0,401.0,"0,4881","0,3712",,
29881,53091213,1400492362500,Eye Tracker,Participant0058,17.09.2021,Participant0058,Recording4,17.09.2021,17.09.2021,14:48:45.713,12:48:45.713,64514,Timeline2,Tobii I-VT (Fixation),1.145.28180,1080,1920,"10,00",720953937.0,,,947.0,399.0,949.0,395.0,945.0,402.0,"0,05121","0,01504","-0,99857","-0,06463","0,01933","-0,99772",,,Valid,Valid,"233,7","100,4","515,7","292,3","100,1","514,5","260,1","108,2","259,0","110,1","0,4896","0,3692","0,4913","0,3659","0,4879","0,3725",thumbnail_grossTrial,thumbnail_grossTrial.png,1245.0,1080.0,337.0,0.0,798.0,692.0,Fixation,433.0,91.0,945.0,401.0,"0,4881","0,3712",,
29882,53099427,1400492370714,Eye Tracker,Participant0058,17.09.2021,Participant0058,Recording4,17.09.2021,17.09.2021,14:48:45.713,12:48:45.713,64514,Timeline2,Tobii I-VT (Fixation),1.145.28180,1080,1920,"10,00",720962150.0,,,943.0,399.0,950.0,396.0,936.0,402.0,"0,05176","0,01550","-0,99854","-0,06960","0,01922","-0,99739","4,41","4,14",Valid,Valid,"233,7","100,3","515,7","292,3","100,1","514,6","260,4","108,4","256,4","110,0","0,4863","0,3694","0,4922","0,3666","0,4805","0,3722",thumbnail_grossTrial,thumbnail_grossTrial.png,1245.0,1080.0,337.0,0.0,798.0,692.0,Fixation,433.0,91.0,945.0,401.0,"0,4881","0,3712",,
29883,53107771,1400492379058,Eye Tracker,Participant0058,17.09.2021,Participant0058,Recording4,17.09.2021,17.09.2021,14:48:45.713,12:48:45.713,64514,Timeline2,Tobii I-VT (Fixation),1.145.28180,1080,1920,"10,00",720970494.0,,,944.0,399.0,951.0,389.0,937.0,409.0,"0,05202","0,01184","-0,99858","-0,06896","0,02315","-0,99735",,,Valid,Valid,"233,7","100,4","515,7","292,3","100,1","514,6","260,6","106,5","256,8","112,0","0,4870","0,3697","0,4927","0,3603","0,4814","0,3791",thumbnail_grossTrial,thumbnail_grossTrial.png,1245.0,1080.0,337.0,0.0,798.0,692.0,Fixation,433.0,91.0,945.0,401.0,"0,4881","0,3712",,
29884,53116137,1400492387424,Eye Tracker,Participant0058,17.09.2021,Participant0058,Recording4,17.09.2021,17.09.2021,14:48:45.713,12:48:45.713,64514,Timeline2,Tobii I-VT (Fixation),1.145.28180,1080,1920,"10,00",720978860.0,,,935.0,404.0,951.0,388.0,918.0,421.0,"0,05240","0,01148","-0,99856","-0,07894","0,02904","-0,99646",,,Valid,Valid,"233,7","100,3","515,8","292,3","100,1","514,7","260,7","106,3","251,5","115,1","0,4796","0,3745","0,4931","0,3596","0,4661","0,3894",thumbnail_grossTrial,thumbnail_grossTrial.png,1245.0,1080.0,337.0,0.0,798.0,692.0,Fixation,433.0,91.0,945.0,401.0,"0,4881","0,3712",,
29885,53124444,1400492395731,Eye Tracker,Participant0058,17.09.2021,Participant0058,Recording4,17.09.2021,17.09.2021,14:48:45.713,12:48:45.713,64514,Timeline2,Tobii I-VT (Fixation),1.145.28180,1080,1920,"10,00",720987168.0,,,941.0,404.0,948.0,389.0,934.0,420.0,"0,05070","0,01185","-0,99864","-0,07024","0,02877","-0,99712","4,50","4,48",Valid,Valid,"233,7","100,3","515,9","292,3","100,0","514,8","259,9","106,4","256,1","114,9","0,4850","0,3743","0,4906","0,3599","0,4794","0,3886",thumbnail_grossTrial,thumbnail_grossTrial.png,1245.0,1080.0,337.0,0.0,798.0,692.0,Fixation,433.0,91.0,945.0,401.0,"0,4881","0,3712",,
29886,53132807,1400492404094,Eye Tracker,Participant0058,17.09.2021,Participant0058,Recording4,17.09.2021,17.09.2021,14:48:45.713,12:48:45.713,64514,Timeline2,Tobii I-VT (Fixation),1.145.28180,1080,1920,"10,00",720995530.0,,,945.0,395.0,949.0,395.0,942.0,396.0,"0,05079","0,01493","-0,99860","-0,06641","0,01611","-0,99766",,,Valid,Valid,"233,7","100,3","516,0","292,4","100,0","514,8","260,0","108,0","258,1","108,3","0,4881","0,3660","0,4908","0,3654","0,4853","0,3665",thumbnail_grossTrial,thumbnail_grossTrial.png,1245.0,1080.0,337.0,0.0,798.0,692.0,Fixation,433.0,91.0,945.0,401.0,"0,4881","0,3712",,
29887,53141121,1400492412408,Eye Tracker,Participant0058,17.09.2021,Participant0058,Recording4,17.09.2021,17.09.2021,14:48:45.713,12:48:45.713,64514,Timeline2,Tobii I-VT (Fixation),1.145.28180,1080,1920,"10,00",721003844.0,,,947.0,397.0,948.0,397.0,946.0,398.0,"0,05073","0,01633","-0,99858","-0,06427","0,01711","-0,99779",,,Valid,Valid,"233,7","100,2","516,1","292,3","100,0","514,9","259,9","108,7","259,2","108,8","0,4895","0,3679","0,4906","0,3677","0,4884","0,3681",thumbnail_grossTrial,thumbnail_grossTrial.png,1245.0,1080.0,337.0,0.0,798.0,692.0,Fixation,433.0,91.0,945.0,401.0,"0,4881","0,3712",,
29888,53149420,1400492420707,Eye Tracker,Participant0058,17.09.2021,Participant0058,Recording4,17.09.2021,17.09.2021,14:48:45.713,12:48:45.713,64514,Timeline2,Tobii I-VT (Fixation),1.145.28180,1080,1920,"10,00",721012144.0,,,943.0,397.0,943.0,397.0,943.0,396.0,"0,04782","0,01668","-0,99872","-0,06588","0,01667","-0,99769","4,18","4,50",Valid,Valid,"233,7","100,2","516,2","292,4","99,9","515,1","258,4","108,8","258,4","108,5","0,4863","0,3676","0,4863","0,3680","0,4862","0,3671",thumbnail_grossTrial,thumbnail_grossTrial.png,1245.0,1080.0,337.0,0.0,798.0,692.0,Fixation,433.0,91.0,945.0,401.0,"0,4881","0,3712",,
29889,53157756,1400492429043,Eye Tracker,Participant0058,17.09.2021,Participant0058,Recording4,17.09.2021,17.09.2021,14:48:45.713,12:48:45.713,64514,Timeline2,Tobii I-VT (Fixation),1.145.28180,1080,1920,"10,00",721020480.0,,,950.0,409.0,951.0,419.0,948.0,399.0,"0,05198","0,02806","-0,99825","-0,06301","0,01827","-0,99785",,,Valid,Valid,"233,8","100,1","516,3","292,4","99,9","515,1","260,6","114,7","259,9","109,3","0,4917","0,3789","0,4928","0,3879","0,4906","0,3699",thumbnail_grossTrial,thumbnail_grossTrial.png,1245.0,1080.0,337.0,0.0,798.0,692.0,Fixation,433.0,91.0,945.0,401.0,"0,4881","0,3712",,
29890,53166128,1400492437415,Eye Tracker,Participant0058,17.09.2021,Participant0058,Recording4,17.09.2021,17.09.2021,14:48:45.713,12:48:45.713,64514,Timeline2,Tobii I-VT (Fixation),1.145.28180,1080,1920,"10,00",721028851.0,,,948.0,404.0,950.0,410.0,947.0,399.0,"0,05146","0,02316","-0,99841","-0,06372","0,01813","-0,99780",,,Valid,Valid,"233,7","100,1","516,4","292,4","99,9","515,2","260,3","112,1","259,5","109,2","0,4906","0,3744","0,4918","0,3792","0,4894","0,3696",thumbnail_grossTrial,thumbnail_grossTrial.png,1245.0,1080.0,337.0,0.0,798.0,692.0,Fixation,433.0,91.0,945.0,401.0,"0,4881","0,3712",,
29891,53174420,1400492445707,Eye Tracker,Participant0058,17.09.2021,Participant0058,Recording4,17.09.2021,17.09.2021,14:48:45.713,12:48:45.713,64514,Timeline2,Tobii I-VT (Fixation),1.145.28180,1080,1920,"10,00",721037143.0,,,949.0,404.0,958.0,408.0,939.0,400.0,"0,05564","0,02243","-0,99820","-0,06770","0,01867","-0,99753","4,51","4,11",Valid,Valid,"233,7","100,0","516,5","292,5","99,8","515,3","262,5","111,6","257,5","109,4","0,4909","0,3740","0,4983","0,3777","0,4835","0,3703",thumbnail_grossTrial,thumbnail_grossTrial.png,1245.0,1080.0,337.0,0.0,798.0,692.0,Fixation,433.0,91.0,945.0,401.0,"0,4881","0,3712",,
29892,53182751,1400492454038,Eye Tracker,Participant0058,17.09.2021,Participant0058,Recording4,17.09.2021,17.09.2021,14:48:45.713,12:48:45.713,64514,Timeline2,Tobii I-VT (Fixation),1.145.28180,1080,1920,"10,00",721045475.0,,,946.0,395.0,955.0,385.0,938.0,405.0,"0,05386","0,01044","-0,99849","-0,06848","0,02122","-0,99743",,,Valid,Valid,"233,8","100,0","516,6","292,5","99,8","515,3","261,6","105,4","257,1","110,8","0,4890","0,3657","0,4956","0,3567","0,4823","0,3748",thumbnail_grossTrial,thumbnail_grossTrial.png,1245.0,1080.0,337.0,0.0,798.0,692.0,Fixation,433.0,91.0,945.0,401.0,"0,4881","0,3712",,
29893,53191129,1400492462416,Eye Tracker,Participant0058,17.09.2021,Participant0058,Recording4,17.09.2021,17.09.2021,14:48:45.713,12:48:45.713,64514,Timeline2,Tobii I-VT (Fixation),1.145.28180,1080,1920,"10,00",721053852.0,,,947.0,399.0,955.0,397.0,940.0,402.0,"0,05431","0,01655","-0,99839","-0,06747","0,01990","-0,99752",,,Valid,Valid,"233,7","100,0","516,6","292,4","99,8","515,4","261,8","108,6","257,6","110,1","0,4899","0,3699","0,4962","0,3673","0,4837","0,3724",thumbnail_grossTrial,thumbnail_grossTrial.png,1245.0,1080.0,337.0,0.0,798.0,692.0,Fixation,433.0,91.0,945.0,401.0,"0,4881","0,3712",,
29894,53199415,1400492470702,Eye Tracker,Participant0058,17.09.2021,Participant0058,Recording4,17.09.2021,17.09.2021,14:48:45.713,12:48:45.713,64514,Timeline2,Tobii I-VT (Fixation),1.145.28180,1080,1920,"10,00",721062138.0,,,951.0,404.0,956.0,399.0,945.0,410.0,"0,05470","0,01783","-0,99834","-0,06454","0,02413","-0,99762","4,38","4,44",Valid,Valid,"233,7","99,9","516,7","292,5","99,7","515,5","262,0","109,2","259,1","112,2","0,4925","0,3744","0,4968","0,3694","0,4883","0,3795",thumbnail_grossTrial,thumbnail_grossTrial.png,1245.0,1080.0,337.0,0.0,798.0,692.0,Fixation,433.0,91.0,945.0,401.0,"0,4881","0,3712",,
29895,53207781,1400492479068,Eye Tracker,Participant0058,17.09.2021,Participant0058,Recording4,17.09.2021,17.09.2021,14:48:45.713,12:48:45.713,64514,Timeline2,Tobii I-VT (Fixation),1.145.28180,1080,1920,"10,00",721070505.0,,,949.0,402.0,953.0,400.0,945.0,404.0,"0,05326","0,01848","-0,99841","-0,06476","0,02090","-0,99768",,,Valid,Valid,"233,7","99,9","516,7","292,5","99,8","515,4","261,3","109,5","259,0","110,6","0,4913","0,3723","0,4947","0,3705","0,4880","0,3741",thumbnail_grossTrial,thumbnail_grossTrial.png,1245.0,1080.0,337.0,0.0,798.0,692.0,Fixation,433.0,91.0,945.0,401.0,"0,4881","0,3712",,
29896,53216122,1400492487409,Eye Tracker,Participant0058,17.09.2021,Participant0058,Recording4,17.09.2021,17.09.2021,14:48:45.713,12:48:45.713,64514,Timeline2,Tobii I-VT (Fixation),1.145.28180,1080,1920,"10,00",721078846.0,,,947.0,401.0,953.0,389.0,941.0,413.0,"0,05297","0,01256","-0,99852","-0,06663","0,02564","-0,99745",,,Valid,Valid,"233,7","99,9","516,8","292,4","99,8","515,5","261,1","106,4","258,0","113,0","0,4895","0,3712","0,4941","0,3601","0,4850","0,3823",thumbnail_grossTrial,thumbnail_grossTrial.png,1245.0,1080.0,337.0,0.0,798.0,692.0,Fixation,433.0,91.0,945.0,401.0,"0,4881","0,3712",,
29897,53224451,1400492495738,Eye Tracker,Participant0058,17.09.2021,Participant0058,Recording4,17.09.2021,17.09.2021,14:48:45.713,12:48:45.713,64514,Timeline2,Tobii I-VT (Fixation),1.145.28180,1080,1920,"10,00",721087174.0,,,945.0,396.0,952.0,386.0,938.0,406.0,"0,05234","0,01139","-0,99856","-0,06851","0,02224","-0,99740","4,47","4,45",Valid,Valid,"233,7","99,9","516,8","292,4","99,7","515,5","260,8","105,8","257,0","111,2","0,4877","0,3670","0,4932","0,3578","0,4822","0,3762",thumbnail_grossTrial,thumbnail_grossTrial.png,1245.0,1080.0,337.0,0.0,798.0,692.0,Fixation,433.0,91.0,945.0,401.0,"0,4881","0,3712",,
29898,53232783,1400492504070,Eye Tracker,Participant0058,17.09.2021,Participant0058,Recording4,17.09.2021,17.09.2021,14:48:45.713,12:48:45.713,64514,Timeline2,Tobii I-VT (Fixation),1.145.28180,1080,1920,"10,00",721095506.0,,,949.0,401.0,959.0,394.0,939.0,407.0,"0,05605","0,01541","-0,99831","-0,06808","0,02278","-0,99742",,,Valid,Valid,"233,7","99,9","516,8","292,4","99,7","515,5","262,7","107,9","257,3","111,5","0,4909","0,3711","0,4989","0,3650","0,4828","0,3773",thumbnail_grossTrial,thumbnail_grossTrial.png,1245.0,1080.0,337.0,0.0,798.0,692.0,Fixation,433.0,91.0,945.0,401.0,"0,4881","0,3712",,
29899,53241108,1400492512395,Eye Tracker,Participant0058,17.09.2021,Participant0058,Recording4,17.09.2021,17.09.2021,14:48:45.713,12:48:45.713,64514,Timeline2,Tobii I-VT (Fixation),1.145.28180,1080,1920,"10,00",721103832.0,,,955.0,398.0,963.0,401.0,946.0,395.0,"0,05872","0,01877","-0,99810","-0,06389","0,01615","-0,99783",,,Valid,Valid,"233,6","99,9","516,9","292,4","99,7","515,5","264,1","109,6","259,4","108,1","0,4959","0,3683","0,5028","0,3708","0,4891","0,3657",thumbnail_grossTrial,thumbnail_grossTrial.png,1245.0,1080.0,337.0,0.0,798.0,692.0,Fixation,433.0,91.0,945.0,401.0,"0,4881","0,3712",,
29900,53249438,1400492520725,Eye Tracker,Participant0058,17.09.2021,Participant0058,Recording4,17.09.2021,17.09.2021,14:48:45.713,12:48:45.713,64514,Timeline2,Tobii I-VT (Fixation),1.145.28180,1080,1920,"10,00",721112162.0,,,956.0,394.0,966.0,397.0,945.0,392.0,"0,06005","0,01696","-0,99805","-0,06448","0,01470","-0,99781","4,51","4,63",Valid,Valid,"233,7","99,8","516,9","292,4","99,7","515,5","264,8","108,6","259,1","107,3","0,4966","0,3652","0,5049","0,3675","0,4883","0,3630",thumbnail_grossTrial,thumbnail_grossTrial.png,1245.0,1080.0,337.0,0.0,798.0,692.0,Fixation,433.0,91.0,945.0,401.0,"0,4881","0,3712",,
29901,53257775,1400492529062,Eye Tracker,Participant0058,17.09.2021,Participant0058,Recording4,17.09.2021,17.09.2021,14:48:45.713,12:48:45.713,64514,Timeline2,Tobii I-VT (Fixation),1.145.28180,1080,1920,"10,00",721120498.0,,,939.0,402.0,962.0,392.0,916.0,413.0,"0,05798","0,01424","-0,99822","-0,08024","0,02559","-0,99645",,,Valid,Valid,"233,7","99,9","516,9","292,4","99,7","515,5","263,7","107,3","250,9","113,0","0,4830","0,3725","0,5018","0,3629","0,4643","0,3822",thumbnail_grossTrial,thumbnail_grossTrial.png,1245.0,1080.0,337.0,0.0,798.0,692.0,Fixation,433.0,91.0,945.0,401.0,"0,4881","0,3712",,
29902,53266077,1400492537364,Eye Tracker,Participant0058,17.09.2021,Participant0058,Recording4,17.09.2021,17.09.2021,14:48:45.713,12:48:45.713,64514,Timeline2,Tobii I-VT (Fixation),1.145.28180,1080,1920,"10,00",721128801.0,,,939.0,402.0,962.0,390.0,916.0,413.0,"0,05789","0,01332","-0,99823","-0,08015","0,02562","-0,99645",,,Valid,Valid,"233,6","99,9","516,9","292,4","99,7","515,6","263,6","106,8","250,9","113,0","0,4829","0,3718","0,5015","0,3613","0,4643","0,3823",thumbnail_grossTrial,thumbnail_grossTrial.png,1245.0,1080.0,337.0,0.0,798.0,692.0,Fixation,433.0,91.0,945.0,401.0,"0,4881","0,3712",,
29903,53274435,1400492545722,Eye Tracker,Participant0058,17.09.2021,Participant0058,Recording4,17.09.2021,17.09.2021,14:48:45.713,12:48:45.713,64514,Timeline2,Tobii I-VT (Fixation),1.145.28180,1080,1920,"10,00",721137159.0,,,948.0,400.0,959.0,400.0,937.0,401.0,"0,05607","0,01844","-0,99826","-0,06870","0,01927","-0,99745","4,37","4,45",Valid,Valid,"233,7","99,8","516,9","292,4","99,7","515,6","262,7","109,4","256,9","109,6","0,4904","0,3705","0,4988","0,3701","0,4819","0,3709",thumbnail_grossTrial,thumbnail_grossTrial.png,1245.0,1080.0,337.0,0.0,798.0,692.0,Fixation,433.0,91.0,945.0,401.0,"0,4881","0,3712",,
29904,53282785,1400492554072,Eye Tracker,Participant0058,17.09.2021,Participant0058,Recording4,17.09.2021,17.09.2021,14:48:45.713,12:48:45.713,64514,Timeline2,Tobii I-VT (Fixation),1.145.28180,1080,1920,"10,00",721145509.0,,,946.0,398.0,957.0,396.0,934.0,401.0,"0,05521","0,01622","-0,99834","-0,07029","0,01937","-0,99734",,,Valid,Valid,"233,7","99,9","516,9","292,4","99,7","515,6","262,3","108,3","256,1","109,7","0,4886","0,3688","0,4977","0,3664","0,4795","0,3712",thumbnail_grossTrial,thumbnail_grossTrial.png,1245.0,1080.0,337.0,0.0,798.0,692.0,Fixation,433.0,91.0,945.0,401.0,"0,4881","0,3712",,
29905,53291076,1400492562363,Eye Tracker,Participant0058,17.09.2021,Participant0058,Recording4,17.09.2021,17.09.2021,14:48:45.713,12:48:45.713,64514,Timeline2,Tobii I-VT (Fixation),1.145.28180,1080,1920,"10,00",721153800.0,,,946.0,396.0,953.0,390.0,938.0,401.0,"0,05346","0,01324","-0,99848","-0,06846","0,01968","-0,99746",,,Valid,Valid,"233,6","99,9","516,9","292,4","99,7","515,7","261,3","106,7","257,0","109,9","0,4884","0,3664","0,4948","0,3611","0,4821","0,3717",thumbnail_grossTrial,thumbnail_grossTrial.png,1245.0,1080.0,337.0,0.0,798.0,692.0,Fixation,433.0,91.0,945.0,401.0,"0,4881","0,3712",,
29906,53299444,1400492570731,Eye Tracker,Participant0058,17.09.2021,Participant0058,Recording4,17.09.2021,17.09.2021,14:48:45.713,12:48:45.713,64514,Timeline2,Tobii I-VT (Fixation),1.145.28180,1080,1920,"10,00",721162168.0,,,947.0,397.0,953.0,387.0,941.0,407.0,"0,05316","0,01151","-0,99852","-0,06689","0,02258","-0,99751","4,42","4,08",Valid,Valid,"233,7","99,8","517,0","292,4","99,6","515,8","261,2","105,8","257,8","111,2","0,4895","0,3672","0,4944","0,3579","0,4845","0,3764",thumbnail_grossTrial,thumbnail_grossTrial.png,1245.0,1080.0,337.0,0.0,798.0,692.0,Fixation,433.0,91.0,945.0,401.0,"0,4881","0,3712",,
29907,53307751,1400492579038,Eye Tracker,Participant0058,17.09.2021,Participant0058,Recording4,17.09.2021,17.09.2021,14:48:45.713,12:48:45.713,64514,Timeline2,Tobii I-VT (Fixation),1.145.28180,1080,1920,"10,00",721170475.0,,,936.0,401.0,943.0,392.0,929.0,409.0,"0,04789","0,01418","-0,99875","-0,07282","0,02381","-0,99706",,,Valid,Valid,"233,6","99,9","517,0","292,3","99,7","515,8","258,4","107,3","254,6","112,0","0,4806","0,3709","0,4861","0,3629","0,4751","0,3789",thumbnail_grossTrial,thumbnail_grossTrial.png,1245.0,1080.0,337.0,0.0,798.0,692.0,Saccade,33.0,196.0,,,,,,
29908,53316082,1400492587369,Eye Tracker,Participant0058,17.09.2021,Participant0058,Recording4,17.09.2021,17.09.2021,14:48:45.713,12:48:45.713,64514,Timeline2,Tobii I-VT (Fixation),1.145.28180,1080,1920,"10,00",721178806.0,,,890.0,428.0,897.0,418.0,882.0,438.0,"0,02406","0,02785","-0,99932","-0,09680","0,03872","-0,99455",,,Valid,Valid,"233,4","100,0","516,9","292,0","99,7","516,1","245,8","114,4","241,8","119,8","0,4434","0,3962","0,4493","0,3872","0,4375","0,4052",thumbnail_grossTrial,thumbnail_grossTrial.png,1245.0,1080.0,337.0,0.0,798.0,692.0,Saccade,33.0,196.0,,,,,,
29909,53324444,1400492595731,Eye Tracker,Participant0058,17.09.2021,Participant0058,Recording4,17.09.2021,17.09.2021,14:48:45.713,12:48:45.713,64514,Timeline2,Tobii I-VT (Fixation),1.145.28180,1080,1920,"10,00",721187168.0,,,824.0,445.0,824.0,441.0,824.0,449.0,"-0,01457","0,03981","-0,99910","-0,12700","0,04480","-0,99089","4,10","4,47",Valid,Valid,"233,2","100,1","517,0","291,9","99,6","516,3","225,7","120,7","225,7","123,0","0,3905","0,4121","0,3904","0,4082","0,3905","0,4160",thumbnail_grossTrial,thumbnail_grossTrial.png,1245.0,1080.0,337.0,0.0,798.0,692.0,Saccade,33.0,196.0,,,,,,
29910,53332735,1400492604022,Eye Tracker,Participant0058,17.09.2021,Participant0058,Recording4,17.09.2021,17.09.2021,14:48:45.713,12:48:45.713,64514,Timeline2,Tobii I-VT (Fixation),1.145.28180,1080,1920,"10,00",721195459.0,,,781.0,465.0,782.0,463.0,780.0,468.0,"-0,03625","0,05104","-0,99804","-0,14940","0,05416","-0,98729",,,Valid,Valid,"233,2","100,2","516,9","291,9","99,7","516,3","214,4","126,6","213,8","128,0","0,3565","0,4307","0,3574","0,4284","0,3555","0,4331",thumbnail_grossTrial,thumbnail_grossTrial.png,1245.0,1080.0,337.0,0.0,798.0,692.0,Saccade,33.0,196.0,,,,,,
29911,53341109,1400492612396,Eye Tracker,Participant0058,17.09.2021,Participant0058,Recording4,17.09.2021,17.09.2021,14:48:45.713,12:48:45.713,64514,Timeline2,Tobii I-VT (Fixation),1.145.28180,1080,1920,"10,00",721203833.0,,,773.0,472.0,770.0,472.0,776.0,472.0,"-0,04292","0,05607","-0,99750","-0,15147","0,05632","-0,98686",,,Valid,Valid,"233,2","100,2","516,9","291,9","99,7","516,3","210,9","129,2","212,6","129,2","0,3496","0,4371","0,3471","0,4372","0,3521","0,4370",thumbnail_grossTrial,thumbnail_grossTrial.png,1245.0,1080.0,337.0,0.0,798.0,692.0,Fixation,433.0,92.0,777.0,479.0,"0,3529","0,4431",,
29912,53349437,1400492620724,Eye Tracker,Participant0058,17.09.2021,Participant0058,Recording4,17.09.2021,17.09.2021,14:48:45.713,12:48:45.713,64514,Timeline2,Tobii I-VT (Fixation),1.145.28180,1080,1920,"10,00",721212161.0,,,780.0,469.0,776.0,468.0,783.0,469.0,"-0,03943","0,05408","-0,99776","-0,14768","0,05489","-0,98751","4,35","4,09",Valid,Valid,"233,2","100,2","516,9","291,9","99,7","516,3","212,8","128,2","214,7","128,4","0,3554","0,4340","0,3525","0,4336","0,3582","0,4344",thumbnail_grossTrial,thumbnail_grossTrial.png,1245.0,1080.0,337.0,0.0,798.0,692.0,Fixation,433.0,92.0,777.0,479.0,"0,3529","0,4431",,
29913,53357731,1400492629018,Eye Tracker,Participant0058,17.09.2021,Participant0058,Recording4,17.09.2021,17.09.2021,14:48:45.713,12:48:45.713,64514,Timeline2,Tobii I-VT (Fixation),1.145.28180,1080,1920,"10,00",721220455.0,,,786.0,470.0,786.0,470.0,,,"-0,03410","0,05498","-0,99790",,,,,,Valid,Invalid,"233,2","100,2","516,9",,,,"215,5","128,7",,,"0,3607","0,4353","0,3607","0,4353",,,thumbnail_grossTrial,thumbnail_grossTrial.png,1245.0,1080.0,337.0,0.0,798.0,692.0,Fixation,433.0,92.0,777.0,479.0,"0,3529","0,4431",,
29914,53366076,1400492637363,Eye Tracker,Participant0058,17.09.2021,Participant0058,Recording4,17.09.2021,17.09.2021,14:48:45.713,12:48:45.713,64514,Timeline2,Tobii I-VT (Fixation),1.145.28180,1080,1920,"10,00",721228800.0,,,780.0,468.0,780.0,471.0,779.0,466.0,"-0,03723","0,05524","-0,99778","-0,14991","0,05325","-0,98727",,,Valid,Valid,"233,1","100,2","516,9","291,9","99,7","516,2","213,8","128,8","213,5","127,6","0,3552","0,4336","0,3557","0,4357","0,3546","0,4316",thumbnail_grossTrial,thumbnail_grossTrial.png,1245.0,1080.0,337.0,0.0,798.0,692.0,Fixation,433.0,92.0,777.0,479.0,"0,3529","0,4431",,
29915,53374423,1400492645710,Eye Tracker,Participant0058,17.09.2021,Participant0058,Recording4,17.09.2021,17.09.2021,14:48:45.713,12:48:45.713,64514,Timeline2,Tobii I-VT (Fixation),1.145.28180,1080,1920,"10,00",721237147.0,,,778.0,468.0,779.0,473.0,776.0,463.0,"-0,03783","0,05664","-0,99768","-0,15125","0,05161","-0,98715","4,46","4,48",Valid,Valid,"233,2","100,1","517,0","291,9","99,7","516,3","213,6","129,5","212,8","126,7","0,3537","0,4333","0,3548","0,4380","0,3526","0,4286",thumbnail_grossTrial,thumbnail_grossTrial.png,1245.0,1080.0,337.0,0.0,798.0,692.0,Fixation,433.0,92.0,777.0,479.0,"0,3529","0,4431",,
29916,53382758,1400492654045,Eye Tracker,Participant0058,17.09.2021,Participant0058,Recording4,17.09.2021,17.09.2021,14:48:45.713,12:48:45.713,64514,Timeline2,Tobii I-VT (Fixation),1.145.28180,1080,1920,"10,00",721245482.0,,,773.0,476.0,773.0,476.0,,,"-0,04111","0,05815","-0,99746",,,,,,Valid,Invalid,"233,2","100,2","516,9",,,,"211,9","130,3",,,"0,3500","0,4409","0,3500","0,4409",,,thumbnail_grossTrial,thumbnail_grossTrial.png,1245.0,1080.0,337.0,0.0,798.0,692.0,Fixation,433.0,92.0,777.0,479.0,"0,3529","0,4431",,
29917,53391093,1400492662380,Eye Tracker,Participant0058,17.09.2021,Participant0058,Recording4,17.09.2021,17.09.2021,14:48:45.713,12:48:45.713,64514,Timeline2,Tobii I-VT (Fixation),1.145.28180,1080,1920,"10,00",721253817.0,,,781.0,472.0,777.0,474.0,785.0,471.0,"-0,03896","0,05724","-0,99760","-0,14706","0,05568","-0,98756",,,Valid,Valid,"233,1","100,1","516,9","291,9","99,7","516,4","213,0","129,8","215,0","128,8","0,3561","0,4374","0,3531","0,4391","0,3591","0,4357",thumbnail_grossTrial,thumbnail_grossTrial.png,1245.0,1080.0,337.0,0.0,798.0,692.0,Fixation,433.0,92.0,777.0,479.0,"0,3529","0,4431",,
29918,53399426,1400492670713,Eye Tracker,Participant0058,17.09.2021,Participant0058,Recording4,17.09.2021,17.09.2021,14:48:45.713,12:48:45.713,64514,Timeline2,Tobii I-VT (Fixation),1.145.28180,1080,1920,"10,00",721262150.0,,,781.0,478.0,778.0,475.0,785.0,480.0,"-0,03846","0,05784","-0,99759","-0,14689","0,06073","-0,98729","4,36","4,40",Valid,Valid,"233,2","100,1","517,0","291,9","99,6","516,5","213,2","130,1","215,1","131,4","0,3566","0,4423","0,3539","0,4401","0,3594","0,4445",thumbnail_grossTrial,thumbnail_grossTrial.png,1245.0,1080.0,337.0,0.0,798.0,692.0,Fixation,433.0,92.0,777.0,479.0,"0,3529","0,4431",,
29919,53407725,1400492679012,Eye Tracker,Participant0058,17.09.2021,Participant0058,Recording4,17.09.2021,17.09.2021,14:48:45.713,12:48:45.713,64514,Timeline2,Tobii I-VT (Fixation),1.145.28180,1080,1920,"10,00",721270449.0,,,779.0,475.0,780.0,471.0,777.0,479.0,"-0,03754","0,05555","-0,99775","-0,15083","0,05988","-0,98675",,,Valid,Valid,"233,2","100,1","516,9","292,0","99,6","516,4","213,8","128,9","213,1","131,0","0,3544","0,4396","0,3555","0,4362","0,3533","0,4431",thumbnail_grossTrial,thumbnail_grossTrial.png,1245.0,1080.0,337.0,0.0,798.0,692.0,Fixation,433.0,92.0,777.0,479.0,"0,3529","0,4431",,
29920,53416062,1400492687349,Eye Tracker,Participant0058,17.09.2021,Participant0058,Recording4,17.09.2021,17.09.2021,14:48:45.713,12:48:45.713,64514,Timeline2,Tobii I-VT (Fixation),1.145.28180,1080,1920,"10,00",721278786.0,,,779.0,479.0,781.0,478.0,777.0,479.0,"-0,03695","0,05937","-0,99755","-0,15085","0,06029","-0,98672",,,Valid,Valid,"233,2","100,1","516,9","291,9","99,6","516,5","214,0","130,9","213,0","131,1","0,3546","0,4433","0,3561","0,4429","0,3531","0,4437",thumbnail_grossTrial,thumbnail_grossTrial.png,1245.0,1080.0,337.0,0.0,798.0,692.0,Fixation,433.0,92.0,777.0,479.0,"0,3529","0,4431",,
29921,53424389,1400492695676,Eye Tracker,Participant0058,17.09.2021,Participant0058,Recording4,17.09.2021,17.09.2021,14:48:45.713,12:48:45.713,64514,Timeline2,Tobii I-VT (Fixation),1.145.28180,1080,1920,"10,00",721287113.0,,,787.0,481.0,797.0,485.0,776.0,477.0,"-0,02824","0,06285","-0,99762","-0,15157","0,05890","-0,98669","4,45","4,08",Valid,Valid,"233,2","100,1","516,9","292,0","99,6","516,6","218,5","132,7","212,6","130,4","0,3608","0,4451","0,3695","0,4489","0,3521","0,4412",thumbnail_grossTrial,thumbnail_grossTrial.png,1245.0,1080.0,337.0,0.0,798.0,692.0,Fixation,433.0,92.0,777.0,479.0,"0,3529","0,4431",,
29922,53432723,1400492704010,Eye Tracker,Participant0058,17.09.2021,Participant0058,Recording4,17.09.2021,17.09.2021,14:48:45.713,12:48:45.713,64514,Timeline2,Tobii I-VT (Fixation),1.145.28180,1080,1920,"10,00",721295447.0,,,785.0,480.0,797.0,485.0,772.0,475.0,"-0,02831","0,06274","-0,99763","-0,15363","0,05814","-0,98642",,,Valid,Valid,"233,2","100,2","516,9","292,0","99,6","516,5","218,5","132,7","211,5","130,0","0,3592","0,4444","0,3695","0,4489","0,3489","0,4400",thumbnail_grossTrial,thumbnail_grossTrial.png,1245.0,1080.0,337.0,0.0,798.0,692.0,Fixation,433.0,92.0,777.0,479.0,"0,3529","0,4431",,
29923,53441058,1400492712345,Eye Tracker,Participant0058,17.09.2021,Participant0058,Recording4,17.09.2021,17.09.2021,14:48:45.713,12:48:45.713,64514,Timeline2,Tobii I-VT (Fixation),1.145.28180,1080,1920,"10,00",721303782.0,,,777.0,474.0,775.0,478.0,779.0,470.0,"-0,04013","0,05893","-0,99746","-0,15002","0,05572","-0,98711",,,Valid,Valid,"233,1","100,2","516,8","291,9","99,6","516,5","212,4","130,7","213,4","128,7","0,3529","0,4389","0,3513","0,4422","0,3545","0,4355",thumbnail_grossTrial,thumbnail_grossTrial.png,1245.0,1080.0,337.0,0.0,798.0,692.0,Fixation,433.0,92.0,777.0,479.0,"0,3529","0,4431",,
29924,53449427,1400492720714,Eye Tracker,Participant0058,17.09.2021,Participant0058,Recording4,17.09.2021,17.09.2021,14:48:45.713,12:48:45.713,64514,Timeline2,Tobii I-VT (Fixation),1.145.28180,1080,1920,"10,00",721312151.0,,,765.0,481.0,777.0,479.0,753.0,483.0,"-0,03911","0,05991","-0,99744","-0,16336","0,06198","-0,98462","4,46","4,07",Valid,Valid,"233,2","100,1","516,8","292,0","99,6","516,5","212,9","131,2","206,3","132,1","0,3432","0,4454","0,3529","0,4439","0,3334","0,4469",thumbnail_grossTrial,thumbnail_grossTrial.png,1245.0,1080.0,337.0,0.0,798.0,692.0,Fixation,433.0,92.0,777.0,479.0,"0,3529","0,4431",,
29925,53457719,1400492729006,Eye Tracker,Participant0058,17.09.2021,Participant0058,Recording4,17.09.2021,17.09.2021,14:48:45.713,12:48:45.713,64514,Timeline2,Tobii I-VT (Fixation),1.145.28180,1080,1920,"10,00",721320443.0,,,779.0,472.0,779.0,477.0,779.0,467.0,"-0,03829","0,05872","-0,99754","-0,14979","0,05367","-0,98726",,,Valid,Valid,"233,2","100,2","516,8","292,0","99,6","516,4","213,4","130,6","213,6","127,7","0,3546","0,4370","0,3543","0,4420","0,3550","0,4320",thumbnail_grossTrial,thumbnail_grossTrial.png,1245.0,1080.0,337.0,0.0,798.0,692.0,Fixation,433.0,92.0,777.0,479.0,"0,3529","0,4431",,
29926,53466054,1400492737341,Eye Tracker,Participant0058,17.09.2021,Participant0058,Recording4,17.09.2021,17.09.2021,14:48:45.713,12:48:45.713,64514,Timeline2,Tobii I-VT (Fixation),1.145.28180,1080,1920,"10,00",721328778.0,,,772.0,475.0,776.0,469.0,767.0,482.0,"-0,03949","0,05430","-0,99774","-0,15596","0,06156","-0,98584",,,Valid,Valid,"233,1","100,2","516,7","291,9","99,6","516,4","212,7","128,3","210,2","131,9","0,3487","0,4402","0,3523","0,4342","0,3451","0,4461",thumbnail_grossTrial,thumbnail_grossTrial.png,1245.0,1080.0,337.0,0.0,798.0,692.0,Fixation,433.0,92.0,777.0,479.0,"0,3529","0,4431",,
29927,53474422,1400492745709,Eye Tracker,Participant0058,17.09.2021,Participant0058,Recording4,17.09.2021,17.09.2021,14:48:45.713,12:48:45.713,64514,Timeline2,Tobii I-VT (Fixation),1.145.28180,1080,1920,"10,00",721337147.0,,,772.0,476.0,776.0,469.0,767.0,484.0,"-0,03950","0,05422","-0,99775","-0,15596","0,06267","-0,98577","4,29","4,07",Valid,Valid,"233,2","100,2","516,7","292,0","99,6","516,4","212,7","128,3","210,2","132,4","0,3487","0,4411","0,3524","0,4340","0,3451","0,4481",thumbnail_grossTrial,thumbnail_grossTrial.png,1245.0,1080.0,337.0,0.0,798.0,692.0,Fixation,433.0,92.0,777.0,479.0,"0,3529","0,4431",,
29928,53482758,1400492754045,Eye Tracker,Participant0058,17.09.2021,Participant0058,Recording4,17.09.2021,17.09.2021,14:48:45.713,12:48:45.713,64514,Timeline2,Tobii I-VT (Fixation),1.145.28180,1080,1920,"10,00",721345482.0,,,772.0,477.0,779.0,471.0,766.0,483.0,"-0,03827","0,05525","-0,99774","-0,15645","0,06222","-0,98572",,,Valid,Valid,"233,2","100,3","516,7","292,0","99,6","516,3","213,4","128,9","210,0","132,2","0,3494","0,4417","0,3543","0,4360","0,3445","0,4474",thumbnail_grossTrial,thumbnail_grossTrial.png,1245.0,1080.0,337.0,0.0,798.0,692.0,Fixation,433.0,92.0,777.0,479.0,"0,3529","0,4431",,
29929,53491081,1400492762368,Eye Tracker,Participant0058,17.09.2021,Participant0058,Recording4,17.09.2021,17.09.2021,14:48:45.713,12:48:45.713,64514,Timeline2,Tobii I-VT (Fixation),1.145.28180,1080,1920,"10,00",721353805.0,,,777.0,466.0,775.0,464.0,778.0,468.0,"-0,03983","0,05166","-0,99787","-0,15025","0,05418","-0,98716",,,Valid,Valid,"233,2","100,3","516,6","291,9","99,6","516,4","212,5","127,0","213,3","128,0","0,3530","0,4313","0,3518","0,4297","0,3542","0,4330",thumbnail_grossTrial,thumbnail_grossTrial.png,1245.0,1080.0,337.0,0.0,798.0,692.0,Fixation,433.0,92.0,777.0,479.0,"0,3529","0,4431",,
29930,53499430,1400492770717,Eye Tracker,Participant0058,17.09.2021,Participant0058,Recording4,17.09.2021,17.09.2021,14:48:45.713,12:48:45.713,64514,Timeline2,Tobii I-VT (Fixation),1.145.28180,1080,1920,"10,00",721362154.0,,,774.0,467.0,771.0,468.0,778.0,467.0,"-0,04246","0,05352","-0,99766","-0,15047","0,05395","-0,98714","4,08","4,05",Valid,Valid,"233,2","100,2","516,7","292,0","99,6","516,4","211,2","127,9","213,3","127,8","0,3509","0,4327","0,3479","0,4329","0,3540","0,4325",thumbnail_grossTrial,thumbnail_grossTrial.png,1245.0,1080.0,337.0,0.0,798.0,692.0,Fixation,433.0,92.0,777.0,479.0,"0,3529","0,4431",,
29931,53507827,1400492779114,Eye Tracker,Participant0058,17.09.2021,Participant0058,Recording4,17.09.2021,17.09.2021,14:48:45.713,12:48:45.713,64514,Timeline2,Tobii I-VT (Fixation),1.145.28180,1080,1920,"10,00",721370552.0,,,763.0,477.0,769.0,466.0,758.0,489.0,"-0,04356","0,05244","-0,99767","-0,16077","0,06518","-0,98484",,,Valid,Valid,"233,2","100,3","516,6","292,0","99,6","516,4","210,7","127,4","207,7","133,8","0,3420","0,4419","0,3464","0,4312","0,3377","0,4527",thumbnail_grossTrial,thumbnail_grossTrial.png,1245.0,1080.0,337.0,0.0,798.0,692.0,Fixation,433.0,92.0,777.0,479.0,"0,3529","0,4431",,
29932,53516048,1400492787335,Eye Tracker,Participant0058,17.09.2021,Participant0058,Recording4,17.09.2021,17.09.2021,14:48:45.713,12:48:45.713,64514,Timeline2,Tobii I-VT (Fixation),1.145.28180,1080,1920,"10,00",721378772.0,,,772.0,485.0,774.0,483.0,770.0,487.0,"-0,04087","0,06142","-0,99727","-0,15472","0,06426","-0,98587",,,Valid,Valid,"233,2","100,3","516,6","292,0","99,6","516,5","212,0","132,1","210,9","133,2","0,3487","0,4488","0,3503","0,4469","0,3471","0,4508",thumbnail_grossTrial,thumbnail_grossTrial.png,1245.0,1080.0,337.0,0.0,798.0,692.0,Fixation,433.0,92.0,777.0,479.0,"0,3529","0,4431",,
29933,53524409,1400492795696,Eye Tracker,Participant0058,17.09.2021,Participant0058,Recording4,17.09.2021,17.09.2021,14:48:45.713,12:48:45.713,64514,Timeline2,Tobii I-VT (Fixation),1.145.28180,1080,1920,"10,00",721387133.0,,,777.0,488.0,781.0,482.0,774.0,493.0,"-0,03709","0,06111","-0,99744","-0,15259","0,06776","-0,98596","4,28","4,49",Valid,Valid,"233,2","100,2","516,6","292,0","99,5","516,6","214,0","131,9","212,0","135,0","0,3532","0,4515","0,3561","0,4462","0,3504","0,4568",thumbnail_grossTrial,thumbnail_grossTrial.png,1245.0,1080.0,337.0,0.0,798.0,692.0,Fixation,433.0,92.0,777.0,479.0,"0,3529","0,4431",,
29934,53532794,1400492804081,Eye Tracker,Participant0058,17.09.2021,Participant0058,Recording4,17.09.2021,17.09.2021,14:48:45.713,12:48:45.713,64514,Timeline2,Tobii I-VT (Fixation),1.145.28180,1080,1920,"10,00",721395519.0,,,768.0,487.0,771.0,480.0,765.0,493.0,"-0,04234","0,06016","-0,99729","-0,15717","0,06756","-0,98526",,,Valid,Valid,"233,2","100,3","516,6","292,0","99,5","516,6","211,3","131,4","209,6","134,9","0,3457","0,4506","0,3482","0,4447","0,3433","0,4565",thumbnail_grossTrial,thumbnail_grossTrial.png,1245.0,1080.0,337.0,0.0,798.0,692.0,Fixation,433.0,92.0,777.0,479.0,"0,3529","0,4431",,
29935,53541084,1400492812371,Eye Tracker,Participant0058,17.09.2021,Participant0058,Recording4,17.09.2021,17.09.2021,14:48:45.713,12:48:45.713,64514,Timeline2,Tobii I-VT (Fixation),1.145.28180,1080,1920,"10,00",721403808.0,,,770.0,481.0,771.0,477.0,768.0,486.0,"-0,04206","0,05822","-0,99742","-0,15548","0,06395","-0,98577",,,Valid,Valid,"233,2","100,3","516,6","292,0","99,5","516,7","211,4","130,4","210,5","133,0","0,3471","0,4456","0,3484","0,4412","0,3458","0,4499",thumbnail_grossTrial,thumbnail_grossTrial.png,1245.0,1080.0,337.0,0.0,798.0,692.0,Fixation,433.0,92.0,777.0,479.0,"0,3529","0,4431",,
29936,53549375,1400492820662,Eye Tracker,Participant0058,17.09.2021,Participant0058,Recording4,17.09.2021,17.09.2021,14:48:45.713,12:48:45.713,64514,Timeline2,Tobii I-VT (Fixation),1.145.28180,1080,1920,"10,00",721412099.0,,,770.0,474.0,772.0,469.0,769.0,478.0,"-0,04157","0,05423","-0,99766","-0,15514","0,06013","-0,98606","4,40","4,45",Valid,Valid,"233,2","100,2","516,6","292,0","99,4","516,9","211,7","128,3","210,7","130,9","0,3478","0,4385","0,3492","0,4341","0,3464","0,4429",thumbnail_grossTrial,thumbnail_grossTrial.png,1245.0,1080.0,337.0,0.0,798.0,692.0,Fixation,433.0,92.0,777.0,479.0,"0,3529","0,4431",,
29937,53557749,1400492829036,Eye Tracker,Participant0058,17.09.2021,Participant0058,Recording4,17.09.2021,17.09.2021,14:48:45.713,12:48:45.713,64514,Timeline2,Tobii I-VT (Fixation),1.145.28180,1080,1920,"10,00",721420473.0,,,786.0,479.0,800.0,478.0,771.0,479.0,"-0,02674","0,05927","-0,99788","-0,15399","0,06042","-0,98622",,,Valid,Valid,"233,2","100,3","516,6","292,0","99,4","517,0","219,4","130,9","211,3","131,0","0,3600","0,4432","0,3718","0,4430","0,3482","0,4433",thumbnail_grossTrial,thumbnail_grossTrial.png,1245.0,1080.0,337.0,0.0,798.0,692.0,Fixation,433.0,92.0,777.0,479.0,"0,3529","0,4431",,
29938,53566090,1400492837377,Eye Tracker,Participant0058,17.09.2021,Participant0058,Recording4,17.09.2021,17.09.2021,14:48:45.713,12:48:45.713,64514,Timeline2,Tobii I-VT (Fixation),1.145.28180,1080,1920,"10,00",721428815.0,,,791.0,477.0,802.0,477.0,779.0,477.0,"-0,02554","0,05864","-0,99795","-0,14954","0,05968","-0,98695",,,Valid,Valid,"233,1","100,2","516,6","292,0","99,3","517,1","219,9","130,6","213,6","130,6","0,3642","0,4418","0,3734","0,4418","0,3550","0,4417",thumbnail_grossTrial,thumbnail_grossTrial.png,1245.0,1080.0,337.0,0.0,798.0,692.0,Fixation,433.0,92.0,777.0,479.0,"0,3529","0,4431",,
29939,53574373,1400492845660,Eye Tracker,Participant0058,17.09.2021,Participant0058,Recording4,17.09.2021,17.09.2021,14:48:45.713,12:48:45.713,64514,Timeline2,Tobii I-VT (Fixation),1.145.28180,1080,1920,"10,00",721437097.0,,,778.0,474.0,774.0,467.0,782.0,481.0,"-0,04072","0,05315","-0,99776","-0,14841","0,06193","-0,98699","4,36","4,38",Valid,Valid,"233,2","100,2","516,7","292,0","99,2","517,2","212,1","127,7","214,3","131,7","0,3537","0,4388","0,3505","0,4321","0,3569","0,4455",thumbnail_grossTrial,thumbnail_grossTrial.png,1245.0,1080.0,337.0,0.0,798.0,692.0,Fixation,433.0,92.0,777.0,479.0,"0,3529","0,4431",,
29940,53582745,1400492854032,Eye Tracker,Participant0058,17.09.2021,Participant0058,Recording4,17.09.2021,17.09.2021,14:48:45.713,12:48:45.713,64514,Timeline2,Tobii I-VT (Fixation),1.145.28180,1080,1920,"10,00",721445469.0,,,783.0,478.0,780.0,476.0,786.0,480.0,"-0,03740","0,05789","-0,99762","-0,14649","0,06137","-0,98731",,,Valid,Valid,"233,2","100,2","516,7","292,0","99,2","517,3","213,8","130,2","215,3","131,4","0,3578","0,4425","0,3556","0,4406","0,3599","0,4445",thumbnail_grossTrial,thumbnail_grossTrial.png,1245.0,1080.0,337.0,0.0,798.0,692.0,Fixation,433.0,92.0,777.0,479.0,"0,3529","0,4431",,
29941,53591079,1400492862366,Eye Tracker,Participant0058,17.09.2021,Participant0058,Recording4,17.09.2021,17.09.2021,14:48:45.713,12:48:45.713,64514,Timeline2,Tobii I-VT (Fixation),1.145.28180,1080,1920,"10,00",721453804.0,,,778.0,479.0,780.0,472.0,776.0,486.0,"-0,03744","0,05589","-0,99773","-0,15142","0,06463","-0,98635",,,Valid,Valid,"233,1","100,2","516,7","292,0","99,2","517,4","213,7","129,1","212,6","133,1","0,3537","0,4436","0,3554","0,4370","0,3520","0,4503",thumbnail_grossTrial,thumbnail_grossTrial.png,1245.0,1080.0,337.0,0.0,798.0,692.0,Fixation,433.0,92.0,777.0,479.0,"0,3529","0,4431",,
29942,53599396,1400492870683,Eye Tracker,Participant0058,17.09.2021,Participant0058,Recording4,17.09.2021,17.09.2021,14:48:45.713,12:48:45.713,64514,Timeline2,Tobii I-VT (Fixation),1.145.28180,1080,1920,"10,00",721462121.0,,,771.0,479.0,769.0,473.0,774.0,484.0,"-0,04341","0,05657","-0,99745","-0,15225","0,06352","-0,98630","4,05","4,02",Valid,Valid,"233,2","100,1","516,8","292,0","99,2","517,5","210,7","129,5","212,2","132,5","0,3486","0,4431","0,3464","0,4380","0,3508","0,4482",thumbnail_grossTrial,thumbnail_grossTrial.png,1245.0,1080.0,337.0,0.0,798.0,692.0,Fixation,433.0,92.0,777.0,479.0,"0,3529","0,4431",,
29943,53607732,1400492879019,Eye Tracker,Participant0058,17.09.2021,Participant0058,Recording4,17.09.2021,17.09.2021,14:48:45.713,12:48:45.713,64514,Timeline2,Tobii I-VT (Fixation),1.145.28180,1080,1920,"10,00",721470456.0,,,771.0,485.0,774.0,480.0,768.0,489.0,"-0,04079","0,06041","-0,99734","-0,15547","0,06592","-0,98564",,,Valid,Valid,"233,2","100,2","516,8","292,1","99,2","517,4","212,1","131,5","210,5","133,8","0,3481","0,4487","0,3505","0,4449","0,3458","0,4526",thumbnail_grossTrial,thumbnail_grossTrial.png,1245.0,1080.0,337.0,0.0,798.0,692.0,Fixation,433.0,92.0,777.0,479.0,"0,3529","0,4431",,
29944,53616078,1400492887365,Eye Tracker,Participant0058,17.09.2021,Participant0058,Recording4,17.09.2021,17.09.2021,14:48:45.713,12:48:45.713,64514,Timeline2,Tobii I-VT (Fixation),1.145.28180,1080,1920,"10,00",721478802.0,,,772.0,483.0,775.0,481.0,768.0,486.0,"-0,03976","0,06052","-0,99737","-0,15528","0,06460","-0,98576",,,Valid,Valid,"233,1","100,2","516,8","292,0","99,1","517,5","212,5","131,5","210,5","133,1","0,3489","0,4476","0,3518","0,4450","0,3459","0,4502",thumbnail_grossTrial,thumbnail_grossTrial.png,1245.0,1080.0,337.0,0.0,798.0,692.0,Fixation,433.0,92.0,777.0,479.0,"0,3529","0,4431",,
29945,53624367,1400492895654,Eye Tracker,Participant0058,17.09.2021,Participant0058,Recording4,17.09.2021,17.09.2021,14:48:45.713,12:48:45.713,64514,Timeline2,Tobii I-VT (Fixation),1.145.28180,1080,1920,"10,00",721487092.0,,,777.0,481.0,786.0,475.0,769.0,487.0,"-0,03451","0,05748","-0,99775","-0,15503","0,06532","-0,98575","4,38","4,01",Valid,Valid,"233,2","100,1","516,9","292,1","99,1","517,6","215,3","129,9","210,7","133,4","0,3531","0,4454","0,3599","0,4395","0,3463","0,4514",thumbnail_grossTrial,thumbnail_grossTrial.png,1245.0,1080.0,337.0,0.0,798.0,692.0,Fixation,433.0,92.0,777.0,479.0,"0,3529","0,4431",,
29946,53632735,1400492904022,Eye Tracker,Participant0058,17.09.2021,Participant0058,Recording4,17.09.2021,17.09.2021,14:48:45.713,12:48:45.713,64514,Timeline2,Tobii I-VT (Fixation),1.145.28180,1080,1920,"10,00",721495460.0,,,775.0,477.0,781.0,468.0,769.0,486.0,"-0,03698","0,05363","-0,99788","-0,15479","0,06461","-0,98583",,,Valid,Valid,"233,2","100,2","516,8","292,1","99,1","517,6","214,0","128,0","210,8","133,0","0,3516","0,4415","0,3563","0,4329","0,3469","0,4502",thumbnail_grossTrial,thumbnail_grossTrial.png,1245.0,1080.0,337.0,0.0,798.0,692.0,Fixation,433.0,92.0,777.0,479.0,"0,3529","0,4431",,
29947,53641037,1400492912324,Eye Tracker,Participant0058,17.09.2021,Participant0058,Recording4,17.09.2021,17.09.2021,14:48:45.713,12:48:45.713,64514,Timeline2,Tobii I-VT (Fixation),1.145.28180,1080,1920,"10,00",721503761.0,,,786.0,483.0,800.0,484.0,773.0,482.0,"-0,02686","0,06238","-0,99769","-0,15298","0,06264","-0,98624",,,Valid,Valid,"233,1","100,2","516,8","292,0","99,1","517,6","219,2","132,5","211,8","132,0","0,3605","0,4474","0,3714","0,4482","0,3496","0,4466",thumbnail_grossTrial,thumbnail_grossTrial.png,1245.0,1080.0,337.0,0.0,798.0,692.0,Fixation,433.0,92.0,777.0,479.0,"0,3529","0,4431",,
29948,53649404,1400492920691,Eye Tracker,Participant0058,17.09.2021,Participant0058,Recording4,17.09.2021,17.09.2021,14:48:45.713,12:48:45.713,64514,Timeline2,Tobii I-VT (Fixation),1.145.28180,1080,1920,"10,00",721512129.0,,,777.0,482.0,781.0,479.0,773.0,486.0,"-0,03675","0,05978","-0,99753","-0,15272","0,06443","-0,98617","4,36","4,41",Valid,Valid,"233,2","100,1","516,9","292,1","99,1","517,7","214,1","131,1","211,9","132,9","0,3533","0,4466","0,3565","0,4436","0,3500","0,4497",thumbnail_grossTrial,thumbnail_grossTrial.png,1245.0,1080.0,337.0,0.0,798.0,692.0,Fixation,433.0,92.0,777.0,479.0,"0,3529","0,4431",,
29949,53657731,1400492929018,Eye Tracker,Participant0058,17.09.2021,Participant0058,Recording4,17.09.2021,17.09.2021,14:48:45.713,12:48:45.713,64514,Timeline2,Tobii I-VT (Fixation),1.145.28180,1080,1920,"10,00",721520456.0,,,780.0,482.0,785.0,486.0,775.0,478.0,"-0,03509","0,06337","-0,99737","-0,15210","0,06053","-0,98651",,,Valid,Valid,"233,2","100,2","516,8","292,1","99,1","517,6","215,0","133,0","212,3","130,9","0,3551","0,4464","0,3591","0,4500","0,3511","0,4428",thumbnail_grossTrial,thumbnail_grossTrial.png,1245.0,1080.0,337.0,0.0,798.0,692.0,Fixation,433.0,92.0,777.0,479.0,"0,3529","0,4431",,
29950,53666070,1400492937357,Eye Tracker,Participant0058,17.09.2021,Participant0058,Recording4,17.09.2021,17.09.2021,14:48:45.713,12:48:45.713,64514,Timeline2,Tobii I-VT (Fixation),1.145.28180,1080,1920,"10,00",721528795.0,,,778.0,478.0,783.0,474.0,772.0,482.0,"-0,03556","0,05724","-0,99773","-0,15345","0,06268","-0,98617",,,Valid,Valid,"233,1","100,2","516,8","292,0","99,1","517,6","214,7","129,8","211,5","132,0","0,3535","0,4429","0,3582","0,4392","0,3488","0,4466",thumbnail_grossTrial,thumbnail_grossTrial.png,1245.0,1080.0,337.0,0.0,798.0,692.0,Fixation,433.0,92.0,777.0,479.0,"0,3529","0,4431",,
29951,53674363,1400492945650,Eye Tracker,Participant0058,17.09.2021,Participant0058,Recording4,17.09.2021,17.09.2021,14:48:45.713,12:48:45.713,64514,Timeline2,Tobii I-VT (Fixation),1.145.28180,1080,1920,"10,00",721537087.0,,,776.0,476.0,783.0,473.0,770.0,478.0,"-0,03599","0,05669","-0,99774","-0,15440","0,06065","-0,98615","4,39","4,44",Valid,Valid,"233,2","100,2","516,8","292,1","99,1","517,7","214,5","129,5","211,0","130,9","0,3525","0,4406","0,3576","0,4382","0,3474","0,4430",thumbnail_grossTrial,thumbnail_grossTrial.png,1245.0,1080.0,337.0,0.0,798.0,692.0,Fixation,433.0,92.0,777.0,479.0,"0,3529","0,4431",,
29952,53682692,1400492953979,Eye Tracker,Participant0058,17.09.2021,Participant0058,Recording4,17.09.2021,17.09.2021,14:48:45.713,12:48:45.713,64514,Timeline2,Tobii I-VT (Fixation),1.145.28180,1080,1920,"10,00",721545417.0,,,779.0,478.0,786.0,474.0,771.0,483.0,"-0,03417","0,05678","-0,99780","-0,15370","0,06290","-0,98611",,,Valid,Valid,"233,2","100,2","516,7","292,1","99,1","517,6","215,5","129,6","211,4","132,1","0,3545","0,4429","0,3605","0,4386","0,3485","0,4471",thumbnail_grossTrial,thumbnail_grossTrial.png,1245.0,1080.0,337.0,0.0,798.0,692.0,Fixation,433.0,92.0,777.0,479.0,"0,3529","0,4431",,
29953,53691029,1400492962316,Eye Tracker,Participant0058,17.09.2021,Participant0058,Recording4,17.09.2021,17.09.2021,14:48:45.713,12:48:45.713,64514,Timeline2,Tobii I-VT (Fixation),1.145.28180,1080,1920,"10,00",721553754.0,,,784.0,478.0,790.0,482.0,778.0,475.0,"-0,03231","0,06097","-0,99762","-0,15036","0,05871","-0,98689",,,Valid,Valid,"233,1","100,2","516,7","292,0","99,1","517,6","216,4","131,8","213,2","129,9","0,3584","0,4428","0,3631","0,4460","0,3537","0,4395",thumbnail_grossTrial,thumbnail_grossTrial.png,1245.0,1080.0,337.0,0.0,798.0,692.0,Fixation,433.0,92.0,777.0,479.0,"0,3529","0,4431",,
29954,53699386,1400492970673,Eye Tracker,Participant0058,17.09.2021,Participant0058,Recording4,17.09.2021,17.09.2021,14:48:45.713,12:48:45.713,64514,Timeline2,Tobii I-VT (Fixation),1.145.28180,1080,1920,"10,00",721562111.0,,,782.0,476.0,785.0,479.0,779.0,473.0,"-0,03459","0,05967","-0,99762","-0,14969","0,05763","-0,98705","4,22","3,96",Valid,Valid,"233,2","100,2","516,7","292,1","99,1","517,7","215,2","131,1","213,6","129,3","0,3573","0,4407","0,3598","0,4437","0,3549","0,4376",thumbnail_grossTrial,thumbnail_grossTrial.png,1245.0,1080.0,337.0,0.0,798.0,692.0,Fixation,433.0,92.0,777.0,479.0,"0,3529","0,4431",,
29955,53707692,1400492978979,Eye Tracker,Participant0058,17.09.2021,Participant0058,Recording4,17.09.2021,17.09.2021,14:48:45.713,12:48:45.713,64514,Timeline2,Tobii I-VT (Fixation),1.145.28180,1080,1920,"10,00",721570417.0,,,770.0,481.0,779.0,474.0,762.0,489.0,"-0,03809","0,05665","-0,99767","-0,15867","0,06581","-0,98514",,,Valid,Valid,"233,2","100,3","516,5","292,1","99,2","517,6","213,5","129,7","208,7","133,7","0,3476","0,4456","0,3546","0,4387","0,3407","0,4525",thumbnail_grossTrial,thumbnail_grossTrial.png,1245.0,1080.0,337.0,0.0,798.0,692.0,Fixation,433.0,92.0,777.0,479.0,"0,3529","0,4431",,
29956,53716025,1400492987312,Eye Tracker,Participant0058,17.09.2021,Participant0058,Recording4,17.09.2021,17.09.2021,14:48:45.713,12:48:45.713,64514,Timeline2,Tobii I-VT (Fixation),1.145.28180,1080,1920,"10,00",721578750.0,,,784.0,487.0,798.0,488.0,771.0,485.0,"-0,02802","0,06415","-0,99755","-0,15390","0,06405","-0,98601",,,Valid,Valid,"233,1","100,3","516,5","292,0","99,1","517,6","218,6","133,5","211,3","132,8","0,3589","0,4505","0,3697","0,4518","0,3481","0,4492",thumbnail_grossTrial,thumbnail_grossTrial.png,1245.0,1080.0,337.0,0.0,798.0,692.0,Fixation,433.0,92.0,777.0,479.0,"0,3529","0,4431",,
29957,53724386,1400492995673,Eye Tracker,Participant0058,17.09.2021,Participant0058,Recording4,17.09.2021,17.09.2021,14:48:45.713,12:48:45.713,64514,Timeline2,Tobii I-VT (Fixation),1.145.28180,1080,1920,"10,00",721587111.0,,,771.0,491.0,772.0,486.0,769.0,496.0,"-0,04148","0,06323","-0,99714","-0,15457","0,06961","-0,98553","4,02","4,60",Valid,Valid,"233,2","100,3","516,4","292,1","99,1","517,6","211,7","133,1","210,9","135,7","0,3482","0,4547","0,3494","0,4503","0,3470","0,4590",thumbnail_grossTrial,thumbnail_grossTrial.png,1245.0,1080.0,337.0,0.0,798.0,692.0,Fixation,433.0,92.0,777.0,479.0,"0,3529","0,4431",,
29958,53732690,1400493003977,Eye Tracker,Participant0058,17.09.2021,Participant0058,Recording4,17.09.2021,17.09.2021,14:48:45.713,12:48:45.713,64514,Timeline2,Tobii I-VT (Fixation),1.145.28180,1080,1920,"10,00",721595414.0,,,771.0,492.0,777.0,488.0,766.0,496.0,"-0,03933","0,06390","-0,99718","-0,15631","0,06944","-0,98526",,,Valid,Valid,"233,2","100,4","516,3","292,1","99,2","517,6","212,9","133,5","210,0","135,6","0,3486","0,4553","0,3528","0,4517","0,3445","0,4590",thumbnail_grossTrial,thumbnail_grossTrial.png,1245.0,1080.0,337.0,0.0,798.0,692.0,Fixation,433.0,92.0,777.0,479.0,"0,3529","0,4431",,
29959,53741112,1400493012399,Eye Tracker,Participant0058,17.09.2021,Participant0058,Recording4,17.09.2021,17.09.2021,14:48:45.713,12:48:45.713,64514,Timeline2,Tobii I-VT (Fixation),1.145.28180,1080,1920,"10,00",721603837.0,,,773.0,486.0,780.0,478.0,766.0,494.0,"-0,03724","0,05846","-0,99760","-0,15617","0,06886","-0,98533",,,Valid,Valid,"233,2","100,4","516,2","292,1","99,2","517,6","213,9","130,7","210,0","135,3","0,3502","0,4500","0,3558","0,4422","0,3445","0,4579",thumbnail_grossTrial,thumbnail_grossTrial.png,1245.0,1080.0,337.0,0.0,798.0,692.0,Fixation,433.0,92.0,777.0,479.0,"0,3529","0,4431",,
29960,53749377,1400493020664,Eye Tracker,Participant0058,17.09.2021,Participant0058,Recording4,17.09.2021,17.09.2021,14:48:45.713,12:48:45.713,64514,Timeline2,Tobii I-VT (Fixation),1.145.28180,1080,1920,"10,00",721612102.0,,,775.0,481.0,780.0,475.0,770.0,487.0,"-0,03728","0,05728","-0,99766","-0,15430","0,06529","-0,98586","4,03","4,18",Valid,Valid,"233,2","100,5","516,2","292,1","99,1","517,6","213,9","130,1","211,1","133,4","0,3517","0,4458","0,3558","0,4402","0,3476","0,4514",thumbnail_grossTrial,thumbnail_grossTrial.png,1245.0,1080.0,337.0,0.0,798.0,692.0,Fixation,433.0,92.0,777.0,479.0,"0,3529","0,4431",,
29961,53757713,1400493029000,Eye Tracker,Participant0058,17.09.2021,Participant0058,Recording4,17.09.2021,17.09.2021,14:48:45.713,12:48:45.713,64514,Timeline2,Tobii I-VT (Fixation),1.145.28180,1080,1920,"10,00",721620438.0,,,780.0,482.0,781.0,475.0,778.0,488.0,"-0,03694","0,05718","-0,99768","-0,15047","0,06551","-0,98644",,,Valid,Valid,"233,2","100,5","516,1","292,2","99,1","517,6","214,1","130,1","213,3","133,5","0,3552","0,4460","0,3564","0,4402","0,3539","0,4517",thumbnail_grossTrial,thumbnail_grossTrial.png,1245.0,1080.0,337.0,0.0,798.0,692.0,Fixation,433.0,92.0,777.0,479.0,"0,3529","0,4431",,
29962,53766048,1400493037335,Eye Tracker,Participant0058,17.09.2021,Participant0058,Recording4,17.09.2021,17.09.2021,14:48:45.713,12:48:45.713,64514,Timeline2,Tobii I-VT (Fixation),1.145.28180,1080,1920,"10,00",721628773.0,,,784.0,481.0,780.0,477.0,787.0,486.0,"-0,03751","0,05802","-0,99761","-0,14569","0,06463","-0,98722",,,Valid,Valid,"233,1","100,5","516,0","292,2","99,0","517,8","213,7","130,5","215,8","132,9","0,3583","0,4457","0,3554","0,4416","0,3613","0,4498",thumbnail_grossTrial,thumbnail_grossTrial.png,1245.0,1080.0,337.0,0.0,798.0,692.0,Fixation,433.0,92.0,777.0,479.0,"0,3529","0,4431",,
29963,53774381,1400493045668,Eye Tracker,Participant0058,17.09.2021,Participant0058,Recording4,17.09.2021,17.09.2021,14:48:45.713,12:48:45.713,64514,Timeline2,Tobii I-VT (Fixation),1.145.28180,1080,1920,"10,00",721637106.0,,,790.0,481.0,788.0,477.0,793.0,485.0,"-0,03336","0,05844","-0,99773","-0,14268","0,06429","-0,98768","3,95","3,95",Valid,Valid,"233,1","100,4","516,0","292,2","98,9","517,9","215,9","130,7","217,4","132,6","0,3639","0,4453","0,3617","0,4420","0,3661","0,4486",thumbnail_grossTrial,thumbnail_grossTrial.png,1245.0,1080.0,337.0,0.0,798.0,692.0,Saccade,17.0,197.0,,,,,,
29964,53782712,1400493053999,Eye Tracker,Participant0058,17.09.2021,Participant0058,Recording4,17.09.2021,17.09.2021,14:48:45.713,12:48:45.713,64514,Timeline2,Tobii I-VT (Fixation),1.145.28180,1080,1920,"10,00",721645437.0,,,810.0,461.0,,,810.0,461.0,,,,"-0,13401","0,05186","-0,98962",,,Invalid,Valid,,,,"292,2","98,9","517,7",,,"222,1","126,0","0,3799","0,4265",,,"0,3799","0,4265",thumbnail_grossTrial,thumbnail_grossTrial.png,1245.0,1080.0,337.0,0.0,798.0,692.0,Saccade,17.0,197.0,,,,,,
29965,53791052,1400493062339,Eye Tracker,Participant0058,17.09.2021,Participant0058,Recording4,17.09.2021,17.09.2021,14:48:45.713,12:48:45.713,64514,Timeline2,Tobii I-VT (Fixation),1.145.28180,1080,1920,"10,00",721653777.0,,,,,,,,,,,,,,,,,Invalid,Invalid,,,,,,,,,,,,,,,,,thumbnail_grossTrial,thumbnail_grossTrial.png,1245.0,1080.0,337.0,0.0,798.0,692.0,EyesNotFound,125.0,483.0,,,,,,
29966,53799346,1400493070633,Eye Tracker,Participant0058,17.09.2021,Participant0058,Recording4,17.09.2021,17.09.2021,14:48:45.713,12:48:45.713,64514,Timeline2,Tobii I-VT (Fixation),1.145.28180,1080,1920,"10,00",721662071.0,,,,,,,,,,,,,,,,,Invalid,Invalid,,,,,,,,,,,,,,,,,thumbnail_grossTrial,thumbnail_grossTrial.png,1245.0,1080.0,337.0,0.0,798.0,692.0,EyesNotFound,125.0,483.0,,,,,,
29967,53807705,1400493078992,Eye Tracker,Participant0058,17.09.2021,Participant0058,Recording4,17.09.2021,17.09.2021,14:48:45.713,12:48:45.713,64514,Timeline2,Tobii I-VT (Fixation),1.145.28180,1080,1920,"10,00",721670430.0,,,,,,,,,,,,,,,,,Invalid,Invalid,,,,,,,,,,,,,,,,,thumbnail_grossTrial,thumbnail_grossTrial.png,1245.0,1080.0,337.0,0.0,798.0,692.0,EyesNotFound,125.0,483.0,,,,,,
29968,53816013,1400493087300,Eye Tracker,Participant0058,17.09.2021,Participant0058,Recording4,17.09.2021,17.09.2021,14:48:45.713,12:48:45.713,64514,Timeline2,Tobii I-VT (Fixation),1.145.28180,1080,1920,"10,00",721678738.0,,,,,,,,,,,,,,,,,Invalid,Invalid,,,,,,,,,,,,,,,,,thumbnail_grossTrial,thumbnail_grossTrial.png,1245.0,1080.0,337.0,0.0,798.0,692.0,EyesNotFound,125.0,483.0,,,,,,
29969,53824373,1400493095660,Eye Tracker,Participant0058,17.09.2021,Participant0058,Recording4,17.09.2021,17.09.2021,14:48:45.713,12:48:45.713,64514,Timeline2,Tobii I-VT (Fixation),1.145.28180,1080,1920,"10,00",721687098.0,,,,,,,,,,,,,,,,,Invalid,Invalid,,,,,,,,,,,,,,,,,thumbnail_grossTrial,thumbnail_grossTrial.png,1245.0,1080.0,337.0,0.0,798.0,692.0,EyesNotFound,125.0,483.0,,,,,,
29970,53832675,1400493103962,Eye Tracker,Participant0058,17.09.2021,Participant0058,Recording4,17.09.2021,17.09.2021,14:48:45.713,12:48:45.713,64514,Timeline2,Tobii I-VT (Fixation),1.145.28180,1080,1920,"10,00",721695400.0,,,,,,,,,,,,,,,,,Invalid,Invalid,,,,,,,,,,,,,,,,,thumbnail_grossTrial,thumbnail_grossTrial.png,1245.0,1080.0,337.0,0.0,798.0,692.0,EyesNotFound,125.0,483.0,,,,,,
29971,53841009,1400493112296,Eye Tracker,Participant0058,17.09.2021,Participant0058,Recording4,17.09.2021,17.09.2021,14:48:45.713,12:48:45.713,64514,Timeline2,Tobii I-VT (Fixation),1.145.28180,1080,1920,"10,00",721703734.0,,,,,,,,,,,,,,,,,Invalid,Invalid,,,,,,,,,,,,,,,,,thumbnail_grossTrial,thumbnail_grossTrial.png,1245.0,1080.0,337.0,0.0,798.0,692.0,EyesNotFound,125.0,483.0,,,,,,
29972,53849373,1400493120660,Eye Tracker,Participant0058,17.09.2021,Participant0058,Recording4,17.09.2021,17.09.2021,14:48:45.713,12:48:45.713,64514,Timeline2,Tobii I-VT (Fixation),1.145.28180,1080,1920,"10,00",721712098.0,,,,,,,,,,,,,,,,,Invalid,Invalid,,,,,,,,,,,,,,,,,thumbnail_grossTrial,thumbnail_grossTrial.png,1245.0,1080.0,337.0,0.0,798.0,692.0,EyesNotFound,125.0,483.0,,,,,,
29973,53857717,1400493129004,Eye Tracker,Participant0058,17.09.2021,Participant0058,Recording4,17.09.2021,17.09.2021,14:48:45.713,12:48:45.713,64514,Timeline2,Tobii I-VT (Fixation),1.145.28180,1080,1920,"10,00",721720443.0,,,,,,,,,,,,,,,,,Invalid,Invalid,,,,,,,,,,,,,,,,,thumbnail_grossTrial,thumbnail_grossTrial.png,1245.0,1080.0,337.0,0.0,798.0,692.0,EyesNotFound,125.0,483.0,,,,,,
29974,53866125,1400493137412,Eye Tracker,Participant0058,17.09.2021,Participant0058,Recording4,17.09.2021,17.09.2021,14:48:45.713,12:48:45.713,64514,Timeline2,Tobii I-VT (Fixation),1.145.28180,1080,1920,"10,00",721728850.0,,,,,,,,,,,,,,,,,Invalid,Invalid,,,,,,,,,,,,,,,,,thumbnail_grossTrial,thumbnail_grossTrial.png,1245.0,1080.0,337.0,0.0,798.0,692.0,EyesNotFound,125.0,483.0,,,,,,
29975,53874338,1400493145625,Eye Tracker,Participant0058,17.09.2021,Participant0058,Recording4,17.09.2021,17.09.2021,14:48:45.713,12:48:45.713,64514,Timeline2,Tobii I-VT (Fixation),1.145.28180,1080,1920,"10,00",721737063.0,,,,,,,,,,,,,,,,,Invalid,Invalid,,,,,,,,,,,,,,,,,thumbnail_grossTrial,thumbnail_grossTrial.png,1245.0,1080.0,337.0,0.0,798.0,692.0,EyesNotFound,125.0,483.0,,,,,,
29976,53882710,1400493153997,Eye Tracker,Participant0058,17.09.2021,Participant0058,Recording4,17.09.2021,17.09.2021,14:48:45.713,12:48:45.713,64514,Timeline2,Tobii I-VT (Fixation),1.145.28180,1080,1920,"10,00",721745435.0,,,,,,,,,,,,,,,,,Invalid,Invalid,,,,,,,,,,,,,,,,,thumbnail_grossTrial,thumbnail_grossTrial.png,1245.0,1080.0,337.0,0.0,798.0,692.0,EyesNotFound,125.0,483.0,,,,,,
29977,53891042,1400493162329,Eye Tracker,Participant0058,17.09.2021,Participant0058,Recording4,17.09.2021,17.09.2021,14:48:45.713,12:48:45.713,64514,Timeline2,Tobii I-VT (Fixation),1.145.28180,1080,1920,"10,00",721753768.0,,,,,,,,,,,,,,,,,Invalid,Invalid,,,,,,,,,,,,,,,,,thumbnail_grossTrial,thumbnail_grossTrial.png,1245.0,1080.0,337.0,0.0,798.0,692.0,EyesNotFound,125.0,483.0,,,,,,
29978,53899379,1400493170666,Eye Tracker,Participant0058,17.09.2021,Participant0058,Recording4,17.09.2021,17.09.2021,14:48:45.713,12:48:45.713,64514,Timeline2,Tobii I-VT (Fixation),1.145.28180,1080,1920,"10,00",721762104.0,,,,,,,,,,,,,,,,,Invalid,Invalid,,,,,,,,,,,,,,,,,thumbnail_grossTrial,thumbnail_grossTrial.png,1245.0,1080.0,337.0,0.0,798.0,692.0,EyesNotFound,125.0,483.0,,,,,,
29979,53907677,1400493178964,Eye Tracker,Participant0058,17.09.2021,Participant0058,Recording4,17.09.2021,17.09.2021,14:48:45.713,12:48:45.713,64514,Timeline2,Tobii I-VT (Fixation),1.145.28180,1080,1920,"10,00",721770402.0,,,,,,,,,,,,,,,,,Invalid,Invalid,,,,,,,,,,,,,,,,,thumbnail_grossTrial,thumbnail_grossTrial.png,1245.0,1080.0,337.0,0.0,798.0,692.0,EyesNotFound,125.0,483.0,,,,,,
29980,53916028,1400493187315,Eye Tracker,Participant0058,17.09.2021,Participant0058,Recording4,17.09.2021,17.09.2021,14:48:45.713,12:48:45.713,64514,Timeline2,Tobii I-VT (Fixation),1.145.28180,1080,1920,"10,00",721778754.0,,,840.0,569.0,,,840.0,569.0,,,,"-0,11856","0,10862","-0,98699",,,Invalid,Valid,,,,"292,3","98,8","517,4",,,"230,1","155,7","0,4034","0,5268",,,"0,4034","0,5268",thumbnail_grossTrial,thumbnail_grossTrial.png,1245.0,1080.0,337.0,0.0,798.0,692.0,Saccade,17.0,198.0,,,,,,
29981,53924390,1400493195677,Eye Tracker,Participant0058,17.09.2021,Participant0058,Recording4,17.09.2021,17.09.2021,14:48:45.713,12:48:45.713,64514,Timeline2,Tobii I-VT (Fixation),1.145.28180,1080,1920,"10,00",721787115.0,,,839.0,535.0,,,839.0,535.0,,,,"-0,11947","0,09123","-0,98864",,"3,64",Invalid,Valid,,,,"292,3","98,8","517,4",,,"229,8","146,5","0,4024","0,4957",,,"0,4024","0,4957",thumbnail_grossTrial,thumbnail_grossTrial.png,1245.0,1080.0,337.0,0.0,798.0,692.0,Saccade,17.0,198.0,,,,,,
29982,53932705,1400493203992,Eye Tracker,Participant0058,17.09.2021,Participant0058,Recording4,17.09.2021,17.09.2021,14:48:45.713,12:48:45.713,64514,Timeline2,Tobii I-VT (Fixation),1.145.28180,1080,1920,"10,00",721795430.0,,,845.0,550.0,829.0,559.0,860.0,541.0,"-0,01168","0,10181","-0,99474","-0,10814","0,09424","-0,98966",,,Valid,Valid,"233,4","100,2","515,9","292,4","98,9","517,4","227,3","153,0","235,8","148,1","0,4076","0,5094","0,3951","0,5176","0,4201","0,5011",thumbnail_grossTrial,thumbnail_grossTrial.png,1245.0,1080.0,337.0,0.0,798.0,692.0,Unclassified,8.0,524.0,,,,,,
29983,53941047,1400493212334,Eye Tracker,Participant0058,17.09.2021,Participant0058,Recording4,17.09.2021,17.09.2021,14:48:45.713,12:48:45.713,64514,Timeline2,Tobii I-VT (Fixation),1.145.28180,1080,1920,"10,00",721803772.0,,,827.0,540.0,776.0,588.0,877.0,492.0,"-0,03971","0,11690","-0,99235","-0,09950","0,06883","-0,99265",,,Valid,Valid,"233,3","100,2","515,9","292,3","98,9","517,4","212,7","161,0","240,4","134,8","0,3929","0,5003","0,3522","0,5446","0,4336","0,4559",thumbnail_grossTrial,thumbnail_grossTrial.png,1245.0,1080.0,337.0,0.0,798.0,692.0,Saccade,25.0,199.0,,,,,,
29984,53949345,1400493220632,Eye Tracker,Participant0058,17.09.2021,Participant0058,Recording4,17.09.2021,17.09.2021,14:48:45.713,12:48:45.713,64514,Timeline2,Tobii I-VT (Fixation),1.145.28180,1080,1920,"10,00",721812071.0,,,808.0,538.0,808.0,538.0,,,"-0,02288","0,09069","-0,99562",,,,"3,95",,Valid,Invalid,"233,3","100,2","515,9",,,,"221,5","147,2",,,"0,3781","0,4980","0,3781","0,4980",,,thumbnail_grossTrial,thumbnail_grossTrial.png,1245.0,1080.0,337.0,0.0,798.0,692.0,Saccade,25.0,199.0,,,,,,
29985,53957707,1400493228994,Eye Tracker,Participant0058,17.09.2021,Participant0058,Recording4,17.09.2021,17.09.2021,14:48:45.713,12:48:45.713,64514,Timeline2,Tobii I-VT (Fixation),1.145.28180,1080,1920,"10,00",721820432.0,,,848.0,460.0,848.0,462.0,849.0,458.0,"-0,00178","0,05089","-0,99870","-0,11465","0,05074","-0,99211",,,Valid,Valid,"233,4","100,3","515,9","292,4","99,0","517,3","232,5","126,6","232,6","125,4","0,4104","0,4262","0,4103","0,4282","0,4106","0,4243",thumbnail_grossTrial,thumbnail_grossTrial.png,1245.0,1080.0,337.0,0.0,798.0,692.0,Saccade,25.0,199.0,,,,,,
29986,53966009,1400493237296,Eye Tracker,Participant0058,17.09.2021,Participant0058,Recording4,17.09.2021,17.09.2021,14:48:45.713,12:48:45.713,64514,Timeline2,Tobii I-VT (Fixation),1.145.28180,1080,1920,"10,00",721828734.0,,,852.0,454.0,851.0,452.0,852.0,455.0,"-0,00019","0,04550","-0,99896","-0,11272","0,04906","-0,99241",,,Valid,Valid,"233,3","100,3","515,8","292,3","99,0","517,3","233,2","123,8","233,6","124,6","0,4129","0,4201","0,4125","0,4188","0,4134","0,4215",thumbnail_grossTrial,thumbnail_grossTrial.png,1245.0,1080.0,337.0,0.0,798.0,692.0,Unclassified,8.0,525.0,,,,,,
29987,53974352,1400493245639,Eye Tracker,Participant0058,17.09.2021,Participant0058,Recording4,17.09.2021,17.09.2021,14:48:45.713,12:48:45.713,64514,Timeline2,Tobii I-VT (Fixation),1.145.28180,1080,1920,"10,00",721837078.0,,,850.0,447.0,850.0,447.0,,,"-0,00077","0,04258","-0,99909",,,,"3,97",,Valid,Invalid,"233,4","100,3","515,7",,,,"233,0","122,3",,,"0,4117","0,4138","0,4117","0,4138",,,thumbnail_grossTrial,thumbnail_grossTrial.png,1245.0,1080.0,337.0,0.0,798.0,692.0,Saccade,17.0,200.0,,,,,,
29988,53982684,1400493253971,Eye Tracker,Participant0058,17.09.2021,Participant0058,Recording4,17.09.2021,17.09.2021,14:48:45.713,12:48:45.713,64514,Timeline2,Tobii I-VT (Fixation),1.145.28180,1080,1920,"10,00",721845410.0,,,853.0,415.0,846.0,431.0,860.0,399.0,"-0,00315","0,03392","-0,99942","-0,10896","0,01949","-0,99385",,,Valid,Valid,"233,4","100,4","515,5","292,4","99,1","517,0","231,8","117,9","235,7","109,2","0,4140","0,3843","0,4083","0,3990","0,4196","0,3696",thumbnail_grossTrial,thumbnail_grossTrial.png,1245.0,1080.0,337.0,0.0,798.0,692.0,Saccade,17.0,200.0,,,,,,
29989,53991023,1400493262310,Eye Tracker,Participant0058,17.09.2021,Participant0058,Recording4,17.09.2021,17.09.2021,14:48:45.713,12:48:45.713,64514,Timeline2,Tobii I-VT (Fixation),1.145.28180,1080,1920,"10,00",721853748.0,,,852.0,416.0,847.0,421.0,857.0,410.0,"-0,00217","0,02865","-0,99959","-0,11024","0,02524","-0,99358",,,Valid,Valid,"233,4","100,5","515,4","292,3","99,1","517,0","232,2","115,3","234,9","112,2","0,4135","0,3849","0,4096","0,3900","0,4174","0,3797",thumbnail_grossTrial,thumbnail_grossTrial.png,1245.0,1080.0,337.0,0.0,798.0,692.0,Unclassified,25.0,526.0,,,,,,
29990,53999356,1400493270643,Eye Tracker,Participant0058,17.09.2021,Participant0058,Recording4,17.09.2021,17.09.2021,14:48:45.713,12:48:45.713,64514,Timeline2,Tobii I-VT (Fixation),1.145.28180,1080,1920,"10,00",721862082.0,,,850.0,423.0,,,850.0,423.0,,,,"-0,11424","0,03206","-0,99294",,"4,26",Invalid,Valid,,,,"292,3","99,1","517,0",,,"232,8","115,8","0,4113","0,3918",,,"0,4113","0,3918",thumbnail_grossTrial,thumbnail_grossTrial.png,1245.0,1080.0,337.0,0.0,798.0,692.0,Unclassified,25.0,526.0,,,,,,
29991,54007655,1400493278942,Eye Tracker,Participant0058,17.09.2021,Participant0058,Recording4,17.09.2021,17.09.2021,14:48:45.713,12:48:45.713,64514,Timeline2,Tobii I-VT (Fixation),1.145.28180,1080,1920,"10,00",721870381.0,,,842.0,414.0,830.0,404.0,853.0,424.0,"-0,01148","0,01932","-0,99975","-0,11239","0,03247","-0,99313",,,Valid,Valid,"233,4","100,6","515,1","292,3","99,2","516,8","227,5","110,6","233,8","116,1","0,4050","0,3834","0,3958","0,3741","0,4143","0,3927",thumbnail_grossTrial,thumbnail_grossTrial.png,1245.0,1080.0,337.0,0.0,798.0,692.0,Unclassified,25.0,526.0,,,,,,
29992,54016069,1400493287356,Eye Tracker,Participant0058,17.09.2021,Participant0058,Recording4,17.09.2021,17.09.2021,14:48:45.713,12:48:45.713,64514,Timeline2,Tobii I-VT (Fixation),1.145.28180,1080,1920,"10,00",721878795.0,,,847.0,412.0,833.0,404.0,861.0,421.0,"-0,00983","0,01932","-0,99977","-0,10800","0,03074","-0,99368",,,Valid,Valid,"233,4","100,6","515,0","292,3","99,2","516,8","228,3","110,6","236,1","115,2","0,4095","0,3819","0,3981","0,3742","0,4209","0,3897",thumbnail_grossTrial,thumbnail_grossTrial.png,1245.0,1080.0,337.0,0.0,798.0,692.0,Saccade,17.0,201.0,,,,,,
29993,54024407,1400493295694,Eye Tracker,Participant0058,17.09.2021,Participant0058,Recording4,17.09.2021,17.09.2021,14:48:45.713,12:48:45.713,64514,Timeline2,Tobii I-VT (Fixation),1.145.28180,1080,1920,"10,00",721887132.0,,,869.0,390.0,,,869.0,390.0,,,,"-0,10432","0,01471","-0,99443",,"4,68",Invalid,Valid,,,,"292,3","99,2","516,8",,,"238,1","106,8","0,4267","0,3614",,,"0,4267","0,3614",thumbnail_grossTrial,thumbnail_grossTrial.png,1245.0,1080.0,337.0,0.0,798.0,692.0,Saccade,17.0,201.0,,,,,,
29994,54032683,1400493303970,Eye Tracker,Participant0058,17.09.2021,Participant0058,Recording4,17.09.2021,17.09.2021,14:48:45.713,12:48:45.713,64514,Timeline2,Tobii I-VT (Fixation),1.145.28180,1080,1920,"10,00",721895409.0,,,849.0,392.0,834.0,399.0,865.0,385.0,"-0,00953","0,01660","-0,99982","-0,10660","0,01163","-0,99423",,,Valid,Valid,"233,5","100,7","514,8","292,3","99,3","516,6","228,6","109,3","236,9","105,3","0,4110","0,3630","0,3988","0,3697","0,4233","0,3563",thumbnail_grossTrial,thumbnail_grossTrial.png,1245.0,1080.0,337.0,0.0,798.0,692.0,Unclassified,8.0,527.0,,,,,,
29995,54041045,1400493312332,Eye Tracker,Participant0058,17.09.2021,Participant0058,Recording4,17.09.2021,17.09.2021,14:48:45.713,12:48:45.713,64514,Timeline2,Tobii I-VT (Fixation),1.145.28180,1080,1920,"10,00",721903771.0,,,849.0,394.0,836.0,405.0,862.0,382.0,"-0,00814","0,01982","-0,99977","-0,10791","0,01033","-0,99411",,,Valid,Valid,"233,4","100,8","514,7","292,3","99,3","516,6","229,2","111,0","236,2","104,7","0,4109","0,3648","0,4007","0,3754","0,4211","0,3541",thumbnail_grossTrial,thumbnail_grossTrial.png,1245.0,1080.0,337.0,0.0,798.0,692.0,Saccade,17.0,202.0,,,,,,
29996,54049355,1400493320642,Eye Tracker,Participant0058,17.09.2021,Participant0058,Recording4,17.09.2021,17.09.2021,14:48:45.713,12:48:45.713,64514,Timeline2,Tobii I-VT (Fixation),1.145.28180,1080,1920,"10,00",721912081.0,,,855.0,412.0,,,855.0,412.0,,,,"-0,11152","0,02599","-0,99342",,"3,82",Invalid,Valid,,,,"292,3","99,3","516,5",,,"234,3","112,8","0,4156","0,3817",,,"0,4156","0,3817",thumbnail_grossTrial,thumbnail_grossTrial.png,1245.0,1080.0,337.0,0.0,798.0,692.0,Saccade,17.0,202.0,,,,,,
29997,54057698,1400493328985,Eye Tracker,Participant0058,17.09.2021,Participant0058,Recording4,17.09.2021,17.09.2021,14:48:45.713,12:48:45.713,64514,Timeline2,Tobii I-VT (Fixation),1.145.28180,1080,1920,"10,00",721920424.0,,,848.0,416.0,837.0,413.0,858.0,418.0,"-0,00816","0,02358","-0,99969","-0,10970","0,02908","-0,99354",,,Valid,Valid,"233,5","100,9","514,5","292,3","99,4","516,4","229,3","113,0","235,3","114,5","0,4097","0,3849","0,4009","0,3823","0,4185","0,3874",thumbnail_grossTrial,thumbnail_grossTrial.png,1245.0,1080.0,337.0,0.0,798.0,692.0,Fixation,642.0,93.0,840.0,422.0,"0,4039","0,3906",,
29998,54065984,1400493337271,Eye Tracker,Participant0058,17.09.2021,Participant0058,Recording4,17.09.2021,17.09.2021,14:48:45.713,12:48:45.713,64514,Timeline2,Tobii I-VT (Fixation),1.145.28180,1080,1920,"10,00",721928710.0,,,851.0,411.0,836.0,403.0,865.0,418.0,"-0,00809","0,01839","-0,99980","-0,10623","0,02875","-0,99393",,,Valid,Valid,"233,4","100,9","514,5","292,2","99,4","516,3","229,2","110,4","237,1","114,3","0,4122","0,3801","0,4008","0,3734","0,4237","0,3869",thumbnail_grossTrial,thumbnail_grossTrial.png,1245.0,1080.0,337.0,0.0,798.0,692.0,Fixation,642.0,93.0,840.0,422.0,"0,4039","0,3906",,
29999,54074314,1400493345601,Eye Tracker,Participant0058,17.09.2021,Participant0058,Recording4,17.09.2021,17.09.2021,14:48:45.713,12:48:45.713,64514,Timeline2,Tobii I-VT (Fixation),1.145.28180,1080,1920,"10,00",721937040.0,,,864.0,422.0,,,864.0,422.0,,,,"-0,10695","0,03067","-0,99379",,"3,81",Invalid,Valid,,,,"292,3","99,4","516,3",,,"236,7","115,4","0,4226","0,3903",,,"0,4226","0,3903",thumbnail_grossTrial,thumbnail_grossTrial.png,1245.0,1080.0,337.0,0.0,798.0,692.0,Fixation,642.0,93.0,840.0,422.0,"0,4039","0,3906",,
30000,54082647,1400493353934,Eye Tracker,Participant0058,17.09.2021,Participant0058,Recording4,17.09.2021,17.09.2021,14:48:45.713,12:48:45.713,64514,Timeline2,Tobii I-VT (Fixation),1.145.28180,1080,1920,"10,00",721945373.0,,,846.0,412.0,829.0,395.0,864.0,428.0,"-0,01218","0,01403","-0,99983","-0,10697","0,03387","-0,99369",,,Valid,Valid,"233,5","101,0","514,3","292,3","99,5","516,2","227,2","108,2","236,7","117,1","0,4087","0,3812","0,3948","0,3662","0,4226","0,3962",thumbnail_grossTrial,thumbnail_grossTrial.png,1245.0,1080.0,337.0,0.0,798.0,692.0,Fixation,642.0,93.0,840.0,422.0,"0,4039","0,3906",,
30001,54091007,1400493362294,Eye Tracker,Participant0058,17.09.2021,Participant0058,Recording4,17.09.2021,17.09.2021,14:48:45.713,12:48:45.713,64514,Timeline2,Tobii I-VT (Fixation),1.145.28180,1080,1920,"10,00",721953733.0,,,847.0,418.0,834.0,410.0,861.0,427.0,"-0,00947","0,02176","-0,99972","-0,10831","0,03334","-0,99356",,,Valid,Valid,"233,4","101,0","514,2","292,2","99,5","516,2","228,5","112,2","235,9","116,8","0,4096","0,3875","0,3987","0,3797","0,4204","0,3953",thumbnail_grossTrial,thumbnail_grossTrial.png,1245.0,1080.0,337.0,0.0,798.0,692.0,Fixation,642.0,93.0,840.0,422.0,"0,4039","0,3906",,
30002,54099341,1400493370628,Eye Tracker,Participant0058,17.09.2021,Participant0058,Recording4,17.09.2021,17.09.2021,14:48:45.713,12:48:45.713,64514,Timeline2,Tobii I-VT (Fixation),1.145.28180,1080,1920,"10,00",721962067.0,,,852.0,434.0,847.0,437.0,858.0,430.0,"-0,00244","0,03592","-0,99935","-0,11006","0,03528","-0,99330","3,90","3,78",Valid,Valid,"233,4","101,0","514,2","292,3","99,5","516,1","232,2","119,5","235,1","117,8","0,4136","0,4014","0,4094","0,4043","0,4178","0,3986",thumbnail_grossTrial,thumbnail_grossTrial.png,1245.0,1080.0,337.0,0.0,798.0,692.0,Fixation,642.0,93.0,840.0,422.0,"0,4039","0,3906",,
30003,54107733,1400493379020,Eye Tracker,Participant0058,17.09.2021,Participant0058,Recording4,17.09.2021,17.09.2021,14:48:45.713,12:48:45.713,64514,Timeline2,Tobii I-VT (Fixation),1.145.28180,1080,1920,"10,00",721970459.0,,,856.0,432.0,850.0,436.0,863.0,429.0,"-0,00110","0,03518","-0,99938","-0,10739","0,03428","-0,99363",,,Valid,Valid,"233,5","101,1","514,1","292,3","99,6","516,0","232,9","119,2","236,5","117,4","0,4168","0,4002","0,4116","0,4033","0,4220","0,3971",thumbnail_grossTrial,thumbnail_grossTrial.png,1245.0,1080.0,337.0,0.0,798.0,692.0,Fixation,642.0,93.0,840.0,422.0,"0,4039","0,3906",,
30004,54115992,1400493387279,Eye Tracker,Participant0058,17.09.2021,Participant0058,Recording4,17.09.2021,17.09.2021,14:48:45.713,12:48:45.713,64514,Timeline2,Tobii I-VT (Fixation),1.145.28180,1080,1920,"10,00",721978718.0,,,854.0,434.0,850.0,436.0,857.0,432.0,"-0,00072","0,03517","-0,99938","-0,11021","0,03588","-0,99326",,,Valid,Valid,"233,4","101,1","514,1","292,2","99,6","516,0","233,1","119,2","235,0","118,2","0,4147","0,4016","0,4120","0,4033","0,4175","0,4000",thumbnail_grossTrial,thumbnail_grossTrial.png,1245.0,1080.0,337.0,0.0,798.0,692.0,Fixation,642.0,93.0,840.0,422.0,"0,4039","0,3906",,
30005,54124323,1400493395610,Eye Tracker,Participant0058,17.09.2021,Participant0058,Recording4,17.09.2021,17.09.2021,14:48:45.713,12:48:45.713,64514,Timeline2,Tobii I-VT (Fixation),1.145.28180,1080,1920,"10,00",721987049.0,,,858.0,437.0,852.0,442.0,865.0,432.0,"-0,00004","0,03882","-0,99925","-0,10619","0,03627","-0,99368","3,93","4,09",Valid,Valid,"233,5","101,0","514,1","292,2","99,5","516,0","233,4","121,0","237,1","118,3","0,4184","0,4049","0,4131","0,4094","0,4238","0,4004",thumbnail_grossTrial,thumbnail_grossTrial.png,1245.0,1080.0,337.0,0.0,798.0,692.0,Fixation,642.0,93.0,840.0,422.0,"0,4039","0,3906",,
30006,54132684,1400493403971,Eye Tracker,Participant0058,17.09.2021,Participant0058,Recording4,17.09.2021,17.09.2021,14:48:45.713,12:48:45.713,64514,Timeline2,Tobii I-VT (Fixation),1.145.28180,1080,1920,"10,00",721995410.0,,,856.0,432.0,853.0,445.0,859.0,418.0,"0,00069","0,03995","-0,99920","-0,10956","0,02874","-0,99356",,,Valid,Valid,"233,5","101,1","514,0","292,3","99,6","516,0","233,9","121,7","235,4","114,5","0,4165","0,3996","0,4143","0,4117","0,4187","0,3875",thumbnail_grossTrial,thumbnail_grossTrial.png,1245.0,1080.0,337.0,0.0,798.0,692.0,Fixation,642.0,93.0,840.0,422.0,"0,4039","0,3906",,
30007,54141016,1400493412303,Eye Tracker,Participant0058,17.09.2021,Participant0058,Recording4,17.09.2021,17.09.2021,14:48:45.713,12:48:45.713,64514,Timeline2,Tobii I-VT (Fixation),1.145.28180,1080,1920,"10,00",722003742.0,,,856.0,432.0,854.0,446.0,859.0,418.0,"0,00118","0,04052","-0,99918","-0,10960","0,02835","-0,99357",,,Valid,Valid,"233,4","101,1","514,1","292,2","99,6","516,0","234,1","122,0","235,3","114,3","0,4167","0,3997","0,4149","0,4126","0,4185","0,3867",thumbnail_grossTrial,thumbnail_grossTrial.png,1245.0,1080.0,337.0,0.0,798.0,692.0,Fixation,642.0,93.0,840.0,422.0,"0,4039","0,3906",,
30008,54149306,1400493420593,Eye Tracker,Participant0058,17.09.2021,Participant0058,Recording4,17.09.2021,17.09.2021,14:48:45.713,12:48:45.713,64514,Timeline2,Tobii I-VT (Fixation),1.145.28180,1080,1920,"10,00",722012032.0,,,856.0,428.0,852.0,438.0,860.0,419.0,"0,00018","0,03641","-0,99934","-0,10906","0,02921","-0,99361","3,90","3,79",Valid,Valid,"233,5","101,0","514,1","292,3","99,5","516,1","233,6","119,8","235,6","114,7","0,4165","0,3966","0,4135","0,4052","0,4195","0,3879",thumbnail_grossTrial,thumbnail_grossTrial.png,1245.0,1080.0,337.0,0.0,798.0,692.0,Fixation,642.0,93.0,840.0,422.0,"0,4039","0,3906",,
30009,54157638,1400493428925,Eye Tracker,Participant0058,17.09.2021,Participant0058,Recording4,17.09.2021,17.09.2021,14:48:45.713,12:48:45.713,64514,Timeline2,Tobii I-VT (Fixation),1.145.28180,1080,1920,"10,00",722020364.0,,,854.0,435.0,850.0,440.0,858.0,429.0,"-0,00105","0,03756","-0,99929","-0,11017","0,03438","-0,99332",,,Valid,Valid,"233,5","101,1","514,1","292,3","99,6","516,0","233,0","120,4","235,1","117,4","0,4148","0,4024","0,4117","0,4074","0,4178","0,3973",thumbnail_grossTrial,thumbnail_grossTrial.png,1245.0,1080.0,337.0,0.0,798.0,692.0,Fixation,642.0,93.0,840.0,422.0,"0,4039","0,3906",,
30010,54166003,1400493437290,Eye Tracker,Participant0058,17.09.2021,Participant0058,Recording4,17.09.2021,17.09.2021,14:48:45.713,12:48:45.713,64514,Timeline2,Tobii I-VT (Fixation),1.145.28180,1080,1920,"10,00",722028729.0,,,852.0,431.0,844.0,437.0,859.0,425.0,"-0,00403","0,03590","-0,99935","-0,10948","0,03205","-0,99347",,,Valid,Valid,"233,5","101,1","514,1","292,2","99,5","516,1","231,4","119,5","235,4","116,2","0,4129","0,3988","0,4071","0,4044","0,4187","0,3931",thumbnail_grossTrial,thumbnail_grossTrial.png,1245.0,1080.0,337.0,0.0,798.0,692.0,Fixation,642.0,93.0,840.0,422.0,"0,4039","0,3906",,
30011,54174303,1400493445590,Eye Tracker,Participant0058,17.09.2021,Participant0058,Recording4,17.09.2021,17.09.2021,14:48:45.713,12:48:45.713,64514,Timeline2,Tobii I-VT (Fixation),1.145.28180,1080,1920,"10,00",722037029.0,,,859.0,420.0,,,859.0,420.0,,,,"-0,10961","0,02977","-0,99353",,"3,80",Invalid,Valid,,,,"292,3","99,5","516,2",,,"235,3","114,9","0,4186","0,3889",,,"0,4186","0,3889",thumbnail_grossTrial,thumbnail_grossTrial.png,1245.0,1080.0,337.0,0.0,798.0,692.0,Fixation,642.0,93.0,840.0,422.0,"0,4039","0,3906",,
30012,54182635,1400493453922,Eye Tracker,Participant0058,17.09.2021,Participant0058,Recording4,17.09.2021,17.09.2021,14:48:45.713,12:48:45.713,64514,Timeline2,Tobii I-VT (Fixation),1.145.28180,1080,1920,"10,00",722045361.0,,,856.0,422.0,850.0,424.0,863.0,419.0,"-0,00095","0,02935","-0,99957","-0,10754","0,02924","-0,99377",,,Valid,Valid,"233,5","101,0","514,2","292,3","99,5","516,2","233,0","116,1","236,4","114,7","0,4168","0,3904","0,4118","0,3929","0,4218","0,3880",thumbnail_grossTrial,thumbnail_grossTrial.png,1245.0,1080.0,337.0,0.0,798.0,692.0,Fixation,642.0,93.0,840.0,422.0,"0,4039","0,3906",,
30013,54191000,1400493462287,Eye Tracker,Participant0058,17.09.2021,Participant0058,Recording4,17.09.2021,17.09.2021,14:48:45.713,12:48:45.713,64514,Timeline2,Tobii I-VT (Fixation),1.145.28180,1080,1920,"10,00",722053726.0,,,856.0,413.0,845.0,422.0,868.0,405.0,"-0,00380","0,02801","-0,99960","-0,10484","0,02195","-0,99425",,,Valid,Valid,"233,4","101,0","514,2","292,2","99,4","516,3","231,5","115,4","237,8","110,8","0,4165","0,3827","0,4073","0,3905","0,4258","0,3750",thumbnail_grossTrial,thumbnail_grossTrial.png,1245.0,1080.0,337.0,0.0,798.0,692.0,Fixation,642.0,93.0,840.0,422.0,"0,4039","0,3906",,
30014,54199396,1400493470683,Eye Tracker,Participant0058,17.09.2021,Participant0058,Recording4,17.09.2021,17.09.2021,14:48:45.713,12:48:45.713,64514,Timeline2,Tobii I-VT (Fixation),1.145.28180,1080,1920,"10,00",722062122.0,,,868.0,406.0,,,868.0,406.0,,,,"-0,10474","0,02271","-0,99424",,"4,04",Invalid,Valid,,,,"292,2","99,4","516,3",,,"237,8","111,2","0,4260","0,3761",,,"0,4260","0,3761",thumbnail_grossTrial,thumbnail_grossTrial.png,1245.0,1080.0,337.0,0.0,798.0,692.0,Fixation,642.0,93.0,840.0,422.0,"0,4039","0,3906",,
30015,54207660,1400493478947,Eye Tracker,Participant0058,17.09.2021,Participant0058,Recording4,17.09.2021,17.09.2021,14:48:45.713,12:48:45.713,64514,Timeline2,Tobii I-VT (Fixation),1.145.28180,1080,1920,"10,00",722070387.0,,,858.0,399.0,845.0,401.0,871.0,398.0,"-0,00379","0,01710","-0,99985","-0,10288","0,01806","-0,99453",,,Valid,Valid,"233,5","101,0","514,3","292,2","99,4","516,3","231,5","109,8","238,8","108,8","0,4182","0,3698","0,4075","0,3714","0,4289","0,3682",thumbnail_grossTrial,thumbnail_grossTrial.png,1245.0,1080.0,337.0,0.0,798.0,692.0,Fixation,642.0,93.0,840.0,422.0,"0,4039","0,3906",,
30016,54215982,1400493487269,Eye Tracker,Participant0058,17.09.2021,Participant0058,Recording4,17.09.2021,17.09.2021,14:48:45.713,12:48:45.713,64514,Timeline2,Tobii I-VT (Fixation),1.145.28180,1080,1920,"10,00",722078708.0,,,853.0,416.0,847.0,399.0,859.0,432.0,"-0,00256","0,01622","-0,99987","-0,10893","0,03605","-0,99340",,,Valid,Valid,"233,4","101,0","514,3","292,2","99,4","516,4","232,1","109,3","235,6","118,2","0,4142","0,3848","0,4091","0,3699","0,4193","0,3998",thumbnail_grossTrial,thumbnail_grossTrial.png,1245.0,1080.0,337.0,0.0,798.0,692.0,Fixation,642.0,93.0,840.0,422.0,"0,4039","0,3906",,
30017,54224311,1400493495598,Eye Tracker,Participant0058,17.09.2021,Participant0058,Recording4,17.09.2021,17.09.2021,14:48:45.713,12:48:45.713,64514,Timeline2,Tobii I-VT (Fixation),1.145.28180,1080,1920,"10,00",722087037.0,,,856.0,434.0,,,856.0,434.0,,,,"-0,11059","0,03734","-0,99317",,"3,78",Invalid,Valid,,,,"292,2","99,3","516,4",,,"234,7","118,7","0,4168","0,4018",,,"0,4168","0,4018",thumbnail_grossTrial,thumbnail_grossTrial.png,1245.0,1080.0,337.0,0.0,798.0,692.0,Fixation,642.0,93.0,840.0,422.0,"0,4039","0,3906",,
30018,54232666,1400493503953,Eye Tracker,Participant0058,17.09.2021,Participant0058,Recording4,17.09.2021,17.09.2021,14:48:45.713,12:48:45.713,64514,Timeline2,Tobii I-VT (Fixation),1.145.28180,1080,1920,"10,00",722095393.0,,,842.0,419.0,833.0,402.0,851.0,437.0,"-0,01008","0,01772","-0,99979","-0,11365","0,03850","-0,99277",,,Valid,Valid,"233,5","101,0","514,4","292,3","99,4","516,4","228,3","110,1","233,1","119,5","0,4051","0,3883","0,3980","0,3725","0,4122","0,4042",thumbnail_grossTrial,thumbnail_grossTrial.png,1245.0,1080.0,337.0,0.0,798.0,692.0,Fixation,642.0,93.0,840.0,422.0,"0,4039","0,3906",,
30019,54240964,1400493512251,Eye Tracker,Participant0058,17.09.2021,Participant0058,Recording4,17.09.2021,17.09.2021,14:48:45.713,12:48:45.713,64514,Timeline2,Tobii I-VT (Fixation),1.145.28180,1080,1920,"10,00",722103691.0,,,842.0,407.0,832.0,400.0,853.0,415.0,"-0,01055","0,01654","-0,99981","-0,11247","0,02707","-0,99329",,,Valid,Valid,"233,4","101,0","514,4","292,2","99,4","516,4","228,0","109,5","233,7","113,5","0,4055","0,3772","0,3971","0,3704","0,4139","0,3840",thumbnail_grossTrial,thumbnail_grossTrial.png,1245.0,1080.0,337.0,0.0,798.0,692.0,Fixation,642.0,93.0,840.0,422.0,"0,4039","0,3906",,
30020,54249323,1400493520610,Eye Tracker,Participant0058,17.09.2021,Participant0058,Recording4,17.09.2021,17.09.2021,14:48:45.713,12:48:45.713,64514,Timeline2,Tobii I-VT (Fixation),1.145.28180,1080,1920,"10,00",722112049.0,,,854.0,420.0,,,854.0,420.0,,,,"-0,11206","0,02970","-0,99326",,"3,80",Invalid,Valid,,,,"292,2","99,4","516,4",,,"234,0","114,8","0,4147","0,3884",,,"0,4147","0,3884",thumbnail_grossTrial,thumbnail_grossTrial.png,1245.0,1080.0,337.0,0.0,798.0,692.0,Fixation,642.0,93.0,840.0,422.0,"0,4039","0,3906",,
30021,54257669,1400493528956,Eye Tracker,Participant0058,17.09.2021,Participant0058,Recording4,17.09.2021,17.09.2021,14:48:45.713,12:48:45.713,64514,Timeline2,Tobii I-VT (Fixation),1.145.28180,1080,1920,"10,00",722120395.0,,,843.0,420.0,837.0,411.0,848.0,429.0,"-0,00798","0,02234","-0,99972","-0,11493","0,03464","-0,99277",,,Valid,Valid,"233,5","101,0","514,4","292,3","99,5","516,3","229,4","112,5","232,5","117,5","0,4058","0,3890","0,4013","0,3805","0,4103","0,3976",thumbnail_grossTrial,thumbnail_grossTrial.png,1245.0,1080.0,337.0,0.0,798.0,692.0,Fixation,642.0,93.0,840.0,422.0,"0,4039","0,3906",,
30022,54266022,1400493537309,Eye Tracker,Participant0058,17.09.2021,Participant0058,Recording4,17.09.2021,17.09.2021,14:48:45.713,12:48:45.713,64514,Timeline2,Tobii I-VT (Fixation),1.145.28180,1080,1920,"10,00",722128749.0,,,842.0,427.0,839.0,422.0,845.0,431.0,"-0,00703","0,02822","-0,99958","-0,11670","0,03560","-0,99253",,,Valid,Valid,"233,4","100,9","514,4","292,2","99,5","516,3","229,8","115,5","231,5","118,0","0,4050","0,3950","0,4025","0,3907","0,4074","0,3993",thumbnail_grossTrial,thumbnail_grossTrial.png,1245.0,1080.0,337.0,0.0,798.0,692.0,Fixation,642.0,93.0,840.0,422.0,"0,4039","0,3906",,
30023,54274331,1400493545618,Eye Tracker,Participant0058,17.09.2021,Participant0058,Recording4,17.09.2021,17.09.2021,14:48:45.713,12:48:45.713,64514,Timeline2,Tobii I-VT (Fixation),1.145.28180,1080,1920,"10,00",722137057.0,,,845.0,434.0,,,845.0,434.0,,,,"-0,11659","0,03703","-0,99249",,"3,81",Invalid,Valid,,,,"292,2","99,4","516,2",,,"231,6","118,7","0,4077","0,4016",,,"0,4077","0,4016",thumbnail_grossTrial,thumbnail_grossTrial.png,1245.0,1080.0,337.0,0.0,798.0,692.0,Fixation,642.0,93.0,840.0,422.0,"0,4039","0,3906",,
30024,54282624,1400493553911,Eye Tracker,Participant0058,17.09.2021,Participant0058,Recording4,17.09.2021,17.09.2021,14:48:45.713,12:48:45.713,64514,Timeline2,Tobii I-VT (Fixation),1.145.28180,1080,1920,"10,00",722145350.0,,,837.0,422.0,831.0,406.0,844.0,438.0,"-0,01130","0,01983","-0,99974","-0,11727","0,03925","-0,99232",,,Valid,Valid,"233,5","101,0","514,4","292,2","99,6","516,1","227,7","111,2","231,3","120,0","0,4015","0,3910","0,3963","0,3761","0,4067","0,4059",thumbnail_grossTrial,thumbnail_grossTrial.png,1245.0,1080.0,337.0,0.0,798.0,692.0,Fixation,642.0,93.0,840.0,422.0,"0,4039","0,3906",,
30025,54290960,1400493562247,Eye Tracker,Participant0058,17.09.2021,Participant0058,Recording4,17.09.2021,17.09.2021,14:48:45.713,12:48:45.713,64514,Timeline2,Tobii I-VT (Fixation),1.145.28180,1080,1920,"10,00",722153687.0,,,842.0,419.0,833.0,402.0,851.0,436.0,"-0,00975","0,01768","-0,99980","-0,11330","0,03788","-0,99284",,,Valid,Valid,"233,4","101,0","514,4","292,2","99,6","516,1","228,4","110,1","233,3","119,3","0,4055","0,3879","0,3984","0,3724","0,4126","0,4035",thumbnail_grossTrial,thumbnail_grossTrial.png,1245.0,1080.0,337.0,0.0,798.0,692.0,Fixation,642.0,93.0,840.0,422.0,"0,4039","0,3906",,
30026,54299288,1400493570575,Eye Tracker,Participant0058,17.09.2021,Participant0058,Recording4,17.09.2021,17.09.2021,14:48:45.713,12:48:45.713,64514,Timeline2,Tobii I-VT (Fixation),1.145.28180,1080,1920,"10,00",722162015.0,,,847.0,426.0,,,847.0,426.0,,,,"-0,11549","0,03267","-0,99277",,"3,78",Invalid,Valid,,,,"292,2","99,5","516,0",,,"232,2","116,5","0,4094","0,3942",,,"0,4094","0,3942",thumbnail_grossTrial,thumbnail_grossTrial.png,1245.0,1080.0,337.0,0.0,798.0,692.0,Fixation,642.0,93.0,840.0,422.0,"0,4039","0,3906",,
30027,54307705,1400493578992,Eye Tracker,Participant0058,17.09.2021,Participant0058,Recording4,17.09.2021,17.09.2021,14:48:45.713,12:48:45.713,64514,Timeline2,Tobii I-VT (Fixation),1.145.28180,1080,1920,"10,00",722170431.0,,,845.0,410.0,839.0,403.0,852.0,417.0,"-0,00713","0,01796","-0,99981","-0,11285","0,02783","-0,99322",,,Valid,Valid,"233,5","101,0","514,3","292,2","99,6","515,9","229,8","110,2","233,6","114,1","0,4080","0,3795","0,4025","0,3730","0,4135","0,3860",thumbnail_grossTrial,thumbnail_grossTrial.png,1245.0,1080.0,337.0,0.0,798.0,692.0,Fixation,642.0,93.0,840.0,422.0,"0,4039","0,3906",,
30028,54315999,1400493587286,Eye Tracker,Participant0058,17.09.2021,Participant0058,Recording4,17.09.2021,17.09.2021,14:48:45.713,12:48:45.713,64514,Timeline2,Tobii I-VT (Fixation),1.145.28180,1080,1920,"10,00",722178725.0,,,846.0,405.0,838.0,407.0,854.0,402.0,"-0,00746","0,02017","-0,99977","-0,11184","0,02014","-0,99352",,,Valid,Valid,"233,4","101,0","514,3","292,2","99,6","515,9","229,6","111,4","234,1","110,1","0,4084","0,3747","0,4018","0,3769","0,4150","0,3725",thumbnail_grossTrial,thumbnail_grossTrial.png,1245.0,1080.0,337.0,0.0,798.0,692.0,Fixation,642.0,93.0,840.0,422.0,"0,4039","0,3906",,
30029,54324300,1400493595587,Eye Tracker,Participant0058,17.09.2021,Participant0058,Recording4,17.09.2021,17.09.2021,14:48:45.713,12:48:45.713,64514,Timeline2,Tobii I-VT (Fixation),1.145.28180,1080,1920,"10,00",722187027.0,,,858.0,404.0,,,858.0,404.0,,,,"-0,10974","0,02141","-0,99373",,"4,15",Invalid,Valid,,,,"292,2","99,6","515,8",,,"235,2","110,7","0,4182","0,3745",,,"0,4182","0,3745",thumbnail_grossTrial,thumbnail_grossTrial.png,1245.0,1080.0,337.0,0.0,798.0,692.0,Fixation,642.0,93.0,840.0,422.0,"0,4039","0,3906",,
30030,54332655,1400493603942,Eye Tracker,Participant0058,17.09.2021,Participant0058,Recording4,17.09.2021,17.09.2021,14:48:45.713,12:48:45.713,64514,Timeline2,Tobii I-VT (Fixation),1.145.28180,1080,1920,"10,00",722195382.0,,,849.0,409.0,842.0,405.0,855.0,413.0,"-0,00525","0,01895","-0,99981","-0,11121","0,02561","-0,99347",,,Valid,Valid,"233,5","101,1","514,2","292,2","99,7","515,7","230,8","110,8","234,5","113,0","0,4107","0,3786","0,4054","0,3749","0,4161","0,3823",thumbnail_grossTrial,thumbnail_grossTrial.png,1245.0,1080.0,337.0,0.0,798.0,692.0,Fixation,642.0,93.0,840.0,422.0,"0,4039","0,3906",,
30031,54340992,1400493612279,Eye Tracker,Participant0058,17.09.2021,Participant0058,Recording4,17.09.2021,17.09.2021,14:48:45.713,12:48:45.713,64514,Timeline2,Tobii I-VT (Fixation),1.145.28180,1080,1920,"10,00",722203718.0,,,851.0,407.0,850.0,397.0,852.0,416.0,"-0,00075","0,01489","-0,99989","-0,11284","0,02743","-0,99323",,,Valid,Valid,"233,4","101,1","514,1","292,1","99,7","515,7","233,0","108,7","233,5","114,0","0,4126","0,3768","0,4119","0,3679","0,4134","0,3856",thumbnail_grossTrial,thumbnail_grossTrial.png,1245.0,1080.0,337.0,0.0,798.0,692.0,Fixation,642.0,93.0,840.0,422.0,"0,4039","0,3906",,
30032,54349317,1400493620604,Eye Tracker,Participant0058,17.09.2021,Participant0058,Recording4,17.09.2021,17.09.2021,14:48:45.713,12:48:45.713,64514,Timeline2,Tobii I-VT (Fixation),1.145.28180,1080,1920,"10,00",722212044.0,,,850.0,422.0,,,850.0,422.0,,,,"-0,11376","0,03050","-0,99304",,"4,03",Invalid,Valid,,,,"292,2","99,7","515,7",,,"233,1","115,5","0,4121","0,3908",,,"0,4121","0,3908",thumbnail_grossTrial,thumbnail_grossTrial.png,1245.0,1080.0,337.0,0.0,798.0,692.0,Fixation,642.0,93.0,840.0,422.0,"0,4039","0,3906",,
30033,54357717,1400493629004,Eye Tracker,Participant0058,17.09.2021,Participant0058,Recording4,17.09.2021,17.09.2021,14:48:45.713,12:48:45.713,64514,Timeline2,Tobii I-VT (Fixation),1.145.28180,1080,1920,"10,00",722220444.0,,,852.0,415.0,849.0,408.0,855.0,422.0,"-0,00159","0,02044","-0,99979","-0,11154","0,03039","-0,99330",,,Valid,Valid,"233,5","101,2","514,0","292,2","99,8","515,6","232,7","111,7","234,3","115,5","0,4132","0,3844","0,4109","0,3778","0,4155","0,3909",thumbnail_grossTrial,thumbnail_grossTrial.png,1245.0,1080.0,337.0,0.0,798.0,692.0,Fixation,642.0,93.0,840.0,422.0,"0,4039","0,3906",,
30034,54366026,1400493637313,Eye Tracker,Participant0058,17.09.2021,Participant0058,Recording4,17.09.2021,17.09.2021,14:48:45.713,12:48:45.713,64514,Timeline2,Tobii I-VT (Fixation),1.145.28180,1080,1920,"10,00",722228753.0,,,849.0,426.0,847.0,416.0,852.0,436.0,"-0,00276","0,02458","-0,99969","-0,11266","0,03792","-0,99291",,,Valid,Valid,"233,4","101,2","513,9","292,1","99,8","515,7","232,0","113,8","233,6","119,5","0,4113","0,3946","0,4089","0,3851","0,4136","0,4042",thumbnail_grossTrial,thumbnail_grossTrial.png,1245.0,1080.0,337.0,0.0,798.0,692.0,Fixation,642.0,93.0,840.0,422.0,"0,4039","0,3906",,
30035,54374328,1400493645615,Eye Tracker,Participant0058,17.09.2021,Participant0058,Recording4,17.09.2021,17.09.2021,14:48:45.713,12:48:45.713,64514,Timeline2,Tobii I-VT (Fixation),1.145.28180,1080,1920,"10,00",722237054.0,,,848.0,436.0,,,848.0,436.0,,,,"-0,11522","0,03784","-0,99262",,"3,79",Invalid,Valid,,,,"292,2","99,7","515,7",,,"232,3","119,4","0,4098","0,4038",,,"0,4098","0,4038",thumbnail_grossTrial,thumbnail_grossTrial.png,1245.0,1080.0,337.0,0.0,798.0,692.0,Fixation,642.0,93.0,840.0,422.0,"0,4039","0,3906",,
30036,54382650,1400493653937,Eye Tracker,Participant0058,17.09.2021,Participant0058,Recording4,17.09.2021,17.09.2021,14:48:45.713,12:48:45.713,64514,Timeline2,Tobii I-VT (Fixation),1.145.28180,1080,1920,"10,00",722245377.0,,,847.0,423.0,840.0,410.0,855.0,435.0,"-0,00663","0,02158","-0,99975","-0,11161","0,03689","-0,99307",,,Valid,Valid,"233,5","101,2","513,8","292,2","99,8","515,6","230,1","112,3","234,2","118,9","0,4093","0,3912","0,4033","0,3801","0,4154","0,4024",thumbnail_grossTrial,thumbnail_grossTrial.png,1245.0,1080.0,337.0,0.0,798.0,692.0,Fixation,642.0,93.0,840.0,422.0,"0,4039","0,3906",,
30037,54390990,1400493662277,Eye Tracker,Participant0058,17.09.2021,Participant0058,Recording4,17.09.2021,17.09.2021,14:48:45.713,12:48:45.713,64514,Timeline2,Tobii I-VT (Fixation),1.145.28180,1080,1920,"10,00",722253717.0,,,845.0,418.0,834.0,407.0,855.0,428.0,"-0,00925","0,01988","-0,99976","-0,11128","0,03346","-0,99323",,,Valid,Valid,"233,4","101,2","513,9","292,1","99,8","515,7","228,7","111,4","234,3","117,1","0,4074","0,3867","0,3992","0,3770","0,4157","0,3964",thumbnail_grossTrial,thumbnail_grossTrial.png,1245.0,1080.0,337.0,0.0,798.0,692.0,Fixation,642.0,93.0,840.0,422.0,"0,4039","0,3906",,
30038,54399286,1400493670573,Eye Tracker,Participant0058,17.09.2021,Participant0058,Recording4,17.09.2021,17.09.2021,14:48:45.713,12:48:45.713,64514,Timeline2,Tobii I-VT (Fixation),1.145.28180,1080,1920,"10,00",722262013.0,,,857.0,425.0,,,857.0,425.0,,,,"-0,11050","0,03177","-0,99337",,"3,78",Invalid,Valid,,,,"292,2","99,7","515,7",,,"234,8","116,2","0,4171","0,3931",,,"0,4171","0,3931",thumbnail_grossTrial,thumbnail_grossTrial.png,1245.0,1080.0,337.0,0.0,798.0,692.0,Fixation,642.0,93.0,840.0,422.0,"0,4039","0,3906",,
30039,54407649,1400493678936,Eye Tracker,Participant0058,17.09.2021,Participant0058,Recording4,17.09.2021,17.09.2021,14:48:45.713,12:48:45.713,64514,Timeline2,Tobii I-VT (Fixation),1.145.28180,1080,1920,"10,00",722270376.0,,,842.0,414.0,838.0,401.0,845.0,427.0,"-0,00762","0,01684","-0,99983","-0,11646","0,03265","-0,99266",,,Valid,Valid,"233,5","101,1","514,0","292,2","99,8","515,6","229,6","109,8","231,7","116,7","0,4049","0,3832","0,4018","0,3715","0,4079","0,3950",thumbnail_grossTrial,thumbnail_grossTrial.png,1245.0,1080.0,337.0,0.0,798.0,692.0,Fixation,642.0,93.0,840.0,422.0,"0,4039","0,3906",,
30040,54415944,1400493687231,Eye Tracker,Participant0058,17.09.2021,Participant0058,Recording4,17.09.2021,17.09.2021,14:48:45.713,12:48:45.713,64514,Timeline2,Tobii I-VT (Fixation),1.145.28180,1080,1920,"10,00",722278671.0,,,846.0,408.0,842.0,396.0,851.0,419.0,"-0,00513","0,01403","-0,99989","-0,11350","0,02891","-0,99312",,,Valid,Valid,"233,4","101,1","514,1","292,1","99,8","515,6","230,8","108,3","233,2","114,8","0,4088","0,3775","0,4054","0,3665","0,4123","0,3884",thumbnail_grossTrial,thumbnail_grossTrial.png,1245.0,1080.0,337.0,0.0,798.0,692.0,Fixation,642.0,93.0,840.0,422.0,"0,4039","0,3906",,
30041,54424274,1400493695561,Eye Tracker,Participant0058,17.09.2021,Participant0058,Recording4,17.09.2021,17.09.2021,14:48:45.713,12:48:45.713,64514,Timeline2,Tobii I-VT (Fixation),1.145.28180,1080,1920,"10,00",722287001.0,,,850.0,424.0,,,850.0,424.0,,,,"-0,11414","0,03144","-0,99297",,"3,77",Invalid,Valid,,,,"292,2","99,7","515,6",,,"232,9","116,1","0,4115","0,3927",,,"0,4115","0,3927",thumbnail_grossTrial,thumbnail_grossTrial.png,1245.0,1080.0,337.0,0.0,798.0,692.0,Fixation,642.0,93.0,840.0,422.0,"0,4039","0,3906",,
30042,54432650,1400493703937,Eye Tracker,Participant0058,17.09.2021,Participant0058,Recording4,17.09.2021,17.09.2021,14:48:45.713,12:48:45.713,64514,Timeline2,Tobii I-VT (Fixation),1.145.28180,1080,1920,"10,00",722295377.0,,,842.0,412.0,839.0,398.0,844.0,425.0,"-0,00667","0,01542","-0,99986","-0,11734","0,03168","-0,99259",,,Valid,Valid,"233,5","101,1","514,1","292,2","99,8","515,5","230,1","109,1","231,2","116,3","0,4049","0,3812","0,4032","0,3690","0,4066","0,3934",thumbnail_grossTrial,thumbnail_grossTrial.png,1245.0,1080.0,337.0,0.0,798.0,692.0,Fixation,642.0,93.0,840.0,422.0,"0,4039","0,3906",,
30043,54440993,1400493712280,Eye Tracker,Participant0058,17.09.2021,Participant0058,Recording4,17.09.2021,17.09.2021,14:48:45.713,12:48:45.713,64514,Timeline2,Tobii I-VT (Fixation),1.145.28180,1080,1920,"10,00",722303720.0,,,838.0,424.0,839.0,413.0,837.0,435.0,"-0,00663","0,02317","-0,99971","-0,12079","0,03675","-0,99200",,,Valid,Valid,"233,4","101,1","514,1","292,1","99,8","515,5","230,0","113,0","229,3","118,9","0,4021","0,3924","0,4031","0,3824","0,4011","0,4023",thumbnail_grossTrial,thumbnail_grossTrial.png,1245.0,1080.0,337.0,0.0,798.0,692.0,Fixation,642.0,93.0,840.0,422.0,"0,4039","0,3906",,
30044,54449320,1400493720607,Eye Tracker,Participant0058,17.09.2021,Participant0058,Recording4,17.09.2021,17.09.2021,14:48:45.713,12:48:45.713,64514,Timeline2,Tobii I-VT (Fixation),1.145.28180,1080,1920,"10,00",722312047.0,,,840.0,440.0,,,840.0,440.0,,,,"-0,11912","0,04000","-0,99207",,"3,75",Invalid,Valid,,,,"292,1","99,7","515,4",,,"230,2","120,5","0,4037","0,4078",,,"0,4037","0,4078",thumbnail_grossTrial,thumbnail_grossTrial.png,1245.0,1080.0,337.0,0.0,798.0,692.0,Fixation,642.0,93.0,840.0,422.0,"0,4039","0,3906",,
30045,54457615,1400493728902,Eye Tracker,Participant0058,17.09.2021,Participant0058,Recording4,17.09.2021,17.09.2021,14:48:45.713,12:48:45.713,64514,Timeline2,Tobii I-VT (Fixation),1.145.28180,1080,1920,"10,00",722320342.0,,,842.0,425.0,838.0,408.0,846.0,442.0,"-0,00751","0,02037","-0,99976","-0,11607","0,04053","-0,99241",,,Valid,Valid,"233,5","101,1","514,0","292,1","99,9","515,3","229,7","111,6","231,9","120,9","0,4052","0,3934","0,4020","0,3776","0,4085","0,4091",thumbnail_grossTrial,thumbnail_grossTrial.png,1245.0,1080.0,337.0,0.0,798.0,692.0,Fixation,642.0,93.0,840.0,422.0,"0,4039","0,3906",,
30046,54465959,1400493737246,Eye Tracker,Participant0058,17.09.2021,Participant0058,Recording4,17.09.2021,17.09.2021,14:48:45.713,12:48:45.713,64514,Timeline2,Tobii I-VT (Fixation),1.145.28180,1080,1920,"10,00",722328686.0,,,839.0,417.0,832.0,387.0,846.0,446.0,"-0,01065","0,00950","-0,99990","-0,11617","0,04275","-0,99231",,,Valid,Valid,"233,5","101,1","513,9","292,1","99,9","515,2","228,0","106,0","231,8","122,1","0,4026","0,3859","0,3971","0,3587","0,4081","0,4131",thumbnail_grossTrial,thumbnail_grossTrial.png,1245.0,1080.0,337.0,0.0,798.0,692.0,Fixation,642.0,93.0,840.0,422.0,"0,4039","0,3906",,
30047,54474309,1400493745596,Eye Tracker,Participant0058,17.09.2021,Participant0058,Recording4,17.09.2021,17.09.2021,14:48:45.713,12:48:45.713,64514,Timeline2,Tobii I-VT (Fixation),1.145.28180,1080,1920,"10,00",722337036.0,,,842.0,436.0,,,842.0,436.0,,,,"-0,11806","0,03752","-0,99230",,"3,74",Invalid,Valid,,,,"292,1","99,9","515,2",,,"230,8","119,3","0,4054","0,4038",,,"0,4054","0,4038",thumbnail_grossTrial,thumbnail_grossTrial.png,1245.0,1080.0,337.0,0.0,798.0,692.0,Fixation,642.0,93.0,840.0,422.0,"0,4039","0,3906",,
30048,54482642,1400493753929,Eye Tracker,Participant0058,17.09.2021,Participant0058,Recording4,17.09.2021,17.09.2021,14:48:45.713,12:48:45.713,64514,Timeline2,Tobii I-VT (Fixation),1.145.28180,1080,1920,"10,00",722345369.0,,,839.0,417.0,839.0,396.0,838.0,437.0,"-0,00679","0,01423","-0,99988","-0,12001","0,03790","-0,99205",,,Valid,Valid,"233,5","101,2","513,8","292,1","100,0","515,0","230,0","108,5","229,8","119,7","0,4028","0,3860","0,4031","0,3671","0,4024","0,4048",thumbnail_grossTrial,thumbnail_grossTrial.png,1245.0,1080.0,337.0,0.0,798.0,692.0,Fixation,642.0,93.0,840.0,422.0,"0,4039","0,3906",,
30049,54490934,1400493762221,Eye Tracker,Participant0058,17.09.2021,Participant0058,Recording4,17.09.2021,17.09.2021,14:48:45.713,12:48:45.713,64514,Timeline2,Tobii I-VT (Fixation),1.145.28180,1080,1920,"10,00",722353661.0,,,836.0,419.0,833.0,398.0,839.0,440.0,"-0,00985","0,01483","-0,99984","-0,11978","0,03952","-0,99201",,,Valid,Valid,"233,4","101,2","513,8","292,0","100,0","515,0","228,4","108,8","229,9","120,5","0,4004","0,3879","0,3983","0,3681","0,4026","0,4077",thumbnail_grossTrial,thumbnail_grossTrial.png,1245.0,1080.0,337.0,0.0,798.0,692.0,Fixation,642.0,93.0,840.0,422.0,"0,4039","0,3906",,
30050,54499305,1400493770592,Eye Tracker,Participant0058,17.09.2021,Participant0058,Recording4,17.09.2021,17.09.2021,14:48:45.713,12:48:45.713,64514,Timeline2,Tobii I-VT (Fixation),1.145.28180,1080,1920,"10,00",722362032.0,,,838.0,438.0,,,838.0,438.0,,,,"-0,11999","0,03829","-0,99204",,"3,74",Invalid,Valid,,,,"292,1","100,0","515,0",,,"229,8","119,8","0,4024","0,4055",,,"0,4024","0,4055",thumbnail_grossTrial,thumbnail_grossTrial.png,1245.0,1080.0,337.0,0.0,798.0,692.0,Fixation,642.0,93.0,840.0,422.0,"0,4039","0,3906",,
30051,54507597,1400493778884,Eye Tracker,Participant0058,17.09.2021,Participant0058,Recording4,17.09.2021,17.09.2021,14:48:45.713,12:48:45.713,64514,Timeline2,Tobii I-VT (Fixation),1.145.28180,1080,1920,"10,00",722370324.0,,,832.0,418.0,828.0,398.0,837.0,438.0,"-0,01304","0,01498","-0,99980","-0,12057","0,03817","-0,99197",,,Valid,Valid,"233,5","101,2","513,8","292,1","100,1","514,8","226,8","108,9","229,5","119,9","0,3976","0,3870","0,3936","0,3684","0,4016","0,4056",thumbnail_grossTrial,thumbnail_grossTrial.png,1245.0,1080.0,337.0,0.0,798.0,692.0,Fixation,642.0,93.0,840.0,422.0,"0,4039","0,3906",,
30052,54515966,1400493787253,Eye Tracker,Participant0058,17.09.2021,Participant0058,Recording4,17.09.2021,17.09.2021,14:48:45.713,12:48:45.713,64514,Timeline2,Tobii I-VT (Fixation),1.145.28180,1080,1920,"10,00",722378693.0,,,831.0,425.0,826.0,415.0,836.0,436.0,"-0,01352","0,02400","-0,99962","-0,12132","0,03695","-0,99193",,,Valid,Valid,"233,4","101,2","513,8","292,0","100,1","514,8","226,5","113,5","229,1","119,2","0,3965","0,3938","0,3927","0,3841","0,4003","0,4035",thumbnail_grossTrial,thumbnail_grossTrial.png,1245.0,1080.0,337.0,0.0,798.0,692.0,Fixation,642.0,93.0,840.0,422.0,"0,4039","0,3906",,
30053,54524346,1400493795633,Eye Tracker,Participant0058,17.09.2021,Participant0058,Recording4,17.09.2021,17.09.2021,14:48:45.713,12:48:45.713,64514,Timeline2,Tobii I-VT (Fixation),1.145.28180,1080,1920,"10,00",722387074.0,,,839.0,449.0,,,839.0,449.0,,,,"-0,11980","0,04426","-0,99181",,"3,74",Invalid,Valid,,,,"292,1","100,0","514,8",,,"229,9","123,0","0,4026","0,4161",,,"0,4026","0,4161",thumbnail_grossTrial,thumbnail_grossTrial.png,1245.0,1080.0,337.0,0.0,798.0,692.0,Fixation,642.0,93.0,840.0,422.0,"0,4039","0,3906",,
30054,54532629,1400493803916,Eye Tracker,Participant0058,17.09.2021,Participant0058,Recording4,17.09.2021,17.09.2021,14:48:45.713,12:48:45.713,64514,Timeline2,Tobii I-VT (Fixation),1.145.28180,1080,1920,"10,00",722395356.0,,,828.0,432.0,818.0,415.0,838.0,449.0,"-0,01791","0,02390","-0,99955","-0,12028","0,04404","-0,99176",,,Valid,Valid,"233,5","101,2","513,9","292,1","100,1","514,7","224,3","113,5","229,6","123,0","0,3941","0,4000","0,3862","0,3839","0,4019","0,4161",thumbnail_grossTrial,thumbnail_grossTrial.png,1245.0,1080.0,337.0,0.0,798.0,692.0,Fixation,642.0,93.0,840.0,422.0,"0,4039","0,3906",,
30055,54540969,1400493812256,Eye Tracker,Participant0058,17.09.2021,Participant0058,Recording4,17.09.2021,17.09.2021,14:48:45.713,12:48:45.713,64514,Timeline2,Tobii I-VT (Fixation),1.145.28180,1080,1920,"10,00",722403696.0,,,824.0,426.0,812.0,408.0,835.0,445.0,"-0,02093","0,02052","-0,99957","-0,12152","0,04152","-0,99172",,,Valid,Valid,"233,4","101,2","513,9","292,0","100,1","514,7","222,6","111,7","228,9","121,7","0,3906","0,3949","0,3814","0,3780","0,3998","0,4117",thumbnail_grossTrial,thumbnail_grossTrial.png,1245.0,1080.0,337.0,0.0,798.0,692.0,Fixation,642.0,93.0,840.0,422.0,"0,4039","0,3906",,
30056,54549260,1400493820547,Eye Tracker,Participant0058,17.09.2021,Participant0058,Recording4,17.09.2021,17.09.2021,14:48:45.713,12:48:45.713,64514,Timeline2,Tobii I-VT (Fixation),1.145.28180,1080,1920,"10,00",722411988.0,,,821.0,425.0,823.0,423.0,820.0,427.0,"-0,01542","0,02870","-0,99947","-0,12960","0,03233","-0,99104","3,95","3,74",Valid,Valid,"233,4","101,1","514,0","292,0","100,1","514,7","225,4","115,8","224,7","116,9","0,3885","0,3937","0,3896","0,3919","0,3874","0,3955",thumbnail_grossTrial,thumbnail_grossTrial.png,1245.0,1080.0,337.0,0.0,798.0,692.0,Fixation,642.0,93.0,840.0,422.0,"0,4039","0,3906",,
30057,54557592,1400493828879,Eye Tracker,Participant0058,17.09.2021,Participant0058,Recording4,17.09.2021,17.09.2021,14:48:45.713,12:48:45.713,64514,Timeline2,Tobii I-VT (Fixation),1.145.28180,1080,1920,"10,00",722420320.0,,,816.0,424.0,818.0,421.0,814.0,427.0,"-0,01821","0,02722","-0,99946","-0,13239","0,03204","-0,99068",,,Valid,Valid,"233,4","101,2","514,0","292,0","100,2","514,6","224,1","115,1","223,2","116,8","0,3843","0,3924","0,3856","0,3896","0,3831","0,3952",thumbnail_grossTrial,thumbnail_grossTrial.png,1245.0,1080.0,337.0,0.0,798.0,692.0,Fixation,642.0,93.0,840.0,422.0,"0,4039","0,3906",,
30058,54565982,1400493837269,Eye Tracker,Participant0058,17.09.2021,Participant0058,Recording4,17.09.2021,17.09.2021,14:48:45.713,12:48:45.713,64514,Timeline2,Tobii I-VT (Fixation),1.145.28180,1080,1920,"10,00",722428709.0,,,812.0,424.0,820.0,418.0,804.0,431.0,"-0,01703","0,02584","-0,99952","-0,13744","0,03406","-0,98992",,,Valid,Valid,"233,4","101,1","514,0","291,9","100,2","514,7","224,6","114,4","220,5","117,9","0,3812","0,3930","0,3872","0,3871","0,3751","0,3989",thumbnail_grossTrial,thumbnail_grossTrial.png,1245.0,1080.0,337.0,0.0,798.0,692.0,Fixation,642.0,93.0,840.0,422.0,"0,4039","0,3906",,
30059,54574272,1400493845559,Eye Tracker,Participant0058,17.09.2021,Participant0058,Recording4,17.09.2021,17.09.2021,14:48:45.713,12:48:45.713,64514,Timeline2,Tobii I-VT (Fixation),1.145.28180,1080,1920,"10,00",722436999.0,,,822.0,418.0,817.0,418.0,827.0,418.0,"-0,01862","0,02607","-0,99949","-0,12586","0,02775","-0,99166","3,94","4,02",Valid,Valid,"233,4","101,0","514,1","292,0","100,1","514,7","223,8","114,5","226,7","114,5","0,3890","0,3873","0,3848","0,3872","0,3932","0,3874",thumbnail_grossTrial,thumbnail_grossTrial.png,1245.0,1080.0,337.0,0.0,798.0,692.0,Fixation,642.0,93.0,840.0,422.0,"0,4039","0,3906",,
30060,54582603,1400493853890,Eye Tracker,Participant0058,17.09.2021,Participant0058,Recording4,17.09.2021,17.09.2021,14:48:45.713,12:48:45.713,64514,Timeline2,Tobii I-VT (Fixation),1.145.28180,1080,1920,"10,00",722445331.0,,,824.0,420.0,821.0,424.0,827.0,415.0,"-0,01633","0,02915","-0,99944","-0,12604","0,02602","-0,99168",,,Valid,Valid,"233,4","101,1","514,1","292,0","100,2","514,6","225,0","116,1","226,6","113,7","0,3907","0,3887","0,3884","0,3927","0,3930","0,3846",thumbnail_grossTrial,thumbnail_grossTrial.png,1245.0,1080.0,337.0,0.0,798.0,692.0,Fixation,642.0,93.0,840.0,422.0,"0,4039","0,3906",,
30061,54590960,1400493862247,Eye Tracker,Participant0058,17.09.2021,Participant0058,Recording4,17.09.2021,17.09.2021,14:48:45.713,12:48:45.713,64514,Timeline2,Tobii I-VT (Fixation),1.145.28180,1080,1920,"10,00",722453688.0,,,822.0,423.0,817.0,429.0,827.0,418.0,"-0,01810","0,03174","-0,99933","-0,12565","0,02736","-0,99170",,,Valid,Valid,"233,4","101,0","514,2","292,0","100,2","514,7","224,0","117,4","226,7","114,3","0,3895","0,3920","0,3856","0,3971","0,3935","0,3869",thumbnail_grossTrial,thumbnail_grossTrial.png,1245.0,1080.0,337.0,0.0,798.0,692.0,Fixation,642.0,93.0,840.0,422.0,"0,4039","0,3906",,
30062,54599347,1400493870634,Eye Tracker,Participant0058,17.09.2021,Participant0058,Recording4,17.09.2021,17.09.2021,14:48:45.713,12:48:45.713,64514,Timeline2,Tobii I-VT (Fixation),1.145.28180,1080,1920,"10,00",722462074.0,,,825.0,423.0,825.0,425.0,825.0,421.0,"-0,01395","0,02978","-0,99946","-0,12668","0,02928","-0,99151","3,97","4,02",Valid,Valid,"233,4","101,0","514,3","292,0","100,1","514,7","226,2","116,3","226,2","115,3","0,3919","0,3917","0,3918","0,3934","0,3919","0,3900",thumbnail_grossTrial,thumbnail_grossTrial.png,1245.0,1080.0,337.0,0.0,798.0,692.0,Fixation,642.0,93.0,840.0,422.0,"0,4039","0,3906",,
30063,54607586,1400493878873,Eye Tracker,Participant0058,17.09.2021,Participant0058,Recording4,17.09.2021,17.09.2021,14:48:45.713,12:48:45.713,64514,Timeline2,Tobii I-VT (Fixation),1.145.28180,1080,1920,"10,00",722470314.0,,,822.0,423.0,822.0,423.0,822.0,423.0,"-0,01589","0,02876","-0,99946","-0,12864","0,03012","-0,99123",,,Valid,Valid,"233,4","101,0","514,3","292,0","100,1","514,7","225,2","115,8","225,2","115,7","0,3890","0,3917","0,3891","0,3918","0,3889","0,3916",thumbnail_grossTrial,thumbnail_grossTrial.png,1245.0,1080.0,337.0,0.0,798.0,692.0,Fixation,642.0,93.0,840.0,422.0,"0,4039","0,3906",,
30064,54615963,1400493887250,Eye Tracker,Participant0058,17.09.2021,Participant0058,Recording4,17.09.2021,17.09.2021,14:48:45.713,12:48:45.713,64514,Timeline2,Tobii I-VT (Fixation),1.145.28180,1080,1920,"10,00",722478691.0,,,819.0,425.0,821.0,419.0,817.0,431.0,"-0,01623","0,02660","-0,99951","-0,13100","0,03465","-0,99078",,,Valid,Valid,"233,3","101,0","514,3","292,0","100,0","514,9","225,0","114,7","223,9","118,0","0,3867","0,3937","0,3883","0,3880","0,3851","0,3994",thumbnail_grossTrial,thumbnail_grossTrial.png,1245.0,1080.0,337.0,0.0,798.0,692.0,Fixation,642.0,93.0,840.0,422.0,"0,4039","0,3906",,
30065,54624259,1400493895546,Eye Tracker,Participant0058,17.09.2021,Participant0058,Recording4,17.09.2021,17.09.2021,14:48:45.713,12:48:45.713,64514,Timeline2,Tobii I-VT (Fixation),1.145.28180,1080,1920,"10,00",722486987.0,,,813.0,425.0,816.0,424.0,810.0,427.0,"-0,01869","0,02928","-0,99940","-0,13440","0,03234","-0,99040","3,93","3,72",Valid,Valid,"233,4","100,9","514,3","292,0","99,9","515,0","223,8","116,0","222,1","116,7","0,3823","0,3938","0,3847","0,3925","0,3799","0,3950",thumbnail_grossTrial,thumbnail_grossTrial.png,1245.0,1080.0,337.0,0.0,798.0,692.0,Fixation,642.0,93.0,840.0,422.0,"0,4039","0,3906",,
30066,54632625,1400493903912,Eye Tracker,Participant0058,17.09.2021,Participant0058,Recording4,17.09.2021,17.09.2021,14:48:45.713,12:48:45.713,64514,Timeline2,Tobii I-VT (Fixation),1.145.28180,1080,1920,"10,00",722495352.0,,,813.0,423.0,814.0,423.0,812.0,423.0,"-0,01986","0,02880","-0,99939","-0,13379","0,03048","-0,99054",,,Valid,Valid,"233,4","101,0","514,3","292,0","99,9","515,1","223,2","115,8","222,4","115,8","0,3819","0,3918","0,3830","0,3918","0,3809","0,3918",thumbnail_grossTrial,thumbnail_grossTrial.png,1245.0,1080.0,337.0,0.0,798.0,692.0,Fixation,642.0,93.0,840.0,422.0,"0,4039","0,3906",,
30067,54640960,1400493912247,Eye Tracker,Participant0058,17.09.2021,Participant0058,Recording4,17.09.2021,17.09.2021,14:48:45.713,12:48:45.713,64514,Timeline2,Tobii I-VT (Fixation),1.145.28180,1080,1920,"10,00",722503688.0,,,816.0,420.0,814.0,425.0,818.0,415.0,"-0,01984","0,02987","-0,99936","-0,13039","0,02620","-0,99112",,,Valid,Valid,"233,3","101,0","514,3","292,0","99,9","515,2","223,1","116,3","224,2","113,5","0,3844","0,3888","0,3828","0,3936","0,3860","0,3840",thumbnail_grossTrial,thumbnail_grossTrial.png,1245.0,1080.0,337.0,0.0,798.0,692.0,Fixation,642.0,93.0,840.0,422.0,"0,4039","0,3906",,
30068,54649248,1400493920535,Eye Tracker,Participant0058,17.09.2021,Participant0058,Recording4,17.09.2021,17.09.2021,14:48:45.713,12:48:45.713,64514,Timeline2,Tobii I-VT (Fixation),1.145.28180,1080,1920,"10,00",722511976.0,,,822.0,422.0,817.0,424.0,827.0,420.0,"-0,01825","0,02950","-0,99940","-0,12600","0,02924","-0,99160","3,93","4,02",Valid,Valid,"233,4","100,9","514,3","292,0","99,8","515,4","224,0","116,1","226,5","115,0","0,3891","0,3909","0,3853","0,3929","0,3928","0,3889",thumbnail_grossTrial,thumbnail_grossTrial.png,1245.0,1080.0,337.0,0.0,798.0,692.0,Fixation,642.0,93.0,840.0,422.0,"0,4039","0,3906",,
30069,54657582,1400493928869,Eye Tracker,Participant0058,17.09.2021,Participant0058,Recording4,17.09.2021,17.09.2021,14:48:45.713,12:48:45.713,64514,Timeline2,Tobii I-VT (Fixation),1.145.28180,1080,1920,"10,00",722520309.0,,,823.0,424.0,823.0,431.0,824.0,417.0,"-0,01538","0,03287","-0,99934","-0,12756","0,02764","-0,99145",,,Valid,Valid,"233,4","101,0","514,3","292,0","99,8","515,5","225,5","117,9","225,7","114,1","0,3901","0,3925","0,3897","0,3989","0,3905","0,3862",thumbnail_grossTrial,thumbnail_grossTrial.png,1245.0,1080.0,337.0,0.0,798.0,692.0,Fixation,642.0,93.0,840.0,422.0,"0,4039","0,3906",,
30070,54666008,1400493937295,Eye Tracker,Participant0058,17.09.2021,Participant0058,Recording4,17.09.2021,17.09.2021,14:48:45.713,12:48:45.713,64514,Timeline2,Tobii I-VT (Fixation),1.145.28180,1080,1920,"10,00",722528736.0,,,822.0,430.0,827.0,428.0,816.0,432.0,"-0,01276","0,03126","-0,99943","-0,13117","0,03567","-0,99072",,,Valid,Valid,"233,3","101,0","514,3","292,0","99,7","515,7","226,7","117,1","223,7","118,3","0,3891","0,3981","0,3935","0,3961","0,3846","0,4001",thumbnail_grossTrial,thumbnail_grossTrial.png,1245.0,1080.0,337.0,0.0,798.0,692.0,Fixation,642.0,93.0,840.0,422.0,"0,4039","0,3906",,
30071,54674347,1400493945634,Eye Tracker,Participant0058,17.09.2021,Participant0058,Recording4,17.09.2021,17.09.2021,14:48:45.713,12:48:45.713,64514,Timeline2,Tobii I-VT (Fixation),1.145.28180,1080,1920,"10,00",722537075.0,,,822.0,431.0,828.0,435.0,816.0,428.0,"-0,01229","0,03502","-0,99931","-0,13158","0,03348","-0,99074","3,99","3,99",Valid,Valid,"233,3","100,9","514,3","292,0","99,6","515,9","227,0","119,0","223,5","117,0","0,3891","0,3992","0,3942","0,4025","0,3841","0,3959",thumbnail_grossTrial,thumbnail_grossTrial.png,1245.0,1080.0,337.0,0.0,798.0,692.0,Fixation,642.0,93.0,840.0,422.0,"0,4039","0,3906",,
30072,54682695,1400493953982,Eye Tracker,Participant0058,17.09.2021,Participant0058,Recording4,17.09.2021,17.09.2021,14:48:45.713,12:48:45.713,64514,Timeline2,Tobii I-VT (Fixation),1.145.28180,1080,1920,"10,00",722545423.0,,,828.0,434.0,832.0,431.0,823.0,437.0,"-0,01023","0,03264","-0,99942","-0,12752","0,03833","-0,99109",,,Valid,Valid,"233,4","101,0","514,2","292,1","99,6","516,0","228,1","117,8","225,7","119,5","0,3939","0,4015","0,3975","0,3986","0,3904","0,4044",thumbnail_grossTrial,thumbnail_grossTrial.png,1245.0,1080.0,337.0,0.0,798.0,692.0,Fixation,642.0,93.0,840.0,422.0,"0,4039","0,3906",,
30073,54690925,1400493962212,Eye Tracker,Participant0058,17.09.2021,Participant0058,Recording4,17.09.2021,17.09.2021,14:48:45.713,12:48:45.713,64514,Timeline2,Tobii I-VT (Fixation),1.145.28180,1080,1920,"10,00",722553653.0,,,822.0,435.0,830.0,431.0,814.0,439.0,"-0,01155","0,03272","-0,99940","-0,13235","0,03939","-0,99042",,,Valid,Valid,"233,3","101,0","514,2","292,0","99,5","516,2","227,4","117,9","223,1","120,0","0,3890","0,4024","0,3953","0,3987","0,3827","0,4062",thumbnail_grossTrial,thumbnail_grossTrial.png,1245.0,1080.0,337.0,0.0,798.0,692.0,Fixation,642.0,93.0,840.0,422.0,"0,4039","0,3906",,
30074,54699287,1400493970574,Eye Tracker,Participant0058,17.09.2021,Participant0058,Recording4,17.09.2021,17.09.2021,14:48:45.713,12:48:45.713,64514,Timeline2,Tobii I-VT (Fixation),1.145.28180,1080,1920,"10,00",722562015.0,,,815.0,423.0,818.0,410.0,811.0,436.0,"-0,01783","0,02183","-0,99960","-0,13386","0,03820","-0,99026","4,69","4,03",Valid,Valid,"233,3","101,0","514,3","292,1","99,4","516,3","224,2","112,2","222,3","119,4","0,3832","0,3917","0,3859","0,3796","0,3805","0,4038",thumbnail_grossTrial,thumbnail_grossTrial.png,1245.0,1080.0,337.0,0.0,798.0,692.0,Saccade,8.0,203.0,,,,,,
30075,54707577,1400493978864,Eye Tracker,Participant0058,17.09.2021,Participant0058,Recording4,17.09.2021,17.09.2021,14:48:45.713,12:48:45.713,64514,Timeline2,Tobii I-VT (Fixation),1.145.28180,1080,1920,"10,00",722570305.0,,,809.0,419.0,814.0,406.0,804.0,431.0,"-0,02007","0,01966","-0,99961","-0,13746","0,03551","-0,98987",,,Valid,Valid,"233,4","101,0","514,2","292,1","99,4","516,4","223,1","111,1","220,4","118,0","0,3788","0,3876","0,3827","0,3761","0,3750","0,3992",thumbnail_grossTrial,thumbnail_grossTrial.png,1245.0,1080.0,337.0,0.0,798.0,692.0,Unclassified,42.0,528.0,,,,,,
30076,54715922,1400493987209,Eye Tracker,Participant0058,17.09.2021,Participant0058,Recording4,17.09.2021,17.09.2021,14:48:45.713,12:48:45.713,64514,Timeline2,Tobii I-VT (Fixation),1.145.28180,1080,1920,"10,00",722578650.0,,,821.0,399.0,827.0,372.0,815.0,426.0,"-0,01287","0,00161","-0,99992","-0,13208","0,03317","-0,99068",,,Valid,Valid,"233,3","101,0","514,3","292,1","99,4","516,5","226,7","101,8","223,3","116,7","0,3883","0,3697","0,3934","0,3446","0,3833","0,3948",thumbnail_grossTrial,thumbnail_grossTrial.png,1245.0,1080.0,337.0,0.0,798.0,692.0,Unclassified,42.0,528.0,,,,,,
30077,54724248,1400493995535,Eye Tracker,Participant0058,17.09.2021,Participant0058,Recording4,17.09.2021,17.09.2021,14:48:45.713,12:48:45.713,64514,Timeline2,Tobii I-VT (Fixation),1.145.28180,1080,1920,"10,00",722586976.0,,,820.0,420.0,825.0,400.0,815.0,439.0,"-0,01418","0,01644","-0,99976","-0,13184","0,04027","-0,99045","3,95","3,74",Valid,Valid,"233,4","101,0","514,3","292,1","99,3","516,6","226,1","109,4","223,4","120,3","0,3875","0,3886","0,3915","0,3702","0,3836","0,4069",thumbnail_grossTrial,thumbnail_grossTrial.png,1245.0,1080.0,337.0,0.0,798.0,692.0,Unclassified,42.0,528.0,,,,,,
30078,54732660,1400494003947,Eye Tracker,Participant0058,17.09.2021,Participant0058,Recording4,17.09.2021,17.09.2021,14:48:45.713,12:48:45.713,64514,Timeline2,Tobii I-VT (Fixation),1.145.28180,1080,1920,"10,00",722595388.0,,,819.0,422.0,826.0,407.0,813.0,437.0,"-0,01382","0,02036","-0,99970","-0,13324","0,03873","-0,99033",,,Valid,Valid,"233,4","101,0","514,3","292,2","99,4","516,7","226,3","111,5","222,7","119,6","0,3869","0,3909","0,3922","0,3772","0,3816","0,4045",thumbnail_grossTrial,thumbnail_grossTrial.png,1245.0,1080.0,337.0,0.0,798.0,692.0,Unclassified,42.0,528.0,,,,,,
30079,54740943,1400494012230,Eye Tracker,Participant0058,17.09.2021,Participant0058,Recording4,17.09.2021,17.09.2021,14:48:45.713,12:48:45.713,64514,Timeline2,Tobii I-VT (Fixation),1.145.28180,1080,1920,"10,00",722603671.0,,,820.0,429.0,827.0,416.0,814.0,442.0,"-0,01304","0,02509","-0,99960","-0,13237","0,04122","-0,99034",,,Valid,Valid,"233,4","101,0","514,4","292,1","99,3","516,8","226,6","113,9","223,1","120,8","0,3879","0,3971","0,3932","0,3854","0,3827","0,4088",thumbnail_grossTrial,thumbnail_grossTrial.png,1245.0,1080.0,337.0,0.0,798.0,692.0,Unclassified,42.0,528.0,,,,,,
30080,54749236,1400494020523,Eye Tracker,Participant0058,17.09.2021,Participant0058,Recording4,17.09.2021,17.09.2021,14:48:45.713,12:48:45.713,64514,Timeline2,Tobii I-VT (Fixation),1.145.28180,1080,1920,"10,00",722611965.0,,,800.0,429.0,,,800.0,429.0,,,,"-0,13955","0,03470","-0,98961",,"4,05",Invalid,Valid,,,,"292,1","99,2","516,9",,,"219,2","117,4","0,3714","0,3971",,,"0,3714","0,3971",thumbnail_grossTrial,thumbnail_grossTrial.png,1245.0,1080.0,337.0,0.0,798.0,692.0,Saccade,33.0,204.0,,,,,,
30081,54757668,1400494028955,Eye Tracker,Participant0058,17.09.2021,Participant0058,Recording4,17.09.2021,17.09.2021,14:48:45.713,12:48:45.713,64514,Timeline2,Tobii I-VT (Fixation),1.145.28180,1080,1920,"10,00",722620396.0,,,791.0,416.0,804.0,404.0,777.0,429.0,"-0,02506","0,01843","-0,99952","-0,15092","0,03438","-0,98795",,,Valid,Valid,"233,3","101,0","514,4","292,0","99,3","516,9","220,4","110,5","213,1","117,3","0,3641","0,3853","0,3747","0,3739","0,3534","0,3968",thumbnail_grossTrial,thumbnail_grossTrial.png,1245.0,1080.0,337.0,0.0,798.0,692.0,Saccade,33.0,204.0,,,,,,
30082,54765941,1400494037228,Eye Tracker,Participant0058,17.09.2021,Participant0058,Recording4,17.09.2021,17.09.2021,14:48:45.713,12:48:45.713,64514,Timeline2,Tobii I-VT (Fixation),1.145.28180,1080,1920,"10,00",722628669.0,,,773.0,417.0,782.0,406.0,763.0,428.0,"-0,03628","0,01943","-0,99915","-0,15807","0,03430","-0,98683",,,Valid,Valid,"233,1","101,0","514,4","291,9","99,3","517,0","214,5","111,0","209,1","117,2","0,3496","0,3861","0,3575","0,3755","0,3418","0,3966",thumbnail_grossTrial,thumbnail_grossTrial.png,1245.0,1080.0,337.0,0.0,798.0,692.0,Saccade,33.0,204.0,,,,,,
30083,54774234,1400494045521,Eye Tracker,Participant0058,17.09.2021,Participant0058,Recording4,17.09.2021,17.09.2021,14:48:45.713,12:48:45.713,64514,Timeline2,Tobii I-VT (Fixation),1.145.28180,1080,1920,"10,00",722636962.0,,,758.0,414.0,769.0,397.0,747.0,431.0,"-0,04346","0,01485","-0,99894","-0,16598","0,03580","-0,98548","4,83","3,76",Valid,Valid,"233,1","100,9","514,5","291,9","99,2","517,0","210,7","108,6","204,8","117,9","0,3379","0,3832","0,3465","0,3674","0,3292","0,3990",thumbnail_grossTrial,thumbnail_grossTrial.png,1245.0,1080.0,337.0,0.0,798.0,692.0,Saccade,33.0,204.0,,,,,,
30084,54782668,1400494053955,Eye Tracker,Participant0058,17.09.2021,Participant0058,Recording4,17.09.2021,17.09.2021,14:48:45.713,12:48:45.713,64514,Timeline2,Tobii I-VT (Fixation),1.145.28180,1080,1920,"10,00",722645397.0,,,753.0,413.0,762.0,394.0,745.0,433.0,"-0,04723","0,01321","-0,99880","-0,16742","0,03654","-0,98521",,,Valid,Valid,"233,1","101,0","514,5","291,9","99,2","517,0","208,8","107,8","204,1","118,4","0,3339","0,3826","0,3409","0,3647","0,3270","0,4006",thumbnail_grossTrial,thumbnail_grossTrial.png,1245.0,1080.0,337.0,0.0,798.0,692.0,Unclassified,8.0,529.0,,,,,,
30085,54790967,1400494062254,Eye Tracker,Participant0058,17.09.2021,Participant0058,Recording4,17.09.2021,17.09.2021,14:48:45.713,12:48:45.713,64514,Timeline2,Tobii I-VT (Fixation),1.145.28180,1080,1920,"10,00",722653695.0,,,743.0,423.0,747.0,413.0,740.0,432.0,"-0,05510","0,02372","-0,99820","-0,16977","0,03622","-0,98482",,,Valid,Valid,"233,1","100,9","514,6","291,9","99,2","517,1","204,7","113,1","202,7","118,2","0,3259","0,3914","0,3287","0,3828","0,3231","0,3999",thumbnail_grossTrial,thumbnail_grossTrial.png,1245.0,1080.0,337.0,0.0,798.0,692.0,Saccade,8.0,205.0,,,,,,
30086,54799246,1400494070533,Eye Tracker,Participant0058,17.09.2021,Participant0058,Recording4,17.09.2021,17.09.2021,14:48:45.713,12:48:45.713,64514,Timeline2,Tobii I-VT (Fixation),1.145.28180,1080,1920,"10,00",722661974.0,,,764.0,436.0,784.0,443.0,743.0,429.0,"-0,03532","0,03966","-0,99859","-0,16787","0,03466","-0,98520","3,93","3,75",Valid,Valid,"233,1","100,8","514,6","291,9","99,1","517,1","214,9","121,3","203,8","117,3","0,3424","0,4036","0,3586","0,4103","0,3262","0,3968",thumbnail_grossTrial,thumbnail_grossTrial.png,1245.0,1080.0,337.0,0.0,798.0,692.0,Unclassified,58.0,530.0,,,,,,
30087,54807594,1400494078881,Eye Tracker,Participant0058,17.09.2021,Participant0058,Recording4,17.09.2021,17.09.2021,14:48:45.713,12:48:45.713,64514,Timeline2,Tobii I-VT (Fixation),1.145.28180,1080,1920,"10,00",722670323.0,,,764.0,431.0,784.0,443.0,744.0,419.0,"-0,03540","0,03945","-0,99859","-0,16767","0,02958","-0,98540",,,Valid,Valid,"233,1","100,9","514,6","291,9","99,2","517,1","214,9","121,2","203,9","114,7","0,3427","0,3991","0,3587","0,4102","0,3266","0,3880",thumbnail_grossTrial,thumbnail_grossTrial.png,1245.0,1080.0,337.0,0.0,798.0,692.0,Unclassified,58.0,530.0,,,,,,
30088,54815908,1400494087195,Eye Tracker,Participant0058,17.09.2021,Participant0058,Recording4,17.09.2021,17.09.2021,14:48:45.713,12:48:45.713,64514,Timeline2,Tobii I-VT (Fixation),1.145.28180,1080,1920,"10,00",722678636.0,,,748.0,418.0,750.0,420.0,745.0,416.0,"-0,05338","0,02734","-0,99820","-0,16688","0,02828","-0,98557",,,Valid,Valid,"233,1","100,9","514,6","291,9","99,1","517,1","205,5","115,0","204,3","114,0","0,3296","0,3873","0,3313","0,3890","0,3278","0,3856",thumbnail_grossTrial,thumbnail_grossTrial.png,1245.0,1080.0,337.0,0.0,798.0,692.0,Unclassified,58.0,530.0,,,,,,
30089,54824227,1400494095514,Eye Tracker,Participant0058,17.09.2021,Participant0058,Recording4,17.09.2021,17.09.2021,14:48:45.713,12:48:45.713,64514,Timeline2,Tobii I-VT (Fixation),1.145.28180,1080,1920,"10,00",722686955.0,,,749.0,419.0,751.0,418.0,747.0,419.0,"-0,05280","0,02657","-0,99825","-0,16615","0,02967","-0,98565","3,99","3,76",Valid,Valid,"233,1","100,8","514,6","291,9","99,1","517,1","205,9","114,5","204,7","114,6","0,3307","0,3876","0,3323","0,3874","0,3290","0,3878",thumbnail_grossTrial,thumbnail_grossTrial.png,1245.0,1080.0,337.0,0.0,798.0,692.0,Unclassified,58.0,530.0,,,,,,
30090,54832595,1400494103882,Eye Tracker,Participant0058,17.09.2021,Participant0058,Recording4,17.09.2021,17.09.2021,14:48:45.713,12:48:45.713,64514,Timeline2,Tobii I-VT (Fixation),1.145.28180,1080,1920,"10,00",722695324.0,,,752.0,424.0,759.0,420.0,745.0,427.0,"-0,04876","0,02737","-0,99844","-0,16722","0,03402","-0,98533",,,Valid,Valid,"233,1","100,9","514,6","292,0","99,1","517,1","208,0","115,0","204,2","117,0","0,3331","0,3924","0,3386","0,3890","0,3275","0,3958",thumbnail_grossTrial,thumbnail_grossTrial.png,1245.0,1080.0,337.0,0.0,798.0,692.0,Unclassified,58.0,530.0,,,,,,
30091,54840893,1400494112180,Eye Tracker,Participant0058,17.09.2021,Participant0058,Recording4,17.09.2021,17.09.2021,14:48:45.713,12:48:45.713,64514,Timeline2,Tobii I-VT (Fixation),1.145.28180,1080,1920,"10,00",722703622.0,,,753.0,431.0,763.0,436.0,744.0,427.0,"-0,04665","0,03563","-0,99828","-0,16776","0,03360","-0,98526",,,Valid,Valid,"233,1","100,8","514,6","291,9","99,1","517,1","209,1","119,2","203,9","116,7","0,3341","0,3991","0,3417","0,4032","0,3265","0,3949",thumbnail_grossTrial,thumbnail_grossTrial.png,1245.0,1080.0,337.0,0.0,798.0,692.0,Unclassified,58.0,530.0,,,,,,
30092,54849223,1400494120510,Eye Tracker,Participant0058,17.09.2021,Participant0058,Recording4,17.09.2021,17.09.2021,14:48:45.713,12:48:45.713,64514,Timeline2,Tobii I-VT (Fixation),1.145.28180,1080,1920,"10,00",722711951.0,,,753.0,431.0,763.0,435.0,743.0,426.0,"-0,04684","0,03556","-0,99827","-0,16812","0,03340","-0,98520","3,98","4,05",Valid,Valid,"233,1","100,7","514,7","292,0","99,0","517,1","209,0","119,1","203,7","116,6","0,3337","0,3986","0,3414","0,4029","0,3261","0,3944",thumbnail_grossTrial,thumbnail_grossTrial.png,1245.0,1080.0,337.0,0.0,798.0,692.0,Unclassified,58.0,530.0,,,,,,
30093,54857557,1400494128844,Eye Tracker,Participant0058,17.09.2021,Participant0058,Recording4,17.09.2021,17.09.2021,14:48:45.713,12:48:45.713,64514,Timeline2,Tobii I-VT (Fixation),1.145.28180,1080,1920,"10,00",722720285.0,,,753.0,426.0,760.0,433.0,746.0,418.0,"-0,04828","0,03441","-0,99824","-0,16687","0,02920","-0,98555",,,Valid,Valid,"233,2","100,8","514,7","292,0","99,1","517,0","208,3","118,6","204,5","114,4","0,3338","0,3942","0,3394","0,4011","0,3282","0,3872",thumbnail_grossTrial,thumbnail_grossTrial.png,1245.0,1080.0,337.0,0.0,798.0,692.0,Saccade,17.0,206.0,,,,,,
30094,54865903,1400494137190,Eye Tracker,Participant0058,17.09.2021,Participant0058,Recording4,17.09.2021,17.09.2021,14:48:45.713,12:48:45.713,64514,Timeline2,Tobii I-VT (Fixation),1.145.28180,1080,1920,"10,00",722728631.0,,,754.0,407.0,760.0,413.0,749.0,401.0,"-0,04805","0,02392","-0,99856","-0,16547","0,02009","-0,98601",,,Valid,Valid,"233,1","100,8","514,7","291,9","99,1","517,0","208,4","113,1","205,2","109,7","0,3350","0,3768","0,3396","0,3826","0,3303","0,3710",thumbnail_grossTrial,thumbnail_grossTrial.png,1245.0,1080.0,337.0,0.0,798.0,692.0,Saccade,17.0,206.0,,,,,,
30095,54874232,1400494145519,Eye Tracker,Participant0058,17.09.2021,Participant0058,Recording4,17.09.2021,17.09.2021,14:48:45.713,12:48:45.713,64514,Timeline2,Tobii I-VT (Fixation),1.145.28180,1080,1920,"10,00",722736960.0,,,753.0,406.0,755.0,415.0,750.0,397.0,"-0,05060","0,02499","-0,99841","-0,16502","0,01809","-0,98612","3,87","4,09",Valid,Valid,"233,1","100,7","514,8","292,0","99,1","517,0","207,0","113,6","205,4","108,6","0,3334","0,3758","0,3358","0,3843","0,3311","0,3674",thumbnail_grossTrial,thumbnail_grossTrial.png,1245.0,1080.0,337.0,0.0,798.0,692.0,Unclassified,33.0,531.0,,,,,,
30096,54882563,1400494153850,Eye Tracker,Participant0058,17.09.2021,Participant0058,Recording4,17.09.2021,17.09.2021,14:48:45.713,12:48:45.713,64514,Timeline2,Tobii I-VT (Fixation),1.145.28180,1080,1920,"10,00",722745290.0,,,747.0,408.0,747.0,413.0,747.0,403.0,"-0,05518","0,02356","-0,99820","-0,16623","0,02134","-0,98586",,,Valid,Valid,"233,1","100,7","514,9","292,0","99,2","516,9","204,7","112,9","204,8","110,4","0,3291","0,3777","0,3288","0,3820","0,3293","0,3734",thumbnail_grossTrial,thumbnail_grossTrial.png,1245.0,1080.0,337.0,0.0,798.0,692.0,Unclassified,33.0,531.0,,,,,,
30097,54890986,1400494162273,Eye Tracker,Participant0058,17.09.2021,Participant0058,Recording4,17.09.2021,17.09.2021,14:48:45.713,12:48:45.713,64514,Timeline2,Tobii I-VT (Fixation),1.145.28180,1080,1920,"10,00",722753713.0,,,748.0,400.0,746.0,395.0,751.0,405.0,"-0,05562","0,01420","-0,99835","-0,16413","0,02226","-0,98619",,,Valid,Valid,"233,1","100,7","515,0","291,9","99,2","516,9","204,4","108,0","205,9","110,9","0,3302","0,3702","0,3279","0,3654","0,3324","0,3751",thumbnail_grossTrial,thumbnail_grossTrial.png,1245.0,1080.0,337.0,0.0,798.0,692.0,Unclassified,33.0,531.0,,,,,,
30098,54899221,1400494170508,Eye Tracker,Participant0058,17.09.2021,Participant0058,Recording4,17.09.2021,17.09.2021,14:48:45.713,12:48:45.713,64514,Timeline2,Tobii I-VT (Fixation),1.145.28180,1080,1920,"10,00",722761948.0,,,749.0,400.0,749.0,394.0,749.0,405.0,"-0,05366","0,01410","-0,99846","-0,16529","0,02222","-0,98600","4,01","4,10",Valid,Valid,"233,1","100,6","515,1","291,9","99,2","516,8","205,4","107,9","205,3","110,8","0,3307","0,3700","0,3309","0,3650","0,3306","0,3749",thumbnail_grossTrial,thumbnail_grossTrial.png,1245.0,1080.0,337.0,0.0,798.0,692.0,Unclassified,33.0,531.0,,,,,,
30099,54907581,1400494178868,Eye Tracker,Participant0058,17.09.2021,Participant0058,Recording4,17.09.2021,17.09.2021,14:48:45.713,12:48:45.713,64514,Timeline2,Tobii I-VT (Fixation),1.145.28180,1080,1920,"10,00",722770308.0,,,742.0,415.0,752.0,392.0,732.0,437.0,"-0,05224","0,01283","-0,99855","-0,17401","0,03891","-0,98397",,,Valid,Valid,"233,1","100,7","515,1","291,9","99,3","516,7","206,2","107,3","200,6","119,7","0,3250","0,3840","0,3332","0,3630","0,3168","0,4050",thumbnail_grossTrial,thumbnail_grossTrial.png,1245.0,1080.0,337.0,0.0,798.0,692.0,Saccade,17.0,207.0,,,,,,
30100,54915932,1400494187219,Eye Tracker,Participant0058,17.09.2021,Participant0058,Recording4,17.09.2021,17.09.2021,14:48:45.713,12:48:45.713,64514,Timeline2,Tobii I-VT (Fixation),1.145.28180,1080,1920,"10,00",722778658.0,,,756.0,437.0,780.0,438.0,732.0,437.0,"-0,03710","0,03710","-0,99862","-0,17398","0,03849","-0,98400",,,Valid,Valid,"233,0","100,6","515,2","291,9","99,3","516,6","213,9","119,7","200,5","119,5","0,3363","0,4047","0,3559","0,4051","0,3167","0,4044",thumbnail_grossTrial,thumbnail_grossTrial.png,1245.0,1080.0,337.0,0.0,798.0,692.0,Saccade,17.0,207.0,,,,,,
30101,54924242,1400494195529,Eye Tracker,Participant0058,17.09.2021,Participant0058,Recording4,17.09.2021,17.09.2021,14:48:45.713,12:48:45.713,64514,Timeline2,Tobii I-VT (Fixation),1.145.28180,1080,1920,"10,00",722786968.0,,,761.0,437.0,782.0,436.0,740.0,438.0,"-0,03612","0,03650","-0,99868","-0,17005","0,03918","-0,98466","4,02","4,05",Valid,Valid,"233,1","100,5","515,3","291,9","99,3","516,5","214,4","119,4","202,7","119,9","0,3402","0,4047","0,3574","0,4038","0,3230","0,4055",thumbnail_grossTrial,thumbnail_grossTrial.png,1245.0,1080.0,337.0,0.0,798.0,692.0,Unclassified,33.0,532.0,,,,,,
30102,54932554,1400494203841,Eye Tracker,Participant0058,17.09.2021,Participant0058,Recording4,17.09.2021,17.09.2021,14:48:45.713,12:48:45.713,64514,Timeline2,Tobii I-VT (Fixation),1.145.28180,1080,1920,"10,00",722795280.0,,,766.0,423.0,782.0,436.0,750.0,410.0,"-0,03618","0,03644","-0,99868","-0,16484","0,02444","-0,98602",,,Valid,Valid,"233,1","100,6","515,4","291,9","99,4","516,4","214,4","119,4","205,6","112,2","0,3445","0,3918","0,3574","0,4039","0,3315","0,3797",thumbnail_grossTrial,thumbnail_grossTrial.png,1245.0,1080.0,337.0,0.0,798.0,692.0,Unclassified,33.0,532.0,,,,,,
30103,54940979,1400494212266,Eye Tracker,Participant0058,17.09.2021,Participant0058,Recording4,17.09.2021,17.09.2021,14:48:45.713,12:48:45.713,64514,Timeline2,Tobii I-VT (Fixation),1.145.28180,1080,1920,"10,00",722803705.0,,,766.0,429.0,781.0,447.0,751.0,411.0,"-0,03696","0,04214","-0,99843","-0,16435","0,02465","-0,98609",,,Valid,Valid,"233,1","100,5","515,4","291,9","99,4","516,3","214,0","122,3","205,8","112,3","0,3441","0,3969","0,3561","0,4137","0,3321","0,3801",thumbnail_grossTrial,thumbnail_grossTrial.png,1245.0,1080.0,337.0,0.0,798.0,692.0,Unclassified,33.0,532.0,,,,,,
30104,54949318,1400494220605,Eye Tracker,Participant0058,17.09.2021,Participant0058,Recording4,17.09.2021,17.09.2021,14:48:45.713,12:48:45.713,64514,Timeline2,Tobii I-VT (Fixation),1.145.28180,1080,1920,"10,00",722812043.0,,,764.0,430.0,782.0,446.0,746.0,413.0,"-0,03653","0,04174","-0,99846","-0,16669","0,02600","-0,98567","4,05","4,12",Valid,Valid,"233,1","100,5","515,5","291,9","99,5","516,3","214,2","122,0","204,6","113,1","0,3426","0,3977","0,3568","0,4128","0,3285","0,3826",thumbnail_grossTrial,thumbnail_grossTrial.png,1245.0,1080.0,337.0,0.0,798.0,692.0,Unclassified,33.0,532.0,,,,,,
30105,54957616,1400494228903,Eye Tracker,Participant0058,17.09.2021,Participant0058,Recording4,17.09.2021,17.09.2021,14:48:45.713,12:48:45.713,64514,Timeline2,Tobii I-VT (Fixation),1.145.28180,1080,1920,"10,00",722820341.0,,,759.0,442.0,782.0,446.0,737.0,438.0,"-0,03662","0,04160","-0,99846","-0,17137","0,03867","-0,98445",,,Valid,Valid,"233,1","100,5","515,5","291,9","99,5","516,2","214,2","122,0","202,1","119,8","0,3390","0,4091","0,3568","0,4128","0,3212","0,4054",thumbnail_grossTrial,thumbnail_grossTrial.png,1245.0,1080.0,337.0,0.0,798.0,692.0,Saccade,17.0,208.0,,,,,,
30106,54965887,1400494237174,Eye Tracker,Participant0058,17.09.2021,Participant0058,Recording4,17.09.2021,17.09.2021,14:48:45.713,12:48:45.713,64514,Timeline2,Tobii I-VT (Fixation),1.145.28180,1080,1920,"10,00",722828612.0,,,748.0,416.0,761.0,395.0,736.0,436.0,"-0,04766","0,01481","-0,99875","-0,17193","0,03786","-0,98438",,,Valid,Valid,"233,1","100,5","515,6","291,9","99,5","516,1","208,5","108,1","201,7","119,4","0,3300","0,3849","0,3399","0,3659","0,3202","0,4039",thumbnail_grossTrial,thumbnail_grossTrial.png,1245.0,1080.0,337.0,0.0,798.0,692.0,Saccade,17.0,208.0,,,,,,
30107,54974248,1400494245535,Eye Tracker,Participant0058,17.09.2021,Participant0058,Recording4,17.09.2021,17.09.2021,14:48:45.713,12:48:45.713,64514,Timeline2,Tobii I-VT (Fixation),1.145.28180,1080,1920,"10,00",722836973.0,,,754.0,411.0,757.0,398.0,751.0,425.0,"-0,04976","0,01638","-0,99863","-0,16438","0,03211","-0,98587","3,90","4,09",Valid,Valid,"233,1","100,4","515,7","291,9","99,5","516,1","207,4","108,9","205,8","116,3","0,3344","0,3809","0,3367","0,3684","0,3321","0,3935",thumbnail_grossTrial,thumbnail_grossTrial.png,1245.0,1080.0,337.0,0.0,798.0,692.0,Unclassified,8.0,533.0,,,,,,
30108,54982549,1400494253836,Eye Tracker,Participant0058,17.09.2021,Participant0058,Recording4,17.09.2021,17.09.2021,14:48:45.713,12:48:45.713,64514,Timeline2,Tobii I-VT (Fixation),1.145.28180,1080,1920,"10,00",722845273.0,,,744.0,414.0,744.0,404.0,744.0,424.0,"-0,05659","0,01973","-0,99820","-0,16771","0,03128","-0,98534",,,Valid,Valid,"233,1","100,5","515,7","291,8","99,6","516,0","203,8","110,7","204,0","116,0","0,3266","0,3835","0,3263","0,3745","0,3268","0,3924",thumbnail_grossTrial,thumbnail_grossTrial.png,1245.0,1080.0,337.0,0.0,798.0,692.0,Saccade,25.0,209.0,,,,,,
30109,54990894,1400494262181,Eye Tracker,Participant0058,17.09.2021,Participant0058,Recording4,17.09.2021,17.09.2021,14:48:45.713,12:48:45.713,64514,Timeline2,Tobii I-VT (Fixation),1.145.28180,1080,1920,"10,00",722853618.0,,,727.0,424.0,720.0,418.0,734.0,430.0,"-0,06892","0,02720","-0,99725","-0,17287","0,03438","-0,98435",,,Valid,Valid,"232,9","100,4","515,7","291,7","99,6","516,0","197,3","114,5","201,1","117,6","0,3127","0,3927","0,3072","0,3874","0,3183","0,3979",thumbnail_grossTrial,thumbnail_grossTrial.png,1245.0,1080.0,337.0,0.0,798.0,692.0,Saccade,25.0,209.0,,,,,,
30110,54999251,1400494270538,Eye Tracker,Participant0058,17.09.2021,Participant0058,Recording4,17.09.2021,17.09.2021,14:48:45.713,12:48:45.713,64514,Timeline2,Tobii I-VT (Fixation),1.145.28180,1080,1920,"10,00",722861975.0,,,709.0,424.0,708.0,423.0,709.0,424.0,"-0,07501","0,02987","-0,99674","-0,18505","0,03141","-0,98223","3,87","4,11",Valid,Valid,"232,9","100,4","515,8","291,7","99,5","516,0","194,1","115,8","194,5","116,0","0,2983","0,3922","0,2978","0,3918","0,2989","0,3925",thumbnail_grossTrial,thumbnail_grossTrial.png,1245.0,1080.0,337.0,0.0,798.0,692.0,Saccade,25.0,209.0,,,,,,
30111,55007551,1400494278838,Eye Tracker,Participant0058,17.09.2021,Participant0058,Recording4,17.09.2021,17.09.2021,14:48:45.713,12:48:45.713,64514,Timeline2,Tobii I-VT (Fixation),1.145.28180,1080,1920,"10,00",722870274.0,,,693.0,424.0,692.0,430.0,695.0,419.0,"-0,08353","0,03322","-0,99595","-0,19256","0,02838","-0,98087",,,Valid,Valid,"232,9","100,4","515,8","291,7","99,6","516,0","189,7","117,6","190,4","114,5","0,2859","0,3928","0,2849","0,3980","0,2870","0,3875",thumbnail_grossTrial,thumbnail_grossTrial.png,1245.0,1080.0,337.0,0.0,798.0,692.0,Fixation,150.0,94.0,699.0,423.0,"0,2905","0,3915",,
30112,55015889,1400494287176,Eye Tracker,Participant0058,17.09.2021,Participant0058,Recording4,17.09.2021,17.09.2021,14:48:45.713,12:48:45.713,64514,Timeline2,Tobii I-VT (Fixation),1.145.28180,1080,1920,"10,00",722878612.0,,,700.0,434.0,708.0,448.0,692.0,420.0,"-0,07482","0,04271","-0,99628","-0,19367","0,02930","-0,98063",,,Valid,Valid,"232,9","100,4","515,8","291,6","99,6","516,0","194,1","122,5","189,7","115,0","0,2915","0,4018","0,2979","0,4145","0,2850","0,3891",thumbnail_grossTrial,thumbnail_grossTrial.png,1245.0,1080.0,337.0,0.0,798.0,692.0,Fixation,150.0,94.0,699.0,423.0,"0,2905","0,3915",,
30113,55024211,1400494295498,Eye Tracker,Participant0058,17.09.2021,Participant0058,Recording4,17.09.2021,17.09.2021,14:48:45.713,12:48:45.713,64514,Timeline2,Tobii I-VT (Fixation),1.145.28180,1080,1920,"10,00",722886934.0,,,705.0,428.0,720.0,444.0,689.0,413.0,"-0,06848","0,04103","-0,99681","-0,19517","0,02552","-0,98044","4,04","3,78",Valid,Valid,"232,9","100,3","515,9","291,7","99,6","516,1","197,4","121,5","188,9","113,0","0,2951","0,3967","0,3076","0,4112","0,2827","0,3823",thumbnail_grossTrial,thumbnail_grossTrial.png,1245.0,1080.0,337.0,0.0,798.0,692.0,Fixation,150.0,94.0,699.0,423.0,"0,2905","0,3915",,
30114,55032580,1400494303867,Eye Tracker,Participant0058,17.09.2021,Participant0058,Recording4,17.09.2021,17.09.2021,14:48:45.713,12:48:45.713,64514,Timeline2,Tobii I-VT (Fixation),1.145.28180,1080,1920,"10,00",722895303.0,,,706.0,429.0,720.0,444.0,693.0,414.0,"-0,06864","0,04086","-0,99680","-0,19365","0,02625","-0,98072",,,Valid,Valid,"232,9","100,4","515,9","291,7","99,6","516,0","197,4","121,5","189,8","113,4","0,2964","0,3974","0,3076","0,4112","0,2853","0,3837",thumbnail_grossTrial,thumbnail_grossTrial.png,1245.0,1080.0,337.0,0.0,798.0,692.0,Fixation,150.0,94.0,699.0,423.0,"0,2905","0,3915",,
30115,55040932,1400494312219,Eye Tracker,Participant0058,17.09.2021,Participant0058,Recording4,17.09.2021,17.09.2021,14:48:45.713,12:48:45.713,64514,Timeline2,Tobii I-VT (Fixation),1.145.28180,1080,1920,"10,00",722903654.0,,,696.0,420.0,702.0,419.0,690.0,421.0,"-0,07834","0,02792","-0,99654","-0,19489","0,02981","-0,98037",,,Valid,Valid,"232,9","100,3","515,9","291,7","99,6","516,1","192,3","114,8","189,1","115,2","0,2879","0,3892","0,2926","0,3884","0,2831","0,3899",thumbnail_grossTrial,thumbnail_grossTrial.png,1245.0,1080.0,337.0,0.0,798.0,692.0,Fixation,150.0,94.0,699.0,423.0,"0,2905","0,3915",,
30116,55049255,1400494320542,Eye Tracker,Participant0058,17.09.2021,Participant0058,Recording4,17.09.2021,17.09.2021,14:48:45.713,12:48:45.713,64514,Timeline2,Tobii I-VT (Fixation),1.145.28180,1080,1920,"10,00",722911977.0,,,697.0,426.0,701.0,421.0,693.0,430.0,"-0,07861","0,02885","-0,99649","-0,19328","0,03474","-0,98053","4,03","3,80",Valid,Valid,"232,9","100,3","515,9","291,7","99,5","516,1","192,2","115,2","189,9","117,8","0,2889","0,3941","0,2922","0,3898","0,2856","0,3985",thumbnail_grossTrial,thumbnail_grossTrial.png,1245.0,1080.0,337.0,0.0,798.0,692.0,Fixation,150.0,94.0,699.0,423.0,"0,2905","0,3915",,
30117,55057544,1400494328831,Eye Tracker,Participant0058,17.09.2021,Participant0058,Recording4,17.09.2021,17.09.2021,14:48:45.713,12:48:45.713,64514,Timeline2,Tobii I-VT (Fixation),1.145.28180,1080,1920,"10,00",722920266.0,,,693.0,423.0,695.0,417.0,690.0,429.0,"-0,08191","0,02670","-0,99628","-0,19481","0,03373","-0,98026",,,Valid,Valid,"233,0","100,4","515,9","291,7","99,6","516,1","190,5","114,2","189,2","117,3","0,2854","0,3917","0,2874","0,3865","0,2834","0,3969",thumbnail_grossTrial,thumbnail_grossTrial.png,1245.0,1080.0,337.0,0.0,798.0,692.0,Fixation,150.0,94.0,699.0,423.0,"0,2905","0,3915",,
30118,55065917,1400494337204,Eye Tracker,Participant0058,17.09.2021,Participant0058,Recording4,17.09.2021,17.09.2021,14:48:45.713,12:48:45.713,64514,Timeline2,Tobii I-VT (Fixation),1.145.28180,1080,1920,"10,00",722928639.0,,,694.0,412.0,698.0,405.0,690.0,420.0,"-0,08014","0,02000","-0,99658","-0,19463","0,02940","-0,98044",,,Valid,Valid,"232,9","100,4","515,8","291,7","99,5","516,1","191,4","110,7","189,2","115,0","0,2867","0,3819","0,2899","0,3747","0,2835","0,3891",thumbnail_grossTrial,thumbnail_grossTrial.png,1245.0,1080.0,337.0,0.0,798.0,692.0,Fixation,150.0,94.0,699.0,423.0,"0,2905","0,3915",,
30119,55074207,1400494345494,Eye Tracker,Participant0058,17.09.2021,Participant0058,Recording4,17.09.2021,17.09.2021,14:48:45.713,12:48:45.713,64514,Timeline2,Tobii I-VT (Fixation),1.145.28180,1080,1920,"10,00",722936928.0,,,693.0,413.0,697.0,399.0,689.0,428.0,"-0,08113","0,01697","-0,99656","-0,19526","0,03340","-0,98018","4,03","4,44",Valid,Valid,"232,9","100,4","515,7","291,7","99,4","516,2","190,9","109,2","188,8","117,0","0,2855","0,3827","0,2885","0,3693","0,2824","0,3960",thumbnail_grossTrial,thumbnail_grossTrial.png,1245.0,1080.0,337.0,0.0,798.0,692.0,Fixation,150.0,94.0,699.0,423.0,"0,2905","0,3915",,
30120,55082568,1400494353855,Eye Tracker,Participant0058,17.09.2021,Participant0058,Recording4,17.09.2021,17.09.2021,14:48:45.713,12:48:45.713,64514,Timeline2,Tobii I-VT (Fixation),1.145.28180,1080,1920,"10,00",722945289.0,,,700.0,417.0,708.0,406.0,692.0,428.0,"-0,07526","0,02059","-0,99695","-0,19378","0,03364","-0,98047",,,Valid,Valid,"232,9","100,5","515,6","291,7","99,5","516,2","194,0","111,2","189,7","117,2","0,2913","0,3864","0,2976","0,3761","0,2850","0,3967",thumbnail_grossTrial,thumbnail_grossTrial.png,1245.0,1080.0,337.0,0.0,798.0,692.0,Fixation,150.0,94.0,699.0,423.0,"0,2905","0,3915",,
30121,55090922,1400494362209,Eye Tracker,Participant0058,17.09.2021,Participant0058,Recording4,17.09.2021,17.09.2021,14:48:45.713,12:48:45.713,64514,Timeline2,Tobii I-VT (Fixation),1.145.28180,1080,1920,"10,00",722953643.0,,,701.0,421.0,707.0,409.0,695.0,433.0,"-0,07565","0,02203","-0,99689","-0,19237","0,03588","-0,98067",,,Valid,Valid,"232,9","100,5","515,5","291,7","99,5","516,2","193,7","111,9","190,4","118,4","0,2919","0,3896","0,2968","0,3786","0,2870","0,4006",thumbnail_grossTrial,thumbnail_grossTrial.png,1245.0,1080.0,337.0,0.0,798.0,692.0,Fixation,150.0,94.0,699.0,423.0,"0,2905","0,3915",,
30122,55099206,1400494370493,Eye Tracker,Participant0058,17.09.2021,Participant0058,Recording4,17.09.2021,17.09.2021,14:48:45.713,12:48:45.713,64514,Timeline2,Tobii I-VT (Fixation),1.145.28180,1080,1920,"10,00",722961927.0,,,698.0,420.0,702.0,416.0,693.0,423.0,"-0,07845","0,02584","-0,99658","-0,19300","0,03109","-0,98071","3,86","3,77",Valid,Valid,"232,9","100,5","515,4","291,7","99,4","516,2","192,3","113,9","190,1","115,8","0,2893","0,3886","0,2926","0,3853","0,2860","0,3918",thumbnail_grossTrial,thumbnail_grossTrial.png,1245.0,1080.0,337.0,0.0,798.0,692.0,Fixation,150.0,94.0,699.0,423.0,"0,2905","0,3915",,
30123,55107565,1400494378852,Eye Tracker,Participant0058,17.09.2021,Participant0058,Recording4,17.09.2021,17.09.2021,14:48:45.713,12:48:45.713,64514,Timeline2,Tobii I-VT (Fixation),1.145.28180,1080,1920,"10,00",722970285.0,,,696.0,417.0,695.0,417.0,696.0,418.0,"-0,08196","0,02585","-0,99630","-0,19187","0,02833","-0,98101",,,Valid,Valid,"232,9","100,7","515,2","291,7","99,5","516,2","190,5","114,0","190,7","114,4","0,2877","0,3865","0,2874","0,3858","0,2880","0,3872",thumbnail_grossTrial,thumbnail_grossTrial.png,1245.0,1080.0,337.0,0.0,798.0,692.0,Fixation,150.0,94.0,699.0,423.0,"0,2905","0,3915",,
30124,55115919,1400494387206,Eye Tracker,Participant0058,17.09.2021,Participant0058,Recording4,17.09.2021,17.09.2021,14:48:45.713,12:48:45.713,64514,Timeline2,Tobii I-VT (Fixation),1.145.28180,1080,1920,"10,00",722978639.0,,,693.0,425.0,691.0,427.0,695.0,423.0,"-0,08395","0,03121","-0,99598","-0,19224","0,03071","-0,98087",,,Valid,Valid,"232,9","100,7","515,1","291,7","99,5","516,2","189,5","116,8","190,5","115,7","0,2857","0,3933","0,2842","0,3953","0,2872","0,3914",thumbnail_grossTrial,thumbnail_grossTrial.png,1245.0,1080.0,337.0,0.0,798.0,692.0,Fixation,150.0,94.0,699.0,423.0,"0,2905","0,3915",,
30125,55124205,1400494395492,Eye Tracker,Participant0058,17.09.2021,Participant0058,Recording4,17.09.2021,17.09.2021,14:48:45.713,12:48:45.713,64514,Timeline2,Tobii I-VT (Fixation),1.145.28180,1080,1920,"10,00",722986925.0,,,695.0,422.0,699.0,430.0,692.0,414.0,"-0,08001","0,03304","-0,99625","-0,19375","0,02634","-0,98070","4,04","3,77",Valid,Valid,"232,9","100,7","515,0","291,7","99,5","516,2","191,5","117,8","189,7","113,4","0,2876","0,3910","0,2903","0,3985","0,2849","0,3835",thumbnail_grossTrial,thumbnail_grossTrial.png,1245.0,1080.0,337.0,0.0,798.0,692.0,Fixation,150.0,94.0,699.0,423.0,"0,2905","0,3915",,
30126,55132609,1400494403896,Eye Tracker,Participant0058,17.09.2021,Participant0058,Recording4,17.09.2021,17.09.2021,14:48:45.713,12:48:45.713,64514,Timeline2,Tobii I-VT (Fixation),1.145.28180,1080,1920,"10,00",722995329.0,,,697.0,423.0,706.0,430.0,688.0,416.0,"-0,07657","0,03278","-0,99653","-0,19597","0,02706","-0,98024",,,Valid,Valid,"233,0","100,8","514,9","291,7","99,6","516,2","193,4","117,8","188,5","113,8","0,2886","0,3918","0,2958","0,3985","0,2815","0,3850",thumbnail_grossTrial,thumbnail_grossTrial.png,1245.0,1080.0,337.0,0.0,798.0,692.0,Fixation,150.0,94.0,699.0,423.0,"0,2905","0,3915",,
30127,55140879,1400494412166,Eye Tracker,Participant0058,17.09.2021,Participant0058,Recording4,17.09.2021,17.09.2021,14:48:45.713,12:48:45.713,64514,Timeline2,Tobii I-VT (Fixation),1.145.28180,1080,1920,"10,00",723003598.0,,,708.0,433.0,725.0,460.0,692.0,406.0,"-0,06641","0,04857","-0,99661","-0,19401","0,02177","-0,98076",,,Valid,Valid,"232,9","100,8","514,8","291,7","99,5","516,2","198,6","125,9","189,6","111,0","0,2978","0,4008","0,3110","0,4260","0,2846","0,3756",thumbnail_grossTrial,thumbnail_grossTrial.png,1245.0,1080.0,337.0,0.0,798.0,692.0,Fixation,150.0,94.0,699.0,423.0,"0,2905","0,3915",,
30128,55149203,1400494420490,Eye Tracker,Participant0058,17.09.2021,Participant0058,Recording4,17.09.2021,17.09.2021,14:48:45.713,12:48:45.713,64514,Timeline2,Tobii I-VT (Fixation),1.145.28180,1080,1920,"10,00",723011922.0,,,711.0,429.0,725.0,447.0,696.0,411.0,"-0,06614","0,04179","-0,99694","-0,19186","0,02462","-0,98111","4,03","4,16",Valid,Valid,"232,9","100,8","514,8","291,7","99,5","516,2","198,8","122,4","190,7","112,4","0,2998","0,3972","0,3116","0,4140","0,2880","0,3804",thumbnail_grossTrial,thumbnail_grossTrial.png,1245.0,1080.0,337.0,0.0,798.0,692.0,Fixation,150.0,94.0,699.0,423.0,"0,2905","0,3915",,
30129,55157566,1400494428853,Eye Tracker,Participant0058,17.09.2021,Participant0058,Recording4,17.09.2021,17.09.2021,14:48:45.713,12:48:45.713,64514,Timeline2,Tobii I-VT (Fixation),1.145.28180,1080,1920,"10,00",723020285.0,,,709.0,428.0,725.0,447.0,692.0,410.0,"-0,06620","0,04145","-0,99695","-0,19406","0,02394","-0,98070",,,Valid,Valid,"233,0","100,9","514,8","291,7","99,6","516,1","198,8","122,3","189,6","112,2","0,2982","0,3966","0,3116","0,4138","0,2847","0,3795",thumbnail_grossTrial,thumbnail_grossTrial.png,1245.0,1080.0,337.0,0.0,798.0,692.0,Saccade,42.0,210.0,,,,,,
30130,55165898,1400494437185,Eye Tracker,Participant0058,17.09.2021,Participant0058,Recording4,17.09.2021,17.09.2021,14:48:45.713,12:48:45.713,64514,Timeline2,Tobii I-VT (Fixation),1.145.28180,1080,1920,"10,00",723028617.0,,,687.0,411.0,693.0,401.0,682.0,421.0,"-0,08316","0,01729","-0,99639","-0,19888","0,02953","-0,97958",,,Valid,Valid,"232,9","100,8","514,8","291,6","99,5","516,2","189,9","109,8","186,8","115,1","0,2811","0,3804","0,2856","0,3714","0,2765","0,3894",thumbnail_grossTrial,thumbnail_grossTrial.png,1245.0,1080.0,337.0,0.0,798.0,692.0,Saccade,42.0,210.0,,,,,,
30131,55174199,1400494445486,Eye Tracker,Participant0058,17.09.2021,Participant0058,Recording4,17.09.2021,17.09.2021,14:48:45.713,12:48:45.713,64514,Timeline2,Tobii I-VT (Fixation),1.145.28180,1080,1920,"10,00",723036917.0,,,669.0,407.0,674.0,396.0,664.0,418.0,"-0,09287","0,01476","-0,99557","-0,20769","0,02830","-0,97779","4,00","4,17",Valid,Valid,"232,8","100,8","514,8","291,5","99,5","516,2","184,8","108,4","181,9","114,4","0,2663","0,3769","0,2705","0,3667","0,2621","0,3871",thumbnail_grossTrial,thumbnail_grossTrial.png,1245.0,1080.0,337.0,0.0,798.0,692.0,Saccade,42.0,210.0,,,,,,
30132,55182569,1400494453856,Eye Tracker,Participant0058,17.09.2021,Participant0058,Recording4,17.09.2021,17.09.2021,14:48:45.713,12:48:45.713,64514,Timeline2,Tobii I-VT (Fixation),1.145.28180,1080,1920,"10,00",723045287.0,,,651.0,407.0,655.0,399.0,646.0,416.0,"-0,10297","0,01603","-0,99456","-0,21647","0,02703","-0,97591",,,Valid,Valid,"232,8","100,8","514,8","291,5","99,6","516,1","179,5","109,1","177,1","113,9","0,2515","0,3772","0,2551","0,3692","0,2479","0,3852",thumbnail_grossTrial,thumbnail_grossTrial.png,1245.0,1080.0,337.0,0.0,798.0,692.0,Saccade,42.0,210.0,,,,,,
30133,55190914,1400494462201,Eye Tracker,Participant0058,17.09.2021,Participant0058,Recording4,17.09.2021,17.09.2021,14:48:45.713,12:48:45.713,64514,Timeline2,Tobii I-VT (Fixation),1.145.28180,1080,1920,"10,00",723053632.0,,,633.0,403.0,635.0,401.0,630.0,405.0,"-0,11308","0,01719","-0,99344","-0,22429","0,02117","-0,97429",,,Valid,Valid,"232,7","100,8","514,9","291,4","99,5","516,1","174,1","109,7","172,6","110,8","0,2371","0,3729","0,2392","0,3711","0,2349","0,3747",thumbnail_grossTrial,thumbnail_grossTrial.png,1245.0,1080.0,337.0,0.0,798.0,692.0,Saccade,42.0,210.0,,,,,,
30134,55199201,1400494470488,Eye Tracker,Participant0058,17.09.2021,Participant0058,Recording4,17.09.2021,17.09.2021,14:48:45.713,12:48:45.713,64514,Timeline2,Tobii I-VT (Fixation),1.145.28180,1080,1920,"10,00",723061918.0,,,624.0,401.0,623.0,397.0,624.0,404.0,"-0,11946","0,01553","-0,99272","-0,22694","0,02092","-0,97369","4,06","4,16",Valid,Valid,"232,7","100,7","515,0","291,4","99,5","516,1","170,7","108,7","171,1","110,6","0,2299","0,3710","0,2293","0,3679","0,2305","0,3741",thumbnail_grossTrial,thumbnail_grossTrial.png,1245.0,1080.0,337.0,0.0,798.0,692.0,Fixation,258.0,95.0,625.0,413.0,"0,2308","0,3820",,
30135,55207529,1400494478816,Eye Tracker,Participant0058,17.09.2021,Participant0058,Recording4,17.09.2021,17.09.2021,14:48:45.713,12:48:45.713,64514,Timeline2,Tobii I-VT (Fixation),1.145.28180,1080,1920,"10,00",723070246.0,,,620.0,401.0,623.0,395.0,616.0,407.0,"-0,11956","0,01427","-0,99272","-0,23102","0,02239","-0,97269",,,Valid,Valid,"232,7","100,7","515,1","291,5","99,6","516,0","170,7","108,1","168,9","111,5","0,2267","0,3715","0,2293","0,3659","0,2241","0,3771",thumbnail_grossTrial,thumbnail_grossTrial.png,1245.0,1080.0,337.0,0.0,798.0,692.0,Fixation,258.0,95.0,625.0,413.0,"0,2308","0,3820",,
30136,55215894,1400494487181,Eye Tracker,Participant0058,17.09.2021,Participant0058,Recording4,17.09.2021,17.09.2021,14:48:45.713,12:48:45.713,64514,Timeline2,Tobii I-VT (Fixation),1.145.28180,1080,1920,"10,00",723078611.0,,,622.0,402.0,625.0,393.0,618.0,412.0,"-0,11807","0,01330","-0,99292","-0,22998","0,02474","-0,97288",,,Valid,Valid,"232,7","100,7","515,1","291,4","99,6","516,0","171,4","107,6","169,4","112,7","0,2285","0,3726","0,2314","0,3639","0,2256","0,3812",thumbnail_grossTrial,thumbnail_grossTrial.png,1245.0,1080.0,337.0,0.0,798.0,692.0,Fixation,258.0,95.0,625.0,413.0,"0,2308","0,3820",,
30137,55224194,1400494495481,Eye Tracker,Participant0058,17.09.2021,Participant0058,Recording4,17.09.2021,17.09.2021,14:48:45.713,12:48:45.713,64514,Timeline2,Tobii I-VT (Fixation),1.145.28180,1080,1920,"10,00",723086911.0,,,625.0,403.0,629.0,393.0,620.0,413.0,"-0,11595","0,01337","-0,99317","-0,22925","0,02545","-0,97304","4,03","4,12",Valid,Valid,"232,7","100,6","515,2","291,4","99,5","516,0","172,5","107,5","169,8","113,0","0,2307","0,3730","0,2346","0,3638","0,2267","0,3823",thumbnail_grossTrial,thumbnail_grossTrial.png,1245.0,1080.0,337.0,0.0,798.0,692.0,Fixation,258.0,95.0,625.0,413.0,"0,2308","0,3820",,
30138,55232556,1400494503843,Eye Tracker,Participant0058,17.09.2021,Participant0058,Recording4,17.09.2021,17.09.2021,14:48:45.713,12:48:45.713,64514,Timeline2,Tobii I-VT (Fixation),1.145.28180,1080,1920,"10,00",723095272.0,,,625.0,400.0,630.0,392.0,620.0,409.0,"-0,11597","0,01276","-0,99317","-0,22947","0,02308","-0,97304",,,Valid,Valid,"232,7","100,7","515,2","291,5","99,6","516,0","172,6","107,3","169,8","111,8","0,2307","0,3707","0,2348","0,3630","0,2266","0,3784",thumbnail_grossTrial,thumbnail_grossTrial.png,1245.0,1080.0,337.0,0.0,798.0,692.0,Fixation,258.0,95.0,625.0,413.0,"0,2308","0,3820",,
30139,55240907,1400494512194,Eye Tracker,Participant0058,17.09.2021,Participant0058,Recording4,17.09.2021,17.09.2021,14:48:45.713,12:48:45.713,64514,Timeline2,Tobii I-VT (Fixation),1.145.28180,1080,1920,"10,00",723103623.0,,,627.0,425.0,628.0,404.0,626.0,445.0,"-0,11693","0,01931","-0,99295","-0,22609","0,04179","-0,97321",,,Valid,Valid,"232,7","100,6","515,2","291,4","99,6","516,0","172,0","110,6","171,6","121,8","0,2324","0,3931","0,2331","0,3743","0,2318","0,4119",thumbnail_grossTrial,thumbnail_grossTrial.png,1245.0,1080.0,337.0,0.0,798.0,692.0,Fixation,258.0,95.0,625.0,413.0,"0,2308","0,3820",,
30140,55249229,1400494520516,Eye Tracker,Participant0058,17.09.2021,Participant0058,Recording4,17.09.2021,17.09.2021,14:48:45.713,12:48:45.713,64514,Timeline2,Tobii I-VT (Fixation),1.145.28180,1080,1920,"10,00",723111945.0,,,623.0,425.0,618.0,405.0,628.0,444.0,"-0,12175","0,01972","-0,99236","-0,22501","0,04165","-0,97347","3,89","3,81",Valid,Valid,"232,7","100,6","515,3","291,4","99,5","515,9","169,5","110,8","172,2","121,6","0,2296","0,3932","0,2257","0,3750","0,2335","0,4115",thumbnail_grossTrial,thumbnail_grossTrial.png,1245.0,1080.0,337.0,0.0,798.0,692.0,Fixation,258.0,95.0,625.0,413.0,"0,2308","0,3820",,
30141,55257621,1400494528908,Eye Tracker,Participant0058,17.09.2021,Participant0058,Recording4,17.09.2021,17.09.2021,14:48:45.713,12:48:45.713,64514,Timeline2,Tobii I-VT (Fixation),1.145.28180,1080,1920,"10,00",723120337.0,,,632.0,433.0,636.0,422.0,628.0,444.0,"-0,11273","0,02841","-0,99322","-0,22518","0,04141","-0,97344",,,Valid,Valid,"232,8","100,7","515,2","291,5","99,7","515,9","174,3","115,4","172,2","121,6","0,2366","0,4010","0,2397","0,3905","0,2335","0,4115",thumbnail_grossTrial,thumbnail_grossTrial.png,1245.0,1080.0,337.0,0.0,798.0,692.0,Fixation,258.0,95.0,625.0,413.0,"0,2308","0,3820",,
30142,55265891,1400494537178,Eye Tracker,Participant0058,17.09.2021,Participant0058,Recording4,17.09.2021,17.09.2021,14:48:45.713,12:48:45.713,64514,Timeline2,Tobii I-VT (Fixation),1.145.28180,1080,1920,"10,00",723128606.0,,,629.0,410.0,638.0,429.0,621.0,391.0,"-0,11149","0,03207","-0,99325","-0,22891","0,01377","-0,97335",,,Valid,Valid,"232,7","100,6","515,2","291,4","99,7","515,8","174,9","117,3","170,1","107,0","0,2345","0,3794","0,2415","0,3968","0,2276","0,3619",thumbnail_grossTrial,thumbnail_grossTrial.png,1245.0,1080.0,337.0,0.0,798.0,692.0,Fixation,258.0,95.0,625.0,413.0,"0,2308","0,3820",,
30143,55274219,1400494545506,Eye Tracker,Participant0058,17.09.2021,Participant0058,Recording4,17.09.2021,17.09.2021,14:48:45.713,12:48:45.713,64514,Timeline2,Tobii I-VT (Fixation),1.145.28180,1080,1920,"10,00",723136934.0,,,620.0,393.0,,,620.0,393.0,,,,"-0,22907","0,01480","-0,97330",,"3,82",Invalid,Valid,,,,"291,4","99,6","515,8",,,"170,0","107,5","0,2272","0,3636",,,"0,2272","0,3636",thumbnail_grossTrial,thumbnail_grossTrial.png,1245.0,1080.0,337.0,0.0,798.0,692.0,Fixation,258.0,95.0,625.0,413.0,"0,2308","0,3820",,
30144,55282540,1400494553827,Eye Tracker,Participant0058,17.09.2021,Participant0058,Recording4,17.09.2021,17.09.2021,14:48:45.713,12:48:45.713,64514,Timeline2,Tobii I-VT (Fixation),1.145.28180,1080,1920,"10,00",723145255.0,,,628.0,410.0,638.0,429.0,619.0,392.0,"-0,11165","0,03191","-0,99323","-0,23009","0,01428","-0,97307",,,Valid,Valid,"232,8","100,7","515,1","291,5","99,7","515,7","174,8","117,3","169,5","107,3","0,2336","0,3800","0,2414","0,3968","0,2259","0,3631",thumbnail_grossTrial,thumbnail_grossTrial.png,1245.0,1080.0,337.0,0.0,798.0,692.0,Fixation,258.0,95.0,625.0,413.0,"0,2308","0,3820",,
30145,55290871,1400494562158,Eye Tracker,Participant0058,17.09.2021,Participant0058,Recording4,17.09.2021,17.09.2021,14:48:45.713,12:48:45.713,64514,Timeline2,Tobii I-VT (Fixation),1.145.28180,1080,1920,"10,00",723153586.0,,,624.0,421.0,621.0,393.0,626.0,449.0,"-0,12040","0,01297","-0,99264","-0,22604","0,04367","-0,97314",,,Valid,Valid,"232,7","100,7","515,1","291,4","99,7","515,7","170,2","107,4","171,6","122,9","0,2299","0,3896","0,2278","0,3635","0,2320","0,4158",thumbnail_grossTrial,thumbnail_grossTrial.png,1245.0,1080.0,337.0,0.0,798.0,692.0,Fixation,258.0,95.0,625.0,413.0,"0,2308","0,3820",,
30146,55299241,1400494570528,Eye Tracker,Participant0058,17.09.2021,Participant0058,Recording4,17.09.2021,17.09.2021,14:48:45.713,12:48:45.713,64514,Timeline2,Tobii I-VT (Fixation),1.145.28180,1080,1920,"10,00",723161955.0,,,627.0,419.0,628.0,391.0,626.0,447.0,"-0,11690","0,01194","-0,99307","-0,22601","0,04278","-0,97319","4,08","3,80",Valid,Valid,"232,7","100,7","515,1","291,4","99,7","515,7","172,0","106,9","171,6","122,4","0,2326","0,3878","0,2332","0,3617","0,2320","0,4140",thumbnail_grossTrial,thumbnail_grossTrial.png,1245.0,1080.0,337.0,0.0,798.0,692.0,Fixation,258.0,95.0,625.0,413.0,"0,2308","0,3820",,
30147,55307563,1400494578850,Eye Tracker,Participant0058,17.09.2021,Participant0058,Recording4,17.09.2021,17.09.2021,14:48:45.713,12:48:45.713,64514,Timeline2,Tobii I-VT (Fixation),1.145.28180,1080,1920,"10,00",723170277.0,,,620.0,416.0,614.0,385.0,626.0,447.0,"-0,12426","0,00870","-0,99221","-0,22617","0,04254","-0,97316",,,Valid,Valid,"232,7","100,8","515,0","291,4","99,8","515,6","168,2","105,3","171,6","122,4","0,2270","0,3852","0,2221","0,3564","0,2320","0,4140",thumbnail_grossTrial,thumbnail_grossTrial.png,1245.0,1080.0,337.0,0.0,798.0,692.0,Fixation,258.0,95.0,625.0,413.0,"0,2308","0,3820",,
30148,55315904,1400494587191,Eye Tracker,Participant0058,17.09.2021,Participant0058,Recording4,17.09.2021,17.09.2021,14:48:45.713,12:48:45.713,64514,Timeline2,Tobii I-VT (Fixation),1.145.28180,1080,1920,"10,00",723178618.0,,,634.0,416.0,651.0,428.0,617.0,405.0,"-0,10456","0,03171","-0,99401","-0,23052","0,02058","-0,97285",,,Valid,Valid,"232,7","100,8","514,9","291,4","99,8","515,6","178,5","117,2","169,2","110,7","0,2385","0,3856","0,2521","0,3966","0,2249","0,3746",thumbnail_grossTrial,thumbnail_grossTrial.png,1245.0,1080.0,337.0,0.0,798.0,692.0,Fixation,258.0,95.0,625.0,413.0,"0,2308","0,3820",,
30149,55324185,1400494595472,Eye Tracker,Participant0058,17.09.2021,Participant0058,Recording4,17.09.2021,17.09.2021,14:48:45.713,12:48:45.713,64514,Timeline2,Tobii I-VT (Fixation),1.145.28180,1080,1920,"10,00",723186899.0,,,628.0,415.0,647.0,425.0,609.0,405.0,"-0,10664","0,02989","-0,99385","-0,23440","0,02070","-0,97192","4,02","4,26",Valid,Valid,"232,7","100,8","514,9","291,4","99,8","515,5","177,4","116,3","167,0","110,8","0,2337","0,3841","0,2490","0,3934","0,2185","0,3747",thumbnail_grossTrial,thumbnail_grossTrial.png,1245.0,1080.0,337.0,0.0,798.0,692.0,Fixation,258.0,95.0,625.0,413.0,"0,2308","0,3820",,
30150,55332519,1400494603806,Eye Tracker,Participant0058,17.09.2021,Participant0058,Recording4,17.09.2021,17.09.2021,14:48:45.713,12:48:45.713,64514,Timeline2,Tobii I-VT (Fixation),1.145.28180,1080,1920,"10,00",723195232.0,,,617.0,412.0,628.0,414.0,606.0,410.0,"-0,11675","0,02394","-0,99287","-0,23623","0,02302","-0,97142",,,Valid,Valid,"232,7","100,9","514,8","291,4","99,9","515,4","172,2","113,3","166,1","112,1","0,2247","0,3814","0,2337","0,3834","0,2158","0,3793",thumbnail_grossTrial,thumbnail_grossTrial.png,1245.0,1080.0,337.0,0.0,798.0,692.0,Fixation,258.0,95.0,625.0,413.0,"0,2308","0,3820",,
30151,55340867,1400494612154,Eye Tracker,Participant0058,17.09.2021,Participant0058,Recording4,17.09.2021,17.09.2021,14:48:45.713,12:48:45.713,64514,Timeline2,Tobii I-VT (Fixation),1.145.28180,1080,1920,"10,00",723203580.0,,,617.0,405.0,625.0,412.0,609.0,398.0,"-0,11857","0,02303","-0,99268","-0,23466","0,01710","-0,97193",,,Valid,Valid,"232,7","100,9","514,7","291,4","99,9","515,4","171,2","112,8","166,9","109,0","0,2245","0,3752","0,2307","0,3818","0,2182","0,3687",thumbnail_grossTrial,thumbnail_grossTrial.png,1245.0,1080.0,337.0,0.0,798.0,692.0,Fixation,258.0,95.0,625.0,413.0,"0,2308","0,3820",,
30152,55349187,1400494620474,Eye Tracker,Participant0058,17.09.2021,Participant0058,Recording4,17.09.2021,17.09.2021,14:48:45.713,12:48:45.713,64514,Timeline2,Tobii I-VT (Fixation),1.145.28180,1080,1920,"10,00",723211900.0,,,632.0,415.0,646.0,428.0,618.0,403.0,"-0,10717","0,03145","-0,99374","-0,23047","0,01959","-0,97288","4,05","3,86",Valid,Valid,"232,7","100,9","514,7","291,4","99,8","515,4","177,2","117,2","169,3","110,2","0,2367","0,3847","0,2482","0,3965","0,2251","0,3729",thumbnail_grossTrial,thumbnail_grossTrial.png,1245.0,1080.0,337.0,0.0,798.0,692.0,Fixation,258.0,95.0,625.0,413.0,"0,2308","0,3820",,
30153,55357554,1400494628841,Eye Tracker,Participant0058,17.09.2021,Participant0058,Recording4,17.09.2021,17.09.2021,14:48:45.713,12:48:45.713,64514,Timeline2,Tobii I-VT (Fixation),1.145.28180,1080,1920,"10,00",723220267.0,,,634.0,417.0,647.0,428.0,621.0,406.0,"-0,10697","0,03102","-0,99378","-0,22882","0,02132","-0,97323",,,Valid,Valid,"232,8","101,0","514,6","291,4","100,0","515,3","177,4","117,1","170,3","111,2","0,2384","0,3862","0,2488","0,3961","0,2280","0,3764",thumbnail_grossTrial,thumbnail_grossTrial.png,1245.0,1080.0,337.0,0.0,798.0,692.0,Fixation,258.0,95.0,625.0,413.0,"0,2308","0,3820",,
30154,55365874,1400494637161,Eye Tracker,Participant0058,17.09.2021,Participant0058,Recording4,17.09.2021,17.09.2021,14:48:45.713,12:48:45.713,64514,Timeline2,Tobii I-VT (Fixation),1.145.28180,1080,1920,"10,00",723228586.0,,,619.0,413.0,622.0,404.0,616.0,422.0,"-0,12013","0,01840","-0,99259","-0,23112","0,02951","-0,97248",,,Valid,Valid,"232,7","101,0","514,5","291,4","99,9","515,3","170,4","110,5","168,9","115,6","0,2263","0,3825","0,2285","0,3740","0,2241","0,3910",thumbnail_grossTrial,thumbnail_grossTrial.png,1245.0,1080.0,337.0,0.0,798.0,692.0,Fixation,258.0,95.0,625.0,413.0,"0,2308","0,3820",,
30155,55374198,1400494645485,Eye Tracker,Participant0058,17.09.2021,Participant0058,Recording4,17.09.2021,17.09.2021,14:48:45.713,12:48:45.713,64514,Timeline2,Tobii I-VT (Fixation),1.145.28180,1080,1920,"10,00",723236910.0,,,624.0,428.0,,,624.0,428.0,,,,"-0,22718","0,03268","-0,97330",,"3,83",Invalid,Valid,,,,"291,3","99,8","515,3",,,"171,0","117,1","0,2303","0,3963",,,"0,2303","0,3963",thumbnail_grossTrial,thumbnail_grossTrial.png,1245.0,1080.0,337.0,0.0,798.0,692.0,Fixation,258.0,95.0,625.0,413.0,"0,2308","0,3820",,
30156,55382553,1400494653840,Eye Tracker,Participant0058,17.09.2021,Participant0058,Recording4,17.09.2021,17.09.2021,14:48:45.713,12:48:45.713,64514,Timeline2,Tobii I-VT (Fixation),1.145.28180,1080,1920,"10,00",723245265.0,,,624.0,415.0,622.0,399.0,627.0,431.0,"-0,12033","0,01551","-0,99261","-0,22618","0,03413","-0,97349",,,Valid,Valid,"232,8","101,1","514,3","291,4","100,0","515,2","170,4","109,1","171,7","118,1","0,2304","0,3843","0,2285","0,3692","0,2323","0,3994",thumbnail_grossTrial,thumbnail_grossTrial.png,1245.0,1080.0,337.0,0.0,798.0,692.0,Fixation,258.0,95.0,625.0,413.0,"0,2308","0,3820",,
30157,55390900,1400494662187,Eye Tracker,Participant0058,17.09.2021,Participant0058,Recording4,17.09.2021,17.09.2021,14:48:45.713,12:48:45.713,64514,Timeline2,Tobii I-VT (Fixation),1.145.28180,1080,1920,"10,00",723253611.0,,,624.0,417.0,623.0,395.0,625.0,439.0,"-0,11967","0,01353","-0,99272","-0,22686","0,03788","-0,97319",,,Valid,Valid,"232,7","101,1","514,2","291,4","100,0","515,2","170,7","108,1","171,3","120,0","0,2302","0,3859","0,2293","0,3657","0,2310","0,4061",thumbnail_grossTrial,thumbnail_grossTrial.png,1245.0,1080.0,337.0,0.0,798.0,692.0,Fixation,258.0,95.0,625.0,413.0,"0,2308","0,3820",,
30158,55399227,1400494670514,Eye Tracker,Participant0058,17.09.2021,Participant0058,Recording4,17.09.2021,17.09.2021,14:48:45.713,12:48:45.713,64514,Timeline2,Tobii I-VT (Fixation),1.145.28180,1080,1920,"10,00",723261938.0,,,614.0,426.0,,,614.0,426.0,,,,"-0,23233","0,03150","-0,97213",,"3,82",Invalid,Valid,,,,"291,4","99,9","515,2",,,"168,2","116,6","0,2221","0,3946",,,"0,2221","0,3946",thumbnail_grossTrial,thumbnail_grossTrial.png,1245.0,1080.0,337.0,0.0,798.0,692.0,Fixation,258.0,95.0,625.0,413.0,"0,2308","0,3820",,
30159,55407512,1400494678799,Eye Tracker,Participant0058,17.09.2021,Participant0058,Recording4,17.09.2021,17.09.2021,14:48:45.713,12:48:45.713,64514,Timeline2,Tobii I-VT (Fixation),1.145.28180,1080,1920,"10,00",723270223.0,,,613.0,414.0,606.0,384.0,620.0,445.0,"-0,12890","0,00759","-0,99163","-0,22915","0,04083","-0,97253",,,Valid,Valid,"232,8","101,2","514,1","291,4","100,0","515,1","166,0","105,1","170,1","121,7","0,2214","0,3836","0,2154","0,3556","0,2274","0,4116",thumbnail_grossTrial,thumbnail_grossTrial.png,1245.0,1080.0,337.0,0.0,798.0,692.0,Fixation,258.0,95.0,625.0,413.0,"0,2308","0,3820",,
30160,55415916,1400494687203,Eye Tracker,Participant0058,17.09.2021,Participant0058,Recording4,17.09.2021,17.09.2021,14:48:45.713,12:48:45.713,64514,Timeline2,Tobii I-VT (Fixation),1.145.28180,1080,1920,"10,00",723278627.0,,,609.0,394.0,602.0,386.0,616.0,403.0,"-0,13085","0,00849","-0,99137","-0,23164","0,01926","-0,97261",,,Valid,Valid,"232,7","101,2","514,0","291,4","100,0","515,1","164,9","105,6","168,7","110,2","0,2178","0,3650","0,2122","0,3572","0,2234","0,3729",thumbnail_grossTrial,thumbnail_grossTrial.png,1245.0,1080.0,337.0,0.0,798.0,692.0,Fixation,258.0,95.0,625.0,413.0,"0,2308","0,3820",,
30161,55424178,1400494695465,Eye Tracker,Participant0058,17.09.2021,Participant0058,Recording4,17.09.2021,17.09.2021,14:48:45.713,12:48:45.713,64514,Timeline2,Tobii I-VT (Fixation),1.145.28180,1080,1920,"10,00",723286888.0,,,623.0,403.0,627.0,400.0,619.0,405.0,"-0,11734","0,01626","-0,99296","-0,22988","0,02077","-0,97300","4,08","3,83",Valid,Valid,"232,7","101,2","514,0","291,3","100,0","515,1","172,0","109,6","169,7","111,0","0,2296","0,3731","0,2330","0,3707","0,2262","0,3754",thumbnail_grossTrial,thumbnail_grossTrial.png,1245.0,1080.0,337.0,0.0,798.0,692.0,Fixation,258.0,95.0,625.0,413.0,"0,2308","0,3820",,
30162,55432540,1400494703827,Eye Tracker,Participant0058,17.09.2021,Participant0058,Recording4,17.09.2021,17.09.2021,14:48:45.713,12:48:45.713,64514,Timeline2,Tobii I-VT (Fixation),1.145.28180,1080,1920,"10,00",723295250.0,,,627.0,403.0,632.0,398.0,622.0,407.0,"-0,11532","0,01498","-0,99321","-0,22864","0,02153","-0,97327",,,Valid,Valid,"232,8","101,3","513,8","291,4","100,1","515,0","173,1","109,0","170,4","111,4","0,2325","0,3729","0,2364","0,3688","0,2285","0,3771",thumbnail_grossTrial,thumbnail_grossTrial.png,1245.0,1080.0,337.0,0.0,798.0,692.0,Fixation,258.0,95.0,625.0,413.0,"0,2308","0,3820",,
30163,55440862,1400494712149,Eye Tracker,Participant0058,17.09.2021,Participant0058,Recording4,17.09.2021,17.09.2021,14:48:45.713,12:48:45.713,64514,Timeline2,Tobii I-VT (Fixation),1.145.28180,1080,1920,"10,00",723303572.0,,,641.0,421.0,657.0,420.0,625.0,422.0,"-0,10210","0,02639","-0,99442","-0,22681","0,02933","-0,97350",,,Valid,Valid,"232,8","101,2","513,8","291,4","100,0","515,0","180,0","114,9","171,4","115,5","0,2439","0,3897","0,2565","0,3886","0,2313","0,3909",thumbnail_grossTrial,thumbnail_grossTrial.png,1245.0,1080.0,337.0,0.0,798.0,692.0,Fixation,258.0,95.0,625.0,413.0,"0,2308","0,3820",,
30164,55449183,1400494720470,Eye Tracker,Participant0058,17.09.2021,Participant0058,Recording4,17.09.2021,17.09.2021,14:48:45.713,12:48:45.713,64514,Timeline2,Tobii I-VT (Fixation),1.145.28180,1080,1920,"10,00",723311893.0,,,635.0,415.0,642.0,415.0,627.0,416.0,"-0,10960","0,02376","-0,99369","-0,22588","0,02645","-0,97380","4,11","3,86",Valid,Valid,"232,7","101,2","513,7","291,4","100,0","515,1","176,1","113,5","171,9","114,0","0,2390","0,3847","0,2450","0,3838","0,2329","0,3855",thumbnail_grossTrial,thumbnail_grossTrial.png,1245.0,1080.0,337.0,0.0,798.0,692.0,Fixation,258.0,95.0,625.0,413.0,"0,2308","0,3820",,
30165,55457549,1400494728836,Eye Tracker,Participant0058,17.09.2021,Participant0058,Recording4,17.09.2021,17.09.2021,14:48:45.713,12:48:45.713,64514,Timeline2,Tobii I-VT (Fixation),1.145.28180,1080,1920,"10,00",723320258.0,,,635.0,411.0,639.0,408.0,632.0,414.0,"-0,11182","0,02008","-0,99353","-0,22364","0,02520","-0,97435",,,Valid,Valid,"232,8","101,3","513,6","291,5","100,0","515,1","175,0","111,7","173,2","113,3","0,2393","0,3807","0,2420","0,3779","0,2367","0,3834",thumbnail_grossTrial,thumbnail_grossTrial.png,1245.0,1080.0,337.0,0.0,798.0,692.0,Saccade,17.0,211.0,,,,,,
30166,55465885,1400494737172,Eye Tracker,Participant0058,17.09.2021,Participant0058,Recording4,17.09.2021,17.09.2021,14:48:45.713,12:48:45.713,64514,Timeline2,Tobii I-VT (Fixation),1.145.28180,1080,1920,"10,00",723328594.0,,,637.0,394.0,642.0,385.0,631.0,404.0,"-0,10982","0,00762","-0,99392","-0,22407","0,01996","-0,97437",,,Valid,Valid,"232,8","101,3","513,6","291,4","100,0","515,1","176,0","105,3","172,9","110,5","0,2404","0,3650","0,2449","0,3561","0,2358","0,3739",thumbnail_grossTrial,thumbnail_grossTrial.png,1245.0,1080.0,337.0,0.0,798.0,692.0,Saccade,17.0,211.0,,,,,,
30167,55474217,1400494745504,Eye Tracker,Participant0058,17.09.2021,Participant0058,Recording4,17.09.2021,17.09.2021,14:48:45.713,12:48:45.713,64514,Timeline2,Tobii I-VT (Fixation),1.145.28180,1080,1920,"10,00",723336926.0,,,632.0,385.0,637.0,376.0,628.0,394.0,"-0,11255","0,00341","-0,99364","-0,22568","0,01488","-0,97409","4,03","4,25",Valid,Valid,"232,8","101,3","513,5","291,4","99,9","515,2","174,6","103,0","172,1","107,8","0,2370","0,3566","0,2407","0,3486","0,2333","0,3647",thumbnail_grossTrial,thumbnail_grossTrial.png,1245.0,1080.0,337.0,0.0,798.0,692.0,Unclassified,33.0,534.0,,,,,,
30168,55482504,1400494753791,Eye Tracker,Participant0058,17.09.2021,Participant0058,Recording4,17.09.2021,17.09.2021,14:48:45.713,12:48:45.713,64514,Timeline2,Tobii I-VT (Fixation),1.145.28180,1080,1920,"10,00",723345213.0,,,633.0,387.0,646.0,388.0,621.0,385.0,"-0,10827","0,00926","-0,99408","-0,22933","0,01035","-0,97329",,,Valid,Valid,"232,9","101,4","513,4","291,5","100,0","515,2","176,9","106,2","170,1","105,4","0,2375","0,3580","0,2476","0,3593","0,2275","0,3567",thumbnail_grossTrial,thumbnail_grossTrial.png,1245.0,1080.0,337.0,0.0,798.0,692.0,Unclassified,33.0,534.0,,,,,,
30169,55490844,1400494762131,Eye Tracker,Participant0058,17.09.2021,Participant0058,Recording4,17.09.2021,17.09.2021,14:48:45.713,12:48:45.713,64514,Timeline2,Tobii I-VT (Fixation),1.145.28180,1080,1920,"10,00",723353552.0,,,631.0,385.0,643.0,396.0,619.0,374.0,"-0,10947","0,01356","-0,99390","-0,22990","0,00445","-0,97320",,,Valid,Valid,"232,8","101,4","513,4","291,4","99,9","515,3","176,3","108,4","169,7","102,3","0,2360","0,3564","0,2455","0,3668","0,2264","0,3460",thumbnail_grossTrial,thumbnail_grossTrial.png,1245.0,1080.0,337.0,0.0,798.0,692.0,Unclassified,33.0,534.0,,,,,,
30170,55499231,1400494770518,Eye Tracker,Participant0058,17.09.2021,Participant0058,Recording4,17.09.2021,17.09.2021,14:48:45.713,12:48:45.713,64514,Timeline2,Tobii I-VT (Fixation),1.145.28180,1080,1920,"10,00",723361939.0,,,630.0,392.0,632.0,399.0,628.0,386.0,"-0,11505","0,01520","-0,99324","-0,22557","0,01077","-0,97417","3,92","3,84",Valid,Valid,"232,8","101,4","513,4","291,4","99,8","515,4","173,3","109,2","172,1","105,5","0,2352","0,3633","0,2370","0,3696","0,2334","0,3570",thumbnail_grossTrial,thumbnail_grossTrial.png,1245.0,1080.0,337.0,0.0,798.0,692.0,Unclassified,33.0,534.0,,,,,,
30171,55507556,1400494778843,Eye Tracker,Participant0058,17.09.2021,Participant0058,Recording4,17.09.2021,17.09.2021,14:48:45.713,12:48:45.713,64514,Timeline2,Tobii I-VT (Fixation),1.145.28180,1080,1920,"10,00",723370264.0,,,631.0,391.0,631.0,392.0,632.0,389.0,"-0,11593","0,01141","-0,99319","-0,22378","0,01224","-0,97456",,,Valid,Valid,"232,9","101,5","513,3","291,5","99,9","515,4","173,0","107,4","173,2","106,4","0,2362","0,3616","0,2359","0,3633","0,2365","0,3599",thumbnail_grossTrial,thumbnail_grossTrial.png,1245.0,1080.0,337.0,0.0,798.0,692.0,Saccade,17.0,212.0,,,,,,
30172,55515850,1400494787137,Eye Tracker,Participant0058,17.09.2021,Participant0058,Recording4,17.09.2021,17.09.2021,14:48:45.713,12:48:45.713,64514,Timeline2,Tobii I-VT (Fixation),1.145.28180,1080,1920,"10,00",723378558.0,,,640.0,427.0,632.0,411.0,647.0,444.0,"-0,11546","0,02146","-0,99308","-0,21586","0,04075","-0,97557",,,Valid,Valid,"232,8","101,4","513,3","291,5","99,9","515,5","173,1","112,5","177,4","121,4","0,2427","0,3958","0,2364","0,3808","0,2490","0,4108",thumbnail_grossTrial,thumbnail_grossTrial.png,1245.0,1080.0,337.0,0.0,798.0,692.0,Saccade,17.0,212.0,,,,,,
30173,55524210,1400494795497,Eye Tracker,Participant0058,17.09.2021,Participant0058,Recording4,17.09.2021,17.09.2021,14:48:45.713,12:48:45.713,64514,Timeline2,Tobii I-VT (Fixation),1.145.28180,1080,1920,"10,00",723386917.0,,,646.0,428.0,640.0,405.0,651.0,452.0,"-0,11112","0,01831","-0,99364","-0,21381","0,04515","-0,97583","4,15","3,88",Valid,Valid,"232,8","101,4","513,4","291,5","99,8","515,5","175,4","110,9","178,5","123,6","0,2476","0,3967","0,2431","0,3751","0,2522","0,4184",thumbnail_grossTrial,thumbnail_grossTrial.png,1245.0,1080.0,337.0,0.0,798.0,692.0,Unclassified,8.0,535.0,,,,,,
30174,55532507,1400494803794,Eye Tracker,Participant0058,17.09.2021,Participant0058,Recording4,17.09.2021,17.09.2021,14:48:45.713,12:48:45.713,64514,Timeline2,Tobii I-VT (Fixation),1.145.28180,1080,1920,"10,00",723395214.0,,,645.0,428.0,639.0,404.0,652.0,452.0,"-0,11185","0,01744","-0,99357","-0,21384","0,04487","-0,97584",,,Valid,Valid,"232,9","101,5","513,3","291,5","99,9","515,4","175,1","110,5","178,6","123,6","0,2473","0,3961","0,2422","0,3739","0,2524","0,4182",thumbnail_grossTrial,thumbnail_grossTrial.png,1245.0,1080.0,337.0,0.0,798.0,692.0,Saccade,17.0,213.0,,,,,,
30175,55540838,1400494812125,Eye Tracker,Participant0058,17.09.2021,Participant0058,Recording4,17.09.2021,17.09.2021,14:48:45.713,12:48:45.713,64514,Timeline2,Tobii I-VT (Fixation),1.145.28180,1080,1920,"10,00",723403545.0,,,639.0,397.0,637.0,400.0,642.0,394.0,"-0,11265","0,01550","-0,99351","-0,21878","0,01501","-0,97566",,,Valid,Valid,"232,8","101,5","513,3","291,5","99,9","515,4","174,6","109,5","175,9","107,8","0,2426","0,3676","0,2407","0,3704","0,2445","0,3648",thumbnail_grossTrial,thumbnail_grossTrial.png,1245.0,1080.0,337.0,0.0,798.0,692.0,Saccade,17.0,213.0,,,,,,
30176,55549204,1400494820491,Eye Tracker,Participant0058,17.09.2021,Participant0058,Recording4,17.09.2021,17.09.2021,14:48:45.713,12:48:45.713,64514,Timeline2,Tobii I-VT (Fixation),1.145.28180,1080,1920,"10,00",723411910.0,,,642.0,404.0,649.0,425.0,634.0,383.0,"-0,10613","0,02881","-0,99393","-0,22282","0,00961","-0,97481","3,91","3,85",Valid,Valid,"232,8","101,4","513,3","291,5","99,9","515,4","178,0","116,3","173,7","104,9","0,2443","0,3743","0,2507","0,3935","0,2380","0,3551",thumbnail_grossTrial,thumbnail_grossTrial.png,1245.0,1080.0,337.0,0.0,798.0,692.0,Fixation,125.0,96.0,636.0,403.0,"0,2402","0,3736",,
30177,55557499,1400494828786,Eye Tracker,Participant0058,17.09.2021,Participant0058,Recording4,17.09.2021,17.09.2021,14:48:45.713,12:48:45.713,64514,Timeline2,Tobii I-VT (Fixation),1.145.28180,1080,1920,"10,00",723420205.0,,,642.0,405.0,649.0,425.0,635.0,384.0,"-0,10625","0,02862","-0,99393","-0,22208","0,00984","-0,97498",,,Valid,Valid,"232,9","101,5","513,3","291,5","99,9","515,3","178,0","116,3","174,1","105,1","0,2450","0,3746","0,2507","0,3935","0,2393","0,3558",thumbnail_grossTrial,thumbnail_grossTrial.png,1245.0,1080.0,337.0,0.0,798.0,692.0,Fixation,125.0,96.0,636.0,403.0,"0,2402","0,3736",,
30178,55565852,1400494837139,Eye Tracker,Participant0058,17.09.2021,Participant0058,Recording4,17.09.2021,17.09.2021,14:48:45.713,12:48:45.713,64514,Timeline2,Tobii I-VT (Fixation),1.145.28180,1080,1920,"10,00",723428558.0,,,634.0,395.0,634.0,386.0,633.0,403.0,"-0,11436","0,00790","-0,99341","-0,22298","0,01979","-0,97462",,,Valid,Valid,"232,8","101,5","513,2","291,4","99,9","515,3","173,7","105,6","173,5","110,4","0,2378","0,3654","0,2381","0,3572","0,2376","0,3735",thumbnail_grossTrial,thumbnail_grossTrial.png,1245.0,1080.0,337.0,0.0,798.0,692.0,Fixation,125.0,96.0,636.0,403.0,"0,2402","0,3736",,
30179,55574181,1400494845468,Eye Tracker,Participant0058,17.09.2021,Participant0058,Recording4,17.09.2021,17.09.2021,14:48:45.713,12:48:45.713,64514,Timeline2,Tobii I-VT (Fixation),1.145.28180,1080,1920,"10,00",723436887.0,,,636.0,400.0,636.0,390.0,635.0,411.0,"-0,11326","0,01001","-0,99352","-0,22191","0,02392","-0,97477","3,96","3,90",Valid,Valid,"232,8","101,5","513,2","291,4","99,9","515,3","174,3","106,6","174,1","112,5","0,2396","0,3708","0,2398","0,3608","0,2393","0,3808",thumbnail_grossTrial,thumbnail_grossTrial.png,1245.0,1080.0,337.0,0.0,798.0,692.0,Fixation,125.0,96.0,636.0,403.0,"0,2402","0,3736",,
30180,55582499,1400494853786,Eye Tracker,Participant0058,17.09.2021,Participant0058,Recording4,17.09.2021,17.09.2021,14:48:45.713,12:48:45.713,64514,Timeline2,Tobii I-VT (Fixation),1.145.28180,1080,1920,"10,00",723445204.0,,,634.0,403.0,640.0,396.0,628.0,411.0,"-0,11098","0,01337","-0,99373","-0,22552","0,02333","-0,97396",,,Valid,Valid,"232,8","101,6","513,1","291,5","100,0","515,2","175,5","108,5","172,2","112,3","0,2385","0,3735","0,2435","0,3669","0,2336","0,3801",thumbnail_grossTrial,thumbnail_grossTrial.png,1245.0,1080.0,337.0,0.0,798.0,692.0,Fixation,125.0,96.0,636.0,403.0,"0,2402","0,3736",,
30181,55590838,1400494862125,Eye Tracker,Participant0058,17.09.2021,Participant0058,Recording4,17.09.2021,17.09.2021,14:48:45.713,12:48:45.713,64514,Timeline2,Tobii I-VT (Fixation),1.145.28180,1080,1920,"10,00",723453543.0,,,633.0,407.0,640.0,397.0,627.0,418.0,"-0,11117","0,01376","-0,99371","-0,22614","0,02701","-0,97372",,,Valid,Valid,"232,8","101,5","513,1","291,4","100,0","515,1","175,4","108,6","171,8","114,3","0,2377","0,3771","0,2430","0,3676","0,2324","0,3867",thumbnail_grossTrial,thumbnail_grossTrial.png,1245.0,1080.0,337.0,0.0,798.0,692.0,Fixation,125.0,96.0,636.0,403.0,"0,2402","0,3736",,
30182,55599201,1400494870488,Eye Tracker,Participant0058,17.09.2021,Participant0058,Recording4,17.09.2021,17.09.2021,14:48:45.713,12:48:45.713,64514,Timeline2,Tobii I-VT (Fixation),1.145.28180,1080,1920,"10,00",723461906.0,,,637.0,409.0,646.0,403.0,628.0,414.0,"-0,10804","0,01719","-0,99400","-0,22542","0,02534","-0,97393","3,97","3,89",Valid,Valid,"232,8","101,5","513,0","291,4","99,9","515,1","177,0","110,4","172,2","113,3","0,2407","0,3784","0,2477","0,3734","0,2336","0,3835",thumbnail_grossTrial,thumbnail_grossTrial.png,1245.0,1080.0,337.0,0.0,798.0,692.0,Fixation,125.0,96.0,636.0,403.0,"0,2402","0,3736",,
30183,55607538,1400494878825,Eye Tracker,Participant0058,17.09.2021,Participant0058,Recording4,17.09.2021,17.09.2021,14:48:45.713,12:48:45.713,64514,Timeline2,Tobii I-VT (Fixation),1.145.28180,1080,1920,"10,00",723470243.0,,,638.0,408.0,644.0,402.0,631.0,415.0,"-0,10911","0,01610","-0,99390","-0,22415","0,02533","-0,97423",,,Valid,Valid,"232,9","101,6","512,9","291,5","100,1","515,0","176,5","109,9","173,0","113,5","0,2412","0,3779","0,2464","0,3720","0,2359","0,3839",thumbnail_grossTrial,thumbnail_grossTrial.png,1245.0,1080.0,337.0,0.0,798.0,692.0,Fixation,125.0,96.0,636.0,403.0,"0,2402","0,3736",,
30184,55615873,1400494887160,Eye Tracker,Participant0058,17.09.2021,Participant0058,Recording4,17.09.2021,17.09.2021,14:48:45.713,12:48:45.713,64514,Timeline2,Tobii I-VT (Fixation),1.145.28180,1080,1920,"10,00",723478577.0,,,639.0,398.0,644.0,403.0,633.0,393.0,"-0,10932","0,01658","-0,99387","-0,22298","0,01434","-0,97472",,,Valid,Valid,"232,8","101,6","512,8","291,4","100,1","515,0","176,4","110,2","173,6","107,6","0,2419","0,3685","0,2460","0,3728","0,2378","0,3642",thumbnail_grossTrial,thumbnail_grossTrial.png,1245.0,1080.0,337.0,0.0,798.0,692.0,Fixation,125.0,96.0,636.0,403.0,"0,2402","0,3736",,
30185,55624163,1400494895450,Eye Tracker,Participant0058,17.09.2021,Participant0058,Recording4,17.09.2021,17.09.2021,14:48:45.713,12:48:45.713,64514,Timeline2,Tobii I-VT (Fixation),1.145.28180,1080,1920,"10,00",723486867.0,,,634.0,392.0,636.0,396.0,632.0,387.0,"-0,11332","0,01334","-0,99347","-0,22362","0,01106","-0,97461","3,95","3,90",Valid,Valid,"232,8","101,6","512,8","291,4","100,0","515,0","174,3","108,5","173,3","105,9","0,2384","0,3626","0,2399","0,3671","0,2368","0,3582",thumbnail_grossTrial,thumbnail_grossTrial.png,1245.0,1080.0,337.0,0.0,798.0,692.0,Fixation,125.0,96.0,636.0,403.0,"0,2402","0,3736",,
30186,55632532,1400494903819,Eye Tracker,Participant0058,17.09.2021,Participant0058,Recording4,17.09.2021,17.09.2021,14:48:45.713,12:48:45.713,64514,Timeline2,Tobii I-VT (Fixation),1.145.28180,1080,1920,"10,00",723495236.0,,,637.0,394.0,636.0,396.0,639.0,391.0,"-0,11366","0,01292","-0,99344","-0,22041","0,01315","-0,97532",,,Valid,Valid,"232,9","101,7","512,7","291,5","100,1","514,9","174,2","108,4","175,1","107,1","0,2409","0,3645","0,2396","0,3667","0,2422","0,3622",thumbnail_grossTrial,thumbnail_grossTrial.png,1245.0,1080.0,337.0,0.0,798.0,692.0,Fixation,125.0,96.0,636.0,403.0,"0,2402","0,3736",,
30187,55640865,1400494912152,Eye Tracker,Participant0058,17.09.2021,Participant0058,Recording4,17.09.2021,17.09.2021,14:48:45.713,12:48:45.713,64514,Timeline2,Tobii I-VT (Fixation),1.145.28180,1080,1920,"10,00",723503569.0,,,636.0,404.0,634.0,405.0,638.0,403.0,"-0,11456","0,01755","-0,99326","-0,22071","0,01914","-0,97515",,,Valid,Valid,"232,8","101,7","512,7","291,4","100,1","514,9","173,7","110,8","174,9","110,2","0,2398","0,3738","0,2380","0,3747","0,2415","0,3729",thumbnail_grossTrial,thumbnail_grossTrial.png,1245.0,1080.0,337.0,0.0,798.0,692.0,Fixation,125.0,96.0,636.0,403.0,"0,2402","0,3736",,
30188,55649192,1400494920479,Eye Tracker,Participant0058,17.09.2021,Participant0058,Recording4,17.09.2021,17.09.2021,14:48:45.713,12:48:45.713,64514,Timeline2,Tobii I-VT (Fixation),1.145.28180,1080,1920,"10,00",723511895.0,,,634.0,408.0,641.0,407.0,628.0,408.0,"-0,11074","0,01916","-0,99366","-0,22565","0,02215","-0,97396","4,12","4,37",Valid,Valid,"232,8","101,6","512,7","291,3","100,0","514,9","175,6","111,5","172,1","111,7","0,2385","0,3777","0,2437","0,3773","0,2332","0,3780",thumbnail_grossTrial,thumbnail_grossTrial.png,1245.0,1080.0,337.0,0.0,798.0,692.0,Fixation,125.0,96.0,636.0,403.0,"0,2402","0,3736",,
30189,55657491,1400494928778,Eye Tracker,Participant0058,17.09.2021,Participant0058,Recording4,17.09.2021,17.09.2021,14:48:45.713,12:48:45.713,64514,Timeline2,Tobii I-VT (Fixation),1.145.28180,1080,1920,"10,00",723520194.0,,,614.0,402.0,611.0,397.0,618.0,406.0,"-0,12653","0,01344","-0,99187","-0,23070","0,02083","-0,97280",,,Valid,Valid,"232,9","101,8","512,7","291,4","100,1","514,8","167,5","108,7","169,3","111,2","0,2225","0,3720","0,2198","0,3678","0,2253","0,3761",thumbnail_grossTrial,thumbnail_grossTrial.png,1245.0,1080.0,337.0,0.0,798.0,692.0,Fixation,125.0,96.0,636.0,403.0,"0,2402","0,3736",,
30190,55665858,1400494937145,Eye Tracker,Participant0058,17.09.2021,Participant0058,Recording4,17.09.2021,17.09.2021,14:48:45.713,12:48:45.713,64514,Timeline2,Tobii I-VT (Fixation),1.145.28180,1080,1920,"10,00",723528561.0,,,639.0,415.0,662.0,435.0,617.0,395.0,"-0,09977","0,03371","-0,99444","-0,23111","0,01499","-0,97281",,,Valid,Valid,"232,8","101,7","512,7","291,4","100,1","514,8","181,4","119,1","169,1","108,1","0,2425","0,3842","0,2605","0,4029","0,2245","0,3656",thumbnail_grossTrial,thumbnail_grossTrial.png,1245.0,1080.0,337.0,0.0,798.0,692.0,Fixation,125.0,96.0,636.0,403.0,"0,2402","0,3736",,
30191,55674185,1400494945472,Eye Tracker,Participant0058,17.09.2021,Participant0058,Recording4,17.09.2021,17.09.2021,14:48:45.713,12:48:45.713,64514,Timeline2,Tobii I-VT (Fixation),1.145.28180,1080,1920,"10,00",723536888.0,,,635.0,417.0,648.0,444.0,621.0,390.0,"-0,10671","0,03833","-0,99355","-0,22919","0,01248","-0,97330","3,95","3,90",Valid,Valid,"232,8","101,6","512,8","291,4","100,1","514,8","177,7","121,4","170,1","106,7","0,2387","0,3858","0,2498","0,4107","0,2277","0,3609",thumbnail_grossTrial,thumbnail_grossTrial.png,1245.0,1080.0,337.0,0.0,798.0,692.0,Saccade,17.0,214.0,,,,,,
30192,55682527,1400494953814,Eye Tracker,Participant0058,17.09.2021,Participant0058,Recording4,17.09.2021,17.09.2021,14:48:45.713,12:48:45.713,64514,Timeline2,Tobii I-VT (Fixation),1.145.28180,1080,1920,"10,00",723545229.0,,,622.0,402.0,622.0,413.0,622.0,392.0,"-0,12061","0,02170","-0,99246","-0,22869","0,01333","-0,97341",,,Valid,Valid,"232,9","101,7","512,9","291,4","100,2","514,8","170,5","112,9","170,5","107,2","0,2287","0,3724","0,2288","0,3821","0,2286","0,3628",thumbnail_grossTrial,thumbnail_grossTrial.png,1245.0,1080.0,337.0,0.0,798.0,692.0,Saccade,17.0,214.0,,,,,,
30193,55690862,1400494962149,Eye Tracker,Participant0058,17.09.2021,Participant0058,Recording4,17.09.2021,17.09.2021,14:48:45.713,12:48:45.713,64514,Timeline2,Tobii I-VT (Fixation),1.145.28180,1080,1920,"10,00",723553564.0,,,621.0,400.0,621.0,407.0,620.0,392.0,"-0,12088","0,01896","-0,99249","-0,22941","0,01366","-0,97324",,,Valid,Valid,"232,8","101,6","513,0","291,4","100,1","514,8","170,3","111,4","170,0","107,4","0,2277","0,3701","0,2281","0,3770","0,2273","0,3633",thumbnail_grossTrial,thumbnail_grossTrial.png,1245.0,1080.0,337.0,0.0,798.0,692.0,Fixation,142.0,97.0,617.0,396.0,"0,2244","0,3668",,
30194,55699193,1400494970480,Eye Tracker,Participant0058,17.09.2021,Participant0058,Recording4,17.09.2021,17.09.2021,14:48:45.713,12:48:45.713,64514,Timeline2,Tobii I-VT (Fixation),1.145.28180,1080,1920,"10,00",723561895.0,,,624.0,396.0,625.0,392.0,623.0,401.0,"-0,11871","0,01089","-0,99287","-0,22793","0,01828","-0,97351","4,23","3,92",Valid,Valid,"232,8","101,5","513,1","291,3","100,1","514,9","171,4","107,2","170,8","109,7","0,2305","0,3669","0,2314","0,3626","0,2295","0,3713",thumbnail_grossTrial,thumbnail_grossTrial.png,1245.0,1080.0,337.0,0.0,798.0,692.0,Fixation,142.0,97.0,617.0,396.0,"0,2244","0,3668",,
30195,55707515,1400494978802,Eye Tracker,Participant0058,17.09.2021,Participant0058,Recording4,17.09.2021,17.09.2021,14:48:45.713,12:48:45.713,64514,Timeline2,Tobii I-VT (Fixation),1.145.28180,1080,1920,"10,00",723570217.0,,,617.0,388.0,617.0,387.0,616.0,388.0,"-0,12325","0,00840","-0,99234","-0,23141","0,01137","-0,97279",,,Valid,Valid,"232,8","101,6","513,1","291,4","100,2","514,9","169,1","106,0","168,9","106,2","0,2243","0,3589","0,2246","0,3585","0,2241","0,3593",thumbnail_grossTrial,thumbnail_grossTrial.png,1245.0,1080.0,337.0,0.0,798.0,692.0,Fixation,142.0,97.0,617.0,396.0,"0,2244","0,3668",,
30196,55715889,1400494987176,Eye Tracker,Participant0058,17.09.2021,Participant0058,Recording4,17.09.2021,17.09.2021,14:48:45.713,12:48:45.713,64514,Timeline2,Tobii I-VT (Fixation),1.145.28180,1080,1920,"10,00",723578590.0,,,617.0,387.0,617.0,388.0,618.0,387.0,"-0,12327","0,00905","-0,99233","-0,23072","0,01075","-0,97296",,,Valid,Valid,"232,8","101,5","513,2","291,4","100,1","514,9","169,0","106,2","169,2","105,8","0,2247","0,3587","0,2243","0,3594","0,2250","0,3580",thumbnail_grossTrial,thumbnail_grossTrial.png,1245.0,1080.0,337.0,0.0,798.0,692.0,Fixation,142.0,97.0,617.0,396.0,"0,2244","0,3668",,
30197,55724231,1400494995518,Eye Tracker,Participant0058,17.09.2021,Participant0058,Recording4,17.09.2021,17.09.2021,14:48:45.713,12:48:45.713,64514,Timeline2,Tobii I-VT (Fixation),1.145.28180,1080,1920,"10,00",723586932.0,,,622.0,399.0,625.0,407.0,619.0,392.0,"-0,11881","0,01898","-0,99274","-0,23011","0,01371","-0,97307","3,94","3,94",Valid,Valid,"232,8","101,5","513,3","291,3","100,0","515,0","171,3","111,3","169,5","107,3","0,2285","0,3698","0,2311","0,3767","0,2259","0,3630",thumbnail_grossTrial,thumbnail_grossTrial.png,1245.0,1080.0,337.0,0.0,798.0,692.0,Fixation,142.0,97.0,617.0,396.0,"0,2244","0,3668",,
30198,55732492,1400495003779,Eye Tracker,Participant0058,17.09.2021,Participant0058,Recording4,17.09.2021,17.09.2021,14:48:45.713,12:48:45.713,64514,Timeline2,Tobii I-VT (Fixation),1.145.28180,1080,1920,"10,00",723595193.0,,,626.0,407.0,625.0,407.0,626.0,407.0,"-0,11884","0,01873","-0,99274","-0,22660","0,02128","-0,97376",,,Valid,Valid,"232,8","101,6","513,2","291,4","100,1","515,0","171,4","111,3","171,6","111,4","0,2315","0,3767","0,2312","0,3765","0,2318","0,3769",thumbnail_grossTrial,thumbnail_grossTrial.png,1245.0,1080.0,337.0,0.0,798.0,692.0,Fixation,142.0,97.0,617.0,396.0,"0,2244","0,3668",,
30199,55740859,1400495012146,Eye Tracker,Participant0058,17.09.2021,Participant0058,Recording4,17.09.2021,17.09.2021,14:48:45.713,12:48:45.713,64514,Timeline2,Tobii I-VT (Fixation),1.145.28180,1080,1920,"10,00",723603559.0,,,616.0,397.0,604.0,388.0,627.0,406.0,"-0,12963","0,00903","-0,99152","-0,22602","0,02104","-0,97390",,,Valid,Valid,"232,7","101,6","513,2","291,3","100,1","515,0","165,6","106,2","171,8","111,2","0,2235","0,3679","0,2145","0,3594","0,2326","0,3764",thumbnail_grossTrial,thumbnail_grossTrial.png,1245.0,1080.0,337.0,0.0,798.0,692.0,Fixation,142.0,97.0,617.0,396.0,"0,2244","0,3668",,
30200,55749180,1400495020467,Eye Tracker,Participant0058,17.09.2021,Participant0058,Recording4,17.09.2021,17.09.2021,14:48:45.713,12:48:45.713,64514,Timeline2,Tobii I-VT (Fixation),1.145.28180,1080,1920,"10,00",723611880.0,,,610.0,400.0,609.0,394.0,611.0,406.0,"-0,12721","0,01211","-0,99180","-0,23394","0,02094","-0,97203","3,96","3,89",Valid,Valid,"232,7","101,5","513,2","291,3","100,1","515,1","166,9","107,8","167,4","111,1","0,2189","0,3704","0,2182","0,3647","0,2196","0,3761",thumbnail_grossTrial,thumbnail_grossTrial.png,1245.0,1080.0,337.0,0.0,798.0,692.0,Fixation,142.0,97.0,617.0,396.0,"0,2244","0,3668",,
30201,55757555,1400495028842,Eye Tracker,Participant0058,17.09.2021,Participant0058,Recording4,17.09.2021,17.09.2021,14:48:45.713,12:48:45.713,64514,Timeline2,Tobii I-VT (Fixation),1.145.28180,1080,1920,"10,00",723620255.0,,,611.0,401.0,610.0,397.0,611.0,406.0,"-0,12689","0,01333","-0,99183","-0,23389","0,02079","-0,97204",,,Valid,Valid,"232,8","101,6","513,1","291,4","100,1","515,0","167,2","108,5","167,5","111,1","0,2194","0,3716","0,2189","0,3672","0,2199","0,3760",thumbnail_grossTrial,thumbnail_grossTrial.png,1245.0,1080.0,337.0,0.0,798.0,692.0,Fixation,142.0,97.0,617.0,396.0,"0,2244","0,3668",,
30202,55765849,1400495037136,Eye Tracker,Participant0058,17.09.2021,Participant0058,Recording4,17.09.2021,17.09.2021,14:48:45.713,12:48:45.713,64514,Timeline2,Tobii I-VT (Fixation),1.145.28180,1080,1920,"10,00",723628549.0,,,627.0,410.0,634.0,427.0,619.0,392.0,"-0,11409","0,02950","-0,99303","-0,22987","0,01379","-0,97312",,,Valid,Valid,"232,8","101,6","513,1","291,4","100,1","515,0","173,8","116,9","169,7","107,4","0,2324","0,3793","0,2384","0,3954","0,2263","0,3633",thumbnail_grossTrial,thumbnail_grossTrial.png,1245.0,1080.0,337.0,0.0,798.0,692.0,Fixation,142.0,97.0,617.0,396.0,"0,2244","0,3668",,
30203,55774187,1400495045474,Eye Tracker,Participant0058,17.09.2021,Participant0058,Recording4,17.09.2021,17.09.2021,14:48:45.713,12:48:45.713,64514,Timeline2,Tobii I-VT (Fixation),1.145.28180,1080,1920,"10,00",723636886.0,,,614.0,397.0,609.0,400.0,619.0,395.0,"-0,12715","0,01515","-0,99177","-0,23006","0,01508","-0,97306","3,94","3,93",Valid,Valid,"232,8","101,6","513,0","291,4","100,0","515,1","167,0","109,5","169,6","108,0","0,2223","0,3679","0,2184","0,3703","0,2261","0,3655",thumbnail_grossTrial,thumbnail_grossTrial.png,1245.0,1080.0,337.0,0.0,798.0,692.0,Fixation,142.0,97.0,617.0,396.0,"0,2244","0,3668",,
30204,55782581,1400495053868,Eye Tracker,Participant0058,17.09.2021,Participant0058,Recording4,17.09.2021,17.09.2021,14:48:45.713,12:48:45.713,64514,Timeline2,Tobii I-VT (Fixation),1.145.28180,1080,1920,"10,00",723645280.0,,,614.0,393.0,609.0,400.0,619.0,386.0,"-0,12761","0,01484","-0,99171","-0,23008","0,01029","-0,97312",,,Valid,Valid,"232,8","101,7","512,9","291,4","100,1","515,0","166,8","109,4","169,7","105,6","0,2221","0,3636","0,2180","0,3701","0,2262","0,3571",thumbnail_grossTrial,thumbnail_grossTrial.png,1245.0,1080.0,337.0,0.0,798.0,692.0,Fixation,142.0,97.0,617.0,396.0,"0,2244","0,3668",,
30205,55790824,1400495062111,Eye Tracker,Participant0058,17.09.2021,Participant0058,Recording4,17.09.2021,17.09.2021,14:48:45.713,12:48:45.713,64514,Timeline2,Tobii I-VT (Fixation),1.145.28180,1080,1920,"10,00",723653523.0,,,615.0,387.0,610.0,381.0,620.0,392.0,"-0,12713","0,00521","-0,99187","-0,22927","0,01358","-0,97327",,,Valid,Valid,"232,8","101,7","512,8","291,4","100,1","515,0","167,1","104,4","170,1","107,3","0,2230","0,3580","0,2186","0,3532","0,2274","0,3629",thumbnail_grossTrial,thumbnail_grossTrial.png,1245.0,1080.0,337.0,0.0,798.0,692.0,Fixation,142.0,97.0,617.0,396.0,"0,2244","0,3668",,
30206,55799155,1400495070442,Eye Tracker,Participant0058,17.09.2021,Participant0058,Recording4,17.09.2021,17.09.2021,14:48:45.713,12:48:45.713,64514,Timeline2,Tobii I-VT (Fixation),1.145.28180,1080,1920,"10,00",723661854.0,,,620.0,396.0,612.0,388.0,627.0,404.0,"-0,12567","0,00893","-0,99203","-0,22603","0,02000","-0,97392","3,97","4,40",Valid,Valid,"232,8","101,7","512,8","291,4","100,0","515,0","167,8","106,3","171,8","110,5","0,2267","0,3668","0,2209","0,3596","0,2326","0,3740",thumbnail_grossTrial,thumbnail_grossTrial.png,1245.0,1080.0,337.0,0.0,798.0,692.0,Fixation,142.0,97.0,617.0,396.0,"0,2244","0,3668",,
30207,55807542,1400495078829,Eye Tracker,Participant0058,17.09.2021,Participant0058,Recording4,17.09.2021,17.09.2021,14:48:45.713,12:48:45.713,64514,Timeline2,Tobii I-VT (Fixation),1.145.28180,1080,1920,"10,00",723670240.0,,,616.0,399.0,612.0,392.0,620.0,405.0,"-0,12583","0,01078","-0,99199","-0,22972","0,02051","-0,97304",,,Valid,Valid,"232,9","101,8","512,7","291,4","100,1","514,9","167,8","107,3","169,9","110,9","0,2239","0,3693","0,2209","0,3632","0,2268","0,3754",thumbnail_grossTrial,thumbnail_grossTrial.png,1245.0,1080.0,337.0,0.0,798.0,692.0,Fixation,142.0,97.0,617.0,396.0,"0,2244","0,3668",,
30208,55815816,1400495087103,Eye Tracker,Participant0058,17.09.2021,Participant0058,Recording4,17.09.2021,17.09.2021,14:48:45.713,12:48:45.713,64514,Timeline2,Tobii I-VT (Fixation),1.145.28180,1080,1920,"10,00",723678514.0,,,614.0,396.0,611.0,394.0,617.0,397.0,"-0,12659","0,01181","-0,99189","-0,23102","0,01631","-0,97281",,,Valid,Valid,"232,8","101,7","512,6","291,4","100,1","514,9","167,4","107,8","169,1","108,7","0,2221","0,3663","0,2195","0,3648","0,2246","0,3678",thumbnail_grossTrial,thumbnail_grossTrial.png,1245.0,1080.0,337.0,0.0,798.0,692.0,Fixation,142.0,97.0,617.0,396.0,"0,2244","0,3668",,
30209,55824174,1400495095461,Eye Tracker,Participant0058,17.09.2021,Participant0058,Recording4,17.09.2021,17.09.2021,14:48:45.713,12:48:45.713,64514,Timeline2,Tobii I-VT (Fixation),1.145.28180,1080,1920,"10,00",723686872.0,,,623.0,391.0,626.0,396.0,619.0,386.0,"-0,11830","0,01280","-0,99289","-0,23002","0,01092","-0,97312","4,18","3,87",Valid,Valid,"232,8","101,6","512,6","291,4","100,0","514,9","171,7","108,3","169,6","105,7","0,2292","0,3620","0,2322","0,3663","0,2262","0,3578",thumbnail_grossTrial,thumbnail_grossTrial.png,1245.0,1080.0,337.0,0.0,798.0,692.0,Fixation,142.0,97.0,617.0,396.0,"0,2244","0,3668",,
30210,55832514,1400495103801,Eye Tracker,Participant0058,17.09.2021,Participant0058,Recording4,17.09.2021,17.09.2021,14:48:45.713,12:48:45.713,64514,Timeline2,Tobii I-VT (Fixation),1.145.28180,1080,1920,"10,00",723695212.0,,,621.0,386.0,620.0,385.0,623.0,388.0,"-0,12200","0,00697","-0,99251","-0,22818","0,01128","-0,97355",,,Valid,Valid,"232,9","101,8","512,6","291,4","100,1","514,9","169,9","105,4","170,8","106,1","0,2282","0,3577","0,2268","0,3566","0,2295","0,3588",thumbnail_grossTrial,thumbnail_grossTrial.png,1245.0,1080.0,337.0,0.0,798.0,692.0,Saccade,17.0,215.0,,,,,,
30211,55840823,1400495112110,Eye Tracker,Participant0058,17.09.2021,Participant0058,Recording4,17.09.2021,17.09.2021,14:48:45.713,12:48:45.713,64514,Timeline2,Tobii I-VT (Fixation),1.145.28180,1080,1920,"10,00",723703520.0,,,641.0,409.0,658.0,432.0,623.0,385.0,"-0,10173","0,03218","-0,99429","-0,22795","0,01021","-0,97362",,,Valid,Valid,"232,8","101,8","512,5","291,4","100,1","514,9","180,4","118,4","170,8","105,5","0,2436","0,3786","0,2576","0,4004","0,2297","0,3569",thumbnail_grossTrial,thumbnail_grossTrial.png,1245.0,1080.0,337.0,0.0,798.0,692.0,Saccade,17.0,215.0,,,,,,
30212,55849194,1400495120481,Eye Tracker,Participant0058,17.09.2021,Participant0058,Recording4,17.09.2021,17.09.2021,14:48:45.713,12:48:45.713,64514,Timeline2,Tobii I-VT (Fixation),1.145.28180,1080,1920,"10,00",723711891.0,,,640.0,412.0,655.0,436.0,624.0,387.0,"-0,10315","0,03410","-0,99408","-0,22745","0,01137","-0,97372","4,16","3,87",Valid,Valid,"232,8","101,7","512,5","291,3","100,0","514,9","179,6","119,3","171,1","106,0","0,2428","0,3811","0,2553","0,4035","0,2304","0,3587",thumbnail_grossTrial,thumbnail_grossTrial.png,1245.0,1080.0,337.0,0.0,798.0,692.0,Fixation,67.0,98.0,638.0,403.0,"0,2414","0,3732",,
30213,55857502,1400495128789,Eye Tracker,Participant0058,17.09.2021,Participant0058,Recording4,17.09.2021,17.09.2021,14:48:45.713,12:48:45.713,64514,Timeline2,Tobii I-VT (Fixation),1.145.28180,1080,1920,"10,00",723720199.0,,,619.0,397.0,625.0,407.0,614.0,387.0,"-0,11918","0,01852","-0,99270","-0,23278","0,01103","-0,97247",,,Valid,Valid,"232,9","101,8","512,5","291,4","100,1","514,8","171,3","111,4","168,2","106,0","0,2266","0,3677","0,2312","0,3769","0,2219","0,3585",thumbnail_grossTrial,thumbnail_grossTrial.png,1245.0,1080.0,337.0,0.0,798.0,692.0,Fixation,67.0,98.0,638.0,403.0,"0,2414","0,3732",,
30214,55865809,1400495137096,Eye Tracker,Participant0058,17.09.2021,Participant0058,Recording4,17.09.2021,17.09.2021,14:48:45.713,12:48:45.713,64514,Timeline2,Tobii I-VT (Fixation),1.145.28180,1080,1920,"10,00",723728506.0,,,638.0,413.0,665.0,438.0,611.0,387.0,"-0,09829","0,03518","-0,99454","-0,23377","0,01112","-0,97223",,,Valid,Valid,"232,8","101,8","512,5","291,4","100,1","514,8","182,2","119,9","167,6","106,0","0,2415","0,3822","0,2628","0,4058","0,2201","0,3587",thumbnail_grossTrial,thumbnail_grossTrial.png,1245.0,1080.0,337.0,0.0,798.0,692.0,Fixation,67.0,98.0,638.0,403.0,"0,2414","0,3732",,
30215,55874141,1400495145428,Eye Tracker,Participant0058,17.09.2021,Participant0058,Recording4,17.09.2021,17.09.2021,14:48:45.713,12:48:45.713,64514,Timeline2,Tobii I-VT (Fixation),1.145.28180,1080,1920,"10,00",723736837.0,,,634.0,402.0,655.0,428.0,614.0,377.0,"-0,10338","0,02973","-0,99420","-0,23252","0,00581","-0,97257","4,13","3,87",Valid,Valid,"232,8","101,8","512,5","291,3","100,0","514,9","179,5","117,1","168,2","103,1","0,2386","0,3725","0,2550","0,3962","0,2221","0,3488",thumbnail_grossTrial,thumbnail_grossTrial.png,1245.0,1080.0,337.0,0.0,798.0,692.0,Fixation,67.0,98.0,638.0,403.0,"0,2414","0,3732",,
30216,55882473,1400495153760,Eye Tracker,Participant0058,17.09.2021,Participant0058,Recording4,17.09.2021,17.09.2021,14:48:45.713,12:48:45.713,64514,Timeline2,Tobii I-VT (Fixation),1.145.28180,1080,1920,"10,00",723745169.0,,,638.0,403.0,655.0,428.0,622.0,377.0,"-0,10354","0,02953","-0,99419","-0,22875","0,00591","-0,97347",,,Valid,Valid,"232,9","101,9","512,4","291,4","100,2","514,8","179,5","117,1","170,4","103,3","0,2418","0,3728","0,2550","0,3962","0,2285","0,3494",thumbnail_grossTrial,thumbnail_grossTrial.png,1245.0,1080.0,337.0,0.0,798.0,692.0,Fixation,67.0,98.0,638.0,403.0,"0,2414","0,3732",,
30217,55890817,1400495162104,Eye Tracker,Participant0058,17.09.2021,Participant0058,Recording4,17.09.2021,17.09.2021,14:48:45.713,12:48:45.713,64514,Timeline2,Tobii I-VT (Fixation),1.145.28180,1080,1920,"10,00",723753513.0,,,640.0,400.0,652.0,424.0,628.0,376.0,"-0,10507","0,02758","-0,99408","-0,22568","0,00545","-0,97419",,,Valid,Valid,"232,8","101,8","512,4","291,4","100,1","514,9","178,6","116,1","172,1","103,0","0,2429","0,3706","0,2525","0,3927","0,2333","0,3485",thumbnail_grossTrial,thumbnail_grossTrial.png,1245.0,1080.0,337.0,0.0,798.0,692.0,Fixation,67.0,98.0,638.0,403.0,"0,2414","0,3732",,
30218,55899198,1400495170485,Eye Tracker,Participant0058,17.09.2021,Participant0058,Recording4,17.09.2021,17.09.2021,14:48:45.713,12:48:45.713,64514,Timeline2,Tobii I-VT (Fixation),1.145.28180,1080,1920,"10,00",723761894.0,,,638.0,399.0,646.0,420.0,629.0,378.0,"-0,10791","0,02550","-0,99383","-0,22500","0,00622","-0,97434","4,15","3,88",Valid,Valid,"232,8","101,8","512,5","291,3","100,0","514,9","177,2","115,0","172,4","103,3","0,2412","0,3693","0,2482","0,3890","0,2343","0,3496",thumbnail_grossTrial,thumbnail_grossTrial.png,1245.0,1080.0,337.0,0.0,798.0,692.0,Fixation,67.0,98.0,638.0,403.0,"0,2414","0,3732",,
30219,55907491,1400495178778,Eye Tracker,Participant0058,17.09.2021,Participant0058,Recording4,17.09.2021,17.09.2021,14:48:45.713,12:48:45.713,64514,Timeline2,Tobii I-VT (Fixation),1.145.28180,1080,1920,"10,00",723770186.0,,,638.0,398.0,646.0,420.0,631.0,375.0,"-0,10801","0,02533","-0,99383","-0,22444","0,00490","-0,97447",,,Valid,Valid,"232,8","101,9","512,4","291,4","100,1","514,9","177,2","115,0","172,8","102,7","0,2418","0,3683","0,2482","0,3890","0,2355","0,3476",thumbnail_grossTrial,thumbnail_grossTrial.png,1245.0,1080.0,337.0,0.0,798.0,692.0,Fixation,67.0,98.0,638.0,403.0,"0,2414","0,3732",,
30220,55915808,1400495187095,Eye Tracker,Participant0058,17.09.2021,Participant0058,Recording4,17.09.2021,17.09.2021,14:48:45.713,12:48:45.713,64514,Timeline2,Tobii I-VT (Fixation),1.145.28180,1080,1920,"10,00",723778503.0,,,625.0,391.0,621.0,405.0,628.0,377.0,"-0,12107","0,01756","-0,99249","-0,22540","0,00580","-0,97425",,,Valid,Valid,"232,8","101,9","512,4","291,3","100,1","515,0","170,3","110,9","172,2","103,2","0,2309","0,3622","0,2280","0,3754","0,2337","0,3491",thumbnail_grossTrial,thumbnail_grossTrial.png,1245.0,1080.0,337.0,0.0,798.0,692.0,Saccade,8.0,216.0,,,,,,
30221,55924164,1400495195451,Eye Tracker,Participant0058,17.09.2021,Participant0058,Recording4,17.09.2021,17.09.2021,14:48:45.713,12:48:45.713,64514,Timeline2,Tobii I-VT (Fixation),1.145.28180,1080,1920,"10,00",723786859.0,,,618.0,389.0,618.0,402.0,617.0,376.0,"-0,12284","0,01566","-0,99230","-0,23076","0,00517","-0,97300","4,18","4,38",Valid,Valid,"232,8","101,9","512,4","291,4","100,1","515,0","169,3","110,0","169,2","102,8","0,2251","0,3599","0,2253","0,3720","0,2249","0,3478",thumbnail_grossTrial,thumbnail_grossTrial.png,1245.0,1080.0,337.0,0.0,798.0,692.0,Fixation,133.0,99.0,618.0,389.0,"0,2254","0,3605",,
30222,55932570,1400495203857,Eye Tracker,Participant0058,17.09.2021,Participant0058,Recording4,17.09.2021,17.09.2021,14:48:45.713,12:48:45.713,64514,Timeline2,Tobii I-VT (Fixation),1.145.28180,1080,1920,"10,00",723795264.0,,,616.0,382.0,618.0,398.0,615.0,367.0,"-0,12297","0,01353","-0,99232","-0,23227","0,00045","-0,97265",,,Valid,Valid,"232,8","102,0","512,4","291,4","100,1","515,0","169,3","108,9","168,4","100,4","0,2239","0,3541","0,2253","0,3686","0,2226","0,3396",thumbnail_grossTrial,thumbnail_grossTrial.png,1245.0,1080.0,337.0,0.0,798.0,692.0,Fixation,133.0,99.0,618.0,389.0,"0,2254","0,3605",,
30223,55940899,1400495212186,Eye Tracker,Participant0058,17.09.2021,Participant0058,Recording4,17.09.2021,17.09.2021,14:48:45.713,12:48:45.713,64514,Timeline2,Tobii I-VT (Fixation),1.145.28180,1080,1920,"10,00",723803593.0,,,618.0,375.0,617.0,386.0,619.0,365.0,"-0,12327","0,00717","-0,99235","-0,23017","-0,00049","-0,97315",,,Valid,Valid,"232,8","101,9","512,4","291,4","100,1","515,1","169,1","105,6","169,5","99,8","0,2253","0,3476","0,2247","0,3574","0,2259","0,3378",thumbnail_grossTrial,thumbnail_grossTrial.png,1245.0,1080.0,337.0,0.0,798.0,692.0,Fixation,133.0,99.0,618.0,389.0,"0,2254","0,3605",,
30224,55949216,1400495220503,Eye Tracker,Participant0058,17.09.2021,Participant0058,Recording4,17.09.2021,17.09.2021,14:48:45.713,12:48:45.713,64514,Timeline2,Tobii I-VT (Fixation),1.145.28180,1080,1920,"10,00",723811910.0,,,623.0,380.0,620.0,393.0,626.0,368.0,"-0,12169","0,01096","-0,99251","-0,22640","0,00124","-0,97403","4,10","3,89",Valid,Valid,"232,8","101,9","512,5","291,4","100,0","515,1","170,0","107,5","171,6","100,7","0,2296","0,3522","0,2271","0,3638","0,2320","0,3407",thumbnail_grossTrial,thumbnail_grossTrial.png,1245.0,1080.0,337.0,0.0,798.0,692.0,Fixation,133.0,99.0,618.0,389.0,"0,2254","0,3605",,
30225,55957499,1400495228786,Eye Tracker,Participant0058,17.09.2021,Participant0058,Recording4,17.09.2021,17.09.2021,14:48:45.713,12:48:45.713,64514,Timeline2,Tobii I-VT (Fixation),1.145.28180,1080,1920,"10,00",723820193.0,,,628.0,387.0,626.0,402.0,630.0,372.0,"-0,11872","0,01560","-0,99281","-0,22460","0,00327","-0,97445",,,Valid,Valid,"232,9","101,9","512,4","291,4","100,1","515,0","171,6","110,0","172,7","101,9","0,2335","0,3584","0,2318","0,3722","0,2352","0,3446",thumbnail_grossTrial,thumbnail_grossTrial.png,1245.0,1080.0,337.0,0.0,798.0,692.0,Fixation,133.0,99.0,618.0,389.0,"0,2254","0,3605",,
30226,55965838,1400495237125,Eye Tracker,Participant0058,17.09.2021,Participant0058,Recording4,17.09.2021,17.09.2021,14:48:45.713,12:48:45.713,64514,Timeline2,Tobii I-VT (Fixation),1.145.28180,1080,1920,"10,00",723828531.0,,,629.0,401.0,633.0,394.0,625.0,407.0,"-0,11490","0,01164","-0,99331","-0,22716","0,02134","-0,97362",,,Valid,Valid,"232,8","101,9","512,4","291,4","100,1","515,0","173,5","107,9","171,2","111,4","0,2342","0,3710","0,2376","0,3650","0,2308","0,3769",thumbnail_grossTrial,thumbnail_grossTrial.png,1245.0,1080.0,337.0,0.0,798.0,692.0,Fixation,133.0,99.0,618.0,389.0,"0,2254","0,3605",,
30227,55974220,1400495245507,Eye Tracker,Participant0058,17.09.2021,Participant0058,Recording4,17.09.2021,17.09.2021,14:48:45.713,12:48:45.713,64514,Timeline2,Tobii I-VT (Fixation),1.145.28180,1080,1920,"10,00",723836913.0,,,621.0,395.0,626.0,392.0,616.0,398.0,"-0,11877","0,01053","-0,99287","-0,23145","0,01679","-0,97270","3,96","4,38",Valid,Valid,"232,8","101,8","512,5","291,4","100,1","515,0","171,5","107,3","168,8","108,9","0,2277","0,3657","0,2316","0,3629","0,2238","0,3686",thumbnail_grossTrial,thumbnail_grossTrial.png,1245.0,1080.0,337.0,0.0,798.0,692.0,Fixation,133.0,99.0,618.0,389.0,"0,2254","0,3605",,
30228,55982463,1400495253750,Eye Tracker,Participant0058,17.09.2021,Participant0058,Recording4,17.09.2021,17.09.2021,14:48:45.713,12:48:45.713,64514,Timeline2,Tobii I-VT (Fixation),1.145.28180,1080,1920,"10,00",723845156.0,,,617.0,390.0,622.0,386.0,611.0,393.0,"-0,12063","0,00737","-0,99267","-0,23383","0,01382","-0,97218",,,Valid,Valid,"232,9","101,9","512,5","291,4","100,2","514,9","170,6","105,7","167,6","107,5","0,2245","0,3607","0,2290","0,3577","0,2201","0,3637",thumbnail_grossTrial,thumbnail_grossTrial.png,1245.0,1080.0,337.0,0.0,798.0,692.0,Fixation,133.0,99.0,618.0,389.0,"0,2254","0,3605",,
30229,55990843,1400495262130,Eye Tracker,Participant0058,17.09.2021,Participant0058,Recording4,17.09.2021,17.09.2021,14:48:45.713,12:48:45.713,64514,Timeline2,Tobii I-VT (Fixation),1.145.28180,1080,1920,"10,00",723853536.0,,,610.0,387.0,614.0,390.0,606.0,384.0,"-0,12494","0,00929","-0,99212","-0,23655","0,00954","-0,97157",,,Valid,Valid,"232,8","101,8","512,5","291,4","100,1","514,9","168,3","106,6","166,0","105,2","0,2188","0,3584","0,2221","0,3608","0,2155","0,3559",thumbnail_grossTrial,thumbnail_grossTrial.png,1245.0,1080.0,337.0,0.0,798.0,692.0,Fixation,133.0,99.0,618.0,389.0,"0,2254","0,3605",,
30230,55999168,1400495270455,Eye Tracker,Participant0058,17.09.2021,Participant0058,Recording4,17.09.2021,17.09.2021,14:48:45.713,12:48:45.713,64514,Timeline2,Tobii I-VT (Fixation),1.145.28180,1080,1920,"10,00",723861860.0,,,614.0,391.0,615.0,389.0,614.0,393.0,"-0,12457","0,00893","-0,99217","-0,23243","0,01436","-0,97251","3,96","3,90",Valid,Valid,"232,8","101,8","512,6","291,3","100,1","514,8","168,4","106,4","168,3","107,7","0,2225","0,3621","0,2227","0,3599","0,2222","0,3643",thumbnail_grossTrial,thumbnail_grossTrial.png,1245.0,1080.0,337.0,0.0,798.0,692.0,Fixation,133.0,99.0,618.0,389.0,"0,2254","0,3605",,
30231,56007496,1400495278783,Eye Tracker,Participant0058,17.09.2021,Participant0058,Recording4,17.09.2021,17.09.2021,14:48:45.713,12:48:45.713,64514,Timeline2,Tobii I-VT (Fixation),1.145.28180,1080,1920,"10,00",723870188.0,,,611.0,389.0,607.0,379.0,615.0,399.0,"-0,12879","0,00384","-0,99166","-0,23194","0,01677","-0,97259",,,Valid,Valid,"232,9","101,8","512,6","291,4","100,2","514,7","166,3","103,8","168,7","109,1","0,2198","0,3601","0,2164","0,3513","0,2233","0,3690",thumbnail_grossTrial,thumbnail_grossTrial.png,1245.0,1080.0,337.0,0.0,798.0,692.0,Fixation,133.0,99.0,618.0,389.0,"0,2254","0,3605",,
30232,56015799,1400495287086,Eye Tracker,Participant0058,17.09.2021,Participant0058,Recording4,17.09.2021,17.09.2021,14:48:45.713,12:48:45.713,64514,Timeline2,Tobii I-VT (Fixation),1.145.28180,1080,1920,"10,00",723878491.0,,,626.0,408.0,635.0,418.0,616.0,397.0,"-0,11366","0,02476","-0,99321","-0,23136","0,01580","-0,97274",,,Valid,Valid,"232,8","101,7","512,6","291,3","100,2","514,6","174,1","114,5","168,9","108,5","0,2317","0,3773","0,2393","0,3875","0,2241","0,3672",thumbnail_grossTrial,thumbnail_grossTrial.png,1245.0,1080.0,337.0,0.0,798.0,692.0,Fixation,133.0,99.0,618.0,389.0,"0,2254","0,3605",,
30233,56024155,1400495295442,Eye Tracker,Participant0058,17.09.2021,Participant0058,Recording4,17.09.2021,17.09.2021,14:48:45.713,12:48:45.713,64514,Timeline2,Tobii I-VT (Fixation),1.145.28180,1080,1920,"10,00",723886847.0,,,610.0,390.0,604.0,387.0,616.0,392.0,"-0,13026","0,00838","-0,99144","-0,23166","0,01355","-0,97270","3,94","4,35",Valid,Valid,"232,8","101,7","512,6","291,3","100,1","514,6","165,4","106,0","168,7","107,3","0,2187","0,3608","0,2139","0,3587","0,2235","0,3629",thumbnail_grossTrial,thumbnail_grossTrial.png,1245.0,1080.0,337.0,0.0,798.0,692.0,Fixation,133.0,99.0,618.0,389.0,"0,2254","0,3605",,
30234,56032551,1400495303838,Eye Tracker,Participant0058,17.09.2021,Participant0058,Recording4,17.09.2021,17.09.2021,14:48:45.713,12:48:45.713,64514,Timeline2,Tobii I-VT (Fixation),1.145.28180,1080,1920,"10,00",723895242.0,,,615.0,395.0,610.0,394.0,619.0,396.0,"-0,12717","0,01183","-0,99181","-0,23000","0,01561","-0,97307",,,Valid,Valid,"232,8","101,8","512,6","291,4","100,2","514,5","167,1","107,9","169,8","108,5","0,2226","0,3660","0,2187","0,3649","0,2265","0,3670",thumbnail_grossTrial,thumbnail_grossTrial.png,1245.0,1080.0,337.0,0.0,798.0,692.0,Fixation,133.0,99.0,618.0,389.0,"0,2254","0,3605",,
30235,56040804,1400495312091,Eye Tracker,Participant0058,17.09.2021,Participant0058,Recording4,17.09.2021,17.09.2021,14:48:45.713,12:48:45.713,64514,Timeline2,Tobii I-VT (Fixation),1.145.28180,1080,1920,"10,00",723903495.0,,,616.0,392.0,610.0,400.0,621.0,383.0,"-0,12680","0,01520","-0,99181","-0,22897","0,00865","-0,97340",,,Valid,Valid,"232,8","101,7","512,6","291,3","100,2","514,4","167,2","109,5","170,3","104,8","0,2236","0,3625","0,2191","0,3706","0,2281","0,3544",thumbnail_grossTrial,thumbnail_grossTrial.png,1245.0,1080.0,337.0,0.0,798.0,692.0,Fixation,133.0,99.0,618.0,389.0,"0,2254","0,3605",,
30236,56049175,1400495320462,Eye Tracker,Participant0058,17.09.2021,Participant0058,Recording4,17.09.2021,17.09.2021,14:48:45.713,12:48:45.713,64514,Timeline2,Tobii I-VT (Fixation),1.145.28180,1080,1920,"10,00",723911866.0,,,624.0,394.0,624.0,400.0,625.0,387.0,"-0,11952","0,01528","-0,99271","-0,22730","0,01088","-0,97376","4,17","3,93",Valid,Valid,"232,8","101,6","512,7","291,3","100,2","514,4","171,0","109,5","171,2","105,9","0,2305","0,3644","0,2302","0,3705","0,2307","0,3583",thumbnail_grossTrial,thumbnail_grossTrial.png,1245.0,1080.0,337.0,0.0,798.0,692.0,Fixation,133.0,99.0,618.0,389.0,"0,2254","0,3605",,
30237,56057502,1400495328789,Eye Tracker,Participant0058,17.09.2021,Participant0058,Recording4,17.09.2021,17.09.2021,14:48:45.713,12:48:45.713,64514,Timeline2,Tobii I-VT (Fixation),1.145.28180,1080,1920,"10,00",723920193.0,,,621.0,392.0,618.0,396.0,625.0,387.0,"-0,12265","0,01299","-0,99237","-0,22743","0,01094","-0,97373",,,Valid,Valid,"232,8","101,7","512,6","291,3","100,3","514,3","169,5","108,4","171,2","106,0","0,2282","0,3628","0,2256","0,3669","0,2307","0,3588",thumbnail_grossTrial,thumbnail_grossTrial.png,1245.0,1080.0,337.0,0.0,798.0,692.0,Saccade,17.0,217.0,,,,,,
30238,56065823,1400495337110,Eye Tracker,Participant0058,17.09.2021,Participant0058,Recording4,17.09.2021,17.09.2021,14:48:45.713,12:48:45.713,64514,Timeline2,Tobii I-VT (Fixation),1.145.28180,1080,1920,"10,00",723928513.0,,,635.0,405.0,648.0,409.0,621.0,400.0,"-0,10692","0,02004","-0,99407","-0,22908","0,01743","-0,97325",,,Valid,Valid,"232,7","101,7","512,6","291,3","100,2","514,3","177,6","112,0","170,2","109,5","0,2387","0,3747","0,2495","0,3790","0,2279","0,3703",thumbnail_grossTrial,thumbnail_grossTrial.png,1245.0,1080.0,337.0,0.0,798.0,692.0,Saccade,17.0,217.0,,,,,,
30239,56074123,1400495345410,Eye Tracker,Participant0058,17.09.2021,Participant0058,Recording4,17.09.2021,17.09.2021,14:48:45.713,12:48:45.713,64514,Timeline2,Tobii I-VT (Fixation),1.145.28180,1080,1920,"10,00",723936813.0,,,636.0,409.0,652.0,418.0,619.0,401.0,"-0,10491","0,02478","-0,99417","-0,22982","0,01782","-0,97307","4,11","3,89",Valid,Valid,"232,7","101,6","512,6","291,2","100,2","514,3","178,6","114,4","169,8","109,6","0,2396","0,3790","0,2526","0,3871","0,2266","0,3709",thumbnail_grossTrial,thumbnail_grossTrial.png,1245.0,1080.0,337.0,0.0,798.0,692.0,Unclassified,8.0,536.0,,,,,,
30240,56082456,1400495353743,Eye Tracker,Participant0058,17.09.2021,Participant0058,Recording4,17.09.2021,17.09.2021,14:48:45.713,12:48:45.713,64514,Timeline2,Tobii I-VT (Fixation),1.145.28180,1080,1920,"10,00",723945146.0,,,635.0,411.0,653.0,418.0,618.0,403.0,"-0,10470","0,02446","-0,99420","-0,23052","0,01898","-0,97288",,,Valid,Valid,"232,8","101,8","512,6","291,3","100,3","514,2","178,8","114,4","169,5","110,4","0,2394","0,3802","0,2531","0,3870","0,2257","0,3734",thumbnail_grossTrial,thumbnail_grossTrial.png,1245.0,1080.0,337.0,0.0,798.0,692.0,Saccade,17.0,218.0,,,,,,
30241,56090832,1400495362119,Eye Tracker,Participant0058,17.09.2021,Participant0058,Recording4,17.09.2021,17.09.2021,14:48:45.713,12:48:45.713,64514,Timeline2,Tobii I-VT (Fixation),1.145.28180,1080,1920,"10,00",723953521.0,,,622.0,386.0,623.0,381.0,621.0,390.0,"-0,11994","0,00480","-0,99277","-0,22934","0,01222","-0,97327",,,Valid,Valid,"232,8","101,8","512,5","291,3","100,3","514,3","170,8","104,2","170,1","106,8","0,2286","0,3570","0,2297","0,3527","0,2275","0,3613",thumbnail_grossTrial,thumbnail_grossTrial.png,1245.0,1080.0,337.0,0.0,798.0,692.0,Saccade,17.0,218.0,,,,,,
30242,56099129,1400495370416,Eye Tracker,Participant0058,17.09.2021,Participant0058,Recording4,17.09.2021,17.09.2021,14:48:45.713,12:48:45.713,64514,Timeline2,Tobii I-VT (Fixation),1.145.28180,1080,1920,"10,00",723961818.0,,,611.0,384.0,609.0,375.0,614.0,393.0,"-0,12748","0,00168","-0,99184","-0,23272","0,01370","-0,97245","3,94","4,36",Valid,Valid,"232,8","101,8","512,6","291,3","100,2","514,3","166,9","102,6","168,2","107,5","0,2200","0,3555","0,2182","0,3473","0,2219","0,3637",thumbnail_grossTrial,thumbnail_grossTrial.png,1245.0,1080.0,337.0,0.0,798.0,692.0,Unclassified,33.0,537.0,,,,,,
30243,56107489,1400495378776,Eye Tracker,Participant0058,17.09.2021,Participant0058,Recording4,17.09.2021,17.09.2021,14:48:45.713,12:48:45.713,64514,Timeline2,Tobii I-VT (Fixation),1.145.28180,1080,1920,"10,00",723970178.0,,,613.0,386.0,616.0,384.0,610.0,389.0,"-0,12403","0,00617","-0,99226","-0,23468","0,01128","-0,97201",,,Valid,Valid,"232,8","101,9","512,5","291,4","100,4","514,3","168,8","105,1","167,2","106,4","0,2213","0,3577","0,2237","0,3556","0,2190","0,3598",thumbnail_grossTrial,thumbnail_grossTrial.png,1245.0,1080.0,337.0,0.0,798.0,692.0,Unclassified,33.0,537.0,,,,,,
30244,56115793,1400495387080,Eye Tracker,Participant0058,17.09.2021,Participant0058,Recording4,17.09.2021,17.09.2021,14:48:45.713,12:48:45.713,64514,Timeline2,Tobii I-VT (Fixation),1.145.28180,1080,1920,"10,00",723978482.0,,,612.0,387.0,615.0,382.0,610.0,391.0,"-0,12422","0,00534","-0,99224","-0,23472","0,01246","-0,97198",,,Valid,Valid,"232,8","101,9","512,4","291,3","100,4","514,4","168,6","104,7","167,1","107,0","0,2210","0,3580","0,2232","0,3541","0,2187","0,3619",thumbnail_grossTrial,thumbnail_grossTrial.png,1245.0,1080.0,337.0,0.0,798.0,692.0,Unclassified,33.0,537.0,,,,,,
30245,56124154,1400495395441,Eye Tracker,Participant0058,17.09.2021,Participant0058,Recording4,17.09.2021,17.09.2021,14:48:45.713,12:48:45.713,64514,Timeline2,Tobii I-VT (Fixation),1.145.28180,1080,1920,"10,00",723986842.0,,,621.0,386.0,626.0,386.0,616.0,386.0,"-0,11868","0,00723","-0,99291","-0,23141","0,01033","-0,97280","4,13","4,32",Valid,Valid,"232,8","101,9","512,4","291,3","100,3","514,4","171,5","105,6","168,9","105,7","0,2279","0,3575","0,2317","0,3573","0,2241","0,3577",thumbnail_grossTrial,thumbnail_grossTrial.png,1245.0,1080.0,337.0,0.0,798.0,692.0,Unclassified,33.0,537.0,,,,,,
30246,56132505,1400495403792,Eye Tracker,Participant0058,17.09.2021,Participant0058,Recording4,17.09.2021,17.09.2021,14:48:45.713,12:48:45.713,64514,Timeline2,Tobii I-VT (Fixation),1.145.28180,1080,1920,"10,00",723995193.0,,,620.0,383.0,625.0,385.0,615.0,381.0,"-0,11927","0,00632","-0,99284","-0,23233","0,00722","-0,97261",,,Valid,Valid,"232,9","102,0","512,4","291,4","100,4","514,4","171,3","105,3","168,5","104,2","0,2269","0,3544","0,2311","0,3561","0,2228","0,3526",thumbnail_grossTrial,thumbnail_grossTrial.png,1245.0,1080.0,337.0,0.0,798.0,692.0,Saccade,17.0,219.0,,,,,,
30247,56140788,1400495412075,Eye Tracker,Participant0058,17.09.2021,Participant0058,Recording4,17.09.2021,17.09.2021,14:48:45.713,12:48:45.713,64514,Timeline2,Tobii I-VT (Fixation),1.145.28180,1080,1920,"10,00",724003476.0,,,626.0,407.0,623.0,383.0,630.0,430.0,"-0,12011","0,00576","-0,99274","-0,22472","0,03297","-0,97386",,,Valid,Valid,"232,8","102,0","512,4","291,3","100,4","514,5","170,8","104,9","172,6","117,8","0,2322","0,3768","0,2296","0,3550","0,2349","0,3985",thumbnail_grossTrial,thumbnail_grossTrial.png,1245.0,1080.0,337.0,0.0,798.0,692.0,Saccade,17.0,219.0,,,,,,
30248,56149116,1400495420403,Eye Tracker,Participant0058,17.09.2021,Participant0058,Recording4,17.09.2021,17.09.2021,14:48:45.713,12:48:45.713,64514,Timeline2,Tobii I-VT (Fixation),1.145.28180,1080,1920,"10,00",724011804.0,,,624.0,409.0,617.0,385.0,631.0,433.0,"-0,12343","0,00692","-0,99233","-0,22410","0,03448","-0,97396","3,95","3,88",Valid,Valid,"232,8","101,9","512,4","291,3","100,2","514,5","169,0","105,5","172,9","118,5","0,2301","0,3788","0,2244","0,3569","0,2357","0,4008",thumbnail_grossTrial,thumbnail_grossTrial.png,1245.0,1080.0,337.0,0.0,798.0,692.0,Unclassified,8.0,538.0,,,,,,
30249,56157498,1400495428785,Eye Tracker,Participant0058,17.09.2021,Participant0058,Recording4,17.09.2021,17.09.2021,14:48:45.713,12:48:45.713,64514,Timeline2,Tobii I-VT (Fixation),1.145.28180,1080,1920,"10,00",724020185.0,,,615.0,393.0,612.0,379.0,619.0,407.0,"-0,12617","0,00341","-0,99200","-0,23040","0,02069","-0,97288",,,Valid,Valid,"232,8","102,0","512,4","291,4","100,4","514,5","167,7","103,8","169,5","111,3","0,2231","0,3638","0,2204","0,3511","0,2258","0,3766",thumbnail_grossTrial,thumbnail_grossTrial.png,1245.0,1080.0,337.0,0.0,798.0,692.0,Saccade,8.0,220.0,,,,,,
30250,56165816,1400495437103,Eye Tracker,Participant0058,17.09.2021,Participant0058,Recording4,17.09.2021,17.09.2021,14:48:45.713,12:48:45.713,64514,Timeline2,Tobii I-VT (Fixation),1.145.28180,1080,1920,"10,00",724028503.0,,,617.0,387.0,614.0,385.0,620.0,390.0,"-0,12512","0,00636","-0,99212","-0,22967","0,01228","-0,97319",,,Valid,Valid,"232,8","101,9","512,3","291,3","100,3","514,6","168,2","105,2","169,9","106,8","0,2244","0,3587","0,2219","0,3560","0,2269","0,3613",thumbnail_grossTrial,thumbnail_grossTrial.png,1245.0,1080.0,337.0,0.0,798.0,692.0,Fixation,75.0,100.0,618.0,387.0,"0,2253","0,3585",,
30251,56174142,1400495445429,Eye Tracker,Participant0058,17.09.2021,Participant0058,Recording4,17.09.2021,17.09.2021,14:48:45.713,12:48:45.713,64514,Timeline2,Tobii I-VT (Fixation),1.145.28180,1080,1920,"10,00",724036829.0,,,620.0,387.0,621.0,378.0,619.0,395.0,"-0,12101","0,00318","-0,99265","-0,22979","0,01481","-0,97313","4,09","3,90",Valid,Valid,"232,8","101,9","512,4","291,3","100,2","514,6","170,3","103,5","169,8","108,0","0,2274","0,3579","0,2282","0,3503","0,2266","0,3655",thumbnail_grossTrial,thumbnail_grossTrial.png,1245.0,1080.0,337.0,0.0,798.0,692.0,Fixation,75.0,100.0,618.0,387.0,"0,2253","0,3585",,
30252,56182476,1400495453763,Eye Tracker,Participant0058,17.09.2021,Participant0058,Recording4,17.09.2021,17.09.2021,14:48:45.713,12:48:45.713,64514,Timeline2,Tobii I-VT (Fixation),1.145.28180,1080,1920,"10,00",724045163.0,,,623.0,384.0,624.0,381.0,621.0,387.0,"-0,11961","0,00462","-0,99281","-0,22935","0,01084","-0,97328",,,Valid,Valid,"232,8","102,0","512,3","291,4","100,3","514,5","171,1","104,3","170,1","106,0","0,2290","0,3559","0,2305","0,3530","0,2276","0,3588",thumbnail_grossTrial,thumbnail_grossTrial.png,1245.0,1080.0,337.0,0.0,798.0,692.0,Fixation,75.0,100.0,618.0,387.0,"0,2253","0,3585",,
30253,56190783,1400495462070,Eye Tracker,Participant0058,17.09.2021,Participant0058,Recording4,17.09.2021,17.09.2021,14:48:45.713,12:48:45.713,64514,Timeline2,Tobii I-VT (Fixation),1.145.28180,1080,1920,"10,00",724053469.0,,,622.0,387.0,624.0,378.0,621.0,396.0,"-0,11974","0,00291","-0,99280","-0,22922","0,01542","-0,97325",,,Valid,Valid,"232,8","101,9","512,4","291,3","100,3","514,5","171,0","103,4","170,1","108,4","0,2288","0,3583","0,2301","0,3498","0,2276","0,3668",thumbnail_grossTrial,thumbnail_grossTrial.png,1245.0,1080.0,337.0,0.0,798.0,692.0,Fixation,75.0,100.0,618.0,387.0,"0,2253","0,3585",,
30254,56199112,1400495470399,Eye Tracker,Participant0058,17.09.2021,Participant0058,Recording4,17.09.2021,17.09.2021,14:48:45.713,12:48:45.713,64514,Timeline2,Tobii I-VT (Fixation),1.145.28180,1080,1920,"10,00",724061798.0,,,620.0,390.0,617.0,388.0,624.0,392.0,"-0,12339","0,00839","-0,99232","-0,22766","0,01325","-0,97365","3,96","3,86",Valid,Valid,"232,8","101,8","512,4","291,3","100,2","514,5","169,1","106,2","171,0","107,2","0,2273","0,3609","0,2245","0,3592","0,2301","0,3626",thumbnail_grossTrial,thumbnail_grossTrial.png,1245.0,1080.0,337.0,0.0,798.0,692.0,Fixation,75.0,100.0,618.0,387.0,"0,2253","0,3585",,
30255,56207474,1400495478761,Eye Tracker,Participant0058,17.09.2021,Participant0058,Recording4,17.09.2021,17.09.2021,14:48:45.713,12:48:45.713,64514,Timeline2,Tobii I-VT (Fixation),1.145.28180,1080,1920,"10,00",724070160.0,,,615.0,390.0,615.0,385.0,614.0,396.0,"-0,12444","0,00667","-0,99220","-0,23267","0,01503","-0,97244",,,Valid,Valid,"232,8","101,9","512,4","291,4","100,3","514,4","168,6","105,4","168,3","108,2","0,2226","0,3613","0,2230","0,3565","0,2221","0,3662",thumbnail_grossTrial,thumbnail_grossTrial.png,1245.0,1080.0,337.0,0.0,798.0,692.0,Fixation,75.0,100.0,618.0,387.0,"0,2253","0,3585",,
30256,56215821,1400495487108,Eye Tracker,Participant0058,17.09.2021,Participant0058,Recording4,17.09.2021,17.09.2021,14:48:45.713,12:48:45.713,64514,Timeline2,Tobii I-VT (Fixation),1.145.28180,1080,1920,"10,00",724078507.0,,,614.0,386.0,616.0,383.0,613.0,388.0,"-0,12378","0,00588","-0,99229","-0,23323","0,01118","-0,97236",,,Valid,Valid,"232,8","101,8","512,4","291,3","100,3","514,4","168,9","104,9","167,9","106,2","0,2225","0,3570","0,2239","0,3548","0,2211","0,3593",thumbnail_grossTrial,thumbnail_grossTrial.png,1245.0,1080.0,337.0,0.0,798.0,692.0,Fixation,75.0,100.0,618.0,387.0,"0,2253","0,3585",,
30257,56224119,1400495495406,Eye Tracker,Participant0058,17.09.2021,Participant0058,Recording4,17.09.2021,17.09.2021,14:48:45.713,12:48:45.713,64514,Timeline2,Tobii I-VT (Fixation),1.145.28180,1080,1920,"10,00",724086804.0,,,610.0,384.0,615.0,378.0,605.0,390.0,"-0,12411","0,00318","-0,99226","-0,23683","0,01230","-0,97147","3,94","4,31",Valid,Valid,"232,8","101,8","512,4","291,3","100,2","514,4","168,7","103,4","165,8","106,7","0,2192","0,3554","0,2233","0,3499","0,2151","0,3610",thumbnail_grossTrial,thumbnail_grossTrial.png,1245.0,1080.0,337.0,0.0,798.0,692.0,Fixation,75.0,100.0,618.0,387.0,"0,2253","0,3585",,
30258,56232478,1400495503765,Eye Tracker,Participant0058,17.09.2021,Participant0058,Recording4,17.09.2021,17.09.2021,14:48:45.713,12:48:45.713,64514,Timeline2,Tobii I-VT (Fixation),1.145.28180,1080,1920,"10,00",724095163.0,,,615.0,386.0,618.0,381.0,613.0,392.0,"-0,12303","0,00449","-0,99239","-0,23329","0,01298","-0,97232",,,Valid,Valid,"232,8","101,9","512,4","291,3","100,3","514,4","169,3","104,2","167,9","107,2","0,2232","0,3575","0,2252","0,3525","0,2211","0,3626",thumbnail_grossTrial,thumbnail_grossTrial.png,1245.0,1080.0,337.0,0.0,798.0,692.0,Fixation,75.0,100.0,618.0,387.0,"0,2253","0,3585",,
30259,56240807,1400495512094,Eye Tracker,Participant0058,17.09.2021,Participant0058,Recording4,17.09.2021,17.09.2021,14:48:45.713,12:48:45.713,64514,Timeline2,Tobii I-VT (Fixation),1.145.28180,1080,1920,"10,00",724103492.0,,,615.0,393.0,617.0,388.0,614.0,398.0,"-0,12340","0,00828","-0,99232","-0,23257","0,01655","-0,97244",,,Valid,Valid,"232,8","101,8","512,4","291,3","100,3","514,4","169,1","106,1","168,3","109,0","0,2234","0,3639","0,2245","0,3589","0,2223","0,3688",thumbnail_grossTrial,thumbnail_grossTrial.png,1245.0,1080.0,337.0,0.0,798.0,692.0,Saccade,50.0,221.0,,,,,,
30260,56249110,1400495520397,Eye Tracker,Participant0058,17.09.2021,Participant0058,Recording4,17.09.2021,17.09.2021,14:48:45.713,12:48:45.713,64514,Timeline2,Tobii I-VT (Fixation),1.145.28180,1080,1920,"10,00",724111795.0,,,641.0,392.0,640.0,392.0,643.0,392.0,"-0,11130","0,01080","-0,99373","-0,21871","0,01375","-0,97569","3,96","3,88",Valid,Valid,"232,8","101,7","512,4","291,4","100,2","514,4","175,5","107,2","176,1","107,4","0,2441","0,3631","0,2432","0,3629","0,2451","0,3634",thumbnail_grossTrial,thumbnail_grossTrial.png,1245.0,1080.0,337.0,0.0,798.0,692.0,Saccade,50.0,221.0,,,,,,
30261,56257444,1400495528731,Eye Tracker,Participant0058,17.09.2021,Participant0058,Recording4,17.09.2021,17.09.2021,14:48:45.713,12:48:45.713,64514,Timeline2,Tobii I-VT (Fixation),1.145.28180,1080,1920,"10,00",724120128.0,,,677.0,368.0,670.0,385.0,685.0,350.0,"-0,09598","0,00707","-0,99536","-0,19789","-0,00860","-0,98019",,,Valid,Valid,"233,0","101,8","512,4","291,5","100,3","514,3","183,6","105,4","187,7","95,8","0,2730","0,3404","0,2670","0,3567","0,2790","0,3240",thumbnail_grossTrial,thumbnail_grossTrial.png,1245.0,1080.0,337.0,0.0,798.0,692.0,Saccade,50.0,221.0,,,,,,
30262,56265820,1400495537107,Eye Tracker,Participant0058,17.09.2021,Participant0058,Recording4,17.09.2021,17.09.2021,14:48:45.713,12:48:45.713,64514,Timeline2,Tobii I-VT (Fixation),1.145.28180,1080,1920,"10,00",724128504.0,,,696.0,378.0,692.0,375.0,700.0,380.0,"-0,08419","0,00194","-0,99645","-0,19027","0,00728","-0,98171",,,Valid,Valid,"233,0","101,7","512,5","291,6","100,2","514,3","189,7","102,7","191,9","104,1","0,2882","0,3498","0,2850","0,3476","0,2913","0,3521",thumbnail_grossTrial,thumbnail_grossTrial.png,1245.0,1080.0,337.0,0.0,798.0,692.0,Saccade,50.0,221.0,,,,,,
30263,56274113,1400495545400,Eye Tracker,Participant0058,17.09.2021,Participant0058,Recording4,17.09.2021,17.09.2021,14:48:45.713,12:48:45.713,64514,Timeline2,Tobii I-VT (Fixation),1.145.28180,1080,1920,"10,00",724136797.0,,,725.0,358.0,720.0,355.0,730.0,361.0,"-0,06954","-0,00886","-0,99754","-0,17502","-0,00247","-0,98456","4,28","3,88",Valid,Valid,"233,1","101,7","512,5","291,6","100,2","514,3","197,4","97,1","200,2","98,9","0,3116","0,3315","0,3075","0,3285","0,3157","0,3346",thumbnail_grossTrial,thumbnail_grossTrial.png,1245.0,1080.0,337.0,0.0,798.0,692.0,Saccade,50.0,221.0,,,,,,
30264,56282544,1400495553831,Eye Tracker,Participant0058,17.09.2021,Participant0058,Recording4,17.09.2021,17.09.2021,14:48:45.713,12:48:45.713,64514,Timeline2,Tobii I-VT (Fixation),1.145.28180,1080,1920,"10,00",724145227.0,,,750.0,350.0,753.0,365.0,748.0,335.0,"-0,05227","-0,00348","-0,99863","-0,16630","-0,01654","-0,98594",,,Valid,Valid,"233,2","101,7","512,5","291,7","100,3","514,3","206,4","99,9","204,9","91,6","0,3317","0,3241","0,3338","0,3381","0,3296","0,3101",thumbnail_grossTrial,thumbnail_grossTrial.png,1245.0,1080.0,337.0,0.0,798.0,692.0,Saccade,50.0,221.0,,,,,,
30265,56290807,1400495562094,Eye Tracker,Participant0058,17.09.2021,Participant0058,Recording4,17.09.2021,17.09.2021,14:48:45.713,12:48:45.713,64514,Timeline2,Tobii I-VT (Fixation),1.145.28180,1080,1920,"10,00",724153490.0,,,762.0,355.0,767.0,356.0,757.0,353.0,"-0,04476","-0,00840","-0,99896","-0,16126","-0,00679","-0,98689",,,Valid,Valid,"233,2","101,7","512,5","291,6","100,2","514,3","210,2","97,4","207,6","96,7","0,3412","0,3284","0,3450","0,3296","0,3374","0,3272",thumbnail_grossTrial,thumbnail_grossTrial.png,1245.0,1080.0,337.0,0.0,798.0,692.0,Fixation,558.0,101.0,756.0,353.0,"0,3362","0,3267",,
30266,56299149,1400495570436,Eye Tracker,Participant0058,17.09.2021,Participant0058,Recording4,17.09.2021,17.09.2021,14:48:45.713,12:48:45.713,64514,Timeline2,Tobii I-VT (Fixation),1.145.28180,1080,1920,"10,00",724161832.0,,,761.0,354.0,765.0,353.0,757.0,354.0,"-0,04568","-0,00987","-0,99891","-0,16142","-0,00632","-0,98686","4,26","3,88",Valid,Valid,"233,2","101,7","512,6","291,6","100,2","514,3","209,7","96,6","207,5","96,9","0,3404","0,3273","0,3436","0,3269","0,3371","0,3278",thumbnail_grossTrial,thumbnail_grossTrial.png,1245.0,1080.0,337.0,0.0,798.0,692.0,Fixation,558.0,101.0,756.0,353.0,"0,3362","0,3267",,
30267,56307437,1400495578724,Eye Tracker,Participant0058,17.09.2021,Participant0058,Recording4,17.09.2021,17.09.2021,14:48:45.713,12:48:45.713,64514,Timeline2,Tobii I-VT (Fixation),1.145.28180,1080,1920,"10,00",724170120.0,,,758.0,353.0,762.0,347.0,753.0,358.0,"-0,04747","-0,01291","-0,99879","-0,16346","-0,00429","-0,98654",,,Valid,Valid,"233,2","101,7","512,6","291,7","100,3","514,3","208,9","95,1","206,5","98,0","0,3376","0,3267","0,3411","0,3218","0,3341","0,3317",thumbnail_grossTrial,thumbnail_grossTrial.png,1245.0,1080.0,337.0,0.0,798.0,692.0,Fixation,558.0,101.0,756.0,353.0,"0,3362","0,3267",,
30268,56315806,1400495587093,Eye Tracker,Participant0058,17.09.2021,Participant0058,Recording4,17.09.2021,17.09.2021,14:48:45.713,12:48:45.713,64514,Timeline2,Tobii I-VT (Fixation),1.145.28180,1080,1920,"10,00",724178488.0,,,758.0,357.0,763.0,351.0,754.0,363.0,"-0,04714","-0,01086","-0,99883","-0,16328","-0,00179","-0,98658",,,Valid,Valid,"233,2","101,7","512,7","291,7","100,2","514,3","209,0","96,1","206,6","99,3","0,3379","0,3306","0,3414","0,3252","0,3343","0,3360",thumbnail_grossTrial,thumbnail_grossTrial.png,1245.0,1080.0,337.0,0.0,798.0,692.0,Fixation,558.0,101.0,756.0,353.0,"0,3362","0,3267",,
30269,56324103,1400495595390,Eye Tracker,Participant0058,17.09.2021,Participant0058,Recording4,17.09.2021,17.09.2021,14:48:45.713,12:48:45.713,64514,Timeline2,Tobii I-VT (Fixation),1.145.28180,1080,1920,"10,00",724186785.0,,,755.0,357.0,757.0,352.0,753.0,362.0,"-0,05011","-0,01049","-0,99869","-0,16374","-0,00182","-0,98650","3,97","3,89",Valid,Valid,"233,2","101,6","512,8","291,7","100,2","514,4","207,5","96,2","206,3","99,2","0,3353","0,3306","0,3369","0,3256","0,3336","0,3356",thumbnail_grossTrial,thumbnail_grossTrial.png,1245.0,1080.0,337.0,0.0,798.0,692.0,Fixation,558.0,101.0,756.0,353.0,"0,3362","0,3267",,
30270,56332525,1400495603812,Eye Tracker,Participant0058,17.09.2021,Participant0058,Recording4,17.09.2021,17.09.2021,14:48:45.713,12:48:45.713,64514,Timeline2,Tobii I-VT (Fixation),1.145.28180,1080,1920,"10,00",724195207.0,,,756.0,355.0,757.0,350.0,754.0,360.0,"-0,05007","-0,01148","-0,99868","-0,16300","-0,00351","-0,98662",,,Valid,Valid,"233,2","101,6","512,8","291,7","100,2","514,4","207,5","95,7","206,7","98,4","0,3360","0,3284","0,3371","0,3239","0,3349","0,3329",thumbnail_grossTrial,thumbnail_grossTrial.png,1245.0,1080.0,337.0,0.0,798.0,692.0,Fixation,558.0,101.0,756.0,353.0,"0,3362","0,3267",,
30271,56340822,1400495612109,Eye Tracker,Participant0058,17.09.2021,Participant0058,Recording4,17.09.2021,17.09.2021,14:48:45.713,12:48:45.713,64514,Timeline2,Tobii I-VT (Fixation),1.145.28180,1080,1920,"10,00",724203504.0,,,762.0,356.0,761.0,372.0,764.0,340.0,"-0,04806","0,00067","-0,99884","-0,15784","-0,01366","-0,98737",,,Valid,Valid,"233,2","101,6","513,0","291,7","100,2","514,5","208,5","101,9","209,4","93,1","0,3414","0,3298","0,3399","0,3448","0,3428","0,3149",thumbnail_grossTrial,thumbnail_grossTrial.png,1245.0,1080.0,337.0,0.0,798.0,692.0,Fixation,558.0,101.0,756.0,353.0,"0,3362","0,3267",,
30272,56349187,1400495620474,Eye Tracker,Participant0058,17.09.2021,Participant0058,Recording4,17.09.2021,17.09.2021,14:48:45.713,12:48:45.713,64514,Timeline2,Tobii I-VT (Fixation),1.145.28180,1080,1920,"10,00",724211868.0,,,763.0,355.0,761.0,372.0,765.0,338.0,"-0,04770","0,00071","-0,99886","-0,15763","-0,01444","-0,98739","3,99","4,22",Valid,Valid,"233,2","101,5","513,1","291,7","100,1","514,6","208,6","101,8","209,5","92,5","0,3417","0,3288","0,3405","0,3446","0,3430","0,3131",thumbnail_grossTrial,thumbnail_grossTrial.png,1245.0,1080.0,337.0,0.0,798.0,692.0,Fixation,558.0,101.0,756.0,353.0,"0,3362","0,3267",,
30273,56357483,1400495628770,Eye Tracker,Participant0058,17.09.2021,Participant0058,Recording4,17.09.2021,17.09.2021,14:48:45.713,12:48:45.713,64514,Timeline2,Tobii I-VT (Fixation),1.145.28180,1080,1920,"10,00",724220164.0,,,760.0,351.0,761.0,373.0,759.0,329.0,"-0,04765","0,00142","-0,99886","-0,16067","-0,01920","-0,98682",,,Valid,Valid,"233,2","101,5","513,2","291,7","100,1","514,6","208,7","102,2","207,9","90,1","0,3395","0,3253","0,3406","0,3457","0,3384","0,3049",thumbnail_grossTrial,thumbnail_grossTrial.png,1245.0,1080.0,337.0,0.0,798.0,692.0,Fixation,558.0,101.0,756.0,353.0,"0,3362","0,3267",,
30274,56365810,1400495637097,Eye Tracker,Participant0058,17.09.2021,Participant0058,Recording4,17.09.2021,17.09.2021,14:48:45.713,12:48:45.713,64514,Timeline2,Tobii I-VT (Fixation),1.145.28180,1080,1920,"10,00",724228491.0,,,757.0,345.0,759.0,351.0,756.0,340.0,"-0,04858","-0,01052","-0,99876","-0,16217","-0,01345","-0,98667",,,Valid,Valid,"233,1","101,4","513,4","291,7","100,1","514,7","208,1","96,0","207,1","93,0","0,3374","0,3198","0,3390","0,3247","0,3358","0,3148",thumbnail_grossTrial,thumbnail_grossTrial.png,1245.0,1080.0,337.0,0.0,798.0,692.0,Fixation,558.0,101.0,756.0,353.0,"0,3362","0,3267",,
30275,56374130,1400495645417,Eye Tracker,Participant0058,17.09.2021,Participant0058,Recording4,17.09.2021,17.09.2021,14:48:45.713,12:48:45.713,64514,Timeline2,Tobii I-VT (Fixation),1.145.28180,1080,1920,"10,00",724236811.0,,,761.0,345.0,768.0,353.0,754.0,336.0,"-0,04426","-0,00914","-0,99898","-0,16291","-0,01521","-0,98652","4,29","3,89",Valid,Valid,"233,1","101,2","513,5","291,7","100,0","514,8","210,4","96,5","206,7","92,0","0,3400","0,3190","0,3454","0,3266","0,3347","0,3114",thumbnail_grossTrial,thumbnail_grossTrial.png,1245.0,1080.0,337.0,0.0,798.0,692.0,Fixation,558.0,101.0,756.0,353.0,"0,3362","0,3267",,
30276,56382514,1400495653801,Eye Tracker,Participant0058,17.09.2021,Participant0058,Recording4,17.09.2021,17.09.2021,14:48:45.713,12:48:45.713,64514,Timeline2,Tobii I-VT (Fixation),1.145.28180,1080,1920,"10,00",724245194.0,,,766.0,351.0,769.0,351.0,764.0,351.0,"-0,04368","-0,01027","-0,99899","-0,15806","-0,00783","-0,98740",,,Valid,Valid,"233,1","101,3","513,6","291,7","100,0","514,9","210,7","96,0","209,3","95,9","0,3444","0,3247","0,3464","0,3248","0,3423","0,3246",thumbnail_grossTrial,thumbnail_grossTrial.png,1245.0,1080.0,337.0,0.0,798.0,692.0,Fixation,558.0,101.0,756.0,353.0,"0,3362","0,3267",,
30277,56390779,1400495662066,Eye Tracker,Participant0058,17.09.2021,Participant0058,Recording4,17.09.2021,17.09.2021,14:48:45.713,12:48:45.713,64514,Timeline2,Tobii I-VT (Fixation),1.145.28180,1080,1920,"10,00",724253459.0,,,767.0,355.0,769.0,350.0,766.0,360.0,"-0,04346","-0,01075","-0,99900","-0,15692","-0,00263","-0,98761",,,Valid,Valid,"233,1","101,2","513,8","291,7","100,0","514,9","210,7","95,7","209,8","98,6","0,3452","0,3286","0,3465","0,3237","0,3440","0,3336",thumbnail_grossTrial,thumbnail_grossTrial.png,1245.0,1080.0,337.0,0.0,798.0,692.0,Fixation,558.0,101.0,756.0,353.0,"0,3362","0,3267",,
30278,56399128,1400495670415,Eye Tracker,Participant0058,17.09.2021,Participant0058,Recording4,17.09.2021,17.09.2021,14:48:45.713,12:48:45.713,64514,Timeline2,Tobii I-VT (Fixation),1.145.28180,1080,1920,"10,00",724261808.0,,,767.0,359.0,766.0,354.0,767.0,363.0,"-0,04492","-0,00818","-0,99896","-0,15605","-0,00082","-0,98775","4,17","3,90",Valid,Valid,"233,1","101,1","513,9","291,7","99,9","515,0","210,0","96,9","210,3","99,4","0,3448","0,3321","0,3443","0,3277","0,3453","0,3364",thumbnail_grossTrial,thumbnail_grossTrial.png,1245.0,1080.0,337.0,0.0,798.0,692.0,Fixation,558.0,101.0,756.0,353.0,"0,3362","0,3267",,
30279,56407430,1400495678717,Eye Tracker,Participant0058,17.09.2021,Participant0058,Recording4,17.09.2021,17.09.2021,14:48:45.713,12:48:45.713,64514,Timeline2,Tobii I-VT (Fixation),1.145.28180,1080,1920,"10,00",724270110.0,,,762.0,356.0,763.0,353.0,761.0,359.0,"-0,04640","-0,00853","-0,99889","-0,15940","-0,00325","-0,98721",,,Valid,Valid,"233,1","101,1","514,0","291,7","99,9","515,0","209,2","96,7","208,6","98,2","0,3412","0,3298","0,3422","0,3273","0,3402","0,3324",thumbnail_grossTrial,thumbnail_grossTrial.png,1245.0,1080.0,337.0,0.0,798.0,692.0,Fixation,558.0,101.0,756.0,353.0,"0,3362","0,3267",,
30280,56415775,1400495687062,Eye Tracker,Participant0058,17.09.2021,Participant0058,Recording4,17.09.2021,17.09.2021,14:48:45.713,12:48:45.713,64514,Timeline2,Tobii I-VT (Fixation),1.145.28180,1080,1920,"10,00",724278454.0,,,761.0,368.0,763.0,370.0,760.0,367.0,"-0,04656","0,00018","-0,99892","-0,15993","0,00089","-0,98713",,,Valid,Valid,"233,1","101,1","514,1","291,7","99,9","515,1","209,1","101,2","208,2","100,4","0,3405","0,3409","0,3418","0,3423","0,3392","0,3396",thumbnail_grossTrial,thumbnail_grossTrial.png,1245.0,1080.0,337.0,0.0,798.0,692.0,Fixation,558.0,101.0,756.0,353.0,"0,3362","0,3267",,
30281,56424105,1400495695392,Eye Tracker,Participant0058,17.09.2021,Participant0058,Recording4,17.09.2021,17.09.2021,14:48:45.713,12:48:45.713,64514,Timeline2,Tobii I-VT (Fixation),1.145.28180,1080,1920,"10,00",724286784.0,,,762.0,367.0,766.0,368.0,758.0,366.0,"-0,04490","-0,00061","-0,99899","-0,16093","0,00053","-0,98697","4,31","3,91",Valid,Valid,"233,1","101,0","514,2","291,7","99,8","515,2","210,0","100,7","207,7","100,1","0,3410","0,3396","0,3443","0,3406","0,3378","0,3387",thumbnail_grossTrial,thumbnail_grossTrial.png,1245.0,1080.0,337.0,0.0,798.0,692.0,Fixation,558.0,101.0,756.0,353.0,"0,3362","0,3267",,
30282,56432475,1400495703762,Eye Tracker,Participant0058,17.09.2021,Participant0058,Recording4,17.09.2021,17.09.2021,14:48:45.713,12:48:45.713,64514,Timeline2,Tobii I-VT (Fixation),1.145.28180,1080,1920,"10,00",724295154.0,,,761.0,363.0,769.0,372.0,753.0,355.0,"-0,04359","0,00142","-0,99905","-0,16366","-0,00544","-0,98650",,,Valid,Valid,"233,1","101,1","514,2","291,8","99,9","515,1","210,7","101,8","206,3","97,1","0,3400","0,3364","0,3464","0,3444","0,3336","0,3284",thumbnail_grossTrial,thumbnail_grossTrial.png,1245.0,1080.0,337.0,0.0,798.0,692.0,Fixation,558.0,101.0,756.0,353.0,"0,3362","0,3267",,
30283,56440804,1400495712091,Eye Tracker,Participant0058,17.09.2021,Participant0058,Recording4,17.09.2021,17.09.2021,14:48:45.713,12:48:45.713,64514,Timeline2,Tobii I-VT (Fixation),1.145.28180,1080,1920,"10,00",724303483.0,,,760.0,343.0,769.0,354.0,751.0,332.0,"-0,04350","-0,00788","-0,99902","-0,16423","-0,01716","-0,98627",,,Valid,Valid,"233,1","101,0","514,3","291,7","99,9","515,2","210,7","97,0","205,9","90,9","0,3394","0,3179","0,3464","0,3282","0,3325","0,3076",thumbnail_grossTrial,thumbnail_grossTrial.png,1245.0,1080.0,337.0,0.0,798.0,692.0,Fixation,558.0,101.0,756.0,353.0,"0,3362","0,3267",,
30284,56449124,1400495720411,Eye Tracker,Participant0058,17.09.2021,Participant0058,Recording4,17.09.2021,17.09.2021,14:48:45.713,12:48:45.713,64514,Timeline2,Tobii I-VT (Fixation),1.145.28180,1080,1920,"10,00",724311802.0,,,758.0,345.0,761.0,356.0,755.0,334.0,"-0,04754","-0,00703","-0,99884","-0,16246","-0,01630","-0,98658","4,01","3,90",Valid,Valid,"233,1","101,0","514,3","291,7","99,8","515,3","208,6","97,3","206,9","91,3","0,3378","0,3191","0,3403","0,3294","0,3353","0,3088",thumbnail_grossTrial,thumbnail_grossTrial.png,1245.0,1080.0,337.0,0.0,798.0,692.0,Fixation,558.0,101.0,756.0,353.0,"0,3362","0,3267",,
30285,56457485,1400495728772,Eye Tracker,Participant0058,17.09.2021,Participant0058,Recording4,17.09.2021,17.09.2021,14:48:45.713,12:48:45.713,64514,Timeline2,Tobii I-VT (Fixation),1.145.28180,1080,1920,"10,00",724320163.0,,,751.0,346.0,749.0,347.0,753.0,344.0,"-0,05402","-0,01189","-0,99847","-0,16354","-0,01089","-0,98648",,,Valid,Valid,"233,1","101,1","514,3","291,8","99,9","515,2","205,3","94,9","206,4","94,2","0,3322","0,3200","0,3307","0,3212","0,3337","0,3187",thumbnail_grossTrial,thumbnail_grossTrial.png,1245.0,1080.0,337.0,0.0,798.0,692.0,Fixation,558.0,101.0,756.0,353.0,"0,3362","0,3267",,
30286,56465847,1400495737134,Eye Tracker,Participant0058,17.09.2021,Participant0058,Recording4,17.09.2021,17.09.2021,14:48:45.713,12:48:45.713,64514,Timeline2,Tobii I-VT (Fixation),1.145.28180,1080,1920,"10,00",724328525.0,,,751.0,341.0,748.0,347.0,754.0,336.0,"-0,05461","-0,01194","-0,99844","-0,16280","-0,01533","-0,98654",,,Valid,Valid,"233,1","101,0","514,3","291,7","99,9","515,3","204,9","94,9","206,7","91,9","0,3322","0,3159","0,3296","0,3211","0,3347","0,3108",thumbnail_grossTrial,thumbnail_grossTrial.png,1245.0,1080.0,337.0,0.0,798.0,692.0,Fixation,558.0,101.0,756.0,353.0,"0,3362","0,3267",,
30287,56474148,1400495745435,Eye Tracker,Participant0058,17.09.2021,Participant0058,Recording4,17.09.2021,17.09.2021,14:48:45.713,12:48:45.713,64514,Timeline2,Tobii I-VT (Fixation),1.145.28180,1080,1920,"10,00",724336825.0,,,750.0,346.0,748.0,353.0,751.0,338.0,"-0,05426","-0,00851","-0,99849","-0,16454","-0,01376","-0,98627","4,01","4,33",Valid,Valid,"233,1","101,0","514,3","291,8","99,8","515,4","205,1","96,6","205,8","92,6","0,3311","0,3201","0,3301","0,3268","0,3321","0,3134",thumbnail_grossTrial,thumbnail_grossTrial.png,1245.0,1080.0,337.0,0.0,798.0,692.0,Fixation,558.0,101.0,756.0,353.0,"0,3362","0,3267",,
30288,56482458,1400495753745,Eye Tracker,Participant0058,17.09.2021,Participant0058,Recording4,17.09.2021,17.09.2021,14:48:45.713,12:48:45.713,64514,Timeline2,Tobii I-VT (Fixation),1.145.28180,1080,1920,"10,00",724345135.0,,,757.0,351.0,758.0,362.0,755.0,339.0,"-0,04936","-0,00376","-0,99877","-0,16235","-0,01348","-0,98664",,,Valid,Valid,"233,1","101,1","514,3","291,8","99,8","515,3","207,7","99,1","207,0","92,8","0,3367","0,3246","0,3377","0,3353","0,3356","0,3140",thumbnail_grossTrial,thumbnail_grossTrial.png,1245.0,1080.0,337.0,0.0,798.0,692.0,Fixation,558.0,101.0,756.0,353.0,"0,3362","0,3267",,
30289,56490788,1400495762075,Eye Tracker,Participant0058,17.09.2021,Participant0058,Recording4,17.09.2021,17.09.2021,14:48:45.713,12:48:45.713,64514,Timeline2,Tobii I-VT (Fixation),1.145.28180,1080,1920,"10,00",724353465.0,,,756.0,348.0,758.0,356.0,755.0,340.0,"-0,04928","-0,00688","-0,99876","-0,16261","-0,01300","-0,98660",,,Valid,Valid,"233,1","101,0","514,3","291,7","99,8","515,4","207,7","97,5","206,8","93,0","0,3363","0,3222","0,3377","0,3298","0,3350","0,3146",thumbnail_grossTrial,thumbnail_grossTrial.png,1245.0,1080.0,337.0,0.0,798.0,692.0,Fixation,558.0,101.0,756.0,353.0,"0,3362","0,3267",,
30290,56499151,1400495770438,Eye Tracker,Participant0058,17.09.2021,Participant0058,Recording4,17.09.2021,17.09.2021,14:48:45.713,12:48:45.713,64514,Timeline2,Tobii I-VT (Fixation),1.145.28180,1080,1920,"10,00",724361828.0,,,761.0,350.0,765.0,355.0,756.0,344.0,"-0,04544","-0,00747","-0,99894","-0,16173","-0,01036","-0,98678","4,29","3,91",Valid,Valid,"233,1","100,9","514,3","291,7","99,7","515,4","209,7","97,1","207,3","94,2","0,3400","0,3237","0,3435","0,3285","0,3364","0,3189",thumbnail_grossTrial,thumbnail_grossTrial.png,1245.0,1080.0,337.0,0.0,798.0,692.0,Fixation,558.0,101.0,756.0,353.0,"0,3362","0,3267",,
30291,56507450,1400495778737,Eye Tracker,Participant0058,17.09.2021,Participant0058,Recording4,17.09.2021,17.09.2021,14:48:45.713,12:48:45.713,64514,Timeline2,Tobii I-VT (Fixation),1.145.28180,1080,1920,"10,00",724370126.0,,,756.0,349.0,760.0,353.0,752.0,346.0,"-0,04810","-0,00861","-0,99881","-0,16377","-0,00984","-0,98645",,,Valid,Valid,"233,1","101,0","514,3","291,8","99,7","515,4","208,4","96,6","206,2","94,6","0,3365","0,3234","0,3396","0,3267","0,3334","0,3201",thumbnail_grossTrial,thumbnail_grossTrial.png,1245.0,1080.0,337.0,0.0,798.0,692.0,Fixation,558.0,101.0,756.0,353.0,"0,3362","0,3267",,
30292,56515787,1400495787074,Eye Tracker,Participant0058,17.09.2021,Participant0058,Recording4,17.09.2021,17.09.2021,14:48:45.713,12:48:45.713,64514,Timeline2,Tobii I-VT (Fixation),1.145.28180,1080,1920,"10,00",724378463.0,,,755.0,354.0,757.0,358.0,754.0,350.0,"-0,04971","-0,00572","-0,99875","-0,16294","-0,00772","-0,98661",,,Valid,Valid,"233,1","101,0","514,3","291,7","99,7","515,5","207,5","98,0","206,6","95,7","0,3358","0,3277","0,3370","0,3317","0,3345","0,3237",thumbnail_grossTrial,thumbnail_grossTrial.png,1245.0,1080.0,337.0,0.0,798.0,692.0,Fixation,558.0,101.0,756.0,353.0,"0,3362","0,3267",,
30293,56524124,1400495795411,Eye Tracker,Participant0058,17.09.2021,Participant0058,Recording4,17.09.2021,17.09.2021,14:48:45.713,12:48:45.713,64514,Timeline2,Tobii I-VT (Fixation),1.145.28180,1080,1920,"10,00",724386800.0,,,759.0,358.0,764.0,363.0,754.0,354.0,"-0,04574","-0,00311","-0,99895","-0,16283","-0,00514","-0,98664","4,20","3,91",Valid,Valid,"233,0","100,8","514,3","291,8","99,6","515,5","209,5","99,2","206,7","96,9","0,3388","0,3318","0,3429","0,3357","0,3347","0,3279",thumbnail_grossTrial,thumbnail_grossTrial.png,1245.0,1080.0,337.0,0.0,798.0,692.0,Fixation,558.0,101.0,756.0,353.0,"0,3362","0,3267",,
30294,56532473,1400495803760,Eye Tracker,Participant0058,17.09.2021,Participant0058,Recording4,17.09.2021,17.09.2021,14:48:45.713,12:48:45.713,64514,Timeline2,Tobii I-VT (Fixation),1.145.28180,1080,1920,"10,00",724395149.0,,,756.0,349.0,760.0,353.0,752.0,346.0,"-0,04816","-0,00856","-0,99880","-0,16406","-0,00966","-0,98640",,,Valid,Valid,"233,1","101,0","514,2","291,8","99,7","515,4","208,3","96,6","206,1","94,6","0,3362","0,3234","0,3395","0,3267","0,3329","0,3202",thumbnail_grossTrial,thumbnail_grossTrial.png,1245.0,1080.0,337.0,0.0,798.0,692.0,Fixation,558.0,101.0,756.0,353.0,"0,3362","0,3267",,
30295,56540755,1400495812042,Eye Tracker,Participant0058,17.09.2021,Participant0058,Recording4,17.09.2021,17.09.2021,14:48:45.713,12:48:45.713,64514,Timeline2,Tobii I-VT (Fixation),1.145.28180,1080,1920,"10,00",724403430.0,,,758.0,348.0,765.0,354.0,750.0,341.0,"-0,04515","-0,00798","-0,99895","-0,16479","-0,01194","-0,98626",,,Valid,Valid,"233,0","100,9","514,3","291,7","99,7","515,4","209,8","96,8","205,6","93,4","0,3377","0,3218","0,3438","0,3276","0,3315","0,3161",thumbnail_grossTrial,thumbnail_grossTrial.png,1245.0,1080.0,337.0,0.0,798.0,692.0,Fixation,558.0,101.0,756.0,353.0,"0,3362","0,3267",,
30296,56549115,1400495820402,Eye Tracker,Participant0058,17.09.2021,Participant0058,Recording4,17.09.2021,17.09.2021,14:48:45.713,12:48:45.713,64514,Timeline2,Tobii I-VT (Fixation),1.145.28180,1080,1920,"10,00",724411790.0,,,752.0,338.0,756.0,356.0,747.0,320.0,"-0,04988","-0,00638","-0,99874","-0,16619","-0,02286","-0,98583","4,01","3,91",Valid,Valid,"233,0","100,8","514,3","291,7","99,6","515,5","207,3","97,5","204,8","87,7","0,3329","0,3133","0,3366","0,3299","0,3293","0,2967",thumbnail_grossTrial,thumbnail_grossTrial.png,1245.0,1080.0,337.0,0.0,798.0,692.0,Fixation,558.0,101.0,756.0,353.0,"0,3362","0,3267",,
30297,56557449,1400495828736,Eye Tracker,Participant0058,17.09.2021,Participant0058,Recording4,17.09.2021,17.09.2021,14:48:45.713,12:48:45.713,64514,Timeline2,Tobii I-VT (Fixation),1.145.28180,1080,1920,"10,00",724420124.0,,,760.0,348.0,761.0,366.0,759.0,330.0,"-0,04741","-0,00174","-0,99887","-0,16026","-0,01793","-0,98691",,,Valid,Valid,"233,1","101,0","514,3","291,8","99,7","515,4","208,7","100,1","208,1","90,3","0,3397","0,3221","0,3406","0,3386","0,3387","0,3056",thumbnail_grossTrial,thumbnail_grossTrial.png,1245.0,1080.0,337.0,0.0,798.0,692.0,Fixation,558.0,101.0,756.0,353.0,"0,3362","0,3267",,
30298,56565804,1400495837091,Eye Tracker,Participant0058,17.09.2021,Participant0058,Recording4,17.09.2021,17.09.2021,14:48:45.713,12:48:45.713,64514,Timeline2,Tobii I-VT (Fixation),1.145.28180,1080,1920,"10,00",724428479.0,,,760.0,351.0,760.0,374.0,760.0,329.0,"-0,04812","0,00259","-0,99884","-0,15966","-0,01856","-0,98700",,,Valid,Valid,"233,0","101,0","514,3","291,7","99,7","515,4","208,3","102,3","208,3","90,0","0,3394","0,3254","0,3393","0,3461","0,3394","0,3046",thumbnail_grossTrial,thumbnail_grossTrial.png,1245.0,1080.0,337.0,0.0,798.0,692.0,Fixation,558.0,101.0,756.0,353.0,"0,3362","0,3267",,
30299,56574120,1400495845407,Eye Tracker,Participant0058,17.09.2021,Participant0058,Recording4,17.09.2021,17.09.2021,14:48:45.713,12:48:45.713,64514,Timeline2,Tobii I-VT (Fixation),1.145.28180,1080,1920,"10,00",724436794.0,,,776.0,353.0,788.0,364.0,764.0,342.0,"-0,03328","-0,00241","-0,99944","-0,15779","-0,01177","-0,98740","4,34","3,96",Valid,Valid,"233,0","100,9","514,4","291,7","99,6","515,4","215,9","99,7","209,3","93,5","0,3521","0,3268","0,3617","0,3373","0,3424","0,3163",thumbnail_grossTrial,thumbnail_grossTrial.png,1245.0,1080.0,337.0,0.0,798.0,692.0,Fixation,558.0,101.0,756.0,353.0,"0,3362","0,3267",,
30300,56582457,1400495853744,Eye Tracker,Participant0058,17.09.2021,Participant0058,Recording4,17.09.2021,17.09.2021,14:48:45.713,12:48:45.713,64514,Timeline2,Tobii I-VT (Fixation),1.145.28180,1080,1920,"10,00",724445131.0,,,776.0,356.0,788.0,364.0,765.0,347.0,"-0,03336","-0,00255","-0,99944","-0,15738","-0,00903","-0,98750",,,Valid,Valid,"233,1","101,0","514,3","291,7","99,8","515,4","215,9","99,7","209,6","95,0","0,3525","0,3295","0,3617","0,3373","0,3432","0,3216",thumbnail_grossTrial,thumbnail_grossTrial.png,1245.0,1080.0,337.0,0.0,798.0,692.0,Fixation,558.0,101.0,756.0,353.0,"0,3362","0,3267",,
30301,56590824,1400495862111,Eye Tracker,Participant0058,17.09.2021,Participant0058,Recording4,17.09.2021,17.09.2021,14:48:45.713,12:48:45.713,64514,Timeline2,Tobii I-VT (Fixation),1.145.28180,1080,1920,"10,00",724453498.0,,,775.0,359.0,785.0,369.0,766.0,349.0,"-0,03494","0,00017","-0,99939","-0,15682","-0,00806","-0,98759",,,Valid,Valid,"233,0","101,0","514,3","291,7","99,8","515,4","215,0","101,1","209,8","95,6","0,3515","0,3327","0,3592","0,3420","0,3439","0,3233",thumbnail_grossTrial,thumbnail_grossTrial.png,1245.0,1080.0,337.0,0.0,798.0,692.0,Fixation,558.0,101.0,756.0,353.0,"0,3362","0,3267",,
30302,56599112,1400495870399,Eye Tracker,Participant0058,17.09.2021,Participant0058,Recording4,17.09.2021,17.09.2021,14:48:45.713,12:48:45.713,64514,Timeline2,Tobii I-VT (Fixation),1.145.28180,1080,1920,"10,00",724461786.0,,,777.0,370.0,787.0,388.0,767.0,353.0,"-0,03380","0,01011","-0,99938","-0,15632","-0,00596","-0,98769","4,33","4,32",Valid,Valid,"233,0","101,0","514,4","291,7","99,7","515,4","215,6","106,2","210,1","96,6","0,3528","0,3430","0,3609","0,3592","0,3447","0,3268",thumbnail_grossTrial,thumbnail_grossTrial.png,1245.0,1080.0,337.0,0.0,798.0,692.0,Fixation,558.0,101.0,756.0,353.0,"0,3362","0,3267",,
30303,56607414,1400495878701,Eye Tracker,Participant0058,17.09.2021,Participant0058,Recording4,17.09.2021,17.09.2021,14:48:45.713,12:48:45.713,64514,Timeline2,Tobii I-VT (Fixation),1.145.28180,1080,1920,"10,00",724470087.0,,,766.0,360.0,764.0,372.0,767.0,349.0,"-0,04584","0,00153","-0,99895","-0,15636","-0,00847","-0,98766",,,Valid,Valid,"233,1","101,1","514,3","291,7","99,8","515,4","209,5","101,9","210,1","95,4","0,3438","0,3337","0,3429","0,3447","0,3448","0,3228",thumbnail_grossTrial,thumbnail_grossTrial.png,1245.0,1080.0,337.0,0.0,798.0,692.0,Fixation,558.0,101.0,756.0,353.0,"0,3362","0,3267",,
30304,56615849,1400495887136,Eye Tracker,Participant0058,17.09.2021,Participant0058,Recording4,17.09.2021,17.09.2021,14:48:45.713,12:48:45.713,64514,Timeline2,Tobii I-VT (Fixation),1.145.28180,1080,1920,"10,00",724478522.0,,,761.0,363.0,761.0,367.0,762.0,358.0,"-0,04761","-0,00116","-0,99887","-0,15889","-0,00342","-0,98729",,,Valid,Valid,"233,0","101,1","514,3","291,7","99,8","515,4","208,5","100,5","208,7","98,0","0,3403","0,3358","0,3400","0,3399","0,3406","0,3316",thumbnail_grossTrial,thumbnail_grossTrial.png,1245.0,1080.0,337.0,0.0,798.0,692.0,Fixation,558.0,101.0,756.0,353.0,"0,3362","0,3267",,
30305,56624080,1400495895367,Eye Tracker,Participant0058,17.09.2021,Participant0058,Recording4,17.09.2021,17.09.2021,14:48:45.713,12:48:45.713,64514,Timeline2,Tobii I-VT (Fixation),1.145.28180,1080,1920,"10,00",724486753.0,,,753.0,361.0,749.0,368.0,758.0,355.0,"-0,05395","-0,00086","-0,99854","-0,16073","-0,00499","-0,98699","4,29","4,20",Valid,Valid,"233,0","101,0","514,3","291,7","99,7","515,4","205,2","100,6","207,7","97,1","0,3341","0,3345","0,3304","0,3403","0,3377","0,3286",thumbnail_grossTrial,thumbnail_grossTrial.png,1245.0,1080.0,337.0,0.0,798.0,692.0,Fixation,558.0,101.0,756.0,353.0,"0,3362","0,3267",,
30306,56632456,1400495903743,Eye Tracker,Participant0058,17.09.2021,Participant0058,Recording4,17.09.2021,17.09.2021,14:48:45.713,12:48:45.713,64514,Timeline2,Tobii I-VT (Fixation),1.145.28180,1080,1920,"10,00",724495128.0,,,753.0,362.0,749.0,366.0,756.0,359.0,"-0,05396","-0,00198","-0,99854","-0,16177","-0,00321","-0,98682",,,Valid,Valid,"233,1","101,1","514,2","291,7","99,9","515,3","205,3","100,1","207,2","98,2","0,3335","0,3355","0,3306","0,3388","0,3363","0,3322",thumbnail_grossTrial,thumbnail_grossTrial.png,1245.0,1080.0,337.0,0.0,798.0,692.0,Fixation,558.0,101.0,756.0,353.0,"0,3362","0,3267",,
30307,56640780,1400495912067,Eye Tracker,Participant0058,17.09.2021,Participant0058,Recording4,17.09.2021,17.09.2021,14:48:45.713,12:48:45.713,64514,Timeline2,Tobii I-VT (Fixation),1.145.28180,1080,1920,"10,00",724503452.0,,,751.0,355.0,747.0,355.0,755.0,355.0,"-0,05511","-0,00782","-0,99845","-0,16229","-0,00511","-0,98673",,,Valid,Valid,"233,0","101,1","514,2","291,7","99,8","515,3","204,7","97,1","206,9","97,2","0,3321","0,3286","0,3288","0,3285","0,3354","0,3288",thumbnail_grossTrial,thumbnail_grossTrial.png,1245.0,1080.0,337.0,0.0,798.0,692.0,Fixation,558.0,101.0,756.0,353.0,"0,3362","0,3267",,
30308,56649102,1400495920389,Eye Tracker,Participant0058,17.09.2021,Participant0058,Recording4,17.09.2021,17.09.2021,14:48:45.713,12:48:45.713,64514,Timeline2,Tobii I-VT (Fixation),1.145.28180,1080,1920,"10,00",724511774.0,,,754.0,352.0,752.0,353.0,756.0,352.0,"-0,05213","-0,00872","-0,99860","-0,16167","-0,00679","-0,98682","4,31","3,93",Valid,Valid,"233,0","101,0","514,2","291,7","99,8","515,3","206,2","96,5","207,3","96,2","0,3348","0,3261","0,3333","0,3266","0,3364","0,3256",thumbnail_grossTrial,thumbnail_grossTrial.png,1245.0,1080.0,337.0,0.0,798.0,692.0,Fixation,558.0,101.0,756.0,353.0,"0,3362","0,3267",,
30309,56657416,1400495928703,Eye Tracker,Participant0058,17.09.2021,Participant0058,Recording4,17.09.2021,17.09.2021,14:48:45.713,12:48:45.713,64514,Timeline2,Tobii I-VT (Fixation),1.145.28180,1080,1920,"10,00",724520088.0,,,751.0,348.0,750.0,351.0,752.0,345.0,"-0,05368","-0,00963","-0,99851","-0,16388","-0,01030","-0,98643",,,Valid,Valid,"233,1","101,1","514,2","291,7","99,9","515,2","205,4","96,2","206,1","94,5","0,3321","0,3226","0,3311","0,3254","0,3331","0,3198",thumbnail_grossTrial,thumbnail_grossTrial.png,1245.0,1080.0,337.0,0.0,798.0,692.0,Fixation,558.0,101.0,756.0,353.0,"0,3362","0,3267",,
30310,56665836,1400495937123,Eye Tracker,Participant0058,17.09.2021,Participant0058,Recording4,17.09.2021,17.09.2021,14:48:45.713,12:48:45.713,64514,Timeline2,Tobii I-VT (Fixation),1.145.28180,1080,1920,"10,00",724528507.0,,,763.0,369.0,773.0,387.0,753.0,351.0,"-0,04112","0,00939","-0,99911","-0,16339","-0,00714","-0,98654",,,Valid,Valid,"233,0","101,1","514,2","291,6","99,9","515,1","211,9","105,9","206,3","96,2","0,3418","0,3419","0,3499","0,3584","0,3337","0,3254",thumbnail_grossTrial,thumbnail_grossTrial.png,1245.0,1080.0,337.0,0.0,798.0,692.0,Fixation,558.0,101.0,756.0,353.0,"0,3362","0,3267",,
30311,56674075,1400495945362,Eye Tracker,Participant0058,17.09.2021,Participant0058,Recording4,17.09.2021,17.09.2021,14:48:45.713,12:48:45.713,64514,Timeline2,Tobii I-VT (Fixation),1.145.28180,1080,1920,"10,00",724536746.0,,,751.0,353.0,751.0,360.0,751.0,346.0,"-0,05289","-0,00513","-0,99859","-0,16460","-0,01015","-0,98631","4,36","3,97",Valid,Valid,"233,1","101,0","514,3","291,7","99,9","515,1","205,8","98,4","205,7","94,6","0,3320","0,3265","0,3322","0,3329","0,3319","0,3200",thumbnail_grossTrial,thumbnail_grossTrial.png,1245.0,1080.0,337.0,0.0,798.0,692.0,Fixation,558.0,101.0,756.0,353.0,"0,3362","0,3267",,
30312,56682437,1400495953724,Eye Tracker,Participant0058,17.09.2021,Participant0058,Recording4,17.09.2021,17.09.2021,14:48:45.713,12:48:45.713,64514,Timeline2,Tobii I-VT (Fixation),1.145.28180,1080,1920,"10,00",724545108.0,,,753.0,355.0,754.0,364.0,752.0,345.0,"-0,05142","-0,00264","-0,99867","-0,16403","-0,01057","-0,98640",,,Valid,Valid,"233,1","101,1","514,3","291,7","100,0","514,9","206,6","99,7","206,1","94,5","0,3337","0,3285","0,3345","0,3373","0,3329","0,3196",thumbnail_grossTrial,thumbnail_grossTrial.png,1245.0,1080.0,337.0,0.0,798.0,692.0,Fixation,558.0,101.0,756.0,353.0,"0,3362","0,3267",,
30313,56690744,1400495962031,Eye Tracker,Participant0058,17.09.2021,Participant0058,Recording4,17.09.2021,17.09.2021,14:48:45.713,12:48:45.713,64514,Timeline2,Tobii I-VT (Fixation),1.145.28180,1080,1920,"10,00",724553415.0,,,750.0,349.0,747.0,358.0,753.0,341.0,"-0,05498","-0,00601","-0,99847","-0,16353","-0,01285","-0,98646",,,Valid,Valid,"233,0","101,0","514,3","291,6","100,0","514,8","204,7","97,9","206,3","93,3","0,3312","0,3234","0,3289","0,3313","0,3335","0,3156",thumbnail_grossTrial,thumbnail_grossTrial.png,1245.0,1080.0,337.0,0.0,798.0,692.0,Fixation,558.0,101.0,756.0,353.0,"0,3362","0,3267",,
30314,56699105,1400495970392,Eye Tracker,Participant0058,17.09.2021,Participant0058,Recording4,17.09.2021,17.09.2021,14:48:45.713,12:48:45.713,64514,Timeline2,Tobii I-VT (Fixation),1.145.28180,1080,1920,"10,00",724561775.0,,,759.0,347.0,762.0,348.0,755.0,346.0,"-0,04674","-0,01073","-0,99885","-0,16227","-0,00990","-0,98670","4,37","3,98",Valid,Valid,"233,0","100,9","514,4","291,6","99,9","514,7","208,9","95,4","207,0","94,8","0,3384","0,3216","0,3413","0,3226","0,3355","0,3206",thumbnail_grossTrial,thumbnail_grossTrial.png,1245.0,1080.0,337.0,0.0,798.0,692.0,Fixation,558.0,101.0,756.0,353.0,"0,3362","0,3267",,
30315,56707442,1400495978729,Eye Tracker,Participant0058,17.09.2021,Participant0058,Recording4,17.09.2021,17.09.2021,14:48:45.713,12:48:45.713,64514,Timeline2,Tobii I-VT (Fixation),1.145.28180,1080,1920,"10,00",724570112.0,,,756.0,347.0,758.0,348.0,754.0,345.0,"-0,04913","-0,01101","-0,99873","-0,16294","-0,01079","-0,98658",,,Valid,Valid,"233,1","100,9","514,4","291,7","100,1","514,6","207,8","95,3","206,7","94,4","0,3363","0,3209","0,3378","0,3223","0,3347","0,3195",thumbnail_grossTrial,thumbnail_grossTrial.png,1245.0,1080.0,337.0,0.0,798.0,692.0,Fixation,558.0,101.0,756.0,353.0,"0,3362","0,3267",,
30316,56715819,1400495987106,Eye Tracker,Participant0058,17.09.2021,Participant0058,Recording4,17.09.2021,17.09.2021,14:48:45.713,12:48:45.713,64514,Timeline2,Tobii I-VT (Fixation),1.145.28180,1080,1920,"10,00",724578489.0,,,750.0,359.0,752.0,357.0,749.0,362.0,"-0,05218","-0,00633","-0,99862","-0,16569","-0,00182","-0,98618",,,Valid,Valid,"233,0","100,9","514,5","291,6","100,1","514,5","206,1","97,6","205,2","99,1","0,3316","0,3329","0,3330","0,3303","0,3302","0,3354",thumbnail_grossTrial,thumbnail_grossTrial.png,1245.0,1080.0,337.0,0.0,798.0,692.0,Fixation,558.0,101.0,756.0,353.0,"0,3362","0,3267",,
30317,56724097,1400495995384,Eye Tracker,Participant0058,17.09.2021,Participant0058,Recording4,17.09.2021,17.09.2021,14:48:45.713,12:48:45.713,64514,Timeline2,Tobii I-VT (Fixation),1.145.28180,1080,1920,"10,00",724586767.0,,,751.0,357.0,752.0,351.0,749.0,363.0,"-0,05232","-0,00940","-0,99859","-0,16532","-0,00124","-0,98624","4,36","3,98",Valid,Valid,"233,0","100,8","514,6","291,6","100,1","514,3","206,0","95,9","205,4","99,4","0,3318","0,3304","0,3328","0,3246","0,3308","0,3363",thumbnail_grossTrial,thumbnail_grossTrial.png,1245.0,1080.0,337.0,0.0,798.0,692.0,Fixation,558.0,101.0,756.0,353.0,"0,3362","0,3267",,
30318,56732434,1400496003721,Eye Tracker,Participant0058,17.09.2021,Participant0058,Recording4,17.09.2021,17.09.2021,14:48:45.713,12:48:45.713,64514,Timeline2,Tobii I-VT (Fixation),1.145.28180,1080,1920,"10,00",724595103.0,,,742.0,351.0,745.0,338.0,739.0,365.0,"-0,05613","-0,01609","-0,99829","-0,17073","-0,00073","-0,98532",,,Valid,Valid,"233,1","100,8","514,7","291,6","100,2","514,1","204,1","92,5","202,5","99,8","0,3248","0,3254","0,3272","0,3131","0,3225","0,3378",thumbnail_grossTrial,thumbnail_grossTrial.png,1245.0,1080.0,337.0,0.0,798.0,692.0,Fixation,558.0,101.0,756.0,353.0,"0,3362","0,3267",,
30319,56740738,1400496012025,Eye Tracker,Participant0058,17.09.2021,Participant0058,Recording4,17.09.2021,17.09.2021,14:48:45.713,12:48:45.713,64514,Timeline2,Tobii I-VT (Fixation),1.145.28180,1080,1920,"10,00",724603407.0,,,741.0,345.0,743.0,339.0,739.0,350.0,"-0,05681","-0,01546","-0,99827","-0,17064","-0,00859","-0,98530",,,Valid,Valid,"233,0","100,8","514,8","291,6","100,3","514,0","203,7","92,8","202,5","95,8","0,3243","0,3190","0,3260","0,3140","0,3226","0,3241",thumbnail_grossTrial,thumbnail_grossTrial.png,1245.0,1080.0,337.0,0.0,798.0,692.0,Fixation,558.0,101.0,756.0,353.0,"0,3362","0,3267",,
30320,56749096,1400496020383,Eye Tracker,Participant0058,17.09.2021,Participant0058,Recording4,17.09.2021,17.09.2021,14:48:45.713,12:48:45.713,64514,Timeline2,Tobii I-VT (Fixation),1.145.28180,1080,1920,"10,00",724611765.0,,,740.0,347.0,743.0,342.0,737.0,352.0,"-0,05710","-0,01370","-0,99827","-0,17153","-0,00744","-0,98515","4,29","3,98",Valid,Valid,"233,0","100,7","514,9","291,6","100,2","513,9","203,6","93,6","202,1","96,3","0,3234","0,3213","0,3255","0,3167","0,3212","0,3260",thumbnail_grossTrial,thumbnail_grossTrial.png,1245.0,1080.0,337.0,0.0,798.0,692.0,Fixation,558.0,101.0,756.0,353.0,"0,3362","0,3267",,
30321,56757434,1400496028721,Eye Tracker,Participant0058,17.09.2021,Participant0058,Recording4,17.09.2021,17.09.2021,14:48:45.713,12:48:45.713,64514,Timeline2,Tobii I-VT (Fixation),1.145.28180,1080,1920,"10,00",724620103.0,,,752.0,353.0,755.0,352.0,748.0,354.0,"-0,05047","-0,00833","-0,99869","-0,16603","-0,00685","-0,98610",,,Valid,Valid,"233,1","100,8","514,9","291,6","100,4","513,7","207,1","96,5","205,1","96,8","0,3329","0,3270","0,3358","0,3264","0,3301","0,3276",thumbnail_grossTrial,thumbnail_grossTrial.png,1245.0,1080.0,337.0,0.0,798.0,692.0,Fixation,558.0,101.0,756.0,353.0,"0,3362","0,3267",,
30322,56765737,1400496037024,Eye Tracker,Participant0058,17.09.2021,Participant0058,Recording4,17.09.2021,17.09.2021,14:48:45.713,12:48:45.713,64514,Timeline2,Tobii I-VT (Fixation),1.145.28180,1080,1920,"10,00",724628405.0,,,755.0,350.0,756.0,354.0,753.0,345.0,"-0,04993","-0,00728","-0,99873","-0,16336","-0,01136","-0,98650",,,Valid,Valid,"233,0","100,7","515,0","291,6","100,4","513,7","207,3","97,0","206,5","94,5","0,3353","0,3239","0,3364","0,3281","0,3342","0,3197",thumbnail_grossTrial,thumbnail_grossTrial.png,1245.0,1080.0,337.0,0.0,798.0,692.0,Fixation,558.0,101.0,756.0,353.0,"0,3362","0,3267",,
30323,56774121,1400496045408,Eye Tracker,Participant0058,17.09.2021,Participant0058,Recording4,17.09.2021,17.09.2021,14:48:45.713,12:48:45.713,64514,Timeline2,Tobii I-VT (Fixation),1.145.28180,1080,1920,"10,00",724636789.0,,,752.0,348.0,754.0,354.0,749.0,342.0,"-0,05093","-0,00738","-0,99868","-0,16556","-0,01287","-0,98612","4,44","4,26",Valid,Valid,"233,0","100,7","515,1","291,6","100,4","513,6","206,8","96,9","205,3","93,7","0,3329","0,3224","0,3350","0,3277","0,3308","0,3170",thumbnail_grossTrial,thumbnail_grossTrial.png,1245.0,1080.0,337.0,0.0,798.0,692.0,Fixation,558.0,101.0,756.0,353.0,"0,3362","0,3267",,
30324,56782478,1400496053765,Eye Tracker,Participant0058,17.09.2021,Participant0058,Recording4,17.09.2021,17.09.2021,14:48:45.713,12:48:45.713,64514,Timeline2,Tobii I-VT (Fixation),1.145.28180,1080,1920,"10,00",724645146.0,,,747.0,348.0,743.0,347.0,751.0,349.0,"-0,05727","-0,01109","-0,99830","-0,16501","-0,00959","-0,98625",,,Valid,Valid,"233,1","100,7","515,1","291,6","100,5","513,5","203,5","95,0","205,7","95,5","0,3287","0,3223","0,3255","0,3214","0,3318","0,3232",thumbnail_grossTrial,thumbnail_grossTrial.png,1245.0,1080.0,337.0,0.0,798.0,692.0,Fixation,558.0,101.0,756.0,353.0,"0,3362","0,3267",,
30325,56790760,1400496062047,Eye Tracker,Participant0058,17.09.2021,Participant0058,Recording4,17.09.2021,17.09.2021,14:48:45.713,12:48:45.713,64514,Timeline2,Tobii I-VT (Fixation),1.145.28180,1080,1920,"10,00",724653428.0,,,747.0,349.0,744.0,347.0,749.0,350.0,"-0,05636","-0,01108","-0,99835","-0,16549","-0,00902","-0,98617",,,Valid,Valid,"233,0","100,7","515,1","291,6","100,5","513,5","204,0","95,0","205,4","95,8","0,3288","0,3228","0,3267","0,3214","0,3309","0,3242",thumbnail_grossTrial,thumbnail_grossTrial.png,1245.0,1080.0,337.0,0.0,798.0,692.0,Fixation,558.0,101.0,756.0,353.0,"0,3362","0,3267",,
30326,56799098,1400496070385,Eye Tracker,Participant0058,17.09.2021,Participant0058,Recording4,17.09.2021,17.09.2021,14:48:45.713,12:48:45.713,64514,Timeline2,Tobii I-VT (Fixation),1.145.28180,1080,1920,"10,00",724661765.0,,,749.0,348.0,748.0,348.0,750.0,348.0,"-0,05416","-0,01043","-0,99848","-0,16507","-0,00982","-0,98623","4,31","3,98",Valid,Valid,"233,0","100,6","515,2","291,6","100,5","513,6","205,1","95,2","205,6","95,3","0,3308","0,3224","0,3300","0,3222","0,3316","0,3226",thumbnail_grossTrial,thumbnail_grossTrial.png,1245.0,1080.0,337.0,0.0,798.0,692.0,Fixation,558.0,101.0,756.0,353.0,"0,3362","0,3267",,
30327,56807397,1400496078684,Eye Tracker,Participant0058,17.09.2021,Participant0058,Recording4,17.09.2021,17.09.2021,14:48:45.713,12:48:45.713,64514,Timeline2,Tobii I-VT (Fixation),1.145.28180,1080,1920,"10,00",724670064.0,,,744.0,343.0,745.0,348.0,743.0,339.0,"-0,05586","-0,01057","-0,99838","-0,16905","-0,01497","-0,98549",,,Valid,Valid,"233,1","100,7","515,2","291,6","100,5","513,6","204,3","95,3","203,5","92,7","0,3265","0,3180","0,3276","0,3223","0,3254","0,3137",thumbnail_grossTrial,thumbnail_grossTrial.png,1245.0,1080.0,337.0,0.0,798.0,692.0,Fixation,558.0,101.0,756.0,353.0,"0,3362","0,3267",,
30328,56815764,1400496087051,Eye Tracker,Participant0058,17.09.2021,Participant0058,Recording4,17.09.2021,17.09.2021,14:48:45.713,12:48:45.713,64514,Timeline2,Tobii I-VT (Fixation),1.145.28180,1080,1920,"10,00",724678431.0,,,741.0,349.0,743.0,348.0,738.0,350.0,"-0,05688","-0,01046","-0,99833","-0,17111","-0,00876","-0,98521",,,Valid,Valid,"233,0","100,7","515,3","291,6","100,5","513,7","203,7","95,3","202,3","95,9","0,3239","0,3234","0,3259","0,3224","0,3219","0,3244",thumbnail_grossTrial,thumbnail_grossTrial.png,1245.0,1080.0,337.0,0.0,798.0,692.0,Fixation,558.0,101.0,756.0,353.0,"0,3362","0,3267",,
30329,56824063,1400496095350,Eye Tracker,Participant0058,17.09.2021,Participant0058,Recording4,17.09.2021,17.09.2021,14:48:45.713,12:48:45.713,64514,Timeline2,Tobii I-VT (Fixation),1.145.28180,1080,1920,"10,00",724686729.0,,,738.0,356.0,735.0,354.0,740.0,359.0,"-0,06095","-0,00721","-0,99812","-0,17001","-0,00413","-0,98543","4,07","4,46",Valid,Valid,"233,0","100,6","515,3","291,6","100,4","513,9","201,5","96,9","202,9","98,2","0,3216","0,3301","0,3196","0,3278","0,3236","0,3323",thumbnail_grossTrial,thumbnail_grossTrial.png,1245.0,1080.0,337.0,0.0,798.0,692.0,Fixation,558.0,101.0,756.0,353.0,"0,3362","0,3267",,
30330,56832434,1400496103721,Eye Tracker,Participant0058,17.09.2021,Participant0058,Recording4,17.09.2021,17.09.2021,14:48:45.713,12:48:45.713,64514,Timeline2,Tobii I-VT (Fixation),1.145.28180,1080,1920,"10,00",724695100.0,,,746.0,366.0,747.0,362.0,746.0,370.0,"-0,05503","-0,00344","-0,99848","-0,16731","0,00182","-0,98590",,,Valid,Valid,"233,1","100,7","515,3","291,6","100,4","513,9","204,7","98,9","204,4","101,4","0,3284","0,3388","0,3288","0,3347","0,3280","0,3429",thumbnail_grossTrial,thumbnail_grossTrial.png,1245.0,1080.0,337.0,0.0,798.0,692.0,Fixation,558.0,101.0,756.0,353.0,"0,3362","0,3267",,
30331,56840730,1400496112017,Eye Tracker,Participant0058,17.09.2021,Participant0058,Recording4,17.09.2021,17.09.2021,14:48:45.713,12:48:45.713,64514,Timeline2,Tobii I-VT (Fixation),1.145.28180,1080,1920,"10,00",724703396.0,,,750.0,360.0,749.0,361.0,750.0,359.0,"-0,05368","-0,00383","-0,99855","-0,16491","-0,00416","-0,98630",,,Valid,Valid,"233,0","100,7","515,4","291,6","100,3","514,1","205,3","98,7","205,6","98,2","0,3310","0,3331","0,3306","0,3340","0,3315","0,3322",thumbnail_grossTrial,thumbnail_grossTrial.png,1245.0,1080.0,337.0,0.0,798.0,692.0,Fixation,558.0,101.0,756.0,353.0,"0,3362","0,3267",,
30332,56849060,1400496120347,Eye Tracker,Participant0058,17.09.2021,Participant0058,Recording4,17.09.2021,17.09.2021,14:48:45.713,12:48:45.713,64514,Timeline2,Tobii I-VT (Fixation),1.145.28180,1080,1920,"10,00",724711726.0,,,736.0,359.0,747.0,354.0,725.0,365.0,"-0,05477","-0,00719","-0,99847","-0,17780","-0,00090","-0,98407","4,42","3,98",Valid,Valid,"232,9","100,6","515,4","291,5","100,3","514,3","204,6","96,9","198,6","99,8","0,3198","0,3328","0,3287","0,3279","0,3109","0,3377",thumbnail_grossTrial,thumbnail_grossTrial.png,1245.0,1080.0,337.0,0.0,798.0,692.0,Saccade,25.0,222.0,,,,,,
30333,56857393,1400496128680,Eye Tracker,Participant0058,17.09.2021,Participant0058,Recording4,17.09.2021,17.09.2021,14:48:45.713,12:48:45.713,64514,Timeline2,Tobii I-VT (Fixation),1.145.28180,1080,1920,"10,00",724720058.0,,,714.0,363.0,725.0,356.0,702.0,370.0,"-0,06597","-0,00639","-0,99780","-0,18925","0,00179","-0,98193",,,Valid,Valid,"232,9","100,7","515,4","291,4","100,3","514,3","198,8","97,4","192,3","101,2","0,3021","0,3360","0,3117","0,3296","0,2926","0,3425",thumbnail_grossTrial,thumbnail_grossTrial.png,1245.0,1080.0,337.0,0.0,798.0,692.0,Saccade,25.0,222.0,,,,,,
30334,56865758,1400496137045,Eye Tracker,Participant0058,17.09.2021,Participant0058,Recording4,17.09.2021,17.09.2021,14:48:45.713,12:48:45.713,64514,Timeline2,Tobii I-VT (Fixation),1.145.28180,1080,1920,"10,00",724728423.0,,,707.0,360.0,710.0,356.0,704.0,363.0,"-0,07405","-0,00624","-0,99724","-0,18814","-0,00154","-0,98214",,,Valid,Valid,"232,8","100,7","515,5","291,4","100,2","514,4","194,5","97,5","192,9","99,4","0,2966","0,3330","0,2990","0,3297","0,2942","0,3363",thumbnail_grossTrial,thumbnail_grossTrial.png,1245.0,1080.0,337.0,0.0,798.0,692.0,Saccade,25.0,222.0,,,,,,
30335,56874091,1400496145378,Eye Tracker,Participant0058,17.09.2021,Participant0058,Recording4,17.09.2021,17.09.2021,14:48:45.713,12:48:45.713,64514,Timeline2,Tobii I-VT (Fixation),1.145.28180,1080,1920,"10,00",724736756.0,,,693.0,369.0,694.0,363.0,692.0,375.0,"-0,08214","-0,00236","-0,99662","-0,19397","0,00483","-0,98100","4,24","3,98",Valid,Valid,"232,8","100,6","515,5","291,4","100,1","514,5","190,3","99,4","189,7","102,6","0,2858","0,3418","0,2868","0,3363","0,2848","0,3473",thumbnail_grossTrial,thumbnail_grossTrial.png,1245.0,1080.0,337.0,0.0,798.0,692.0,Fixation,233.0,102.0,700.0,375.0,"0,2914","0,3476",,
30336,56882391,1400496153678,Eye Tracker,Participant0058,17.09.2021,Participant0058,Recording4,17.09.2021,17.09.2021,14:48:45.713,12:48:45.713,64514,Timeline2,Tobii I-VT (Fixation),1.145.28180,1080,1920,"10,00",724745056.0,,,697.0,368.0,698.0,363.0,697.0,374.0,"-0,08056","-0,00284","-0,99675","-0,19155","0,00388","-0,98148",,,Valid,Valid,"232,9","100,7","515,5","291,5","100,2","514,5","191,2","99,2","191,1","102,2","0,2891","0,3408","0,2894","0,3357","0,2889","0,3459",thumbnail_grossTrial,thumbnail_grossTrial.png,1245.0,1080.0,337.0,0.0,798.0,692.0,Fixation,233.0,102.0,700.0,375.0,"0,2914","0,3476",,
30337,56890755,1400496162042,Eye Tracker,Participant0058,17.09.2021,Participant0058,Recording4,17.09.2021,17.09.2021,14:48:45.713,12:48:45.713,64514,Timeline2,Tobii I-VT (Fixation),1.145.28180,1080,1920,"10,00",724753419.0,,,708.0,386.0,718.0,399.0,698.0,373.0,"-0,06945","0,01635","-0,99745","-0,19110","0,00384","-0,98156",,,Valid,Valid,"232,8","100,6","515,5","291,4","100,1","514,6","196,9","109,1","191,3","102,1","0,2978","0,3573","0,3061","0,3691","0,2895","0,3456",thumbnail_grossTrial,thumbnail_grossTrial.png,1245.0,1080.0,337.0,0.0,798.0,692.0,Fixation,233.0,102.0,700.0,375.0,"0,2914","0,3476",,
30338,56899056,1400496170343,Eye Tracker,Participant0058,17.09.2021,Participant0058,Recording4,17.09.2021,17.09.2021,14:48:45.713,12:48:45.713,64514,Timeline2,Tobii I-VT (Fixation),1.145.28180,1080,1920,"10,00",724761720.0,,,707.0,381.0,716.0,392.0,699.0,369.0,"-0,07094","0,01321","-0,99739","-0,19075","0,00168","-0,98164","4,23","4,00",Valid,Valid,"232,8","100,6","515,6","291,5","100,1","514,6","196,2","107,4","191,5","101,0","0,2970","0,3525","0,3039","0,3633","0,2901","0,3417",thumbnail_grossTrial,thumbnail_grossTrial.png,1245.0,1080.0,337.0,0.0,798.0,692.0,Fixation,233.0,102.0,700.0,375.0,"0,2914","0,3476",,
30339,56907415,1400496178702,Eye Tracker,Participant0058,17.09.2021,Participant0058,Recording4,17.09.2021,17.09.2021,14:48:45.713,12:48:45.713,64514,Timeline2,Tobii I-VT (Fixation),1.145.28180,1080,1920,"10,00",724770079.0,,,706.0,384.0,716.0,392.0,697.0,375.0,"-0,07107","0,01302","-0,99739","-0,19183","0,00451","-0,98142",,,Valid,Valid,"232,9","100,6","515,6","291,5","100,2","514,6","196,2","107,4","190,9","102,5","0,2962","0,3551","0,3039","0,3633","0,2885","0,3469",thumbnail_grossTrial,thumbnail_grossTrial.png,1245.0,1080.0,337.0,0.0,798.0,692.0,Fixation,233.0,102.0,700.0,375.0,"0,2914","0,3476",,
30340,56915752,1400496187039,Eye Tracker,Participant0058,17.09.2021,Participant0058,Recording4,17.09.2021,17.09.2021,14:48:45.713,12:48:45.713,64514,Timeline2,Tobii I-VT (Fixation),1.145.28180,1080,1920,"10,00",724778416.0,,,706.0,384.0,717.0,384.0,694.0,385.0,"-0,07025","0,00872","-0,99749","-0,19300","0,00991","-0,98115",,,Valid,Valid,"232,8","100,6","515,5","291,5","100,1","514,6","196,5","105,1","190,2","105,3","0,2957","0,3560","0,3049","0,3557","0,2865","0,3564",thumbnail_grossTrial,thumbnail_grossTrial.png,1245.0,1080.0,337.0,0.0,798.0,692.0,Fixation,233.0,102.0,700.0,375.0,"0,2914","0,3476",,
30341,56924087,1400496195374,Eye Tracker,Participant0058,17.09.2021,Participant0058,Recording4,17.09.2021,17.09.2021,14:48:45.713,12:48:45.713,64514,Timeline2,Tobii I-VT (Fixation),1.145.28180,1080,1920,"10,00",724786750.0,,,698.0,381.0,700.0,372.0,695.0,390.0,"-0,07929","0,00230","-0,99685","-0,19250","0,01254","-0,98122","4,22","3,97",Valid,Valid,"232,9","100,6","515,5","291,5","100,0","514,6","191,8","101,8","190,5","106,6","0,2893","0,3525","0,2912","0,3443","0,2873","0,3608",thumbnail_grossTrial,thumbnail_grossTrial.png,1245.0,1080.0,337.0,0.0,798.0,692.0,Fixation,233.0,102.0,700.0,375.0,"0,2914","0,3476",,
30342,56932593,1400496203880,Eye Tracker,Participant0058,17.09.2021,Participant0058,Recording4,17.09.2021,17.09.2021,14:48:45.713,12:48:45.713,64514,Timeline2,Tobii I-VT (Fixation),1.145.28180,1080,1920,"10,00",724795256.0,,,698.0,377.0,701.0,377.0,695.0,376.0,"-0,07915","0,00484","-0,99685","-0,19282","0,00526","-0,98122",,,Valid,Valid,"232,9","100,7","515,4","291,5","100,1","514,6","192,0","103,2","190,4","102,9","0,2893","0,3486","0,2917","0,3491","0,2870","0,3482",thumbnail_grossTrial,thumbnail_grossTrial.png,1245.0,1080.0,337.0,0.0,798.0,692.0,Fixation,233.0,102.0,700.0,375.0,"0,2914","0,3476",,
30343,56940749,1400496212036,Eye Tracker,Participant0058,17.09.2021,Participant0058,Recording4,17.09.2021,17.09.2021,14:48:45.713,12:48:45.713,64514,Timeline2,Tobii I-VT (Fixation),1.145.28180,1080,1920,"10,00",724803412.0,,,696.0,371.0,697.0,365.0,694.0,377.0,"-0,08064","-0,00133","-0,99674","-0,19291","0,00584","-0,98120",,,Valid,Valid,"232,8","100,7","515,3","291,5","100,1","514,7","191,2","100,0","190,3","103,2","0,2879","0,3437","0,2892","0,3383","0,2867","0,3490",thumbnail_grossTrial,thumbnail_grossTrial.png,1245.0,1080.0,337.0,0.0,798.0,692.0,Fixation,233.0,102.0,700.0,375.0,"0,2914","0,3476",,
30344,56949141,1400496220428,Eye Tracker,Participant0058,17.09.2021,Participant0058,Recording4,17.09.2021,17.09.2021,14:48:45.713,12:48:45.713,64514,Timeline2,Tobii I-VT (Fixation),1.145.28180,1080,1920,"10,00",724811804.0,,,694.0,374.0,694.0,372.0,695.0,376.0,"-0,08260","0,00214","-0,99658","-0,19249","0,00554","-0,98128","4,03","3,97",Valid,Valid,"232,8","100,6","515,2","291,5","100,0","514,8","190,1","101,7","190,5","102,9","0,2867","0,3462","0,2862","0,3443","0,2873","0,3481",thumbnail_grossTrial,thumbnail_grossTrial.png,1245.0,1080.0,337.0,0.0,798.0,692.0,Fixation,233.0,102.0,700.0,375.0,"0,2914","0,3476",,
30345,56957423,1400496228710,Eye Tracker,Participant0058,17.09.2021,Participant0058,Recording4,17.09.2021,17.09.2021,14:48:45.713,12:48:45.713,64514,Timeline2,Tobii I-VT (Fixation),1.145.28180,1080,1920,"10,00",724820085.0,,,687.0,370.0,679.0,357.0,694.0,384.0,"-0,09036","-0,00591","-0,99589","-0,19292","0,00937","-0,98117",,,Valid,Valid,"232,9","100,8","515,1","291,5","100,1","514,8","186,2","97,8","190,3","105,0","0,2807","0,3430","0,2746","0,3307","0,2867","0,3552",thumbnail_grossTrial,thumbnail_grossTrial.png,1245.0,1080.0,337.0,0.0,798.0,692.0,Fixation,233.0,102.0,700.0,375.0,"0,2914","0,3476",,
30346,56965751,1400496237038,Eye Tracker,Participant0058,17.09.2021,Participant0058,Recording4,17.09.2021,17.09.2021,14:48:45.713,12:48:45.713,64514,Timeline2,Tobii I-VT (Fixation),1.145.28180,1080,1920,"10,00",724828413.0,,,690.0,363.0,681.0,359.0,699.0,368.0,"-0,08958","-0,00523","-0,99597","-0,19034","0,00136","-0,98172",,,Valid,Valid,"232,8","100,8","515,0","291,5","100,0","514,9","186,5","98,1","191,7","100,7","0,2832","0,3364","0,2757","0,3320","0,2907","0,3408",thumbnail_grossTrial,thumbnail_grossTrial.png,1245.0,1080.0,337.0,0.0,798.0,692.0,Fixation,233.0,102.0,700.0,375.0,"0,2914","0,3476",,
30347,56974074,1400496245361,Eye Tracker,Participant0058,17.09.2021,Participant0058,Recording4,17.09.2021,17.09.2021,14:48:45.713,12:48:45.713,64514,Timeline2,Tobii I-VT (Fixation),1.145.28180,1080,1920,"10,00",724836736.0,,,691.0,358.0,682.0,355.0,700.0,361.0,"-0,08873","-0,00716","-0,99603","-0,18988","-0,00191","-0,98181","4,31","3,98",Valid,Valid,"232,9","100,8","514,8","291,5","99,9","515,0","187,0","97,1","191,9","98,9","0,2842","0,3317","0,2770","0,3287","0,2913","0,3347",thumbnail_grossTrial,thumbnail_grossTrial.png,1245.0,1080.0,337.0,0.0,798.0,692.0,Fixation,233.0,102.0,700.0,375.0,"0,2914","0,3476",,
30348,56982411,1400496253698,Eye Tracker,Participant0058,17.09.2021,Participant0058,Recording4,17.09.2021,17.09.2021,14:48:45.713,12:48:45.713,64514,Timeline2,Tobii I-VT (Fixation),1.145.28180,1080,1920,"10,00",724845073.0,,,694.0,358.0,687.0,357.0,700.0,358.0,"-0,08624","-0,00617","-0,99626","-0,18997","-0,00352","-0,98178",,,Valid,Valid,"232,9","101,0","514,7","291,6","99,9","515,1","188,4","97,8","191,9","98,1","0,2862","0,3314","0,2810","0,3309","0,2913","0,3319",thumbnail_grossTrial,thumbnail_grossTrial.png,1245.0,1080.0,337.0,0.0,798.0,692.0,Fixation,233.0,102.0,700.0,375.0,"0,2914","0,3476",,
30349,56990759,1400496262046,Eye Tracker,Participant0058,17.09.2021,Participant0058,Recording4,17.09.2021,17.09.2021,14:48:45.713,12:48:45.713,64514,Timeline2,Tobii I-VT (Fixation),1.145.28180,1080,1920,"10,00",724853420.0,,,708.0,381.0,716.0,404.0,700.0,359.0,"-0,07079","0,01860","-0,99732","-0,18996","-0,00316","-0,98179",,,Valid,Valid,"232,9","101,0","514,5","291,5","99,9","515,2","196,3","110,6","191,8","98,2","0,2977","0,3532","0,3044","0,3742","0,2911","0,3322",thumbnail_grossTrial,thumbnail_grossTrial.png,1245.0,1080.0,337.0,0.0,798.0,692.0,Fixation,233.0,102.0,700.0,375.0,"0,2914","0,3476",,
30350,56999081,1400496270368,Eye Tracker,Participant0058,17.09.2021,Participant0058,Recording4,17.09.2021,17.09.2021,14:48:45.713,12:48:45.713,64514,Timeline2,Tobii I-VT (Fixation),1.145.28180,1080,1920,"10,00",724861742.0,,,707.0,376.0,719.0,393.0,694.0,358.0,"-0,06929","0,01284","-0,99751","-0,19267","-0,00348","-0,98126","4,33","4,46",Valid,Valid,"232,9","101,0","514,4","291,5","99,8","515,4","197,1","107,6","190,3","98,0","0,2967","0,3478","0,3067","0,3642","0,2868","0,3315",thumbnail_grossTrial,thumbnail_grossTrial.png,1245.0,1080.0,337.0,0.0,798.0,692.0,Fixation,233.0,102.0,700.0,375.0,"0,2914","0,3476",,
30351,57007380,1400496278667,Eye Tracker,Participant0058,17.09.2021,Participant0058,Recording4,17.09.2021,17.09.2021,14:48:45.713,12:48:45.713,64514,Timeline2,Tobii I-VT (Fixation),1.145.28180,1080,1920,"10,00",724870041.0,,,695.0,371.0,698.0,383.0,691.0,359.0,"-0,08046","0,00716","-0,99673","-0,19458","-0,00306","-0,98088",,,Valid,Valid,"232,9","101,2","514,3","291,6","99,8","515,5","191,4","104,9","189,3","98,2","0,2869","0,3435","0,2899","0,3548","0,2838","0,3323",thumbnail_grossTrial,thumbnail_grossTrial.png,1245.0,1080.0,337.0,0.0,798.0,692.0,Fixation,233.0,102.0,700.0,375.0,"0,2914","0,3476",,
30352,57015750,1400496287037,Eye Tracker,Participant0058,17.09.2021,Participant0058,Recording4,17.09.2021,17.09.2021,14:48:45.713,12:48:45.713,64514,Timeline2,Tobii I-VT (Fixation),1.145.28180,1080,1920,"10,00",724878410.0,,,695.0,366.0,698.0,366.0,692.0,366.0,"-0,08079","-0,00220","-0,99673","-0,19360","0,00094","-0,98108",,,Valid,Valid,"232,8","101,2","514,2","291,5","99,8","515,6","191,2","100,0","189,8","100,3","0,2872","0,3388","0,2892","0,3385","0,2852","0,3392",thumbnail_grossTrial,thumbnail_grossTrial.png,1245.0,1080.0,337.0,0.0,798.0,692.0,Fixation,233.0,102.0,700.0,375.0,"0,2914","0,3476",,
30353,57024045,1400496295332,Eye Tracker,Participant0058,17.09.2021,Participant0058,Recording4,17.09.2021,17.09.2021,14:48:45.713,12:48:45.713,64514,Timeline2,Tobii I-VT (Fixation),1.145.28180,1080,1920,"10,00",724886705.0,,,694.0,373.0,692.0,372.0,695.0,375.0,"-0,08364","0,00127","-0,99650","-0,19229","0,00558","-0,98132","4,26","3,95",Valid,Valid,"232,9","101,2","514,2","291,5","99,7","515,7","189,7","101,8","190,4","102,6","0,2861","0,3458","0,2850","0,3446","0,2871","0,3471",thumbnail_grossTrial,thumbnail_grossTrial.png,1245.0,1080.0,337.0,0.0,798.0,692.0,Fixation,233.0,102.0,700.0,375.0,"0,2914","0,3476",,
30354,57032406,1400496303693,Eye Tracker,Participant0058,17.09.2021,Participant0058,Recording4,17.09.2021,17.09.2021,14:48:45.713,12:48:45.713,64514,Timeline2,Tobii I-VT (Fixation),1.145.28180,1080,1920,"10,00",724895066.0,,,692.0,372.0,692.0,370.0,692.0,374.0,"-0,08396","-0,00023","-0,99647","-0,19377","0,00513","-0,98103",,,Valid,Valid,"232,9","101,3","514,1","291,6","99,7","515,7","189,6","101,2","189,7","102,4","0,2848","0,3445","0,2846","0,3423","0,2849","0,3466",thumbnail_grossTrial,thumbnail_grossTrial.png,1245.0,1080.0,337.0,0.0,798.0,692.0,Fixation,233.0,102.0,700.0,375.0,"0,2914","0,3476",,
30355,57040714,1400496312001,Eye Tracker,Participant0058,17.09.2021,Participant0058,Recording4,17.09.2021,17.09.2021,14:48:45.713,12:48:45.713,64514,Timeline2,Tobii I-VT (Fixation),1.145.28180,1080,1920,"10,00",724903374.0,,,699.0,388.0,711.0,408.0,688.0,368.0,"-0,07381","0,01988","-0,99707","-0,19573","0,00214","-0,98066",,,Valid,Valid,"232,8","101,3","514,0","291,5","99,7","515,8","194,8","111,5","188,6","100,8","0,2907","0,3593","0,2998","0,3774","0,2816","0,3412",thumbnail_grossTrial,thumbnail_grossTrial.png,1245.0,1080.0,337.0,0.0,798.0,692.0,Fixation,233.0,102.0,700.0,375.0,"0,2914","0,3476",,
30356,57049045,1400496320332,Eye Tracker,Participant0058,17.09.2021,Participant0058,Recording4,17.09.2021,17.09.2021,14:48:45.713,12:48:45.713,64514,Timeline2,Tobii I-VT (Fixation),1.145.28180,1080,1920,"10,00",724911704.0,,,705.0,394.0,724.0,412.0,686.0,375.0,"-0,06657","0,02244","-0,99753","-0,19642","0,00586","-0,98050","4,20","4,47",Valid,Valid,"232,8","101,2","514,0","291,5","99,6","515,9","198,5","112,8","188,1","102,7","0,2956","0,3646","0,3108","0,3817","0,2804","0,3475",thumbnail_grossTrial,thumbnail_grossTrial.png,1245.0,1080.0,337.0,0.0,798.0,692.0,Fixation,233.0,102.0,700.0,375.0,"0,2914","0,3476",,
30357,57057376,1400496328663,Eye Tracker,Participant0058,17.09.2021,Participant0058,Recording4,17.09.2021,17.09.2021,14:48:45.713,12:48:45.713,64514,Timeline2,Tobii I-VT (Fixation),1.145.28180,1080,1920,"10,00",724920035.0,,,706.0,371.0,725.0,412.0,687.0,330.0,"-0,06660","0,02222","-0,99753","-0,19612","-0,01767","-0,98042",,,Valid,Valid,"232,9","101,3","514,0","291,6","99,7","516,0","198,6","112,8","188,4","90,4","0,2960","0,3438","0,3109","0,3816","0,2810","0,3059",thumbnail_grossTrial,thumbnail_grossTrial.png,1245.0,1080.0,337.0,0.0,798.0,692.0,Fixation,233.0,102.0,700.0,375.0,"0,2914","0,3476",,
30358,57065709,1400496336996,Eye Tracker,Participant0058,17.09.2021,Participant0058,Recording4,17.09.2021,17.09.2021,14:48:45.713,12:48:45.713,64514,Timeline2,Tobii I-VT (Fixation),1.145.28180,1080,1920,"10,00",724928368.0,,,695.0,359.0,701.0,387.0,688.0,331.0,"-0,07887","0,00887","-0,99685","-0,19558","-0,01745","-0,98053",,,Valid,Valid,"232,8","101,3","514,0","291,5","99,7","516,0","192,2","105,9","188,6","90,5","0,2870","0,3322","0,2922","0,3583","0,2817","0,3062",thumbnail_grossTrial,thumbnail_grossTrial.png,1245.0,1080.0,337.0,0.0,798.0,692.0,Fixation,233.0,102.0,700.0,375.0,"0,2914","0,3476",,
30359,57074041,1400496345328,Eye Tracker,Participant0058,17.09.2021,Participant0058,Recording4,17.09.2021,17.09.2021,14:48:45.713,12:48:45.713,64514,Timeline2,Tobii I-VT (Fixation),1.145.28180,1080,1920,"10,00",724936700.0,,,706.0,376.0,721.0,393.0,691.0,359.0,"-0,06820","0,01221","-0,99760","-0,19392","-0,00271","-0,98101","4,29","4,57",Valid,Valid,"232,8","101,3","514,0","291,5","99,6","516,0","197,7","107,6","189,5","98,2","0,2964","0,3481","0,3084","0,3640","0,2844","0,3322",thumbnail_grossTrial,thumbnail_grossTrial.png,1245.0,1080.0,337.0,0.0,798.0,692.0,Fixation,233.0,102.0,700.0,375.0,"0,2914","0,3476",,
30360,57082375,1400496353662,Eye Tracker,Participant0058,17.09.2021,Participant0058,Recording4,17.09.2021,17.09.2021,14:48:45.713,12:48:45.713,64514,Timeline2,Tobii I-VT (Fixation),1.145.28180,1080,1920,"10,00",724945033.0,,,707.0,384.0,722.0,393.0,692.0,376.0,"-0,06805","0,01220","-0,99761","-0,19366","0,00579","-0,98105",,,Valid,Valid,"232,9","101,4","514,0","291,6","99,7","516,0","197,9","107,7","189,7","102,8","0,2970","0,3560","0,3088","0,3643","0,2851","0,3477",thumbnail_grossTrial,thumbnail_grossTrial.png,1245.0,1080.0,337.0,0.0,798.0,692.0,Fixation,233.0,102.0,700.0,375.0,"0,2914","0,3476",,
30361,57090736,1400496362023,Eye Tracker,Participant0058,17.09.2021,Participant0058,Recording4,17.09.2021,17.09.2021,14:48:45.713,12:48:45.713,64514,Timeline2,Tobii I-VT (Fixation),1.145.28180,1080,1920,"10,00",724953394.0,,,709.0,385.0,722.0,397.0,695.0,374.0,"-0,06774","0,01403","-0,99760","-0,19230","0,00515","-0,98132",,,Valid,Valid,"232,9","101,3","514,0","291,6","99,7","516,0","198,0","108,6","190,4","102,4","0,2981","0,3569","0,3092","0,3673","0,2871","0,3464",thumbnail_grossTrial,thumbnail_grossTrial.png,1245.0,1080.0,337.0,0.0,798.0,692.0,Fixation,233.0,102.0,700.0,375.0,"0,2914","0,3476",,
30362,57099067,1400496370354,Eye Tracker,Participant0058,17.09.2021,Participant0058,Recording4,17.09.2021,17.09.2021,14:48:45.713,12:48:45.713,64514,Timeline2,Tobii I-VT (Fixation),1.145.28180,1080,1920,"10,00",724961725.0,,,707.0,389.0,717.0,400.0,697.0,378.0,"-0,07054","0,01609","-0,99738","-0,19147","0,00713","-0,98147","4,22","4,34",Valid,Valid,"232,9","101,3","514,1","291,6","99,6","516,1","196,5","109,6","190,9","103,4","0,2967","0,3603","0,3049","0,3708","0,2884","0,3498",thumbnail_grossTrial,thumbnail_grossTrial.png,1245.0,1080.0,337.0,0.0,798.0,692.0,Fixation,233.0,102.0,700.0,375.0,"0,2914","0,3476",,
30363,57107371,1400496378658,Eye Tracker,Participant0058,17.09.2021,Participant0058,Recording4,17.09.2021,17.09.2021,14:48:45.713,12:48:45.713,64514,Timeline2,Tobii I-VT (Fixation),1.145.28180,1080,1920,"10,00",724970029.0,,,705.0,387.0,717.0,400.0,692.0,374.0,"-0,07063","0,01591","-0,99738","-0,19380","0,00497","-0,98103",,,Valid,Valid,"232,9","101,4","514,0","291,6","99,8","516,1","196,5","109,6","189,7","102,4","0,2949","0,3586","0,3049","0,3708","0,2848","0,3464",thumbnail_grossTrial,thumbnail_grossTrial.png,1245.0,1080.0,337.0,0.0,798.0,692.0,Saccade,33.0,223.0,,,,,,
30364,57115704,1400496386991,Eye Tracker,Participant0058,17.09.2021,Participant0058,Recording4,17.09.2021,17.09.2021,14:48:45.713,12:48:45.713,64514,Timeline2,Tobii I-VT (Fixation),1.145.28180,1080,1920,"10,00",724978361.0,,,681.0,373.0,685.0,378.0,678.0,368.0,"-0,08745","0,00418","-0,99616","-0,20072","0,00208","-0,97965",,,Valid,Valid,"232,8","101,4","514,1","291,4","99,7","516,1","187,7","103,5","185,7","100,8","0,2761","0,3457","0,2790","0,3503","0,2732","0,3412",thumbnail_grossTrial,thumbnail_grossTrial.png,1245.0,1080.0,337.0,0.0,798.0,692.0,Saccade,33.0,223.0,,,,,,
30365,57124068,1400496395355,Eye Tracker,Participant0058,17.09.2021,Participant0058,Recording4,17.09.2021,17.09.2021,14:48:45.713,12:48:45.713,64514,Timeline2,Tobii I-VT (Fixation),1.145.28180,1080,1920,"10,00",724986725.0,,,658.0,369.0,661.0,362.0,655.0,375.0,"-0,09969","-0,00406","-0,99501","-0,21182","0,00571","-0,97729","3,99","3,96",Valid,Valid,"232,7","101,3","514,1","291,4","99,7","516,1","181,2","99,2","179,5","102,7","0,2576","0,3415","0,2600","0,3356","0,2551","0,3474",thumbnail_grossTrial,thumbnail_grossTrial.png,1245.0,1080.0,337.0,0.0,798.0,692.0,Saccade,33.0,223.0,,,,,,
30366,57132483,1400496403770,Eye Tracker,Participant0058,17.09.2021,Participant0058,Recording4,17.09.2021,17.09.2021,14:48:45.713,12:48:45.713,64514,Timeline2,Tobii I-VT (Fixation),1.145.28180,1080,1920,"10,00",724995140.0,,,638.0,398.0,637.0,406.0,640.0,389.0,"-0,11261","0,01885","-0,99346","-0,21950","0,01253","-0,97553",,,Valid,Valid,"232,8","101,4","514,1","291,5","99,8","516,1","174,5","111,2","175,4","106,4","0,2417","0,3681","0,2405","0,3762","0,2429","0,3600",thumbnail_grossTrial,thumbnail_grossTrial.png,1245.0,1080.0,337.0,0.0,798.0,692.0,Saccade,33.0,223.0,,,,,,
30367,57140733,1400496412020,Eye Tracker,Participant0058,17.09.2021,Participant0058,Recording4,17.09.2021,17.09.2021,14:48:45.713,12:48:45.713,64514,Timeline2,Tobii I-VT (Fixation),1.145.28180,1080,1920,"10,00",725003390.0,,,641.0,401.0,635.0,410.0,647.0,392.0,"-0,11320","0,02100","-0,99335","-0,21572","0,01441","-0,97635",,,Valid,Valid,"232,7","101,4","514,1","291,4","99,7","516,1","174,2","112,2","177,4","107,4","0,2441","0,3715","0,2394","0,3797","0,2489","0,3633",thumbnail_grossTrial,thumbnail_grossTrial.png,1245.0,1080.0,337.0,0.0,798.0,692.0,Fixation,517.0,103.0,652.0,412.0,"0,2526","0,3813",,
30368,57149064,1400496420351,Eye Tracker,Participant0058,17.09.2021,Participant0058,Recording4,17.09.2021,17.09.2021,14:48:45.713,12:48:45.713,64514,Timeline2,Tobii I-VT (Fixation),1.145.28180,1080,1920,"10,00",725011720.0,,,649.0,396.0,646.0,403.0,653.0,388.0,"-0,10793","0,01761","-0,99400","-0,21282","0,01253","-0,97701","4,14","4,28",Valid,Valid,"232,7","101,3","514,1","291,4","99,6","516,1","176,9","110,4","179,0","106,3","0,2505","0,3666","0,2475","0,3736","0,2535","0,3596",thumbnail_grossTrial,thumbnail_grossTrial.png,1245.0,1080.0,337.0,0.0,798.0,692.0,Fixation,517.0,103.0,652.0,412.0,"0,2526","0,3813",,
30369,57157370,1400496428657,Eye Tracker,Participant0058,17.09.2021,Participant0058,Recording4,17.09.2021,17.09.2021,14:48:45.713,12:48:45.713,64514,Timeline2,Tobii I-VT (Fixation),1.145.28180,1080,1920,"10,00",725020026.0,,,648.0,388.0,642.0,399.0,654.0,378.0,"-0,10961","0,01517","-0,99386","-0,21266","0,00697","-0,97710",,,Valid,Valid,"232,8","101,4","514,1","291,5","99,7","516,1","176,1","109,2","179,2","103,4","0,2496","0,3597","0,2451","0,3695","0,2541","0,3499",thumbnail_grossTrial,thumbnail_grossTrial.png,1245.0,1080.0,337.0,0.0,798.0,692.0,Fixation,517.0,103.0,652.0,412.0,"0,2526","0,3813",,
30370,57165785,1400496437072,Eye Tracker,Participant0058,17.09.2021,Participant0058,Recording4,17.09.2021,17.09.2021,14:48:45.713,12:48:45.713,64514,Timeline2,Tobii I-VT (Fixation),1.145.28180,1080,1920,"10,00",725028441.0,,,650.0,389.0,647.0,404.0,654.0,375.0,"-0,10723","0,01801","-0,99407","-0,21247","0,00532","-0,97715",,,Valid,Valid,"232,7","101,3","514,1","291,4","99,7","516,1","177,3","110,6","179,2","102,5","0,2513","0,3605","0,2485","0,3742","0,2542","0,3468",thumbnail_grossTrial,thumbnail_grossTrial.png,1245.0,1080.0,337.0,0.0,798.0,692.0,Fixation,517.0,103.0,652.0,412.0,"0,2526","0,3813",,
30371,57174063,1400496445350,Eye Tracker,Participant0058,17.09.2021,Participant0058,Recording4,17.09.2021,17.09.2021,14:48:45.713,12:48:45.713,64514,Timeline2,Tobii I-VT (Fixation),1.145.28180,1080,1920,"10,00",725036719.0,,,657.0,390.0,663.0,408.0,650.0,372.0,"-0,09858","0,02026","-0,99492","-0,21426","0,00423","-0,97677","4,18","4,46",Valid,Valid,"232,8","101,2","514,2","291,4","99,6","516,1","181,8","111,7","178,2","101,9","0,2566","0,3613","0,2619","0,3780","0,2513","0,3446",thumbnail_grossTrial,thumbnail_grossTrial.png,1245.0,1080.0,337.0,0.0,798.0,692.0,Fixation,517.0,103.0,652.0,412.0,"0,2526","0,3813",,
30372,57182366,1400496453653,Eye Tracker,Participant0058,17.09.2021,Participant0058,Recording4,17.09.2021,17.09.2021,14:48:45.713,12:48:45.713,64514,Timeline2,Tobii I-VT (Fixation),1.145.28180,1080,1920,"10,00",725045021.0,,,656.0,394.0,663.0,408.0,648.0,380.0,"-0,09862","0,02012","-0,99492","-0,21551","0,00807","-0,97647",,,Valid,Valid,"232,8","101,3","514,1","291,5","99,7","515,9","181,8","111,7","177,6","104,0","0,2557","0,3648","0,2619","0,3779","0,2495","0,3518",thumbnail_grossTrial,thumbnail_grossTrial.png,1245.0,1080.0,337.0,0.0,798.0,692.0,Fixation,517.0,103.0,652.0,412.0,"0,2526","0,3813",,
30373,57190698,1400496461985,Eye Tracker,Participant0058,17.09.2021,Participant0058,Recording4,17.09.2021,17.09.2021,14:48:45.713,12:48:45.713,64514,Timeline2,Tobii I-VT (Fixation),1.145.28180,1080,1920,"10,00",725053353.0,,,656.0,395.0,662.0,411.0,649.0,379.0,"-0,09927","0,02200","-0,99482","-0,21493","0,00785","-0,97660",,,Valid,Valid,"232,7","101,2","514,1","291,4","99,7","515,9","181,4","112,6","177,9","103,8","0,2555","0,3662","0,2607","0,3810","0,2503","0,3514",thumbnail_grossTrial,thumbnail_grossTrial.png,1245.0,1080.0,337.0,0.0,798.0,692.0,Fixation,517.0,103.0,652.0,412.0,"0,2526","0,3813",,
30374,57199033,1400496470320,Eye Tracker,Participant0058,17.09.2021,Participant0058,Recording4,17.09.2021,17.09.2021,14:48:45.713,12:48:45.713,64514,Timeline2,Tobii I-VT (Fixation),1.145.28180,1080,1920,"10,00",725061688.0,,,650.0,399.0,646.0,416.0,654.0,382.0,"-0,10773","0,02472","-0,99387","-0,21262","0,00921","-0,97709","3,98","3,96",Valid,Valid,"232,7","101,1","514,1","291,4","99,7","515,8","177,0","113,9","179,2","104,5","0,2509","0,3696","0,2477","0,3855","0,2541","0,3537",thumbnail_grossTrial,thumbnail_grossTrial.png,1245.0,1080.0,337.0,0.0,798.0,692.0,Fixation,517.0,103.0,652.0,412.0,"0,2526","0,3813",,
30375,57207399,1400496478686,Eye Tracker,Participant0058,17.09.2021,Participant0058,Recording4,17.09.2021,17.09.2021,14:48:45.713,12:48:45.713,64514,Timeline2,Tobii I-VT (Fixation),1.145.28180,1080,1920,"10,00",725070053.0,,,651.0,400.0,647.0,416.0,654.0,383.0,"-0,10734","0,02457","-0,99392","-0,21262","0,00936","-0,97709",,,Valid,Valid,"232,8","101,3","514,1","291,5","99,8","515,6","177,3","114,0","179,3","104,7","0,2515","0,3700","0,2487","0,3856","0,2544","0,3544",thumbnail_grossTrial,thumbnail_grossTrial.png,1245.0,1080.0,337.0,0.0,798.0,692.0,Fixation,517.0,103.0,652.0,412.0,"0,2526","0,3813",,
30376,57215696,1400496486983,Eye Tracker,Participant0058,17.09.2021,Participant0058,Recording4,17.09.2021,17.09.2021,14:48:45.713,12:48:45.713,64514,Timeline2,Tobii I-VT (Fixation),1.145.28180,1080,1920,"10,00",725078350.0,,,648.0,402.0,646.0,419.0,650.0,385.0,"-0,10746","0,02581","-0,99387","-0,21476","0,01064","-0,97661",,,Valid,Valid,"232,8","101,2","514,1","291,4","99,8","515,5","177,2","114,6","178,1","105,4","0,2496","0,3722","0,2483","0,3877","0,2508","0,3567",thumbnail_grossTrial,thumbnail_grossTrial.png,1245.0,1080.0,337.0,0.0,798.0,692.0,Fixation,517.0,103.0,652.0,412.0,"0,2526","0,3813",,
30377,57224061,1400496495348,Eye Tracker,Participant0058,17.09.2021,Participant0058,Recording4,17.09.2021,17.09.2021,14:48:45.713,12:48:45.713,64514,Timeline2,Tobii I-VT (Fixation),1.145.28180,1080,1920,"10,00",725086715.0,,,649.0,401.0,650.0,416.0,648.0,386.0,"-0,10571","0,02436","-0,99410","-0,21541","0,01085","-0,97646","4,26","3,96",Valid,Valid,"232,7","101,2","514,1","291,4","99,8","515,4","178,1","113,8","177,7","105,5","0,2504","0,3710","0,2509","0,3850","0,2498","0,3571",thumbnail_grossTrial,thumbnail_grossTrial.png,1245.0,1080.0,337.0,0.0,798.0,692.0,Fixation,517.0,103.0,652.0,412.0,"0,2526","0,3813",,
30378,57232380,1400496503667,Eye Tracker,Participant0058,17.09.2021,Participant0058,Recording4,17.09.2021,17.09.2021,14:48:45.713,12:48:45.713,64514,Timeline2,Tobii I-VT (Fixation),1.145.28180,1080,1920,"10,00",725095034.0,,,648.0,404.0,644.0,419.0,651.0,389.0,"-0,10867","0,02563","-0,99375","-0,21423","0,01231","-0,97671",,,Valid,Valid,"232,8","101,3","514,0","291,4","100,0","515,2","176,6","114,6","178,4","106,5","0,2493","0,3740","0,2467","0,3877","0,2519","0,3602",thumbnail_grossTrial,thumbnail_grossTrial.png,1245.0,1080.0,337.0,0.0,798.0,692.0,Fixation,517.0,103.0,652.0,412.0,"0,2526","0,3813",,
30379,57240723,1400496512010,Eye Tracker,Participant0058,17.09.2021,Participant0058,Recording4,17.09.2021,17.09.2021,14:48:45.713,12:48:45.713,64514,Timeline2,Tobii I-VT (Fixation),1.145.28180,1080,1920,"10,00",725103376.0,,,644.0,415.0,643.0,413.0,646.0,416.0,"-0,10941","0,02285","-0,99373","-0,21668","0,02597","-0,97590",,,Valid,Valid,"232,7","101,3","513,9","291,4","100,0","515,1","176,2","113,1","177,0","113,7","0,2465","0,3838","0,2453","0,3828","0,2477","0,3848",thumbnail_grossTrial,thumbnail_grossTrial.png,1245.0,1080.0,337.0,0.0,798.0,692.0,Fixation,517.0,103.0,652.0,412.0,"0,2526","0,3813",,
30380,57249059,1400496520346,Eye Tracker,Participant0058,17.09.2021,Participant0058,Recording4,17.09.2021,17.09.2021,14:48:45.713,12:48:45.713,64514,Timeline2,Tobii I-VT (Fixation),1.145.28180,1080,1920,"10,00",725111712.0,,,644.0,415.0,638.0,407.0,649.0,422.0,"-0,11176","0,01958","-0,99354","-0,21489","0,02921","-0,97620","4,18","4,00",Valid,Valid,"232,8","101,3","513,9","291,3","100,0","515,1","175,0","111,5","178,0","115,4","0,2462","0,3839","0,2418","0,3771","0,2505","0,3906",thumbnail_grossTrial,thumbnail_grossTrial.png,1245.0,1080.0,337.0,0.0,798.0,692.0,Fixation,517.0,103.0,652.0,412.0,"0,2526","0,3813",,
30381,57257359,1400496528646,Eye Tracker,Participant0058,17.09.2021,Participant0058,Recording4,17.09.2021,17.09.2021,14:48:45.713,12:48:45.713,64514,Timeline2,Tobii I-VT (Fixation),1.145.28180,1080,1920,"10,00",725120012.0,,,645.0,413.0,643.0,405.0,648.0,421.0,"-0,10948","0,01822","-0,99382","-0,21570","0,02842","-0,97605",,,Valid,Valid,"232,8","101,5","513,8","291,4","100,2","514,9","176,2","110,9","177,6","115,2","0,2474","0,3825","0,2453","0,3752","0,2494","0,3897",thumbnail_grossTrial,thumbnail_grossTrial.png,1245.0,1080.0,337.0,0.0,798.0,692.0,Fixation,517.0,103.0,652.0,412.0,"0,2526","0,3813",,
30382,57265693,1400496536980,Eye Tracker,Participant0058,17.09.2021,Participant0058,Recording4,17.09.2021,17.09.2021,14:48:45.713,12:48:45.713,64514,Timeline2,Tobii I-VT (Fixation),1.145.28180,1080,1920,"10,00",725128346.0,,,656.0,419.0,664.0,422.0,649.0,416.0,"-0,09846","0,02685","-0,99478","-0,21504","0,02566","-0,97627",,,Valid,Valid,"232,7","101,5","513,7","291,3","100,2","514,8","181,9","115,4","177,9","113,8","0,2562","0,3876","0,2620","0,3903","0,2504","0,3849",thumbnail_grossTrial,thumbnail_grossTrial.png,1245.0,1080.0,337.0,0.0,798.0,692.0,Fixation,517.0,103.0,652.0,412.0,"0,2526","0,3813",,
30383,57274061,1400496545348,Eye Tracker,Participant0058,17.09.2021,Participant0058,Recording4,17.09.2021,17.09.2021,14:48:45.713,12:48:45.713,64514,Timeline2,Tobii I-VT (Fixation),1.145.28180,1080,1920,"10,00",725136713.0,,,658.0,417.0,669.0,421.0,646.0,413.0,"-0,09538","0,02662","-0,99509","-0,21664","0,02443","-0,97595","4,21","3,95",Valid,Valid,"232,7","101,5","513,6","291,3","100,2","514,8","183,5","115,3","177,0","113,1","0,2572","0,3863","0,2667","0,3900","0,2477","0,3827",thumbnail_grossTrial,thumbnail_grossTrial.png,1245.0,1080.0,337.0,0.0,798.0,692.0,Fixation,517.0,103.0,652.0,412.0,"0,2526","0,3813",,
30384,57282358,1400496553645,Eye Tracker,Participant0058,17.09.2021,Participant0058,Recording4,17.09.2021,17.09.2021,14:48:45.713,12:48:45.713,64514,Timeline2,Tobii I-VT (Fixation),1.145.28180,1080,1920,"10,00",725145010.0,,,658.0,418.0,669.0,421.0,646.0,414.0,"-0,09553","0,02632","-0,99508","-0,21676","0,02470","-0,97591",,,Valid,Valid,"232,8","101,7","513,5","291,3","100,4","514,6","183,5","115,3","177,0","113,4","0,2572","0,3868","0,2667","0,3900","0,2478","0,3837",thumbnail_grossTrial,thumbnail_grossTrial.png,1245.0,1080.0,337.0,0.0,798.0,692.0,Fixation,517.0,103.0,652.0,412.0,"0,2526","0,3813",,
30385,57290729,1400496562016,Eye Tracker,Participant0058,17.09.2021,Participant0058,Recording4,17.09.2021,17.09.2021,14:48:45.713,12:48:45.713,64514,Timeline2,Tobii I-VT (Fixation),1.145.28180,1080,1920,"10,00",725153381.0,,,659.0,411.0,671.0,423.0,646.0,398.0,"-0,09447","0,02748","-0,99515","-0,21674","0,01618","-0,97609",,,Valid,Valid,"232,7","101,7","513,4","291,3","100,4","514,6","184,0","115,9","177,0","108,9","0,2579","0,3803","0,2682","0,3921","0,2477","0,3685",thumbnail_grossTrial,thumbnail_grossTrial.png,1245.0,1080.0,337.0,0.0,798.0,692.0,Fixation,517.0,103.0,652.0,412.0,"0,2526","0,3813",,
30386,57299049,1400496570336,Eye Tracker,Participant0058,17.09.2021,Participant0058,Recording4,17.09.2021,17.09.2021,14:48:45.713,12:48:45.713,64514,Timeline2,Tobii I-VT (Fixation),1.145.28180,1080,1920,"10,00",725161701.0,,,659.0,412.0,673.0,425.0,645.0,399.0,"-0,09340","0,02829","-0,99523","-0,21712","0,01666","-0,97600","4,21","3,95",Valid,Valid,"232,7","101,7","513,3","291,3","100,4","514,6","184,6","116,3","176,8","109,1","0,2585","0,3814","0,2699","0,3936","0,2471","0,3693",thumbnail_grossTrial,thumbnail_grossTrial.png,1245.0,1080.0,337.0,0.0,798.0,692.0,Fixation,517.0,103.0,652.0,412.0,"0,2526","0,3813",,
30387,57307387,1400496578674,Eye Tracker,Participant0058,17.09.2021,Participant0058,Recording4,17.09.2021,17.09.2021,14:48:45.713,12:48:45.713,64514,Timeline2,Tobii I-VT (Fixation),1.145.28180,1080,1920,"10,00",725170038.0,,,659.0,413.0,673.0,425.0,645.0,401.0,"-0,09358","0,02803","-0,99522","-0,21707","0,01772","-0,97599",,,Valid,Valid,"232,8","101,9","513,2","291,3","100,5","514,6","184,6","116,3","176,9","109,8","0,2586","0,3825","0,2699","0,3936","0,2474","0,3715",thumbnail_grossTrial,thumbnail_grossTrial.png,1245.0,1080.0,337.0,0.0,798.0,692.0,Fixation,517.0,103.0,652.0,412.0,"0,2526","0,3813",,
30388,57315723,1400496587010,Eye Tracker,Participant0058,17.09.2021,Participant0058,Recording4,17.09.2021,17.09.2021,14:48:45.713,12:48:45.713,64514,Timeline2,Tobii I-VT (Fixation),1.145.28180,1080,1920,"10,00",725178374.0,,,658.0,412.0,670.0,421.0,645.0,402.0,"-0,09519","0,02607","-0,99512","-0,21707","0,01822","-0,97599",,,Valid,Valid,"232,8","101,9","513,1","291,3","100,4","514,6","183,7","115,3","176,9","110,0","0,2573","0,3812","0,2673","0,3901","0,2473","0,3723",thumbnail_grossTrial,thumbnail_grossTrial.png,1245.0,1080.0,337.0,0.0,798.0,692.0,Fixation,517.0,103.0,652.0,412.0,"0,2526","0,3813",,
30389,57324055,1400496595342,Eye Tracker,Participant0058,17.09.2021,Participant0058,Recording4,17.09.2021,17.09.2021,14:48:45.713,12:48:45.713,64514,Timeline2,Tobii I-VT (Fixation),1.145.28180,1080,1920,"10,00",725186706.0,,,646.0,414.0,641.0,415.0,650.0,412.0,"-0,11037","0,02280","-0,99363","-0,21445","0,02370","-0,97645","4,01","4,01",Valid,Valid,"232,8","101,8","513,1","291,3","100,4","514,6","175,8","113,6","178,3","112,9","0,2478","0,3831","0,2441","0,3844","0,2515","0,3818",thumbnail_grossTrial,thumbnail_grossTrial.png,1245.0,1080.0,337.0,0.0,798.0,692.0,Fixation,517.0,103.0,652.0,412.0,"0,2526","0,3813",,
30390,57332386,1400496603673,Eye Tracker,Participant0058,17.09.2021,Participant0058,Recording4,17.09.2021,17.09.2021,14:48:45.713,12:48:45.713,64514,Timeline2,Tobii I-VT (Fixation),1.145.28180,1080,1920,"10,00",725195037.0,,,648.0,420.0,644.0,420.0,651.0,419.0,"-0,10908","0,02518","-0,99371","-0,21439","0,02715","-0,97637",,,Valid,Valid,"232,9","102,0","513,0","291,4","100,4","514,6","176,5","115,0","178,4","114,8","0,2491","0,3886","0,2464","0,3889","0,2518","0,3883",thumbnail_grossTrial,thumbnail_grossTrial.png,1245.0,1080.0,337.0,0.0,798.0,692.0,Fixation,517.0,103.0,652.0,412.0,"0,2526","0,3813",,
30391,57340719,1400496612006,Eye Tracker,Participant0058,17.09.2021,Participant0058,Recording4,17.09.2021,17.09.2021,14:48:45.713,12:48:45.713,64514,Timeline2,Tobii I-VT (Fixation),1.145.28180,1080,1920,"10,00",725203369.0,,,645.0,422.0,642.0,409.0,649.0,436.0,"-0,11015","0,01919","-0,99373","-0,21533","0,03574","-0,97589",,,Valid,Valid,"232,8","101,9","512,9","291,3","100,4","514,6","176,0","111,8","177,8","119,2","0,2474","0,3909","0,2447","0,3783","0,2501","0,4035",thumbnail_grossTrial,thumbnail_grossTrial.png,1245.0,1080.0,337.0,0.0,798.0,692.0,Fixation,517.0,103.0,652.0,412.0,"0,2526","0,3813",,
30392,57349105,1400496620392,Eye Tracker,Participant0058,17.09.2021,Participant0058,Recording4,17.09.2021,17.09.2021,14:48:45.713,12:48:45.713,64514,Timeline2,Tobii I-VT (Fixation),1.145.28180,1080,1920,"10,00",725211755.0,,,640.0,413.0,638.0,405.0,642.0,421.0,"-0,11239","0,01733","-0,99351","-0,21885","0,02823","-0,97535","4,00","3,96",Valid,Valid,"232,8","101,9","513,0","291,4","100,3","514,7","174,8","110,8","175,9","115,2","0,2428","0,3824","0,2412","0,3749","0,2444","0,3899",thumbnail_grossTrial,thumbnail_grossTrial.png,1245.0,1080.0,337.0,0.0,798.0,692.0,Fixation,517.0,103.0,652.0,412.0,"0,2526","0,3813",,
30393,57357352,1400496628639,Eye Tracker,Participant0058,17.09.2021,Participant0058,Recording4,17.09.2021,17.09.2021,14:48:45.713,12:48:45.713,64514,Timeline2,Tobii I-VT (Fixation),1.145.28180,1080,1920,"10,00",725220002.0,,,638.0,411.0,639.0,404.0,637.0,419.0,"-0,11195","0,01665","-0,99357","-0,22136","0,02688","-0,97482",,,Valid,Valid,"232,9","101,9","512,9","291,4","100,4","514,7","175,1","110,5","174,5","114,6","0,2413","0,3808","0,2421","0,3739","0,2405","0,3876",thumbnail_grossTrial,thumbnail_grossTrial.png,1245.0,1080.0,337.0,0.0,798.0,692.0,Fixation,517.0,103.0,652.0,412.0,"0,2526","0,3813",,
30394,57365685,1400496636972,Eye Tracker,Participant0058,17.09.2021,Participant0058,Recording4,17.09.2021,17.09.2021,14:48:45.713,12:48:45.713,64514,Timeline2,Tobii I-VT (Fixation),1.145.28180,1080,1920,"10,00",725228334.0,,,641.0,406.0,642.0,410.0,640.0,402.0,"-0,11021","0,01982","-0,99371","-0,21963","0,01861","-0,97541",,,Valid,Valid,"232,8","101,8","513,0","291,3","100,3","514,7","175,9","112,1","175,4","110,1","0,2439","0,3759","0,2445","0,3792","0,2432","0,3726",thumbnail_grossTrial,thumbnail_grossTrial.png,1245.0,1080.0,337.0,0.0,798.0,692.0,Fixation,517.0,103.0,652.0,412.0,"0,2526","0,3813",,
30395,57374063,1400496645350,Eye Tracker,Participant0058,17.09.2021,Participant0058,Recording4,17.09.2021,17.09.2021,14:48:45.713,12:48:45.713,64514,Timeline2,Tobii I-VT (Fixation),1.145.28180,1080,1920,"10,00",725236712.0,,,648.0,410.0,649.0,407.0,648.0,413.0,"-0,10668","0,01864","-0,99412","-0,21550","0,02444","-0,97620","4,24","4,02",Valid,Valid,"232,8","101,8","513,0","291,3","100,2","514,8","177,7","111,4","177,7","113,1","0,2498","0,3797","0,2499","0,3768","0,2497","0,3826",thumbnail_grossTrial,thumbnail_grossTrial.png,1245.0,1080.0,337.0,0.0,798.0,692.0,Fixation,517.0,103.0,652.0,412.0,"0,2526","0,3813",,
30396,57382380,1400496653667,Eye Tracker,Participant0058,17.09.2021,Participant0058,Recording4,17.09.2021,17.09.2021,14:48:45.713,12:48:45.713,64514,Timeline2,Tobii I-VT (Fixation),1.145.28180,1080,1920,"10,00",725245029.0,,,648.0,410.0,648.0,406.0,648.0,414.0,"-0,10700","0,01793","-0,99410","-0,21589","0,02460","-0,97611",,,Valid,Valid,"232,8","101,8","513,0","291,4","100,3","514,7","177,6","111,1","177,5","113,2","0,2494","0,3794","0,2495","0,3757","0,2493","0,3831",thumbnail_grossTrial,thumbnail_grossTrial.png,1245.0,1080.0,337.0,0.0,798.0,692.0,Fixation,517.0,103.0,652.0,412.0,"0,2526","0,3813",,
30397,57390718,1400496662005,Eye Tracker,Participant0058,17.09.2021,Participant0058,Recording4,17.09.2021,17.09.2021,14:48:45.713,12:48:45.713,64514,Timeline2,Tobii I-VT (Fixation),1.145.28180,1080,1920,"10,00",725253367.0,,,645.0,414.0,644.0,411.0,646.0,418.0,"-0,10888","0,02067","-0,99384","-0,21673","0,02667","-0,97587",,,Valid,Valid,"232,8","101,7","513,1","291,3","100,2","514,8","176,6","112,4","177,0","114,3","0,2471","0,3834","0,2464","0,3802","0,2478","0,3866",thumbnail_grossTrial,thumbnail_grossTrial.png,1245.0,1080.0,337.0,0.0,798.0,692.0,Fixation,517.0,103.0,652.0,412.0,"0,2526","0,3813",,
30398,57399028,1400496670315,Eye Tracker,Participant0058,17.09.2021,Participant0058,Recording4,17.09.2021,17.09.2021,14:48:45.713,12:48:45.713,64514,Timeline2,Tobii I-VT (Fixation),1.145.28180,1080,1920,"10,00",725261676.0,,,640.0,414.0,636.0,412.0,644.0,416.0,"-0,11324","0,02145","-0,99334","-0,21764","0,02598","-0,97568","3,99","3,98",Valid,Valid,"232,8","101,6","513,2","291,3","100,1","514,8","174,3","112,7","176,5","113,8","0,2430","0,3832","0,2398","0,3813","0,2462","0,3851",thumbnail_grossTrial,thumbnail_grossTrial.png,1245.0,1080.0,337.0,0.0,798.0,692.0,Fixation,517.0,103.0,652.0,412.0,"0,2526","0,3813",,
30399,57407384,1400496678671,Eye Tracker,Participant0058,17.09.2021,Participant0058,Recording4,17.09.2021,17.09.2021,14:48:45.713,12:48:45.713,64514,Timeline2,Tobii I-VT (Fixation),1.145.28180,1080,1920,"10,00",725270032.0,,,640.0,414.0,637.0,416.0,642.0,412.0,"-0,11283","0,02348","-0,99334","-0,21865","0,02400","-0,97551",,,Valid,Valid,"232,8","101,6","513,2","291,4","100,2","514,7","174,5","113,8","176,0","112,8","0,2427","0,3833","0,2405","0,3849","0,2448","0,3818",thumbnail_grossTrial,thumbnail_grossTrial.png,1245.0,1080.0,337.0,0.0,798.0,692.0,Fixation,517.0,103.0,652.0,412.0,"0,2526","0,3813",,
30400,57415716,1400496687003,Eye Tracker,Participant0058,17.09.2021,Participant0058,Recording4,17.09.2021,17.09.2021,14:48:45.713,12:48:45.713,64514,Timeline2,Tobii I-VT (Fixation),1.145.28180,1080,1920,"10,00",725278364.0,,,645.0,419.0,647.0,431.0,642.0,408.0,"-0,10710","0,03192","-0,99374","-0,21861","0,02161","-0,97557",,,Valid,Valid,"232,8","101,5","513,3","291,3","100,1","514,8","177,5","118,0","176,0","111,5","0,2469","0,3883","0,2491","0,3994","0,2447","0,3773",thumbnail_grossTrial,thumbnail_grossTrial.png,1245.0,1080.0,337.0,0.0,798.0,692.0,Fixation,517.0,103.0,652.0,412.0,"0,2526","0,3813",,
30401,57424038,1400496695325,Eye Tracker,Participant0058,17.09.2021,Participant0058,Recording4,17.09.2021,17.09.2021,14:48:45.713,12:48:45.713,64514,Timeline2,Tobii I-VT (Fixation),1.145.28180,1080,1920,"10,00",725286686.0,,,647.0,418.0,653.0,430.0,641.0,406.0,"-0,10426","0,03158","-0,99405","-0,21900","0,02086","-0,97550","4,02","3,94",Valid,Valid,"232,8","101,5","513,4","291,3","100,0","514,8","178,9","117,8","175,7","111,0","0,2487","0,3871","0,2533","0,3986","0,2440","0,3757",thumbnail_grossTrial,thumbnail_grossTrial.png,1245.0,1080.0,337.0,0.0,798.0,692.0,Fixation,517.0,103.0,652.0,412.0,"0,2526","0,3813",,
30402,57432426,1400496703713,Eye Tracker,Participant0058,17.09.2021,Participant0058,Recording4,17.09.2021,17.09.2021,14:48:45.713,12:48:45.713,64514,Timeline2,Tobii I-VT (Fixation),1.145.28180,1080,1920,"10,00",725295073.0,,,648.0,422.0,653.0,430.0,643.0,413.0,"-0,10434","0,03151","-0,99404","-0,21800","0,02438","-0,97565",,,Valid,Valid,"232,8","101,5","513,4","291,4","100,1","514,8","178,9","117,8","176,3","113,0","0,2496","0,3904","0,2534","0,3986","0,2458","0,3823",thumbnail_grossTrial,thumbnail_grossTrial.png,1245.0,1080.0,337.0,0.0,798.0,692.0,Fixation,517.0,103.0,652.0,412.0,"0,2526","0,3813",,
30403,57440720,1400496712007,Eye Tracker,Participant0058,17.09.2021,Participant0058,Recording4,17.09.2021,17.09.2021,14:48:45.713,12:48:45.713,64514,Timeline2,Tobii I-VT (Fixation),1.145.28180,1080,1920,"10,00",725303367.0,,,647.0,432.0,655.0,427.0,640.0,437.0,"-0,10314","0,02994","-0,99422","-0,21949","0,03690","-0,97492",,,Valid,Valid,"232,7","101,5","513,5","291,3","100,1","514,8","179,5","116,9","175,4","119,6","0,2490","0,4001","0,2550","0,3956","0,2430","0,4046",thumbnail_grossTrial,thumbnail_grossTrial.png,1245.0,1080.0,337.0,0.0,798.0,692.0,Fixation,517.0,103.0,652.0,412.0,"0,2526","0,3813",,
30404,57449046,1400496720333,Eye Tracker,Participant0058,17.09.2021,Participant0058,Recording4,17.09.2021,17.09.2021,14:48:45.713,12:48:45.713,64514,Timeline2,Tobii I-VT (Fixation),1.145.28180,1080,1920,"10,00",725311693.0,,,654.0,432.0,671.0,426.0,637.0,438.0,"-0,09434","0,02950","-0,99510","-0,22089","0,03771","-0,97457","4,18","4,43",Valid,Valid,"232,7","101,4","513,6","291,3","100,0","514,9","184,0","116,6","174,6","120,0","0,2544","0,4002","0,2683","0,3945","0,2406","0,4058",thumbnail_grossTrial,thumbnail_grossTrial.png,1245.0,1080.0,337.0,0.0,798.0,692.0,Fixation,517.0,103.0,652.0,412.0,"0,2526","0,3813",,
30405,57457385,1400496728672,Eye Tracker,Participant0058,17.09.2021,Participant0058,Recording4,17.09.2021,17.09.2021,14:48:45.713,12:48:45.713,64514,Timeline2,Tobii I-VT (Fixation),1.145.28180,1080,1920,"10,00",725320032.0,,,641.0,428.0,650.0,416.0,632.0,441.0,"-0,10559","0,02380","-0,99413","-0,22328","0,03862","-0,97399",,,Valid,Valid,"232,8","101,5","513,6","291,3","100,1","514,8","178,2","113,8","173,3","120,6","0,2441","0,3964","0,2513","0,3850","0,2369","0,4079",thumbnail_grossTrial,thumbnail_grossTrial.png,1245.0,1080.0,337.0,0.0,798.0,692.0,Fixation,517.0,103.0,652.0,412.0,"0,2526","0,3813",,
30406,57465710,1400496736997,Eye Tracker,Participant0058,17.09.2021,Participant0058,Recording4,17.09.2021,17.09.2021,14:48:45.713,12:48:45.713,64514,Timeline2,Tobii I-VT (Fixation),1.145.28180,1080,1920,"10,00",725328356.0,,,644.0,412.0,650.0,405.0,638.0,420.0,"-0,10555","0,01802","-0,99425","-0,22048","0,02801","-0,97499",,,Valid,Valid,"232,7","101,5","513,7","291,2","100,1","514,9","178,1","110,8","174,8","114,9","0,2462","0,3818","0,2511","0,3748","0,2413","0,3889",thumbnail_grossTrial,thumbnail_grossTrial.png,1245.0,1080.0,337.0,0.0,798.0,692.0,Fixation,517.0,103.0,652.0,412.0,"0,2526","0,3813",,
30407,57474129,1400496745416,Eye Tracker,Participant0058,17.09.2021,Participant0058,Recording4,17.09.2021,17.09.2021,14:48:45.713,12:48:45.713,64514,Timeline2,Tobii I-VT (Fixation),1.145.28180,1080,1920,"10,00",725336775.0,,,639.0,415.0,637.0,407.0,640.0,423.0,"-0,11205","0,01938","-0,99351","-0,21927","0,02976","-0,97521","3,99","3,99",Valid,Valid,"232,7","101,4","513,8","291,2","100,1","515,0","174,7","111,5","175,4","115,8","0,2421","0,3845","0,2411","0,3771","0,2431","0,3918",thumbnail_grossTrial,thumbnail_grossTrial.png,1245.0,1080.0,337.0,0.0,798.0,692.0,Fixation,517.0,103.0,652.0,412.0,"0,2526","0,3813",,
30408,57482385,1400496753672,Eye Tracker,Participant0058,17.09.2021,Participant0058,Recording4,17.09.2021,17.09.2021,14:48:45.713,12:48:45.713,64514,Timeline2,Tobii I-VT (Fixation),1.145.28180,1080,1920,"10,00",725345031.0,,,642.0,405.0,636.0,406.0,648.0,404.0,"-0,11291","0,01861","-0,99343","-0,21546","0,01970","-0,97631",,,Valid,Valid,"232,7","101,5","513,8","291,3","100,2","514,9","174,3","111,2","177,6","110,6","0,2447","0,3752","0,2399","0,3761","0,2496","0,3742",thumbnail_grossTrial,thumbnail_grossTrial.png,1245.0,1080.0,337.0,0.0,798.0,692.0,Fixation,517.0,103.0,652.0,412.0,"0,2526","0,3813",,
30409,57490673,1400496761960,Eye Tracker,Participant0058,17.09.2021,Participant0058,Recording4,17.09.2021,17.09.2021,14:48:45.713,12:48:45.713,64514,Timeline2,Tobii I-VT (Fixation),1.145.28180,1080,1920,"10,00",725353319.0,,,641.0,411.0,638.0,397.0,643.0,425.0,"-0,11150","0,01366","-0,99367","-0,21766","0,03062","-0,97554",,,Valid,Valid,"232,6","101,5","513,8","291,2","100,2","515,0","175,0","108,6","176,3","116,4","0,2438","0,3806","0,2418","0,3674","0,2457","0,3938",thumbnail_grossTrial,thumbnail_grossTrial.png,1245.0,1080.0,337.0,0.0,798.0,692.0,Fixation,517.0,103.0,652.0,412.0,"0,2526","0,3813",,
30410,57499045,1400496770332,Eye Tracker,Participant0058,17.09.2021,Participant0058,Recording4,17.09.2021,17.09.2021,14:48:45.713,12:48:45.713,64514,Timeline2,Tobii I-VT (Fixation),1.145.28180,1080,1920,"10,00",725361690.0,,,645.0,403.0,648.0,392.0,642.0,415.0,"-0,10637","0,01113","-0,99426","-0,21810","0,02517","-0,97560","4,19","3,93",Valid,Valid,"232,6","101,5","513,9","291,2","100,2","515,1","177,7","107,3","176,1","113,5","0,2473","0,3734","0,2497","0,3630","0,2450","0,3839",thumbnail_grossTrial,thumbnail_grossTrial.png,1245.0,1080.0,337.0,0.0,798.0,692.0,Fixation,517.0,103.0,652.0,412.0,"0,2526","0,3813",,
30411,57507353,1400496778640,Eye Tracker,Participant0058,17.09.2021,Participant0058,Recording4,17.09.2021,17.09.2021,14:48:45.713,12:48:45.713,64514,Timeline2,Tobii I-VT (Fixation),1.145.28180,1080,1920,"10,00",725369998.0,,,644.0,410.0,647.0,393.0,640.0,428.0,"-0,10693","0,01131","-0,99420","-0,21952","0,03172","-0,97509",,,Valid,Valid,"232,7","101,6","513,9","291,3","100,3","515,0","177,5","107,5","175,3","117,0","0,2460","0,3798","0,2491","0,3636","0,2429","0,3960",thumbnail_grossTrial,thumbnail_grossTrial.png,1245.0,1080.0,337.0,0.0,798.0,692.0,Fixation,517.0,103.0,652.0,412.0,"0,2526","0,3813",,
30412,57515756,1400496787043,Eye Tracker,Participant0058,17.09.2021,Participant0058,Recording4,17.09.2021,17.09.2021,14:48:45.713,12:48:45.713,64514,Timeline2,Tobii I-VT (Fixation),1.145.28180,1080,1920,"10,00",725378401.0,,,658.0,426.0,674.0,423.0,641.0,429.0,"-0,09302","0,02736","-0,99529","-0,21877","0,03267","-0,97523",,,Valid,Valid,"232,7","101,6","513,9","291,3","100,3","515,1","184,7","115,7","175,7","117,5","0,2571","0,3946","0,2702","0,3915","0,2440","0,3976",thumbnail_grossTrial,thumbnail_grossTrial.png,1245.0,1080.0,337.0,0.0,798.0,692.0,Fixation,517.0,103.0,652.0,412.0,"0,2526","0,3813",,
30413,57524037,1400496795324,Eye Tracker,Participant0058,17.09.2021,Participant0058,Recording4,17.09.2021,17.09.2021,14:48:45.713,12:48:45.713,64514,Timeline2,Tobii I-VT (Fixation),1.145.28180,1080,1920,"10,00",725386682.0,,,654.0,421.0,656.0,408.0,651.0,434.0,"-0,10259","0,01930","-0,99454","-0,21382","0,03515","-0,97624","4,27","4,40",Valid,Valid,"232,8","101,6","513,9","291,3","100,2","515,1","179,8","111,5","178,5","118,7","0,2540","0,3896","0,2558","0,3774","0,2521","0,4018",thumbnail_grossTrial,thumbnail_grossTrial.png,1245.0,1080.0,337.0,0.0,798.0,692.0,Fixation,517.0,103.0,652.0,412.0,"0,2526","0,3813",,
30414,57532344,1400496803631,Eye Tracker,Participant0058,17.09.2021,Participant0058,Recording4,17.09.2021,17.09.2021,14:48:45.713,12:48:45.713,64514,Timeline2,Tobii I-VT (Fixation),1.145.28180,1080,1920,"10,00",725394988.0,,,664.0,415.0,669.0,404.0,659.0,427.0,"-0,09559","0,01702","-0,99528","-0,21022","0,03150","-0,97715",,,Valid,Valid,"232,8","101,7","513,8","291,4","100,3","515,1","183,5","110,4","180,6","116,9","0,2625","0,3846","0,2667","0,3737","0,2582","0,3955",thumbnail_grossTrial,thumbnail_grossTrial.png,1245.0,1080.0,337.0,0.0,798.0,692.0,Fixation,517.0,103.0,652.0,412.0,"0,2526","0,3813",,
30415,57540698,1400496811985,Eye Tracker,Participant0058,17.09.2021,Participant0058,Recording4,17.09.2021,17.09.2021,14:48:45.713,12:48:45.713,64514,Timeline2,Tobii I-VT (Fixation),1.145.28180,1080,1920,"10,00",725403342.0,,,680.0,418.0,699.0,410.0,662.0,425.0,"-0,07994","0,02070","-0,99658","-0,20875","0,03059","-0,97749",,,Valid,Valid,"232,8","101,6","513,8","291,4","100,3","515,1","191,6","112,3","181,4","116,4","0,2754","0,3869","0,2904","0,3799","0,2605","0,3938",thumbnail_grossTrial,thumbnail_grossTrial.png,1245.0,1080.0,337.0,0.0,798.0,692.0,Fixation,517.0,103.0,652.0,412.0,"0,2526","0,3813",,
30416,57549018,1400496820305,Eye Tracker,Participant0058,17.09.2021,Participant0058,Recording4,17.09.2021,17.09.2021,14:48:45.713,12:48:45.713,64514,Timeline2,Tobii I-VT (Fixation),1.145.28180,1080,1920,"10,00",725411662.0,,,663.0,415.0,668.0,400.0,658.0,430.0,"-0,09625","0,01530","-0,99524","-0,21074","0,03327","-0,97698","4,23","4,41",Valid,Valid,"232,8","101,6","513,8","291,3","100,2","515,1","183,1","109,5","180,2","117,7","0,2614","0,3844","0,2657","0,3705","0,2572","0,3983",thumbnail_grossTrial,thumbnail_grossTrial.png,1245.0,1080.0,337.0,0.0,798.0,692.0,Fixation,517.0,103.0,652.0,412.0,"0,2526","0,3813",,
30417,57557348,1400496828635,Eye Tracker,Participant0058,17.09.2021,Participant0058,Recording4,17.09.2021,17.09.2021,14:48:45.713,12:48:45.713,64514,Timeline2,Tobii I-VT (Fixation),1.145.28180,1080,1920,"10,00",725419991.0,,,674.0,418.0,688.0,412.0,660.0,424.0,"-0,08564","0,02133","-0,99610","-0,20964","0,03020","-0,97731",,,Valid,Valid,"232,9","101,7","513,7","291,4","100,3","515,1","188,7","112,7","180,9","116,2","0,2706","0,3871","0,2820","0,3812","0,2592","0,3930",thumbnail_grossTrial,thumbnail_grossTrial.png,1245.0,1080.0,337.0,0.0,798.0,692.0,Fixation,517.0,103.0,652.0,412.0,"0,2526","0,3813",,
30418,57565681,1400496836968,Eye Tracker,Participant0058,17.09.2021,Participant0058,Recording4,17.09.2021,17.09.2021,14:48:45.713,12:48:45.713,64514,Timeline2,Tobii I-VT (Fixation),1.145.28180,1080,1920,"10,00",725428324.0,,,651.0,412.0,644.0,402.0,658.0,423.0,"-0,10873","0,01607","-0,99394","-0,21065","0,02964","-0,97711",,,Valid,Valid,"232,8","101,6","513,6","291,4","100,2","515,1","176,6","109,9","180,3","115,8","0,2520","0,3819","0,2466","0,3718","0,2574","0,3919",thumbnail_grossTrial,thumbnail_grossTrial.png,1245.0,1080.0,337.0,0.0,798.0,692.0,Fixation,517.0,103.0,652.0,412.0,"0,2526","0,3813",,
30419,57574035,1400496845322,Eye Tracker,Participant0058,17.09.2021,Participant0058,Recording4,17.09.2021,17.09.2021,14:48:45.713,12:48:45.713,64514,Timeline2,Tobii I-VT (Fixation),1.145.28180,1080,1920,"10,00",725436678.0,,,673.0,426.0,687.0,432.0,659.0,420.0,"-0,08607","0,03220","-0,99577","-0,21002","0,02813","-0,97729","4,18","4,45",Valid,Valid,"232,8","101,5","513,7","291,3","100,1","515,1","188,4","118,1","180,6","114,9","0,2698","0,3943","0,2811","0,3997","0,2584","0,3888",thumbnail_grossTrial,thumbnail_grossTrial.png,1245.0,1080.0,337.0,0.0,798.0,692.0,Fixation,517.0,103.0,652.0,412.0,"0,2526","0,3813",,
30420,57582366,1400496853653,Eye Tracker,Participant0058,17.09.2021,Participant0058,Recording4,17.09.2021,17.09.2021,14:48:45.713,12:48:45.713,64514,Timeline2,Tobii I-VT (Fixation),1.145.28180,1080,1920,"10,00",725445009.0,,,662.0,423.0,669.0,419.0,656.0,427.0,"-0,09610","0,02518","-0,99505","-0,21162","0,03147","-0,97684",,,Valid,Valid,"232,8","101,6","513,6","291,4","100,1","515,0","183,2","114,6","179,8","116,7","0,2610","0,3913","0,2660","0,3876","0,2560","0,3950",thumbnail_grossTrial,thumbnail_grossTrial.png,1245.0,1080.0,337.0,0.0,798.0,692.0,Fixation,517.0,103.0,652.0,412.0,"0,2526","0,3813",,
30421,57590772,1400496862059,Eye Tracker,Participant0058,17.09.2021,Participant0058,Recording4,17.09.2021,17.09.2021,14:48:45.713,12:48:45.713,64514,Timeline2,Tobii I-VT (Fixation),1.145.28180,1080,1920,"10,00",725453414.0,,,663.0,410.0,667.0,409.0,659.0,412.0,"-0,09665","0,02038","-0,99511","-0,20998","0,02381","-0,97742",,,Valid,Valid,"232,8","101,5","513,6","291,4","100,1","515,1","182,9","112,0","180,7","112,6","0,2618","0,3800","0,2650","0,3789","0,2586","0,3810",thumbnail_grossTrial,thumbnail_grossTrial.png,1245.0,1080.0,337.0,0.0,798.0,692.0,Fixation,517.0,103.0,652.0,412.0,"0,2526","0,3813",,
30422,57599087,1400496870374,Eye Tracker,Participant0058,17.09.2021,Participant0058,Recording4,17.09.2021,17.09.2021,14:48:45.713,12:48:45.713,64514,Timeline2,Tobii I-VT (Fixation),1.145.28180,1080,1920,"10,00",725461729.0,,,669.0,417.0,668.0,416.0,669.0,418.0,"-0,09618","0,02437","-0,99507","-0,20502","0,02743","-0,97837","4,15","3,94",Valid,Valid,"232,8","101,3","513,7","291,3","99,9","515,1","183,1","113,9","183,4","114,3","0,2660","0,3862","0,2656","0,3855","0,2664","0,3869",thumbnail_grossTrial,thumbnail_grossTrial.png,1245.0,1080.0,337.0,0.0,798.0,692.0,Fixation,517.0,103.0,652.0,412.0,"0,2526","0,3813",,
30423,57607421,1400496878708,Eye Tracker,Participant0058,17.09.2021,Participant0058,Recording4,17.09.2021,17.09.2021,14:48:45.713,12:48:45.713,64514,Timeline2,Tobii I-VT (Fixation),1.145.28180,1080,1920,"10,00",725470063.0,,,660.0,416.0,649.0,407.0,670.0,425.0,"-0,10619","0,01929","-0,99416","-0,20454","0,03108","-0,97837",,,Valid,Valid,"232,8","101,4","513,7","291,4","100,0","515,0","178,0","111,4","183,7","116,4","0,2590","0,3853","0,2506","0,3768","0,2675","0,3937",thumbnail_grossTrial,thumbnail_grossTrial.png,1245.0,1080.0,337.0,0.0,798.0,692.0,Fixation,517.0,103.0,652.0,412.0,"0,2526","0,3813",,
30424,57615699,1400496886986,Eye Tracker,Participant0058,17.09.2021,Participant0058,Recording4,17.09.2021,17.09.2021,14:48:45.713,12:48:45.713,64514,Timeline2,Tobii I-VT (Fixation),1.145.28180,1080,1920,"10,00",725478341.0,,,661.0,418.0,652.0,410.0,669.0,427.0,"-0,10457","0,02100","-0,99430","-0,20494","0,03216","-0,97825",,,Valid,Valid,"232,8","101,3","513,7","291,4","99,9","515,1","178,8","112,1","183,5","116,9","0,2598","0,3874","0,2529","0,3794","0,2667","0,3954",thumbnail_grossTrial,thumbnail_grossTrial.png,1245.0,1080.0,337.0,0.0,798.0,692.0,Fixation,517.0,103.0,652.0,412.0,"0,2526","0,3813",,
30425,57624013,1400496895300,Eye Tracker,Participant0058,17.09.2021,Participant0058,Recording4,17.09.2021,17.09.2021,14:48:45.713,12:48:45.713,64514,Timeline2,Tobii I-VT (Fixation),1.145.28180,1080,1920,"10,00",725486654.0,,,665.0,417.0,672.0,425.0,658.0,409.0,"-0,09409","0,02927","-0,99513","-0,21066","0,02271","-0,97730","4,01","3,94",Valid,Valid,"232,8","101,2","513,8","291,4","99,8","515,1","184,2","116,3","180,3","111,8","0,2632","0,3859","0,2689","0,3935","0,2575","0,3783",thumbnail_grossTrial,thumbnail_grossTrial.png,1245.0,1080.0,337.0,0.0,798.0,692.0,Fixation,517.0,103.0,652.0,412.0,"0,2526","0,3813",,
30426,57632375,1400496903662,Eye Tracker,Participant0058,17.09.2021,Participant0058,Recording4,17.09.2021,17.09.2021,14:48:45.713,12:48:45.713,64514,Timeline2,Tobii I-VT (Fixation),1.145.28180,1080,1920,"10,00",725495016.0,,,659.0,408.0,659.0,412.0,659.0,404.0,"-0,10098","0,02234","-0,99464","-0,21025","0,02010","-0,97744",,,Valid,Valid,"232,9","101,2","513,8","291,4","99,9","515,0","180,7","112,8","180,6","110,5","0,2585","0,3777","0,2585","0,3816","0,2584","0,3739",thumbnail_grossTrial,thumbnail_grossTrial.png,1245.0,1080.0,337.0,0.0,798.0,692.0,Fixation,517.0,103.0,652.0,412.0,"0,2526","0,3813",,
30427,57640696,1400496911983,Eye Tracker,Participant0058,17.09.2021,Participant0058,Recording4,17.09.2021,17.09.2021,14:48:45.713,12:48:45.713,64514,Timeline2,Tobii I-VT (Fixation),1.145.28180,1080,1920,"10,00",725503337.0,,,659.0,401.0,657.0,401.0,661.0,401.0,"-0,10185","0,01650","-0,99466","-0,20901","0,01877","-0,97773",,,Valid,Valid,"232,8","101,2","513,9","291,4","99,9","515,1","180,2","109,7","181,3","109,7","0,2586","0,3712","0,2570","0,3711","0,2603","0,3713",thumbnail_grossTrial,thumbnail_grossTrial.png,1245.0,1080.0,337.0,0.0,798.0,692.0,Fixation,517.0,103.0,652.0,412.0,"0,2526","0,3813",,
30428,57649009,1400496920296,Eye Tracker,Participant0058,17.09.2021,Participant0058,Recording4,17.09.2021,17.09.2021,14:48:45.713,12:48:45.713,64514,Timeline2,Tobii I-VT (Fixation),1.145.28180,1080,1920,"10,00",725511650.0,,,664.0,400.0,665.0,396.0,663.0,404.0,"-0,09773","0,01430","-0,99511","-0,20830","0,02036","-0,97785","4,16","3,92",Valid,Valid,"232,8","101,1","514,0","291,4","99,8","515,1","182,3","108,5","181,6","110,5","0,2623","0,3705","0,2633","0,3670","0,2613","0,3740",thumbnail_grossTrial,thumbnail_grossTrial.png,1245.0,1080.0,337.0,0.0,798.0,692.0,Fixation,517.0,103.0,652.0,412.0,"0,2526","0,3813",,
30429,57657382,1400496928669,Eye Tracker,Participant0058,17.09.2021,Participant0058,Recording4,17.09.2021,17.09.2021,14:48:45.713,12:48:45.713,64514,Timeline2,Tobii I-VT (Fixation),1.145.28180,1080,1920,"10,00",725520022.0,,,660.0,395.0,657.0,384.0,664.0,406.0,"-0,10225","0,00768","-0,99473","-0,20792","0,02141","-0,97791",,,Valid,Valid,"232,8","101,1","514,1","291,4","99,9","515,1","180,0","105,1","181,9","111,2","0,2593","0,3659","0,2565","0,3556","0,2621","0,3761",thumbnail_grossTrial,thumbnail_grossTrial.png,1245.0,1080.0,337.0,0.0,798.0,692.0,Saccade,17.0,224.0,,,,,,
30430,57665700,1400496936987,Eye Tracker,Participant0058,17.09.2021,Participant0058,Recording4,17.09.2021,17.09.2021,14:48:45.713,12:48:45.713,64514,Timeline2,Tobii I-VT (Fixation),1.145.28180,1080,1920,"10,00",725528340.0,,,672.0,420.0,684.0,416.0,660.0,424.0,"-0,08747","0,02486","-0,99586","-0,20967","0,03085","-0,97728",,,Valid,Valid,"232,8","101,1","514,2","291,4","99,9","515,1","187,6","113,9","180,8","116,1","0,2689","0,3892","0,2788","0,3854","0,2590","0,3930",thumbnail_grossTrial,thumbnail_grossTrial.png,1245.0,1080.0,337.0,0.0,798.0,692.0,Saccade,17.0,224.0,,,,,,
30431,57674030,1400496945317,Eye Tracker,Participant0058,17.09.2021,Participant0058,Recording4,17.09.2021,17.09.2021,14:48:45.713,12:48:45.713,64514,Timeline2,Tobii I-VT (Fixation),1.145.28180,1080,1920,"10,00",725536670.0,,,674.0,424.0,690.0,426.0,659.0,423.0,"-0,08454","0,02986","-0,99597","-0,20996","0,03041","-0,97724","4,14","3,90",Valid,Valid,"232,7","101,0","514,3","291,3","99,9","515,2","189,1","116,4","180,6","115,9","0,2707","0,3930","0,2831","0,3940","0,2584","0,3921",thumbnail_grossTrial,thumbnail_grossTrial.png,1245.0,1080.0,337.0,0.0,798.0,692.0,Unclassified,8.0,539.0,,,,,,
30432,57682357,1400496953644,Eye Tracker,Participant0058,17.09.2021,Participant0058,Recording4,17.09.2021,17.09.2021,14:48:45.713,12:48:45.713,64514,Timeline2,Tobii I-VT (Fixation),1.145.28180,1080,1920,"10,00",725544997.0,,,674.0,425.0,690.0,425.0,658.0,424.0,"-0,08472","0,02955","-0,99597","-0,21042","0,03040","-0,97714",,,Valid,Valid,"232,8","101,2","514,3","291,4","100,0","515,2","189,0","116,4","180,4","116,0","0,2704","0,3932","0,2830","0,3939","0,2577","0,3925",thumbnail_grossTrial,thumbnail_grossTrial.png,1245.0,1080.0,337.0,0.0,798.0,692.0,Saccade,17.0,225.0,,,,,,
30433,57690701,1400496961988,Eye Tracker,Participant0058,17.09.2021,Participant0058,Recording4,17.09.2021,17.09.2021,14:48:45.713,12:48:45.713,64514,Timeline2,Tobii I-VT (Fixation),1.145.28180,1080,1920,"10,00",725553340.0,,,662.0,405.0,665.0,403.0,660.0,407.0,"-0,09759","0,01749","-0,99507","-0,20947","0,02149","-0,97758",,,Valid,Valid,"232,7","101,1","514,4","291,3","100,0","515,3","182,2","110,2","180,9","111,3","0,2611","0,3747","0,2631","0,3728","0,2591","0,3767",thumbnail_grossTrial,thumbnail_grossTrial.png,1245.0,1080.0,337.0,0.0,798.0,692.0,Saccade,17.0,225.0,,,,,,
30434,57699019,1400496970306,Eye Tracker,Participant0058,17.09.2021,Participant0058,Recording4,17.09.2021,17.09.2021,14:48:45.713,12:48:45.713,64514,Timeline2,Tobii I-VT (Fixation),1.145.28180,1080,1920,"10,00",725561658.0,,,662.0,407.0,664.0,405.0,660.0,408.0,"-0,09807","0,01874","-0,99500","-0,20934","0,02219","-0,97759","4,12","3,89",Valid,Valid,"232,7","101,1","514,5","291,3","100,0","515,4","182,0","110,8","180,9","111,7","0,2608","0,3764","0,2623","0,3750","0,2592","0,3779",thumbnail_grossTrial,thumbnail_grossTrial.png,1245.0,1080.0,337.0,0.0,798.0,692.0,Fixation,92.0,104.0,660.0,413.0,"0,2592","0,3822",,
30435,57707360,1400496978647,Eye Tracker,Participant0058,17.09.2021,Participant0058,Recording4,17.09.2021,17.09.2021,14:48:45.713,12:48:45.713,64514,Timeline2,Tobii I-VT (Fixation),1.145.28180,1080,1920,"10,00",725569999.0,,,659.0,402.0,661.0,399.0,656.0,406.0,"-0,09985","0,01545","-0,99488","-0,21125","0,02064","-0,97721",,,Valid,Valid,"232,8","101,3","514,5","291,3","100,1","515,4","181,1","109,3","179,9","111,0","0,2580","0,3726","0,2598","0,3697","0,2563","0,3755",thumbnail_grossTrial,thumbnail_grossTrial.png,1245.0,1080.0,337.0,0.0,798.0,692.0,Fixation,92.0,104.0,660.0,413.0,"0,2592","0,3822",,
30436,57715692,1400496986979,Eye Tracker,Participant0058,17.09.2021,Participant0058,Recording4,17.09.2021,17.09.2021,14:48:45.713,12:48:45.713,64514,Timeline2,Tobii I-VT (Fixation),1.145.28180,1080,1920,"10,00",725578331.0,,,671.0,429.0,687.0,436.0,655.0,421.0,"-0,08591","0,03481","-0,99569","-0,21181","0,02880","-0,97689",,,Valid,Valid,"232,7","101,3","514,5","291,3","100,1","515,4","188,3","119,3","179,5","115,3","0,2680","0,3968","0,2808","0,4036","0,2552","0,3901",thumbnail_grossTrial,thumbnail_grossTrial.png,1245.0,1080.0,337.0,0.0,798.0,692.0,Fixation,92.0,104.0,660.0,413.0,"0,2592","0,3822",,
30437,57724005,1400496995292,Eye Tracker,Participant0058,17.09.2021,Participant0058,Recording4,17.09.2021,17.09.2021,14:48:45.713,12:48:45.713,64514,Timeline2,Tobii I-VT (Fixation),1.145.28180,1080,1920,"10,00",725586643.0,,,658.0,415.0,662.0,408.0,653.0,423.0,"-0,09910","0,01985","-0,99488","-0,21259","0,02966","-0,97669","4,11","3,88",Valid,Valid,"232,7","101,3","514,6","291,3","100,1","515,5","181,4","111,5","179,1","115,7","0,2573","0,3845","0,2608","0,3774","0,2538","0,3916",thumbnail_grossTrial,thumbnail_grossTrial.png,1245.0,1080.0,337.0,0.0,798.0,692.0,Fixation,92.0,104.0,660.0,413.0,"0,2592","0,3822",,
30438,57732335,1400497003622,Eye Tracker,Participant0058,17.09.2021,Participant0058,Recording4,17.09.2021,17.09.2021,14:48:45.713,12:48:45.713,64514,Timeline2,Tobii I-VT (Fixation),1.145.28180,1080,1920,"10,00",725594973.0,,,659.0,414.0,665.0,412.0,653.0,416.0,"-0,09746","0,02199","-0,99500","-0,21295","0,02609","-0,97672",,,Valid,Valid,"232,8","101,4","514,5","291,4","100,2","515,5","182,4","112,8","179,0","113,9","0,2585","0,3835","0,2635","0,3815","0,2535","0,3855",thumbnail_grossTrial,thumbnail_grossTrial.png,1245.0,1080.0,337.0,0.0,798.0,692.0,Fixation,92.0,104.0,660.0,413.0,"0,2592","0,3822",,
30439,57740698,1400497011985,Eye Tracker,Participant0058,17.09.2021,Participant0058,Recording4,17.09.2021,17.09.2021,14:48:45.713,12:48:45.713,64514,Timeline2,Tobii I-VT (Fixation),1.145.28180,1080,1920,"10,00",725603336.0,,,671.0,412.0,690.0,423.0,653.0,401.0,"-0,08458","0,02779","-0,99603","-0,21275","0,01812","-0,97694",,,Valid,Valid,"232,7","101,4","514,5","291,3","100,1","515,6","189,0","115,7","179,0","109,7","0,2683","0,3814","0,2830","0,3916","0,2537","0,3712",thumbnail_grossTrial,thumbnail_grossTrial.png,1245.0,1080.0,337.0,0.0,798.0,692.0,Fixation,92.0,104.0,660.0,413.0,"0,2592","0,3822",,
30440,57748999,1400497020286,Eye Tracker,Participant0058,17.09.2021,Participant0058,Recording4,17.09.2021,17.09.2021,14:48:45.713,12:48:45.713,64514,Timeline2,Tobii I-VT (Fixation),1.145.28180,1080,1920,"10,00",725611636.0,,,658.0,403.0,662.0,408.0,654.0,398.0,"-0,09934","0,01990","-0,99485","-0,21224","0,01684","-0,97707","4,15","3,87",Valid,Valid,"232,8","101,4","514,5","291,3","100,1","515,7","181,4","111,7","179,3","109,0","0,2575","0,3732","0,2606","0,3778","0,2545","0,3686",thumbnail_grossTrial,thumbnail_grossTrial.png,1245.0,1080.0,337.0,0.0,798.0,692.0,Fixation,92.0,104.0,660.0,413.0,"0,2592","0,3822",,
30441,57757322,1400497028609,Eye Tracker,Participant0058,17.09.2021,Participant0058,Recording4,17.09.2021,17.09.2021,14:48:45.713,12:48:45.713,64514,Timeline2,Tobii I-VT (Fixation),1.145.28180,1080,1920,"10,00",725619959.0,,,659.0,421.0,667.0,414.0,652.0,427.0,"-0,09657","0,02286","-0,99506","-0,21355","0,03187","-0,97641",,,Valid,Valid,"232,8","101,5","514,4","291,4","100,1","515,7","182,9","113,3","178,6","117,0","0,2587","0,3895","0,2649","0,3833","0,2524","0,3957",thumbnail_grossTrial,thumbnail_grossTrial.png,1245.0,1080.0,337.0,0.0,798.0,692.0,Fixation,92.0,104.0,660.0,413.0,"0,2592","0,3822",,
30442,57765653,1400497036940,Eye Tracker,Participant0058,17.09.2021,Participant0058,Recording4,17.09.2021,17.09.2021,14:48:45.713,12:48:45.713,64514,Timeline2,Tobii I-VT (Fixation),1.145.28180,1080,1920,"10,00",725628290.0,,,658.0,416.0,665.0,404.0,652.0,428.0,"-0,09753","0,01752","-0,99508","-0,21341","0,03218","-0,97643",,,Valid,Valid,"232,7","101,4","514,4","291,4","100,1","515,7","182,3","110,5","178,6","117,1","0,2579","0,3849","0,2633","0,3738","0,2525","0,3960",thumbnail_grossTrial,thumbnail_grossTrial.png,1245.0,1080.0,337.0,0.0,798.0,692.0,Fixation,92.0,104.0,660.0,413.0,"0,2592","0,3822",,
30443,57774022,1400497045309,Eye Tracker,Participant0058,17.09.2021,Participant0058,Recording4,17.09.2021,17.09.2021,14:48:45.713,12:48:45.713,64514,Timeline2,Tobii I-VT (Fixation),1.145.28180,1080,1920,"10,00",725636659.0,,,660.0,419.0,670.0,410.0,649.0,428.0,"-0,09482","0,02097","-0,99527","-0,21486","0,03278","-0,97610","4,08","3,85",Valid,Valid,"232,7","101,3","514,4","291,3","99,9","515,8","183,7","112,2","177,8","117,3","0,2588","0,3882","0,2675","0,3796","0,2501","0,3967",thumbnail_grossTrial,thumbnail_grossTrial.png,1245.0,1080.0,337.0,0.0,798.0,692.0,Fixation,92.0,104.0,660.0,413.0,"0,2592","0,3822",,
30444,57782345,1400497053632,Eye Tracker,Participant0058,17.09.2021,Participant0058,Recording4,17.09.2021,17.09.2021,14:48:45.713,12:48:45.713,64514,Timeline2,Tobii I-VT (Fixation),1.145.28180,1080,1920,"10,00",725644981.0,,,664.0,407.0,670.0,411.0,658.0,403.0,"-0,09530","0,02163","-0,99521","-0,21032","0,01945","-0,97744",,,Valid,Valid,"232,8","101,4","514,3","291,4","100,0","515,8","183,6","112,6","180,4","110,2","0,2624","0,3769","0,2669","0,3809","0,2578","0,3730",thumbnail_grossTrial,thumbnail_grossTrial.png,1245.0,1080.0,337.0,0.0,798.0,692.0,Fixation,92.0,104.0,660.0,413.0,"0,2592","0,3822",,
30445,57790695,1400497061982,Eye Tracker,Participant0058,17.09.2021,Participant0058,Recording4,17.09.2021,17.09.2021,14:48:45.713,12:48:45.713,64514,Timeline2,Tobii I-VT (Fixation),1.145.28180,1080,1920,"10,00",725653331.0,,,664.0,410.0,671.0,405.0,657.0,415.0,"-0,09483","0,01837","-0,99532","-0,21103","0,02568","-0,97714",,,Valid,Valid,"232,8","101,3","514,3","291,4","99,9","515,8","183,8","110,8","180,0","113,4","0,2621","0,3794","0,2676","0,3749","0,2566","0,3838",thumbnail_grossTrial,thumbnail_grossTrial.png,1245.0,1080.0,337.0,0.0,798.0,692.0,Saccade,17.0,226.0,,,,,,
30446,57798991,1400497070278,Eye Tracker,Participant0058,17.09.2021,Participant0058,Recording4,17.09.2021,17.09.2021,14:48:45.713,12:48:45.713,64514,Timeline2,Tobii I-VT (Fixation),1.145.28180,1080,1920,"10,00",725661627.0,,,693.0,412.0,695.0,401.0,692.0,422.0,"-0,08249","0,01670","-0,99645","-0,19399","0,02986","-0,98055","4,19","4,31",Valid,Valid,"233,0","101,3","514,3","291,6","99,7","515,8","190,4","109,9","189,5","115,5","0,2858","0,3812","0,2871","0,3717","0,2845","0,3906",thumbnail_grossTrial,thumbnail_grossTrial.png,1245.0,1080.0,337.0,0.0,798.0,692.0,Saccade,17.0,226.0,,,,,,
30447,57807339,1400497078626,Eye Tracker,Participant0058,17.09.2021,Participant0058,Recording4,17.09.2021,17.09.2021,14:48:45.713,12:48:45.713,64514,Timeline2,Tobii I-VT (Fixation),1.145.28180,1080,1920,"10,00",725669975.0,,,,,,,,,,,,,,,,,Invalid,Invalid,,,,,,,,,,,,,,,,,thumbnail_grossTrial,thumbnail_grossTrial.png,1245.0,1080.0,337.0,0.0,798.0,692.0,EyesNotFound,8.0,484.0,,,,,,
30448,57815679,1400497086966,Eye Tracker,Participant0058,17.09.2021,Participant0058,Recording4,17.09.2021,17.09.2021,14:48:45.713,12:48:45.713,64514,Timeline2,Tobii I-VT (Fixation),1.145.28180,1080,1920,"10,00",725678314.0,,,744.0,408.0,749.0,398.0,739.0,418.0,"-0,05535","0,01514","-0,99835","-0,17102","0,02817","-0,98486",,,Valid,Valid,"233,7","101,2","514,1","292,2","99,7","515,9","205,2","109,0","202,6","114,4","0,3265","0,3780","0,3303","0,3688","0,3228","0,3872",thumbnail_grossTrial,thumbnail_grossTrial.png,1245.0,1080.0,337.0,0.0,798.0,692.0,Saccade,25.0,227.0,,,,,,
30449,57823993,1400497095280,Eye Tracker,Participant0058,17.09.2021,Participant0058,Recording4,17.09.2021,17.09.2021,14:48:45.713,12:48:45.713,64514,Timeline2,Tobii I-VT (Fixation),1.145.28180,1080,1920,"10,00",725686628.0,,,838.0,392.0,836.0,395.0,840.0,390.0,"-0,00939","0,01383","-0,99986","-0,11969","0,01362","-0,99272","3,96","3,83",Valid,Valid,"234,0","101,1","513,9","292,5","99,5","516,0","229,1","108,2","230,3","106,6","0,4021","0,3634","0,4004","0,3661","0,4038","0,3607",thumbnail_grossTrial,thumbnail_grossTrial.png,1245.0,1080.0,337.0,0.0,798.0,692.0,Saccade,25.0,227.0,,,,,,
30450,57832317,1400497103604,Eye Tracker,Participant0058,17.09.2021,Participant0058,Recording4,17.09.2021,17.09.2021,14:48:45.713,12:48:45.713,64514,Timeline2,Tobii I-VT (Fixation),1.145.28180,1080,1920,"10,00",725694952.0,,,1003.0,381.0,991.0,382.0,1015.0,381.0,"0,07297","0,00655","-0,99731","-0,02781","0,00893","-0,99957",,,Valid,Valid,"234,1","101,1","513,9","292,6","99,6","515,9","271,7","104,5","278,2","104,2","0,5347","0,3530","0,5251","0,3536","0,5443","0,3524",thumbnail_grossTrial,thumbnail_grossTrial.png,1245.0,1080.0,337.0,0.0,798.0,692.0,Saccade,25.0,227.0,,,,,,
30451,57840647,1400497111934,Eye Tracker,Participant0058,17.09.2021,Participant0058,Recording4,17.09.2021,17.09.2021,14:48:45.713,12:48:45.713,64514,Timeline2,Tobii I-VT (Fixation),1.145.28180,1080,1920,"10,00",725703282.0,,,1034.0,384.0,,,1034.0,384.0,,,,"-0,01768","0,01070","-0,99979",,,Invalid,Valid,,,,"292,5","99,5","515,9",,,"283,4","105,1","0,5595","0,3555",,,"0,5595","0,3555",thumbnail_grossTrial,thumbnail_grossTrial.png,1245.0,1080.0,337.0,0.0,798.0,692.0,Unclassified,17.0,540.0,,,,,,
30452,57848999,1400497120286,Eye Tracker,Participant0058,17.09.2021,Participant0058,Recording4,17.09.2021,17.09.2021,14:48:45.713,12:48:45.713,64514,Timeline2,Tobii I-VT (Fixation),1.145.28180,1080,1920,"10,00",725711633.0,,,1015.0,380.0,992.0,377.0,1039.0,382.0,"0,07330","0,00423","-0,99730","-0,01517","0,01006","-0,99983","3,98","4,35",Valid,Valid,"234,0","101,0","514,0","292,6","99,4","515,9","271,8","103,2","284,7","104,6","0,5445","0,3515","0,5255","0,3491","0,5634","0,3540",thumbnail_grossTrial,thumbnail_grossTrial.png,1245.0,1080.0,337.0,0.0,798.0,692.0,Unclassified,17.0,540.0,,,,,,
30453,57857341,1400497128628,Eye Tracker,Participant0058,17.09.2021,Participant0058,Recording4,17.09.2021,17.09.2021,14:48:45.713,12:48:45.713,64514,Timeline2,Tobii I-VT (Fixation),1.145.28180,1080,1920,"10,00",725719975.0,,,,,,,,,,,,,,,,,Invalid,Invalid,,,,,,,,,,,,,,,,,thumbnail_grossTrial,thumbnail_grossTrial.png,1245.0,1080.0,337.0,0.0,798.0,692.0,EyesNotFound,8.0,485.0,,,,,,
30454,57865672,1400497136959,Eye Tracker,Participant0058,17.09.2021,Participant0058,Recording4,17.09.2021,17.09.2021,14:48:45.713,12:48:45.713,64514,Timeline2,Tobii I-VT (Fixation),1.145.28180,1080,1920,"10,00",725728306.0,,,1041.0,387.0,,,1041.0,387.0,,,,"-0,01371","0,01227","-0,99983",,,Invalid,Valid,,,,"292,5","99,5","515,9",,,"285,4","105,9","0,5653","0,3582",,,"0,5653","0,3582",thumbnail_grossTrial,thumbnail_grossTrial.png,1245.0,1080.0,337.0,0.0,798.0,692.0,Fixation,283.0,105.0,1033.0,392.0,"0,5586","0,3632",,
30455,57873990,1400497145277,Eye Tracker,Participant0058,17.09.2021,Participant0058,Recording4,17.09.2021,17.09.2021,14:48:45.713,12:48:45.713,64514,Timeline2,Tobii I-VT (Fixation),1.145.28180,1080,1920,"10,00",725736624.0,,,1030.0,392.0,1014.0,401.0,1045.0,384.0,"0,08532","0,01674","-0,99621","-0,01166","0,01090","-0,99987","3,97","4,17",Valid,Valid,"234,0","101,0","514,1","292,5","99,5","515,9","278,0","109,6","286,5","105,1","0,5560","0,3633","0,5436","0,3710","0,5685","0,3556",thumbnail_grossTrial,thumbnail_grossTrial.png,1245.0,1080.0,337.0,0.0,798.0,692.0,Fixation,283.0,105.0,1033.0,392.0,"0,5586","0,3632",,
30456,57882340,1400497153627,Eye Tracker,Participant0058,17.09.2021,Participant0058,Recording4,17.09.2021,17.09.2021,14:48:45.713,12:48:45.713,64514,Timeline2,Tobii I-VT (Fixation),1.145.28180,1080,1920,"10,00",725744973.0,,,1029.0,396.0,1014.0,405.0,1044.0,388.0,"0,08514","0,01868","-0,99619","-0,01250","0,01248","-0,99984",,,Valid,Valid,"234,0","101,1","514,1","292,5","99,6","515,9","277,9","110,7","286,0","106,0","0,5552","0,3667","0,5433","0,3747","0,5671","0,3588",thumbnail_grossTrial,thumbnail_grossTrial.png,1245.0,1080.0,337.0,0.0,798.0,692.0,Fixation,283.0,105.0,1033.0,392.0,"0,5586","0,3632",,
30457,57890643,1400497161930,Eye Tracker,Participant0058,17.09.2021,Participant0058,Recording4,17.09.2021,17.09.2021,14:48:45.713,12:48:45.713,64514,Timeline2,Tobii I-VT (Fixation),1.145.28180,1080,1920,"10,00",725753276.0,,,1039.0,388.0,,,1039.0,388.0,,,,"-0,01477","0,01255","-0,99981",,,Invalid,Valid,,,,"292,4","99,7","515,9",,,"284,8","106,1","0,5635","0,3591",,,"0,5635","0,3591",thumbnail_grossTrial,thumbnail_grossTrial.png,1245.0,1080.0,337.0,0.0,798.0,692.0,Fixation,283.0,105.0,1033.0,392.0,"0,5586","0,3632",,
30458,57898985,1400497170272,Eye Tracker,Participant0058,17.09.2021,Participant0058,Recording4,17.09.2021,17.09.2021,14:48:45.713,12:48:45.713,64514,Timeline2,Tobii I-VT (Fixation),1.145.28180,1080,1920,"10,00",725761618.0,,,1024.0,396.0,1010.0,402.0,1038.0,391.0,"0,08298","0,01705","-0,99641","-0,01545","0,01387","-0,99978","3,96","4,18",Valid,Valid,"233,9","101,1","514,3","292,4","99,7","515,8","276,7","109,9","284,5","106,9","0,5512","0,3667","0,5399","0,3718","0,5626","0,3616",thumbnail_grossTrial,thumbnail_grossTrial.png,1245.0,1080.0,337.0,0.0,798.0,692.0,Fixation,283.0,105.0,1033.0,392.0,"0,5586","0,3632",,
30459,57907310,1400497178597,Eye Tracker,Participant0058,17.09.2021,Participant0058,Recording4,17.09.2021,17.09.2021,14:48:45.713,12:48:45.713,64514,Timeline2,Tobii I-VT (Fixation),1.145.28180,1080,1920,"10,00",725769942.0,,,1025.0,395.0,1007.0,399.0,1044.0,391.0,"0,08148","0,01531","-0,99656","-0,01217","0,01352","-0,99983",,,Valid,Valid,"233,9","101,2","514,3","292,4","99,9","515,6","275,9","109,1","286,1","106,9","0,5525","0,3654","0,5376","0,3691","0,5674","0,3616",thumbnail_grossTrial,thumbnail_grossTrial.png,1245.0,1080.0,337.0,0.0,798.0,692.0,Fixation,283.0,105.0,1033.0,392.0,"0,5586","0,3632",,
30460,57915671,1400497186958,Eye Tracker,Participant0058,17.09.2021,Participant0058,Recording4,17.09.2021,17.09.2021,14:48:45.713,12:48:45.713,64514,Timeline2,Tobii I-VT (Fixation),1.145.28180,1080,1920,"10,00",725778303.0,,,1036.0,390.0,1027.0,388.0,1046.0,391.0,"0,09204","0,00959","-0,99571","-0,01093","0,01373","-0,99985",,,Valid,Valid,"233,9","101,2","514,3","292,4","100,0","515,6","281,4","106,2","286,7","107,1","0,5614","0,3608","0,5536","0,3593","0,5692","0,3623",thumbnail_grossTrial,thumbnail_grossTrial.png,1245.0,1080.0,337.0,0.0,798.0,692.0,Fixation,283.0,105.0,1033.0,392.0,"0,5586","0,3632",,
30461,57924009,1400497195296,Eye Tracker,Participant0058,17.09.2021,Participant0058,Recording4,17.09.2021,17.09.2021,14:48:45.713,12:48:45.713,64514,Timeline2,Tobii I-VT (Fixation),1.145.28180,1080,1920,"10,00",725786641.0,,,1037.0,391.0,1029.0,387.0,1045.0,395.0,"0,09306","0,00935","-0,99562","-0,01185","0,01550","-0,99981","3,95","4,19",Valid,Valid,"233,9","101,2","514,4","292,4","100,0","515,5","282,0","106,0","286,3","108,0","0,5617","0,3620","0,5554","0,3587","0,5680","0,3654",thumbnail_grossTrial,thumbnail_grossTrial.png,1245.0,1080.0,337.0,0.0,798.0,692.0,Fixation,283.0,105.0,1033.0,392.0,"0,5586","0,3632",,
30462,57932307,1400497203594,Eye Tracker,Participant0058,17.09.2021,Participant0058,Recording4,17.09.2021,17.09.2021,14:48:45.713,12:48:45.713,64514,Timeline2,Tobii I-VT (Fixation),1.145.28180,1080,1920,"10,00",725794939.0,,,1037.0,394.0,1036.0,393.0,1038.0,394.0,"0,09693","0,01239","-0,99521","-0,01540","0,01488","-0,99977",,,Valid,Valid,"234,0","101,3","514,5","292,5","100,1","515,4","284,1","107,7","284,5","107,8","0,5621","0,3646","0,5614","0,3643","0,5627","0,3648",thumbnail_grossTrial,thumbnail_grossTrial.png,1245.0,1080.0,337.0,0.0,798.0,692.0,Fixation,283.0,105.0,1033.0,392.0,"0,5586","0,3632",,
30463,57940638,1400497211925,Eye Tracker,Participant0058,17.09.2021,Participant0058,Recording4,17.09.2021,17.09.2021,14:48:45.713,12:48:45.713,64514,Timeline2,Tobii I-VT (Fixation),1.145.28180,1080,1920,"10,00",725803269.0,,,1033.0,392.0,1031.0,385.0,1036.0,398.0,"0,09386","0,00793","-0,99555","-0,01668","0,01706","-0,99972",,,Valid,Valid,"233,9","101,3","514,6","292,4","100,2","515,4","282,4","105,4","283,8","109,0","0,5587","0,3626","0,5567","0,3565","0,5607","0,3688",thumbnail_grossTrial,thumbnail_grossTrial.png,1245.0,1080.0,337.0,0.0,798.0,692.0,Fixation,283.0,105.0,1033.0,392.0,"0,5586","0,3632",,
30464,57948971,1400497220258,Eye Tracker,Participant0058,17.09.2021,Participant0058,Recording4,17.09.2021,17.09.2021,14:48:45.713,12:48:45.713,64514,Timeline2,Tobii I-VT (Fixation),1.145.28180,1080,1920,"10,00",725811602.0,,,1036.0,396.0,1034.0,395.0,1038.0,398.0,"0,09534","0,01346","-0,99535","-0,01562","0,01688","-0,99974","3,96","4,18",Valid,Valid,"234,0","101,1","514,6","292,5","100,1","515,3","283,3","108,1","284,5","108,8","0,5608","0,3670","0,5591","0,3656","0,5626","0,3683",thumbnail_grossTrial,thumbnail_grossTrial.png,1245.0,1080.0,337.0,0.0,798.0,692.0,Fixation,283.0,105.0,1033.0,392.0,"0,5586","0,3632",,
30465,57957303,1400497228590,Eye Tracker,Participant0058,17.09.2021,Participant0058,Recording4,17.09.2021,17.09.2021,14:48:45.713,12:48:45.713,64514,Timeline2,Tobii I-VT (Fixation),1.145.28180,1080,1920,"10,00",725819934.0,,,1032.0,392.0,1023.0,386.0,1042.0,398.0,"0,08962","0,00857","-0,99594","-0,01353","0,01671","-0,99977",,,Valid,Valid,"234,0","101,2","514,7","292,5","100,2","515,2","280,3","105,6","285,6","108,8","0,5581","0,3628","0,5505","0,3574","0,5658","0,3683",thumbnail_grossTrial,thumbnail_grossTrial.png,1245.0,1080.0,337.0,0.0,798.0,692.0,Fixation,283.0,105.0,1033.0,392.0,"0,5586","0,3632",,
30466,57965636,1400497236923,Eye Tracker,Participant0058,17.09.2021,Participant0058,Recording4,17.09.2021,17.09.2021,14:48:45.713,12:48:45.713,64514,Timeline2,Tobii I-VT (Fixation),1.145.28180,1080,1920,"10,00",725828267.0,,,1033.0,396.0,1025.0,398.0,1040.0,394.0,"0,09096","0,01509","-0,99574","-0,01423","0,01497","-0,99979",,,Valid,Valid,"234,0","101,2","514,8","292,5","100,2","515,2","281,0","109,0","285,2","108,0","0,5585","0,3670","0,5524","0,3687","0,5646","0,3653",thumbnail_grossTrial,thumbnail_grossTrial.png,1245.0,1080.0,337.0,0.0,798.0,692.0,Fixation,283.0,105.0,1033.0,392.0,"0,5586","0,3632",,
30467,57974000,1400497245287,Eye Tracker,Participant0058,17.09.2021,Participant0058,Recording4,17.09.2021,17.09.2021,14:48:45.713,12:48:45.713,64514,Timeline2,Tobii I-VT (Fixation),1.145.28180,1080,1920,"10,00",725836630.0,,,1032.0,397.0,1026.0,398.0,1039.0,397.0,"0,09108","0,01524","-0,99573","-0,01500","0,01667","-0,99975","3,94","4,16",Valid,Valid,"234,0","101,0","514,9","292,6","100,1","515,2","281,1","108,8","284,8","108,7","0,5582","0,3681","0,5527","0,3683","0,5636","0,3679",thumbnail_grossTrial,thumbnail_grossTrial.png,1245.0,1080.0,337.0,0.0,798.0,692.0,Fixation,283.0,105.0,1033.0,392.0,"0,5586","0,3632",,
30468,57982301,1400497253588,Eye Tracker,Participant0058,17.09.2021,Participant0058,Recording4,17.09.2021,17.09.2021,14:48:45.713,12:48:45.713,64514,Timeline2,Tobii I-VT (Fixation),1.145.28180,1080,1920,"10,00",725844931.0,,,1034.0,400.0,1032.0,402.0,1037.0,398.0,"0,09413","0,01746","-0,99541","-0,01640","0,01679","-0,99972",,,Valid,Valid,"234,0","101,0","514,9","292,6","100,2","515,1","282,7","110,1","284,1","108,8","0,5595","0,3703","0,5575","0,3724","0,5615","0,3682",thumbnail_grossTrial,thumbnail_grossTrial.png,1245.0,1080.0,337.0,0.0,798.0,692.0,Fixation,283.0,105.0,1033.0,392.0,"0,5586","0,3632",,
30469,57990634,1400497261921,Eye Tracker,Participant0058,17.09.2021,Participant0058,Recording4,17.09.2021,17.09.2021,14:48:45.713,12:48:45.713,64514,Timeline2,Tobii I-VT (Fixation),1.145.28180,1080,1920,"10,00",725853264.0,,,1039.0,391.0,1035.0,385.0,1043.0,398.0,"0,09629","0,00837","-0,99532","-0,01288","0,01698","-0,99977",,,Valid,Valid,"234,0","100,9","515,0","292,5","100,1","515,2","283,8","105,3","285,8","108,9","0,5636","0,3623","0,5606","0,3562","0,5666","0,3683",thumbnail_grossTrial,thumbnail_grossTrial.png,1245.0,1080.0,337.0,0.0,798.0,692.0,Fixation,283.0,105.0,1033.0,392.0,"0,5586","0,3632",,
30470,57998991,1400497270278,Eye Tracker,Participant0058,17.09.2021,Participant0058,Recording4,17.09.2021,17.09.2021,14:48:45.713,12:48:45.713,64514,Timeline2,Tobii I-VT (Fixation),1.145.28180,1080,1920,"10,00",725861621.0,,,1040.0,388.0,1036.0,383.0,1043.0,392.0,"0,09643","0,00808","-0,99531","-0,01279","0,01419","-0,99982","3,94","4,21",Valid,Valid,"234,0","100,7","515,1","292,6","100,0","515,3","283,9","104,9","286,0","107,3","0,5639","0,3590","0,5609","0,3549","0,5670","0,3630",thumbnail_grossTrial,thumbnail_grossTrial.png,1245.0,1080.0,337.0,0.0,798.0,692.0,Fixation,283.0,105.0,1033.0,392.0,"0,5586","0,3632",,
30471,58007380,1400497278667,Eye Tracker,Participant0058,17.09.2021,Participant0058,Recording4,17.09.2021,17.09.2021,14:48:45.713,12:48:45.713,64514,Timeline2,Tobii I-VT (Fixation),1.145.28180,1080,1920,"10,00",725870009.0,,,1032.0,387.0,1024.0,383.0,1040.0,392.0,"0,09040","0,00785","-0,99587","-0,01462","0,01400","-0,99980",,,Valid,Valid,"234,0","100,8","515,1","292,6","100,0","515,2","280,8","104,8","285,0","107,2","0,5580","0,3587","0,5518","0,3547","0,5642","0,3627",thumbnail_grossTrial,thumbnail_grossTrial.png,1245.0,1080.0,337.0,0.0,798.0,692.0,Fixation,283.0,105.0,1033.0,392.0,"0,5586","0,3632",,
30472,58015659,1400497286946,Eye Tracker,Participant0058,17.09.2021,Participant0058,Recording4,17.09.2021,17.09.2021,14:48:45.713,12:48:45.713,64514,Timeline2,Tobii I-VT (Fixation),1.145.28180,1080,1920,"10,00",725878288.0,,,1031.0,393.0,1024.0,394.0,1038.0,391.0,"0,09021","0,01365","-0,99583","-0,01533","0,01384","-0,99979",,,Valid,Valid,"233,9","100,7","515,1","292,5","99,9","515,2","280,6","107,8","284,6","107,1","0,5571","0,3635","0,5513","0,3647","0,5630","0,3622",thumbnail_grossTrial,thumbnail_grossTrial.png,1245.0,1080.0,337.0,0.0,798.0,692.0,Fixation,283.0,105.0,1033.0,392.0,"0,5586","0,3632",,
30473,58023978,1400497295265,Eye Tracker,Participant0058,17.09.2021,Participant0058,Recording4,17.09.2021,17.09.2021,14:48:45.713,12:48:45.713,64514,Timeline2,Tobii I-VT (Fixation),1.145.28180,1080,1920,"10,00",725886607.0,,,1041.0,383.0,1035.0,380.0,1048.0,385.0,"0,09577","0,00660","-0,99538","-0,01036","0,01090","-0,99989","4,58","4,22",Valid,Valid,"234,0","100,6","515,2","292,5","99,8","515,2","283,5","104,0","287,2","105,4","0,5652","0,3544","0,5598","0,3520","0,5706","0,3567",thumbnail_grossTrial,thumbnail_grossTrial.png,1245.0,1080.0,337.0,0.0,798.0,692.0,Fixation,283.0,105.0,1033.0,392.0,"0,5586","0,3632",,
30474,58032309,1400497303596,Eye Tracker,Participant0058,17.09.2021,Participant0058,Recording4,17.09.2021,17.09.2021,14:48:45.713,12:48:45.713,64514,Timeline2,Tobii I-VT (Fixation),1.145.28180,1080,1920,"10,00",725894938.0,,,1035.0,392.0,1034.0,389.0,1036.0,396.0,"0,09518","0,01110","-0,99540","-0,01661","0,01660","-0,99972",,,Valid,Valid,"234,0","100,6","515,1","292,5","99,9","515,1","283,3","106,4","284,0","108,4","0,5601","0,3634","0,5590","0,3599","0,5612","0,3668",thumbnail_grossTrial,thumbnail_grossTrial.png,1245.0,1080.0,337.0,0.0,798.0,692.0,Fixation,283.0,105.0,1033.0,392.0,"0,5586","0,3632",,
30475,58040644,1400497311931,Eye Tracker,Participant0058,17.09.2021,Participant0058,Recording4,17.09.2021,17.09.2021,14:48:45.713,12:48:45.713,64514,Timeline2,Tobii I-VT (Fixation),1.145.28180,1080,1920,"10,00",725903272.0,,,1037.0,386.0,1040.0,377.0,1035.0,395.0,"0,09865","0,00513","-0,99511","-0,01712","0,01598","-0,99973",,,Valid,Valid,"233,9","100,6","515,1","292,5","99,9","515,1","285,0","103,3","283,7","108,1","0,5622","0,3576","0,5641","0,3494","0,5602","0,3658",thumbnail_grossTrial,thumbnail_grossTrial.png,1245.0,1080.0,337.0,0.0,798.0,692.0,Fixation,283.0,105.0,1033.0,392.0,"0,5586","0,3632",,
30476,58048996,1400497320283,Eye Tracker,Participant0058,17.09.2021,Participant0058,Recording4,17.09.2021,17.09.2021,14:48:45.713,12:48:45.713,64514,Timeline2,Tobii I-VT (Fixation),1.145.28180,1080,1920,"10,00",725911624.0,,,1034.0,388.0,1032.0,381.0,1037.0,395.0,"0,09429","0,00707","-0,99552","-0,01607","0,01602","-0,99974","3,94","4,17",Valid,Valid,"234,0","100,5","515,1","292,5","99,8","515,1","282,8","104,2","284,3","108,1","0,5598","0,3590","0,5576","0,3525","0,5619","0,3656",thumbnail_grossTrial,thumbnail_grossTrial.png,1245.0,1080.0,337.0,0.0,798.0,692.0,Fixation,283.0,105.0,1033.0,392.0,"0,5586","0,3632",,
30477,58057297,1400497328584,Eye Tracker,Participant0058,17.09.2021,Participant0058,Recording4,17.09.2021,17.09.2021,14:48:45.713,12:48:45.713,64514,Timeline2,Tobii I-VT (Fixation),1.145.28180,1080,1920,"10,00",725919925.0,,,1031.0,386.0,1028.0,378.0,1034.0,394.0,"0,09230","0,00525","-0,99572","-0,01750","0,01528","-0,99973",,,Valid,Valid,"234,0","100,6","515,0","292,5","99,9","514,9","281,7","103,3","283,5","107,8","0,5572","0,3571","0,5546","0,3496","0,5598","0,3646",thumbnail_grossTrial,thumbnail_grossTrial.png,1245.0,1080.0,337.0,0.0,798.0,692.0,Fixation,283.0,105.0,1033.0,392.0,"0,5586","0,3632",,
30478,58065627,1400497336914,Eye Tracker,Participant0058,17.09.2021,Participant0058,Recording4,17.09.2021,17.09.2021,14:48:45.713,12:48:45.713,64514,Timeline2,Tobii I-VT (Fixation),1.145.28180,1080,1920,"10,00",725928255.0,,,1030.0,388.0,1020.0,388.0,1039.0,388.0,"0,08807","0,01090","-0,99605","-0,01478","0,01224","-0,99982",,,Valid,Valid,"233,9","100,6","515,0","292,5","99,9","514,9","279,5","106,3","284,9","106,2","0,5558","0,3595","0,5479","0,3596","0,5637","0,3595",thumbnail_grossTrial,thumbnail_grossTrial.png,1245.0,1080.0,337.0,0.0,798.0,692.0,Fixation,283.0,105.0,1033.0,392.0,"0,5586","0,3632",,
30479,58074001,1400497345288,Eye Tracker,Participant0058,17.09.2021,Participant0058,Recording4,17.09.2021,17.09.2021,14:48:45.713,12:48:45.713,64514,Timeline2,Tobii I-VT (Fixation),1.145.28180,1080,1920,"10,00",725936628.0,,,1027.0,390.0,1019.0,397.0,1036.0,383.0,"0,08765","0,01587","-0,99603","-0,01665","0,00926","-0,99982","3,96","3,83",Valid,Valid,"234,0","100,6","514,9","292,5","99,9","514,9","279,3","108,8","283,9","104,7","0,5542","0,3611","0,5474","0,3680","0,5610","0,3543",thumbnail_grossTrial,thumbnail_grossTrial.png,1245.0,1080.0,337.0,0.0,798.0,692.0,Fixation,283.0,105.0,1033.0,392.0,"0,5586","0,3632",,
30480,58082298,1400497353585,Eye Tracker,Participant0058,17.09.2021,Participant0058,Recording4,17.09.2021,17.09.2021,14:48:45.713,12:48:45.713,64514,Timeline2,Tobii I-VT (Fixation),1.145.28180,1080,1920,"10,00",725944925.0,,,1035.0,398.0,1032.0,411.0,1037.0,385.0,"0,09468","0,02277","-0,99525","-0,01590","0,01012","-0,99982",,,Valid,Valid,"234,0","100,8","514,9","292,5","100,0","514,8","283,0","112,5","284,3","105,2","0,5601","0,3684","0,5582","0,3807","0,5621","0,3561",thumbnail_grossTrial,thumbnail_grossTrial.png,1245.0,1080.0,337.0,0.0,798.0,692.0,Fixation,283.0,105.0,1033.0,392.0,"0,5586","0,3632",,
30481,58090730,1400497362017,Eye Tracker,Participant0058,17.09.2021,Participant0058,Recording4,17.09.2021,17.09.2021,14:48:45.713,12:48:45.713,64514,Timeline2,Tobii I-VT (Fixation),1.145.28180,1080,1920,"10,00",725953357.0,,,1032.0,400.0,1034.0,408.0,1031.0,392.0,"0,09540","0,02098","-0,99522","-0,01918","0,01412","-0,99972",,,Valid,Valid,"233,9","100,8","514,8","292,4","100,1","514,8","283,3","111,7","282,6","107,4","0,5580","0,3706","0,5591","0,3779","0,5570","0,3633",thumbnail_grossTrial,thumbnail_grossTrial.png,1245.0,1080.0,337.0,0.0,798.0,692.0,Fixation,283.0,105.0,1033.0,392.0,"0,5586","0,3632",,
30482,58098986,1400497370273,Eye Tracker,Participant0058,17.09.2021,Participant0058,Recording4,17.09.2021,17.09.2021,14:48:45.713,12:48:45.713,64514,Timeline2,Tobii I-VT (Fixation),1.145.28180,1080,1920,"10,00",725961612.0,,,1036.0,398.0,1042.0,400.0,1030.0,397.0,"0,09957","0,01668","-0,99489","-0,01977","0,01655","-0,99967","4,34","3,81",Valid,Valid,"234,0","100,8","514,8","292,5","100,1","514,8","285,5","109,4","282,3","108,6","0,5609","0,3689","0,5655","0,3703","0,5562","0,3675",thumbnail_grossTrial,thumbnail_grossTrial.png,1245.0,1080.0,337.0,0.0,798.0,692.0,Fixation,283.0,105.0,1033.0,392.0,"0,5586","0,3632",,
30483,58107291,1400497378578,Eye Tracker,Participant0058,17.09.2021,Participant0058,Recording4,17.09.2021,17.09.2021,14:48:45.713,12:48:45.713,64514,Timeline2,Tobii I-VT (Fixation),1.145.28180,1080,1920,"10,00",725969917.0,,,1031.0,389.0,1033.0,382.0,1028.0,396.0,"0,09524","0,00689","-0,99543","-0,02089","0,01584","-0,99966",,,Valid,Valid,"234,0","101,0","514,7","292,5","100,2","514,8","283,2","104,5","281,7","108,4","0,5567","0,3602","0,5589","0,3537","0,5545","0,3667",thumbnail_grossTrial,thumbnail_grossTrial.png,1245.0,1080.0,337.0,0.0,798.0,692.0,Fixation,283.0,105.0,1033.0,392.0,"0,5586","0,3632",,
30484,58115655,1400497386942,Eye Tracker,Participant0058,17.09.2021,Participant0058,Recording4,17.09.2021,17.09.2021,14:48:45.713,12:48:45.713,64514,Timeline2,Tobii I-VT (Fixation),1.145.28180,1080,1920,"10,00",725978281.0,,,1029.0,393.0,1031.0,388.0,1027.0,398.0,"0,09410","0,00980","-0,99551","-0,02113","0,01653","-0,99964",,,Valid,Valid,"233,9","101,0","514,7","292,4","100,3","514,8","282,6","106,1","281,5","108,8","0,5555","0,3635","0,5570","0,3590","0,5540","0,3681",thumbnail_grossTrial,thumbnail_grossTrial.png,1245.0,1080.0,337.0,0.0,798.0,692.0,Fixation,283.0,105.0,1033.0,392.0,"0,5586","0,3632",,
30485,58123999,1400497395286,Eye Tracker,Participant0058,17.09.2021,Participant0058,Recording4,17.09.2021,17.09.2021,14:48:45.713,12:48:45.713,64514,Timeline2,Tobii I-VT (Fixation),1.145.28180,1080,1920,"10,00",725986625.0,,,1028.0,393.0,1023.0,388.0,1033.0,397.0,"0,08979","0,01029","-0,99591","-0,01838","0,01625","-0,99970","3,97","4,18",Valid,Valid,"233,9","101,0","514,7","292,5","100,2","514,8","280,3","106,3","283,0","108,6","0,5544","0,3636","0,5505","0,3597","0,5582","0,3675",thumbnail_grossTrial,thumbnail_grossTrial.png,1245.0,1080.0,337.0,0.0,798.0,692.0,Fixation,283.0,105.0,1033.0,392.0,"0,5586","0,3632",,
30486,58132313,1400497403600,Eye Tracker,Participant0058,17.09.2021,Participant0058,Recording4,17.09.2021,17.09.2021,14:48:45.713,12:48:45.713,64514,Timeline2,Tobii I-VT (Fixation),1.145.28180,1080,1920,"10,00",725994938.0,,,1033.0,396.0,1024.0,399.0,1041.0,393.0,"0,09019","0,01571","-0,99580","-0,01361","0,01373","-0,99981",,,Valid,Valid,"234,0","101,1","514,7","292,4","100,3","514,8","280,6","109,3","285,4","107,4","0,5583","0,3665","0,5512","0,3696","0,5654","0,3634",thumbnail_grossTrial,thumbnail_grossTrial.png,1245.0,1080.0,337.0,0.0,798.0,692.0,Fixation,283.0,105.0,1033.0,392.0,"0,5586","0,3632",,
30487,58140624,1400497411911,Eye Tracker,Participant0058,17.09.2021,Participant0058,Recording4,17.09.2021,17.09.2021,14:48:45.713,12:48:45.713,64514,Timeline2,Tobii I-VT (Fixation),1.145.28180,1080,1920,"10,00",726003249.0,,,1035.0,391.0,1025.0,398.0,1044.0,384.0,"0,09119","0,01476","-0,99572","-0,01195","0,00895","-0,99989",,,Valid,Valid,"233,9","101,2","514,7","292,4","100,4","514,9","281,1","108,8","286,3","105,0","0,5602","0,3616","0,5526","0,3681","0,5678","0,3552",thumbnail_grossTrial,thumbnail_grossTrial.png,1245.0,1080.0,337.0,0.0,798.0,692.0,Fixation,283.0,105.0,1033.0,392.0,"0,5586","0,3632",,
30488,58148992,1400497420279,Eye Tracker,Participant0058,17.09.2021,Participant0058,Recording4,17.09.2021,17.09.2021,14:48:45.713,12:48:45.713,64514,Timeline2,Tobii I-VT (Fixation),1.145.28180,1080,1920,"10,00",726011617.0,,,1036.0,403.0,1036.0,403.0,,,"0,09628","0,01791","-0,99519",,,,"3,97",,Valid,Invalid,"234,0","101,0","514,7",,,,"283,8","110,3",,,"0,5607","0,3732","0,5607","0,3732",,,thumbnail_grossTrial,thumbnail_grossTrial.png,1245.0,1080.0,337.0,0.0,798.0,692.0,Saccade,33.0,228.0,,,,,,
30489,58157289,1400497428576,Eye Tracker,Participant0058,17.09.2021,Participant0058,Recording4,17.09.2021,17.09.2021,14:48:45.713,12:48:45.713,64514,Timeline2,Tobii I-VT (Fixation),1.145.28180,1080,1920,"10,00",726019914.0,,,1053.0,386.0,1048.0,389.0,1058.0,384.0,"0,10267","0,00996","-0,99467","-0,00486","0,00913","-0,99995",,,Valid,Valid,"234,1","101,2","514,7","292,6","100,4","514,9","287,2","106,3","290,1","105,1","0,5749","0,3576","0,5707","0,3598","0,5791","0,3555",thumbnail_grossTrial,thumbnail_grossTrial.png,1245.0,1080.0,337.0,0.0,798.0,692.0,Saccade,33.0,228.0,,,,,,
30490,58165697,1400497436984,Eye Tracker,Participant0058,17.09.2021,Participant0058,Recording4,17.09.2021,17.09.2021,14:48:45.713,12:48:45.713,64514,Timeline2,Tobii I-VT (Fixation),1.145.28180,1080,1920,"10,00",726028321.0,,,1063.0,389.0,1062.0,385.0,1064.0,392.0,"0,11000","0,00791","-0,99390","-0,00163","0,01361","-0,99991",,,Valid,Valid,"234,1","101,2","514,7","292,6","100,4","514,9","291,0","105,3","291,7","107,4","0,5828","0,3597","0,5819","0,3562","0,5838","0,3633",thumbnail_grossTrial,thumbnail_grossTrial.png,1245.0,1080.0,337.0,0.0,798.0,692.0,Saccade,33.0,228.0,,,,,,
30491,58173952,1400497445239,Eye Tracker,Participant0058,17.09.2021,Participant0058,Recording4,17.09.2021,17.09.2021,14:48:45.713,12:48:45.713,64514,Timeline2,Tobii I-VT (Fixation),1.145.28180,1080,1920,"10,00",726036576.0,,,1075.0,377.0,1069.0,367.0,1080.0,388.0,"0,11362","-0,00114","-0,99352","0,00666","0,01136","-0,99991","3,98","3,84",Valid,Valid,"234,1","101,1","514,7","292,6","100,3","515,0","293,0","100,5","296,1","106,1","0,5921","0,3495","0,5876","0,3401","0,5965","0,3590",thumbnail_grossTrial,thumbnail_grossTrial.png,1245.0,1080.0,337.0,0.0,798.0,692.0,Saccade,33.0,228.0,,,,,,
30492,58182321,1400497453608,Eye Tracker,Participant0058,17.09.2021,Participant0058,Recording4,17.09.2021,17.09.2021,14:48:45.713,12:48:45.713,64514,Timeline2,Tobii I-VT (Fixation),1.145.28180,1080,1920,"10,00",726044945.0,,,1082.0,377.0,1074.0,371.0,1090.0,383.0,"0,11634","0,00087","-0,99321","0,01186","0,00904","-0,99989",,,Valid,Valid,"234,2","101,1","514,7","292,7","100,3","514,9","294,5","101,6","298,8","104,9","0,5982","0,3494","0,5918","0,3436","0,6045","0,3551",thumbnail_grossTrial,thumbnail_grossTrial.png,1245.0,1080.0,337.0,0.0,798.0,692.0,Unclassified,42.0,541.0,,,,,,
30493,58190645,1400497461932,Eye Tracker,Participant0058,17.09.2021,Participant0058,Recording4,17.09.2021,17.09.2021,14:48:45.713,12:48:45.713,64514,Timeline2,Tobii I-VT (Fixation),1.145.28180,1080,1920,"10,00",726053269.0,,,1081.0,378.0,1072.0,371.0,1089.0,384.0,"0,11530","0,00095","-0,99333","0,01157","0,00941","-0,99989",,,Valid,Valid,"234,1","101,1","514,7","292,6","100,3","514,9","293,9","101,6","298,6","105,1","0,5970","0,3496","0,5901","0,3436","0,6039","0,3556",thumbnail_grossTrial,thumbnail_grossTrial.png,1245.0,1080.0,337.0,0.0,798.0,692.0,Unclassified,42.0,541.0,,,,,,
30494,58198964,1400497470251,Eye Tracker,Participant0058,17.09.2021,Participant0058,Recording4,17.09.2021,17.09.2021,14:48:45.713,12:48:45.713,64514,Timeline2,Tobii I-VT (Fixation),1.145.28180,1080,1920,"10,00",726061587.0,,,1083.0,383.0,1069.0,382.0,1098.0,383.0,"0,11340","0,00690","-0,99353","0,01578","0,00927","-0,99983","3,98","4,24",Valid,Valid,"234,2","100,9","514,8","292,7","100,1","514,9","292,9","104,5","300,8","104,9","0,5989","0,3542","0,5873","0,3534","0,6104","0,3549",thumbnail_grossTrial,thumbnail_grossTrial.png,1245.0,1080.0,337.0,0.0,798.0,692.0,Unclassified,42.0,541.0,,,,,,
30495,58207295,1400497478582,Eye Tracker,Participant0058,17.09.2021,Participant0058,Recording4,17.09.2021,17.09.2021,14:48:45.713,12:48:45.713,64514,Timeline2,Tobii I-VT (Fixation),1.145.28180,1080,1920,"10,00",726069918.0,,,1078.0,380.0,1071.0,383.0,1084.0,377.0,"0,11441","0,00736","-0,99341","0,00883","0,00585","-0,99994",,,Valid,Valid,"234,2","101,0","514,8","292,7","100,2","514,9","293,5","104,8","297,2","103,2","0,5944","0,3518","0,5889","0,3545","0,6000","0,3491",thumbnail_grossTrial,thumbnail_grossTrial.png,1245.0,1080.0,337.0,0.0,798.0,692.0,Unclassified,42.0,541.0,,,,,,
30496,58215642,1400497486929,Eye Tracker,Participant0058,17.09.2021,Participant0058,Recording4,17.09.2021,17.09.2021,14:48:45.713,12:48:45.713,64514,Timeline2,Tobii I-VT (Fixation),1.145.28180,1080,1920,"10,00",726078265.0,,,1082.0,380.0,1079.0,384.0,1085.0,377.0,"0,11900","0,00797","-0,99286","0,00910","0,00564","-0,99994",,,Valid,Valid,"234,1","100,9","514,8","292,6","100,1","514,9","295,8","105,0","297,3","103,1","0,5980","0,3520","0,5958","0,3554","0,6002","0,3487",thumbnail_grossTrial,thumbnail_grossTrial.png,1245.0,1080.0,337.0,0.0,798.0,692.0,Unclassified,42.0,541.0,,,,,,
30497,58224011,1400497495298,Eye Tracker,Participant0058,17.09.2021,Participant0058,Recording4,17.09.2021,17.09.2021,14:48:45.713,12:48:45.713,64514,Timeline2,Tobii I-VT (Fixation),1.145.28180,1080,1920,"10,00",726086634.0,,,1081.0,378.0,1079.0,385.0,1084.0,372.0,"0,11872","0,00877","-0,99289","0,00853","0,00341","-0,99996","3,97","4,24",Valid,Valid,"234,1","100,7","514,8","292,7","100,0","514,9","295,7","105,3","297,0","101,8","0,5975","0,3503","0,5955","0,3561","0,5994","0,3444",thumbnail_grossTrial,thumbnail_grossTrial.png,1245.0,1080.0,337.0,0.0,798.0,692.0,Saccade,17.0,229.0,,,,,,
30498,58232312,1400497503599,Eye Tracker,Participant0058,17.09.2021,Participant0058,Recording4,17.09.2021,17.09.2021,14:48:45.713,12:48:45.713,64514,Timeline2,Tobii I-VT (Fixation),1.145.28180,1080,1920,"10,00",726094934.0,,,1081.0,409.0,1086.0,404.0,1076.0,413.0,"0,12263","0,01899","-0,99227","0,00454","0,02512","-0,99967",,,Valid,Valid,"234,2","100,8","514,8","292,7","100,1","514,8","297,8","110,7","295,0","113,0","0,5975","0,3784","0,6016","0,3744","0,5934","0,3823",thumbnail_grossTrial,thumbnail_grossTrial.png,1245.0,1080.0,337.0,0.0,798.0,692.0,Saccade,17.0,229.0,,,,,,
30499,58240679,1400497511966,Eye Tracker,Participant0058,17.09.2021,Participant0058,Recording4,17.09.2021,17.09.2021,14:48:45.713,12:48:45.713,64514,Timeline2,Tobii I-VT (Fixation),1.145.28180,1080,1920,"10,00",726103301.0,,,1072.0,420.0,1067.0,427.0,1077.0,413.0,"0,11251","0,03084","-0,99317","0,00477","0,02504","-0,99968",,,Valid,Valid,"234,1","100,8","514,9","292,6","100,1","514,7","292,4","116,7","295,0","113,0","0,5897","0,3886","0,5858","0,3950","0,5935","0,3822",thumbnail_grossTrial,thumbnail_grossTrial.png,1245.0,1080.0,337.0,0.0,798.0,692.0,Unclassified,8.0,542.0,,,,,,
30500,58248960,1400497520247,Eye Tracker,Participant0058,17.09.2021,Participant0058,Recording4,17.09.2021,17.09.2021,14:48:45.713,12:48:45.713,64514,Timeline2,Tobii I-VT (Fixation),1.145.28180,1080,1920,"10,00",726111582.0,,,1097.0,392.0,,,1097.0,392.0,,,,"0,01540","0,01439","-0,99978",,"4,24",Invalid,Valid,,,,"292,6","100,0","514,6",,,"300,6","107,4","0,6097","0,3634",,,"0,6097","0,3634",thumbnail_grossTrial,thumbnail_grossTrial.png,1245.0,1080.0,337.0,0.0,798.0,692.0,Saccade,17.0,230.0,,,,,,
30501,58257287,1400497528574,Eye Tracker,Participant0058,17.09.2021,Participant0058,Recording4,17.09.2021,17.09.2021,14:48:45.713,12:48:45.713,64514,Timeline2,Tobii I-VT (Fixation),1.145.28180,1080,1920,"10,00",726119909.0,,,1089.0,372.0,1085.0,362.0,1093.0,382.0,"0,12208","-0,00334","-0,99252","0,01367","0,00847","-0,99987",,,Valid,Valid,"234,1","100,7","514,9","292,6","100,1","514,5","297,5","99,0","299,7","104,4","0,6039","0,3441","0,6006","0,3348","0,6071","0,3534",thumbnail_grossTrial,thumbnail_grossTrial.png,1245.0,1080.0,337.0,0.0,798.0,692.0,Saccade,17.0,230.0,,,,,,
30502,58265694,1400497536981,Eye Tracker,Participant0058,17.09.2021,Participant0058,Recording4,17.09.2021,17.09.2021,14:48:45.713,12:48:45.713,64514,Timeline2,Tobii I-VT (Fixation),1.145.28180,1080,1920,"10,00",726128315.0,,,1083.0,378.0,1076.0,375.0,1090.0,382.0,"0,11744","0,00367","-0,99307","0,01187","0,00853","-0,99989",,,Valid,Valid,"234,1","100,7","514,9","292,6","100,1","514,4","295,0","102,6","298,7","104,5","0,5988","0,3504","0,5934","0,3471","0,6042","0,3537",thumbnail_grossTrial,thumbnail_grossTrial.png,1245.0,1080.0,337.0,0.0,798.0,692.0,Fixation,67.0,106.0,1090.0,376.0,"0,6045","0,3482",,
30503,58273978,1400497545265,Eye Tracker,Participant0058,17.09.2021,Participant0058,Recording4,17.09.2021,17.09.2021,14:48:45.713,12:48:45.713,64514,Timeline2,Tobii I-VT (Fixation),1.145.28180,1080,1920,"10,00",726136599.0,,,1086.0,375.0,1086.0,375.0,,,"0,12252","0,00382","-0,99246",,,,"4,43",,Valid,Invalid,"234,1","100,6","514,9",,,,"297,7","102,5",,,"0,6014","0,3469","0,6014","0,3469",,,thumbnail_grossTrial,thumbnail_grossTrial.png,1245.0,1080.0,337.0,0.0,798.0,692.0,Fixation,67.0,106.0,1090.0,376.0,"0,6045","0,3482",,
30504,58282368,1400497553655,Eye Tracker,Participant0058,17.09.2021,Participant0058,Recording4,17.09.2021,17.09.2021,14:48:45.713,12:48:45.713,64514,Timeline2,Tobii I-VT (Fixation),1.145.28180,1080,1920,"10,00",726144989.0,,,1087.0,374.0,1089.0,387.0,1085.0,362.0,"0,12388","0,00989","-0,99225","0,00904","-0,00232","-0,99996",,,Valid,Valid,"234,2","100,7","514,9","292,6","100,2","514,2","298,5","105,8","297,3","99,0","0,6019","0,3466","0,6036","0,3581","0,6002","0,3351",thumbnail_grossTrial,thumbnail_grossTrial.png,1245.0,1080.0,337.0,0.0,798.0,692.0,Fixation,67.0,106.0,1090.0,376.0,"0,6045","0,3482",,
30505,58290638,1400497561925,Eye Tracker,Participant0058,17.09.2021,Participant0058,Recording4,17.09.2021,17.09.2021,14:48:45.713,12:48:45.713,64514,Timeline2,Tobii I-VT (Fixation),1.145.28180,1080,1920,"10,00",726153258.0,,,1092.0,363.0,1085.0,381.0,1098.0,346.0,"0,12206","0,00679","-0,99250","0,01611","-0,01092","-0,99981",,,Valid,Valid,"234,1","100,7","514,9","292,6","100,3","514,1","297,4","104,2","300,9","94,7","0,6056","0,3366","0,6006","0,3527","0,6106","0,3204",thumbnail_grossTrial,thumbnail_grossTrial.png,1245.0,1080.0,337.0,0.0,798.0,692.0,Fixation,67.0,106.0,1090.0,376.0,"0,6045","0,3482",,
30506,58298982,1400497570269,Eye Tracker,Participant0058,17.09.2021,Participant0058,Recording4,17.09.2021,17.09.2021,14:48:45.713,12:48:45.713,64514,Timeline2,Tobii I-VT (Fixation),1.145.28180,1080,1920,"10,00",726161602.0,,,1084.0,367.0,1079.0,372.0,1090.0,363.0,"0,11873","0,00228","-0,99292","0,01171","-0,00197","-0,99993","4,00","3,84",Valid,Valid,"234,2","100,7","515,0","292,6","100,2","514,0","295,8","101,9","298,7","99,2","0,5999","0,3402","0,5956","0,3446","0,6041","0,3357",thumbnail_grossTrial,thumbnail_grossTrial.png,1245.0,1080.0,337.0,0.0,798.0,692.0,Fixation,67.0,106.0,1090.0,376.0,"0,6045","0,3482",,
30507,58307331,1400497578618,Eye Tracker,Participant0058,17.09.2021,Participant0058,Recording4,17.09.2021,17.09.2021,14:48:45.713,12:48:45.713,64514,Timeline2,Tobii I-VT (Fixation),1.145.28180,1080,1920,"10,00",726169951.0,,,1095.0,379.0,1085.0,376.0,1104.0,382.0,"0,12187","0,00410","-0,99254","0,01952","0,00812","-0,99978",,,Valid,Valid,"234,2","100,8","514,9","292,6","100,5","513,8","297,4","102,9","302,7","104,6","0,6082","0,3511","0,6005","0,3482","0,6159","0,3540",thumbnail_grossTrial,thumbnail_grossTrial.png,1245.0,1080.0,337.0,0.0,798.0,692.0,Fixation,67.0,106.0,1090.0,376.0,"0,6045","0,3482",,
30508,58315608,1400497586895,Eye Tracker,Participant0058,17.09.2021,Participant0058,Recording4,17.09.2021,17.09.2021,14:48:45.713,12:48:45.713,64514,Timeline2,Tobii I-VT (Fixation),1.145.28180,1080,1920,"10,00",726178228.0,,,1093.0,389.0,1087.0,384.0,1098.0,395.0,"0,12317","0,00810","-0,99235","0,01609","0,01437","-0,99977",,,Valid,Valid,"234,1","100,8","514,9","292,6","100,6","513,7","298,1","105,0","300,8","108,0","0,6064","0,3604","0,6024","0,3554","0,6105","0,3653",thumbnail_grossTrial,thumbnail_grossTrial.png,1245.0,1080.0,337.0,0.0,798.0,692.0,Fixation,67.0,106.0,1090.0,376.0,"0,6045","0,3482",,
30509,58323961,1400497595248,Eye Tracker,Participant0058,17.09.2021,Participant0058,Recording4,17.09.2021,17.09.2021,14:48:45.713,12:48:45.713,64514,Timeline2,Tobii I-VT (Fixation),1.145.28180,1080,1920,"10,00",726186580.0,,,1096.0,383.0,1088.0,385.0,1104.0,380.0,"0,12335","0,00897","-0,99232","0,01951","0,00640","-0,99979","4,01","4,24",Valid,Valid,"234,2","100,8","515,0","292,6","100,6","513,6","298,2","105,5","302,6","103,9","0,6092","0,3542","0,6028","0,3568","0,6157","0,3515",thumbnail_grossTrial,thumbnail_grossTrial.png,1245.0,1080.0,337.0,0.0,798.0,692.0,Fixation,67.0,106.0,1090.0,376.0,"0,6045","0,3482",,
30510,58332274,1400497603561,Eye Tracker,Participant0058,17.09.2021,Participant0058,Recording4,17.09.2021,17.09.2021,14:48:45.713,12:48:45.713,64514,Timeline2,Tobii I-VT (Fixation),1.145.28180,1080,1920,"10,00",726194893.0,,,1105.0,388.0,1101.0,398.0,1109.0,379.0,"0,12973","0,01537","-0,99143","0,02191","0,00552","-0,99974",,,Valid,Valid,"234,3","100,9","514,9","292,7","100,8","513,5","301,7","108,9","303,9","103,6","0,6163","0,3596","0,6130","0,3685","0,6196","0,3506",thumbnail_grossTrial,thumbnail_grossTrial.png,1245.0,1080.0,337.0,0.0,798.0,692.0,Saccade,42.0,231.0,,,,,,
30511,58340636,1400497611923,Eye Tracker,Participant0058,17.09.2021,Participant0058,Recording4,17.09.2021,17.09.2021,14:48:45.713,12:48:45.713,64514,Timeline2,Tobii I-VT (Fixation),1.145.28180,1080,1920,"10,00",726203255.0,,,1117.0,399.0,1089.0,416.0,1145.0,381.0,"0,12353","0,02494","-0,99203","0,04112","0,00679","-0,99913",,,Valid,Valid,"234,4","101,0","515,0","292,7","100,9","513,4","298,6","113,9","313,9","104,4","0,6263","0,3693","0,6039","0,3855","0,6487","0,3532",thumbnail_grossTrial,thumbnail_grossTrial.png,1245.0,1080.0,337.0,0.0,798.0,692.0,Saccade,42.0,231.0,,,,,,
30512,58349008,1400497620295,Eye Tracker,Participant0058,17.09.2021,Participant0058,Recording4,17.09.2021,17.09.2021,14:48:45.713,12:48:45.713,64514,Timeline2,Tobii I-VT (Fixation),1.145.28180,1080,1920,"10,00",726211627.0,,,1268.0,371.0,,,1268.0,371.0,,,,"0,10572","0,00111","-0,99440",,"3,85",Invalid,Valid,,,,"293,0","100,9","513,3",,,"347,5","101,5","0,7473","0,3435",,,"0,7473","0,3435",thumbnail_grossTrial,thumbnail_grossTrial.png,1245.0,1080.0,337.0,0.0,798.0,692.0,Saccade,42.0,231.0,,,,,,
30513,58357319,1400497628606,Eye Tracker,Participant0058,17.09.2021,Participant0058,Recording4,17.09.2021,17.09.2021,14:48:45.713,12:48:45.713,64514,Timeline2,Tobii I-VT (Fixation),1.145.28180,1080,1920,"10,00",726219937.0,,,1235.0,374.0,1188.0,379.0,1282.0,369.0,"0,17364","0,00535","-0,98479","0,11334","-0,00074","-0,99356",,,Valid,Valid,"234,8","100,9","515,2","293,0","101,3","512,5","325,7","103,7","351,5","100,9","0,7211","0,3461","0,6833","0,3509","0,7588","0,3414",thumbnail_grossTrial,thumbnail_grossTrial.png,1245.0,1080.0,337.0,0.0,798.0,692.0,Saccade,42.0,231.0,,,,,,
30514,58365604,1400497636891,Eye Tracker,Participant0058,17.09.2021,Participant0058,Recording4,17.09.2021,17.09.2021,14:48:45.713,12:48:45.713,64514,Timeline2,Tobii I-VT (Fixation),1.145.28180,1080,1920,"10,00",726228222.0,,,1336.0,351.0,1345.0,341.0,1327.0,362.0,"0,25150","-0,01422","-0,96775","0,13691","-0,00466","-0,99057",,,Valid,Valid,"234,8","100,9","515,3","292,9","101,5","512,2","368,7","93,3","363,7","99,1","0,8020","0,3254","0,8093","0,3157","0,7946","0,3351",thumbnail_grossTrial,thumbnail_grossTrial.png,1245.0,1080.0,337.0,0.0,798.0,692.0,Saccade,42.0,231.0,,,,,,
30515,58373946,1400497645233,Eye Tracker,Participant0058,17.09.2021,Participant0058,Recording4,17.09.2021,17.09.2021,14:48:45.713,12:48:45.713,64514,Timeline2,Tobii I-VT (Fixation),1.145.28180,1080,1920,"10,00",726236564.0,,,1339.0,363.0,,,1339.0,363.0,,,,"0,14272","-0,00359","-0,98976",,"3,82",Invalid,Valid,,,,"293,0","101,3","512,3",,,"366,9","99,5","0,8041","0,3365",,,"0,8041","0,3365",thumbnail_grossTrial,thumbnail_grossTrial.png,1245.0,1080.0,337.0,0.0,798.0,692.0,Unclassified,8.0,543.0,,,,,,
30516,58382313,1400497653600,Eye Tracker,Participant0058,17.09.2021,Participant0058,Recording4,17.09.2021,17.09.2021,14:48:45.713,12:48:45.713,64514,Timeline2,Tobii I-VT (Fixation),1.145.28180,1080,1920,"10,00",726244931.0,,,1340.0,367.0,1344.0,370.0,1335.0,365.0,"0,25095","0,00078","-0,96800","0,14097","-0,00310","-0,99001",,,Valid,Valid,"234,9","100,8","515,3","293,0","101,4","512,2","368,4","101,2","366,0","99,8","0,8049","0,3400","0,8086","0,3425","0,8013","0,3375",thumbnail_grossTrial,thumbnail_grossTrial.png,1245.0,1080.0,337.0,0.0,798.0,692.0,Saccade,50.0,232.0,,,,,,
30517,58390642,1400497661929,Eye Tracker,Participant0058,17.09.2021,Participant0058,Recording4,17.09.2021,17.09.2021,14:48:45.713,12:48:45.713,64514,Timeline2,Tobii I-VT (Fixation),1.145.28180,1080,1920,"10,00",726253259.0,,,1337.0,371.0,1336.0,368.0,1339.0,374.0,"0,24700","-0,00001","-0,96902","0,14313","0,00213","-0,98970",,,Valid,Valid,"234,8","100,8","515,3","292,9","101,4","512,2","366,1","100,8","367,0","102,5","0,8031","0,3440","0,8018","0,3412","0,8043","0,3468",thumbnail_grossTrial,thumbnail_grossTrial.png,1245.0,1080.0,337.0,0.0,798.0,692.0,Saccade,50.0,232.0,,,,,,
30518,58399011,1400497670298,Eye Tracker,Participant0058,17.09.2021,Participant0058,Recording4,17.09.2021,17.09.2021,14:48:45.713,12:48:45.713,64514,Timeline2,Tobii I-VT (Fixation),1.145.28180,1080,1920,"10,00",726261628.0,,,1333.0,386.0,1322.0,395.0,1344.0,377.0,"0,24011","0,01413","-0,97064","0,14517","0,00357","-0,98940","4,00","3,82",Valid,Valid,"234,9","100,6","515,2","293,1","101,3","512,1","362,4","108,1","368,2","103,2","0,7994","0,3574","0,7909","0,3657","0,8079","0,3490",thumbnail_grossTrial,thumbnail_grossTrial.png,1245.0,1080.0,337.0,0.0,798.0,692.0,Saccade,50.0,232.0,,,,,,
30519,58407355,1400497678642,Eye Tracker,Participant0058,17.09.2021,Participant0058,Recording4,17.09.2021,17.09.2021,14:48:45.713,12:48:45.713,64514,Timeline2,Tobii I-VT (Fixation),1.145.28180,1080,1920,"10,00",726269972.0,,,1315.0,392.0,1324.0,379.0,1305.0,405.0,"0,24112","0,00547","-0,97048","0,12527","0,01803","-0,99196",,,Valid,Valid,"234,9","100,7","515,2","293,1","101,4","511,8","362,9","103,6","357,7","110,7","0,7848","0,3626","0,7925","0,3506","0,7771","0,3746",thumbnail_grossTrial,thumbnail_grossTrial.png,1245.0,1080.0,337.0,0.0,798.0,692.0,Saccade,50.0,232.0,,,,,,
30520,58415628,1400497686915,Eye Tracker,Participant0058,17.09.2021,Participant0058,Recording4,17.09.2021,17.09.2021,14:48:45.713,12:48:45.713,64514,Timeline2,Tobii I-VT (Fixation),1.145.28180,1080,1920,"10,00",726278245.0,,,1314.0,393.0,1322.0,380.0,1305.0,405.0,"0,24040","0,00633","-0,97065","0,12550","0,01783","-0,99193",,,Valid,Valid,"234,9","100,8","515,1","293,0","101,5","511,5","362,5","104,1","357,7","110,7","0,7841","0,3634","0,7911","0,3523","0,7771","0,3746",thumbnail_grossTrial,thumbnail_grossTrial.png,1245.0,1080.0,337.0,0.0,798.0,692.0,Saccade,50.0,232.0,,,,,,
30521,58424002,1400497695289,Eye Tracker,Participant0058,17.09.2021,Participant0058,Recording4,17.09.2021,17.09.2021,14:48:45.713,12:48:45.713,64514,Timeline2,Tobii I-VT (Fixation),1.145.28180,1080,1920,"10,00",726286618.0,,,1342.0,369.0,,,1342.0,369.0,,,,"0,14455","-0,00111","-0,98950",,"4,15",Invalid,Valid,,,,"293,1","101,5","511,3",,,"367,8","101,0","0,8066","0,3416",,,"0,8066","0,3416",thumbnail_grossTrial,thumbnail_grossTrial.png,1245.0,1080.0,337.0,0.0,798.0,692.0,Saccade,50.0,232.0,,,,,,
30522,58432282,1400497703569,Eye Tracker,Participant0058,17.09.2021,Participant0058,Recording4,17.09.2021,17.09.2021,14:48:45.713,12:48:45.713,64514,Timeline2,Tobii I-VT (Fixation),1.145.28180,1080,1920,"10,00",726294898.0,,,1322.0,370.0,1323.0,379.0,1321.0,362.0,"0,24065","0,00543","-0,97060","0,13406","-0,00482","-0,99096",,,Valid,Valid,"235,0","100,7","514,9","293,0","101,7","510,9","362,7","103,6","362,1","99,2","0,7909","0,3430","0,7917","0,3505","0,7902","0,3355",thumbnail_grossTrial,thumbnail_grossTrial.png,1245.0,1080.0,337.0,0.0,798.0,692.0,Fixation,275.0,107.0,1332.0,383.0,"0,7985","0,3543",,
30523,58440622,1400497711909,Eye Tracker,Participant0058,17.09.2021,Participant0058,Recording4,17.09.2021,17.09.2021,14:48:45.713,12:48:45.713,64514,Timeline2,Tobii I-VT (Fixation),1.145.28180,1080,1920,"10,00",726303238.0,,,1337.0,366.0,1331.0,372.0,1342.0,360.0,"0,24484","0,00196","-0,96956","0,14506","-0,00649","-0,98940",,,Valid,Valid,"234,9","100,8","514,8","292,9","101,8","510,6","364,9","101,8","367,8","98,5","0,8025","0,3388","0,7982","0,3445","0,8067","0,3332",thumbnail_grossTrial,thumbnail_grossTrial.png,1245.0,1080.0,337.0,0.0,798.0,692.0,Fixation,275.0,107.0,1332.0,383.0,"0,7985","0,3543",,
30524,58448953,1400497720240,Eye Tracker,Participant0058,17.09.2021,Participant0058,Recording4,17.09.2021,17.09.2021,14:48:45.713,12:48:45.713,64514,Timeline2,Tobii I-VT (Fixation),1.145.28180,1080,1920,"10,00",726311569.0,,,1337.0,364.0,1344.0,351.0,1330.0,376.0,"0,25072","-0,00861","-0,96802","0,13885","0,00188","-0,99031","4,00","3,82",Valid,Valid,"235,0","100,8","514,7","293,0","101,9","510,2","368,3","96,2","364,5","102,8","0,8026","0,3367","0,8081","0,3254","0,7972","0,3479",thumbnail_grossTrial,thumbnail_grossTrial.png,1245.0,1080.0,337.0,0.0,798.0,692.0,Fixation,275.0,107.0,1332.0,383.0,"0,7985","0,3543",,
30525,58457357,1400497728644,Eye Tracker,Participant0058,17.09.2021,Participant0058,Recording4,17.09.2021,17.09.2021,14:48:45.713,12:48:45.713,64514,Timeline2,Tobii I-VT (Fixation),1.145.28180,1080,1920,"10,00",726319972.0,,,1338.0,368.0,1346.0,355.0,1331.0,381.0,"0,25181","-0,00681","-0,96775","0,13954","0,00413","-0,99021",,,Valid,Valid,"235,0","100,9","514,4","292,9","102,1","509,7","368,8","97,3","364,8","104,2","0,8038","0,3409","0,8097","0,3291","0,7978","0,3526",thumbnail_grossTrial,thumbnail_grossTrial.png,1245.0,1080.0,337.0,0.0,798.0,692.0,Fixation,275.0,107.0,1332.0,383.0,"0,7985","0,3543",,
30526,58465624,1400497736911,Eye Tracker,Participant0058,17.09.2021,Participant0058,Recording4,17.09.2021,17.09.2021,14:48:45.713,12:48:45.713,64514,Timeline2,Tobii I-VT (Fixation),1.145.28180,1080,1920,"10,00",726328239.0,,,1338.0,370.0,1342.0,358.0,1335.0,382.0,"0,25010","-0,00589","-0,96820","0,14202","0,00430","-0,98985",,,Valid,Valid,"234,9","101,0","514,2","292,8","102,3","509,4","367,7","97,9","365,9","104,5","0,8038","0,3424","0,8064","0,3312","0,8011","0,3536",thumbnail_grossTrial,thumbnail_grossTrial.png,1245.0,1080.0,337.0,0.0,798.0,692.0,Fixation,275.0,107.0,1332.0,383.0,"0,7985","0,3543",,
30527,58473938,1400497745225,Eye Tracker,Participant0058,17.09.2021,Participant0058,Recording4,17.09.2021,17.09.2021,14:48:45.713,12:48:45.713,64514,Timeline2,Tobii I-VT (Fixation),1.145.28180,1080,1920,"10,00",726336553.0,,,1333.0,377.0,1334.0,368.0,1333.0,386.0,"0,24617","-0,00042","-0,96923","0,14113","0,00610","-0,98997","3,98","3,80",Valid,Valid,"235,0","101,0","514,1","292,9","102,4","509,0","365,5","100,8","365,4","105,5","0,7999","0,3489","0,8000","0,3409","0,7997","0,3570",thumbnail_grossTrial,thumbnail_grossTrial.png,1245.0,1080.0,337.0,0.0,798.0,692.0,Fixation,275.0,107.0,1332.0,383.0,"0,7985","0,3543",,
30528,58482277,1400497753564,Eye Tracker,Participant0058,17.09.2021,Participant0058,Recording4,17.09.2021,17.09.2021,14:48:45.713,12:48:45.713,64514,Timeline2,Tobii I-VT (Fixation),1.145.28180,1080,1920,"10,00",726344891.0,,,1334.0,379.0,1334.0,371.0,1333.0,387.0,"0,24644","0,00087","-0,96916","0,14138","0,00627","-0,98994",,,Valid,Valid,"234,9","101,2","513,8","292,8","102,6","508,5","365,6","101,7","365,4","105,8","0,8000","0,3510","0,8002","0,3439","0,7997","0,3581",thumbnail_grossTrial,thumbnail_grossTrial.png,1245.0,1080.0,337.0,0.0,798.0,692.0,Fixation,275.0,107.0,1332.0,383.0,"0,7985","0,3543",,
30529,58490599,1400497761886,Eye Tracker,Participant0058,17.09.2021,Participant0058,Recording4,17.09.2021,17.09.2021,14:48:45.713,12:48:45.713,64514,Timeline2,Tobii I-VT (Fixation),1.145.28180,1080,1920,"10,00",726353213.0,,,1328.0,382.0,1330.0,376.0,1326.0,388.0,"0,24485","0,00300","-0,96956","0,13783","0,00632","-0,99044",,,Valid,Valid,"234,9","101,3","513,7","292,7","102,8","508,2","364,6","102,9","363,4","106,1","0,7955","0,3536","0,7973","0,3482","0,7938","0,3589",thumbnail_grossTrial,thumbnail_grossTrial.png,1245.0,1080.0,337.0,0.0,798.0,692.0,Fixation,275.0,107.0,1332.0,383.0,"0,7985","0,3543",,
30530,58499022,1400497770309,Eye Tracker,Participant0058,17.09.2021,Participant0058,Recording4,17.09.2021,17.09.2021,14:48:45.713,12:48:45.713,64514,Timeline2,Tobii I-VT (Fixation),1.145.28180,1080,1920,"10,00",726361636.0,,,1326.0,380.0,1330.0,380.0,1322.0,381.0,"0,24441","0,00511","-0,96966","0,13564","0,00248","-0,99075","4,01","3,93",Valid,Valid,"235,0","101,3","513,5","292,8","102,9","508,0","364,4","104,0","362,3","104,2","0,7936","0,3522","0,7967","0,3520","0,7906","0,3524",thumbnail_grossTrial,thumbnail_grossTrial.png,1245.0,1080.0,337.0,0.0,798.0,692.0,Fixation,275.0,107.0,1332.0,383.0,"0,7985","0,3543",,
30531,58507286,1400497778573,Eye Tracker,Participant0058,17.09.2021,Participant0058,Recording4,17.09.2021,17.09.2021,14:48:45.713,12:48:45.713,64514,Timeline2,Tobii I-VT (Fixation),1.145.28180,1080,1920,"10,00",726369900.0,,,1334.0,381.0,1329.0,390.0,1339.0,372.0,"0,24426","0,00976","-0,96966","0,14501","-0,00255","-0,98943",,,Valid,Valid,"234,9","101,5","513,2","292,7","103,1","507,6","364,2","106,7","367,1","101,8","0,8005","0,3527","0,7963","0,3610","0,8046","0,3444",thumbnail_grossTrial,thumbnail_grossTrial.png,1245.0,1080.0,337.0,0.0,798.0,692.0,Fixation,275.0,107.0,1332.0,383.0,"0,7985","0,3543",,
30532,58515675,1400497786962,Eye Tracker,Participant0058,17.09.2021,Participant0058,Recording4,17.09.2021,17.09.2021,14:48:45.713,12:48:45.713,64514,Timeline2,Tobii I-VT (Fixation),1.145.28180,1080,1920,"10,00",726378288.0,,,1333.0,380.0,1344.0,384.0,1322.0,377.0,"0,25181","0,00637","-0,96776","0,13585","-0,00018","-0,99073",,,Valid,Valid,"234,9","101,7","513,1","292,6","103,2","507,5","368,4","105,1","362,2","103,1","0,7994","0,3522","0,8085","0,3554","0,7903","0,3490",thumbnail_grossTrial,thumbnail_grossTrial.png,1245.0,1080.0,337.0,0.0,798.0,692.0,Fixation,275.0,107.0,1332.0,383.0,"0,7985","0,3543",,
30533,58523932,1400497795219,Eye Tracker,Participant0058,17.09.2021,Participant0058,Recording4,17.09.2021,17.09.2021,14:48:45.713,12:48:45.713,64514,Timeline2,Tobii I-VT (Fixation),1.145.28180,1080,1920,"10,00",726386545.0,,,1339.0,385.0,1342.0,391.0,1335.0,379.0,"0,25085","0,01016","-0,96797","0,14258","0,00094","-0,98978","3,95","3,77",Valid,Valid,"235,0","101,6","512,9","292,7","103,2","507,4","367,9","107,0","365,8","103,7","0,8040","0,3564","0,8071","0,3619","0,8009","0,3509",thumbnail_grossTrial,thumbnail_grossTrial.png,1245.0,1080.0,337.0,0.0,798.0,692.0,Fixation,275.0,107.0,1332.0,383.0,"0,7985","0,3543",,
30534,58532258,1400497803545,Eye Tracker,Participant0058,17.09.2021,Participant0058,Recording4,17.09.2021,17.09.2021,14:48:45.713,12:48:45.713,64514,Timeline2,Tobii I-VT (Fixation),1.145.28180,1080,1920,"10,00",726394871.0,,,1338.0,388.0,1342.0,391.0,1333.0,384.0,"0,25091","0,01000","-0,96796","0,14198","0,00352","-0,98986",,,Valid,Valid,"235,0","101,8","512,7","292,7","103,3","507,2","367,9","107,1","365,4","105,1","0,8034","0,3591","0,8070","0,3624","0,7997","0,3557",thumbnail_grossTrial,thumbnail_grossTrial.png,1245.0,1080.0,337.0,0.0,798.0,692.0,Fixation,275.0,107.0,1332.0,383.0,"0,7985","0,3543",,
30535,58540621,1400497811908,Eye Tracker,Participant0058,17.09.2021,Participant0058,Recording4,17.09.2021,17.09.2021,14:48:45.713,12:48:45.713,64514,Timeline2,Tobii I-VT (Fixation),1.145.28180,1080,1920,"10,00",726403234.0,,,1336.0,386.0,1338.0,387.0,1333.0,384.0,"0,24911","0,00755","-0,96845","0,14193","0,00346","-0,98987",,,Valid,Valid,"234,9","101,9","512,7","292,6","103,4","507,2","366,8","105,9","365,3","105,2","0,8016","0,3571","0,8037","0,3583","0,7994","0,3559",thumbnail_grossTrial,thumbnail_grossTrial.png,1245.0,1080.0,337.0,0.0,798.0,692.0,Fixation,275.0,107.0,1332.0,383.0,"0,7985","0,3543",,
30536,58548957,1400497820244,Eye Tracker,Participant0058,17.09.2021,Participant0058,Recording4,17.09.2021,17.09.2021,14:48:45.713,12:48:45.713,64514,Timeline2,Tobii I-VT (Fixation),1.145.28180,1080,1920,"10,00",726411569.0,,,1331.0,385.0,,,1331.0,385.0,,,,"0,14070","0,00384","-0,99005",,"3,78",Invalid,Valid,,,,"292,7","103,3","507,1",,,"364,8","105,3","0,7978","0,3563",,,"0,7978","0,3563",thumbnail_grossTrial,thumbnail_grossTrial.png,1245.0,1080.0,337.0,0.0,798.0,692.0,Fixation,275.0,107.0,1332.0,383.0,"0,7985","0,3543",,
30537,58557256,1400497828543,Eye Tracker,Participant0058,17.09.2021,Participant0058,Recording4,17.09.2021,17.09.2021,14:48:45.713,12:48:45.713,64514,Timeline2,Tobii I-VT (Fixation),1.145.28180,1080,1920,"10,00",726419868.0,,,1329.0,392.0,1333.0,403.0,1325.0,381.0,"0,24666","0,01563","-0,96898","0,13788","0,00156","-0,99045",,,Valid,Valid,"235,0","101,9","512,5","292,6","103,4","507,0","365,4","110,2","363,2","104,2","0,7965","0,3627","0,7997","0,3728","0,7933","0,3526",thumbnail_grossTrial,thumbnail_grossTrial.png,1245.0,1080.0,337.0,0.0,798.0,692.0,Fixation,275.0,107.0,1332.0,383.0,"0,7985","0,3543",,
30538,58565621,1400497836908,Eye Tracker,Participant0058,17.09.2021,Participant0058,Recording4,17.09.2021,17.09.2021,14:48:45.713,12:48:45.713,64514,Timeline2,Tobii I-VT (Fixation),1.145.28180,1080,1920,"10,00",726428233.0,,,1328.0,390.0,1332.0,406.0,1324.0,374.0,"0,24617","0,01728","-0,96907","0,13723","-0,00190","-0,99054",,,Valid,Valid,"234,9","101,9","512,4","292,6","103,5","507,0","365,1","111,1","362,8","102,5","0,7954","0,3613","0,7987","0,3758","0,7921","0,3468",thumbnail_grossTrial,thumbnail_grossTrial.png,1245.0,1080.0,337.0,0.0,798.0,692.0,Fixation,275.0,107.0,1332.0,383.0,"0,7985","0,3543",,
30539,58573958,1400497845245,Eye Tracker,Participant0058,17.09.2021,Participant0058,Recording4,17.09.2021,17.09.2021,14:48:45.713,12:48:45.713,64514,Timeline2,Tobii I-VT (Fixation),1.145.28180,1080,1920,"10,00",726436570.0,,,1337.0,377.0,1343.0,381.0,1331.0,373.0,"0,25158","0,00443","-0,96783","0,14087","-0,00229","-0,99003","3,98","3,77",Valid,Valid,"235,0","101,9","512,4","292,7","103,4","506,9","368,2","104,2","364,8","102,2","0,8028","0,3492","0,8077","0,3526","0,7979","0,3457",thumbnail_grossTrial,thumbnail_grossTrial.png,1245.0,1080.0,337.0,0.0,798.0,692.0,Fixation,275.0,107.0,1332.0,383.0,"0,7985","0,3543",,
30540,58582366,1400497853653,Eye Tracker,Participant0058,17.09.2021,Participant0058,Recording4,17.09.2021,17.09.2021,14:48:45.713,12:48:45.713,64514,Timeline2,Tobii I-VT (Fixation),1.145.28180,1080,1920,"10,00",726444977.0,,,1340.0,368.0,1344.0,361.0,1336.0,374.0,"0,25203","-0,00578","-0,96770","0,14365","-0,00190","-0,98963",,,Valid,Valid,"234,9","101,9","512,2","292,6","103,4","506,8","368,3","98,9","366,2","102,4","0,8051","0,3405","0,8083","0,3345","0,8019","0,3466",thumbnail_grossTrial,thumbnail_grossTrial.png,1245.0,1080.0,337.0,0.0,798.0,692.0,Fixation,275.0,107.0,1332.0,383.0,"0,7985","0,3543",,
30541,58590585,1400497861872,Eye Tracker,Participant0058,17.09.2021,Participant0058,Recording4,17.09.2021,17.09.2021,14:48:45.713,12:48:45.713,64514,Timeline2,Tobii I-VT (Fixation),1.145.28180,1080,1920,"10,00",726453196.0,,,1333.0,375.0,1330.0,370.0,1335.0,380.0,"0,24555","-0,00130","-0,96938","0,14322","0,00086","-0,98969",,,Valid,Valid,"234,9","101,9","512,2","292,5","103,4","506,8","364,6","101,2","365,9","103,9","0,7993","0,3470","0,7974","0,3426","0,8011","0,3515",thumbnail_grossTrial,thumbnail_grossTrial.png,1245.0,1080.0,337.0,0.0,798.0,692.0,Fixation,275.0,107.0,1332.0,383.0,"0,7985","0,3543",,
30542,58598963,1400497870250,Eye Tracker,Participant0058,17.09.2021,Participant0058,Recording4,17.09.2021,17.09.2021,14:48:45.713,12:48:45.713,64514,Timeline2,Tobii I-VT (Fixation),1.145.28180,1080,1920,"10,00",726461574.0,,,1330.0,385.0,1326.0,388.0,1335.0,381.0,"0,24315","0,00842","-0,96995","0,14295","0,00200","-0,98973","3,93","3,79",Valid,Valid,"235,0","101,7","512,2","292,7","103,3","506,8","363,4","106,2","365,8","104,4","0,7974","0,3562","0,7938","0,3592","0,8010","0,3531",thumbnail_grossTrial,thumbnail_grossTrial.png,1245.0,1080.0,337.0,0.0,798.0,692.0,Fixation,275.0,107.0,1332.0,383.0,"0,7985","0,3543",,
30543,58607262,1400497878549,Eye Tracker,Participant0058,17.09.2021,Participant0058,Recording4,17.09.2021,17.09.2021,14:48:45.713,12:48:45.713,64514,Timeline2,Tobii I-VT (Fixation),1.145.28180,1080,1920,"10,00",726469873.0,,,1328.0,388.0,1324.0,390.0,1332.0,387.0,"0,24244","0,00918","-0,97012","0,14173","0,00482","-0,98989",,,Valid,Valid,"235,0","101,9","512,1","292,6","103,4","506,6","362,9","106,7","365,2","105,9","0,7957","0,3596","0,7925","0,3611","0,7990","0,3581",thumbnail_grossTrial,thumbnail_grossTrial.png,1245.0,1080.0,337.0,0.0,798.0,692.0,Fixation,275.0,107.0,1332.0,383.0,"0,7985","0,3543",,
30544,58615614,1400497886901,Eye Tracker,Participant0058,17.09.2021,Participant0058,Recording4,17.09.2021,17.09.2021,14:48:45.713,12:48:45.713,64514,Timeline2,Tobii I-VT (Fixation),1.145.28180,1080,1920,"10,00",726478224.0,,,1334.0,384.0,1336.0,379.0,1332.0,389.0,"0,24814","0,00365","-0,96872","0,14146","0,00606","-0,98993",,,Valid,Valid,"234,9","101,9","512,1","292,6","103,4","506,6","366,1","103,8","365,0","106,5","0,8001","0,3559","0,8017","0,3513","0,7984","0,3605",thumbnail_grossTrial,thumbnail_grossTrial.png,1245.0,1080.0,337.0,0.0,798.0,692.0,Fixation,275.0,107.0,1332.0,383.0,"0,7985","0,3543",,
30545,58623956,1400497895243,Eye Tracker,Participant0058,17.09.2021,Participant0058,Recording4,17.09.2021,17.09.2021,14:48:45.713,12:48:45.713,64514,Timeline2,Tobii I-VT (Fixation),1.145.28180,1080,1920,"10,00",726486566.0,,,1335.0,382.0,1337.0,377.0,1334.0,387.0,"0,24855","0,00264","-0,96862","0,14236","0,00508","-0,98980","3,99","3,81",Valid,Valid,"235,0","101,8","512,1","292,7","103,4","506,6","366,4","103,2","365,5","106,0","0,8014","0,3538","0,8027","0,3491","0,8001","0,3585",thumbnail_grossTrial,thumbnail_grossTrial.png,1245.0,1080.0,337.0,0.0,798.0,692.0,Fixation,275.0,107.0,1332.0,383.0,"0,7985","0,3543",,
30546,58632275,1400497903562,Eye Tracker,Participant0058,17.09.2021,Participant0058,Recording4,17.09.2021,17.09.2021,14:48:45.713,12:48:45.713,64514,Timeline2,Tobii I-VT (Fixation),1.145.28180,1080,1920,"10,00",726494885.0,,,1323.0,396.0,1339.0,377.0,1307.0,415.0,"0,24957","0,00222","-0,96835","0,12838","0,02007","-0,99152",,,Valid,Valid,"235,0","101,9","512,1","292,6","103,4","506,5","367,0","103,0","358,2","113,7","0,7915","0,3666","0,8043","0,3486","0,7786","0,3847",thumbnail_grossTrial,thumbnail_grossTrial.png,1245.0,1080.0,337.0,0.0,798.0,692.0,Fixation,275.0,107.0,1332.0,383.0,"0,7985","0,3543",,
30547,58640619,1400497911906,Eye Tracker,Participant0058,17.09.2021,Participant0058,Recording4,17.09.2021,17.09.2021,14:48:45.713,12:48:45.713,64514,Timeline2,Tobii I-VT (Fixation),1.145.28180,1080,1920,"10,00",726503228.0,,,1325.0,397.0,1342.0,379.0,1308.0,415.0,"0,25116","0,00334","-0,96794","0,12878","0,01984","-0,99147",,,Valid,Valid,"234,9","101,9","512,1","292,6","103,5","506,5","367,8","103,7","358,3","113,6","0,7929","0,3676","0,8068","0,3507","0,7790","0,3845",thumbnail_grossTrial,thumbnail_grossTrial.png,1245.0,1080.0,337.0,0.0,798.0,692.0,Fixation,275.0,107.0,1332.0,383.0,"0,7985","0,3543",,
30548,58648984,1400497920271,Eye Tracker,Participant0058,17.09.2021,Participant0058,Recording4,17.09.2021,17.09.2021,14:48:45.713,12:48:45.713,64514,Timeline2,Tobii I-VT (Fixation),1.145.28180,1080,1920,"10,00",726511593.0,,,1327.0,390.0,1342.0,374.0,1312.0,407.0,"0,25099","0,00097","-0,96799","0,13106","0,01564","-0,99125","3,94","3,79",Valid,Valid,"235,0","101,8","512,2","292,6","103,5","506,4","367,8","102,3","359,6","111,5","0,7947","0,3616","0,8068","0,3460","0,7827","0,3771",thumbnail_grossTrial,thumbnail_grossTrial.png,1245.0,1080.0,337.0,0.0,798.0,692.0,Fixation,275.0,107.0,1332.0,383.0,"0,7985","0,3543",,
30549,58657276,1400497928563,Eye Tracker,Participant0058,17.09.2021,Participant0058,Recording4,17.09.2021,17.09.2021,14:48:45.713,12:48:45.713,64514,Timeline2,Tobii I-VT (Fixation),1.145.28180,1080,1920,"10,00",726519885.0,,,1328.0,387.0,1343.0,369.0,1313.0,406.0,"0,25139","-0,00188","-0,96788","0,13178","0,01472","-0,99117",,,Valid,Valid,"235,0","101,9","512,2","292,6","103,5","506,3","368,0","100,9","359,9","111,0","0,7955","0,3585","0,8074","0,3413","0,7837","0,3757",thumbnail_grossTrial,thumbnail_grossTrial.png,1245.0,1080.0,337.0,0.0,798.0,692.0,Fixation,275.0,107.0,1332.0,383.0,"0,7985","0,3543",,
30550,58665608,1400497936895,Eye Tracker,Participant0058,17.09.2021,Participant0058,Recording4,17.09.2021,17.09.2021,14:48:45.713,12:48:45.713,64514,Timeline2,Tobii I-VT (Fixation),1.145.28180,1080,1920,"10,00",726528217.0,,,1341.0,383.0,1347.0,368.0,1336.0,397.0,"0,25331","-0,00241","-0,96738","0,14357","0,01003","-0,98959",,,Valid,Valid,"234,9","101,9","512,2","292,6","103,6","506,3","369,1","100,6","366,0","108,7","0,8060","0,3542","0,8104","0,3405","0,8015","0,3679",thumbnail_grossTrial,thumbnail_grossTrial.png,1245.0,1080.0,337.0,0.0,798.0,692.0,Fixation,275.0,107.0,1332.0,383.0,"0,7985","0,3543",,
30551,58673923,1400497945210,Eye Tracker,Participant0058,17.09.2021,Participant0058,Recording4,17.09.2021,17.09.2021,14:48:45.713,12:48:45.713,64514,Timeline2,Tobii I-VT (Fixation),1.145.28180,1080,1920,"10,00",726536531.0,,,1328.0,391.0,1346.0,369.0,1311.0,412.0,"0,25281","-0,00166","-0,96752","0,13037","0,01814","-0,99130","3,95","3,78",Valid,Valid,"235,0","101,8","512,3","292,6","103,6","506,3","368,9","100,9","359,2","112,8","0,7957","0,3616","0,8099","0,3415","0,7816","0,3817",thumbnail_grossTrial,thumbnail_grossTrial.png,1245.0,1080.0,337.0,0.0,798.0,692.0,Fixation,275.0,107.0,1332.0,383.0,"0,7985","0,3543",,
30552,58682287,1400497953574,Eye Tracker,Participant0058,17.09.2021,Participant0058,Recording4,17.09.2021,17.09.2021,14:48:45.713,12:48:45.713,64514,Timeline2,Tobii I-VT (Fixation),1.145.28180,1080,1920,"10,00",726544895.0,,,1326.0,394.0,1340.0,375.0,1311.0,412.0,"0,25023","0,00155","-0,96819","0,13054","0,01778","-0,99128",,,Valid,Valid,"235,0","101,9","512,2","292,6","103,6","506,2","367,4","102,7","359,3","112,7","0,7936","0,3645","0,8055","0,3475","0,7818","0,3814",thumbnail_grossTrial,thumbnail_grossTrial.png,1245.0,1080.0,337.0,0.0,798.0,692.0,Fixation,275.0,107.0,1332.0,383.0,"0,7985","0,3543",,
30553,58690678,1400497961965,Eye Tracker,Participant0058,17.09.2021,Participant0058,Recording4,17.09.2021,17.09.2021,14:48:45.713,12:48:45.713,64514,Timeline2,Tobii I-VT (Fixation),1.145.28180,1080,1920,"10,00",726553286.0,,,1325.0,392.0,1339.0,372.0,1311.0,412.0,"0,24954","-0,00031","-0,96836","0,13058","0,01767","-0,99128",,,Valid,Valid,"234,9","101,9","512,3","292,6","103,7","506,2","366,9","101,8","359,2","112,7","0,7929","0,3628","0,8042","0,3443","0,7816","0,3814",thumbnail_grossTrial,thumbnail_grossTrial.png,1245.0,1080.0,337.0,0.0,798.0,692.0,Fixation,275.0,107.0,1332.0,383.0,"0,7985","0,3543",,
30554,58698932,1400497970219,Eye Tracker,Participant0058,17.09.2021,Participant0058,Recording4,17.09.2021,17.09.2021,14:48:45.713,12:48:45.713,64514,Timeline2,Tobii I-VT (Fixation),1.145.28180,1080,1920,"10,00",726561540.0,,,1311.0,409.0,,,1311.0,409.0,,,,"0,13072","0,01621","-0,99129",,"3,79",Invalid,Valid,,,,"292,6","103,7","506,2",,,"359,4","111,9","0,7820","0,3787",,,"0,7820","0,3787",thumbnail_grossTrial,thumbnail_grossTrial.png,1245.0,1080.0,337.0,0.0,798.0,692.0,Fixation,275.0,107.0,1332.0,383.0,"0,7985","0,3543",,
30555,58707274,1400497978561,Eye Tracker,Participant0058,17.09.2021,Participant0058,Recording4,17.09.2021,17.09.2021,14:48:45.713,12:48:45.713,64514,Timeline2,Tobii I-VT (Fixation),1.145.28180,1080,1920,"10,00",726569881.0,,,1325.0,378.0,1323.0,372.0,1328.0,383.0,"0,24192","-0,00003","-0,97030","0,13975","0,00205","-0,99018",,,Valid,Valid,"234,9","101,9","512,3","292,5","103,7","506,1","362,6","101,9","363,9","104,7","0,7934","0,3496","0,7914","0,3448","0,7953","0,3544",thumbnail_grossTrial,thumbnail_grossTrial.png,1245.0,1080.0,337.0,0.0,798.0,692.0,Saccade,33.0,233.0,,,,,,
30556,58715601,1400497986888,Eye Tracker,Participant0058,17.09.2021,Participant0058,Recording4,17.09.2021,17.09.2021,14:48:45.713,12:48:45.713,64514,Timeline2,Tobii I-VT (Fixation),1.145.28180,1080,1920,"10,00",726578208.0,,,1289.0,374.0,1281.0,372.0,1296.0,375.0,"0,22176","-0,00013","-0,97510","0,12318","-0,00193","-0,99238",,,Valid,Valid,"234,7","101,9","512,3","292,4","103,7","506,1","351,2","101,9","355,2","102,7","0,7640","0,3461","0,7581","0,3446","0,7698","0,3476",thumbnail_grossTrial,thumbnail_grossTrial.png,1245.0,1080.0,337.0,0.0,798.0,692.0,Saccade,33.0,233.0,,,,,,
30557,58723920,1400497995207,Eye Tracker,Participant0058,17.09.2021,Participant0058,Recording4,17.09.2021,17.09.2021,14:48:45.713,12:48:45.713,64514,Timeline2,Tobii I-VT (Fixation),1.145.28180,1080,1920,"10,00",726586527.0,,,1270.0,373.0,,,1270.0,373.0,,,,"0,10918","-0,00285","-0,99402",,"4,16",Invalid,Valid,,,,"292,4","103,6","506,1",,,"348,0","102,2","0,7487","0,3456",,,"0,7487","0,3456",thumbnail_grossTrial,thumbnail_grossTrial.png,1245.0,1080.0,337.0,0.0,798.0,692.0,Saccade,33.0,233.0,,,,,,
30558,58732287,1400498003574,Eye Tracker,Participant0058,17.09.2021,Participant0058,Recording4,17.09.2021,17.09.2021,14:48:45.713,12:48:45.713,64514,Timeline2,Tobii I-VT (Fixation),1.145.28180,1080,1920,"10,00",726594894.0,,,1248.0,368.0,1261.0,336.0,1234.0,399.0,"0,21160","-0,01873","-0,97718","0,09013","0,01072","-0,99587",,,Valid,Valid,"234,7","101,9","512,2","292,4","103,7","506,0","345,7","92,1","338,2","109,1","0,7309","0,3404","0,7419","0,3115","0,7199","0,3692",thumbnail_grossTrial,thumbnail_grossTrial.png,1245.0,1080.0,337.0,0.0,798.0,692.0,Saccade,33.0,233.0,,,,,,
30559,58740662,1400498011949,Eye Tracker,Participant0058,17.09.2021,Participant0058,Recording4,17.09.2021,17.09.2021,14:48:45.713,12:48:45.713,64514,Timeline2,Tobii I-VT (Fixation),1.145.28180,1080,1920,"10,00",726603268.0,,,1241.0,373.0,1248.0,348.0,1234.0,399.0,"0,20531","-0,01290","-0,97861","0,09016","0,01073","-0,99587",,,Valid,Valid,"234,7","101,9","512,3","292,3","103,7","506,1","342,2","95,2","338,2","109,2","0,7257","0,3457","0,7316","0,3220","0,7199","0,3693",thumbnail_grossTrial,thumbnail_grossTrial.png,1245.0,1080.0,337.0,0.0,798.0,692.0,Unclassified,50.0,544.0,,,,,,
30560,58748931,1400498020218,Eye Tracker,Participant0058,17.09.2021,Participant0058,Recording4,17.09.2021,17.09.2021,14:48:45.713,12:48:45.713,64514,Timeline2,Tobii I-VT (Fixation),1.145.28180,1080,1920,"10,00",726611537.0,,,1238.0,396.0,,,1238.0,396.0,,,,"0,09229","0,00958","-0,99569",,"4,15",Invalid,Valid,,,,"292,4","103,6","506,1",,,"339,3","108,4","0,7232","0,3669",,,"0,7232","0,3669",thumbnail_grossTrial,thumbnail_grossTrial.png,1245.0,1080.0,337.0,0.0,798.0,692.0,Unclassified,50.0,544.0,,,,,,
30561,58757273,1400498028560,Eye Tracker,Participant0058,17.09.2021,Participant0058,Recording4,17.09.2021,17.09.2021,14:48:45.713,12:48:45.713,64514,Timeline2,Tobii I-VT (Fixation),1.145.28180,1080,1920,"10,00",726619879.0,,,1258.0,368.0,1256.0,362.0,1260.0,373.0,"0,20924","-0,00544","-0,97785","0,10394","-0,00295","-0,99458",,,Valid,Valid,"234,7","101,9","512,2","292,3","103,6","506,1","344,3","99,0","345,2","102,1","0,7392","0,3403","0,7379","0,3350","0,7406","0,3456",thumbnail_grossTrial,thumbnail_grossTrial.png,1245.0,1080.0,337.0,0.0,798.0,692.0,Unclassified,50.0,544.0,,,,,,
30562,58765600,1400498036887,Eye Tracker,Participant0058,17.09.2021,Participant0058,Recording4,17.09.2021,17.09.2021,14:48:45.713,12:48:45.713,64514,Timeline2,Tobii I-VT (Fixation),1.145.28180,1080,1920,"10,00",726628206.0,,,1256.0,362.0,1262.0,348.0,1249.0,375.0,"0,21217","-0,01288","-0,97715","0,09861","-0,00175","-0,99513",,,Valid,Valid,"234,7","101,9","512,2","292,3","103,6","506,1","345,9","95,1","342,4","102,8","0,7374","0,3348","0,7425","0,3219","0,7324","0,3477",thumbnail_grossTrial,thumbnail_grossTrial.png,1245.0,1080.0,337.0,0.0,798.0,692.0,Unclassified,50.0,544.0,,,,,,
30563,58773935,1400498045222,Eye Tracker,Participant0058,17.09.2021,Participant0058,Recording4,17.09.2021,17.09.2021,14:48:45.713,12:48:45.713,64514,Timeline2,Tobii I-VT (Fixation),1.145.28180,1080,1920,"10,00",726636540.0,,,1254.0,366.0,,,1254.0,366.0,,,,"0,10109","-0,00659","-0,99486",,"4,17",Invalid,Valid,,,,"292,3","103,5","506,2",,,"343,8","100,2","0,7363","0,3389",,,"0,7363","0,3389",thumbnail_grossTrial,thumbnail_grossTrial.png,1245.0,1080.0,337.0,0.0,798.0,692.0,Unclassified,50.0,544.0,,,,,,
30564,58782261,1400498053548,Eye Tracker,Participant0058,17.09.2021,Participant0058,Recording4,17.09.2021,17.09.2021,14:48:45.713,12:48:45.713,64514,Timeline2,Tobii I-VT (Fixation),1.145.28180,1080,1920,"10,00",726644866.0,,,1252.0,349.0,1254.0,328.0,1250.0,369.0,"0,20801","-0,02291","-0,97786","0,09898","-0,00496","-0,99508",,,Valid,Valid,"234,7","101,8","512,1","292,3","103,5","506,3","343,6","89,8","342,7","101,0","0,7346","0,3228","0,7359","0,3040","0,7332","0,3417",thumbnail_grossTrial,thumbnail_grossTrial.png,1245.0,1080.0,337.0,0.0,798.0,692.0,Unclassified,50.0,544.0,,,,,,
30565,58790603,1400498061890,Eye Tracker,Participant0058,17.09.2021,Participant0058,Recording4,17.09.2021,17.09.2021,14:48:45.713,12:48:45.713,64514,Timeline2,Tobii I-VT (Fixation),1.145.28180,1080,1920,"10,00",726653208.0,,,1252.0,350.0,1252.0,329.0,1253.0,370.0,"0,20699","-0,02259","-0,97808","0,10047","-0,00416","-0,99493",,,Valid,Valid,"234,6","101,9","512,2","292,3","103,5","506,4","343,0","90,0","343,5","101,4","0,7348","0,3238","0,7342","0,3046","0,7354","0,3430",thumbnail_grossTrial,thumbnail_grossTrial.png,1245.0,1080.0,337.0,0.0,798.0,692.0,Saccade,25.0,234.0,,,,,,
30566,58798949,1400498070236,Eye Tracker,Participant0058,17.09.2021,Participant0058,Recording4,17.09.2021,17.09.2021,14:48:45.713,12:48:45.713,64514,Timeline2,Tobii I-VT (Fixation),1.145.28180,1080,1920,"10,00",726661554.0,,,1251.0,368.0,1247.0,363.0,1256.0,372.0,"0,20462","-0,00459","-0,97883","0,10171","-0,00287","-0,99481","3,99","4,16",Valid,Valid,"234,7","101,7","512,2","292,4","103,4","506,6","341,8","99,3","344,2","101,9","0,7340","0,3404","0,7305","0,3361","0,7375","0,3448",thumbnail_grossTrial,thumbnail_grossTrial.png,1245.0,1080.0,337.0,0.0,798.0,692.0,Saccade,25.0,234.0,,,,,,
30567,58807247,1400498078534,Eye Tracker,Participant0058,17.09.2021,Participant0058,Recording4,17.09.2021,17.09.2021,14:48:45.713,12:48:45.713,64514,Timeline2,Tobii I-VT (Fixation),1.145.28180,1080,1920,"10,00",726669851.0,,,1241.0,402.0,1228.0,431.0,1255.0,373.0,"0,19488","0,03099","-0,98034","0,10106","-0,00250","-0,99488",,,Valid,Valid,"234,7","101,8","512,1","292,4","103,3","506,6","336,5","118,0","343,9","102,1","0,7259","0,3723","0,7151","0,3992","0,7366","0,3454",thumbnail_grossTrial,thumbnail_grossTrial.png,1245.0,1080.0,337.0,0.0,798.0,692.0,Saccade,25.0,234.0,,,,,,
30568,58815597,1400498086884,Eye Tracker,Participant0058,17.09.2021,Participant0058,Recording4,17.09.2021,17.09.2021,14:48:45.713,12:48:45.713,64514,Timeline2,Tobii I-VT (Fixation),1.145.28180,1080,1920,"10,00",726678201.0,,,1240.0,402.0,1228.0,431.0,1253.0,373.0,"0,19498","0,03096","-0,98032","0,10008","-0,00230","-0,99498",,,Valid,Valid,"234,7","101,8","512,2","292,4","103,3","506,8","336,6","118,0","343,4","102,2","0,7252","0,3724","0,7152","0,3992","0,7352","0,3456",thumbnail_grossTrial,thumbnail_grossTrial.png,1245.0,1080.0,337.0,0.0,798.0,692.0,Unclassified,8.0,545.0,,,,,,
30569,58823907,1400498095194,Eye Tracker,Participant0058,17.09.2021,Participant0058,Recording4,17.09.2021,17.09.2021,14:48:45.713,12:48:45.713,64514,Timeline2,Tobii I-VT (Fixation),1.145.28180,1080,1920,"10,00",726686511.0,,,1236.0,404.0,1222.0,433.0,1249.0,376.0,"0,19174","0,03214","-0,98092","0,09802","-0,00047","-0,99518","3,93","4,16",Valid,Valid,"234,8","101,6","512,3","292,5","103,2","506,9","334,9","118,4","342,4","102,9","0,7214","0,3744","0,7104","0,4006","0,7324","0,3483",thumbnail_grossTrial,thumbnail_grossTrial.png,1245.0,1080.0,337.0,0.0,798.0,692.0,Saccade,17.0,235.0,,,,,,
30570,58832234,1400498103521,Eye Tracker,Participant0058,17.09.2021,Participant0058,Recording4,17.09.2021,17.09.2021,14:48:45.713,12:48:45.713,64514,Timeline2,Tobii I-VT (Fixation),1.145.28180,1080,1920,"10,00",726694837.0,,,1254.0,368.0,1252.0,367.0,1255.0,369.0,"0,20705","-0,00237","-0,97833","0,10122","-0,00428","-0,99485",,,Valid,Valid,"234,8","101,7","512,3","292,5","103,2","507,0","343,2","100,5","344,1","101,0","0,7359","0,3409","0,7346","0,3400","0,7372","0,3418",thumbnail_grossTrial,thumbnail_grossTrial.png,1245.0,1080.0,337.0,0.0,798.0,692.0,Saccade,17.0,235.0,,,,,,
30571,58840646,1400498111933,Eye Tracker,Participant0058,17.09.2021,Participant0058,Recording4,17.09.2021,17.09.2021,14:48:45.713,12:48:45.713,64514,Timeline2,Tobii I-VT (Fixation),1.145.28180,1080,1920,"10,00",726703249.0,,,1255.0,370.0,1253.0,370.0,1257.0,369.0,"0,20737","-0,00078","-0,97826","0,10184","-0,00420","-0,99479",,,Valid,Valid,"234,7","101,7","512,4","292,5","103,2","507,1","343,3","101,3","344,4","101,0","0,7366","0,3424","0,7350","0,3428","0,7382","0,3419",thumbnail_grossTrial,thumbnail_grossTrial.png,1245.0,1080.0,337.0,0.0,798.0,692.0,Unclassified,33.0,546.0,,,,,,
30572,58848906,1400498120193,Eye Tracker,Participant0058,17.09.2021,Participant0058,Recording4,17.09.2021,17.09.2021,14:48:45.713,12:48:45.713,64514,Timeline2,Tobii I-VT (Fixation),1.145.28180,1080,1920,"10,00",726711509.0,,,1252.0,369.0,1252.0,369.0,1252.0,369.0,"0,20674","-0,00094","-0,97839","0,09913","-0,00419","-0,99507","3,93","4,19",Valid,Valid,"234,8","101,6","512,5","292,6","103,0","507,3","343,1","101,1","343,1","100,9","0,7343","0,3417","0,7343","0,3419","0,7343","0,3414",thumbnail_grossTrial,thumbnail_grossTrial.png,1245.0,1080.0,337.0,0.0,798.0,692.0,Unclassified,33.0,546.0,,,,,,
30573,58857259,1400498128546,Eye Tracker,Participant0058,17.09.2021,Participant0058,Recording4,17.09.2021,17.09.2021,14:48:45.713,12:48:45.713,64514,Timeline2,Tobii I-VT (Fixation),1.145.28180,1080,1920,"10,00",726719862.0,,,1251.0,369.0,1251.0,371.0,1250.0,368.0,"0,20661","-0,00054","-0,97842","0,09821","-0,00464","-0,99516",,,Valid,Valid,"234,8","101,7","512,5","292,5","103,1","507,3","343,0","101,4","342,6","100,7","0,7335","0,3419","0,7340","0,3431","0,7329","0,3407",thumbnail_grossTrial,thumbnail_grossTrial.png,1245.0,1080.0,337.0,0.0,798.0,692.0,Unclassified,33.0,546.0,,,,,,
30574,58865562,1400498136849,Eye Tracker,Participant0058,17.09.2021,Participant0058,Recording4,17.09.2021,17.09.2021,14:48:45.713,12:48:45.713,64514,Timeline2,Tobii I-VT (Fixation),1.145.28180,1080,1920,"10,00",726728164.0,,,1245.0,373.0,1241.0,379.0,1250.0,368.0,"0,20127","0,00373","-0,97953","0,09809","-0,00478","-0,99517",,,Valid,Valid,"234,7","101,7","512,6","292,5","103,1","507,5","340,0","103,6","342,5","100,6","0,7290","0,3456","0,7253","0,3507","0,7326","0,3405",thumbnail_grossTrial,thumbnail_grossTrial.png,1245.0,1080.0,337.0,0.0,798.0,692.0,Unclassified,33.0,546.0,,,,,,
30575,58873916,1400498145203,Eye Tracker,Participant0058,17.09.2021,Participant0058,Recording4,17.09.2021,17.09.2021,14:48:45.713,12:48:45.713,64514,Timeline2,Tobii I-VT (Fixation),1.145.28180,1080,1920,"10,00",726736518.0,,,1241.0,376.0,1240.0,376.0,1242.0,376.0,"0,20097","0,00290","-0,97959","0,09367","0,00007","-0,99560","3,92","3,81",Valid,Valid,"234,8","101,5","512,6","292,6","102,9","507,6","339,9","103,0","340,3","103,0","0,7257","0,3485","0,7251","0,3486","0,7262","0,3483",thumbnail_grossTrial,thumbnail_grossTrial.png,1245.0,1080.0,337.0,0.0,798.0,692.0,Saccade,17.0,236.0,,,,,,
30576,58882236,1400498153523,Eye Tracker,Participant0058,17.09.2021,Participant0058,Recording4,17.09.2021,17.09.2021,14:48:45.713,12:48:45.713,64514,Timeline2,Tobii I-VT (Fixation),1.145.28180,1080,1920,"10,00",726744838.0,,,1231.0,396.0,1225.0,414.0,1237.0,379.0,"0,19318","0,02223","-0,98091","0,09129","0,00121","-0,99582",,,Valid,Valid,"234,7","101,7","512,6","292,5","103,0","507,6","335,7","113,3","339,1","103,6","0,7176","0,3669","0,7126","0,3833","0,7226","0,3505",thumbnail_grossTrial,thumbnail_grossTrial.png,1245.0,1080.0,337.0,0.0,798.0,692.0,Saccade,17.0,236.0,,,,,,
30577,58890561,1400498161848,Eye Tracker,Participant0058,17.09.2021,Participant0058,Recording4,17.09.2021,17.09.2021,14:48:45.713,12:48:45.713,64514,Timeline2,Tobii I-VT (Fixation),1.145.28180,1080,1920,"10,00",726753163.0,,,1234.0,396.0,1225.0,414.0,1243.0,379.0,"0,19333","0,02208","-0,98089","0,09447","0,00120","-0,99553",,,Valid,Valid,"234,7","101,7","512,7","292,5","103,0","507,8","335,7","113,2","340,7","103,6","0,7200","0,3668","0,7127","0,3831","0,7272","0,3505",thumbnail_grossTrial,thumbnail_grossTrial.png,1245.0,1080.0,337.0,0.0,798.0,692.0,Unclassified,8.0,547.0,,,,,,
30578,58898900,1400498170187,Eye Tracker,Participant0058,17.09.2021,Participant0058,Recording4,17.09.2021,17.09.2021,14:48:45.713,12:48:45.713,64514,Timeline2,Tobii I-VT (Fixation),1.145.28180,1080,1920,"10,00",726761501.0,,,1245.0,380.0,,,1245.0,380.0,,,,"0,09533","0,00211","-0,99544",,"3,80",Invalid,Valid,,,,"292,6","102,8","507,8",,,"341,2","103,9","0,7288","0,3515",,,"0,7288","0,3515",thumbnail_grossTrial,thumbnail_grossTrial.png,1245.0,1080.0,337.0,0.0,798.0,692.0,Saccade,17.0,237.0,,,,,,
30579,58907259,1400498178546,Eye Tracker,Participant0058,17.09.2021,Participant0058,Recording4,17.09.2021,17.09.2021,14:48:45.713,12:48:45.713,64514,Timeline2,Tobii I-VT (Fixation),1.145.28180,1080,1920,"10,00",726769860.0,,,1248.0,376.0,1249.0,371.0,1247.0,382.0,"0,20557","-0,00038","-0,97864","0,09648","0,00329","-0,99533",,,Valid,Valid,"234,7","101,6","512,6","292,6","102,9","507,9","342,4","101,4","341,8","104,6","0,7314","0,3485","0,7323","0,3432","0,7305","0,3538",thumbnail_grossTrial,thumbnail_grossTrial.png,1245.0,1080.0,337.0,0.0,798.0,692.0,Saccade,17.0,237.0,,,,,,
30580,58915583,1400498186870,Eye Tracker,Participant0058,17.09.2021,Participant0058,Recording4,17.09.2021,17.09.2021,14:48:45.713,12:48:45.713,64514,Timeline2,Tobii I-VT (Fixation),1.145.28180,1080,1920,"10,00",726778184.0,,,1243.0,380.0,1237.0,383.0,1248.0,377.0,"0,19952","0,00576","-0,97988","0,09724","0,00031","-0,99526",,,Valid,Valid,"234,7","101,7","512,6","292,5","102,9","508,0","339,0","104,7","342,2","103,0","0,7270","0,3515","0,7225","0,3543","0,7316","0,3486",thumbnail_grossTrial,thumbnail_grossTrial.png,1245.0,1080.0,337.0,0.0,798.0,692.0,Fixation,83.0,108.0,1253.0,381.0,"0,7352","0,3529",,
30581,58923902,1400498195189,Eye Tracker,Participant0058,17.09.2021,Participant0058,Recording4,17.09.2021,17.09.2021,14:48:45.713,12:48:45.713,64514,Timeline2,Tobii I-VT (Fixation),1.145.28180,1080,1920,"10,00",726786503.0,,,1249.0,378.0,1242.0,384.0,1255.0,373.0,"0,20190","0,00656","-0,97938","0,10054","-0,00124","-0,99493","3,91","3,78",Valid,Valid,"234,8","101,6","512,6","292,6","102,7","508,1","340,4","105,0","344,0","102,1","0,7317","0,3503","0,7265","0,3552","0,7369","0,3454",thumbnail_grossTrial,thumbnail_grossTrial.png,1245.0,1080.0,337.0,0.0,798.0,692.0,Fixation,83.0,108.0,1253.0,381.0,"0,7352","0,3529",,
30582,58932226,1400498203513,Eye Tracker,Participant0058,17.09.2021,Participant0058,Recording4,17.09.2021,17.09.2021,14:48:45.713,12:48:45.713,64514,Timeline2,Tobii I-VT (Fixation),1.145.28180,1080,1920,"10,00",726794826.0,,,1251.0,388.0,1246.0,393.0,1256.0,383.0,"0,20367","0,01100","-0,97898","0,10090","0,00423","-0,99489",,,Valid,Valid,"234,7","101,7","512,5","292,6","102,8","508,1","341,4","107,5","344,1","104,9","0,7333","0,3594","0,7293","0,3636","0,7373","0,3551",thumbnail_grossTrial,thumbnail_grossTrial.png,1245.0,1080.0,337.0,0.0,798.0,692.0,Fixation,83.0,108.0,1253.0,381.0,"0,7352","0,3529",,
30583,58940590,1400498211877,Eye Tracker,Participant0058,17.09.2021,Participant0058,Recording4,17.09.2021,17.09.2021,14:48:45.713,12:48:45.713,64514,Timeline2,Tobii I-VT (Fixation),1.145.28180,1080,1920,"10,00",726803190.0,,,1249.0,389.0,1247.0,390.0,1250.0,388.0,"0,20458","0,00955","-0,97880","0,09807","0,00674","-0,99516",,,Valid,Valid,"234,7","101,8","512,5","292,5","102,8","508,2","341,8","106,8","342,6","106,2","0,7317","0,3603","0,7305","0,3612","0,7330","0,3595",thumbnail_grossTrial,thumbnail_grossTrial.png,1245.0,1080.0,337.0,0.0,798.0,692.0,Fixation,83.0,108.0,1253.0,381.0,"0,7352","0,3529",,
30584,58948906,1400498220193,Eye Tracker,Participant0058,17.09.2021,Participant0058,Recording4,17.09.2021,17.09.2021,14:48:45.713,12:48:45.713,64514,Timeline2,Tobii I-VT (Fixation),1.145.28180,1080,1920,"10,00",726811506.0,,,1242.0,393.0,1246.0,393.0,1238.0,393.0,"0,20386","0,01150","-0,97893","0,09163","0,00986","-0,99574","3,91","4,02",Valid,Valid,"234,8","101,6","512,4","292,6","102,6","508,3","341,5","107,6","339,4","107,7","0,7265","0,3642","0,7296","0,3642","0,7235","0,3643",thumbnail_grossTrial,thumbnail_grossTrial.png,1245.0,1080.0,337.0,0.0,798.0,692.0,Fixation,83.0,108.0,1253.0,381.0,"0,7352","0,3529",,
30585,58957224,1400498228511,Eye Tracker,Participant0058,17.09.2021,Participant0058,Recording4,17.09.2021,17.09.2021,14:48:45.713,12:48:45.713,64514,Timeline2,Tobii I-VT (Fixation),1.145.28180,1080,1920,"10,00",726819824.0,,,1252.0,380.0,1243.0,388.0,1260.0,371.0,"0,20274","0,00864","-0,97919","0,10344","-0,00227","-0,99463",,,Valid,Valid,"234,7","101,8","512,3","292,6","102,7","508,3","340,8","106,3","345,5","101,6","0,7344","0,3517","0,7276","0,3597","0,7412","0,3436",thumbnail_grossTrial,thumbnail_grossTrial.png,1245.0,1080.0,337.0,0.0,798.0,692.0,Fixation,83.0,108.0,1253.0,381.0,"0,7352","0,3529",,
30586,58965584,1400498236871,Eye Tracker,Participant0058,17.09.2021,Participant0058,Recording4,17.09.2021,17.09.2021,14:48:45.713,12:48:45.713,64514,Timeline2,Tobii I-VT (Fixation),1.145.28180,1080,1920,"10,00",726828183.0,,,1261.0,378.0,1253.0,388.0,1268.0,367.0,"0,20750","0,00820","-0,97820","0,10778","-0,00434","-0,99417",,,Valid,Valid,"234,7","101,8","512,3","292,5","102,7","508,4","343,3","106,1","347,7","100,5","0,7414","0,3496","0,7350","0,3591","0,7477","0,3401",thumbnail_grossTrial,thumbnail_grossTrial.png,1245.0,1080.0,337.0,0.0,798.0,692.0,Fixation,83.0,108.0,1253.0,381.0,"0,7352","0,3529",,
30587,58973902,1400498245189,Eye Tracker,Participant0058,17.09.2021,Participant0058,Recording4,17.09.2021,17.09.2021,14:48:45.713,12:48:45.713,64514,Timeline2,Tobii I-VT (Fixation),1.145.28180,1080,1920,"10,00",726836501.0,,,1265.0,370.0,,,1265.0,370.0,,,,"0,10571","-0,00287","-0,99439",,"4,18",Invalid,Valid,,,,"292,6","102,6","508,4",,,"346,7","101,1","0,7448","0,3422",,,"0,7448","0,3422",thumbnail_grossTrial,thumbnail_grossTrial.png,1245.0,1080.0,337.0,0.0,798.0,692.0,Fixation,83.0,108.0,1253.0,381.0,"0,7352","0,3529",,
30588,58982221,1400498253508,Eye Tracker,Participant0058,17.09.2021,Participant0058,Recording4,17.09.2021,17.09.2021,14:48:45.713,12:48:45.713,64514,Timeline2,Tobii I-VT (Fixation),1.145.28180,1080,1920,"10,00",726844820.0,,,1258.0,376.0,1252.0,383.0,1264.0,370.0,"0,20713","0,00543","-0,97830","0,10514","-0,00264","-0,99445",,,Valid,Valid,"234,7","101,9","512,1","292,6","102,7","508,3","343,2","104,7","346,3","101,3","0,7392","0,3485","0,7345","0,3542","0,7438","0,3429",thumbnail_grossTrial,thumbnail_grossTrial.png,1245.0,1080.0,337.0,0.0,798.0,692.0,Fixation,83.0,108.0,1253.0,381.0,"0,7352","0,3529",,
30589,58990584,1400498261871,Eye Tracker,Participant0058,17.09.2021,Participant0058,Recording4,17.09.2021,17.09.2021,14:48:45.713,12:48:45.713,64514,Timeline2,Tobii I-VT (Fixation),1.145.28180,1080,1920,"10,00",726853183.0,,,1252.0,377.0,1254.0,378.0,1250.0,375.0,"0,20834","0,00319","-0,97805","0,09822","-0,00020","-0,99516",,,Valid,Valid,"234,7","101,9","512,1","292,5","102,7","508,4","343,8","103,5","342,7","102,6","0,7348","0,3488","0,7363","0,3503","0,7332","0,3472",thumbnail_grossTrial,thumbnail_grossTrial.png,1245.0,1080.0,337.0,0.0,798.0,692.0,Fixation,83.0,108.0,1253.0,381.0,"0,7352","0,3529",,
30590,58998922,1400498270209,Eye Tracker,Participant0058,17.09.2021,Participant0058,Recording4,17.09.2021,17.09.2021,14:48:45.713,12:48:45.713,64514,Timeline2,Tobii I-VT (Fixation),1.145.28180,1080,1920,"10,00",726861520.0,,,1255.0,372.0,,,1255.0,372.0,,,,"0,10048","-0,00144","-0,99494",,"4,00",Invalid,Valid,,,,"292,7","102,6","508,3",,,"344,0","101,9","0,7370","0,3446",,,"0,7370","0,3446",thumbnail_grossTrial,thumbnail_grossTrial.png,1245.0,1080.0,337.0,0.0,798.0,692.0,Saccade,42.0,238.0,,,,,,
30591,59007321,1400498278608,Eye Tracker,Participant0058,17.09.2021,Participant0058,Recording4,17.09.2021,17.09.2021,14:48:45.713,12:48:45.713,64514,Timeline2,Tobii I-VT (Fixation),1.145.28180,1080,1920,"10,00",726869919.0,,,1286.0,341.0,1298.0,313.0,1275.0,369.0,"0,22964","-0,03073","-0,97279","0,11081","-0,00356","-0,99383",,,Valid,Valid,"234,9","101,8","512,0","292,7","102,7","508,3","355,8","85,7","349,4","100,9","0,7621","0,3155","0,7715","0,2898","0,7528","0,3412",thumbnail_grossTrial,thumbnail_grossTrial.png,1245.0,1080.0,337.0,0.0,798.0,692.0,Saccade,42.0,238.0,,,,,,
30592,59015557,1400498286844,Eye Tracker,Participant0058,17.09.2021,Participant0058,Recording4,17.09.2021,17.09.2021,14:48:45.713,12:48:45.713,64514,Timeline2,Tobii I-VT (Fixation),1.145.28180,1080,1920,"10,00",726878155.0,,,1325.0,330.0,1338.0,303.0,1312.0,356.0,"0,24905","-0,03602","-0,96782","0,13062","-0,01018","-0,99138",,,Valid,Valid,"234,9","101,9","512,0","292,7","102,7","508,3","366,7","82,8","359,7","97,5","0,7933","0,3051","0,8035","0,2803","0,7830","0,3299",thumbnail_grossTrial,thumbnail_grossTrial.png,1245.0,1080.0,337.0,0.0,798.0,692.0,Saccade,42.0,238.0,,,,,,
30593,59023886,1400498295173,Eye Tracker,Participant0058,17.09.2021,Participant0058,Recording4,17.09.2021,17.09.2021,14:48:45.713,12:48:45.713,64514,Timeline2,Tobii I-VT (Fixation),1.145.28180,1080,1920,"10,00",726886483.0,,,1353.0,326.0,1343.0,314.0,1363.0,338.0,"0,25100","-0,03030","-0,96751","0,15654","-0,01997","-0,98747","3,85","4,07",Valid,Valid,"235,1","101,8","512,1","292,9","102,7","508,3","368,0","85,8","373,5","92,4","0,8152","0,3015","0,8072","0,2903","0,8233","0,3126",thumbnail_grossTrial,thumbnail_grossTrial.png,1245.0,1080.0,337.0,0.0,798.0,692.0,Saccade,42.0,238.0,,,,,,
30594,59032247,1400498303534,Eye Tracker,Participant0058,17.09.2021,Participant0058,Recording4,17.09.2021,17.09.2021,14:48:45.713,12:48:45.713,64514,Timeline2,Tobii I-VT (Fixation),1.145.28180,1080,1920,"10,00",726894844.0,,,1377.0,331.0,1361.0,326.0,1394.0,337.0,"0,25987","-0,02363","-0,96536","0,17273","-0,02054","-0,98476",,,Valid,Valid,"235,2","101,9","512,0","292,9","102,7","508,2","373,0","89,3","382,1","92,1","0,8352","0,3069","0,8219","0,3022","0,8485","0,3116",thumbnail_grossTrial,thumbnail_grossTrial.png,1245.0,1080.0,337.0,0.0,798.0,692.0,Saccade,42.0,238.0,,,,,,
30595,59040547,1400498311834,Eye Tracker,Participant0058,17.09.2021,Participant0058,Recording4,17.09.2021,17.09.2021,14:48:45.713,12:48:45.713,64514,Timeline2,Tobii I-VT (Fixation),1.145.28180,1080,1920,"10,00",726903144.0,,,1395.0,332.0,1383.0,321.0,1407.0,342.0,"0,27063","-0,02622","-0,96233","0,17933","-0,01791","-0,98363",,,Valid,Valid,"235,1","101,9","512,0","292,8","102,8","508,2","379,1","87,9","385,5","93,5","0,8491","0,3070","0,8397","0,2976","0,8586","0,3164",thumbnail_grossTrial,thumbnail_grossTrial.png,1245.0,1080.0,337.0,0.0,798.0,692.0,Fixation,125.0,109.0,1382.0,339.0,"0,8390","0,3142",,
30596,59048888,1400498320175,Eye Tracker,Participant0058,17.09.2021,Participant0058,Recording4,17.09.2021,17.09.2021,14:48:45.713,12:48:45.713,64514,Timeline2,Tobii I-VT (Fixation),1.145.28180,1080,1920,"10,00",726911485.0,,,1391.0,333.0,1380.0,323.0,1402.0,342.0,"0,26922","-0,02517","-0,96275","0,17658","-0,01761","-0,98413","3,85","3,89",Valid,Valid,"235,1","101,8","512,0","292,9","102,7","508,2","378,3","88,4","384,1","93,6","0,8461","0,3079","0,8376","0,2992","0,8546","0,3166",thumbnail_grossTrial,thumbnail_grossTrial.png,1245.0,1080.0,337.0,0.0,798.0,692.0,Fixation,125.0,109.0,1382.0,339.0,"0,8390","0,3142",,
30597,59057244,1400498328531,Eye Tracker,Participant0058,17.09.2021,Participant0058,Recording4,17.09.2021,17.09.2021,14:48:45.713,12:48:45.713,64514,Timeline2,Tobii I-VT (Fixation),1.145.28180,1080,1920,"10,00",726919840.0,,,1377.0,328.0,1377.0,319.0,1376.0,337.0,"0,26763","-0,02727","-0,96314","0,16362","-0,02020","-0,98632",,,Valid,Valid,"235,2","101,8","512,0","292,9","102,7","508,2","377,4","87,3","377,2","92,3","0,8346","0,3039","0,8349","0,2955","0,8344","0,3123",thumbnail_grossTrial,thumbnail_grossTrial.png,1245.0,1080.0,337.0,0.0,798.0,692.0,Fixation,125.0,109.0,1382.0,339.0,"0,8390","0,3142",,
30598,59065629,1400498336916,Eye Tracker,Participant0058,17.09.2021,Participant0058,Recording4,17.09.2021,17.09.2021,14:48:45.713,12:48:45.713,64514,Timeline2,Tobii I-VT (Fixation),1.145.28180,1080,1920,"10,00",726928225.0,,,1376.0,337.0,,,1376.0,337.0,,,,"0,16379","-0,02035","-0,98628",,,Invalid,Valid,,,,"292,8","102,8","508,2",,,"377,2","92,3","0,8344","0,3123",,,"0,8344","0,3123",thumbnail_grossTrial,thumbnail_grossTrial.png,1245.0,1080.0,337.0,0.0,798.0,692.0,Fixation,125.0,109.0,1382.0,339.0,"0,8390","0,3142",,
30599,59073893,1400498345180,Eye Tracker,Participant0058,17.09.2021,Participant0058,Recording4,17.09.2021,17.09.2021,14:48:45.713,12:48:45.713,64514,Timeline2,Tobii I-VT (Fixation),1.145.28180,1080,1920,"10,00",726936489.0,,,1376.0,333.0,1374.0,326.0,1378.0,340.0,"0,26632","-0,02388","-0,96359","0,16428","-0,01893","-0,98623","3,85","3,89",Valid,Valid,"235,2","101,8","512,0","292,9","102,7","508,2","376,7","89,1","377,6","92,9","0,8340","0,3079","0,8327","0,3014","0,8353","0,3144",thumbnail_grossTrial,thumbnail_grossTrial.png,1245.0,1080.0,337.0,0.0,798.0,692.0,Fixation,125.0,109.0,1382.0,339.0,"0,8390","0,3142",,
30600,59082256,1400498353543,Eye Tracker,Participant0058,17.09.2021,Participant0058,Recording4,17.09.2021,17.09.2021,14:48:45.713,12:48:45.713,64514,Timeline2,Tobii I-VT (Fixation),1.145.28180,1080,1920,"10,00",726944852.0,,,1376.0,336.0,1380.0,323.0,1372.0,348.0,"0,26884","-0,02517","-0,96286","0,16151","-0,01467","-0,98676",,,Valid,Valid,"235,1","101,8","512,0","292,9","102,8","508,0","378,1","88,5","376,1","95,2","0,8339","0,3107","0,8369","0,2993","0,8309","0,3221",thumbnail_grossTrial,thumbnail_grossTrial.png,1245.0,1080.0,337.0,0.0,798.0,692.0,Fixation,125.0,109.0,1382.0,339.0,"0,8390","0,3142",,
30601,59090557,1400498361844,Eye Tracker,Participant0058,17.09.2021,Participant0058,Recording4,17.09.2021,17.09.2021,14:48:45.713,12:48:45.713,64514,Timeline2,Tobii I-VT (Fixation),1.145.28180,1080,1920,"10,00",726953152.0,,,1376.0,338.0,1379.0,328.0,1372.0,348.0,"0,26872","-0,02290","-0,96295","0,16185","-0,01501","-0,98670",,,Valid,Valid,"235,0","101,9","512,0","292,8","102,9","507,9","377,9","89,7","376,1","95,2","0,8337","0,3128","0,8364","0,3035","0,8311","0,3221",thumbnail_grossTrial,thumbnail_grossTrial.png,1245.0,1080.0,337.0,0.0,798.0,692.0,Fixation,125.0,109.0,1382.0,339.0,"0,8390","0,3142",,
30602,59098890,1400498370177,Eye Tracker,Participant0058,17.09.2021,Participant0058,Recording4,17.09.2021,17.09.2021,14:48:45.713,12:48:45.713,64514,Timeline2,Tobii I-VT (Fixation),1.145.28180,1080,1920,"10,00",726961485.0,,,1377.0,336.0,1382.0,323.0,1373.0,350.0,"0,26998","-0,02527","-0,96254","0,16218","-0,01393","-0,98666","3,84","3,88",Valid,Valid,"235,1","101,8","512,1","292,8","102,9","507,7","378,7","88,4","376,3","95,7","0,8352","0,3115","0,8388","0,2991","0,8316","0,3239",thumbnail_grossTrial,thumbnail_grossTrial.png,1245.0,1080.0,337.0,0.0,798.0,692.0,Fixation,125.0,109.0,1382.0,339.0,"0,8390","0,3142",,
30603,59107213,1400498378500,Eye Tracker,Participant0058,17.09.2021,Participant0058,Recording4,17.09.2021,17.09.2021,14:48:45.713,12:48:45.713,64514,Timeline2,Tobii I-VT (Fixation),1.145.28180,1080,1920,"10,00",726969808.0,,,1389.0,345.0,1380.0,333.0,1399.0,357.0,"0,26893","-0,02031","-0,96295","0,17552","-0,01015","-0,98442",,,Valid,Valid,"235,1","101,9","512,0","292,8","103,1","507,3","378,1","91,1","383,3","97,8","0,8445","0,3195","0,8369","0,3081","0,8521","0,3310",thumbnail_grossTrial,thumbnail_grossTrial.png,1245.0,1080.0,337.0,0.0,798.0,692.0,Fixation,125.0,109.0,1382.0,339.0,"0,8390","0,3142",,
30604,59115575,1400498386862,Eye Tracker,Participant0058,17.09.2021,Participant0058,Recording4,17.09.2021,17.09.2021,14:48:45.713,12:48:45.713,64514,Timeline2,Tobii I-VT (Fixation),1.145.28180,1080,1920,"10,00",726978170.0,,,1387.0,345.0,1380.0,329.0,1393.0,362.0,"0,26937","-0,02246","-0,96277","0,17315","-0,00813","-0,98486",,,Valid,Valid,"235,0","101,9","511,9","292,7","103,3","507,0","378,3","90,0","381,9","99,1","0,8427","0,3199","0,8374","0,3045","0,8479","0,3352",thumbnail_grossTrial,thumbnail_grossTrial.png,1245.0,1080.0,337.0,0.0,798.0,692.0,Fixation,125.0,109.0,1382.0,339.0,"0,8390","0,3142",,
30605,59123900,1400498395187,Eye Tracker,Participant0058,17.09.2021,Participant0058,Recording4,17.09.2021,17.09.2021,14:48:45.713,12:48:45.713,64514,Timeline2,Tobii I-VT (Fixation),1.145.28180,1080,1920,"10,00",726986494.0,,,1385.0,349.0,1377.0,335.0,1393.0,362.0,"0,26773","-0,01892","-0,96331","0,17317","-0,00840","-0,98486","3,83","3,86",Valid,Valid,"235,2","101,9","511,8","292,8","103,3","506,7","377,4","91,8","381,9","99,0","0,8414","0,3228","0,8349","0,3106","0,8479","0,3350",thumbnail_grossTrial,thumbnail_grossTrial.png,1245.0,1080.0,337.0,0.0,798.0,692.0,Fixation,125.0,109.0,1382.0,339.0,"0,8390","0,3142",,
30606,59132240,1400498403527,Eye Tracker,Participant0058,17.09.2021,Participant0058,Recording4,17.09.2021,17.09.2021,14:48:45.713,12:48:45.713,64514,Timeline2,Tobii I-VT (Fixation),1.145.28180,1080,1920,"10,00",726994834.0,,,1385.0,339.0,1376.0,333.0,1394.0,345.0,"0,26756","-0,02045","-0,96333","0,17391","-0,01752","-0,98461",,,Valid,Valid,"235,2","102,0","511,6","292,7","103,5","506,2","377,3","91,1","382,2","94,5","0,8416","0,3140","0,8344","0,3082","0,8488","0,3197",thumbnail_grossTrial,thumbnail_grossTrial.png,1245.0,1080.0,337.0,0.0,798.0,692.0,Fixation,125.0,109.0,1382.0,339.0,"0,8390","0,3142",,
30607,59140574,1400498411861,Eye Tracker,Participant0058,17.09.2021,Participant0058,Recording4,17.09.2021,17.09.2021,14:48:45.713,12:48:45.713,64514,Timeline2,Tobii I-VT (Fixation),1.145.28180,1080,1920,"10,00",727003168.0,,,1396.0,345.0,,,1396.0,345.0,,,,"0,17486","-0,01832","-0,98442",,,Invalid,Valid,,,,"292,6","103,7","505,8",,,"382,5","94,3","0,8497","0,3192",,,"0,8497","0,3192",thumbnail_grossTrial,thumbnail_grossTrial.png,1245.0,1080.0,337.0,0.0,798.0,692.0,Fixation,125.0,109.0,1382.0,339.0,"0,8390","0,3142",,
30608,59148878,1400498420165,Eye Tracker,Participant0058,17.09.2021,Participant0058,Recording4,17.09.2021,17.09.2021,14:48:45.713,12:48:45.713,64514,Timeline2,Tobii I-VT (Fixation),1.145.28180,1080,1920,"10,00",727011472.0,,,1381.0,345.0,1376.0,335.0,1386.0,356.0,"0,26746","-0,01965","-0,96337","0,16983","-0,01257","-0,98539","3,84","3,84",Valid,Valid,"235,2","102,0","511,4","292,7","103,8","505,3","377,2","91,6","379,8","97,3","0,8380","0,3195","0,8341","0,3098","0,8419","0,3292",thumbnail_grossTrial,thumbnail_grossTrial.png,1245.0,1080.0,337.0,0.0,798.0,692.0,Fixation,125.0,109.0,1382.0,339.0,"0,8390","0,3142",,
30609,59157204,1400498428491,Eye Tracker,Participant0058,17.09.2021,Participant0058,Recording4,17.09.2021,17.09.2021,14:48:45.713,12:48:45.713,64514,Timeline2,Tobii I-VT (Fixation),1.145.28180,1080,1920,"10,00",727019797.0,,,1381.0,346.0,1377.0,339.0,1385.0,352.0,"0,26794","-0,01747","-0,96328","0,16966","-0,01491","-0,98539",,,Valid,Valid,"235,2","102,1","511,2","292,6","104,0","504,9","377,4","92,9","379,6","96,4","0,8379","0,3201","0,8347","0,3142","0,8412","0,3260",thumbnail_grossTrial,thumbnail_grossTrial.png,1245.0,1080.0,337.0,0.0,798.0,692.0,Fixation,125.0,109.0,1382.0,339.0,"0,8390","0,3142",,
30610,59165569,1400498436856,Eye Tracker,Participant0058,17.09.2021,Participant0058,Recording4,17.09.2021,17.09.2021,14:48:45.713,12:48:45.713,64514,Timeline2,Tobii I-VT (Fixation),1.145.28180,1080,1920,"10,00",727028162.0,,,1383.0,352.0,,,1383.0,352.0,,,,"0,16914","-0,01555","-0,98547",,,Invalid,Valid,,,,"292,5","104,2","504,5",,,"379,1","96,3","0,8399","0,3257",,,"0,8399","0,3257",thumbnail_grossTrial,thumbnail_grossTrial.png,1245.0,1080.0,337.0,0.0,798.0,692.0,Saccade,17.0,239.0,,,,,,
30611,59173920,1400498445207,Eye Tracker,Participant0058,17.09.2021,Participant0058,Recording4,17.09.2021,17.09.2021,14:48:45.713,12:48:45.713,64514,Timeline2,Tobii I-VT (Fixation),1.145.28180,1080,1920,"10,00",727036513.0,,,1364.0,368.0,1354.0,374.0,1375.0,362.0,"0,25686","0,00029","-0,96645","0,16466","-0,01008","-0,98630","3,82","3,66",Valid,Valid,"235,2","102,2","510,9","292,6","104,2","504,2","371,0","102,3","376,8","99,1","0,8245","0,3407","0,8160","0,3462","0,8331","0,3352",thumbnail_grossTrial,thumbnail_grossTrial.png,1245.0,1080.0,337.0,0.0,798.0,692.0,Saccade,17.0,239.0,,,,,,
30612,59182236,1400498453523,Eye Tracker,Participant0058,17.09.2021,Participant0058,Recording4,17.09.2021,17.09.2021,14:48:45.713,12:48:45.713,64514,Timeline2,Tobii I-VT (Fixation),1.145.28180,1080,1920,"10,00",727044828.0,,,1361.0,370.0,1354.0,372.0,1368.0,369.0,"0,25748","-0,00095","-0,96628","0,16163","-0,00679","-0,98683",,,Valid,Valid,"235,2","102,3","510,6","292,5","104,4","503,8","371,2","101,8","375,1","100,9","0,8223","0,3430","0,8167","0,3445","0,8280","0,3415",thumbnail_grossTrial,thumbnail_grossTrial.png,1245.0,1080.0,337.0,0.0,798.0,692.0,Unclassified,17.0,548.0,,,,,,
30613,59190564,1400498461851,Eye Tracker,Participant0058,17.09.2021,Participant0058,Recording4,17.09.2021,17.09.2021,14:48:45.713,12:48:45.713,64514,Timeline2,Tobii I-VT (Fixation),1.145.28180,1080,1920,"10,00",727053156.0,,,1366.0,375.0,,,1366.0,375.0,,,,"0,16071","-0,00392","-0,98699",,,Invalid,Valid,,,,"292,4","104,6","503,6",,,"374,4","102,6","0,8261","0,3471",,,"0,8261","0,3471",thumbnail_grossTrial,thumbnail_grossTrial.png,1245.0,1080.0,337.0,0.0,798.0,692.0,Unclassified,17.0,548.0,,,,,,
30614,59198880,1400498470167,Eye Tracker,Participant0058,17.09.2021,Participant0058,Recording4,17.09.2021,17.09.2021,14:48:45.713,12:48:45.713,64514,Timeline2,Tobii I-VT (Fixation),1.145.28180,1080,1920,"10,00",727061472.0,,,1369.0,365.0,1362.0,359.0,1376.0,370.0,"0,26145","-0,00768","-0,96519","0,16555","-0,00627","-0,98618","3,80","3,79",Valid,Valid,"235,1","102,4","510,4","292,5","104,5","503,4","373,4","98,4","377,0","101,3","0,8284","0,3378","0,8231","0,3328","0,8337","0,3428",thumbnail_grossTrial,thumbnail_grossTrial.png,1245.0,1080.0,337.0,0.0,798.0,692.0,Saccade,17.0,240.0,,,,,,
30615,59207213,1400498478500,Eye Tracker,Participant0058,17.09.2021,Participant0058,Recording4,17.09.2021,17.09.2021,14:48:45.713,12:48:45.713,64514,Timeline2,Tobii I-VT (Fixation),1.145.28180,1080,1920,"10,00",727069805.0,,,1372.0,358.0,1367.0,356.0,1378.0,359.0,"0,26363","-0,00971","-0,96458","0,16713","-0,01246","-0,98586",,,Valid,Valid,"235,1","102,5","510,1","292,4","104,7","503,2","374,6","97,4","377,7","98,3","0,8312","0,3311","0,8265","0,3296","0,8358","0,3326",thumbnail_grossTrial,thumbnail_grossTrial.png,1245.0,1080.0,337.0,0.0,798.0,692.0,Saccade,17.0,240.0,,,,,,
30616,59215610,1400498486897,Eye Tracker,Participant0058,17.09.2021,Participant0058,Recording4,17.09.2021,17.09.2021,14:48:45.713,12:48:45.713,64514,Timeline2,Tobii I-VT (Fixation),1.145.28180,1080,1920,"10,00",727078201.0,,,1380.0,345.0,1379.0,337.0,1381.0,353.0,"0,26981","-0,01974","-0,96271","0,16866","-0,01625","-0,98554",,,Valid,Valid,"235,1","102,7","510,0","292,4","104,8","503,1","378,0","92,2","378,5","96,5","0,8373","0,3192","0,8366","0,3120","0,8379","0,3265",thumbnail_grossTrial,thumbnail_grossTrial.png,1245.0,1080.0,337.0,0.0,798.0,692.0,Unclassified,8.0,549.0,,,,,,
30617,59223905,1400498495192,Eye Tracker,Participant0058,17.09.2021,Participant0058,Recording4,17.09.2021,17.09.2021,14:48:45.713,12:48:45.713,64514,Timeline2,Tobii I-VT (Fixation),1.145.28180,1080,1920,"10,00",727086496.0,,,1380.0,345.0,1381.0,336.0,1378.0,354.0,"0,27066","-0,02024","-0,96246","0,16727","-0,01526","-0,98579","3,80","3,70",Valid,Valid,"235,1","102,7","509,9","292,4","104,8","503,0","378,5","92,0","377,8","97,0","0,8370","0,3196","0,8381","0,3111","0,8359","0,3282",thumbnail_grossTrial,thumbnail_grossTrial.png,1245.0,1080.0,337.0,0.0,798.0,692.0,Saccade,58.0,241.0,,,,,,
30618,59232227,1400498503514,Eye Tracker,Participant0058,17.09.2021,Participant0058,Recording4,17.09.2021,17.09.2021,14:48:45.713,12:48:45.713,64514,Timeline2,Tobii I-VT (Fixation),1.145.28180,1080,1920,"10,00",727094818.0,,,1374.0,370.0,1370.0,369.0,1379.0,372.0,"0,26551","-0,00342","-0,96410","0,16759","-0,00604","-0,98584",,,Valid,Valid,"235,1","102,8","509,7","292,4","104,9","502,8","375,5","100,9","377,9","101,8","0,8327","0,3430","0,8292","0,3416","0,8362","0,3444",thumbnail_grossTrial,thumbnail_grossTrial.png,1245.0,1080.0,337.0,0.0,798.0,692.0,Saccade,58.0,241.0,,,,,,
30619,59240604,1400498511891,Eye Tracker,Participant0058,17.09.2021,Participant0058,Recording4,17.09.2021,17.09.2021,14:48:45.713,12:48:45.713,64514,Timeline2,Tobii I-VT (Fixation),1.145.28180,1080,1920,"10,00",727103195.0,,,1362.0,365.0,1369.0,353.0,1355.0,377.0,"0,26538","-0,01162","-0,96407","0,15572","-0,00356","-0,98780",,,Valid,Valid,"235,0","102,8","509,6","292,2","105,0","502,8","375,3","96,7","371,5","103,1","0,8230","0,3381","0,8285","0,3272","0,8174","0,3490",thumbnail_grossTrial,thumbnail_grossTrial.png,1245.0,1080.0,337.0,0.0,798.0,692.0,Saccade,58.0,241.0,,,,,,
30620,59248900,1400498520187,Eye Tracker,Participant0058,17.09.2021,Participant0058,Recording4,17.09.2021,17.09.2021,14:48:45.713,12:48:45.713,64514,Timeline2,Tobii I-VT (Fixation),1.145.28180,1080,1920,"10,00",727111490.0,,,1330.0,360.0,1332.0,349.0,1327.0,371.0,"0,24768","-0,01365","-0,96875","0,14090","-0,00671","-0,99000","4,00","3,78",Valid,Valid,"234,8","102,8","509,6","292,1","104,9","502,7","365,1","95,6","363,6","101,5","0,7967","0,3334","0,7989","0,3235","0,7945","0,3433",thumbnail_grossTrial,thumbnail_grossTrial.png,1245.0,1080.0,337.0,0.0,798.0,692.0,Saccade,58.0,241.0,,,,,,
30621,59257198,1400498528485,Eye Tracker,Participant0058,17.09.2021,Participant0058,Recording4,17.09.2021,17.09.2021,14:48:45.713,12:48:45.713,64514,Timeline2,Tobii I-VT (Fixation),1.145.28180,1080,1920,"10,00",727119788.0,,,1276.0,344.0,1283.0,326.0,1268.0,363.0,"0,22375","-0,02599","-0,97430","0,10987","-0,01136","-0,99388",,,Valid,Valid,"234,7","102,8","509,5","291,9","105,0","502,5","351,7","89,3","347,5","99,2","0,7534","0,3189","0,7596","0,3020","0,7472","0,3358",thumbnail_grossTrial,thumbnail_grossTrial.png,1245.0,1080.0,337.0,0.0,798.0,692.0,Saccade,58.0,241.0,,,,,,
30622,59265532,1400498536819,Eye Tracker,Participant0058,17.09.2021,Participant0058,Recording4,17.09.2021,17.09.2021,14:48:45.713,12:48:45.713,64514,Timeline2,Tobii I-VT (Fixation),1.145.28180,1080,1920,"10,00",727128122.0,,,1235.0,354.0,1234.0,323.0,1235.0,385.0,"0,19906","-0,02803","-0,97959","0,09241","0,00081","-0,99572",,,Valid,Valid,"234,7","102,9","509,5","291,9","105,0","502,4","338,2","88,3","338,5","105,4","0,7204","0,3278","0,7200","0,2988","0,7209","0,3568",thumbnail_grossTrial,thumbnail_grossTrial.png,1245.0,1080.0,337.0,0.0,798.0,692.0,Saccade,58.0,241.0,,,,,,
30623,59273868,1400498545155,Eye Tracker,Participant0058,17.09.2021,Participant0058,Recording4,17.09.2021,17.09.2021,14:48:45.713,12:48:45.713,64514,Timeline2,Tobii I-VT (Fixation),1.145.28180,1080,1920,"10,00",727136458.0,,,1213.0,350.0,1217.0,328.0,1208.0,372.0,"0,19059","-0,02534","-0,98134","0,07767","-0,00621","-0,99696","4,10","4,74",Valid,Valid,"234,7","102,8","509,5","291,9","105,0","502,4","333,7","89,6","331,1","101,8","0,7029","0,3239","0,7067","0,3033","0,6991","0,3446",thumbnail_grossTrial,thumbnail_grossTrial.png,1245.0,1080.0,337.0,0.0,798.0,692.0,Saccade,58.0,241.0,,,,,,
30624,59282222,1400498553509,Eye Tracker,Participant0058,17.09.2021,Participant0058,Recording4,17.09.2021,17.09.2021,14:48:45.713,12:48:45.713,64514,Timeline2,Tobii I-VT (Fixation),1.145.28180,1080,1920,"10,00",727144811.0,,,1217.0,353.0,1217.0,324.0,1218.0,383.0,"0,19046","-0,02726","-0,98132","0,08295","-0,00069","-0,99655",,,Valid,Valid,"234,7","102,9","509,4","291,9","105,1","502,2","333,6","88,7","333,7","104,8","0,7066","0,3273","0,7065","0,3002","0,7068","0,3544",thumbnail_grossTrial,thumbnail_grossTrial.png,1245.0,1080.0,337.0,0.0,798.0,692.0,Fixation,308.0,110.0,1215.0,344.0,"0,7045","0,3185",,
30625,59290559,1400498561846,Eye Tracker,Participant0058,17.09.2021,Participant0058,Recording4,17.09.2021,17.09.2021,14:48:45.713,12:48:45.713,64514,Timeline2,Tobii I-VT (Fixation),1.145.28180,1080,1920,"10,00",727153148.0,,,1217.0,347.0,1218.0,324.0,1215.0,371.0,"0,19097","-0,02761","-0,98121","0,08162","-0,00700","-0,99664",,,Valid,Valid,"234,7","102,9","509,5","291,9","105,1","502,2","333,8","88,6","333,0","101,6","0,7060","0,3217","0,7072","0,2997","0,7047","0,3438",thumbnail_grossTrial,thumbnail_grossTrial.png,1245.0,1080.0,337.0,0.0,798.0,692.0,Fixation,308.0,110.0,1215.0,344.0,"0,7045","0,3185",,
30626,59298894,1400498570181,Eye Tracker,Participant0058,17.09.2021,Participant0058,Recording4,17.09.2021,17.09.2021,14:48:45.713,12:48:45.713,64514,Timeline2,Tobii I-VT (Fixation),1.145.28180,1080,1920,"10,00",727161483.0,,,1206.0,349.0,1210.0,317.0,1203.0,382.0,"0,18678","-0,03105","-0,98191","0,07477","-0,00114","-0,99720","3,78","3,65",Valid,Valid,"234,7","102,8","509,5","291,9","105,0","502,2","331,6","86,7","329,6","104,5","0,6977","0,3234","0,7007","0,2934","0,6947","0,3534",thumbnail_grossTrial,thumbnail_grossTrial.png,1245.0,1080.0,337.0,0.0,798.0,692.0,Fixation,308.0,110.0,1215.0,344.0,"0,7045","0,3185",,
30627,59307218,1400498578505,Eye Tracker,Participant0058,17.09.2021,Participant0058,Recording4,17.09.2021,17.09.2021,14:48:45.713,12:48:45.713,64514,Timeline2,Tobii I-VT (Fixation),1.145.28180,1080,1920,"10,00",727169807.0,,,1212.0,355.0,1220.0,338.0,1203.0,373.0,"0,19199","-0,01978","-0,98120","0,07520","-0,00626","-0,99715",,,Valid,Valid,"234,7","102,8","509,5","291,9","105,1","502,2","334,4","92,6","329,7","102,0","0,7020","0,3291","0,7087","0,3132","0,6952","0,3450",thumbnail_grossTrial,thumbnail_grossTrial.png,1245.0,1080.0,337.0,0.0,798.0,692.0,Fixation,308.0,110.0,1215.0,344.0,"0,7045","0,3185",,
30628,59315526,1400498586813,Eye Tracker,Participant0058,17.09.2021,Participant0058,Recording4,17.09.2021,17.09.2021,14:48:45.713,12:48:45.713,64514,Timeline2,Tobii I-VT (Fixation),1.145.28180,1080,1920,"10,00",727178114.0,,,1212.0,356.0,1221.0,337.0,1204.0,374.0,"0,19244","-0,02021","-0,98110","0,07544","-0,00556","-0,99714",,,Valid,Valid,"234,7","102,8","509,6","291,9","105,1","502,3","334,6","92,3","329,9","102,3","0,7025","0,3292","0,7095","0,3123","0,6956","0,3460",thumbnail_grossTrial,thumbnail_grossTrial.png,1245.0,1080.0,337.0,0.0,798.0,692.0,Fixation,308.0,110.0,1215.0,344.0,"0,7045","0,3185",,
30629,59323862,1400498595149,Eye Tracker,Participant0058,17.09.2021,Participant0058,Recording4,17.09.2021,17.09.2021,14:48:45.713,12:48:45.713,64514,Timeline2,Tobii I-VT (Fixation),1.145.28180,1080,1920,"10,00",727186450.0,,,1215.0,361.0,1224.0,351.0,1205.0,372.0,"0,19406","-0,01258","-0,98091","0,07591","-0,00625","-0,99709","3,97","3,63",Valid,Valid,"234,7","102,5","509,8","291,9","104,9","502,5","335,6","96,0","330,2","101,7","0,7044","0,3345","0,7123","0,3248","0,6966","0,3442",thumbnail_grossTrial,thumbnail_grossTrial.png,1245.0,1080.0,337.0,0.0,798.0,692.0,Fixation,308.0,110.0,1215.0,344.0,"0,7045","0,3185",,
30630,59332218,1400498603505,Eye Tracker,Participant0058,17.09.2021,Participant0058,Recording4,17.09.2021,17.09.2021,14:48:45.713,12:48:45.713,64514,Timeline2,Tobii I-VT (Fixation),1.145.28180,1080,1920,"10,00",727194806.0,,,1212.0,363.0,1219.0,352.0,1205.0,375.0,"0,19153","-0,01207","-0,98141","0,07590","-0,00439","-0,99711",,,Valid,Valid,"234,7","102,6","510,1","291,9","104,9","502,7","334,2","96,3","330,2","102,7","0,7024","0,3366","0,7083","0,3258","0,6965","0,3474",thumbnail_grossTrial,thumbnail_grossTrial.png,1245.0,1080.0,337.0,0.0,798.0,692.0,Fixation,308.0,110.0,1215.0,344.0,"0,7045","0,3185",,
30631,59340525,1400498611812,Eye Tracker,Participant0058,17.09.2021,Participant0058,Recording4,17.09.2021,17.09.2021,14:48:45.713,12:48:45.713,64514,Timeline2,Tobii I-VT (Fixation),1.145.28180,1080,1920,"10,00",727203113.0,,,1211.0,361.0,1218.0,350.0,1205.0,372.0,"0,19080","-0,01267","-0,98155","0,07578","-0,00569","-0,99711",,,Valid,Valid,"234,6","102,4","510,5","291,9","104,8","503,0","333,8","95,9","330,2","101,9","0,7018","0,3346","0,7072","0,3243","0,6964","0,3448",thumbnail_grossTrial,thumbnail_grossTrial.png,1245.0,1080.0,337.0,0.0,798.0,692.0,Fixation,308.0,110.0,1215.0,344.0,"0,7045","0,3185",,
30632,59348873,1400498620160,Eye Tracker,Participant0058,17.09.2021,Participant0058,Recording4,17.09.2021,17.09.2021,14:48:45.713,12:48:45.713,64514,Timeline2,Tobii I-VT (Fixation),1.145.28180,1080,1920,"10,00",727211460.0,,,1214.0,351.0,1214.0,343.0,1215.0,359.0,"0,18848","-0,01592","-0,98195","0,08090","-0,01229","-0,99665","3,82","3,90",Valid,Valid,"234,7","102,2","510,8","292,0","104,6","503,4","332,7","93,9","332,9","98,4","0,7042","0,3253","0,7040","0,3177","0,7044","0,3329",thumbnail_grossTrial,thumbnail_grossTrial.png,1245.0,1080.0,337.0,0.0,798.0,692.0,Fixation,308.0,110.0,1215.0,344.0,"0,7045","0,3185",,
30633,59357217,1400498628504,Eye Tracker,Participant0058,17.09.2021,Participant0058,Recording4,17.09.2021,17.09.2021,14:48:45.713,12:48:45.713,64514,Timeline2,Tobii I-VT (Fixation),1.145.28180,1080,1920,"10,00",727219804.0,,,1212.0,347.0,1209.0,335.0,1215.0,360.0,"0,18575","-0,01998","-0,98239","0,08101","-0,01180","-0,99664",,,Valid,Valid,"234,7","102,1","511,2","292,0","104,5","503,7","331,3","91,7","333,0","98,5","0,7022","0,3217","0,6999","0,3102","0,7046","0,3333",thumbnail_grossTrial,thumbnail_grossTrial.png,1245.0,1080.0,337.0,0.0,798.0,692.0,Fixation,308.0,110.0,1215.0,344.0,"0,7045","0,3185",,
30634,59365549,1400498636836,Eye Tracker,Participant0058,17.09.2021,Participant0058,Recording4,17.09.2021,17.09.2021,14:48:45.713,12:48:45.713,64514,Timeline2,Tobii I-VT (Fixation),1.145.28180,1080,1920,"10,00",727228136.0,,,1213.0,345.0,1212.0,333.0,1215.0,357.0,"0,18716","-0,02051","-0,98212","0,08089","-0,01340","-0,99663",,,Valid,Valid,"234,6","101,9","511,7","292,1","104,3","504,1","332,1","91,2","333,0","97,6","0,7034","0,3194","0,7022","0,3087","0,7047","0,3301",thumbnail_grossTrial,thumbnail_grossTrial.png,1245.0,1080.0,337.0,0.0,798.0,692.0,Fixation,308.0,110.0,1215.0,344.0,"0,7045","0,3185",,
30635,59373865,1400498645152,Eye Tracker,Participant0058,17.09.2021,Participant0058,Recording4,17.09.2021,17.09.2021,14:48:45.713,12:48:45.713,64514,Timeline2,Tobii I-VT (Fixation),1.145.28180,1080,1920,"10,00",727236451.0,,,1213.0,345.0,1215.0,326.0,1211.0,363.0,"0,18866","-0,02382","-0,98175","0,07859","-0,00927","-0,99686","3,81","3,84",Valid,Valid,"234,7","101,7","512,1","292,2","104,1","504,5","333,1","89,3","331,9","99,4","0,7033","0,3191","0,7050","0,3020","0,7017","0,3363",thumbnail_grossTrial,thumbnail_grossTrial.png,1245.0,1080.0,337.0,0.0,798.0,692.0,Fixation,308.0,110.0,1215.0,344.0,"0,7045","0,3185",,
30636,59382188,1400498653475,Eye Tracker,Participant0058,17.09.2021,Participant0058,Recording4,17.09.2021,17.09.2021,14:48:45.713,12:48:45.713,64514,Timeline2,Tobii I-VT (Fixation),1.145.28180,1080,1920,"10,00",727244774.0,,,1214.0,337.0,1223.0,331.0,1205.0,343.0,"0,19235","-0,02111","-0,98110","0,07541","-0,02027","-0,99695",,,Valid,Valid,"234,6","101,6","512,5","292,2","104,0","504,8","335,1","90,5","330,3","93,7","0,7040","0,3117","0,7110","0,3063","0,6970","0,3172",thumbnail_grossTrial,thumbnail_grossTrial.png,1245.0,1080.0,337.0,0.0,798.0,692.0,Fixation,308.0,110.0,1215.0,344.0,"0,7045","0,3185",,
30637,59390519,1400498661806,Eye Tracker,Participant0058,17.09.2021,Participant0058,Recording4,17.09.2021,17.09.2021,14:48:45.713,12:48:45.713,64514,Timeline2,Tobii I-VT (Fixation),1.145.28180,1080,1920,"10,00",727253105.0,,,1214.0,336.0,1222.0,329.0,1206.0,343.0,"0,19205","-0,02178","-0,98114","0,07577","-0,01983","-0,99693",,,Valid,Valid,"234,6","101,4","512,9","292,2","103,9","505,2","335,0","90,0","330,6","93,8","0,7041","0,3111","0,7106","0,3047","0,6976","0,3175",thumbnail_grossTrial,thumbnail_grossTrial.png,1245.0,1080.0,337.0,0.0,798.0,692.0,Fixation,308.0,110.0,1215.0,344.0,"0,7045","0,3185",,
30638,59398855,1400498670142,Eye Tracker,Participant0058,17.09.2021,Participant0058,Recording4,17.09.2021,17.09.2021,14:48:45.713,12:48:45.713,64514,Timeline2,Tobii I-VT (Fixation),1.145.28180,1080,1920,"10,00",727261441.0,,,1214.0,336.0,1227.0,327.0,1201.0,346.0,"0,19410","-0,02250","-0,98072","0,07298","-0,01767","-0,99718","4,03","3,67",Valid,Valid,"234,6","101,2","513,3","292,3","103,6","505,6","336,2","89,4","329,3","94,7","0,7040","0,3114","0,7142","0,3025","0,6938","0,3204",thumbnail_grossTrial,thumbnail_grossTrial.png,1245.0,1080.0,337.0,0.0,798.0,692.0,Fixation,308.0,110.0,1215.0,344.0,"0,7045","0,3185",,
30639,59407227,1400498678514,Eye Tracker,Participant0058,17.09.2021,Participant0058,Recording4,17.09.2021,17.09.2021,14:48:45.713,12:48:45.713,64514,Timeline2,Tobii I-VT (Fixation),1.145.28180,1080,1920,"10,00",727269812.0,,,1212.0,343.0,1218.0,324.0,1206.0,363.0,"0,18960","-0,02397","-0,98157","0,07559","-0,00828","-0,99710",,,Valid,Valid,"234,6","101,1","513,6","292,2","103,6","505,8","333,8","88,6","330,6","99,4","0,7024","0,3180","0,7072","0,2997","0,6977","0,3363",thumbnail_grossTrial,thumbnail_grossTrial.png,1245.0,1080.0,337.0,0.0,798.0,692.0,Fixation,308.0,110.0,1215.0,344.0,"0,7045","0,3185",,
30640,59415557,1400498686844,Eye Tracker,Participant0058,17.09.2021,Participant0058,Recording4,17.09.2021,17.09.2021,14:48:45.713,12:48:45.713,64514,Timeline2,Tobii I-VT (Fixation),1.145.28180,1080,1920,"10,00",727278142.0,,,1218.0,338.0,1223.0,319.0,1213.0,357.0,"0,19206","-0,02644","-0,98103","0,07936","-0,01125","-0,99678",,,Valid,Valid,"234,5","101,1","513,9","292,2","103,5","506,2","335,1","87,2","332,5","97,8","0,7072","0,3130","0,7110","0,2951","0,7033","0,3309",thumbnail_grossTrial,thumbnail_grossTrial.png,1245.0,1080.0,337.0,0.0,798.0,692.0,Fixation,308.0,110.0,1215.0,344.0,"0,7045","0,3185",,
30641,59423879,1400498695166,Eye Tracker,Participant0058,17.09.2021,Participant0058,Recording4,17.09.2021,17.09.2021,14:48:45.713,12:48:45.713,64514,Timeline2,Tobii I-VT (Fixation),1.145.28180,1080,1920,"10,00",727286464.0,,,1204.0,349.0,1214.0,333.0,1194.0,365.0,"0,18750","-0,01862","-0,98209","0,06872","-0,00668","-0,99761","3,82","3,84",Valid,Valid,"234,6","100,8","514,1","292,3","103,3","506,5","332,7","91,1","327,2","99,9","0,6959","0,3231","0,7040","0,3081","0,6878","0,3381",thumbnail_grossTrial,thumbnail_grossTrial.png,1245.0,1080.0,337.0,0.0,798.0,692.0,Fixation,308.0,110.0,1215.0,344.0,"0,7045","0,3185",,
30642,59432182,1400498703469,Eye Tracker,Participant0058,17.09.2021,Participant0058,Recording4,17.09.2021,17.09.2021,14:48:45.713,12:48:45.713,64514,Timeline2,Tobii I-VT (Fixation),1.145.28180,1080,1920,"10,00",727294767.0,,,1217.0,340.0,1218.0,332.0,1216.0,349.0,"0,18976","-0,01924","-0,98164","0,08075","-0,01534","-0,99662",,,Valid,Valid,"234,6","100,9","514,2","292,3","103,3","506,7","333,9","90,8","333,4","95,5","0,7067","0,3152","0,7075","0,3073","0,7058","0,3231",thumbnail_grossTrial,thumbnail_grossTrial.png,1245.0,1080.0,337.0,0.0,798.0,692.0,Fixation,308.0,110.0,1215.0,344.0,"0,7045","0,3185",,
30643,59440558,1400498711845,Eye Tracker,Participant0058,17.09.2021,Participant0058,Recording4,17.09.2021,17.09.2021,14:48:45.713,12:48:45.713,64514,Timeline2,Tobii I-VT (Fixation),1.145.28180,1080,1920,"10,00",727303142.0,,,1211.0,345.0,1212.0,336.0,1210.0,355.0,"0,18654","-0,01729","-0,98230","0,07758","-0,01173","-0,99692",,,Valid,Valid,"234,5","100,9","514,3","292,3","103,2","506,9","332,2","91,9","331,7","97,2","0,7017","0,3199","0,7023","0,3108","0,7010","0,3290",thumbnail_grossTrial,thumbnail_grossTrial.png,1245.0,1080.0,337.0,0.0,798.0,692.0,Fixation,308.0,110.0,1215.0,344.0,"0,7045","0,3185",,
30644,59448863,1400498720150,Eye Tracker,Participant0058,17.09.2021,Participant0058,Recording4,17.09.2021,17.09.2021,14:48:45.713,12:48:45.713,64514,Timeline2,Tobii I-VT (Fixation),1.145.28180,1080,1920,"10,00",727311447.0,,,1217.0,336.0,1226.0,314.0,1207.0,358.0,"0,19337","-0,02822","-0,98072","0,07572","-0,00991","-0,99708","3,98","3,67",Valid,Valid,"234,6","100,8","514,4","292,4","103,0","507,1","336,0","86,0","330,9","98,0","0,7060","0,3113","0,7135","0,2910","0,6986","0,3315",thumbnail_grossTrial,thumbnail_grossTrial.png,1245.0,1080.0,337.0,0.0,798.0,692.0,Fixation,308.0,110.0,1215.0,344.0,"0,7045","0,3185",,
30645,59457225,1400498728512,Eye Tracker,Participant0058,17.09.2021,Participant0058,Recording4,17.09.2021,17.09.2021,14:48:45.713,12:48:45.713,64514,Timeline2,Tobii I-VT (Fixation),1.145.28180,1080,1920,"10,00",727319809.0,,,1217.0,349.0,1228.0,340.0,1207.0,359.0,"0,19428","-0,01505","-0,98083","0,07577","-0,00937","-0,99708",,,Valid,Valid,"234,6","100,8","514,4","292,4","103,0","507,2","336,4","92,9","330,9","98,3","0,7067","0,3235","0,7149","0,3145","0,6986","0,3325",thumbnail_grossTrial,thumbnail_grossTrial.png,1245.0,1080.0,337.0,0.0,798.0,692.0,Fixation,308.0,110.0,1215.0,344.0,"0,7045","0,3185",,
30646,59465528,1400498736815,Eye Tracker,Participant0058,17.09.2021,Participant0058,Recording4,17.09.2021,17.09.2021,14:48:45.713,12:48:45.713,64514,Timeline2,Tobii I-VT (Fixation),1.145.28180,1080,1920,"10,00",727328112.0,,,1218.0,350.0,1223.0,342.0,1212.0,357.0,"0,19230","-0,01367","-0,98124","0,07855","-0,01054","-0,99685",,,Valid,Valid,"234,5","100,8","514,4","292,3","103,0","507,4","335,3","93,7","332,3","97,6","0,7071","0,3237","0,7115","0,3170","0,7027","0,3304",thumbnail_grossTrial,thumbnail_grossTrial.png,1245.0,1080.0,337.0,0.0,798.0,692.0,Fixation,308.0,110.0,1215.0,344.0,"0,7045","0,3185",,
30647,59473853,1400498745140,Eye Tracker,Participant0058,17.09.2021,Participant0058,Recording4,17.09.2021,17.09.2021,14:48:45.713,12:48:45.713,64514,Timeline2,Tobii I-VT (Fixation),1.145.28180,1080,1920,"10,00",727336436.0,,,1221.0,348.0,1225.0,340.0,1216.0,355.0,"0,19317","-0,01451","-0,98106","0,07995","-0,01104","-0,99674","4,10","3,69",Valid,Valid,"234,6","100,7","514,4","292,4","102,9","507,4","335,9","93,1","333,1","97,2","0,7092","0,3221","0,7132","0,3151","0,7052","0,3290",thumbnail_grossTrial,thumbnail_grossTrial.png,1245.0,1080.0,337.0,0.0,798.0,692.0,Fixation,308.0,110.0,1215.0,344.0,"0,7045","0,3185",,
30648,59482206,1400498753493,Eye Tracker,Participant0058,17.09.2021,Participant0058,Recording4,17.09.2021,17.09.2021,14:48:45.713,12:48:45.713,64514,Timeline2,Tobii I-VT (Fixation),1.145.28180,1080,1920,"10,00",727344789.0,,,1219.0,328.0,1223.0,316.0,1215.0,340.0,"0,19164","-0,02718","-0,98109","0,07972","-0,01932","-0,99663",,,Valid,Valid,"234,6","100,8","514,3","292,4","102,9","507,4","335,1","86,6","333,0","93,1","0,7078","0,3039","0,7108","0,2928","0,7048","0,3149",thumbnail_grossTrial,thumbnail_grossTrial.png,1245.0,1080.0,337.0,0.0,798.0,692.0,Fixation,308.0,110.0,1215.0,344.0,"0,7045","0,3185",,
30649,59490591,1400498761878,Eye Tracker,Participant0058,17.09.2021,Participant0058,Recording4,17.09.2021,17.09.2021,14:48:45.713,12:48:45.713,64514,Timeline2,Tobii I-VT (Fixation),1.145.28180,1080,1920,"10,00",727353174.0,,,1222.0,326.0,1232.0,311.0,1212.0,341.0,"0,19665","-0,03000","-0,98002","0,07822","-0,01893","-0,99676",,,Valid,Valid,"234,5","100,8","514,4","292,4","102,9","507,5","337,7","85,1","332,2","93,3","0,7105","0,3017","0,7186","0,2879","0,7024","0,3156",thumbnail_grossTrial,thumbnail_grossTrial.png,1245.0,1080.0,337.0,0.0,798.0,692.0,Fixation,308.0,110.0,1215.0,344.0,"0,7045","0,3185",,
30650,59498952,1400498770239,Eye Tracker,Participant0058,17.09.2021,Participant0058,Recording4,17.09.2021,17.09.2021,14:48:45.713,12:48:45.713,64514,Timeline2,Tobii I-VT (Fixation),1.145.28180,1080,1920,"10,00",727361535.0,,,1218.0,330.0,1223.0,315.0,1214.0,345.0,"0,19167","-0,02782","-0,98106","0,07929","-0,01648","-0,99672","3,86","3,81",Valid,Valid,"234,6","100,8","514,4","292,4","102,8","507,5","335,1","86,2","332,8","94,4","0,7075","0,3055","0,7109","0,2915","0,7042","0,3195",thumbnail_grossTrial,thumbnail_grossTrial.png,1245.0,1080.0,337.0,0.0,798.0,692.0,Fixation,308.0,110.0,1215.0,344.0,"0,7045","0,3185",,
30651,59507190,1400498778477,Eye Tracker,Participant0058,17.09.2021,Participant0058,Recording4,17.09.2021,17.09.2021,14:48:45.713,12:48:45.713,64514,Timeline2,Tobii I-VT (Fixation),1.145.28180,1080,1920,"10,00",727369772.0,,,1221.0,336.0,1227.0,317.0,1214.0,355.0,"0,19395","-0,02687","-0,98064","0,07938","-0,01112","-0,99678",,,Valid,Valid,"234,6","100,8","514,3","292,4","102,9","507,4","336,3","86,7","332,8","97,3","0,7093","0,3112","0,7145","0,2934","0,7042","0,3291",thumbnail_grossTrial,thumbnail_grossTrial.png,1245.0,1080.0,337.0,0.0,798.0,692.0,Fixation,308.0,110.0,1215.0,344.0,"0,7045","0,3185",,
30652,59515541,1400498786828,Eye Tracker,Participant0058,17.09.2021,Participant0058,Recording4,17.09.2021,17.09.2021,14:48:45.713,12:48:45.713,64514,Timeline2,Tobii I-VT (Fixation),1.145.28180,1080,1920,"10,00",727378123.0,,,1219.0,336.0,1223.0,321.0,1215.0,352.0,"0,19227","-0,02500","-0,98102","0,07969","-0,01281","-0,99674",,,Valid,Valid,"234,5","100,8","514,3","292,3","103,0","507,3","335,3","87,7","332,9","96,4","0,7080","0,3116","0,7116","0,2969","0,7045","0,3263",thumbnail_grossTrial,thumbnail_grossTrial.png,1245.0,1080.0,337.0,0.0,798.0,692.0,Fixation,308.0,110.0,1215.0,344.0,"0,7045","0,3185",,
30653,59523927,1400498795214,Eye Tracker,Participant0058,17.09.2021,Participant0058,Recording4,17.09.2021,17.09.2021,14:48:45.713,12:48:45.713,64514,Timeline2,Tobii I-VT (Fixation),1.145.28180,1080,1920,"10,00",727386509.0,,,1211.0,355.0,,,1211.0,355.0,,,,"0,07774","-0,01122","-0,99691",,"3,68",Invalid,Valid,,,,"292,4","102,9","507,3",,,"332,0","97,2","0,7017","0,3289",,,"0,7017","0,3289",thumbnail_grossTrial,thumbnail_grossTrial.png,1245.0,1080.0,337.0,0.0,798.0,692.0,Fixation,308.0,110.0,1215.0,344.0,"0,7045","0,3185",,
30654,59532174,1400498803461,Eye Tracker,Participant0058,17.09.2021,Participant0058,Recording4,17.09.2021,17.09.2021,14:48:45.713,12:48:45.713,64514,Timeline2,Tobii I-VT (Fixation),1.145.28180,1080,1920,"10,00",727394756.0,,,1216.0,338.0,1221.0,318.0,1212.0,358.0,"0,19081","-0,02620","-0,98128","0,07809","-0,01003","-0,99690",,,Valid,Valid,"234,6","100,8","514,2","292,4","103,0","507,2","334,6","87,1","332,1","97,9","0,7058","0,3130","0,7094","0,2947","0,7021","0,3312",thumbnail_grossTrial,thumbnail_grossTrial.png,1245.0,1080.0,337.0,0.0,798.0,692.0,Fixation,308.0,110.0,1215.0,344.0,"0,7045","0,3185",,
30655,59540509,1400498811796,Eye Tracker,Participant0058,17.09.2021,Participant0058,Recording4,17.09.2021,17.09.2021,14:48:45.713,12:48:45.713,64514,Timeline2,Tobii I-VT (Fixation),1.145.28180,1080,1920,"10,00",727403090.0,,,1217.0,337.0,1219.0,313.0,1215.0,360.0,"0,18985","-0,02912","-0,98138","0,08002","-0,00876","-0,99675",,,Valid,Valid,"234,5","100,9","514,2","292,3","103,0","507,1","334,0","85,6","333,0","98,6","0,7062","0,3116","0,7077","0,2896","0,7048","0,3335",thumbnail_grossTrial,thumbnail_grossTrial.png,1245.0,1080.0,337.0,0.0,798.0,692.0,Fixation,308.0,110.0,1215.0,344.0,"0,7045","0,3185",,
30656,59548856,1400498820143,Eye Tracker,Participant0058,17.09.2021,Participant0058,Recording4,17.09.2021,17.09.2021,14:48:45.713,12:48:45.713,64514,Timeline2,Tobii I-VT (Fixation),1.145.28180,1080,1920,"10,00",727411437.0,,,1210.0,337.0,1224.0,312.0,1196.0,362.0,"0,19232","-0,02959","-0,98089","0,06950","-0,00774","-0,99755","3,84","3,82",Valid,Valid,"234,5","100,8","514,2","292,4","103,0","507,1","335,4","85,3","327,7","99,1","0,7005","0,3119","0,7117","0,2886","0,6893","0,3353",thumbnail_grossTrial,thumbnail_grossTrial.png,1245.0,1080.0,337.0,0.0,798.0,692.0,Fixation,308.0,110.0,1215.0,344.0,"0,7045","0,3185",,
30657,59557188,1400498828475,Eye Tracker,Participant0058,17.09.2021,Participant0058,Recording4,17.09.2021,17.09.2021,14:48:45.713,12:48:45.713,64514,Timeline2,Tobii I-VT (Fixation),1.145.28180,1080,1920,"10,00",727419769.0,,,1212.0,338.0,1226.0,312.0,1199.0,364.0,"0,19328","-0,02947","-0,98070","0,07135","-0,00663","-0,99743",,,Valid,Valid,"234,6","100,9","514,2","292,3","103,1","507,0","335,9","85,4","328,6","99,7","0,7026","0,3132","0,7133","0,2890","0,6919","0,3374",thumbnail_grossTrial,thumbnail_grossTrial.png,1245.0,1080.0,337.0,0.0,798.0,692.0,Fixation,308.0,110.0,1215.0,344.0,"0,7045","0,3185",,
30658,59565509,1400498836796,Eye Tracker,Participant0058,17.09.2021,Participant0058,Recording4,17.09.2021,17.09.2021,14:48:45.713,12:48:45.713,64514,Timeline2,Tobii I-VT (Fixation),1.145.28180,1080,1920,"10,00",727428089.0,,,1213.0,343.0,1227.0,321.0,1199.0,364.0,"0,19433","-0,02496","-0,98062","0,07144","-0,00677","-0,99742",,,Valid,Valid,"234,5","100,9","514,2","292,3","103,1","507,0","336,4","87,8","328,6","99,7","0,7033","0,3172","0,7148","0,2971","0,6919","0,3373",thumbnail_grossTrial,thumbnail_grossTrial.png,1245.0,1080.0,337.0,0.0,798.0,692.0,Fixation,308.0,110.0,1215.0,344.0,"0,7045","0,3185",,
30659,59573842,1400498845129,Eye Tracker,Participant0058,17.09.2021,Participant0058,Recording4,17.09.2021,17.09.2021,14:48:45.713,12:48:45.713,64514,Timeline2,Tobii I-VT (Fixation),1.145.28180,1080,1920,"10,00",727436422.0,,,1219.0,342.0,1225.0,322.0,1214.0,363.0,"0,19283","-0,02447","-0,98093","0,07944","-0,00720","-0,99681","3,86","3,79",Valid,Valid,"234,6","100,8","514,2","292,4","103,1","506,9","335,7","88,0","332,8","99,4","0,7083","0,3170","0,7125","0,2978","0,7041","0,3363",thumbnail_grossTrial,thumbnail_grossTrial.png,1245.0,1080.0,337.0,0.0,798.0,692.0,Fixation,308.0,110.0,1215.0,344.0,"0,7045","0,3185",,
30660,59582256,1400498853543,Eye Tracker,Participant0058,17.09.2021,Participant0058,Recording4,17.09.2021,17.09.2021,14:48:45.713,12:48:45.713,64514,Timeline2,Tobii I-VT (Fixation),1.145.28180,1080,1920,"10,00",727444836.0,,,1204.0,359.0,1194.0,361.0,1213.0,356.0,"0,17748","-0,00394","-0,98412","0,07878","-0,01122","-0,99683",,,Valid,Valid,"234,6","100,9","514,2","292,4","103,2","506,9","327,3","98,8","332,4","97,5","0,6956","0,3320","0,6881","0,3343","0,7030","0,3297",thumbnail_grossTrial,thumbnail_grossTrial.png,1245.0,1080.0,337.0,0.0,798.0,692.0,Fixation,308.0,110.0,1215.0,344.0,"0,7045","0,3185",,
30661,59590528,1400498861815,Eye Tracker,Participant0058,17.09.2021,Participant0058,Recording4,17.09.2021,17.09.2021,14:48:45.713,12:48:45.713,64514,Timeline2,Tobii I-VT (Fixation),1.145.28180,1080,1920,"10,00",727453108.0,,,1204.0,356.0,1194.0,361.0,1214.0,351.0,"0,17755","-0,00407","-0,98410","0,07953","-0,01423","-0,99673",,,Valid,Valid,"234,6","100,9","514,2","292,3","103,2","506,9","327,3","98,8","332,8","95,9","0,6961","0,3295","0,6881","0,3343","0,7041","0,3246",thumbnail_grossTrial,thumbnail_grossTrial.png,1245.0,1080.0,337.0,0.0,798.0,692.0,Saccade,17.0,242.0,,,,,,
30662,59598840,1400498870127,Eye Tracker,Participant0058,17.09.2021,Participant0058,Recording4,17.09.2021,17.09.2021,14:48:45.713,12:48:45.713,64514,Timeline2,Tobii I-VT (Fixation),1.145.28180,1080,1920,"10,00",727461419.0,,,1242.0,331.0,1255.0,318.0,1228.0,344.0,"0,20773","-0,02633","-0,97783","0,08691","-0,01760","-0,99606","4,02","3,78",Valid,Valid,"234,6","100,9","514,2","292,4","103,1","506,9","343,9","87,0","336,7","94,1","0,7261","0,3065","0,7367","0,2944","0,7155","0,3185",thumbnail_grossTrial,thumbnail_grossTrial.png,1245.0,1080.0,337.0,0.0,798.0,692.0,Saccade,17.0,242.0,,,,,,
30663,59607199,1400498878486,Eye Tracker,Participant0058,17.09.2021,Participant0058,Recording4,17.09.2021,17.09.2021,14:48:45.713,12:48:45.713,64514,Timeline2,Tobii I-VT (Fixation),1.145.28180,1080,1920,"10,00",727469778.0,,,1244.0,331.0,1263.0,303.0,1225.0,360.0,"0,21151","-0,03417","-0,97678","0,08538","-0,00909","-0,99631",,,Valid,Valid,"234,7","100,9","514,1","292,4","103,1","506,8","346,0","82,9","335,9","98,5","0,7280","0,3069","0,7429","0,2805","0,7132","0,3333",thumbnail_grossTrial,thumbnail_grossTrial.png,1245.0,1080.0,337.0,0.0,798.0,692.0,Fixation,258.0,111.0,1245.0,326.0,"0,7285","0,3014",,
30664,59615501,1400498886788,Eye Tracker,Participant0058,17.09.2021,Participant0058,Recording4,17.09.2021,17.09.2021,14:48:45.713,12:48:45.713,64514,Timeline2,Tobii I-VT (Fixation),1.145.28180,1080,1920,"10,00",727478080.0,,,1242.0,330.0,1259.0,299.0,1225.0,360.0,"0,20965","-0,03618","-0,97711","0,08549","-0,00925","-0,99630",,,Valid,Valid,"234,6","101,0","514,2","292,4","103,2","506,9","344,9","81,9","335,9","98,5","0,7265","0,3052","0,7398","0,2772","0,7132","0,3333",thumbnail_grossTrial,thumbnail_grossTrial.png,1245.0,1080.0,337.0,0.0,798.0,692.0,Fixation,258.0,111.0,1245.0,326.0,"0,7285","0,3014",,
30665,59623878,1400498895165,Eye Tracker,Participant0058,17.09.2021,Participant0058,Recording4,17.09.2021,17.09.2021,14:48:45.713,12:48:45.713,64514,Timeline2,Tobii I-VT (Fixation),1.145.28180,1080,1920,"10,00",727486457.0,,,1239.0,330.0,1254.0,305.0,1224.0,354.0,"0,20718","-0,03321","-0,97774","0,08474","-0,01205","-0,99633","3,97","3,78",Valid,Valid,"234,7","100,8","514,2","292,4","103,1","506,9","343,6","83,4","335,6","97,0","0,7241","0,3051","0,7360","0,2821","0,7122","0,3281",thumbnail_grossTrial,thumbnail_grossTrial.png,1245.0,1080.0,337.0,0.0,798.0,692.0,Fixation,258.0,111.0,1245.0,326.0,"0,7285","0,3014",,
30666,59632207,1400498903494,Eye Tracker,Participant0058,17.09.2021,Participant0058,Recording4,17.09.2021,17.09.2021,14:48:45.713,12:48:45.713,64514,Timeline2,Tobii I-VT (Fixation),1.145.28180,1080,1920,"10,00",727494785.0,,,1238.0,327.0,1254.0,301.0,1221.0,353.0,"0,20742","-0,03513","-0,97762","0,08306","-0,01308","-0,99646",,,Valid,Valid,"234,7","100,9","514,1","292,4","103,2","506,9","343,8","82,5","334,7","96,5","0,7230","0,3028","0,7363","0,2790","0,7097","0,3266",thumbnail_grossTrial,thumbnail_grossTrial.png,1245.0,1080.0,337.0,0.0,798.0,692.0,Fixation,258.0,111.0,1245.0,326.0,"0,7285","0,3014",,
30667,59640500,1400498911787,Eye Tracker,Participant0058,17.09.2021,Participant0058,Recording4,17.09.2021,17.09.2021,14:48:45.713,12:48:45.713,64514,Timeline2,Tobii I-VT (Fixation),1.145.28180,1080,1920,"10,00",727503078.0,,,1237.0,324.0,1252.0,295.0,1221.0,353.0,"0,20623","-0,03876","-0,97773","0,08316","-0,01317","-0,99645",,,Valid,Valid,"234,6","101,0","514,2","292,4","103,2","507,0","343,1","80,6","334,7","96,5","0,7220","0,2996","0,7343","0,2727","0,7097","0,3266",thumbnail_grossTrial,thumbnail_grossTrial.png,1245.0,1080.0,337.0,0.0,798.0,692.0,Fixation,258.0,111.0,1245.0,326.0,"0,7285","0,3014",,
30668,59648877,1400498920164,Eye Tracker,Participant0058,17.09.2021,Participant0058,Recording4,17.09.2021,17.09.2021,14:48:45.713,12:48:45.713,64514,Timeline2,Tobii I-VT (Fixation),1.145.28180,1080,1920,"10,00",727511455.0,,,1231.0,333.0,1247.0,304.0,1214.0,362.0,"0,20397","-0,03383","-0,97839","0,07898","-0,00779","-0,99685","3,84","3,64",Valid,Valid,"234,7","100,9","514,2","292,5","103,1","507,0","341,9","83,1","332,6","99,1","0,7173","0,3083","0,7308","0,2811","0,7037","0,3354",thumbnail_grossTrial,thumbnail_grossTrial.png,1245.0,1080.0,337.0,0.0,798.0,692.0,Fixation,258.0,111.0,1245.0,326.0,"0,7285","0,3014",,
30669,59657165,1400498928452,Eye Tracker,Participant0058,17.09.2021,Participant0058,Recording4,17.09.2021,17.09.2021,14:48:45.713,12:48:45.713,64514,Timeline2,Tobii I-VT (Fixation),1.145.28180,1080,1920,"10,00",727519743.0,,,1242.0,325.0,1245.0,311.0,1239.0,339.0,"0,20272","-0,03022","-0,97877","0,09263","-0,02040","-0,99549",,,Valid,Valid,"234,7","100,9","514,1","292,5","103,2","507,0","341,2","85,1","339,6","92,8","0,7265","0,3009","0,7287","0,2879","0,7242","0,3139",thumbnail_grossTrial,thumbnail_grossTrial.png,1245.0,1080.0,337.0,0.0,798.0,692.0,Fixation,258.0,111.0,1245.0,326.0,"0,7285","0,3014",,
30670,59665521,1400498936808,Eye Tracker,Participant0058,17.09.2021,Participant0058,Recording4,17.09.2021,17.09.2021,14:48:45.713,12:48:45.713,64514,Timeline2,Tobii I-VT (Fixation),1.145.28180,1080,1920,"10,00",727528098.0,,,1248.0,329.0,1252.0,318.0,1245.0,341.0,"0,20622","-0,02680","-0,97814","0,09566","-0,01958","-0,99522",,,Valid,Valid,"234,7","101,0","514,1","292,4","103,2","507,1","343,0","86,9","341,2","93,2","0,7314","0,3047","0,7342","0,2941","0,7287","0,3153",thumbnail_grossTrial,thumbnail_grossTrial.png,1245.0,1080.0,337.0,0.0,798.0,692.0,Fixation,258.0,111.0,1245.0,326.0,"0,7285","0,3014",,
30671,59673915,1400498945202,Eye Tracker,Participant0058,17.09.2021,Participant0058,Recording4,17.09.2021,17.09.2021,14:48:45.713,12:48:45.713,64514,Timeline2,Tobii I-VT (Fixation),1.145.28180,1080,1920,"10,00",727536492.0,,,1254.0,322.0,1258.0,306.0,1250.0,337.0,"0,20909","-0,03252","-0,97736","0,09823","-0,02130","-0,99494","4,00","3,76",Valid,Valid,"234,7","100,9","514,1","292,5","103,0","507,1","344,7","83,8","342,6","92,2","0,7359","0,2977","0,7390","0,2835","0,7328","0,3119",thumbnail_grossTrial,thumbnail_grossTrial.png,1245.0,1080.0,337.0,0.0,798.0,692.0,Fixation,258.0,111.0,1245.0,326.0,"0,7285","0,3014",,
30672,59682223,1400498953510,Eye Tracker,Participant0058,17.09.2021,Participant0058,Recording4,17.09.2021,17.09.2021,14:48:45.713,12:48:45.713,64514,Timeline2,Tobii I-VT (Fixation),1.145.28180,1080,1920,"10,00",727544800.0,,,1246.0,333.0,1261.0,307.0,1231.0,358.0,"0,21058","-0,03200","-0,97705","0,08813","-0,01002","-0,99606",,,Valid,Valid,"234,7","100,9","514,0","292,5","103,1","507,0","345,5","84,1","337,3","98,0","0,7294","0,3080","0,7414","0,2846","0,7174","0,3315",thumbnail_grossTrial,thumbnail_grossTrial.png,1245.0,1080.0,337.0,0.0,798.0,692.0,Fixation,258.0,111.0,1245.0,326.0,"0,7285","0,3014",,
30673,59690535,1400498961822,Eye Tracker,Participant0058,17.09.2021,Participant0058,Recording4,17.09.2021,17.09.2021,14:48:45.713,12:48:45.713,64514,Timeline2,Tobii I-VT (Fixation),1.145.28180,1080,1920,"10,00",727553112.0,,,1244.0,332.0,1257.0,305.0,1231.0,358.0,"0,20910","-0,03318","-0,97733","0,08809","-0,01009","-0,99606",,,Valid,Valid,"234,7","101,0","514,0","292,4","103,1","507,1","344,6","83,5","337,3","98,0","0,7281","0,3071","0,7388","0,2826","0,7173","0,3315",thumbnail_grossTrial,thumbnail_grossTrial.png,1245.0,1080.0,337.0,0.0,798.0,692.0,Fixation,258.0,111.0,1245.0,326.0,"0,7285","0,3014",,
30674,59698868,1400498970155,Eye Tracker,Participant0058,17.09.2021,Participant0058,Recording4,17.09.2021,17.09.2021,14:48:45.713,12:48:45.713,64514,Timeline2,Tobii I-VT (Fixation),1.145.28180,1080,1920,"10,00",727561444.0,,,1255.0,318.0,1254.0,305.0,1257.0,330.0,"0,20739","-0,03318","-0,97769","0,10180","-0,02475","-0,99450","3,83","3,78",Valid,Valid,"234,7","100,9","514,0","292,5","103,0","507,1","343,7","83,5","344,4","90,4","0,7372","0,2942","0,7362","0,2824","0,7381","0,3059",thumbnail_grossTrial,thumbnail_grossTrial.png,1245.0,1080.0,337.0,0.0,798.0,692.0,Fixation,258.0,111.0,1245.0,326.0,"0,7285","0,3014",,
30675,59707162,1400498978449,Eye Tracker,Participant0058,17.09.2021,Participant0058,Recording4,17.09.2021,17.09.2021,14:48:45.713,12:48:45.713,64514,Timeline2,Tobii I-VT (Fixation),1.145.28180,1080,1920,"10,00",727569738.0,,,1240.0,328.0,1229.0,328.0,1251.0,328.0,"0,19477","-0,02119","-0,98062","0,09875","-0,02602","-0,99477",,,Valid,Valid,"234,7","100,9","513,9","292,5","103,0","507,0","336,8","89,8","342,8","89,8","0,7247","0,3038","0,7159","0,3039","0,7335","0,3038",thumbnail_grossTrial,thumbnail_grossTrial.png,1245.0,1080.0,337.0,0.0,798.0,692.0,Fixation,258.0,111.0,1245.0,326.0,"0,7285","0,3014",,
30676,59715526,1400498986813,Eye Tracker,Participant0058,17.09.2021,Participant0058,Recording4,17.09.2021,17.09.2021,14:48:45.713,12:48:45.713,64514,Timeline2,Tobii I-VT (Fixation),1.145.28180,1080,1920,"10,00",727578102.0,,,1252.0,320.0,1253.0,312.0,1251.0,327.0,"0,20697","-0,02955","-0,97790","0,09882","-0,02664","-0,99475",,,Valid,Valid,"234,6","101,0","514,0","292,4","103,1","507,1","343,4","85,4","342,8","89,5","0,7343","0,2959","0,7353","0,2890","0,7334","0,3029",thumbnail_grossTrial,thumbnail_grossTrial.png,1245.0,1080.0,337.0,0.0,798.0,692.0,Fixation,258.0,111.0,1245.0,326.0,"0,7285","0,3014",,
30677,59723912,1400498995199,Eye Tracker,Participant0058,17.09.2021,Participant0058,Recording4,17.09.2021,17.09.2021,14:48:45.713,12:48:45.713,64514,Timeline2,Tobii I-VT (Fixation),1.145.28180,1080,1920,"10,00",727586488.0,,,1239.0,332.0,1253.0,314.0,1226.0,350.0,"0,20686","-0,02865","-0,97795","0,08537","-0,01413","-0,99625","3,82","4,04",Valid,Valid,"234,7","100,9","514,0","292,5","103,0","507,1","343,4","85,8","335,9","95,8","0,7242","0,3072","0,7352","0,2904","0,7133","0,3240",thumbnail_grossTrial,thumbnail_grossTrial.png,1245.0,1080.0,337.0,0.0,798.0,692.0,Fixation,258.0,111.0,1245.0,326.0,"0,7285","0,3014",,
30678,59732183,1400499003470,Eye Tracker,Participant0058,17.09.2021,Participant0058,Recording4,17.09.2021,17.09.2021,14:48:45.713,12:48:45.713,64514,Timeline2,Tobii I-VT (Fixation),1.145.28180,1080,1920,"10,00",727594758.0,,,1249.0,316.0,1250.0,304.0,1249.0,327.0,"0,20560","-0,03353","-0,97806","0,09765","-0,02633","-0,99487",,,Valid,Valid,"234,7","100,9","513,9","292,4","103,0","507,0","342,7","83,3","342,2","89,6","0,7324","0,2925","0,7332","0,2818","0,7317","0,3032",thumbnail_grossTrial,thumbnail_grossTrial.png,1245.0,1080.0,337.0,0.0,798.0,692.0,Fixation,258.0,111.0,1245.0,326.0,"0,7285","0,3014",,
30679,59740521,1400499011808,Eye Tracker,Participant0058,17.09.2021,Participant0058,Recording4,17.09.2021,17.09.2021,14:48:45.713,12:48:45.713,64514,Timeline2,Tobii I-VT (Fixation),1.145.28180,1080,1920,"10,00",727603096.0,,,1249.0,312.0,1252.0,299.0,1247.0,325.0,"0,20646","-0,03656","-0,97777","0,09669","-0,02752","-0,99493",,,Valid,Valid,"234,6","101,0","513,9","292,4","103,1","507,1","343,1","81,8","341,7","89,0","0,7322","0,2889","0,7344","0,2766","0,7301","0,3012",thumbnail_grossTrial,thumbnail_grossTrial.png,1245.0,1080.0,337.0,0.0,798.0,692.0,Fixation,258.0,111.0,1245.0,326.0,"0,7285","0,3014",,
30680,59748886,1400499020173,Eye Tracker,Participant0058,17.09.2021,Participant0058,Recording4,17.09.2021,17.09.2021,14:48:45.713,12:48:45.713,64514,Timeline2,Tobii I-VT (Fixation),1.145.28180,1080,1920,"10,00",727611461.0,,,1246.0,318.0,1248.0,307.0,1244.0,329.0,"0,20435","-0,03217","-0,97837","0,09545","-0,02538","-0,99511","3,82","3,61",Valid,Valid,"234,7","100,9","513,9","292,4","103,0","507,1","342,0","84,0","341,1","90,0","0,7298","0,2944","0,7311","0,2842","0,7284","0,3046",thumbnail_grossTrial,thumbnail_grossTrial.png,1245.0,1080.0,337.0,0.0,798.0,692.0,Fixation,258.0,111.0,1245.0,326.0,"0,7285","0,3014",,
30681,59757217,1400499028504,Eye Tracker,Participant0058,17.09.2021,Participant0058,Recording4,17.09.2021,17.09.2021,14:48:45.713,12:48:45.713,64514,Timeline2,Tobii I-VT (Fixation),1.145.28180,1080,1920,"10,00",727619791.0,,,1247.0,323.0,1252.0,314.0,1242.0,331.0,"0,20652","-0,02842","-0,97803","0,09406","-0,02426","-0,99527",,,Valid,Valid,"234,7","101,0","513,8","292,4","103,0","507,1","343,2","86,0","340,4","90,6","0,7304","0,2989","0,7345","0,2911","0,7263","0,3067",thumbnail_grossTrial,thumbnail_grossTrial.png,1245.0,1080.0,337.0,0.0,798.0,692.0,Fixation,258.0,111.0,1245.0,326.0,"0,7285","0,3014",,
30682,59765532,1400499036819,Eye Tracker,Participant0058,17.09.2021,Participant0058,Recording4,17.09.2021,17.09.2021,14:48:45.713,12:48:45.713,64514,Timeline2,Tobii I-VT (Fixation),1.145.28180,1080,1920,"10,00",727628106.0,,,1251.0,327.0,1258.0,321.0,1244.0,332.0,"0,20981","-0,02497","-0,97742","0,09527","-0,02391","-0,99516",,,Valid,Valid,"234,6","101,0","513,8","292,4","103,0","507,2","344,9","87,9","341,0","90,8","0,7339","0,3024","0,7397","0,2974","0,7281","0,3073",thumbnail_grossTrial,thumbnail_grossTrial.png,1245.0,1080.0,337.0,0.0,798.0,692.0,Fixation,258.0,111.0,1245.0,326.0,"0,7285","0,3014",,
30683,59773861,1400499045148,Eye Tracker,Participant0058,17.09.2021,Participant0058,Recording4,17.09.2021,17.09.2021,14:48:45.713,12:48:45.713,64514,Timeline2,Tobii I-VT (Fixation),1.145.28180,1080,1920,"10,00",727636435.0,,,1241.0,329.0,1263.0,313.0,1219.0,345.0,"0,21175","-0,02906","-0,97689","0,08149","-0,01660","-0,99654","3,80","3,64",Valid,Valid,"234,7","101,0","513,7","292,5","102,9","507,3","346,1","85,7","334,0","94,5","0,7253","0,3048","0,7430","0,2900","0,7076","0,3197",thumbnail_grossTrial,thumbnail_grossTrial.png,1245.0,1080.0,337.0,0.0,798.0,692.0,Fixation,258.0,111.0,1245.0,326.0,"0,7285","0,3014",,
30684,59782221,1400499053508,Eye Tracker,Participant0058,17.09.2021,Participant0058,Recording4,17.09.2021,17.09.2021,14:48:45.713,12:48:45.713,64514,Timeline2,Tobii I-VT (Fixation),1.145.28180,1080,1920,"10,00",727644795.0,,,1251.0,314.0,1262.0,312.0,1239.0,317.0,"0,21141","-0,02998","-0,97694","0,09246","-0,03166","-0,99521",,,Valid,Valid,"234,7","101,0","513,6","292,5","102,9","507,3","345,9","85,3","339,7","86,8","0,7334","0,2911","0,7425","0,2886","0,7242","0,2937",thumbnail_grossTrial,thumbnail_grossTrial.png,1245.0,1080.0,337.0,0.0,798.0,692.0,Fixation,258.0,111.0,1245.0,326.0,"0,7285","0,3014",,
30685,59790517,1400499061804,Eye Tracker,Participant0058,17.09.2021,Participant0058,Recording4,17.09.2021,17.09.2021,14:48:45.713,12:48:45.713,64514,Timeline2,Tobii I-VT (Fixation),1.145.28180,1080,1920,"10,00",727653090.0,,,1255.0,318.0,1261.0,313.0,1249.0,323.0,"0,21090","-0,02923","-0,97707","0,09777","-0,02829","-0,99481",,,Valid,Valid,"234,7","101,1","513,6","292,5","103,0","507,4","345,6","85,8","342,4","88,5","0,7369","0,2948","0,7416","0,2901","0,7322","0,2995",thumbnail_grossTrial,thumbnail_grossTrial.png,1245.0,1080.0,337.0,0.0,798.0,692.0,Fixation,258.0,111.0,1245.0,326.0,"0,7285","0,3014",,
30686,59798848,1400499070135,Eye Tracker,Participant0058,17.09.2021,Participant0058,Recording4,17.09.2021,17.09.2021,14:48:45.713,12:48:45.713,64514,Timeline2,Tobii I-VT (Fixation),1.145.28180,1080,1920,"10,00",727661421.0,,,1255.0,323.0,1263.0,317.0,1247.0,329.0,"0,21214","-0,02724","-0,97686","0,09670","-0,02489","-0,99500","3,82","3,63",Valid,Valid,"234,7","101,1","513,6","292,6","102,8","507,5","346,3","86,7","341,9","90,1","0,7372","0,2992","0,7436","0,2935","0,7308","0,3049",thumbnail_grossTrial,thumbnail_grossTrial.png,1245.0,1080.0,337.0,0.0,798.0,692.0,Fixation,258.0,111.0,1245.0,326.0,"0,7285","0,3014",,
30687,59807185,1400499078472,Eye Tracker,Participant0058,17.09.2021,Participant0058,Recording4,17.09.2021,17.09.2021,14:48:45.713,12:48:45.713,64514,Timeline2,Tobii I-VT (Fixation),1.145.28180,1080,1920,"10,00",727669758.0,,,1254.0,324.0,1262.0,318.0,1246.0,331.0,"0,21161","-0,02704","-0,97698","0,09572","-0,02422","-0,99511",,,Valid,Valid,"234,8","101,1","513,5","292,6","102,9","507,6","346,0","86,9","341,4","90,5","0,7361","0,3002","0,7428","0,2941","0,7293","0,3063",thumbnail_grossTrial,thumbnail_grossTrial.png,1245.0,1080.0,337.0,0.0,798.0,692.0,Fixation,258.0,111.0,1245.0,326.0,"0,7285","0,3014",,
30688,59815486,1400499086773,Eye Tracker,Participant0058,17.09.2021,Participant0058,Recording4,17.09.2021,17.09.2021,14:48:45.713,12:48:45.713,64514,Timeline2,Tobii I-VT (Fixation),1.145.28180,1080,1920,"10,00",727678059.0,,,1247.0,321.0,1254.0,319.0,1240.0,323.0,"0,20761","-0,02634","-0,97786","0,09276","-0,02860","-0,99528",,,Valid,Valid,"234,7","101,2","513,5","292,5","102,9","507,7","343,7","87,4","339,8","88,3","0,7304","0,2973","0,7361","0,2957","0,7247","0,2989",thumbnail_grossTrial,thumbnail_grossTrial.png,1245.0,1080.0,337.0,0.0,798.0,692.0,Fixation,258.0,111.0,1245.0,326.0,"0,7285","0,3014",,
30689,59823822,1400499095109,Eye Tracker,Participant0058,17.09.2021,Participant0058,Recording4,17.09.2021,17.09.2021,14:48:45.713,12:48:45.713,64514,Timeline2,Tobii I-VT (Fixation),1.145.28180,1080,1920,"10,00",727686394.0,,,1248.0,321.0,1250.0,325.0,1247.0,317.0,"0,20542","-0,02316","-0,97840","0,09624","-0,03142","-0,99486","3,81","3,64",Valid,Valid,"234,7","101,1","513,4","292,5","102,8","507,7","342,5","89,0","341,7","86,8","0,7314","0,2973","0,7327","0,3010","0,7301","0,2936",thumbnail_grossTrial,thumbnail_grossTrial.png,1245.0,1080.0,337.0,0.0,798.0,692.0,Fixation,258.0,111.0,1245.0,326.0,"0,7285","0,3014",,
30690,59832153,1400499103440,Eye Tracker,Participant0058,17.09.2021,Participant0058,Recording4,17.09.2021,17.09.2021,14:48:45.713,12:48:45.713,64514,Timeline2,Tobii I-VT (Fixation),1.145.28180,1080,1920,"10,00",727694725.0,,,1231.0,337.0,1245.0,323.0,1216.0,352.0,"0,20324","-0,02445","-0,97882","0,07992","-0,01304","-0,99672",,,Valid,Valid,"234,7","101,2","513,4","292,5","102,9","507,7","341,3","88,4","333,2","96,2","0,7173","0,3124","0,7291","0,2992","0,7054","0,3255",thumbnail_grossTrial,thumbnail_grossTrial.png,1245.0,1080.0,337.0,0.0,798.0,692.0,Fixation,258.0,111.0,1245.0,326.0,"0,7285","0,3014",,
30691,59840483,1400499111770,Eye Tracker,Participant0058,17.09.2021,Participant0058,Recording4,17.09.2021,17.09.2021,14:48:45.713,12:48:45.713,64514,Timeline2,Tobii I-VT (Fixation),1.145.28180,1080,1920,"10,00",727703055.0,,,1230.0,335.0,1244.0,318.0,1216.0,352.0,"0,20269","-0,02700","-0,97887","0,08005","-0,01310","-0,99670",,,Valid,Valid,"234,6","101,3","513,4","292,4","102,9","507,8","340,9","87,1","333,2","96,2","0,7167","0,3102","0,7280","0,2948","0,7054","0,3255",thumbnail_grossTrial,thumbnail_grossTrial.png,1245.0,1080.0,337.0,0.0,798.0,692.0,Fixation,258.0,111.0,1245.0,326.0,"0,7285","0,3014",,
30692,59848817,1400499120104,Eye Tracker,Participant0058,17.09.2021,Participant0058,Recording4,17.09.2021,17.09.2021,14:48:45.713,12:48:45.713,64514,Timeline2,Tobii I-VT (Fixation),1.145.28180,1080,1920,"10,00",727711389.0,,,1234.0,329.0,1241.0,318.0,1227.0,339.0,"0,20127","-0,02693","-0,97917","0,08589","-0,01955","-0,99611","3,83","3,83",Valid,Valid,"234,7","101,2","513,3","292,5","102,8","507,8","340,2","87,1","336,3","92,8","0,7201","0,3043","0,7258","0,2946","0,7144","0,3140",thumbnail_grossTrial,thumbnail_grossTrial.png,1245.0,1080.0,337.0,0.0,798.0,692.0,Fixation,258.0,111.0,1245.0,326.0,"0,7285","0,3014",,
30693,59857147,1400499128434,Eye Tracker,Participant0058,17.09.2021,Participant0058,Recording4,17.09.2021,17.09.2021,14:48:45.713,12:48:45.713,64514,Timeline2,Tobii I-VT (Fixation),1.145.28180,1080,1920,"10,00",727719718.0,,,1237.0,330.0,1244.0,322.0,1229.0,338.0,"0,20253","-0,02507","-0,97895","0,08724","-0,02005","-0,99599",,,Valid,Valid,"234,7","101,3","513,3","292,5","102,8","507,8","340,9","88,1","337,0","92,6","0,7221","0,3058","0,7278","0,2982","0,7163","0,3134",thumbnail_grossTrial,thumbnail_grossTrial.png,1245.0,1080.0,337.0,0.0,798.0,692.0,Fixation,258.0,111.0,1245.0,326.0,"0,7285","0,3014",,
30694,59865479,1400499136766,Eye Tracker,Participant0058,17.09.2021,Participant0058,Recording4,17.09.2021,17.09.2021,14:48:45.713,12:48:45.713,64514,Timeline2,Tobii I-VT (Fixation),1.145.28180,1080,1920,"10,00",727728050.0,,,1237.0,330.0,1244.0,321.0,1229.0,338.0,"0,20283","-0,02594","-0,97887","0,08730","-0,02013","-0,99598",,,Valid,Valid,"234,6","101,3","513,3","292,4","102,9","507,8","341,0","87,7","337,0","92,6","0,7223","0,3051","0,7282","0,2968","0,7163","0,3134",thumbnail_grossTrial,thumbnail_grossTrial.png,1245.0,1080.0,337.0,0.0,798.0,692.0,Saccade,42.0,243.0,,,,,,
30695,59873852,1400499145139,Eye Tracker,Participant0058,17.09.2021,Participant0058,Recording4,17.09.2021,17.09.2021,14:48:45.713,12:48:45.713,64514,Timeline2,Tobii I-VT (Fixation),1.145.28180,1080,1920,"10,00",727736423.0,,,1263.0,326.0,1258.0,315.0,1268.0,337.0,"0,20921","-0,02850","-0,97745","0,10750","-0,02040","-0,99400","3,81","3,61",Valid,Valid,"234,8","101,2","513,3","292,6","102,8","507,8","344,7","86,3","347,5","92,3","0,7432","0,3021","0,7390","0,2919","0,7473","0,3124",thumbnail_grossTrial,thumbnail_grossTrial.png,1245.0,1080.0,337.0,0.0,798.0,692.0,Saccade,42.0,243.0,,,,,,
30696,59882145,1400499153432,Eye Tracker,Participant0058,17.09.2021,Participant0058,Recording4,17.09.2021,17.09.2021,14:48:45.713,12:48:45.713,64514,Timeline2,Tobii I-VT (Fixation),1.145.28180,1080,1920,"10,00",727744716.0,,,1307.0,295.0,1297.0,279.0,1318.0,312.0,"0,22810","-0,04741","-0,97248","0,13357","-0,03415","-0,99045",,,Valid,Valid,"235,0","101,3","513,2","292,7","102,9","507,7","355,4","76,3","361,2","85,3","0,7789","0,2734","0,7703","0,2581","0,7874","0,2888",thumbnail_grossTrial,thumbnail_grossTrial.png,1245.0,1080.0,337.0,0.0,798.0,692.0,Saccade,42.0,243.0,,,,,,
30697,59890505,1400499161792,Eye Tracker,Participant0058,17.09.2021,Participant0058,Recording4,17.09.2021,17.09.2021,14:48:45.713,12:48:45.713,64514,Timeline2,Tobii I-VT (Fixation),1.145.28180,1080,1920,"10,00",727753075.0,,,1332.0,317.0,1331.0,301.0,1334.0,334.0,"0,24488","-0,03584","-0,96889","0,14183","-0,02277","-0,98963",,,Valid,Valid,"235,0","101,4","513,1","292,8","103,0","507,8","364,7","82,4","365,5","91,3","0,7989","0,2939","0,7977","0,2789","0,8001","0,3089",thumbnail_grossTrial,thumbnail_grossTrial.png,1245.0,1080.0,337.0,0.0,798.0,692.0,Saccade,42.0,243.0,,,,,,
30698,59898840,1400499170127,Eye Tracker,Participant0058,17.09.2021,Participant0058,Recording4,17.09.2021,17.09.2021,14:48:45.713,12:48:45.713,64514,Timeline2,Tobii I-VT (Fixation),1.145.28180,1080,1920,"10,00",727761410.0,,,1377.0,304.0,1371.0,294.0,1383.0,314.0,"0,26395","-0,03946","-0,96373","0,16730","-0,03282","-0,98536","3,86","3,74",Valid,Valid,"235,2","101,4","513,0","292,9","102,9","507,6","375,7","80,4","379,1","86,0","0,8348","0,2814","0,8298","0,2720","0,8398","0,2909",thumbnail_grossTrial,thumbnail_grossTrial.png,1245.0,1080.0,337.0,0.0,798.0,692.0,Saccade,42.0,243.0,,,,,,
30699,59907143,1400499178430,Eye Tracker,Participant0058,17.09.2021,Participant0058,Recording4,17.09.2021,17.09.2021,14:48:45.713,12:48:45.713,64514,Timeline2,Tobii I-VT (Fixation),1.145.28180,1080,1920,"10,00",727769713.0,,,1381.0,317.0,1382.0,307.0,1380.0,326.0,"0,26943","-0,03256","-0,96247","0,16578","-0,02662","-0,98580",,,Valid,Valid,"235,2","101,4","513,0","292,9","102,9","507,5","378,8","84,0","378,3","89,2","0,8382","0,2931","0,8390","0,2843","0,8374","0,3018",thumbnail_grossTrial,thumbnail_grossTrial.png,1245.0,1080.0,337.0,0.0,798.0,692.0,Fixation,117.0,112.0,1377.0,321.0,"0,8349","0,2974",,
30700,59915516,1400499186803,Eye Tracker,Participant0058,17.09.2021,Participant0058,Recording4,17.09.2021,17.09.2021,14:48:45.713,12:48:45.713,64514,Timeline2,Tobii I-VT (Fixation),1.145.28180,1080,1920,"10,00",727778085.0,,,1384.0,308.0,1384.0,308.0,,,"0,27046","-0,03222","-0,96219",,,,,,Valid,Invalid,"235,1","101,5","513,0",,,,"379,3","84,3",,,"0,8404","0,2852","0,8404","0,2852",,,thumbnail_grossTrial,thumbnail_grossTrial.png,1245.0,1080.0,337.0,0.0,798.0,692.0,Fixation,117.0,112.0,1377.0,321.0,"0,8349","0,2974",,
30701,59923926,1400499195213,Eye Tracker,Participant0058,17.09.2021,Participant0058,Recording4,17.09.2021,17.09.2021,14:48:45.713,12:48:45.713,64514,Timeline2,Tobii I-VT (Fixation),1.145.28180,1080,1920,"10,00",727786495.0,,,1385.0,319.0,1378.0,314.0,1391.0,325.0,"0,26757","-0,02902","-0,96310","0,17154","-0,02727","-0,98480","3,87","3,61",Valid,Valid,"235,2","101,3","513,0","292,9","102,9","507,6","377,7","85,9","381,3","88,8","0,8411","0,2955","0,8358","0,2905","0,8464","0,3005",thumbnail_grossTrial,thumbnail_grossTrial.png,1245.0,1080.0,337.0,0.0,798.0,692.0,Fixation,117.0,112.0,1377.0,321.0,"0,8349","0,2974",,
30702,59932140,1400499203427,Eye Tracker,Participant0058,17.09.2021,Participant0058,Recording4,17.09.2021,17.09.2021,14:48:45.713,12:48:45.713,64514,Timeline2,Tobii I-VT (Fixation),1.145.28180,1080,1920,"10,00",727794709.0,,,1388.0,323.0,1390.0,301.0,1385.0,345.0,"0,27307","-0,03589","-0,96133","0,16857","-0,01661","-0,98555",,,Valid,Valid,"235,2","101,4","512,9","292,9","102,9","507,5","380,9","82,3","379,7","94,4","0,8433","0,2988","0,8450","0,2783","0,8416","0,3193",thumbnail_grossTrial,thumbnail_grossTrial.png,1245.0,1080.0,337.0,0.0,798.0,692.0,Fixation,117.0,112.0,1377.0,321.0,"0,8349","0,2974",,
30703,59940473,1400499211760,Eye Tracker,Participant0058,17.09.2021,Participant0058,Recording4,17.09.2021,17.09.2021,14:48:45.713,12:48:45.713,64514,Timeline2,Tobii I-VT (Fixation),1.145.28180,1080,1920,"10,00",727803042.0,,,1389.0,307.0,1389.0,307.0,,,"0,27308","-0,03256","-0,96144",,,,,,Valid,Invalid,"235,1","101,5","512,8",,,,"380,7","84,1",,,"0,8446","0,2847","0,8446","0,2847",,,thumbnail_grossTrial,thumbnail_grossTrial.png,1245.0,1080.0,337.0,0.0,798.0,692.0,Fixation,117.0,112.0,1377.0,321.0,"0,8349","0,2974",,
30704,59948835,1400499220122,Eye Tracker,Participant0058,17.09.2021,Participant0058,Recording4,17.09.2021,17.09.2021,14:48:45.713,12:48:45.713,64514,Timeline2,Tobii I-VT (Fixation),1.145.28180,1080,1920,"10,00",727811402.0,,,1373.0,340.0,1390.0,306.0,1356.0,374.0,"0,27351","-0,03328","-0,96129","0,15322","-0,00095","-0,98819","3,82","3,61",Valid,Valid,"235,1","101,4","512,7","292,9","102,9","507,5","381,0","83,7","371,5","102,4","0,8316","0,3148","0,8455","0,2831","0,8177","0,3465",thumbnail_grossTrial,thumbnail_grossTrial.png,1245.0,1080.0,337.0,0.0,798.0,692.0,Fixation,117.0,112.0,1377.0,321.0,"0,8349","0,2974",,
30705,59957174,1400499228461,Eye Tracker,Participant0058,17.09.2021,Participant0058,Recording4,17.09.2021,17.09.2021,14:48:45.713,12:48:45.713,64514,Timeline2,Tobii I-VT (Fixation),1.145.28180,1080,1920,"10,00",727819741.0,,,1368.0,333.0,1383.0,314.0,1354.0,351.0,"0,27036","-0,02915","-0,96232","0,15225","-0,01367","-0,98825",,,Valid,Valid,"235,1","101,6","512,5","292,8","103,0","507,4","379,1","86,1","371,0","95,9","0,8280","0,3079","0,8398","0,2912","0,8161","0,3246",thumbnail_grossTrial,thumbnail_grossTrial.png,1245.0,1080.0,337.0,0.0,798.0,692.0,Fixation,117.0,112.0,1377.0,321.0,"0,8349","0,2974",,
30706,59965500,1400499236787,Eye Tracker,Participant0058,17.09.2021,Participant0058,Recording4,17.09.2021,17.09.2021,14:48:45.713,12:48:45.713,64514,Timeline2,Tobii I-VT (Fixation),1.145.28180,1080,1920,"10,00",727828067.0,,,1381.0,315.0,1381.0,315.0,,,"0,26942","-0,02904","-0,96258",,,,,,Valid,Invalid,"235,0","101,8","512,3",,,,"378,4","86,3",,,"0,8378","0,2920","0,8378","0,2920",,,thumbnail_grossTrial,thumbnail_grossTrial.png,1245.0,1080.0,337.0,0.0,798.0,692.0,Fixation,117.0,112.0,1377.0,321.0,"0,8349","0,2974",,
30707,59973808,1400499245095,Eye Tracker,Participant0058,17.09.2021,Participant0058,Recording4,17.09.2021,17.09.2021,14:48:45.713,12:48:45.713,64514,Timeline2,Tobii I-VT (Fixation),1.145.28180,1080,1920,"10,00",727836375.0,,,1371.0,325.0,1382.0,311.0,1360.0,339.0,"0,26992","-0,03143","-0,96237","0,15559","-0,01994","-0,98762","3,81","3,73",Valid,Valid,"235,1","101,8","512,0","292,8","103,0","507,5","378,7","85,0","372,8","92,7","0,8300","0,3007","0,8388","0,2877","0,8213","0,3137",thumbnail_grossTrial,thumbnail_grossTrial.png,1245.0,1080.0,337.0,0.0,798.0,692.0,Fixation,117.0,112.0,1377.0,321.0,"0,8349","0,2974",,
30708,59982228,1400499253515,Eye Tracker,Participant0058,17.09.2021,Participant0058,Recording4,17.09.2021,17.09.2021,14:48:45.713,12:48:45.713,64514,Timeline2,Tobii I-VT (Fixation),1.145.28180,1080,1920,"10,00",727844794.0,,,1373.0,321.0,1384.0,301.0,1362.0,342.0,"0,27114","-0,03666","-0,96184","0,15640","-0,01857","-0,98752",,,Valid,Valid,"235,2","102,0","511,7","292,8","103,0","507,4","379,4","82,5","373,2","93,5","0,8316","0,2976","0,8407","0,2790","0,8225","0,3163",thumbnail_grossTrial,thumbnail_grossTrial.png,1245.0,1080.0,337.0,0.0,798.0,692.0,Fixation,117.0,112.0,1377.0,321.0,"0,8349","0,2974",,
30709,59990471,1400499261758,Eye Tracker,Participant0058,17.09.2021,Participant0058,Recording4,17.09.2021,17.09.2021,14:48:45.713,12:48:45.713,64514,Timeline2,Tobii I-VT (Fixation),1.145.28180,1080,1920,"10,00",727853036.0,,,1384.0,302.0,1384.0,302.0,,,"0,27126","-0,03679","-0,96180",,,,,,Valid,Invalid,"235,1","102,2","511,4",,,,"379,3","82,6",,,"0,8405","0,2795","0,8405","0,2795",,,thumbnail_grossTrial,thumbnail_grossTrial.png,1245.0,1080.0,337.0,0.0,798.0,692.0,Fixation,117.0,112.0,1377.0,321.0,"0,8349","0,2974",,
30710,59998835,1400499270122,Eye Tracker,Participant0058,17.09.2021,Participant0058,Recording4,17.09.2021,17.09.2021,14:48:45.713,12:48:45.713,64514,Timeline2,Tobii I-VT (Fixation),1.145.28180,1080,1920,"10,00",727861400.0,,,1374.0,324.0,1383.0,306.0,1366.0,342.0,"0,27070","-0,03459","-0,96204","0,15845","-0,01852","-0,98719","3,81","3,71",Valid,Valid,"235,2","102,2","511,1","292,9","103,0","507,4","379,0","83,8","374,3","93,5","0,8327","0,2999","0,8396","0,2835","0,8258","0,3163",thumbnail_grossTrial,thumbnail_grossTrial.png,1245.0,1080.0,337.0,0.0,798.0,692.0,Fixation,117.0,112.0,1377.0,321.0,"0,8349","0,2974",,
30711,60007143,1400499278430,Eye Tracker,Participant0058,17.09.2021,Participant0058,Recording4,17.09.2021,17.09.2021,14:48:45.713,12:48:45.713,64514,Timeline2,Tobii I-VT (Fixation),1.145.28180,1080,1920,"10,00",727869708.0,,,1372.0,319.0,1378.0,314.0,1366.0,325.0,"0,26842","-0,03113","-0,96280","0,15851","-0,02775","-0,98697",,,Valid,Valid,"235,2","102,4","510,7","292,9","103,1","507,3","377,6","85,9","374,4","88,8","0,8307","0,2955","0,8355","0,2905","0,8260","0,3005",thumbnail_grossTrial,thumbnail_grossTrial.png,1245.0,1080.0,337.0,0.0,798.0,692.0,Fixation,117.0,112.0,1377.0,321.0,"0,8349","0,2974",,
30712,60015557,1400499286844,Eye Tracker,Participant0058,17.09.2021,Participant0058,Recording4,17.09.2021,17.09.2021,14:48:45.713,12:48:45.713,64514,Timeline2,Tobii I-VT (Fixation),1.145.28180,1080,1920,"10,00",727878121.0,,,1371.0,314.0,1371.0,314.0,,,"0,26539","-0,03153","-0,96362",,,,,,Valid,Invalid,"235,2","102,6","510,4",,,,"375,8","85,9",,,"0,8300","0,2906","0,8300","0,2906",,,thumbnail_grossTrial,thumbnail_grossTrial.png,1245.0,1080.0,337.0,0.0,798.0,692.0,Fixation,117.0,112.0,1377.0,321.0,"0,8349","0,2974",,
30713,60023806,1400499295093,Eye Tracker,Participant0058,17.09.2021,Participant0058,Recording4,17.09.2021,17.09.2021,14:48:45.713,12:48:45.713,64514,Timeline2,Tobii I-VT (Fixation),1.145.28180,1080,1920,"10,00",727886369.0,,,1362.0,327.0,1373.0,313.0,1352.0,341.0,"0,26627","-0,03218","-0,96336","0,15114","-0,01901","-0,98833","3,83","3,65",Valid,Valid,"235,3","102,6","510,1","292,9","103,1","507,4","376,3","85,6","370,5","93,3","0,8230","0,3026","0,8315","0,2895","0,8146","0,3158",thumbnail_grossTrial,thumbnail_grossTrial.png,1245.0,1080.0,337.0,0.0,798.0,692.0,Saccade,17.0,244.0,,,,,,
30714,60032135,1400499303422,Eye Tracker,Participant0058,17.09.2021,Participant0058,Recording4,17.09.2021,17.09.2021,14:48:45.713,12:48:45.713,64514,Timeline2,Tobii I-VT (Fixation),1.145.28180,1080,1920,"10,00",727894698.0,,,1361.0,361.0,1367.0,368.0,1355.0,355.0,"0,26368","-0,00407","-0,96460","0,15283","-0,01145","-0,98819",,,Valid,Valid,"235,3","102,8","509,8","292,9","103,1","507,3","374,6","100,6","371,3","97,2","0,8219","0,3346","0,8267","0,3404","0,8171","0,3289",thumbnail_grossTrial,thumbnail_grossTrial.png,1245.0,1080.0,337.0,0.0,798.0,692.0,Saccade,17.0,244.0,,,,,,
30715,60040468,1400499311755,Eye Tracker,Participant0058,17.09.2021,Participant0058,Recording4,17.09.2021,17.09.2021,14:48:45.713,12:48:45.713,64514,Timeline2,Tobii I-VT (Fixation),1.145.28180,1080,1920,"10,00",727903031.0,,,1367.0,368.0,1367.0,368.0,,,"0,26392","-0,00436","-0,96453",,,,,,Valid,Invalid,"235,2","102,9","509,6",,,,"374,6","100,6",,,"0,8267","0,3404","0,8267","0,3404",,,thumbnail_grossTrial,thumbnail_grossTrial.png,1245.0,1080.0,337.0,0.0,798.0,692.0,Unclassified,8.0,550.0,,,,,,
30716,60048831,1400499320118,Eye Tracker,Participant0058,17.09.2021,Participant0058,Recording4,17.09.2021,17.09.2021,14:48:45.713,12:48:45.713,64514,Timeline2,Tobii I-VT (Fixation),1.145.28180,1080,1920,"10,00",727911393.0,,,1359.0,360.0,1361.0,371.0,1357.0,349.0,"0,26083","-0,00255","-0,96538","0,15380","-0,01453","-0,98799","3,77","3,59",Valid,Valid,"235,2","102,9","509,4","292,9","103,0","507,3","372,9","101,5","371,8","95,6","0,8201","0,3334","0,8216","0,3435","0,8185","0,3234",thumbnail_grossTrial,thumbnail_grossTrial.png,1245.0,1080.0,337.0,0.0,798.0,692.0,Saccade,17.0,245.0,,,,,,
30717,60057166,1400499328453,Eye Tracker,Participant0058,17.09.2021,Participant0058,Recording4,17.09.2021,17.09.2021,14:48:45.713,12:48:45.713,64514,Timeline2,Tobii I-VT (Fixation),1.145.28180,1080,1920,"10,00",727919728.0,,,1364.0,336.0,1374.0,320.0,1353.0,351.0,"0,26753","-0,02888","-0,96312","0,15196","-0,01373","-0,98829",,,Valid,Valid,"235,2","103,0","509,2","292,8","103,0","507,4","376,7","87,7","370,9","96,0","0,8242","0,3107","0,8326","0,2967","0,8157","0,3247",thumbnail_grossTrial,thumbnail_grossTrial.png,1245.0,1080.0,337.0,0.0,798.0,692.0,Saccade,17.0,245.0,,,,,,
30718,60065467,1400499336754,Eye Tracker,Participant0058,17.09.2021,Participant0058,Recording4,17.09.2021,17.09.2021,14:48:45.713,12:48:45.713,64514,Timeline2,Tobii I-VT (Fixation),1.145.28180,1080,1920,"10,00",727928028.0,,,1374.0,317.0,1374.0,317.0,,,"0,26745","-0,03063","-0,96308",,,,,,Valid,Invalid,"235,1","103,1","509,1",,,,"376,5","86,9",,,"0,8323","0,2939","0,8323","0,2939",,,thumbnail_grossTrial,thumbnail_grossTrial.png,1245.0,1080.0,337.0,0.0,798.0,692.0,Fixation,75.0,113.0,1374.0,331.0,"0,8327","0,3065",,
30719,60073801,1400499345088,Eye Tracker,Participant0058,17.09.2021,Participant0058,Recording4,17.09.2021,17.09.2021,14:48:45.713,12:48:45.713,64514,Timeline2,Tobii I-VT (Fixation),1.145.28180,1080,1920,"10,00",727936362.0,,,1369.0,329.0,1376.0,316.0,1361.0,342.0,"0,26847","-0,03112","-0,96279","0,15598","-0,01815","-0,98759","3,77","3,69",Valid,Valid,"235,2","103,0","509,0","292,9","102,8","507,8","377,2","86,5","373,1","93,5","0,8281","0,3045","0,8341","0,2927","0,8222","0,3163",thumbnail_grossTrial,thumbnail_grossTrial.png,1245.0,1080.0,337.0,0.0,798.0,692.0,Fixation,75.0,113.0,1374.0,331.0,"0,8327","0,3065",,
30720,60082133,1400499353420,Eye Tracker,Participant0058,17.09.2021,Participant0058,Recording4,17.09.2021,17.09.2021,14:48:45.713,12:48:45.713,64514,Timeline2,Tobii I-VT (Fixation),1.145.28180,1080,1920,"10,00",727944693.0,,,1371.0,324.0,1378.0,325.0,1365.0,323.0,"0,26927","-0,02673","-0,96269","0,15779","-0,02802","-0,98707",,,Valid,Valid,"235,2","103,0","508,9","292,9","102,7","508,0","377,6","88,9","374,1","88,3","0,8303","0,2998","0,8353","0,3008","0,8252","0,2987",thumbnail_grossTrial,thumbnail_grossTrial.png,1245.0,1080.0,337.0,0.0,798.0,692.0,Fixation,75.0,113.0,1374.0,331.0,"0,8327","0,3065",,
30721,60090497,1400499361784,Eye Tracker,Participant0058,17.09.2021,Participant0058,Recording4,17.09.2021,17.09.2021,14:48:45.713,12:48:45.713,64514,Timeline2,Tobii I-VT (Fixation),1.145.28180,1080,1920,"10,00",727953057.0,,,1384.0,322.0,1384.0,322.0,,,"0,27223","-0,02815","-0,96182",,,,,,Valid,Invalid,"235,2","103,1","508,9",,,,"379,2","88,2",,,"0,8401","0,2985","0,8401","0,2985",,,thumbnail_grossTrial,thumbnail_grossTrial.png,1245.0,1080.0,337.0,0.0,798.0,692.0,Fixation,75.0,113.0,1374.0,331.0,"0,8327","0,3065",,
30722,60098801,1400499370088,Eye Tracker,Participant0058,17.09.2021,Participant0058,Recording4,17.09.2021,17.09.2021,14:48:45.713,12:48:45.713,64514,Timeline2,Tobii I-VT (Fixation),1.145.28180,1080,1920,"10,00",727961360.0,,,1374.0,324.0,1382.0,331.0,1366.0,316.0,"0,27128","-0,02337","-0,96222","0,15796","-0,03067","-0,98697","3,81","3,72",Valid,Valid,"235,3","103,0","508,9","293,0","102,4","508,7","378,7","90,7","374,4","86,6","0,8325","0,2999","0,8388","0,3067","0,8262","0,2930",thumbnail_grossTrial,thumbnail_grossTrial.png,1245.0,1080.0,337.0,0.0,798.0,692.0,Fixation,75.0,113.0,1374.0,331.0,"0,8327","0,3065",,
30723,60107132,1400499378419,Eye Tracker,Participant0058,17.09.2021,Participant0058,Recording4,17.09.2021,17.09.2021,14:48:45.713,12:48:45.713,64514,Timeline2,Tobii I-VT (Fixation),1.145.28180,1080,1920,"10,00",727969690.0,,,1377.0,331.0,1381.0,334.0,1373.0,329.0,"0,27071","-0,02201","-0,96241","0,16113","-0,02378","-0,98665",,,Valid,Valid,"235,3","103,1","508,8","293,1","102,3","509,1","378,4","91,4","376,2","90,0","0,8346","0,3069","0,8377","0,3094","0,8314","0,3044",thumbnail_grossTrial,thumbnail_grossTrial.png,1245.0,1080.0,337.0,0.0,798.0,692.0,Fixation,75.0,113.0,1374.0,331.0,"0,8327","0,3065",,
30724,60115492,1400499386779,Eye Tracker,Participant0058,17.09.2021,Participant0058,Recording4,17.09.2021,17.09.2021,14:48:45.713,12:48:45.713,64514,Timeline2,Tobii I-VT (Fixation),1.145.28180,1080,1920,"10,00",727978050.0,,,1378.0,342.0,1378.0,342.0,,,"0,26974","-0,01795","-0,96277",,,,,,Valid,Invalid,"235,2","103,2","508,8",,,,"377,7","93,7",,,"0,8359","0,3170","0,8359","0,3170",,,thumbnail_grossTrial,thumbnail_grossTrial.png,1245.0,1080.0,337.0,0.0,798.0,692.0,Fixation,75.0,113.0,1374.0,331.0,"0,8327","0,3065",,
30725,60123808,1400499395095,Eye Tracker,Participant0058,17.09.2021,Participant0058,Recording4,17.09.2021,17.09.2021,14:48:45.713,12:48:45.713,64514,Timeline2,Tobii I-VT (Fixation),1.145.28180,1080,1920,"10,00",727986366.0,,,1377.0,338.0,1380.0,336.0,1374.0,339.0,"0,27031","-0,02079","-0,96255","0,16167","-0,01805","-0,98668","3,74","3,66",Valid,Valid,"235,3","103,0","509,0","293,2","102,0","509,7","378,2","92,0","376,7","92,7","0,8349","0,3125","0,8371","0,3114","0,8327","0,3137",thumbnail_grossTrial,thumbnail_grossTrial.png,1245.0,1080.0,337.0,0.0,798.0,692.0,Fixation,75.0,113.0,1374.0,331.0,"0,8327","0,3065",,
30726,60132157,1400499403444,Eye Tracker,Participant0058,17.09.2021,Participant0058,Recording4,17.09.2021,17.09.2021,14:48:45.713,12:48:45.713,64514,Timeline2,Tobii I-VT (Fixation),1.145.28180,1080,1920,"10,00",727994715.0,,,1377.0,344.0,1381.0,342.0,1372.0,345.0,"0,27095","-0,01761","-0,96243","0,16052","-0,01456","-0,98693",,,Valid,Valid,"235,2","103,0","509,0","293,2","102,0","509,8","378,5","93,7","376,1","94,4","0,8345","0,3183","0,8380","0,3171","0,8311","0,3195",thumbnail_grossTrial,thumbnail_grossTrial.png,1245.0,1080.0,337.0,0.0,798.0,692.0,Fixation,75.0,113.0,1374.0,331.0,"0,8327","0,3065",,
30727,60140492,1400499411779,Eye Tracker,Participant0058,17.09.2021,Participant0058,Recording4,17.09.2021,17.09.2021,14:48:45.713,12:48:45.713,64514,Timeline2,Tobii I-VT (Fixation),1.145.28180,1080,1920,"10,00",728003048.0,,,1369.0,351.0,1366.0,357.0,1372.0,345.0,"0,26403","-0,01027","-0,96446","0,16067","-0,01450","-0,98690",,,Valid,Valid,"235,1","103,1","509,0","293,1","101,9","510,1","374,4","97,6","376,1","94,4","0,8286","0,3249","0,8261","0,3303","0,8311","0,3195",thumbnail_grossTrial,thumbnail_grossTrial.png,1245.0,1080.0,337.0,0.0,798.0,692.0,Saccade,17.0,246.0,,,,,,
30728,60148833,1400499420120,Eye Tracker,Participant0058,17.09.2021,Participant0058,Recording4,17.09.2021,17.09.2021,14:48:45.713,12:48:45.713,64514,Timeline2,Tobii I-VT (Fixation),1.145.28180,1080,1920,"10,00",728011389.0,,,1379.0,362.0,1361.0,376.0,1396.0,348.0,"0,26172","-0,00016","-0,96514","0,17241","-0,01257","-0,98495","3,60","3,40",Valid,Valid,"235,1","102,9","508,9","293,2","101,7","510,2","373,1","102,9","382,5","95,2","0,8360","0,3350","0,8223","0,3480","0,8498","0,3220",thumbnail_grossTrial,thumbnail_grossTrial.png,1245.0,1080.0,337.0,0.0,798.0,692.0,Saccade,17.0,246.0,,,,,,
30729,60157159,1400499428446,Eye Tracker,Participant0058,17.09.2021,Participant0058,Recording4,17.09.2021,17.09.2021,14:48:45.713,12:48:45.713,64514,Timeline2,Tobii I-VT (Fixation),1.145.28180,1080,1920,"10,00",728019715.0,,,,,,,,,,,,,,,,,Invalid,Invalid,,,,,,,,,,,,,,,,,thumbnail_grossTrial,thumbnail_grossTrial.png,1245.0,1080.0,337.0,0.0,798.0,692.0,EyesNotFound,125.0,486.0,,,,,,
30730,60165461,1400499436748,Eye Tracker,Participant0058,17.09.2021,Participant0058,Recording4,17.09.2021,17.09.2021,14:48:45.713,12:48:45.713,64514,Timeline2,Tobii I-VT (Fixation),1.145.28180,1080,1920,"10,00",728028017.0,,,,,,,,,,,,,,,,,Invalid,Invalid,,,,,,,,,,,,,,,,,thumbnail_grossTrial,thumbnail_grossTrial.png,1245.0,1080.0,337.0,0.0,798.0,692.0,EyesNotFound,125.0,486.0,,,,,,
30731,60173896,1400499445183,Eye Tracker,Participant0058,17.09.2021,Participant0058,Recording4,17.09.2021,17.09.2021,14:48:45.713,12:48:45.713,64514,Timeline2,Tobii I-VT (Fixation),1.145.28180,1080,1920,"10,00",728036450.0,,,,,,,,,,,,,,,,,Invalid,Invalid,,,,,,,,,,,,,,,,,thumbnail_grossTrial,thumbnail_grossTrial.png,1245.0,1080.0,337.0,0.0,798.0,692.0,EyesNotFound,125.0,486.0,,,,,,
30732,60182128,1400499453415,Eye Tracker,Participant0058,17.09.2021,Participant0058,Recording4,17.09.2021,17.09.2021,14:48:45.713,12:48:45.713,64514,Timeline2,Tobii I-VT (Fixation),1.145.28180,1080,1920,"10,00",728044682.0,,,,,,,,,,,,,,,,,Invalid,Invalid,,,,,,,,,,,,,,,,,thumbnail_grossTrial,thumbnail_grossTrial.png,1245.0,1080.0,337.0,0.0,798.0,692.0,EyesNotFound,125.0,486.0,,,,,,
30733,60190460,1400499461747,Eye Tracker,Participant0058,17.09.2021,Participant0058,Recording4,17.09.2021,17.09.2021,14:48:45.713,12:48:45.713,64514,Timeline2,Tobii I-VT (Fixation),1.145.28180,1080,1920,"10,00",728053014.0,,,,,,,,,,,,,,,,,Invalid,Invalid,,,,,,,,,,,,,,,,,thumbnail_grossTrial,thumbnail_grossTrial.png,1245.0,1080.0,337.0,0.0,798.0,692.0,EyesNotFound,125.0,486.0,,,,,,
30734,60198826,1400499470113,Eye Tracker,Participant0058,17.09.2021,Participant0058,Recording4,17.09.2021,17.09.2021,14:48:45.713,12:48:45.713,64514,Timeline2,Tobii I-VT (Fixation),1.145.28180,1080,1920,"10,00",728061380.0,,,,,,,,,,,,,,,,,Invalid,Invalid,,,,,,,,,,,,,,,,,thumbnail_grossTrial,thumbnail_grossTrial.png,1245.0,1080.0,337.0,0.0,798.0,692.0,EyesNotFound,125.0,486.0,,,,,,
30735,60207168,1400499478455,Eye Tracker,Participant0058,17.09.2021,Participant0058,Recording4,17.09.2021,17.09.2021,14:48:45.713,12:48:45.713,64514,Timeline2,Tobii I-VT (Fixation),1.145.28180,1080,1920,"10,00",728069721.0,,,,,,,,,,,,,,,,,Invalid,Invalid,,,,,,,,,,,,,,,,,thumbnail_grossTrial,thumbnail_grossTrial.png,1245.0,1080.0,337.0,0.0,798.0,692.0,EyesNotFound,125.0,486.0,,,,,,
30736,60215509,1400499486796,Eye Tracker,Participant0058,17.09.2021,Participant0058,Recording4,17.09.2021,17.09.2021,14:48:45.713,12:48:45.713,64514,Timeline2,Tobii I-VT (Fixation),1.145.28180,1080,1920,"10,00",728078061.0,,,,,,,,,,,,,,,,,Invalid,Invalid,,,,,,,,,,,,,,,,,thumbnail_grossTrial,thumbnail_grossTrial.png,1245.0,1080.0,337.0,0.0,798.0,692.0,EyesNotFound,125.0,486.0,,,,,,
30737,60223807,1400499495094,Eye Tracker,Participant0058,17.09.2021,Participant0058,Recording4,17.09.2021,17.09.2021,14:48:45.713,12:48:45.713,64514,Timeline2,Tobii I-VT (Fixation),1.145.28180,1080,1920,"10,00",728086359.0,,,,,,,,,,,,,,,,,Invalid,Invalid,,,,,,,,,,,,,,,,,thumbnail_grossTrial,thumbnail_grossTrial.png,1245.0,1080.0,337.0,0.0,798.0,692.0,EyesNotFound,125.0,486.0,,,,,,
30738,60232132,1400499503419,Eye Tracker,Participant0058,17.09.2021,Participant0058,Recording4,17.09.2021,17.09.2021,14:48:45.713,12:48:45.713,64514,Timeline2,Tobii I-VT (Fixation),1.145.28180,1080,1920,"10,00",728094684.0,,,,,,,,,,,,,,,,,Invalid,Invalid,,,,,,,,,,,,,,,,,thumbnail_grossTrial,thumbnail_grossTrial.png,1245.0,1080.0,337.0,0.0,798.0,692.0,EyesNotFound,125.0,486.0,,,,,,
30739,60240500,1400499511787,Eye Tracker,Participant0058,17.09.2021,Participant0058,Recording4,17.09.2021,17.09.2021,14:48:45.713,12:48:45.713,64514,Timeline2,Tobii I-VT (Fixation),1.145.28180,1080,1920,"10,00",728103051.0,,,,,,,,,,,,,,,,,Invalid,Invalid,,,,,,,,,,,,,,,,,thumbnail_grossTrial,thumbnail_grossTrial.png,1245.0,1080.0,337.0,0.0,798.0,692.0,EyesNotFound,125.0,486.0,,,,,,
30740,60248802,1400499520089,Eye Tracker,Participant0058,17.09.2021,Participant0058,Recording4,17.09.2021,17.09.2021,14:48:45.713,12:48:45.713,64514,Timeline2,Tobii I-VT (Fixation),1.145.28180,1080,1920,"10,00",728111352.0,,,,,,,,,,,,,,,,,Invalid,Invalid,,,,,,,,,,,,,,,,,thumbnail_grossTrial,thumbnail_grossTrial.png,1245.0,1080.0,337.0,0.0,798.0,692.0,EyesNotFound,125.0,486.0,,,,,,
30741,60257132,1400499528419,Eye Tracker,Participant0058,17.09.2021,Participant0058,Recording4,17.09.2021,17.09.2021,14:48:45.713,12:48:45.713,64514,Timeline2,Tobii I-VT (Fixation),1.145.28180,1080,1920,"10,00",728119682.0,,,,,,,,,,,,,,,,,Invalid,Invalid,,,,,,,,,,,,,,,,,thumbnail_grossTrial,thumbnail_grossTrial.png,1245.0,1080.0,337.0,0.0,798.0,692.0,EyesNotFound,125.0,486.0,,,,,,
30742,60265459,1400499536746,Eye Tracker,Participant0058,17.09.2021,Participant0058,Recording4,17.09.2021,17.09.2021,14:48:45.713,12:48:45.713,64514,Timeline2,Tobii I-VT (Fixation),1.145.28180,1080,1920,"10,00",728128009.0,,,,,,,,,,,,,,,,,Invalid,Invalid,,,,,,,,,,,,,,,,,thumbnail_grossTrial,thumbnail_grossTrial.png,1245.0,1080.0,337.0,0.0,798.0,692.0,EyesNotFound,125.0,486.0,,,,,,
30743,60273794,1400499545081,Eye Tracker,Participant0058,17.09.2021,Participant0058,Recording4,17.09.2021,17.09.2021,14:48:45.713,12:48:45.713,64514,Timeline2,Tobii I-VT (Fixation),1.145.28180,1080,1920,"10,00",728136343.0,,,,,,,,,,,,,,,,,Invalid,Invalid,,,,,,,,,,,,,,,,,thumbnail_grossTrial,thumbnail_grossTrial.png,1245.0,1080.0,337.0,0.0,798.0,692.0,EyesNotFound,125.0,486.0,,,,,,
30744,60282124,1400499553411,Eye Tracker,Participant0058,17.09.2021,Participant0058,Recording4,17.09.2021,17.09.2021,14:48:45.713,12:48:45.713,64514,Timeline2,Tobii I-VT (Fixation),1.145.28180,1080,1920,"10,00",728144673.0,,,1139.0,597.0,1139.0,597.0,,,"0,14894","0,11710","-0,98189",,,,,,Valid,Invalid,"235,0","102,8","508,9",,,,"312,2","163,5",,,"0,6438","0,5531","0,6438","0,5531",,,thumbnail_grossTrial,thumbnail_grossTrial.png,1245.0,1080.0,337.0,0.0,798.0,692.0,Saccade,58.0,247.0,,,,,,
30745,60290457,1400499561744,Eye Tracker,Participant0058,17.09.2021,Participant0058,Recording4,17.09.2021,17.09.2021,14:48:45.713,12:48:45.713,64514,Timeline2,Tobii I-VT (Fixation),1.145.28180,1080,1920,"10,00",728153005.0,,,1451.0,401.0,,,1451.0,401.0,,,,"0,20013","0,01697","-0,97962",,,Invalid,Valid,,,,"293,1","100,8","512,2",,,"397,8","109,7","0,8945","0,3712",,,"0,8945","0,3712",thumbnail_grossTrial,thumbnail_grossTrial.png,1245.0,1080.0,337.0,0.0,798.0,692.0,Saccade,58.0,247.0,,,,,,
30746,60298791,1400499570078,Eye Tracker,Participant0058,17.09.2021,Participant0058,Recording4,17.09.2021,17.09.2021,14:48:45.713,12:48:45.713,64514,Timeline2,Tobii I-VT (Fixation),1.145.28180,1080,1920,"10,00",728161338.0,,,1354.0,402.0,1354.0,402.0,,,"0,25798","0,01387","-0,96605",,,,"3,62",,Valid,Invalid,"235,0","102,8","509,1",,,,"371,0","110,1",,,"0,8161","0,3724","0,8161","0,3724",,,thumbnail_grossTrial,thumbnail_grossTrial.png,1245.0,1080.0,337.0,0.0,798.0,692.0,Saccade,58.0,247.0,,,,,,
30747,60307150,1400499578437,Eye Tracker,Participant0058,17.09.2021,Participant0058,Recording4,17.09.2021,17.09.2021,14:48:45.713,12:48:45.713,64514,Timeline2,Tobii I-VT (Fixation),1.145.28180,1080,1920,"10,00",728169697.0,,,1392.0,371.0,,,1392.0,371.0,,,,"0,16987","0,00133","-0,98546",,,Invalid,Valid,,,,"293,3","100,8","512,2",,,"381,6","101,5","0,8472","0,3434",,,"0,8472","0,3434",thumbnail_grossTrial,thumbnail_grossTrial.png,1245.0,1080.0,337.0,0.0,798.0,692.0,Saccade,58.0,247.0,,,,,,
30748,60315481,1400499586768,Eye Tracker,Participant0058,17.09.2021,Participant0058,Recording4,17.09.2021,17.09.2021,14:48:45.713,12:48:45.713,64514,Timeline2,Tobii I-VT (Fixation),1.145.28180,1080,1920,"10,00",728178028.0,,,1352.0,360.0,1349.0,383.0,1355.0,337.0,"0,25583","0,00346","-0,96672","0,15070","-0,01686","-0,98844",,,Valid,Valid,"235,0","102,9","509,1","293,2","100,9","512,3","369,8","104,7","371,3","92,1","0,8147","0,3330","0,8124","0,3542","0,8170","0,3117",thumbnail_grossTrial,thumbnail_grossTrial.png,1245.0,1080.0,337.0,0.0,798.0,692.0,Saccade,58.0,247.0,,,,,,
30749,60323821,1400499595108,Eye Tracker,Participant0058,17.09.2021,Participant0058,Recording4,17.09.2021,17.09.2021,14:48:45.713,12:48:45.713,64514,Timeline2,Tobii I-VT (Fixation),1.145.28180,1080,1920,"10,00",728186367.0,,,1347.0,374.0,1347.0,374.0,,,"0,25468","-0,00079","-0,96703",,,,"3,67",,Valid,Invalid,"235,1","102,8","509,1",,,,"369,2","102,4",,,"0,8108","0,3463","0,8108","0,3463",,,thumbnail_grossTrial,thumbnail_grossTrial.png,1245.0,1080.0,337.0,0.0,798.0,692.0,Saccade,58.0,247.0,,,,,,
30750,60332182,1400499603469,Eye Tracker,Participant0058,17.09.2021,Participant0058,Recording4,17.09.2021,17.09.2021,14:48:45.713,12:48:45.713,64514,Timeline2,Tobii I-VT (Fixation),1.145.28180,1080,1920,"10,00",728194727.0,,,1371.0,337.0,1371.0,337.0,,,"0,26599","-0,01987","-0,96377",,,,,,Valid,Invalid,"235,1","102,8","509,1",,,,"375,6","92,3",,,"0,8296","0,3124","0,8296","0,3124",,,thumbnail_grossTrial,thumbnail_grossTrial.png,1245.0,1080.0,337.0,0.0,798.0,692.0,Saccade,58.0,247.0,,,,,,
30751,60340487,1400499611774,Eye Tracker,Participant0058,17.09.2021,Participant0058,Recording4,17.09.2021,17.09.2021,14:48:45.713,12:48:45.713,64514,Timeline2,Tobii I-VT (Fixation),1.145.28180,1080,1920,"10,00",728203032.0,,,1376.0,332.0,1364.0,346.0,1388.0,319.0,"0,26278","-0,01536","-0,96473","0,16727","-0,02601","-0,98557",,,Valid,Valid,"235,1","102,7","509,5","293,3","100,8","512,7","373,8","94,6","380,3","87,2","0,8338","0,3076","0,8244","0,3202","0,8433","0,2951",thumbnail_grossTrial,thumbnail_grossTrial.png,1245.0,1080.0,337.0,0.0,798.0,692.0,Unclassified,58.0,551.0,,,,,,
30752,60348812,1400499620099,Eye Tracker,Participant0058,17.09.2021,Participant0058,Recording4,17.09.2021,17.09.2021,14:48:45.713,12:48:45.713,64514,Timeline2,Tobii I-VT (Fixation),1.145.28180,1080,1920,"10,00",728211357.0,,,1360.0,346.0,1360.0,346.0,,,"0,26047","-0,01455","-0,96537",,,,"3,70",,Valid,Invalid,"235,1","102,5","509,9",,,,"372,7","94,8",,,"0,8210","0,3208","0,8210","0,3208",,,thumbnail_grossTrial,thumbnail_grossTrial.png,1245.0,1080.0,337.0,0.0,798.0,692.0,Unclassified,58.0,551.0,,,,,,
30753,60357118,1400499628405,Eye Tracker,Participant0058,17.09.2021,Participant0058,Recording4,17.09.2021,17.09.2021,14:48:45.713,12:48:45.713,64514,Timeline2,Tobii I-VT (Fixation),1.145.28180,1080,1920,"10,00",728219663.0,,,1360.0,340.0,1361.0,354.0,1359.0,326.0,"0,26105","-0,01064","-0,96527","0,15206","-0,02209","-0,98812",,,Valid,Valid,"235,1","102,6","509,8","293,4","100,6","512,9","373,0","96,9","372,4","89,2","0,8210","0,3148","0,8218","0,3280","0,8201","0,3017",thumbnail_grossTrial,thumbnail_grossTrial.png,1245.0,1080.0,337.0,0.0,798.0,692.0,Unclassified,58.0,551.0,,,,,,
30754,60365452,1400499636739,Eye Tracker,Participant0058,17.09.2021,Participant0058,Recording4,17.09.2021,17.09.2021,14:48:45.713,12:48:45.713,64514,Timeline2,Tobii I-VT (Fixation),1.145.28180,1080,1920,"10,00",728227995.0,,,1381.0,336.0,1370.0,357.0,1392.0,315.0,"0,26542","-0,00952","-0,96409","0,16926","-0,02811","-0,98517",,,Valid,Valid,"235,0","102,7","509,8","293,3","100,7","512,9","375,4","97,6","381,4","86,1","0,8377","0,3108","0,8289","0,3303","0,8465","0,2913",thumbnail_grossTrial,thumbnail_grossTrial.png,1245.0,1080.0,337.0,0.0,798.0,692.0,Unclassified,58.0,551.0,,,,,,
30755,60373794,1400499645081,Eye Tracker,Participant0058,17.09.2021,Participant0058,Recording4,17.09.2021,17.09.2021,14:48:45.713,12:48:45.713,64514,Timeline2,Tobii I-VT (Fixation),1.145.28180,1080,1920,"10,00",728236337.0,,,1373.0,351.0,1373.0,351.0,,,"0,26696","-0,01201","-0,96363",,,,"3,69",,Valid,Invalid,"235,1","102,6","509,9",,,,"376,3","96,2",,,"0,8317","0,3255","0,8317","0,3255",,,thumbnail_grossTrial,thumbnail_grossTrial.png,1245.0,1080.0,337.0,0.0,798.0,692.0,Unclassified,58.0,551.0,,,,,,
30756,60382199,1400499653486,Eye Tracker,Participant0058,17.09.2021,Participant0058,Recording4,17.09.2021,17.09.2021,14:48:45.713,12:48:45.713,64514,Timeline2,Tobii I-VT (Fixation),1.145.28180,1080,1920,"10,00",728244742.0,,,1377.0,323.0,1371.0,351.0,1384.0,295.0,"0,26596","-0,01225","-0,96391","0,16528","-0,03872","-0,98549",,,Valid,Valid,"235,0","102,6","509,9","293,3","100,8","512,6","375,7","96,1","379,3","80,7","0,8352","0,2990","0,8300","0,3252","0,8405","0,2729",thumbnail_grossTrial,thumbnail_grossTrial.png,1245.0,1080.0,337.0,0.0,798.0,692.0,Unclassified,58.0,551.0,,,,,,
30757,60390449,1400499661736,Eye Tracker,Participant0058,17.09.2021,Participant0058,Recording4,17.09.2021,17.09.2021,14:48:45.713,12:48:45.713,64514,Timeline2,Tobii I-VT (Fixation),1.145.28180,1080,1920,"10,00",728252992.0,,,1376.0,326.0,1366.0,351.0,1385.0,301.0,"0,26390","-0,01242","-0,96447","0,16598","-0,03556","-0,98549",,,Valid,Valid,"235,0","102,6","510,0","293,2","100,9","512,5","374,5","96,0","379,5","82,4","0,8337","0,3019","0,8264","0,3250","0,8409","0,2789",thumbnail_grossTrial,thumbnail_grossTrial.png,1245.0,1080.0,337.0,0.0,798.0,692.0,Unclassified,58.0,551.0,,,,,,
30758,60398813,1400499670100,Eye Tracker,Participant0058,17.09.2021,Participant0058,Recording4,17.09.2021,17.09.2021,14:48:45.713,12:48:45.713,64514,Timeline2,Tobii I-VT (Fixation),1.145.28180,1080,1920,"10,00",728261354.0,,,1369.0,334.0,1367.0,350.0,1370.0,319.0,"0,26411","-0,01260","-0,96441","0,15853","-0,02636","-0,98700","3,67","3,54",Valid,Valid,"235,0","102,5","510,0","293,3","100,9","512,3","374,7","95,8","375,6","87,2","0,8282","0,3097","0,8270","0,3243","0,8295","0,2952",thumbnail_grossTrial,thumbnail_grossTrial.png,1245.0,1080.0,337.0,0.0,798.0,692.0,Saccade,17.0,248.0,,,,,,
30759,60407163,1400499678450,Eye Tracker,Participant0058,17.09.2021,Participant0058,Recording4,17.09.2021,17.09.2021,14:48:45.713,12:48:45.713,64514,Timeline2,Tobii I-VT (Fixation),1.145.28180,1080,1920,"10,00",728269704.0,,,1354.0,351.0,1368.0,346.0,1341.0,356.0,"0,26442","-0,01488","-0,96429","0,14340","-0,00698","-0,98964",,,Valid,Valid,"235,0","102,5","510,0","293,3","101,0","512,0","374,9","94,6","367,5","97,4","0,8166","0,3249","0,8275","0,3202","0,8057","0,3296",thumbnail_grossTrial,thumbnail_grossTrial.png,1245.0,1080.0,337.0,0.0,798.0,692.0,Saccade,17.0,248.0,,,,,,
30760,60415458,1400499686745,Eye Tracker,Participant0058,17.09.2021,Participant0058,Recording4,17.09.2021,17.09.2021,14:48:45.713,12:48:45.713,64514,Timeline2,Tobii I-VT (Fixation),1.145.28180,1080,1920,"10,00",728277999.0,,,1381.0,336.0,1381.0,336.0,,,"0,27051","-0,01988","-0,96251",,,,,,Valid,Invalid,"235,0","102,5","510,1",,,,"378,4","92,0",,,"0,8377","0,3112","0,8377","0,3112",,,thumbnail_grossTrial,thumbnail_grossTrial.png,1245.0,1080.0,337.0,0.0,798.0,692.0,Unclassified,25.0,552.0,,,,,,
30761,60423796,1400499695083,Eye Tracker,Participant0058,17.09.2021,Participant0058,Recording4,17.09.2021,17.09.2021,14:48:45.713,12:48:45.713,64514,Timeline2,Tobii I-VT (Fixation),1.145.28180,1080,1920,"10,00",728286337.0,,,1358.0,352.0,1381.0,345.0,1336.0,360.0,"0,27071","-0,01532","-0,96254","0,14083","-0,00496","-0,99002","3,74","3,52",Valid,Valid,"235,1","102,4","510,2","293,3","101,2","511,6","378,6","94,3","366,1","98,6","0,8200","0,3263","0,8383","0,3190","0,8016","0,3336",thumbnail_grossTrial,thumbnail_grossTrial.png,1245.0,1080.0,337.0,0.0,798.0,692.0,Unclassified,25.0,552.0,,,,,,
30762,60432157,1400499703444,Eye Tracker,Participant0058,17.09.2021,Participant0058,Recording4,17.09.2021,17.09.2021,14:48:45.713,12:48:45.713,64514,Timeline2,Tobii I-VT (Fixation),1.145.28180,1080,1920,"10,00",728294697.0,,,1356.0,350.0,1349.0,388.0,1364.0,313.0,"0,25501","0,00723","-0,96691","0,15540","-0,03020","-0,98739",,,Valid,Valid,"235,1","102,4","510,2","293,3","101,3","511,3","369,6","106,2","373,8","85,6","0,8181","0,3245","0,8121","0,3593","0,8242","0,2897",thumbnail_grossTrial,thumbnail_grossTrial.png,1245.0,1080.0,337.0,0.0,798.0,692.0,Unclassified,25.0,552.0,,,,,,
30763,60440483,1400499711770,Eye Tracker,Participant0058,17.09.2021,Participant0058,Recording4,17.09.2021,17.09.2021,14:48:45.713,12:48:45.713,64514,Timeline2,Tobii I-VT (Fixation),1.145.28180,1080,1920,"10,00",728303022.0,,,1349.0,388.0,1349.0,388.0,,,"0,25502","0,00720","-0,96691",,,,,,Valid,Invalid,"235,0","102,4","510,4",,,,"369,6","106,2",,,"0,8121","0,3593","0,8121","0,3593",,,thumbnail_grossTrial,thumbnail_grossTrial.png,1245.0,1080.0,337.0,0.0,798.0,692.0,Saccade,25.0,249.0,,,,,,
30764,60448814,1400499720101,Eye Tracker,Participant0058,17.09.2021,Participant0058,Recording4,17.09.2021,17.09.2021,14:48:45.713,12:48:45.713,64514,Timeline2,Tobii I-VT (Fixation),1.145.28180,1080,1920,"10,00",728311353.0,,,1371.0,336.0,1402.0,327.0,1339.0,346.0,"0,28047","-0,02421","-0,95956","0,14296","-0,01307","-0,98964","3,83","3,54",Valid,Valid,"235,1","102,3","510,5","293,2","101,4","511,0","384,3","89,4","367,1","94,6","0,8298","0,3114","0,8550","0,3025","0,8045","0,3202",thumbnail_grossTrial,thumbnail_grossTrial.png,1245.0,1080.0,337.0,0.0,798.0,692.0,Saccade,25.0,249.0,,,,,,
30765,60457207,1400499728494,Eye Tracker,Participant0058,17.09.2021,Participant0058,Recording4,17.09.2021,17.09.2021,14:48:45.713,12:48:45.713,64514,Timeline2,Tobii I-VT (Fixation),1.145.28180,1080,1920,"10,00",728319745.0,,,1371.0,333.0,1401.0,313.0,1340.0,352.0,"0,27971","-0,03097","-0,95959","0,14361","-0,00992","-0,98958",,,Valid,Valid,"235,1","102,3","510,5","293,2","101,5","510,7","383,9","85,8","367,4","96,4","0,8296","0,3082","0,8539","0,2903","0,8054","0,3261",thumbnail_grossTrial,thumbnail_grossTrial.png,1245.0,1080.0,337.0,0.0,798.0,692.0,Saccade,25.0,249.0,,,,,,
30766,60465446,1400499736733,Eye Tracker,Participant0058,17.09.2021,Participant0058,Recording4,17.09.2021,17.09.2021,14:48:45.713,12:48:45.713,64514,Timeline2,Tobii I-VT (Fixation),1.145.28180,1080,1920,"10,00",728327984.0,,,,,,,,,,,,,,,,,Invalid,Invalid,,,,,,,,,,,,,,,,,thumbnail_grossTrial,thumbnail_grossTrial.png,1245.0,1080.0,337.0,0.0,798.0,692.0,EyesNotFound,8.0,487.0,,,,,,
30767,60473780,1400499745067,Eye Tracker,Participant0058,17.09.2021,Participant0058,Recording4,17.09.2021,17.09.2021,14:48:45.713,12:48:45.713,64514,Timeline2,Tobii I-VT (Fixation),1.145.28180,1080,1920,"10,00",728336317.0,,,1364.0,345.0,1384.0,335.0,1345.0,356.0,"0,27152","-0,01971","-0,96223","0,14633","-0,00825","-0,98920","3,64","3,53",Valid,Valid,"235,1","102,1","510,6","293,1","101,6","510,4","379,2","91,7","368,6","97,3","0,8246","0,3198","0,8401","0,3102","0,8092","0,3294",thumbnail_grossTrial,thumbnail_grossTrial.png,1245.0,1080.0,337.0,0.0,798.0,692.0,Unclassified,17.0,553.0,,,,,,
30768,60482197,1400499753484,Eye Tracker,Participant0058,17.09.2021,Participant0058,Recording4,17.09.2021,17.09.2021,14:48:45.713,12:48:45.713,64514,Timeline2,Tobii I-VT (Fixation),1.145.28180,1080,1920,"10,00",728344734.0,,,1342.0,369.0,1341.0,377.0,1344.0,361.0,"0,25098","0,00178","-0,96799","0,14588","-0,00556","-0,98929",,,Valid,Valid,"235,1","102,2","510,6","293,2","101,7","510,1","367,5","103,1","368,4","98,8","0,8071","0,3417","0,8058","0,3489","0,8084","0,3344",thumbnail_grossTrial,thumbnail_grossTrial.png,1245.0,1080.0,337.0,0.0,798.0,692.0,Unclassified,17.0,553.0,,,,,,
30769,60490475,1400499761762,Eye Tracker,Participant0058,17.09.2021,Participant0058,Recording4,17.09.2021,17.09.2021,14:48:45.713,12:48:45.713,64514,Timeline2,Tobii I-VT (Fixation),1.145.28180,1080,1920,"10,00",728353011.0,,,,,,,,,,,,,,,,,Invalid,Invalid,,,,,,,,,,,,,,,,,thumbnail_grossTrial,thumbnail_grossTrial.png,1245.0,1080.0,337.0,0.0,798.0,692.0,EyesNotFound,8.0,488.0,,,,,,
30770,60498782,1400499770069,Eye Tracker,Participant0058,17.09.2021,Participant0058,Recording4,17.09.2021,17.09.2021,14:48:45.713,12:48:45.713,64514,Timeline2,Tobii I-VT (Fixation),1.145.28180,1080,1920,"10,00",728361318.0,,,1347.0,363.0,1359.0,362.0,1336.0,363.0,"0,25955","-0,00553","-0,96571","0,14199","-0,00506","-0,98985","3,85","3,53",Valid,Valid,"235,1","102,1","510,8","293,1","101,9","509,8","372,4","99,2","366,2","99,3","0,8111","0,3357","0,8201","0,3356","0,8021","0,3358",thumbnail_grossTrial,thumbnail_grossTrial.png,1245.0,1080.0,337.0,0.0,798.0,692.0,Saccade,25.0,250.0,,,,,,
30771,60507109,1400499778396,Eye Tracker,Participant0058,17.09.2021,Participant0058,Recording4,17.09.2021,17.09.2021,14:48:45.713,12:48:45.713,64514,Timeline2,Tobii I-VT (Fixation),1.145.28180,1080,1920,"10,00",728369645.0,,,1349.0,352.0,1361.0,352.0,1337.0,352.0,"0,26053","-0,01100","-0,96540","0,14236","-0,01072","-0,98976",,,Valid,Valid,"235,1","102,2","510,8","293,1","102,0","509,6","372,9","96,4","366,4","96,5","0,8121","0,3262","0,8217","0,3260","0,8025","0,3264",thumbnail_grossTrial,thumbnail_grossTrial.png,1245.0,1080.0,337.0,0.0,798.0,692.0,Saccade,25.0,250.0,,,,,,
30772,60515473,1400499786760,Eye Tracker,Participant0058,17.09.2021,Participant0058,Recording4,17.09.2021,17.09.2021,14:48:45.713,12:48:45.713,64514,Timeline2,Tobii I-VT (Fixation),1.145.28180,1080,1920,"10,00",728378008.0,,,1368.0,333.0,,,1368.0,333.0,,,,"0,15869","-0,02118","-0,98710",,,Invalid,Valid,,,,"292,9","102,1","509,4",,,"374,8","91,2","0,8273","0,3086",,,"0,8273","0,3086",thumbnail_grossTrial,thumbnail_grossTrial.png,1245.0,1080.0,337.0,0.0,798.0,692.0,Saccade,25.0,250.0,,,,,,
30773,60523807,1400499795094,Eye Tracker,Participant0058,17.09.2021,Participant0058,Recording4,17.09.2021,17.09.2021,14:48:45.713,12:48:45.713,64514,Timeline2,Tobii I-VT (Fixation),1.145.28180,1080,1920,"10,00",728386341.0,,,1374.0,326.0,1368.0,336.0,1381.0,316.0,"0,26384","-0,01910","-0,96438","0,16572","-0,03110","-0,98568","3,82","3,50",Valid,Valid,"235,1","102,2","510,9","293,0","102,4","508,5","374,8","92,1","378,5","86,4","0,8327","0,3019","0,8273","0,3115","0,8380","0,2923",thumbnail_grossTrial,thumbnail_grossTrial.png,1245.0,1080.0,337.0,0.0,798.0,692.0,Fixation,183.0,114.0,1369.0,349.0,"0,8288","0,3232",,
30774,60532154,1400499803441,Eye Tracker,Participant0058,17.09.2021,Participant0058,Recording4,17.09.2021,17.09.2021,14:48:45.713,12:48:45.713,64514,Timeline2,Tobii I-VT (Fixation),1.145.28180,1080,1920,"10,00",728394688.0,,,1376.0,341.0,1373.0,353.0,1380.0,329.0,"0,26623","-0,01072","-0,96385","0,16552","-0,02462","-0,98590",,,Valid,Valid,"235,1","102,2","510,8","292,9","102,8","507,7","376,2","96,5","378,2","90,1","0,8342","0,3157","0,8313","0,3265","0,8371","0,3049",thumbnail_grossTrial,thumbnail_grossTrial.png,1245.0,1080.0,337.0,0.0,798.0,692.0,Fixation,183.0,114.0,1369.0,349.0,"0,8288","0,3232",,
30775,60540471,1400499811758,Eye Tracker,Participant0058,17.09.2021,Participant0058,Recording4,17.09.2021,17.09.2021,14:48:45.713,12:48:45.713,64514,Timeline2,Tobii I-VT (Fixation),1.145.28180,1080,1920,"10,00",728403005.0,,,1386.0,330.0,1392.0,330.0,1379.0,330.0,"0,27574","-0,02251","-0,96097","0,16583","-0,02529","-0,98583",,,Valid,Valid,"235,0","102,2","510,9","292,7","103,2","506,8","381,6","90,3","378,0","90,2","0,8419","0,3053","0,8472","0,3054","0,8366","0,3052",thumbnail_grossTrial,thumbnail_grossTrial.png,1245.0,1080.0,337.0,0.0,798.0,692.0,Fixation,183.0,114.0,1369.0,349.0,"0,8288","0,3232",,
30776,60548808,1400499820095,Eye Tracker,Participant0058,17.09.2021,Participant0058,Recording4,17.09.2021,17.09.2021,14:48:45.713,12:48:45.713,64514,Timeline2,Tobii I-VT (Fixation),1.145.28180,1080,1920,"10,00",728411341.0,,,1380.0,340.0,1391.0,337.0,1369.0,344.0,"0,27477","-0,01873","-0,96133","0,16070","-0,01830","-0,98683","3,83","3,49",Valid,Valid,"235,1","102,1","511,0","292,8","103,5","506,1","381,2","92,2","375,2","94,1","0,8371","0,3151","0,8458","0,3118","0,8283","0,3183",thumbnail_grossTrial,thumbnail_grossTrial.png,1245.0,1080.0,337.0,0.0,798.0,692.0,Fixation,183.0,114.0,1369.0,349.0,"0,8288","0,3232",,
30777,60557138,1400499828425,Eye Tracker,Participant0058,17.09.2021,Participant0058,Recording4,17.09.2021,17.09.2021,14:48:45.713,12:48:45.713,64514,Timeline2,Tobii I-VT (Fixation),1.145.28180,1080,1920,"10,00",728419670.0,,,1377.0,336.0,1384.0,327.0,1370.0,345.0,"0,27150","-0,02397","-0,96214","0,16181","-0,01842","-0,98665",,,Valid,Valid,"235,1","102,2","510,9","292,7","103,8","505,2","379,3","89,4","375,6","94,4","0,8349","0,3110","0,8404","0,3026","0,8294","0,3194",thumbnail_grossTrial,thumbnail_grossTrial.png,1245.0,1080.0,337.0,0.0,798.0,692.0,Fixation,183.0,114.0,1369.0,349.0,"0,8288","0,3232",,
30778,60565469,1400499836756,Eye Tracker,Participant0058,17.09.2021,Participant0058,Recording4,17.09.2021,17.09.2021,14:48:45.713,12:48:45.713,64514,Timeline2,Tobii I-VT (Fixation),1.145.28180,1080,1920,"10,00",728428001.0,,,1378.0,339.0,1385.0,328.0,1372.0,350.0,"0,27215","-0,02344","-0,96197","0,16315","-0,01646","-0,98646",,,Valid,Valid,"235,0","102,2","511,0","292,5","104,2","504,5","379,6","89,8","376,0","95,7","0,8360","0,3138","0,8413","0,3037","0,8307","0,3239",thumbnail_grossTrial,thumbnail_grossTrial.png,1245.0,1080.0,337.0,0.0,798.0,692.0,Fixation,183.0,114.0,1369.0,349.0,"0,8288","0,3232",,
30779,60573810,1400499845097,Eye Tracker,Participant0058,17.09.2021,Participant0058,Recording4,17.09.2021,17.09.2021,14:48:45.713,12:48:45.713,64514,Timeline2,Tobii I-VT (Fixation),1.145.28180,1080,1920,"10,00",728436342.0,,,1372.0,347.0,1379.0,336.0,1365.0,357.0,"0,26896","-0,01920","-0,96296","0,15986","-0,01299","-0,98705","3,64","3,48",Valid,Valid,"235,1","102,1","511,1","292,6","104,4","503,8","377,8","91,9","374,2","97,8","0,8307","0,3208","0,8361","0,3109","0,8253","0,3308",thumbnail_grossTrial,thumbnail_grossTrial.png,1245.0,1080.0,337.0,0.0,798.0,692.0,Fixation,183.0,114.0,1369.0,349.0,"0,8288","0,3232",,
30780,60582196,1400499853483,Eye Tracker,Participant0058,17.09.2021,Participant0058,Recording4,17.09.2021,17.09.2021,14:48:45.713,12:48:45.713,64514,Timeline2,Tobii I-VT (Fixation),1.145.28180,1080,1920,"10,00",728444727.0,,,1380.0,334.0,1380.0,334.0,,,"0,26979","-0,02025","-0,96271",,,,,,Valid,Invalid,"235,1","102,1","511,1",,,,"378,3","91,4",,,"0,8375","0,3092","0,8375","0,3092",,,thumbnail_grossTrial,thumbnail_grossTrial.png,1245.0,1080.0,337.0,0.0,798.0,692.0,Fixation,183.0,114.0,1369.0,349.0,"0,8288","0,3232",,
30781,60590518,1400499861805,Eye Tracker,Participant0058,17.09.2021,Participant0058,Recording4,17.09.2021,17.09.2021,14:48:45.713,12:48:45.713,64514,Timeline2,Tobii I-VT (Fixation),1.145.28180,1080,1920,"10,00",728453048.0,,,1358.0,363.0,,,1358.0,363.0,,,,"0,15707","-0,01117","-0,98752",,,Invalid,Valid,,,,"292,4","104,9","502,7",,,"372,3","99,2","0,8199","0,3357",,,"0,8199","0,3357",thumbnail_grossTrial,thumbnail_grossTrial.png,1245.0,1080.0,337.0,0.0,798.0,692.0,Fixation,183.0,114.0,1369.0,349.0,"0,8288","0,3232",,
30782,60598773,1400499870060,Eye Tracker,Participant0058,17.09.2021,Participant0058,Recording4,17.09.2021,17.09.2021,14:48:45.713,12:48:45.713,64514,Timeline2,Tobii I-VT (Fixation),1.145.28180,1080,1920,"10,00",728461303.0,,,1372.0,344.0,1385.0,326.0,1359.0,362.0,"0,27191","-0,02420","-0,96202","0,15728","-0,01170","-0,98748","3,82","3,46",Valid,Valid,"235,1","102,0","511,2","292,4","105,0","502,3","379,6","89,2","372,4","99,0","0,8307","0,3184","0,8412","0,3017","0,8202","0,3351",thumbnail_grossTrial,thumbnail_grossTrial.png,1245.0,1080.0,337.0,0.0,798.0,692.0,Fixation,183.0,114.0,1369.0,349.0,"0,8288","0,3232",,
30783,60607241,1400499878528,Eye Tracker,Participant0058,17.09.2021,Participant0058,Recording4,17.09.2021,17.09.2021,14:48:45.713,12:48:45.713,64514,Timeline2,Tobii I-VT (Fixation),1.145.28180,1080,1920,"10,00",728469771.0,,,1384.0,327.0,1384.0,327.0,,,"0,27130","-0,02354","-0,96221",,,,,,Valid,Invalid,"235,1","102,1","511,2",,,,"379,2","89,6",,,"0,8401","0,3031","0,8401","0,3031",,,thumbnail_grossTrial,thumbnail_grossTrial.png,1245.0,1080.0,337.0,0.0,798.0,692.0,Fixation,183.0,114.0,1369.0,349.0,"0,8288","0,3232",,
30784,60615524,1400499886811,Eye Tracker,Participant0058,17.09.2021,Participant0058,Recording4,17.09.2021,17.09.2021,14:48:45.713,12:48:45.713,64514,Timeline2,Tobii I-VT (Fixation),1.145.28180,1080,1920,"10,00",728478053.0,,,1356.0,375.0,,,1356.0,375.0,,,,"0,15633","-0,00545","-0,98769",,,Invalid,Valid,,,,"292,3","105,3","501,6",,,"371,7","102,6","0,8180","0,3470",,,"0,8180","0,3470",thumbnail_grossTrial,thumbnail_grossTrial.png,1245.0,1080.0,337.0,0.0,798.0,692.0,Fixation,183.0,114.0,1369.0,349.0,"0,8288","0,3232",,
30785,60623812,1400499895099,Eye Tracker,Participant0058,17.09.2021,Participant0058,Recording4,17.09.2021,17.09.2021,14:48:45.713,12:48:45.713,64514,Timeline2,Tobii I-VT (Fixation),1.145.28180,1080,1920,"10,00",728486340.0,,,1356.0,354.0,1356.0,330.0,1356.0,378.0,"0,25804","-0,02204","-0,96588","0,15610","-0,00396","-0,98773","3,84","3,45",Valid,Valid,"235,1","102,0","511,3","292,3","105,3","501,4","371,7","90,4","371,6","103,3","0,8179","0,3277","0,8180","0,3057","0,8178","0,3496",thumbnail_grossTrial,thumbnail_grossTrial.png,1245.0,1080.0,337.0,0.0,798.0,692.0,Fixation,183.0,114.0,1369.0,349.0,"0,8288","0,3232",,
30786,60632139,1400499903426,Eye Tracker,Participant0058,17.09.2021,Participant0058,Recording4,17.09.2021,17.09.2021,14:48:45.713,12:48:45.713,64514,Timeline2,Tobii I-VT (Fixation),1.145.28180,1080,1920,"10,00",728494667.0,,,1356.0,361.0,1365.0,346.0,1347.0,376.0,"0,26219","-0,01367","-0,96492","0,15144","-0,00524","-0,98845",,,Valid,Valid,"235,1","102,0","511,3","292,3","105,5","501,1","374,0","94,7","369,1","102,8","0,8177","0,3342","0,8249","0,3205","0,8104","0,3478",thumbnail_grossTrial,thumbnail_grossTrial.png,1245.0,1080.0,337.0,0.0,798.0,692.0,Fixation,183.0,114.0,1369.0,349.0,"0,8288","0,3232",,
30787,60640435,1400499911722,Eye Tracker,Participant0058,17.09.2021,Participant0058,Recording4,17.09.2021,17.09.2021,14:48:45.713,12:48:45.713,64514,Timeline2,Tobii I-VT (Fixation),1.145.28180,1080,1920,"10,00",728502963.0,,,1371.0,351.0,1396.0,327.0,1345.0,374.0,"0,27713","-0,02348","-0,96054","0,15101","-0,00615","-0,98851",,,Valid,Valid,"235,0","102,0","511,3","292,2","105,6","500,9","382,5","89,5","368,7","102,5","0,8297","0,3248","0,8499","0,3029","0,8095","0,3467",thumbnail_grossTrial,thumbnail_grossTrial.png,1245.0,1080.0,337.0,0.0,798.0,692.0,Fixation,183.0,114.0,1369.0,349.0,"0,8288","0,3232",,
30788,60648843,1400499920130,Eye Tracker,Participant0058,17.09.2021,Participant0058,Recording4,17.09.2021,17.09.2021,14:48:45.713,12:48:45.713,64514,Timeline2,Tobii I-VT (Fixation),1.145.28180,1080,1920,"10,00",728511370.0,,,1372.0,353.0,1397.0,332.0,1346.0,374.0,"0,27745","-0,02067","-0,96052","0,15142","-0,00642","-0,98845","3,82","3,47",Valid,Valid,"235,1","101,9","511,5","292,3","105,6","500,7","382,8","90,9","369,0","102,3","0,8305","0,3269","0,8507","0,3075","0,8102","0,3462",thumbnail_grossTrial,thumbnail_grossTrial.png,1245.0,1080.0,337.0,0.0,798.0,692.0,Fixation,183.0,114.0,1369.0,349.0,"0,8288","0,3232",,
30789,60657102,1400499928389,Eye Tracker,Participant0058,17.09.2021,Participant0058,Recording4,17.09.2021,17.09.2021,14:48:45.713,12:48:45.713,64514,Timeline2,Tobii I-VT (Fixation),1.145.28180,1080,1920,"10,00",728519629.0,,,1371.0,358.0,1394.0,340.0,1349.0,376.0,"0,27599","-0,01638","-0,96102","0,15273","-0,00535","-0,98825",,,Valid,Valid,"235,1","101,9","511,5","292,3","105,7","500,4","382,0","93,2","369,6","103,0","0,8301","0,3318","0,8482","0,3153","0,8120","0,3484",thumbnail_grossTrial,thumbnail_grossTrial.png,1245.0,1080.0,337.0,0.0,798.0,692.0,Fixation,183.0,114.0,1369.0,349.0,"0,8288","0,3232",,
30790,60665543,1400499936830,Eye Tracker,Participant0058,17.09.2021,Participant0058,Recording4,17.09.2021,17.09.2021,14:48:45.713,12:48:45.713,64514,Timeline2,Tobii I-VT (Fixation),1.145.28180,1080,1920,"10,00",728528069.0,,,1371.0,360.0,1395.0,341.0,1348.0,379.0,"0,27660","-0,01609","-0,96085","0,15257","-0,00421","-0,98828",,,Valid,Valid,"235,0","101,9","511,6","292,2","105,8","500,3","382,3","93,4","369,4","103,7","0,8303","0,3333","0,8491","0,3159","0,8114","0,3508",thumbnail_grossTrial,thumbnail_grossTrial.png,1245.0,1080.0,337.0,0.0,798.0,692.0,Fixation,183.0,114.0,1369.0,349.0,"0,8288","0,3232",,
30791,60673769,1400499945056,Eye Tracker,Participant0058,17.09.2021,Participant0058,Recording4,17.09.2021,17.09.2021,14:48:45.713,12:48:45.713,64514,Timeline2,Tobii I-VT (Fixation),1.145.28180,1080,1920,"10,00",728536295.0,,,1346.0,379.0,,,1346.0,379.0,,,,"0,15158","-0,00386","-0,98844",,"3,46",Invalid,Valid,,,,"292,2","105,8","500,2",,,"368,9","103,8","0,8101","0,3513",,,"0,8101","0,3513",thumbnail_grossTrial,thumbnail_grossTrial.png,1245.0,1080.0,337.0,0.0,798.0,692.0,Fixation,183.0,114.0,1369.0,349.0,"0,8288","0,3232",,
30792,60682112,1400499953399,Eye Tracker,Participant0058,17.09.2021,Participant0058,Recording4,17.09.2021,17.09.2021,14:48:45.713,12:48:45.713,64514,Timeline2,Tobii I-VT (Fixation),1.145.28180,1080,1920,"10,00",728544637.0,,,1373.0,351.0,1395.0,327.0,1350.0,374.0,"0,27665","-0,02314","-0,96069","0,15390","-0,00672","-0,98806",,,Valid,Valid,"235,1","101,8","511,6","292,2","105,9","500,0","382,4","89,5","370,1","102,5","0,8314","0,3248","0,8495","0,3029","0,8134","0,3468",thumbnail_grossTrial,thumbnail_grossTrial.png,1245.0,1080.0,337.0,0.0,798.0,692.0,Fixation,183.0,114.0,1369.0,349.0,"0,8288","0,3232",,
30793,60690447,1400499961734,Eye Tracker,Participant0058,17.09.2021,Participant0058,Recording4,17.09.2021,17.09.2021,14:48:45.713,12:48:45.713,64514,Timeline2,Tobii I-VT (Fixation),1.145.28180,1080,1920,"10,00",728552972.0,,,1353.0,373.0,,,1353.0,373.0,,,,"0,15531","-0,00774","-0,98784",,,Invalid,Valid,,,,"292,1","106,0","499,9",,,"370,7","102,1","0,8153","0,3454",,,"0,8153","0,3454",thumbnail_grossTrial,thumbnail_grossTrial.png,1245.0,1080.0,337.0,0.0,798.0,692.0,Fixation,183.0,114.0,1369.0,349.0,"0,8288","0,3232",,
30794,60698876,1400499970163,Eye Tracker,Participant0058,17.09.2021,Participant0058,Recording4,17.09.2021,17.09.2021,14:48:45.713,12:48:45.713,64514,Timeline2,Tobii I-VT (Fixation),1.145.28180,1080,1920,"10,00",728561400.0,,,1360.0,359.0,1358.0,350.0,1363.0,368.0,"0,25875","-0,01165","-0,96587","0,16059","-0,01034","-0,98697","3,70","3,63",Valid,Valid,"235,0","101,9","511,7","292,2","106,0","499,8","372,1","95,7","373,5","100,7","0,8214","0,3323","0,8194","0,3238","0,8234","0,3408",thumbnail_grossTrial,thumbnail_grossTrial.png,1245.0,1080.0,337.0,0.0,798.0,692.0,Fixation,183.0,114.0,1369.0,349.0,"0,8288","0,3232",,
30795,60707120,1400499978407,Eye Tracker,Participant0058,17.09.2021,Participant0058,Recording4,17.09.2021,17.09.2021,14:48:45.713,12:48:45.713,64514,Timeline2,Tobii I-VT (Fixation),1.145.28180,1080,1920,"10,00",728569644.0,,,1391.0,328.0,1391.0,328.0,,,"0,27462","-0,02284","-0,96128",,,,,,Valid,Invalid,"235,1","101,9","511,6",,,,"381,2","89,7",,,"0,8461","0,3035","0,8461","0,3035",,,thumbnail_grossTrial,thumbnail_grossTrial.png,1245.0,1080.0,337.0,0.0,798.0,692.0,Saccade,17.0,251.0,,,,,,
30796,60715533,1400499986820,Eye Tracker,Participant0058,17.09.2021,Participant0058,Recording4,17.09.2021,17.09.2021,14:48:45.713,12:48:45.713,64514,Timeline2,Tobii I-VT (Fixation),1.145.28180,1080,1920,"10,00",728578056.0,,,1359.0,368.0,,,1359.0,368.0,,,,"0,15886","-0,01074","-0,98724",,,Invalid,Valid,,,,"292,1","106,2","499,6",,,"372,5","100,7","0,8204","0,3408",,,"0,8204","0,3408",thumbnail_grossTrial,thumbnail_grossTrial.png,1245.0,1080.0,337.0,0.0,798.0,692.0,Saccade,17.0,251.0,,,,,,
30797,60723799,1400499995086,Eye Tracker,Participant0058,17.09.2021,Participant0058,Recording4,17.09.2021,17.09.2021,14:48:45.713,12:48:45.713,64514,Timeline2,Tobii I-VT (Fixation),1.145.28180,1080,1920,"10,00",728586322.0,,,1346.0,368.0,1343.0,362.0,1349.0,375.0,"0,25128","-0,00526","-0,96790","0,15347","-0,00708","-0,98813","3,70","3,45",Valid,Valid,"235,1","101,8","511,7","292,2","106,1","499,5","367,9","99,0","369,7","102,6","0,8098","0,3411","0,8071","0,3351","0,8124","0,3470",thumbnail_grossTrial,thumbnail_grossTrial.png,1245.0,1080.0,337.0,0.0,798.0,692.0,Unclassified,8.0,554.0,,,,,,
30798,60732111,1400500003398,Eye Tracker,Participant0058,17.09.2021,Participant0058,Recording4,17.09.2021,17.09.2021,14:48:45.713,12:48:45.713,64514,Timeline2,Tobii I-VT (Fixation),1.145.28180,1080,1920,"10,00",728594633.0,,,1344.0,368.0,1343.0,362.0,1345.0,374.0,"0,25151","-0,00518","-0,96784","0,15158","-0,00775","-0,98842",,,Valid,Valid,"235,1","101,9","511,6","292,1","106,2","499,4","368,0","99,2","368,7","102,3","0,8084","0,3408","0,8074","0,3355","0,8094","0,3461",thumbnail_grossTrial,thumbnail_grossTrial.png,1245.0,1080.0,337.0,0.0,798.0,692.0,Saccade,17.0,252.0,,,,,,
30799,60740433,1400500011720,Eye Tracker,Participant0058,17.09.2021,Participant0058,Recording4,17.09.2021,17.09.2021,14:48:45.713,12:48:45.713,64514,Timeline2,Tobii I-VT (Fixation),1.145.28180,1080,1920,"10,00",728602955.0,,,1360.0,357.0,1371.0,336.0,1349.0,377.0,"0,26531","-0,01862","-0,96398","0,15342","-0,00625","-0,98814",,,Valid,Valid,"235,0","102,0","511,6","292,1","106,3","499,3","375,8","92,1","369,6","103,1","0,8211","0,3303","0,8302","0,3116","0,8120","0,3490",thumbnail_grossTrial,thumbnail_grossTrial.png,1245.0,1080.0,337.0,0.0,798.0,692.0,Saccade,17.0,252.0,,,,,,
30800,60748773,1400500020060,Eye Tracker,Participant0058,17.09.2021,Participant0058,Recording4,17.09.2021,17.09.2021,14:48:45.713,12:48:45.713,64514,Timeline2,Tobii I-VT (Fixation),1.145.28180,1080,1920,"10,00",728611294.0,,,1365.0,352.0,1381.0,328.0,1349.0,377.0,"0,26970","-0,02308","-0,96267","0,15365","-0,00633","-0,98810","3,89","3,44",Valid,Valid,"235,1","101,9","511,6","292,1","106,2","499,3","378,4","89,7","369,8","103,0","0,8252","0,3260","0,8378","0,3034","0,8125","0,3486",thumbnail_grossTrial,thumbnail_grossTrial.png,1245.0,1080.0,337.0,0.0,798.0,692.0,Fixation,275.0,115.0,1358.0,363.0,"0,8196","0,3362",,
30801,60757135,1400500028422,Eye Tracker,Participant0058,17.09.2021,Participant0058,Recording4,17.09.2021,17.09.2021,14:48:45.713,12:48:45.713,64514,Timeline2,Tobii I-VT (Fixation),1.145.28180,1080,1920,"10,00",728619656.0,,,1365.0,353.0,1365.0,353.0,,,"0,26234","-0,01024","-0,96492",,,,,,Valid,Invalid,"235,1","102,0","511,4",,,,"374,1","96,6",,,"0,8253","0,3267","0,8253","0,3267",,,thumbnail_grossTrial,thumbnail_grossTrial.png,1245.0,1080.0,337.0,0.0,798.0,692.0,Fixation,275.0,115.0,1358.0,363.0,"0,8196","0,3362",,
30802,60765432,1400500036719,Eye Tracker,Participant0058,17.09.2021,Participant0058,Recording4,17.09.2021,17.09.2021,14:48:45.713,12:48:45.713,64514,Timeline2,Tobii I-VT (Fixation),1.145.28180,1080,1920,"10,00",728627952.0,,,1354.0,363.0,1365.0,353.0,1342.0,373.0,"0,26256","-0,01043","-0,96486","0,14997","-0,00869","-0,98865",,,Valid,Valid,"235,0","102,1","511,3","292,1","106,4","499,2","374,2","96,6","367,8","102,0","0,8160","0,3358","0,8253","0,3267","0,8066","0,3450",thumbnail_grossTrial,thumbnail_grossTrial.png,1245.0,1080.0,337.0,0.0,798.0,692.0,Fixation,275.0,115.0,1358.0,363.0,"0,8196","0,3362",,
30803,60773797,1400500045084,Eye Tracker,Participant0058,17.09.2021,Participant0058,Recording4,17.09.2021,17.09.2021,14:48:45.713,12:48:45.713,64514,Timeline2,Tobii I-VT (Fixation),1.145.28180,1080,1920,"10,00",728636317.0,,,1352.0,362.0,1359.0,353.0,1344.0,371.0,"0,25944","-0,01054","-0,96570","0,15112","-0,00944","-0,98847","3,66","3,43",Valid,Valid,"235,1","102,1","511,2","292,1","106,3","499,1","372,4","96,5","368,4","101,5","0,8144","0,3350","0,8203","0,3265","0,8086","0,3435",thumbnail_grossTrial,thumbnail_grossTrial.png,1245.0,1080.0,337.0,0.0,798.0,692.0,Fixation,275.0,115.0,1358.0,363.0,"0,8196","0,3362",,
30804,60782108,1400500053395,Eye Tracker,Participant0058,17.09.2021,Participant0058,Recording4,17.09.2021,17.09.2021,14:48:45.713,12:48:45.713,64514,Timeline2,Tobii I-VT (Fixation),1.145.28180,1080,1920,"10,00",728644627.0,,,1384.0,335.0,1384.0,335.0,,,"0,27169","-0,01989","-0,96218",,,,,,Valid,Invalid,"235,1","102,1","511,0",,,,"379,4","91,6",,,"0,8406","0,3098","0,8406","0,3098",,,thumbnail_grossTrial,thumbnail_grossTrial.png,1245.0,1080.0,337.0,0.0,798.0,692.0,Fixation,275.0,115.0,1358.0,363.0,"0,8196","0,3362",,
30805,60790455,1400500061742,Eye Tracker,Participant0058,17.09.2021,Participant0058,Recording4,17.09.2021,17.09.2021,14:48:45.713,12:48:45.713,64514,Timeline2,Tobii I-VT (Fixation),1.145.28180,1080,1920,"10,00",728652974.0,,,1362.0,356.0,1377.0,331.0,1347.0,380.0,"0,26835","-0,02176","-0,96307","0,15275","-0,00484","-0,98825",,,Valid,Valid,"235,0","102,2","510,9","292,0","106,4","499,0","377,4","90,7","369,1","103,9","0,8227","0,3293","0,8348","0,3069","0,8106","0,3517",thumbnail_grossTrial,thumbnail_grossTrial.png,1245.0,1080.0,337.0,0.0,798.0,692.0,Fixation,275.0,115.0,1358.0,363.0,"0,8196","0,3362",,
30806,60798824,1400500070111,Eye Tracker,Participant0058,17.09.2021,Participant0058,Recording4,17.09.2021,17.09.2021,14:48:45.713,12:48:45.713,64514,Timeline2,Tobii I-VT (Fixation),1.145.28180,1080,1920,"10,00",728661343.0,,,1351.0,364.0,1348.0,349.0,1354.0,378.0,"0,25426","-0,01271","-0,96705","0,15614","-0,00560","-0,98772","3,68","3,43",Valid,Valid,"235,1","102,2","510,8","292,1","106,3","499,0","369,4","95,5","371,0","103,5","0,8137","0,3367","0,8113","0,3232","0,8161","0,3502",thumbnail_grossTrial,thumbnail_grossTrial.png,1245.0,1080.0,337.0,0.0,798.0,692.0,Fixation,275.0,115.0,1358.0,363.0,"0,8196","0,3362",,
30807,60807129,1400500078416,Eye Tracker,Participant0058,17.09.2021,Participant0058,Recording4,17.09.2021,17.09.2021,14:48:45.713,12:48:45.713,64514,Timeline2,Tobii I-VT (Fixation),1.145.28180,1080,1920,"10,00",728669647.0,,,1378.0,346.0,1378.0,346.0,,,"0,26873","-0,01457","-0,96311",,,,,,Valid,Invalid,"235,1","102,3","510,5",,,,"377,6","94,6",,,"0,8353","0,3200","0,8353","0,3200",,,thumbnail_grossTrial,thumbnail_grossTrial.png,1245.0,1080.0,337.0,0.0,798.0,692.0,Fixation,275.0,115.0,1358.0,363.0,"0,8196","0,3362",,
30808,60815458,1400500086745,Eye Tracker,Participant0058,17.09.2021,Participant0058,Recording4,17.09.2021,17.09.2021,14:48:45.713,12:48:45.713,64514,Timeline2,Tobii I-VT (Fixation),1.145.28180,1080,1920,"10,00",728677975.0,,,1363.0,367.0,1378.0,347.0,1348.0,388.0,"0,26887","-0,01402","-0,96307","0,15339","-0,00060","-0,98817",,,Valid,Valid,"235,0","102,4","510,4","292,0","106,4","498,9","377,6","95,0","369,5","106,1","0,8234","0,3402","0,8353","0,3214","0,8116","0,3590",thumbnail_grossTrial,thumbnail_grossTrial.png,1245.0,1080.0,337.0,0.0,798.0,692.0,Fixation,275.0,115.0,1358.0,363.0,"0,8196","0,3362",,
30809,60823803,1400500095090,Eye Tracker,Participant0058,17.09.2021,Participant0058,Recording4,17.09.2021,17.09.2021,14:48:45.713,12:48:45.713,64514,Timeline2,Tobii I-VT (Fixation),1.145.28180,1080,1920,"10,00",728686320.0,,,1365.0,369.0,1376.0,349.0,1354.0,389.0,"0,26816","-0,01291","-0,96329","0,15610","0,00035","-0,98774","3,68","3,43",Valid,Valid,"235,1","102,4","510,4","292,1","106,3","498,9","377,2","95,6","371,0","106,5","0,8251","0,3419","0,8342","0,3233","0,8160","0,3604",thumbnail_grossTrial,thumbnail_grossTrial.png,1245.0,1080.0,337.0,0.0,798.0,692.0,Fixation,275.0,115.0,1358.0,363.0,"0,8196","0,3362",,
30810,60832104,1400500103391,Eye Tracker,Participant0058,17.09.2021,Participant0058,Recording4,17.09.2021,17.09.2021,14:48:45.713,12:48:45.713,64514,Timeline2,Tobii I-VT (Fixation),1.145.28180,1080,1920,"10,00",728694621.0,,,1378.0,327.0,1378.0,327.0,,,"0,26922","-0,02459","-0,96276",,,,,,Valid,Invalid,"235,1","102,4","510,2",,,,"377,8","89,4",,,"0,8360","0,3025","0,8360","0,3025",,,thumbnail_grossTrial,thumbnail_grossTrial.png,1245.0,1080.0,337.0,0.0,798.0,692.0,Fixation,275.0,115.0,1358.0,363.0,"0,8196","0,3362",,
30811,60840458,1400500111745,Eye Tracker,Participant0058,17.09.2021,Participant0058,Recording4,17.09.2021,17.09.2021,14:48:45.713,12:48:45.713,64514,Timeline2,Tobii I-VT (Fixation),1.145.28180,1080,1920,"10,00",728702974.0,,,1367.0,354.0,1381.0,321.0,1353.0,388.0,"0,27050","-0,02776","-0,96232","0,15619","-0,00064","-0,98773",,,Valid,Valid,"235,1","102,5","510,1","292,0","106,4","498,9","378,5","87,8","370,9","106,1","0,8269","0,3281","0,8380","0,2971","0,8159","0,3590",thumbnail_grossTrial,thumbnail_grossTrial.png,1245.0,1080.0,337.0,0.0,798.0,692.0,Fixation,275.0,115.0,1358.0,363.0,"0,8196","0,3362",,
30812,60848763,1400500120050,Eye Tracker,Participant0058,17.09.2021,Participant0058,Recording4,17.09.2021,17.09.2021,14:48:45.713,12:48:45.713,64514,Timeline2,Tobii I-VT (Fixation),1.145.28180,1080,1920,"10,00",728711278.0,,,1366.0,357.0,1379.0,325.0,1352.0,388.0,"0,26972","-0,02566","-0,96260","0,15522","-0,00013","-0,98788","3,66","3,43",Valid,Valid,"235,1","102,5","510,1","292,1","106,4","498,9","378,1","88,9","370,5","106,3","0,8257","0,3302","0,8368","0,3008","0,8146","0,3597",thumbnail_grossTrial,thumbnail_grossTrial.png,1245.0,1080.0,337.0,0.0,798.0,692.0,Fixation,275.0,115.0,1358.0,363.0,"0,8196","0,3362",,
30813,60857095,1400500128382,Eye Tracker,Participant0058,17.09.2021,Participant0058,Recording4,17.09.2021,17.09.2021,14:48:45.713,12:48:45.713,64514,Timeline2,Tobii I-VT (Fixation),1.145.28180,1080,1920,"10,00",728719610.0,,,1346.0,364.0,1346.0,364.0,,,"0,25350","-0,00549","-0,96732",,,,,,Valid,Invalid,"235,1","102,5","510,0",,,,"368,8","99,6",,,"0,8096","0,3371","0,8096","0,3371",,,thumbnail_grossTrial,thumbnail_grossTrial.png,1245.0,1080.0,337.0,0.0,798.0,692.0,Fixation,275.0,115.0,1358.0,363.0,"0,8196","0,3362",,
30814,60865457,1400500136744,Eye Tracker,Participant0058,17.09.2021,Participant0058,Recording4,17.09.2021,17.09.2021,14:48:45.713,12:48:45.713,64514,Timeline2,Tobii I-VT (Fixation),1.145.28180,1080,1920,"10,00",728727972.0,,,1352.0,373.0,1346.0,364.0,1359.0,382.0,"0,25363","-0,00560","-0,96729","0,15935","-0,00360","-0,98722",,,Valid,Valid,"235,1","102,6","510,0","292,0","106,5","498,8","368,8","99,7","372,5","104,6","0,8151","0,3456","0,8096","0,3372","0,8206","0,3541",thumbnail_grossTrial,thumbnail_grossTrial.png,1245.0,1080.0,337.0,0.0,798.0,692.0,Fixation,275.0,115.0,1358.0,363.0,"0,8196","0,3362",,
30815,60873802,1400500145089,Eye Tracker,Participant0058,17.09.2021,Participant0058,Recording4,17.09.2021,17.09.2021,14:48:45.713,12:48:45.713,64514,Timeline2,Tobii I-VT (Fixation),1.145.28180,1080,1920,"10,00",728736316.0,,,1353.0,372.0,1347.0,363.0,1359.0,380.0,"0,25432","-0,00592","-0,96710","0,15882","-0,00487","-0,98730","3,68","3,42",Valid,Valid,"235,1","102,5","510,0","292,1","106,4","498,8","369,2","99,4","372,3","103,9","0,8155","0,3440","0,8109","0,3364","0,8200","0,3517",thumbnail_grossTrial,thumbnail_grossTrial.png,1245.0,1080.0,337.0,0.0,798.0,692.0,Fixation,275.0,115.0,1358.0,363.0,"0,8196","0,3362",,
30816,60882130,1400500153417,Eye Tracker,Participant0058,17.09.2021,Participant0058,Recording4,17.09.2021,17.09.2021,14:48:45.713,12:48:45.713,64514,Timeline2,Tobii I-VT (Fixation),1.145.28180,1080,1920,"10,00",728744643.0,,,1345.0,364.0,1345.0,364.0,,,"0,25329","-0,00585","-0,96737",,,,,,Valid,Invalid,"235,1","102,6","509,9",,,,"368,6","99,5",,,"0,8092","0,3366","0,8092","0,3366",,,thumbnail_grossTrial,thumbnail_grossTrial.png,1245.0,1080.0,337.0,0.0,798.0,692.0,Fixation,275.0,115.0,1358.0,363.0,"0,8196","0,3362",,
30817,60890427,1400500161714,Eye Tracker,Participant0058,17.09.2021,Participant0058,Recording4,17.09.2021,17.09.2021,14:48:45.713,12:48:45.713,64514,Timeline2,Tobii I-VT (Fixation),1.145.28180,1080,1920,"10,00",728752940.0,,,1349.0,378.0,1345.0,364.0,1353.0,393.0,"0,25339","-0,00599","-0,96735","0,15628","0,00193","-0,98771",,,Valid,Valid,"235,1","102,6","509,9","292,0","106,6","498,6","368,6","99,5","370,9","107,6","0,8124","0,3503","0,8092","0,3366","0,8157","0,3639",thumbnail_grossTrial,thumbnail_grossTrial.png,1245.0,1080.0,337.0,0.0,798.0,692.0,Fixation,275.0,115.0,1358.0,363.0,"0,8196","0,3362",,
30818,60898760,1400500170047,Eye Tracker,Participant0058,17.09.2021,Participant0058,Recording4,17.09.2021,17.09.2021,14:48:45.713,12:48:45.713,64514,Timeline2,Tobii I-VT (Fixation),1.145.28180,1080,1920,"10,00",728761273.0,,,1348.0,380.0,1346.0,362.0,1351.0,398.0,"0,25369","-0,00671","-0,96726","0,15508","0,00458","-0,98789","3,70","3,43",Valid,Valid,"235,1","102,6","509,9","292,0","106,7","498,2","368,9","99,1","370,2","109,0","0,8118","0,3520","0,8098","0,3351","0,8138","0,3688",thumbnail_grossTrial,thumbnail_grossTrial.png,1245.0,1080.0,337.0,0.0,798.0,692.0,Fixation,275.0,115.0,1358.0,363.0,"0,8196","0,3362",,
30819,60907091,1400500178378,Eye Tracker,Participant0058,17.09.2021,Participant0058,Recording4,17.09.2021,17.09.2021,14:48:45.713,12:48:45.713,64514,Timeline2,Tobii I-VT (Fixation),1.145.28180,1080,1920,"10,00",728769603.0,,,1369.0,335.0,1369.0,335.0,,,"0,26489","-0,02064","-0,96406",,,,,,Valid,Invalid,"235,1","102,6","509,9",,,,"375,2","91,7",,,"0,8285","0,3102","0,8285","0,3102",,,thumbnail_grossTrial,thumbnail_grossTrial.png,1245.0,1080.0,337.0,0.0,798.0,692.0,Fixation,275.0,115.0,1358.0,363.0,"0,8196","0,3362",,
30820,60915422,1400500186709,Eye Tracker,Participant0058,17.09.2021,Participant0058,Recording4,17.09.2021,17.09.2021,14:48:45.713,12:48:45.713,64514,Timeline2,Tobii I-VT (Fixation),1.145.28180,1080,1920,"10,00",728777933.0,,,1356.0,362.0,1371.0,333.0,1340.0,391.0,"0,26604","-0,02162","-0,96372","0,14971","-0,00014","-0,98873",,,Valid,Valid,"235,1","102,6","509,9","291,9","107,1","497,3","375,8","91,2","367,2","107,0","0,8176","0,3354","0,8303","0,3086","0,8049","0,3622",thumbnail_grossTrial,thumbnail_grossTrial.png,1245.0,1080.0,337.0,0.0,798.0,692.0,Fixation,275.0,115.0,1358.0,363.0,"0,8196","0,3362",,
30821,60923758,1400500195045,Eye Tracker,Participant0058,17.09.2021,Participant0058,Recording4,17.09.2021,17.09.2021,14:48:45.713,12:48:45.713,64514,Timeline2,Tobii I-VT (Fixation),1.145.28180,1080,1920,"10,00",728786269.0,,,1355.0,362.0,1372.0,334.0,1338.0,391.0,"0,26603","-0,02130","-0,96373","0,14916","-0,00067","-0,98881","3,68","3,42",Valid,Valid,"235,1","102,6","510,0","291,9","107,3","496,7","375,9","91,3","366,8","106,9","0,8172","0,3353","0,8305","0,3088","0,8039","0,3618",thumbnail_grossTrial,thumbnail_grossTrial.png,1245.0,1080.0,337.0,0.0,798.0,692.0,Fixation,275.0,115.0,1358.0,363.0,"0,8196","0,3362",,
30822,60932131,1400500203418,Eye Tracker,Participant0058,17.09.2021,Participant0058,Recording4,17.09.2021,17.09.2021,14:48:45.713,12:48:45.713,64514,Timeline2,Tobii I-VT (Fixation),1.145.28180,1080,1920,"10,00",728794642.0,,,1353.0,357.0,1372.0,336.0,1333.0,379.0,"0,26623","-0,02018","-0,96370","0,14669","-0,00745","-0,98915",,,Valid,Valid,"235,1","102,6","510,0","291,8","107,5","496,1","376,0","91,9","365,4","103,8","0,8152","0,3310","0,8308","0,3109","0,7997","0,3511",thumbnail_grossTrial,thumbnail_grossTrial.png,1245.0,1080.0,337.0,0.0,798.0,692.0,Fixation,275.0,115.0,1358.0,363.0,"0,8196","0,3362",,
30823,60940445,1400500211732,Eye Tracker,Participant0058,17.09.2021,Participant0058,Recording4,17.09.2021,17.09.2021,14:48:45.713,12:48:45.713,64514,Timeline2,Tobii I-VT (Fixation),1.145.28180,1080,1920,"10,00",728802955.0,,,1353.0,359.0,1374.0,337.0,1332.0,381.0,"0,26730","-0,01957","-0,96341","0,14659","-0,00686","-0,98917",,,Valid,Valid,"235,1","102,6","510,1","291,7","107,8","495,6","376,6","92,2","365,2","104,4","0,8158","0,3326","0,8325","0,3121","0,7991","0,3532",thumbnail_grossTrial,thumbnail_grossTrial.png,1245.0,1080.0,337.0,0.0,798.0,692.0,Fixation,275.0,115.0,1358.0,363.0,"0,8196","0,3362",,
30824,60948757,1400500220044,Eye Tracker,Participant0058,17.09.2021,Participant0058,Recording4,17.09.2021,17.09.2021,14:48:45.713,12:48:45.713,64514,Timeline2,Tobii I-VT (Fixation),1.145.28180,1080,1920,"10,00",728811267.0,,,1358.0,357.0,1375.0,338.0,1340.0,376.0,"0,26748","-0,01880","-0,96338","0,15079","-0,01000","-0,98852","3,70","3,51",Valid,Valid,"235,1","102,5","510,2","291,8","107,8","495,3","376,8","92,5","367,3","102,8","0,8192","0,3305","0,8330","0,3131","0,8054","0,3479",thumbnail_grossTrial,thumbnail_grossTrial.png,1245.0,1080.0,337.0,0.0,798.0,692.0,Fixation,275.0,115.0,1358.0,363.0,"0,8196","0,3362",,
30825,60957115,1400500228402,Eye Tracker,Participant0058,17.09.2021,Participant0058,Recording4,17.09.2021,17.09.2021,14:48:45.713,12:48:45.713,64514,Timeline2,Tobii I-VT (Fixation),1.145.28180,1080,1920,"10,00",728819624.0,,,1359.0,364.0,1375.0,335.0,1344.0,394.0,"0,26760","-0,02040","-0,96331","0,15276","-0,00055","-0,98826",,,Valid,Valid,"235,1","102,5","510,1","291,7","108,0","495,0","376,9","91,7","368,2","107,7","0,8206","0,3373","0,8332","0,3102","0,8080","0,3644",thumbnail_grossTrial,thumbnail_grossTrial.png,1245.0,1080.0,337.0,0.0,798.0,692.0,Fixation,275.0,115.0,1358.0,363.0,"0,8196","0,3362",,
30826,60965514,1400500236801,Eye Tracker,Participant0058,17.09.2021,Participant0058,Recording4,17.09.2021,17.09.2021,14:48:45.713,12:48:45.713,64514,Timeline2,Tobii I-VT (Fixation),1.145.28180,1080,1920,"10,00",728828023.0,,,1356.0,370.0,1376.0,337.0,1335.0,403.0,"0,26835","-0,01958","-0,96312","0,14858","0,00409","-0,98889",,,Valid,Valid,"235,1","102,5","510,2","291,7","108,1","494,8","377,2","92,2","366,0","110,2","0,8179","0,3423","0,8344","0,3118","0,8015","0,3728",thumbnail_grossTrial,thumbnail_grossTrial.png,1245.0,1080.0,337.0,0.0,798.0,692.0,Fixation,275.0,115.0,1358.0,363.0,"0,8196","0,3362",,
30827,60973765,1400500245052,Eye Tracker,Participant0058,17.09.2021,Participant0058,Recording4,17.09.2021,17.09.2021,14:48:45.713,12:48:45.713,64514,Timeline2,Tobii I-VT (Fixation),1.145.28180,1080,1920,"10,00",728836273.0,,,1350.0,377.0,1378.0,336.0,1321.0,417.0,"0,26915","-0,01964","-0,96290","0,14066","0,01199","-0,98999","3,68","3,40",Valid,Valid,"235,1","102,4","510,3","291,7","108,2","494,6","377,8","92,0","362,0","114,2","0,8128","0,3488","0,8359","0,3114","0,7896","0,3862",thumbnail_grossTrial,thumbnail_grossTrial.png,1245.0,1080.0,337.0,0.0,798.0,692.0,Fixation,275.0,115.0,1358.0,363.0,"0,8196","0,3362",,
30828,60982153,1400500253440,Eye Tracker,Participant0058,17.09.2021,Participant0058,Recording4,17.09.2021,17.09.2021,14:48:45.713,12:48:45.713,64514,Timeline2,Tobii I-VT (Fixation),1.145.28180,1080,1920,"10,00",728844661.0,,,1358.0,369.0,1381.0,340.0,1336.0,398.0,"0,27026","-0,01795","-0,96262","0,14928","0,00141","-0,98879",,,Valid,Valid,"235,1","102,4","510,3","291,6","108,3","494,2","378,4","92,9","366,2","109,0","0,8199","0,3416","0,8377","0,3144","0,8021","0,3688",thumbnail_grossTrial,thumbnail_grossTrial.png,1245.0,1080.0,337.0,0.0,798.0,692.0,Fixation,275.0,115.0,1358.0,363.0,"0,8196","0,3362",,
30829,60990483,1400500261770,Eye Tracker,Participant0058,17.09.2021,Participant0058,Recording4,17.09.2021,17.09.2021,14:48:45.713,12:48:45.713,64514,Timeline2,Tobii I-VT (Fixation),1.145.28180,1080,1920,"10,00",728852990.0,,,1358.0,367.0,1378.0,338.0,1338.0,396.0,"0,26904","-0,01885","-0,96295","0,15041","-0,00030","-0,98862",,,Valid,Valid,"235,1","102,5","510,4","291,6","108,4","494,2","377,6","92,5","366,8","108,2","0,8197","0,3395","0,8356","0,3129","0,8037","0,3662",thumbnail_grossTrial,thumbnail_grossTrial.png,1245.0,1080.0,337.0,0.0,798.0,692.0,Fixation,275.0,115.0,1358.0,363.0,"0,8196","0,3362",,
30830,60998840,1400500270127,Eye Tracker,Participant0058,17.09.2021,Participant0058,Recording4,17.09.2021,17.09.2021,14:48:45.713,12:48:45.713,64514,Timeline2,Tobii I-VT (Fixation),1.145.28180,1080,1920,"10,00",728861346.0,,,1360.0,363.0,1376.0,340.0,1344.0,386.0,"0,26817","-0,01759","-0,96321","0,15327","-0,00524","-0,98817","3,68","3,51",Valid,Valid,"235,1","102,4","510,4","291,7","108,3","494,3","377,2","93,1","368,3","105,6","0,8213","0,3361","0,8343","0,3149","0,8083","0,3574",thumbnail_grossTrial,thumbnail_grossTrial.png,1245.0,1080.0,337.0,0.0,798.0,692.0,Fixation,275.0,115.0,1358.0,363.0,"0,8196","0,3362",,
30831,61007096,1400500278383,Eye Tracker,Participant0058,17.09.2021,Participant0058,Recording4,17.09.2021,17.09.2021,14:48:45.713,12:48:45.713,64514,Timeline2,Tobii I-VT (Fixation),1.145.28180,1080,1920,"10,00",728869602.0,,,1358.0,361.0,1374.0,338.0,1342.0,384.0,"0,26720","-0,01866","-0,96346","0,15240","-0,00587","-0,98830",,,Valid,Valid,"235,1","102,4","510,4","291,6","108,2","494,5","376,7","92,5","367,9","105,2","0,8198","0,3345","0,8327","0,3130","0,8070","0,3560",thumbnail_grossTrial,thumbnail_grossTrial.png,1245.0,1080.0,337.0,0.0,798.0,692.0,Fixation,275.0,115.0,1358.0,363.0,"0,8196","0,3362",,
30832,61015425,1400500286712,Eye Tracker,Participant0058,17.09.2021,Participant0058,Recording4,17.09.2021,17.09.2021,14:48:45.713,12:48:45.713,64514,Timeline2,Tobii I-VT (Fixation),1.145.28180,1080,1920,"10,00",728877931.0,,,1362.0,361.0,1382.0,337.0,1341.0,386.0,"0,27112","-0,01947","-0,96235","0,15166","-0,00456","-0,98842",,,Valid,Valid,"235,1","102,4","510,4","291,7","108,0","495,0","378,9","92,1","367,6","105,7","0,8227","0,3347","0,8391","0,3116","0,8062","0,3578",thumbnail_grossTrial,thumbnail_grossTrial.png,1245.0,1080.0,337.0,0.0,798.0,692.0,Fixation,275.0,115.0,1358.0,363.0,"0,8196","0,3362",,
30833,61023754,1400500295041,Eye Tracker,Participant0058,17.09.2021,Participant0058,Recording4,17.09.2021,17.09.2021,14:48:45.713,12:48:45.713,64514,Timeline2,Tobii I-VT (Fixation),1.145.28180,1080,1920,"10,00",728886259.0,,,1362.0,360.0,1381.0,334.0,1344.0,385.0,"0,27037","-0,02071","-0,96253","0,15239","-0,00452","-0,98831","3,69","3,53",Valid,Valid,"235,1","102,4","510,5","291,8","107,7","495,6","378,5","91,4","368,2","105,5","0,8230","0,3330","0,8381","0,3092","0,8079","0,3568",thumbnail_grossTrial,thumbnail_grossTrial.png,1245.0,1080.0,337.0,0.0,798.0,692.0,Saccade,17.0,253.0,,,,,,
30834,61032123,1400500303410,Eye Tracker,Participant0058,17.09.2021,Participant0058,Recording4,17.09.2021,17.09.2021,14:48:45.713,12:48:45.713,64514,Timeline2,Tobii I-VT (Fixation),1.145.28180,1080,1920,"10,00",728894627.0,,,1347.0,380.0,1349.0,366.0,1344.0,395.0,"0,25486","-0,00428","-0,96697","0,15266","0,00123","-0,98828",,,Valid,Valid,"235,1","102,4","510,4","291,8","107,5","496,1","369,7","100,1","368,4","108,1","0,8104","0,3523","0,8121","0,3387","0,8086","0,3659",thumbnail_grossTrial,thumbnail_grossTrial.png,1245.0,1080.0,337.0,0.0,798.0,692.0,Saccade,17.0,253.0,,,,,,
30835,61040446,1400500311733,Eye Tracker,Participant0058,17.09.2021,Participant0058,Recording4,17.09.2021,17.09.2021,14:48:45.713,12:48:45.713,64514,Timeline2,Tobii I-VT (Fixation),1.145.28180,1080,1920,"10,00",728902950.0,,,1350.0,378.0,1348.0,366.0,1352.0,389.0,"0,25450","-0,00410","-0,96706","0,15624","-0,00174","-0,98772",,,Valid,Valid,"235,1","102,4","510,5","291,8","107,3","496,8","369,4","100,3","370,4","106,4","0,8129","0,3496","0,8114","0,3392","0,8144","0,3601",thumbnail_grossTrial,thumbnail_grossTrial.png,1245.0,1080.0,337.0,0.0,798.0,692.0,Unclassified,8.0,555.0,,,,,,
30836,61048751,1400500320038,Eye Tracker,Participant0058,17.09.2021,Participant0058,Recording4,17.09.2021,17.09.2021,14:48:45.713,12:48:45.713,64514,Timeline2,Tobii I-VT (Fixation),1.145.28180,1080,1920,"10,00",728911255.0,,,1338.0,384.0,1327.0,379.0,1349.0,389.0,"0,24421","0,00259","-0,96972","0,15472","-0,00091","-0,98796","3,71","3,49",Valid,Valid,"235,1","102,3","510,5","291,9","107,0","497,4","363,7","103,7","369,8","106,5","0,8036","0,3557","0,7946","0,3508","0,8126","0,3605",thumbnail_grossTrial,thumbnail_grossTrial.png,1245.0,1080.0,337.0,0.0,798.0,692.0,Saccade,42.0,254.0,,,,,,
30837,61057117,1400500328404,Eye Tracker,Participant0058,17.09.2021,Participant0058,Recording4,17.09.2021,17.09.2021,14:48:45.713,12:48:45.713,64514,Timeline2,Tobii I-VT (Fixation),1.145.28180,1080,1920,"10,00",728919620.0,,,1349.0,362.0,1359.0,342.0,1338.0,381.0,"0,25987","-0,01653","-0,96550","0,14903","-0,00499","-0,98882",,,Valid,Valid,"235,0","102,4","510,5","291,8","106,9","497,7","372,4","93,6","366,8","104,3","0,8120","0,3349","0,8201","0,3167","0,8038","0,3530",thumbnail_grossTrial,thumbnail_grossTrial.png,1245.0,1080.0,337.0,0.0,798.0,692.0,Saccade,42.0,254.0,,,,,,
30838,61065414,1400500336701,Eye Tracker,Participant0058,17.09.2021,Participant0058,Recording4,17.09.2021,17.09.2021,14:48:45.713,12:48:45.713,64514,Timeline2,Tobii I-VT (Fixation),1.145.28180,1080,1920,"10,00",728927916.0,,,1311.0,365.0,1312.0,352.0,1309.0,378.0,"0,23748","-0,01166","-0,97132","0,13326","-0,00649","-0,99106",,,Valid,Valid,"234,9","102,4","510,5","291,8","106,8","498,1","359,7","96,3","358,8","103,5","0,7817","0,3379","0,7830","0,3257","0,7803","0,3502",thumbnail_grossTrial,thumbnail_grossTrial.png,1245.0,1080.0,337.0,0.0,798.0,692.0,Saccade,42.0,254.0,,,,,,
30839,61073753,1400500345040,Eye Tracker,Participant0058,17.09.2021,Participant0058,Recording4,17.09.2021,17.09.2021,14:48:45.713,12:48:45.713,64514,Timeline2,Tobii I-VT (Fixation),1.145.28180,1080,1920,"10,00",728936255.0,,,1287.0,364.0,1291.0,349.0,1283.0,380.0,"0,22698","-0,01286","-0,97382","0,11894","-0,00530","-0,99289","3,68","3,53",Valid,Valid,"234,9","102,3","510,5","291,9","106,5","498,4","353,9","95,5","351,6","103,9","0,7626","0,3373","0,7660","0,3233","0,7591","0,3514",thumbnail_grossTrial,thumbnail_grossTrial.png,1245.0,1080.0,337.0,0.0,798.0,692.0,Saccade,42.0,254.0,,,,,,
30840,61082117,1400500353404,Eye Tracker,Participant0058,17.09.2021,Participant0058,Recording4,17.09.2021,17.09.2021,14:48:45.713,12:48:45.713,64514,Timeline2,Tobii I-VT (Fixation),1.145.28180,1080,1920,"10,00",728944619.0,,,1278.0,382.0,1275.0,385.0,1281.0,379.0,"0,21888","0,00565","-0,97574","0,11773","-0,00542","-0,99303",,,Valid,Valid,"234,9","102,3","510,5","291,8","106,5","498,6","349,4","105,3","351,0","103,8","0,7551","0,3537","0,7529","0,3562","0,7573","0,3511",thumbnail_grossTrial,thumbnail_grossTrial.png,1245.0,1080.0,337.0,0.0,798.0,692.0,Saccade,42.0,254.0,,,,,,
30841,61090449,1400500361736,Eye Tracker,Participant0058,17.09.2021,Participant0058,Recording4,17.09.2021,17.09.2021,14:48:45.713,12:48:45.713,64514,Timeline2,Tobii I-VT (Fixation),1.145.28180,1080,1920,"10,00",728952951.0,,,1280.0,385.0,1275.0,385.0,1284.0,384.0,"0,21894","0,00560","-0,97572","0,11959","-0,00251","-0,99282",,,Valid,Valid,"234,9","102,4","510,6","291,9","106,4","498,9","349,4","105,3","351,9","105,2","0,7566","0,3560","0,7529","0,3562","0,7603","0,3559",thumbnail_grossTrial,thumbnail_grossTrial.png,1245.0,1080.0,337.0,0.0,798.0,692.0,Fixation,342.0,116.0,1286.0,357.0,"0,7621","0,3305",,
30842,61098751,1400500370038,Eye Tracker,Participant0058,17.09.2021,Participant0058,Recording4,17.09.2021,17.09.2021,14:48:45.713,12:48:45.713,64514,Timeline2,Tobii I-VT (Fixation),1.145.28180,1080,1920,"10,00",728961252.0,,,1291.0,372.0,1299.0,353.0,1282.0,391.0,"0,23099","-0,01106","-0,97289","0,11817","0,00143","-0,99299","3,87","3,43",Valid,Valid,"234,9","102,3","510,6","291,9","106,3","499,1","356,1","96,5","351,3","107,0","0,7655","0,3442","0,7726","0,3265","0,7584","0,3620",thumbnail_grossTrial,thumbnail_grossTrial.png,1245.0,1080.0,337.0,0.0,798.0,692.0,Fixation,342.0,116.0,1286.0,357.0,"0,7621","0,3305",,
30843,61107078,1400500378365,Eye Tracker,Participant0058,17.09.2021,Participant0058,Recording4,17.09.2021,17.09.2021,14:48:45.713,12:48:45.713,64514,Timeline2,Tobii I-VT (Fixation),1.145.28180,1080,1920,"10,00",728969578.0,,,1286.0,365.0,1292.0,338.0,1280.0,393.0,"0,22715","-0,01862","-0,97368","0,11737","0,00241","-0,99309",,,Valid,Valid,"234,9","102,3","510,6","291,9","106,2","499,3","354,0","92,5","350,9","107,4","0,7617","0,3383","0,7663","0,3131","0,7572","0,3635",thumbnail_grossTrial,thumbnail_grossTrial.png,1245.0,1080.0,337.0,0.0,798.0,692.0,Fixation,342.0,116.0,1286.0,357.0,"0,7621","0,3305",,
30844,61115410,1400500386697,Eye Tracker,Participant0058,17.09.2021,Participant0058,Recording4,17.09.2021,17.09.2021,14:48:45.713,12:48:45.713,64514,Timeline2,Tobii I-VT (Fixation),1.145.28180,1080,1920,"10,00",728977910.0,,,1283.0,365.0,1292.0,342.0,1273.0,389.0,"0,22759","-0,01659","-0,97362","0,11327","0,00046","-0,99356",,,Valid,Valid,"234,8","102,3","510,6","291,9","106,2","499,6","354,2","93,6","348,9","106,4","0,7591","0,3384","0,7669","0,3168","0,7513","0,3599",thumbnail_grossTrial,thumbnail_grossTrial.png,1245.0,1080.0,337.0,0.0,798.0,692.0,Fixation,342.0,116.0,1286.0,357.0,"0,7621","0,3305",,
30845,61123786,1400500395073,Eye Tracker,Participant0058,17.09.2021,Participant0058,Recording4,17.09.2021,17.09.2021,14:48:45.713,12:48:45.713,64514,Timeline2,Tobii I-VT (Fixation),1.145.28180,1080,1920,"10,00",728986286.0,,,1285.0,364.0,1286.0,356.0,1284.0,372.0,"0,22439","-0,00928","-0,97445","0,11913","-0,00846","-0,99284","3,68","3,63",Valid,Valid,"234,9","102,2","510,7","292,0","106,0","500,0","352,5","97,4","351,9","101,7","0,7611","0,3368","0,7619","0,3294","0,7603","0,3441",thumbnail_grossTrial,thumbnail_grossTrial.png,1245.0,1080.0,337.0,0.0,798.0,692.0,Fixation,342.0,116.0,1286.0,357.0,"0,7621","0,3305",,
30846,61132091,1400500403378,Eye Tracker,Participant0058,17.09.2021,Participant0058,Recording4,17.09.2021,17.09.2021,14:48:45.713,12:48:45.713,64514,Timeline2,Tobii I-VT (Fixation),1.145.28180,1080,1920,"10,00",728994590.0,,,1274.0,377.0,1267.0,392.0,1282.0,362.0,"0,21462","0,00956","-0,97665","0,11784","-0,01335","-0,99294",,,Valid,Valid,"234,9","102,2","510,8","292,0","105,8","500,3","347,1","107,2","351,3","99,1","0,7523","0,3491","0,7462","0,3628","0,7585","0,3354",thumbnail_grossTrial,thumbnail_grossTrial.png,1245.0,1080.0,337.0,0.0,798.0,692.0,Fixation,342.0,116.0,1286.0,357.0,"0,7621","0,3305",,
30847,61140426,1400500411713,Eye Tracker,Participant0058,17.09.2021,Participant0058,Recording4,17.09.2021,17.09.2021,14:48:45.713,12:48:45.713,64514,Timeline2,Tobii I-VT (Fixation),1.145.28180,1080,1920,"10,00",729002924.0,,,1276.0,378.0,1267.0,392.0,1286.0,364.0,"0,21473","0,00959","-0,97663","0,11964","-0,01206","-0,99274",,,Valid,Valid,"234,8","102,2","511,0","292,0","105,7","500,7","347,2","107,2","352,3","99,6","0,7539","0,3500","0,7463","0,3628","0,7614","0,3371",thumbnail_grossTrial,thumbnail_grossTrial.png,1245.0,1080.0,337.0,0.0,798.0,692.0,Fixation,342.0,116.0,1286.0,357.0,"0,7621","0,3305",,
30848,61148749,1400500420036,Eye Tracker,Participant0058,17.09.2021,Participant0058,Recording4,17.09.2021,17.09.2021,14:48:45.713,12:48:45.713,64514,Timeline2,Tobii I-VT (Fixation),1.145.28180,1080,1920,"10,00",729011247.0,,,1274.0,379.0,1266.0,389.0,1282.0,369.0,"0,21410","0,00823","-0,97678","0,11736","-0,00877","-0,99305","3,71","3,67",Valid,Valid,"234,9","102,0","511,2","292,1","105,4","501,2","346,9","106,4","351,3","101,0","0,7520","0,3508","0,7456","0,3598","0,7584","0,3418",thumbnail_grossTrial,thumbnail_grossTrial.png,1245.0,1080.0,337.0,0.0,798.0,692.0,Fixation,342.0,116.0,1286.0,357.0,"0,7621","0,3305",,
30849,61157100,1400500428387,Eye Tracker,Participant0058,17.09.2021,Participant0058,Recording4,17.09.2021,17.09.2021,14:48:45.713,12:48:45.713,64514,Timeline2,Tobii I-VT (Fixation),1.145.28180,1080,1920,"10,00",729019598.0,,,1283.0,358.0,1284.0,350.0,1282.0,366.0,"0,22308","-0,01199","-0,97473","0,11733","-0,01042","-0,99304",,,Valid,Valid,"234,9","102,0","511,3","292,1","105,3","501,6","351,9","95,7","351,4","100,0","0,7593","0,3312","0,7601","0,3239","0,7586","0,3385",thumbnail_grossTrial,thumbnail_grossTrial.png,1245.0,1080.0,337.0,0.0,798.0,692.0,Fixation,342.0,116.0,1286.0,357.0,"0,7621","0,3305",,
30850,61165436,1400500436723,Eye Tracker,Participant0058,17.09.2021,Participant0058,Recording4,17.09.2021,17.09.2021,14:48:45.713,12:48:45.713,64514,Timeline2,Tobii I-VT (Fixation),1.145.28180,1080,1920,"10,00",729027933.0,,,1284.0,356.0,1284.0,350.0,1283.0,363.0,"0,22309","-0,01205","-0,97472","0,11790","-0,01158","-0,99296",,,Valid,Valid,"234,8","102,0","511,5","292,1","105,1","502,1","351,9","95,7","351,7","99,3","0,7599","0,3298","0,7601","0,3237","0,7597","0,3359",thumbnail_grossTrial,thumbnail_grossTrial.png,1245.0,1080.0,337.0,0.0,798.0,692.0,Fixation,342.0,116.0,1286.0,357.0,"0,7621","0,3305",,
30851,61173790,1400500445077,Eye Tracker,Participant0058,17.09.2021,Participant0058,Recording4,17.09.2021,17.09.2021,14:48:45.713,12:48:45.713,64514,Timeline2,Tobii I-VT (Fixation),1.145.28180,1080,1920,"10,00",729036286.0,,,1283.0,355.0,1291.0,339.0,1276.0,371.0,"0,22616","-0,01742","-0,97393","0,11368","-0,00652","-0,99350","3,89","3,45",Valid,Valid,"234,9","101,9","511,7","292,2","104,9","502,6","353,7","92,7","349,7","101,6","0,7596","0,3286","0,7654","0,3137","0,7538","0,3436",thumbnail_grossTrial,thumbnail_grossTrial.png,1245.0,1080.0,337.0,0.0,798.0,692.0,Fixation,342.0,116.0,1286.0,357.0,"0,7621","0,3305",,
30852,61182100,1400500453387,Eye Tracker,Participant0058,17.09.2021,Participant0058,Recording4,17.09.2021,17.09.2021,14:48:45.713,12:48:45.713,64514,Timeline2,Tobii I-VT (Fixation),1.145.28180,1080,1920,"10,00",729044596.0,,,1286.0,360.0,1294.0,336.0,1279.0,384.0,"0,22781","-0,01876","-0,97352","0,11487","0,00087","-0,99338",,,Valid,Valid,"234,9","101,8","511,8","292,2","104,7","503,0","354,6","91,9","350,4","105,2","0,7620","0,3334","0,7682","0,3110","0,7557","0,3558",thumbnail_grossTrial,thumbnail_grossTrial.png,1245.0,1080.0,337.0,0.0,798.0,692.0,Fixation,342.0,116.0,1286.0,357.0,"0,7621","0,3305",,
30853,61190407,1400500461694,Eye Tracker,Participant0058,17.09.2021,Participant0058,Recording4,17.09.2021,17.09.2021,14:48:45.713,12:48:45.713,64514,Timeline2,Tobii I-VT (Fixation),1.145.28180,1080,1920,"10,00",729052902.0,,,1285.0,354.0,1295.0,330.0,1275.0,378.0,"0,22846","-0,02157","-0,97332","0,11301","-0,00200","-0,99359",,,Valid,Valid,"234,8","101,8","512,0","292,3","104,6","503,5","355,0","90,4","349,5","103,5","0,7612","0,3281","0,7692","0,3059","0,7532","0,3503",thumbnail_grossTrial,thumbnail_grossTrial.png,1245.0,1080.0,337.0,0.0,798.0,692.0,Fixation,342.0,116.0,1286.0,357.0,"0,7621","0,3305",,
30854,61198773,1400500470060,Eye Tracker,Participant0058,17.09.2021,Participant0058,Recording4,17.09.2021,17.09.2021,14:48:45.713,12:48:45.713,64514,Timeline2,Tobii I-VT (Fixation),1.145.28180,1080,1920,"10,00",729061268.0,,,1283.0,358.0,1290.0,340.0,1277.0,375.0,"0,22551","-0,01646","-0,97410","0,11341","-0,00304","-0,99354","3,69","3,46",Valid,Valid,"234,9","101,6","512,2","292,3","104,3","503,9","353,5","92,9","349,9","102,8","0,7594","0,3311","0,7647","0,3145","0,7542","0,3477",thumbnail_grossTrial,thumbnail_grossTrial.png,1245.0,1080.0,337.0,0.0,798.0,692.0,Fixation,342.0,116.0,1286.0,357.0,"0,7621","0,3305",,
30855,61207084,1400500478371,Eye Tracker,Participant0058,17.09.2021,Participant0058,Recording4,17.09.2021,17.09.2021,14:48:45.713,12:48:45.713,64514,Timeline2,Tobii I-VT (Fixation),1.145.28180,1080,1920,"10,00",729069578.0,,,1283.0,356.0,1291.0,339.0,1275.0,373.0,"0,22600","-0,01673","-0,97398","0,11242","-0,00426","-0,99365",,,Valid,Valid,"234,9","101,6","512,3","292,4","104,2","504,2","353,7","92,8","349,4","102,1","0,7592","0,3296","0,7655","0,3139","0,7528","0,3453",thumbnail_grossTrial,thumbnail_grossTrial.png,1245.0,1080.0,337.0,0.0,798.0,692.0,Fixation,342.0,116.0,1286.0,357.0,"0,7621","0,3305",,
30856,61215445,1400500486732,Eye Tracker,Participant0058,17.09.2021,Participant0058,Recording4,17.09.2021,17.09.2021,14:48:45.713,12:48:45.713,64514,Timeline2,Tobii I-VT (Fixation),1.145.28180,1080,1920,"10,00",729077939.0,,,1284.0,358.0,1287.0,343.0,1280.0,373.0,"0,22418","-0,01455","-0,97444","0,11539","-0,00417","-0,99331",,,Valid,Valid,"234,8","101,6","512,5","292,3","104,1","504,5","352,7","93,9","350,9","102,0","0,7599","0,3315","0,7625","0,3178","0,7573","0,3452",thumbnail_grossTrial,thumbnail_grossTrial.png,1245.0,1080.0,337.0,0.0,798.0,692.0,Fixation,342.0,116.0,1286.0,357.0,"0,7621","0,3305",,
30857,61223746,1400500495033,Eye Tracker,Participant0058,17.09.2021,Participant0058,Recording4,17.09.2021,17.09.2021,14:48:45.713,12:48:45.713,64514,Timeline2,Tobii I-VT (Fixation),1.145.28180,1080,1920,"10,00",729086239.0,,,1287.0,355.0,1286.0,342.0,1287.0,368.0,"0,22382","-0,01481","-0,97452","0,11840","-0,00647","-0,99295","3,72","3,76",Valid,Valid,"234,9","101,4","512,6","292,4","103,9","504,8","352,6","93,7","352,6","100,7","0,7622","0,3287","0,7621","0,3169","0,7622","0,3405",thumbnail_grossTrial,thumbnail_grossTrial.png,1245.0,1080.0,337.0,0.0,798.0,692.0,Fixation,342.0,116.0,1286.0,357.0,"0,7621","0,3305",,
30858,61232076,1400500503363,Eye Tracker,Participant0058,17.09.2021,Participant0058,Recording4,17.09.2021,17.09.2021,14:48:45.713,12:48:45.713,64514,Timeline2,Tobii I-VT (Fixation),1.145.28180,1080,1920,"10,00",729094569.0,,,1285.0,353.0,1286.0,343.0,1285.0,362.0,"0,22346","-0,01428","-0,97461","0,11750","-0,00961","-0,99303",,,Valid,Valid,"234,9","101,5","512,6","292,4","103,9","504,9","352,4","94,0","352,2","99,0","0,7612","0,3265","0,7615","0,3179","0,7609","0,3350",thumbnail_grossTrial,thumbnail_grossTrial.png,1245.0,1080.0,337.0,0.0,798.0,692.0,Fixation,342.0,116.0,1286.0,357.0,"0,7621","0,3305",,
30859,61240433,1400500511720,Eye Tracker,Participant0058,17.09.2021,Participant0058,Recording4,17.09.2021,17.09.2021,14:48:45.713,12:48:45.713,64514,Timeline2,Tobii I-VT (Fixation),1.145.28180,1080,1920,"10,00",729102925.0,,,1287.0,352.0,1289.0,340.0,1284.0,363.0,"0,22534","-0,01591","-0,97415","0,11704","-0,00869","-0,99309",,,Valid,Valid,"234,8","101,5","512,7","292,4","103,9","505,2","353,4","93,1","351,9","99,5","0,7623","0,3258","0,7644","0,3151","0,7602","0,3365",thumbnail_grossTrial,thumbnail_grossTrial.png,1245.0,1080.0,337.0,0.0,798.0,692.0,Fixation,342.0,116.0,1286.0,357.0,"0,7621","0,3305",,
30860,61248855,1400500520142,Eye Tracker,Participant0058,17.09.2021,Participant0058,Recording4,17.09.2021,17.09.2021,14:48:45.713,12:48:45.713,64514,Timeline2,Tobii I-VT (Fixation),1.145.28180,1080,1920,"10,00",729111347.0,,,1287.0,352.0,1294.0,334.0,1280.0,370.0,"0,22739","-0,01902","-0,97362","0,11448","-0,00501","-0,99341","3,72","3,49",Valid,Valid,"234,8","101,4","512,7","292,5","103,7","505,3","354,6","91,4","350,7","101,2","0,7623","0,3258","0,7680","0,3093","0,7566","0,3424",thumbnail_grossTrial,thumbnail_grossTrial.png,1245.0,1080.0,337.0,0.0,798.0,692.0,Fixation,342.0,116.0,1286.0,357.0,"0,7621","0,3305",,
30861,61257081,1400500528368,Eye Tracker,Participant0058,17.09.2021,Participant0058,Recording4,17.09.2021,17.09.2021,14:48:45.713,12:48:45.713,64514,Timeline2,Tobii I-VT (Fixation),1.145.28180,1080,1920,"10,00",729119572.0,,,1286.0,350.0,1294.0,332.0,1278.0,368.0,"0,22772","-0,01987","-0,97352","0,11348","-0,00578","-0,99352",,,Valid,Valid,"234,8","101,5","512,7","292,4","103,8","505,4","354,8","91,0","350,2","100,8","0,7618","0,3245","0,7685","0,3079","0,7550","0,3411",thumbnail_grossTrial,thumbnail_grossTrial.png,1245.0,1080.0,337.0,0.0,798.0,692.0,Fixation,342.0,116.0,1286.0,357.0,"0,7621","0,3305",,
30862,61265405,1400500536692,Eye Tracker,Participant0058,17.09.2021,Participant0058,Recording4,17.09.2021,17.09.2021,14:48:45.713,12:48:45.713,64514,Timeline2,Tobii I-VT (Fixation),1.145.28180,1080,1920,"10,00",729127896.0,,,1289.0,346.0,1296.0,327.0,1283.0,364.0,"0,22841","-0,02264","-0,97330","0,11622","-0,00796","-0,99319",,,Valid,Valid,"234,8","101,5","512,7","292,4","103,8","505,5","355,1","89,6","351,5","99,7","0,7643","0,3202","0,7695","0,3030","0,7591","0,3374",thumbnail_grossTrial,thumbnail_grossTrial.png,1245.0,1080.0,337.0,0.0,798.0,692.0,Fixation,342.0,116.0,1286.0,357.0,"0,7621","0,3305",,
30863,61273769,1400500545056,Eye Tracker,Participant0058,17.09.2021,Participant0058,Recording4,17.09.2021,17.09.2021,14:48:45.713,12:48:45.713,64514,Timeline2,Tobii I-VT (Fixation),1.145.28180,1080,1920,"10,00",729136260.0,,,1294.0,345.0,1298.0,335.0,1290.0,356.0,"0,22950","-0,01854","-0,97313","0,12011","-0,01241","-0,99268","3,73","3,60",Valid,Valid,"234,8","101,4","512,8","292,5","103,6","505,6","355,8","91,6","353,6","97,3","0,7683","0,3196","0,7715","0,3100","0,7652","0,3293",thumbnail_grossTrial,thumbnail_grossTrial.png,1245.0,1080.0,337.0,0.0,798.0,692.0,Fixation,342.0,116.0,1286.0,357.0,"0,7621","0,3305",,
30864,61282097,1400500553384,Eye Tracker,Participant0058,17.09.2021,Participant0058,Recording4,17.09.2021,17.09.2021,14:48:45.713,12:48:45.713,64514,Timeline2,Tobii I-VT (Fixation),1.145.28180,1080,1920,"10,00",729144587.0,,,1283.0,356.0,1294.0,336.0,1272.0,375.0,"0,22758","-0,01779","-0,97360","0,11040","-0,00203","-0,99389",,,Valid,Valid,"234,8","101,4","512,7","292,5","103,7","505,6","354,7","92,1","348,6","102,6","0,7594","0,3294","0,7683","0,3115","0,7505","0,3473",thumbnail_grossTrial,thumbnail_grossTrial.png,1245.0,1080.0,337.0,0.0,798.0,692.0,Fixation,342.0,116.0,1286.0,357.0,"0,7621","0,3305",,
30865,61290434,1400500561721,Eye Tracker,Participant0058,17.09.2021,Participant0058,Recording4,17.09.2021,17.09.2021,14:48:45.713,12:48:45.713,64514,Timeline2,Tobii I-VT (Fixation),1.145.28180,1080,1920,"10,00",729152923.0,,,1286.0,358.0,1300.0,340.0,1272.0,375.0,"0,23068","-0,01586","-0,97290","0,11046","-0,00208","-0,99388",,,Valid,Valid,"234,8","101,5","512,8","292,4","103,7","505,7","356,4","93,1","348,6","102,6","0,7619","0,3312","0,7732","0,3151","0,7505","0,3473",thumbnail_grossTrial,thumbnail_grossTrial.png,1245.0,1080.0,337.0,0.0,798.0,692.0,Fixation,342.0,116.0,1286.0,357.0,"0,7621","0,3305",,
30866,61298739,1400500570026,Eye Tracker,Participant0058,17.09.2021,Participant0058,Recording4,17.09.2021,17.09.2021,14:48:45.713,12:48:45.713,64514,Timeline2,Tobii I-VT (Fixation),1.145.28180,1080,1920,"10,00",729161228.0,,,1293.0,355.0,1301.0,339.0,1286.0,371.0,"0,23080","-0,01609","-0,97287","0,11753","-0,00411","-0,99306","3,73","3,50",Valid,Valid,"234,8","101,4","512,8","292,5","103,6","505,7","356,5","92,9","352,3","101,5","0,7675","0,3289","0,7736","0,3143","0,7614","0,3434",thumbnail_grossTrial,thumbnail_grossTrial.png,1245.0,1080.0,337.0,0.0,798.0,692.0,Fixation,342.0,116.0,1286.0,357.0,"0,7621","0,3305",,
30867,61307108,1400500578395,Eye Tracker,Participant0058,17.09.2021,Participant0058,Recording4,17.09.2021,17.09.2021,14:48:45.713,12:48:45.713,64514,Timeline2,Tobii I-VT (Fixation),1.145.28180,1080,1920,"10,00",729169597.0,,,1292.0,353.0,1300.0,340.0,1285.0,366.0,"0,23049","-0,01570","-0,97295","0,11712","-0,00666","-0,99310",,,Valid,Valid,"234,9","101,4","512,8","292,5","103,6","505,7","356,3","93,2","352,1","100,3","0,7670","0,3272","0,7731","0,3152","0,7608","0,3392",thumbnail_grossTrial,thumbnail_grossTrial.png,1245.0,1080.0,337.0,0.0,798.0,692.0,Fixation,342.0,116.0,1286.0,357.0,"0,7621","0,3305",,
30868,61315440,1400500586727,Eye Tracker,Participant0058,17.09.2021,Participant0058,Recording4,17.09.2021,17.09.2021,14:48:45.713,12:48:45.713,64514,Timeline2,Tobii I-VT (Fixation),1.145.28180,1080,1920,"10,00",729177928.0,,,1292.0,354.0,1298.0,341.0,1286.0,367.0,"0,22947","-0,01548","-0,97319","0,11759","-0,00664","-0,99304",,,Valid,Valid,"234,8","101,5","512,8","292,5","103,7","505,8","355,7","93,3","352,4","100,3","0,7664","0,3276","0,7713","0,3157","0,7615","0,3394",thumbnail_grossTrial,thumbnail_grossTrial.png,1245.0,1080.0,337.0,0.0,798.0,692.0,Fixation,342.0,116.0,1286.0,357.0,"0,7621","0,3305",,
30869,61323769,1400500595056,Eye Tracker,Participant0058,17.09.2021,Participant0058,Recording4,17.09.2021,17.09.2021,14:48:45.713,12:48:45.713,64514,Timeline2,Tobii I-VT (Fixation),1.145.28180,1080,1920,"10,00",729186256.0,,,1290.0,355.0,1294.0,347.0,1286.0,363.0,"0,22762","-0,01221","-0,97367","0,11749","-0,00829","-0,99304","3,79","3,51",Valid,Valid,"234,9","101,4","512,8","292,5","103,6","505,8","354,8","94,9","352,4","99,4","0,7650","0,3287","0,7685","0,3212","0,7615","0,3362",thumbnail_grossTrial,thumbnail_grossTrial.png,1245.0,1080.0,337.0,0.0,798.0,692.0,Fixation,342.0,116.0,1286.0,357.0,"0,7621","0,3305",,
30870,61332156,1400500603443,Eye Tracker,Participant0058,17.09.2021,Participant0058,Recording4,17.09.2021,17.09.2021,14:48:45.713,12:48:45.713,64514,Timeline2,Tobii I-VT (Fixation),1.145.28180,1080,1920,"10,00",729194643.0,,,1291.0,357.0,1298.0,350.0,1285.0,364.0,"0,22943","-0,01070","-0,97327","0,11706","-0,00776","-0,99309",,,Valid,Valid,"234,9","101,4","512,8","292,5","103,7","505,7","355,8","95,8","352,1","99,7","0,7661","0,3307","0,7714","0,3241","0,7608","0,3373",thumbnail_grossTrial,thumbnail_grossTrial.png,1245.0,1080.0,337.0,0.0,798.0,692.0,Fixation,342.0,116.0,1286.0,357.0,"0,7621","0,3305",,
30871,61340425,1400500611712,Eye Tracker,Participant0058,17.09.2021,Participant0058,Recording4,17.09.2021,17.09.2021,14:48:45.713,12:48:45.713,64514,Timeline2,Tobii I-VT (Fixation),1.145.28180,1080,1920,"10,00",729202912.0,,,1288.0,357.0,1293.0,348.0,1282.0,366.0,"0,22686","-0,01157","-0,97386","0,11590","-0,00667","-0,99324",,,Valid,Valid,"234,8","101,5","512,8","292,5","103,7","505,8","354,3","95,4","351,5","100,3","0,7630","0,3310","0,7671","0,3227","0,7589","0,3393",thumbnail_grossTrial,thumbnail_grossTrial.png,1245.0,1080.0,337.0,0.0,798.0,692.0,Fixation,342.0,116.0,1286.0,357.0,"0,7621","0,3305",,
30872,61348774,1400500620061,Eye Tracker,Participant0058,17.09.2021,Participant0058,Recording4,17.09.2021,17.09.2021,14:48:45.713,12:48:45.713,64514,Timeline2,Tobii I-VT (Fixation),1.145.28180,1080,1920,"10,00",729211260.0,,,1292.0,354.0,1295.0,344.0,1288.0,364.0,"0,22809","-0,01360","-0,97355","0,11876","-0,00800","-0,99289","3,75","3,70",Valid,Valid,"234,9","101,4","512,9","292,5","103,6","505,8","355,0","94,2","353,0","99,5","0,7663","0,3277","0,7693","0,3187","0,7634","0,3367",thumbnail_grossTrial,thumbnail_grossTrial.png,1245.0,1080.0,337.0,0.0,798.0,692.0,Fixation,342.0,116.0,1286.0,357.0,"0,7621","0,3305",,
30873,61357100,1400500628387,Eye Tracker,Participant0058,17.09.2021,Participant0058,Recording4,17.09.2021,17.09.2021,14:48:45.713,12:48:45.713,64514,Timeline2,Tobii I-VT (Fixation),1.145.28180,1080,1920,"10,00",729219585.0,,,1293.0,347.0,1297.0,332.0,1288.0,363.0,"0,22871","-0,02021","-0,97329","0,11905","-0,00862","-0,99285",,,Valid,Valid,"234,8","101,4","512,8","292,5","103,6","505,7","355,4","90,8","353,1","99,3","0,7670","0,3215","0,7703","0,3071","0,7638","0,3358",thumbnail_grossTrial,thumbnail_grossTrial.png,1245.0,1080.0,337.0,0.0,798.0,692.0,Fixation,342.0,116.0,1286.0,357.0,"0,7621","0,3305",,
30874,61365441,1400500636728,Eye Tracker,Participant0058,17.09.2021,Participant0058,Recording4,17.09.2021,17.09.2021,14:48:45.713,12:48:45.713,64514,Timeline2,Tobii I-VT (Fixation),1.145.28180,1080,1920,"10,00",729227926.0,,,1290.0,346.0,1292.0,331.0,1289.0,362.0,"0,22664","-0,02071","-0,97376","0,11930","-0,00906","-0,99282",,,Valid,Valid,"234,8","101,4","512,9","292,4","103,7","505,8","354,1","90,5","353,2","99,1","0,7653","0,3207","0,7667","0,3063","0,7640","0,3351",thumbnail_grossTrial,thumbnail_grossTrial.png,1245.0,1080.0,337.0,0.0,798.0,692.0,Fixation,342.0,116.0,1286.0,357.0,"0,7621","0,3305",,
30875,61373848,1400500645135,Eye Tracker,Participant0058,17.09.2021,Participant0058,Recording4,17.09.2021,17.09.2021,14:48:45.713,12:48:45.713,64514,Timeline2,Tobii I-VT (Fixation),1.145.28180,1080,1920,"10,00",729236333.0,,,1290.0,346.0,1291.0,330.0,1289.0,363.0,"0,22589","-0,02109","-0,97393","0,11926","-0,00848","-0,99283","3,76","3,64",Valid,Valid,"234,8","101,3","512,9","292,5","103,5","505,8","353,8","90,2","353,3","99,2","0,7649","0,3205","0,7657","0,3053","0,7641","0,3357",thumbnail_grossTrial,thumbnail_grossTrial.png,1245.0,1080.0,337.0,0.0,798.0,692.0,Fixation,342.0,116.0,1286.0,357.0,"0,7621","0,3305",,
30876,61382075,1400500653362,Eye Tracker,Participant0058,17.09.2021,Participant0058,Recording4,17.09.2021,17.09.2021,14:48:45.713,12:48:45.713,64514,Timeline2,Tobii I-VT (Fixation),1.145.28180,1080,1920,"10,00",729244559.0,,,1289.0,352.0,1291.0,342.0,1287.0,362.0,"0,22614","-0,01501","-0,97398","0,11827","-0,00864","-0,99294",,,Valid,Valid,"234,8","101,4","512,9","292,5","103,6","505,8","353,9","93,5","352,7","99,2","0,7643","0,3259","0,7660","0,3162","0,7626","0,3355",thumbnail_grossTrial,thumbnail_grossTrial.png,1245.0,1080.0,337.0,0.0,798.0,692.0,Fixation,342.0,116.0,1286.0,357.0,"0,7621","0,3305",,
30877,61390431,1400500661718,Eye Tracker,Participant0058,17.09.2021,Participant0058,Recording4,17.09.2021,17.09.2021,14:48:45.713,12:48:45.713,64514,Timeline2,Tobii I-VT (Fixation),1.145.28180,1080,1920,"10,00",729252914.0,,,1291.0,349.0,1295.0,338.0,1286.0,360.0,"0,22812","-0,01664","-0,97349","0,11805","-0,00999","-0,99296",,,Valid,Valid,"234,7","101,4","512,9","292,4","103,6","505,9","354,9","92,6","352,6","98,5","0,7656","0,3233","0,7690","0,3134","0,7621","0,3332",thumbnail_grossTrial,thumbnail_grossTrial.png,1245.0,1080.0,337.0,0.0,798.0,692.0,Fixation,342.0,116.0,1286.0,357.0,"0,7621","0,3305",,
30878,61398843,1400500670130,Eye Tracker,Participant0058,17.09.2021,Participant0058,Recording4,17.09.2021,17.09.2021,14:48:45.713,12:48:45.713,64514,Timeline2,Tobii I-VT (Fixation),1.145.28180,1080,1920,"10,00",729261326.0,,,1284.0,347.0,1298.0,329.0,1269.0,365.0,"0,22960","-0,02126","-0,97305","0,10851","-0,00703","-0,99407","3,77","3,66",Valid,Valid,"234,8","101,3","513,0","292,5","103,4","506,0","355,8","90,1","347,7","99,9","0,7598","0,3214","0,7717","0,3049","0,7479","0,3379",thumbnail_grossTrial,thumbnail_grossTrial.png,1245.0,1080.0,337.0,0.0,798.0,692.0,Fixation,342.0,116.0,1286.0,357.0,"0,7621","0,3305",,
30879,61407061,1400500678348,Eye Tracker,Participant0058,17.09.2021,Participant0058,Recording4,17.09.2021,17.09.2021,14:48:45.713,12:48:45.713,64514,Timeline2,Tobii I-VT (Fixation),1.145.28180,1080,1920,"10,00",729269544.0,,,1288.0,354.0,1304.0,342.0,1272.0,367.0,"0,23223","-0,01464","-0,97255","0,11008","-0,00607","-0,99390",,,Valid,Valid,"234,8","101,3","512,9","292,5","103,4","506,0","357,3","93,6","348,5","100,4","0,7631","0,3281","0,7759","0,3167","0,7503","0,3395",thumbnail_grossTrial,thumbnail_grossTrial.png,1245.0,1080.0,337.0,0.0,798.0,692.0,Fixation,342.0,116.0,1286.0,357.0,"0,7621","0,3305",,
30880,61415461,1400500686748,Eye Tracker,Participant0058,17.09.2021,Participant0058,Recording4,17.09.2021,17.09.2021,14:48:45.713,12:48:45.713,64514,Timeline2,Tobii I-VT (Fixation),1.145.28180,1080,1920,"10,00",729277943.0,,,1288.0,354.0,1304.0,341.0,1272.0,367.0,"0,23255","-0,01496","-0,97247","0,11003","-0,00611","-0,99391",,,Valid,Valid,"234,8","101,3","513,0","292,5","103,4","506,2","357,4","93,5","348,5","100,3","0,7633","0,3278","0,7763","0,3162","0,7502","0,3394",thumbnail_grossTrial,thumbnail_grossTrial.png,1245.0,1080.0,337.0,0.0,798.0,692.0,Fixation,342.0,116.0,1286.0,357.0,"0,7621","0,3305",,
30881,61423729,1400500695016,Eye Tracker,Participant0058,17.09.2021,Participant0058,Recording4,17.09.2021,17.09.2021,14:48:45.713,12:48:45.713,64514,Timeline2,Tobii I-VT (Fixation),1.145.28180,1080,1920,"10,00",729286211.0,,,1272.0,374.0,1273.0,377.0,1270.0,370.0,"0,21719","0,00387","-0,97612","0,10896","-0,00412","-0,99404","3,77","3,67",Valid,Valid,"234,8","101,2","513,0","292,6","103,3","506,3","349,0","103,3","348,1","101,2","0,7502","0,3459","0,7516","0,3494","0,7489","0,3424",thumbnail_grossTrial,thumbnail_grossTrial.png,1245.0,1080.0,337.0,0.0,798.0,692.0,Fixation,342.0,116.0,1286.0,357.0,"0,7621","0,3305",,
30882,61432101,1400500703388,Eye Tracker,Participant0058,17.09.2021,Participant0058,Recording4,17.09.2021,17.09.2021,14:48:45.713,12:48:45.713,64514,Timeline2,Tobii I-VT (Fixation),1.145.28180,1080,1920,"10,00",729294582.0,,,1295.0,344.0,1299.0,331.0,1291.0,357.0,"0,23002","-0,02036","-0,97297","0,12022","-0,01086","-0,99269",,,Valid,Valid,"234,9","101,3","513,0","292,6","103,3","506,3","356,1","90,5","353,9","97,8","0,7692","0,3186","0,7725","0,3063","0,7659","0,3308",thumbnail_grossTrial,thumbnail_grossTrial.png,1245.0,1080.0,337.0,0.0,798.0,692.0,Saccade,33.0,255.0,,,,,,
30883,61440400,1400500711687,Eye Tracker,Participant0058,17.09.2021,Participant0058,Recording4,17.09.2021,17.09.2021,14:48:45.713,12:48:45.713,64514,Timeline2,Tobii I-VT (Fixation),1.145.28180,1080,1920,"10,00",729302881.0,,,1298.0,338.0,1301.0,323.0,1295.0,353.0,"0,23104","-0,02431","-0,97264","0,12210","-0,01314","-0,99243",,,Valid,Valid,"234,8","101,3","513,0","292,5","103,3","506,4","356,7","88,5","354,9","96,6","0,7715","0,3131","0,7741","0,2994","0,7688","0,3269",thumbnail_grossTrial,thumbnail_grossTrial.png,1245.0,1080.0,337.0,0.0,798.0,692.0,Saccade,33.0,255.0,,,,,,
30884,61448730,1400500720017,Eye Tracker,Participant0058,17.09.2021,Participant0058,Recording4,17.09.2021,17.09.2021,14:48:45.713,12:48:45.713,64514,Timeline2,Tobii I-VT (Fixation),1.145.28180,1080,1920,"10,00",729311210.0,,,1325.0,329.0,1312.0,326.0,1337.0,333.0,"0,23617","-0,02281","-0,97144","0,14425","-0,02383","-0,98925","3,82","3,66",Valid,Valid,"234,9","101,2","513,0","292,6","103,2","506,5","359,7","89,1","366,5","91,0","0,7928","0,3048","0,7829","0,3016","0,8028","0,3080",thumbnail_grossTrial,thumbnail_grossTrial.png,1245.0,1080.0,337.0,0.0,798.0,692.0,Saccade,33.0,255.0,,,,,,
30885,61457069,1400500728356,Eye Tracker,Participant0058,17.09.2021,Participant0058,Recording4,17.09.2021,17.09.2021,14:48:45.713,12:48:45.713,64514,Timeline2,Tobii I-VT (Fixation),1.145.28180,1080,1920,"10,00",729319549.0,,,1319.0,354.0,1300.0,375.0,1337.0,333.0,"0,23023","0,00268","-0,97313","0,14431","-0,02382","-0,98925",,,Valid,Valid,"234,9","101,2","513,0","292,6","103,2","506,4","356,3","102,7","366,5","91,0","0,7879","0,3277","0,7730","0,3473","0,8029","0,3080",thumbnail_grossTrial,thumbnail_grossTrial.png,1245.0,1080.0,337.0,0.0,798.0,692.0,Saccade,33.0,255.0,,,,,,
30886,61465406,1400500736693,Eye Tracker,Participant0058,17.09.2021,Participant0058,Recording4,17.09.2021,17.09.2021,14:48:45.713,12:48:45.713,64514,Timeline2,Tobii I-VT (Fixation),1.145.28180,1080,1920,"10,00",729327885.0,,,1309.0,354.0,1300.0,375.0,1319.0,333.0,"0,23038","0,00270","-0,97310","0,13465","-0,02364","-0,99061",,,Valid,Valid,"234,8","101,3","513,1","292,6","103,3","506,5","356,3","102,7","361,4","91,2","0,7805","0,3281","0,7731","0,3476","0,7880","0,3086",thumbnail_grossTrial,thumbnail_grossTrial.png,1245.0,1080.0,337.0,0.0,798.0,692.0,Unclassified,8.0,556.0,,,,,,
30887,61473753,1400500745040,Eye Tracker,Participant0058,17.09.2021,Participant0058,Recording4,17.09.2021,17.09.2021,14:48:45.713,12:48:45.713,64514,Timeline2,Tobii I-VT (Fixation),1.145.28180,1080,1920,"10,00",729336232.0,,,1292.0,355.0,1299.0,362.0,1286.0,348.0,"0,22950","-0,00417","-0,97330","0,11715","-0,01543","-0,99299","3,80","3,68",Valid,Valid,"234,9","101,2","513,1","292,6","103,2","506,6","355,9","99,0","352,4","95,3","0,7667","0,3287","0,7719","0,3349","0,7616","0,3225",thumbnail_grossTrial,thumbnail_grossTrial.png,1245.0,1080.0,337.0,0.0,798.0,692.0,Saccade,17.0,256.0,,,,,,
30888,61482142,1400500753429,Eye Tracker,Participant0058,17.09.2021,Participant0058,Recording4,17.09.2021,17.09.2021,14:48:45.713,12:48:45.713,64514,Timeline2,Tobii I-VT (Fixation),1.145.28180,1080,1920,"10,00",729344620.0,,,1317.0,328.0,1318.0,325.0,1315.0,332.0,"0,23911","-0,02340","-0,97071","0,13275","-0,02419","-0,99085",,,Valid,Valid,"234,9","101,2","513,1","292,6","103,3","506,5","361,3","88,9","360,5","90,9","0,7864","0,3041","0,7877","0,3007","0,7852","0,3075",thumbnail_grossTrial,thumbnail_grossTrial.png,1245.0,1080.0,337.0,0.0,798.0,692.0,Saccade,17.0,256.0,,,,,,
30889,61490421,1400500761708,Eye Tracker,Participant0058,17.09.2021,Participant0058,Recording4,17.09.2021,17.09.2021,14:48:45.713,12:48:45.713,64514,Timeline2,Tobii I-VT (Fixation),1.145.28180,1080,1920,"10,00",729352899.0,,,1316.0,332.0,1318.0,326.0,1314.0,338.0,"0,23894","-0,02309","-0,97076","0,13209","-0,02121","-0,99101",,,Valid,Valid,"234,8","101,3","513,2","292,5","103,3","506,6","361,1","89,1","360,1","92,5","0,7856","0,3072","0,7872","0,3014","0,7840","0,3129",thumbnail_grossTrial,thumbnail_grossTrial.png,1245.0,1080.0,337.0,0.0,798.0,692.0,Unclassified,58.0,557.0,,,,,,
30890,61498816,1400500770103,Eye Tracker,Participant0058,17.09.2021,Participant0058,Recording4,17.09.2021,17.09.2021,14:48:45.713,12:48:45.713,64514,Timeline2,Tobii I-VT (Fixation),1.145.28180,1080,1920,"10,00",729361293.0,,,1308.0,327.0,1318.0,319.0,1297.0,335.0,"0,23914","-0,02620","-0,97063","0,12302","-0,02250","-0,99215","3,79","3,71",Valid,Valid,"234,9","101,2","513,2","292,6","103,3","506,6","361,3","87,4","355,4","91,8","0,7791","0,3031","0,7878","0,2956","0,7704","0,3105",thumbnail_grossTrial,thumbnail_grossTrial.png,1245.0,1080.0,337.0,0.0,798.0,692.0,Unclassified,58.0,557.0,,,,,,
30891,61507099,1400500778386,Eye Tracker,Participant0058,17.09.2021,Participant0058,Recording4,17.09.2021,17.09.2021,14:48:45.713,12:48:45.713,64514,Timeline2,Tobii I-VT (Fixation),1.145.28180,1080,1920,"10,00",729369576.0,,,1307.0,340.0,1298.0,343.0,1316.0,337.0,"0,22928","-0,01376","-0,97326","0,13319","-0,02191","-0,99085",,,Valid,Valid,"234,9","101,2","513,2","292,6","103,3","506,5","355,8","94,0","360,7","92,1","0,7787","0,3148","0,7715","0,3180","0,7858","0,3116",thumbnail_grossTrial,thumbnail_grossTrial.png,1245.0,1080.0,337.0,0.0,798.0,692.0,Unclassified,58.0,557.0,,,,,,
30892,61515454,1400500786741,Eye Tracker,Participant0058,17.09.2021,Participant0058,Recording4,17.09.2021,17.09.2021,14:48:45.713,12:48:45.713,64514,Timeline2,Tobii I-VT (Fixation),1.145.28180,1080,1920,"10,00",729377930.0,,,1297.0,342.0,1298.0,343.0,1295.0,340.0,"0,22946","-0,01384","-0,97322","0,12233","-0,02031","-0,99228",,,Valid,Valid,"234,8","101,3","513,2","292,5","103,4","506,5","355,8","94,0","355,0","93,0","0,7704","0,3163","0,7716","0,3181","0,7692","0,3146",thumbnail_grossTrial,thumbnail_grossTrial.png,1245.0,1080.0,337.0,0.0,798.0,692.0,Unclassified,58.0,557.0,,,,,,
30893,61523727,1400500795014,Eye Tracker,Participant0058,17.09.2021,Participant0058,Recording4,17.09.2021,17.09.2021,14:48:45.713,12:48:45.713,64514,Timeline2,Tobii I-VT (Fixation),1.145.28180,1080,1920,"10,00",729386203.0,,,1297.0,343.0,1298.0,346.0,1297.0,341.0,"0,22904","-0,01265","-0,97333","0,12305","-0,01960","-0,99221","3,81","3,70",Valid,Valid,"234,9","101,2","513,2","292,6","103,3","506,5","355,7","94,6","355,4","93,3","0,7708","0,3178","0,7711","0,3199","0,7704","0,3156",thumbnail_grossTrial,thumbnail_grossTrial.png,1245.0,1080.0,337.0,0.0,798.0,692.0,Unclassified,58.0,557.0,,,,,,
30894,61532094,1400500803381,Eye Tracker,Participant0058,17.09.2021,Participant0058,Recording4,17.09.2021,17.09.2021,14:48:45.713,12:48:45.713,64514,Timeline2,Tobii I-VT (Fixation),1.145.28180,1080,1920,"10,00",729394569.0,,,1321.0,325.0,1322.0,312.0,1321.0,338.0,"0,24087","-0,03011","-0,97009","0,13557","-0,02100","-0,99055",,,Valid,Valid,"234,9","101,3","513,2","292,6","103,3","506,4","362,3","85,3","361,9","92,6","0,7901","0,3010","0,7906","0,2887","0,7895","0,3133",thumbnail_grossTrial,thumbnail_grossTrial.png,1245.0,1080.0,337.0,0.0,798.0,692.0,Unclassified,58.0,557.0,,,,,,
30895,61540389,1400500811676,Eye Tracker,Participant0058,17.09.2021,Participant0058,Recording4,17.09.2021,17.09.2021,14:48:45.713,12:48:45.713,64514,Timeline2,Tobii I-VT (Fixation),1.145.28180,1080,1920,"10,00",729402864.0,,,1318.0,325.0,1324.0,314.0,1313.0,336.0,"0,24194","-0,02895","-0,96986","0,13172","-0,02244","-0,99103",,,Valid,Valid,"234,8","101,3","513,2","292,6","103,4","506,5","362,8","86,0","359,9","91,9","0,7878","0,3010","0,7922","0,2910","0,7835","0,3110",thumbnail_grossTrial,thumbnail_grossTrial.png,1245.0,1080.0,337.0,0.0,798.0,692.0,Unclassified,58.0,557.0,,,,,,
30896,61548751,1400500820038,Eye Tracker,Participant0058,17.09.2021,Participant0058,Recording4,17.09.2021,17.09.2021,14:48:45.713,12:48:45.713,64514,Timeline2,Tobii I-VT (Fixation),1.145.28180,1080,1920,"10,00",729411225.0,,,1306.0,336.0,1324.0,320.0,1288.0,352.0,"0,24186","-0,02571","-0,96997","0,11831","-0,01377","-0,99288","3,84","3,69",Valid,Valid,"234,9","101,3","513,1","292,6","103,3","506,5","362,8","87,7","353,0","96,3","0,7777","0,3111","0,7922","0,2966","0,7633","0,3257",thumbnail_grossTrial,thumbnail_grossTrial.png,1245.0,1080.0,337.0,0.0,798.0,692.0,Saccade,8.0,257.0,,,,,,
30897,61557057,1400500828344,Eye Tracker,Participant0058,17.09.2021,Participant0058,Recording4,17.09.2021,17.09.2021,14:48:45.713,12:48:45.713,64514,Timeline2,Tobii I-VT (Fixation),1.145.28180,1080,1920,"10,00",729419531.0,,,1307.0,338.0,1327.0,321.0,1288.0,354.0,"0,24327","-0,02525","-0,96963","0,11816","-0,01265","-0,99291",,,Valid,Valid,"234,9","101,3","513,0","292,6","103,3","506,4","363,6","88,0","352,9","96,9","0,7787","0,3127","0,7945","0,2976","0,7630","0,3278",thumbnail_grossTrial,thumbnail_grossTrial.png,1245.0,1080.0,337.0,0.0,798.0,692.0,Fixation,192.0,117.0,1317.0,331.0,"0,7866","0,3064",,
30898,61565388,1400500836675,Eye Tracker,Participant0058,17.09.2021,Participant0058,Recording4,17.09.2021,17.09.2021,14:48:45.713,12:48:45.713,64514,Timeline2,Tobii I-VT (Fixation),1.145.28180,1080,1920,"10,00",729427861.0,,,1306.0,336.0,1324.0,318.0,1287.0,354.0,"0,24204","-0,02697","-0,96989","0,11826","-0,01276","-0,99290",,,Valid,Valid,"234,8","101,4","512,9","292,6","103,4","506,4","362,8","87,1","352,9","96,9","0,7776","0,3113","0,7922","0,2948","0,7630","0,3278",thumbnail_grossTrial,thumbnail_grossTrial.png,1245.0,1080.0,337.0,0.0,798.0,692.0,Fixation,192.0,117.0,1317.0,331.0,"0,7866","0,3064",,
30899,61573799,1400500845086,Eye Tracker,Participant0058,17.09.2021,Participant0058,Recording4,17.09.2021,17.09.2021,14:48:45.713,12:48:45.713,64514,Timeline2,Tobii I-VT (Fixation),1.145.28180,1080,1920,"10,00",729436271.0,,,1321.0,327.0,1335.0,302.0,1307.0,352.0,"0,24740","-0,03539","-0,96827","0,12867","-0,01368","-0,99159","4,15","3,57",Valid,Valid,"234,9","101,4","512,9","292,6","103,3","506,4","365,9","82,6","358,3","96,3","0,7901","0,3027","0,8013","0,2795","0,7790","0,3259",thumbnail_grossTrial,thumbnail_grossTrial.png,1245.0,1080.0,337.0,0.0,798.0,692.0,Fixation,192.0,117.0,1317.0,331.0,"0,7866","0,3064",,
30900,61582076,1400500853363,Eye Tracker,Participant0058,17.09.2021,Participant0058,Recording4,17.09.2021,17.09.2021,14:48:45.713,12:48:45.713,64514,Timeline2,Tobii I-VT (Fixation),1.145.28180,1080,1920,"10,00",729444548.0,,,1320.0,322.0,1329.0,296.0,1311.0,348.0,"0,24452","-0,03846","-0,96888","0,13070","-0,01612","-0,99129",,,Valid,Valid,"234,9","101,4","512,7","292,6","103,4","506,2","364,3","81,1","359,3","95,1","0,7892","0,2980","0,7964","0,2742","0,7819","0,3219",thumbnail_grossTrial,thumbnail_grossTrial.png,1245.0,1080.0,337.0,0.0,798.0,692.0,Fixation,192.0,117.0,1317.0,331.0,"0,7866","0,3064",,
30901,61590415,1400500861702,Eye Tracker,Participant0058,17.09.2021,Participant0058,Recording4,17.09.2021,17.09.2021,14:48:45.713,12:48:45.713,64514,Timeline2,Tobii I-VT (Fixation),1.145.28180,1080,1920,"10,00",729452887.0,,,1319.0,327.0,1328.0,300.0,1310.0,354.0,"0,24389","-0,03645","-0,96912","0,13023","-0,01292","-0,99140",,,Valid,Valid,"234,8","101,5","512,6","292,5","103,4","506,2","363,8","82,2","359,0","96,8","0,7881","0,3029","0,7951","0,2782","0,7810","0,3276",thumbnail_grossTrial,thumbnail_grossTrial.png,1245.0,1080.0,337.0,0.0,798.0,692.0,Fixation,192.0,117.0,1317.0,331.0,"0,7866","0,3064",,
30902,61598720,1400500870007,Eye Tracker,Participant0058,17.09.2021,Participant0058,Recording4,17.09.2021,17.09.2021,14:48:45.713,12:48:45.713,64514,Timeline2,Tobii I-VT (Fixation),1.145.28180,1080,1920,"10,00",729461191.0,,,1321.0,328.0,1328.0,308.0,1315.0,349.0,"0,24403","-0,03259","-0,96922","0,13271","-0,01521","-0,99104","4,35","3,72",Valid,Valid,"234,9","101,4","512,5","292,6","103,3","506,2","364,0","84,2","360,4","95,6","0,7902","0,3041","0,7954","0,2848","0,7850","0,3233",thumbnail_grossTrial,thumbnail_grossTrial.png,1245.0,1080.0,337.0,0.0,798.0,692.0,Fixation,192.0,117.0,1317.0,331.0,"0,7866","0,3064",,
30903,61607067,1400500878354,Eye Tracker,Participant0058,17.09.2021,Participant0058,Recording4,17.09.2021,17.09.2021,14:48:45.713,12:48:45.713,64514,Timeline2,Tobii I-VT (Fixation),1.145.28180,1080,1920,"10,00",729469538.0,,,1319.0,330.0,1326.0,309.0,1311.0,352.0,"0,24332","-0,03214","-0,96941","0,13067","-0,01390","-0,99133",,,Valid,Valid,"234,9","101,5","512,4","292,6","103,4","506,1","363,5","84,5","359,3","96,3","0,7880","0,3059","0,7942","0,2860","0,7818","0,3259",thumbnail_grossTrial,thumbnail_grossTrial.png,1245.0,1080.0,337.0,0.0,798.0,692.0,Fixation,192.0,117.0,1317.0,331.0,"0,7866","0,3064",,
30904,61615425,1400500886712,Eye Tracker,Participant0058,17.09.2021,Participant0058,Recording4,17.09.2021,17.09.2021,14:48:45.713,12:48:45.713,64514,Timeline2,Tobii I-VT (Fixation),1.145.28180,1080,1920,"10,00",729477895.0,,,1325.0,330.0,1337.0,318.0,1313.0,343.0,"0,24851","-0,02744","-0,96824","0,13172","-0,01907","-0,99110",,,Valid,Valid,"234,8","101,6","512,3","292,5","103,5","506,1","366,3","87,1","359,8","93,7","0,7928","0,3059","0,8024","0,2947","0,7832","0,3171",thumbnail_grossTrial,thumbnail_grossTrial.png,1245.0,1080.0,337.0,0.0,798.0,692.0,Fixation,192.0,117.0,1317.0,331.0,"0,7866","0,3064",,
30905,61623810,1400500895097,Eye Tracker,Participant0058,17.09.2021,Participant0058,Recording4,17.09.2021,17.09.2021,14:48:45.713,12:48:45.713,64514,Timeline2,Tobii I-VT (Fixation),1.145.28180,1080,1920,"10,00",729486280.0,,,1321.0,333.0,1333.0,319.0,1309.0,347.0,"0,24648","-0,02712","-0,96877","0,12959","-0,01663","-0,99143","3,99","3,59",Valid,Valid,"234,9","101,5","512,3","292,6","103,4","506,1","365,2","87,2","358,7","94,9","0,7897","0,3081","0,7992","0,2951","0,7802","0,3211",thumbnail_grossTrial,thumbnail_grossTrial.png,1245.0,1080.0,337.0,0.0,798.0,692.0,Fixation,192.0,117.0,1317.0,331.0,"0,7866","0,3064",,
30906,61632049,1400500903336,Eye Tracker,Participant0058,17.09.2021,Participant0058,Recording4,17.09.2021,17.09.2021,14:48:45.713,12:48:45.713,64514,Timeline2,Tobii I-VT (Fixation),1.145.28180,1080,1920,"10,00",729494519.0,,,1328.0,330.0,1337.0,319.0,1318.0,342.0,"0,24887","-0,02719","-0,96816","0,13421","-0,01924","-0,99077",,,Valid,Valid,"234,9","101,6","512,1","292,6","103,5","506,0","366,6","87,2","361,1","93,6","0,7951","0,3060","0,8031","0,2952","0,7871","0,3169",thumbnail_grossTrial,thumbnail_grossTrial.png,1245.0,1080.0,337.0,0.0,798.0,692.0,Fixation,192.0,117.0,1317.0,331.0,"0,7866","0,3064",,
30907,61640416,1400500911703,Eye Tracker,Participant0058,17.09.2021,Participant0058,Recording4,17.09.2021,17.09.2021,14:48:45.713,12:48:45.713,64514,Timeline2,Tobii I-VT (Fixation),1.145.28180,1080,1920,"10,00",729502884.0,,,1321.0,327.0,1326.0,308.0,1315.0,346.0,"0,24324","-0,03284","-0,96941","0,13312","-0,01711","-0,99095",,,Valid,Valid,"234,9","101,7","512,1","292,5","103,5","506,0","363,4","84,4","360,5","94,8","0,7895","0,3031","0,7937","0,2854","0,7853","0,3207",thumbnail_grossTrial,thumbnail_grossTrial.png,1245.0,1080.0,337.0,0.0,798.0,692.0,Fixation,192.0,117.0,1317.0,331.0,"0,7866","0,3064",,
30908,61648719,1400500920006,Eye Tracker,Participant0058,17.09.2021,Participant0058,Recording4,17.09.2021,17.09.2021,14:48:45.713,12:48:45.713,64514,Timeline2,Tobii I-VT (Fixation),1.145.28180,1080,1920,"10,00",729511187.0,,,1318.0,331.0,1319.0,317.0,1318.0,346.0,"0,23970","-0,02838","-0,97043","0,13414","-0,01735","-0,99081","3,84","3,58",Valid,Valid,"234,9","101,7","512,1","292,6","103,4","506,0","361,4","86,7","361,1","94,6","0,7876","0,3067","0,7880","0,2933","0,7871","0,3200",thumbnail_grossTrial,thumbnail_grossTrial.png,1245.0,1080.0,337.0,0.0,798.0,692.0,Fixation,192.0,117.0,1317.0,331.0,"0,7866","0,3064",,
30909,61657084,1400500928371,Eye Tracker,Participant0058,17.09.2021,Participant0058,Recording4,17.09.2021,17.09.2021,14:48:45.713,12:48:45.713,64514,Timeline2,Tobii I-VT (Fixation),1.145.28180,1080,1920,"10,00",729519552.0,,,1314.0,332.0,1315.0,315.0,1312.0,348.0,"0,23779","-0,02913","-0,97088","0,13151","-0,01636","-0,99118",,,Valid,Valid,"234,9","101,7","512,0","292,6","103,5","505,9","360,4","86,3","359,7","95,2","0,7840","0,3070","0,7849","0,2921","0,7830","0,3220",thumbnail_grossTrial,thumbnail_grossTrial.png,1245.0,1080.0,337.0,0.0,798.0,692.0,Fixation,192.0,117.0,1317.0,331.0,"0,7866","0,3064",,
30910,61665410,1400500936697,Eye Tracker,Participant0058,17.09.2021,Participant0058,Recording4,17.09.2021,17.09.2021,14:48:45.713,12:48:45.713,64514,Timeline2,Tobii I-VT (Fixation),1.145.28180,1080,1920,"10,00",729527878.0,,,1315.0,331.0,1318.0,316.0,1313.0,346.0,"0,23938","-0,02913","-0,97049","0,13182","-0,01727","-0,99112",,,Valid,Valid,"234,9","101,8","512,1","292,5","103,6","506,0","361,2","86,4","359,8","94,7","0,7853","0,3064","0,7873","0,2923","0,7834","0,3206",thumbnail_grossTrial,thumbnail_grossTrial.png,1245.0,1080.0,337.0,0.0,798.0,692.0,Fixation,192.0,117.0,1317.0,331.0,"0,7866","0,3064",,
30911,61673812,1400500945099,Eye Tracker,Participant0058,17.09.2021,Participant0058,Recording4,17.09.2021,17.09.2021,14:48:45.713,12:48:45.713,64514,Timeline2,Tobii I-VT (Fixation),1.145.28180,1080,1920,"10,00",729536278.0,,,1317.0,329.0,1319.0,316.0,1315.0,343.0,"0,23996","-0,02889","-0,97035","0,13274","-0,01877","-0,99097","3,84","3,71",Valid,Valid,"234,9","101,7","512,1","292,6","103,5","506,0","361,6","86,4","360,4","93,9","0,7867","0,3050","0,7884","0,2925","0,7850","0,3176",thumbnail_grossTrial,thumbnail_grossTrial.png,1245.0,1080.0,337.0,0.0,798.0,692.0,Fixation,192.0,117.0,1317.0,331.0,"0,7866","0,3064",,
30912,61682145,1400500953432,Eye Tracker,Participant0058,17.09.2021,Participant0058,Recording4,17.09.2021,17.09.2021,14:48:45.713,12:48:45.713,64514,Timeline2,Tobii I-VT (Fixation),1.145.28180,1080,1920,"10,00",729544611.0,,,1307.0,342.0,1320.0,327.0,1294.0,356.0,"0,24021","-0,02298","-0,97045","0,12189","-0,01174","-0,99247",,,Valid,Valid,"234,9","101,7","512,0","292,6","103,5","505,9","361,7","89,6","354,7","97,5","0,7786","0,3165","0,7888","0,3031","0,7684","0,3300",thumbnail_grossTrial,thumbnail_grossTrial.png,1245.0,1080.0,337.0,0.0,798.0,692.0,Fixation,192.0,117.0,1317.0,331.0,"0,7866","0,3064",,
30913,61690476,1400500961763,Eye Tracker,Participant0058,17.09.2021,Participant0058,Recording4,17.09.2021,17.09.2021,14:48:45.713,12:48:45.713,64514,Timeline2,Tobii I-VT (Fixation),1.145.28180,1080,1920,"10,00",729552942.0,,,1307.0,340.0,1320.0,323.0,1294.0,356.0,"0,24040","-0,02528","-0,97035","0,12198","-0,01180","-0,99246",,,Valid,Valid,"234,9","101,8","512,0","292,5","103,5","506,0","361,7","88,4","354,7","97,5","0,7786","0,3146","0,7889","0,2992","0,7684","0,3300",thumbnail_grossTrial,thumbnail_grossTrial.png,1245.0,1080.0,337.0,0.0,798.0,692.0,Fixation,192.0,117.0,1317.0,331.0,"0,7866","0,3064",,
30914,61698772,1400500970059,Eye Tracker,Participant0058,17.09.2021,Participant0058,Recording4,17.09.2021,17.09.2021,14:48:45.713,12:48:45.713,64514,Timeline2,Tobii I-VT (Fixation),1.145.28180,1080,1920,"10,00",729561237.0,,,1305.0,337.0,1317.0,320.0,1294.0,355.0,"0,23894","-0,02695","-0,97066","0,12160","-0,01215","-0,99251","3,80","3,70",Valid,Valid,"234,9","101,7","512,1","292,6","103,4","506,0","361,0","87,5","354,6","97,2","0,7774","0,3124","0,7867","0,2959","0,7680","0,3289",thumbnail_grossTrial,thumbnail_grossTrial.png,1245.0,1080.0,337.0,0.0,798.0,692.0,Fixation,192.0,117.0,1317.0,331.0,"0,7866","0,3064",,
30915,61707074,1400500978361,Eye Tracker,Participant0058,17.09.2021,Participant0058,Recording4,17.09.2021,17.09.2021,14:48:45.713,12:48:45.713,64514,Timeline2,Tobii I-VT (Fixation),1.145.28180,1080,1920,"10,00",729569539.0,,,1307.0,329.0,1319.0,305.0,1296.0,353.0,"0,23973","-0,03451","-0,97023","0,12260","-0,01355","-0,99236",,,Valid,Valid,"234,9","101,7","512,0","292,6","103,4","506,0","361,4","83,5","355,1","96,5","0,7788","0,3045","0,7881","0,2824","0,7695","0,3266",thumbnail_grossTrial,thumbnail_grossTrial.png,1245.0,1080.0,337.0,0.0,798.0,692.0,Fixation,192.0,117.0,1317.0,331.0,"0,7866","0,3064",,
30916,61715407,1400500986694,Eye Tracker,Participant0058,17.09.2021,Participant0058,Recording4,17.09.2021,17.09.2021,14:48:45.713,12:48:45.713,64514,Timeline2,Tobii I-VT (Fixation),1.145.28180,1080,1920,"10,00",729577871.0,,,1312.0,325.0,1327.0,298.0,1296.0,353.0,"0,24394","-0,03827","-0,96904","0,12264","-0,01372","-0,99236",,,Valid,Valid,"234,9","101,8","512,0","292,6","103,5","506,1","363,8","81,5","355,1","96,5","0,7823","0,3012","0,7950","0,2759","0,7695","0,3266",thumbnail_grossTrial,thumbnail_grossTrial.png,1245.0,1080.0,337.0,0.0,798.0,692.0,Fixation,192.0,117.0,1317.0,331.0,"0,7866","0,3064",,
30917,61723799,1400500995086,Eye Tracker,Participant0058,17.09.2021,Participant0058,Recording4,17.09.2021,17.09.2021,14:48:45.713,12:48:45.713,64514,Timeline2,Tobii I-VT (Fixation),1.145.28180,1080,1920,"10,00",729586263.0,,,1321.0,324.0,1336.0,299.0,1307.0,350.0,"0,24812","-0,03767","-0,96800","0,12817","-0,01499","-0,99164","3,79","3,73",Valid,Valid,"235,0","101,6","512,0","292,7","103,4","506,1","366,3","81,7","358,1","95,7","0,7902","0,3002","0,8022","0,2765","0,7782","0,3238",thumbnail_grossTrial,thumbnail_grossTrial.png,1245.0,1080.0,337.0,0.0,798.0,692.0,Fixation,192.0,117.0,1317.0,331.0,"0,7866","0,3064",,
30918,61732054,1400501003341,Eye Tracker,Participant0058,17.09.2021,Participant0058,Recording4,17.09.2021,17.09.2021,14:48:45.713,12:48:45.713,64514,Timeline2,Tobii I-VT (Fixation),1.145.28180,1080,1920,"10,00",729594517.0,,,1333.0,327.0,1343.0,310.0,1323.0,343.0,"0,25137","-0,03193","-0,96736","0,13695","-0,01857","-0,99040",,,Valid,Valid,"235,0","101,7","511,9","292,6","103,4","506,1","368,0","84,8","362,6","93,9","0,7995","0,3023","0,8074","0,2869","0,7915","0,3178",thumbnail_grossTrial,thumbnail_grossTrial.png,1245.0,1080.0,337.0,0.0,798.0,692.0,Fixation,192.0,117.0,1317.0,331.0,"0,7866","0,3064",,
30919,61740391,1400501011678,Eye Tracker,Participant0058,17.09.2021,Participant0058,Recording4,17.09.2021,17.09.2021,14:48:45.713,12:48:45.713,64514,Timeline2,Tobii I-VT (Fixation),1.145.28180,1080,1920,"10,00",729602854.0,,,1332.0,329.0,1341.0,315.0,1323.0,343.0,"0,25051","-0,02930","-0,96767","0,13709","-0,01869","-0,99038",,,Valid,Valid,"234,9","101,8","512,0","292,6","103,5","506,2","367,5","86,3","362,6","93,9","0,7987","0,3049","0,8057","0,2919","0,7916","0,3178",thumbnail_grossTrial,thumbnail_grossTrial.png,1245.0,1080.0,337.0,0.0,798.0,692.0,Fixation,192.0,117.0,1317.0,331.0,"0,7866","0,3064",,
30920,61748714,1400501020001,Eye Tracker,Participant0058,17.09.2021,Participant0058,Recording4,17.09.2021,17.09.2021,14:48:45.713,12:48:45.713,64514,Timeline2,Tobii I-VT (Fixation),1.145.28180,1080,1920,"10,00",729611176.0,,,1328.0,329.0,1333.0,322.0,1323.0,336.0,"0,24672","-0,02572","-0,96875","0,13674","-0,02211","-0,99036","3,81","3,75",Valid,Valid,"235,1","101,6","511,9","292,7","103,4","506,2","365,4","88,0","362,6","92,1","0,7956","0,3047","0,7998","0,2978","0,7914","0,3115",thumbnail_grossTrial,thumbnail_grossTrial.png,1245.0,1080.0,337.0,0.0,798.0,692.0,Saccade,17.0,258.0,,,,,,
30921,61757051,1400501028338,Eye Tracker,Participant0058,17.09.2021,Participant0058,Recording4,17.09.2021,17.09.2021,14:48:45.713,12:48:45.713,64514,Timeline2,Tobii I-VT (Fixation),1.145.28180,1080,1920,"10,00",729619513.0,,,1323.0,347.0,1303.0,373.0,1343.0,321.0,"0,23193","0,00081","-0,97273","0,14727","-0,03008","-0,98864",,,Valid,Valid,"235,0","101,7","511,9","292,7","103,4","506,2","357,1","102,2","368,1","88,0","0,7914","0,3217","0,7753","0,3456","0,8075","0,2977",thumbnail_grossTrial,thumbnail_grossTrial.png,1245.0,1080.0,337.0,0.0,798.0,692.0,Saccade,17.0,258.0,,,,,,
30922,61765384,1400501036671,Eye Tracker,Participant0058,17.09.2021,Participant0058,Recording4,17.09.2021,17.09.2021,14:48:45.713,12:48:45.713,64514,Timeline2,Tobii I-VT (Fixation),1.145.28180,1080,1920,"10,00",729627845.0,,,1322.0,349.0,1303.0,373.0,1340.0,325.0,"0,23208","0,00066","-0,97270","0,14603","-0,02816","-0,98888",,,Valid,Valid,"234,9","101,8","511,9","292,6","103,5","506,3","357,1","102,2","367,4","89,1","0,7904","0,3235","0,7753","0,3457","0,8055","0,3013",thumbnail_grossTrial,thumbnail_grossTrial.png,1245.0,1080.0,337.0,0.0,798.0,692.0,Unclassified,8.0,558.0,,,,,,
30923,61773797,1400501045084,Eye Tracker,Participant0058,17.09.2021,Participant0058,Recording4,17.09.2021,17.09.2021,14:48:45.713,12:48:45.713,64514,Timeline2,Tobii I-VT (Fixation),1.145.28180,1080,1920,"10,00",729636258.0,,,1325.0,350.0,1314.0,364.0,1336.0,337.0,"0,23716","-0,00412","-0,97146","0,14366","-0,02189","-0,98938","3,83","3,60",Valid,Valid,"235,0","101,7","511,9","292,7","103,4","506,3","360,0","99,5","366,2","92,2","0,7929","0,3243","0,7839","0,3367","0,8020","0,3118",thumbnail_grossTrial,thumbnail_grossTrial.png,1245.0,1080.0,337.0,0.0,798.0,692.0,Saccade,17.0,259.0,,,,,,
30924,61782072,1400501053359,Eye Tracker,Participant0058,17.09.2021,Participant0058,Recording4,17.09.2021,17.09.2021,14:48:45.713,12:48:45.713,64514,Timeline2,Tobii I-VT (Fixation),1.145.28180,1080,1920,"10,00",729644532.0,,,1337.0,325.0,1339.0,318.0,1335.0,333.0,"0,24955","-0,02775","-0,96796","0,14335","-0,02413","-0,98938",,,Valid,Valid,"235,0","101,8","511,9","292,7","103,4","506,2","367,0","87,1","366,0","91,1","0,8029","0,3014","0,8043","0,2946","0,8015","0,3081",thumbnail_grossTrial,thumbnail_grossTrial.png,1245.0,1080.0,337.0,0.0,798.0,692.0,Saccade,17.0,259.0,,,,,,
30925,61790460,1400501061747,Eye Tracker,Participant0058,17.09.2021,Participant0058,Recording4,17.09.2021,17.09.2021,14:48:45.713,12:48:45.713,64514,Timeline2,Tobii I-VT (Fixation),1.145.28180,1080,1920,"10,00",729652920.0,,,1341.0,325.0,1343.0,318.0,1339.0,332.0,"0,25154","-0,02796","-0,96744","0,14559","-0,02454","-0,98904",,,Valid,Valid,"234,9","101,8","511,9","292,6","103,5","506,2","368,0","87,0","367,1","91,0","0,8061","0,3011","0,8074","0,2945","0,8047","0,3077",thumbnail_grossTrial,thumbnail_grossTrial.png,1245.0,1080.0,337.0,0.0,798.0,692.0,Fixation,83.0,118.0,1338.0,331.0,"0,8037","0,3066",,
30926,61798710,1400501069997,Eye Tracker,Participant0058,17.09.2021,Participant0058,Recording4,17.09.2021,17.09.2021,14:48:45.713,12:48:45.713,64514,Timeline2,Tobii I-VT (Fixation),1.145.28180,1080,1920,"10,00",729661169.0,,,1335.0,323.0,1346.0,314.0,1324.0,332.0,"0,25306","-0,03004","-0,96698","0,13743","-0,02438","-0,99021","3,88","3,79",Valid,Valid,"235,0","101,8","511,9","292,6","103,4","506,2","369,0","85,9","362,9","91,0","0,8012","0,2992","0,8101","0,2906","0,7924","0,3078",thumbnail_grossTrial,thumbnail_grossTrial.png,1245.0,1080.0,337.0,0.0,798.0,692.0,Fixation,83.0,118.0,1338.0,331.0,"0,8037","0,3066",,
30927,61807053,1400501078340,Eye Tracker,Participant0058,17.09.2021,Participant0058,Recording4,17.09.2021,17.09.2021,14:48:45.713,12:48:45.713,64514,Timeline2,Tobii I-VT (Fixation),1.145.28180,1080,1920,"10,00",729669512.0,,,1339.0,324.0,1350.0,314.0,1327.0,335.0,"0,25510","-0,02997","-0,96645","0,13898","-0,02330","-0,99002",,,Valid,Valid,"235,0","101,8","511,8","292,6","103,5","506,0","370,1","85,9","363,7","91,6","0,8040","0,3003","0,8135","0,2908","0,7946","0,3099",thumbnail_grossTrial,thumbnail_grossTrial.png,1245.0,1080.0,337.0,0.0,798.0,692.0,Fixation,83.0,118.0,1338.0,331.0,"0,8037","0,3066",,
30928,61815385,1400501086672,Eye Tracker,Participant0058,17.09.2021,Participant0058,Recording4,17.09.2021,17.09.2021,14:48:45.713,12:48:45.713,64514,Timeline2,Tobii I-VT (Fixation),1.145.28180,1080,1920,"10,00",729677843.0,,,1335.0,326.0,1343.0,318.0,1327.0,335.0,"0,25165","-0,02799","-0,96741","0,13919","-0,02358","-0,98999",,,Valid,Valid,"234,9","101,9","511,8","292,6","103,6","506,0","368,1","87,1","363,7","91,6","0,8011","0,3022","0,8075","0,2946","0,7947","0,3098",thumbnail_grossTrial,thumbnail_grossTrial.png,1245.0,1080.0,337.0,0.0,798.0,692.0,Fixation,83.0,118.0,1338.0,331.0,"0,8037","0,3066",,
30929,61823745,1400501095032,Eye Tracker,Participant0058,17.09.2021,Participant0058,Recording4,17.09.2021,17.09.2021,14:48:45.713,12:48:45.713,64514,Timeline2,Tobii I-VT (Fixation),1.145.28180,1080,1920,"10,00",729686203.0,,,1332.0,336.0,1338.0,332.0,1326.0,340.0,"0,24921","-0,02060","-0,96823","0,13880","-0,02073","-0,99010","3,89","3,76",Valid,Valid,"235,0","101,8","511,8","292,6","103,6","505,9","366,7","90,9","363,5","93,0","0,7989","0,3111","0,8036","0,3076","0,7942","0,3145",thumbnail_grossTrial,thumbnail_grossTrial.png,1245.0,1080.0,337.0,0.0,798.0,692.0,Fixation,83.0,118.0,1338.0,331.0,"0,8037","0,3066",,
30930,61832070,1400501103357,Eye Tracker,Participant0058,17.09.2021,Participant0058,Recording4,17.09.2021,17.09.2021,14:48:45.713,12:48:45.713,64514,Timeline2,Tobii I-VT (Fixation),1.145.28180,1080,1920,"10,00",729694527.0,,,1334.0,338.0,1337.0,332.0,1330.0,343.0,"0,24877","-0,02094","-0,96834","0,14073","-0,01894","-0,98987",,,Valid,Valid,"235,0","101,9","511,7","292,6","103,7","505,7","366,5","90,8","364,5","94,0","0,7999","0,3126","0,8028","0,3073","0,7971","0,3180",thumbnail_grossTrial,thumbnail_grossTrial.png,1245.0,1080.0,337.0,0.0,798.0,692.0,Fixation,83.0,118.0,1338.0,331.0,"0,8037","0,3066",,
30931,61840391,1400501111678,Eye Tracker,Participant0058,17.09.2021,Participant0058,Recording4,17.09.2021,17.09.2021,14:48:45.713,12:48:45.713,64514,Timeline2,Tobii I-VT (Fixation),1.145.28180,1080,1920,"10,00",729702848.0,,,1336.0,335.0,1343.0,327.0,1330.0,343.0,"0,25162","-0,02378","-0,96753","0,14083","-0,01923","-0,98985",,,Valid,Valid,"234,9","102,0","511,6","292,5","103,8","505,6","368,0","89,4","364,5","94,0","0,8021","0,3102","0,8073","0,3025","0,7970","0,3179",thumbnail_grossTrial,thumbnail_grossTrial.png,1245.0,1080.0,337.0,0.0,798.0,692.0,Fixation,83.0,118.0,1338.0,331.0,"0,8037","0,3066",,
30932,61848707,1400501119994,Eye Tracker,Participant0058,17.09.2021,Participant0058,Recording4,17.09.2021,17.09.2021,14:48:45.713,12:48:45.713,64514,Timeline2,Tobii I-VT (Fixation),1.145.28180,1080,1920,"10,00",729711163.0,,,1346.0,325.0,1346.0,311.0,1346.0,339.0,"0,25321","-0,03168","-0,96689","0,14930","-0,02167","-0,98856","3,85","3,65",Valid,Valid,"235,0","101,9","511,6","292,6","103,7","505,4","369,0","85,2","368,9","92,7","0,8101","0,3008","0,8103","0,2881","0,8100","0,3135",thumbnail_grossTrial,thumbnail_grossTrial.png,1245.0,1080.0,337.0,0.0,798.0,692.0,Fixation,83.0,118.0,1338.0,331.0,"0,8037","0,3066",,
30933,61857077,1400501128364,Eye Tracker,Participant0058,17.09.2021,Participant0058,Recording4,17.09.2021,17.09.2021,14:48:45.713,12:48:45.713,64514,Timeline2,Tobii I-VT (Fixation),1.145.28180,1080,1920,"10,00",729719533.0,,,1345.0,334.0,1346.0,327.0,1344.0,342.0,"0,25291","-0,02366","-0,96720","0,14833","-0,01995","-0,98874",,,Valid,Valid,"235,0","102,0","511,5","292,6","103,8","505,2","368,8","89,4","368,4","93,6","0,8090","0,3097","0,8096","0,3026","0,8084","0,3168",thumbnail_grossTrial,thumbnail_grossTrial.png,1245.0,1080.0,337.0,0.0,798.0,692.0,Fixation,83.0,118.0,1338.0,331.0,"0,8037","0,3066",,
30934,61865375,1400501136662,Eye Tracker,Participant0058,17.09.2021,Participant0058,Recording4,17.09.2021,17.09.2021,14:48:45.713,12:48:45.713,64514,Timeline2,Tobii I-VT (Fixation),1.145.28180,1080,1920,"10,00",729727830.0,,,1343.0,335.0,1345.0,328.0,1341.0,342.0,"0,25271","-0,02324","-0,96726","0,14705","-0,02028","-0,98892",,,Valid,Valid,"235,0","102,1","511,4","292,5","104,0","505,1","368,6","89,8","367,6","93,6","0,8076","0,3102","0,8090","0,3037","0,8062","0,3168",thumbnail_grossTrial,thumbnail_grossTrial.png,1245.0,1080.0,337.0,0.0,798.0,692.0,Fixation,83.0,118.0,1338.0,331.0,"0,8037","0,3066",,
30935,61873773,1400501145060,Eye Tracker,Participant0058,17.09.2021,Participant0058,Recording4,17.09.2021,17.09.2021,14:48:45.713,12:48:45.713,64514,Timeline2,Tobii I-VT (Fixation),1.145.28180,1080,1920,"10,00",729736228.0,,,1328.0,355.0,1317.0,370.0,1338.0,341.0,"0,23907","-0,00158","-0,97100","0,14541","-0,02070","-0,98915","3,92","3,66",Valid,Valid,"235,0","102,0","511,3","292,6","103,9","504,9","360,9","101,2","366,8","93,4","0,7952","0,3291","0,7866","0,3423","0,8038","0,3158",thumbnail_grossTrial,thumbnail_grossTrial.png,1245.0,1080.0,337.0,0.0,798.0,692.0,Saccade,8.0,260.0,,,,,,
30936,61882035,1400501153322,Eye Tracker,Participant0058,17.09.2021,Participant0058,Recording4,17.09.2021,17.09.2021,14:48:45.713,12:48:45.713,64514,Timeline2,Tobii I-VT (Fixation),1.145.28180,1080,1920,"10,00",729744489.0,,,1330.0,343.0,1346.0,322.0,1314.0,363.0,"0,25334","-0,02618","-0,96702","0,13290","-0,00892","-0,99109",,,Valid,Valid,"235,1","102,0","511,2","292,6","104,0","504,7","369,0","88,2","360,2","99,4","0,7974","0,3175","0,8102","0,2984","0,7846","0,3365",thumbnail_grossTrial,thumbnail_grossTrial.png,1245.0,1080.0,337.0,0.0,798.0,692.0,Unclassified,8.0,559.0,,,,,,
30937,61890397,1400501161684,Eye Tracker,Participant0058,17.09.2021,Participant0058,Recording4,17.09.2021,17.09.2021,14:48:45.713,12:48:45.713,64514,Timeline2,Tobii I-VT (Fixation),1.145.28180,1080,1920,"10,00",729752851.0,,,1325.0,346.0,1336.0,329.0,1315.0,363.0,"0,24866","-0,02300","-0,96832","0,13322","-0,00918","-0,99104",,,Valid,Valid,"234,9","102,1","511,2","292,4","104,1","504,7","366,2","90,0","360,3","99,4","0,7933","0,3204","0,8020","0,3045","0,7846","0,3364",thumbnail_grossTrial,thumbnail_grossTrial.png,1245.0,1080.0,337.0,0.0,798.0,692.0,Saccade,50.0,261.0,,,,,,
30938,61898703,1400501169990,Eye Tracker,Participant0058,17.09.2021,Participant0058,Recording4,17.09.2021,17.09.2021,14:48:45.713,12:48:45.713,64514,Timeline2,Tobii I-VT (Fixation),1.145.28180,1080,1920,"10,00",729761156.0,,,1306.0,332.0,1306.0,332.0,,,"0,23412","-0,02114","-0,97198",,,,"3,91",,Valid,Invalid,"234,8","102,1","511,2",,,,"357,9","91,0",,,"0,7777","0,3078","0,7777","0,3078",,,thumbnail_grossTrial,thumbnail_grossTrial.png,1245.0,1080.0,337.0,0.0,798.0,692.0,Saccade,50.0,261.0,,,,,,
30939,61907062,1400501178349,Eye Tracker,Participant0058,17.09.2021,Participant0058,Recording4,17.09.2021,17.09.2021,14:48:45.713,12:48:45.713,64514,Timeline2,Tobii I-VT (Fixation),1.145.28180,1080,1920,"10,00",729769515.0,,,1274.0,347.0,1266.0,347.0,1282.0,346.0,"0,21505","-0,01384","-0,97650","0,11693","-0,01841","-0,99297",,,Valid,Valid,"234,5","102,2","511,1","291,9","104,2","504,5","347,0","94,9","351,3","94,8","0,7521","0,3210","0,7459","0,3212","0,7583","0,3208",thumbnail_grossTrial,thumbnail_grossTrial.png,1245.0,1080.0,337.0,0.0,798.0,692.0,Saccade,50.0,261.0,,,,,,
30940,61915394,1400501186681,Eye Tracker,Participant0058,17.09.2021,Participant0058,Recording4,17.09.2021,17.09.2021,14:48:45.713,12:48:45.713,64514,Timeline2,Tobii I-VT (Fixation),1.145.28180,1080,1920,"10,00",729777846.0,,,1113.0,353.0,1144.0,364.0,1083.0,342.0,"0,15334","-0,00494","-0,98816","0,01022","-0,02130","-0,99972",,,Valid,Valid,"234,1","102,2","511,3","291,6","104,3","504,3","313,5","99,6","296,7","93,5","0,6230","0,3267","0,6476","0,3370","0,5984","0,3164",thumbnail_grossTrial,thumbnail_grossTrial.png,1245.0,1080.0,337.0,0.0,798.0,692.0,Saccade,50.0,261.0,,,,,,
30941,61923729,1400501195016,Eye Tracker,Participant0058,17.09.2021,Participant0058,Recording4,17.09.2021,17.09.2021,14:48:45.713,12:48:45.713,64514,Timeline2,Tobii I-VT (Fixation),1.145.28180,1080,1920,"10,00",729786181.0,,,1060.0,356.0,1038.0,370.0,1083.0,342.0,"0,09814","-0,00161","-0,99517","0,01076","-0,02121","-0,99972","4,22","4,07",Valid,Valid,"233,9","102,1","511,4","291,3","104,2","504,3","284,4","101,3","296,8","93,5","0,5804","0,3295","0,5623","0,3426","0,5986","0,3164",thumbnail_grossTrial,thumbnail_grossTrial.png,1245.0,1080.0,337.0,0.0,798.0,692.0,Saccade,50.0,261.0,,,,,,
30942,61932061,1400501203348,Eye Tracker,Participant0058,17.09.2021,Participant0058,Recording4,17.09.2021,17.09.2021,14:48:45.713,12:48:45.713,64514,Timeline2,Tobii I-VT (Fixation),1.145.28180,1080,1920,"10,00",729794512.0,,,963.0,393.0,944.0,394.0,983.0,391.0,"0,04860","0,01099","-0,99876","-0,04351","0,00557","-0,99904",,,Valid,Valid,"233,8","102,2","511,4","291,2","104,3","504,3","258,7","107,8","269,3","107,1","0,5026","0,3635","0,4871","0,3647","0,5181","0,3623",thumbnail_grossTrial,thumbnail_grossTrial.png,1245.0,1080.0,337.0,0.0,798.0,692.0,Saccade,50.0,261.0,,,,,,
30943,61940392,1400501211679,Eye Tracker,Participant0058,17.09.2021,Participant0058,Recording4,17.09.2021,17.09.2021,14:48:45.713,12:48:45.713,64514,Timeline2,Tobii I-VT (Fixation),1.145.28180,1080,1920,"10,00",729802843.0,,,955.0,395.0,950.0,389.0,960.0,401.0,"0,05181","0,00839","-0,99862","-0,05563","0,01057","-0,99840",,,Valid,Valid,"233,8","102,2","511,3","291,3","104,3","504,3","260,3","106,5","263,2","109,6","0,4960","0,3656","0,4918","0,3603","0,5002","0,3709",thumbnail_grossTrial,thumbnail_grossTrial.png,1245.0,1080.0,337.0,0.0,798.0,692.0,Unclassified,8.0,560.0,,,,,,
30944,61948699,1400501219986,Eye Tracker,Participant0058,17.09.2021,Participant0058,Recording4,17.09.2021,17.09.2021,14:48:45.713,12:48:45.713,64514,Timeline2,Tobii I-VT (Fixation),1.145.28180,1080,1920,"10,00",729811150.0,,,958.0,391.0,951.0,389.0,964.0,394.0,"0,05262","0,00841","-0,99858","-0,05355","0,00703","-0,99854","4,09","4,06",Valid,Valid,"233,8","102,1","511,3","291,3","104,3","504,3","260,8","106,5","264,2","107,8","0,4982","0,3625","0,4931","0,3602","0,5033","0,3648",thumbnail_grossTrial,thumbnail_grossTrial.png,1245.0,1080.0,337.0,0.0,798.0,692.0,Saccade,17.0,262.0,,,,,,
30945,61957060,1400501228347,Eye Tracker,Participant0058,17.09.2021,Participant0058,Recording4,17.09.2021,17.09.2021,14:48:45.713,12:48:45.713,64514,Timeline2,Tobii I-VT (Fixation),1.145.28180,1080,1920,"10,00",729819510.0,,,948.0,417.0,953.0,409.0,942.0,425.0,"0,05364","0,01894","-0,99838","-0,06548","0,02355","-0,99758",,,Valid,Valid,"233,8","102,3","510,9","291,3","104,3","504,3","261,3","112,0","258,2","116,2","0,4901","0,3861","0,4947","0,3791","0,4855","0,3932",thumbnail_grossTrial,thumbnail_grossTrial.png,1245.0,1080.0,337.0,0.0,798.0,692.0,Saccade,17.0,262.0,,,,,,
30946,61965363,1400501236650,Eye Tracker,Participant0058,17.09.2021,Participant0058,Recording4,17.09.2021,17.09.2021,14:48:45.713,12:48:45.713,64514,Timeline2,Tobii I-VT (Fixation),1.145.28180,1080,1920,"10,00",729827812.0,,,946.0,418.0,951.0,410.0,942.0,425.0,"0,05221","0,01942","-0,99845","-0,06551","0,02361","-0,99757",,,Valid,Valid,"233,8","102,4","511,0","291,3","104,3","504,3","260,5","112,3","258,2","116,2","0,4890","0,3866","0,4925","0,3800","0,4856","0,3933",thumbnail_grossTrial,thumbnail_grossTrial.png,1245.0,1080.0,337.0,0.0,798.0,692.0,Fixation,475.0,119.0,939.0,390.0,"0,4832","0,3610",,
30947,61973732,1400501245019,Eye Tracker,Participant0058,17.09.2021,Participant0058,Recording4,17.09.2021,17.09.2021,14:48:45.713,12:48:45.713,64514,Timeline2,Tobii I-VT (Fixation),1.145.28180,1080,1920,"10,00",729836181.0,,,947.0,413.0,942.0,416.0,951.0,410.0,"0,04763","0,02271","-0,99861","-0,06064","0,01564","-0,99804","3,88","3,95",Valid,Valid,"233,8","102,3","511,0","291,3","104,2","504,5","258,2","113,9","260,7","112,1","0,4893","0,3823","0,4856","0,3854","0,4929","0,3792",thumbnail_grossTrial,thumbnail_grossTrial.png,1245.0,1080.0,337.0,0.0,798.0,692.0,Fixation,475.0,119.0,939.0,390.0,"0,4832","0,3610",,
30948,61982117,1400501253404,Eye Tracker,Participant0058,17.09.2021,Participant0058,Recording4,17.09.2021,17.09.2021,14:48:45.713,12:48:45.713,64514,Timeline2,Tobii I-VT (Fixation),1.145.28180,1080,1920,"10,00",729844566.0,,,943.0,401.0,936.0,393.0,951.0,409.0,"0,04411","0,01047","-0,99897","-0,06096","0,01537","-0,99802",,,Valid,Valid,"233,8","102,3","511,2","291,3","104,1","504,8","256,4","107,6","260,5","111,9","0,4864","0,3713","0,4804","0,3641","0,4924","0,3785",thumbnail_grossTrial,thumbnail_grossTrial.png,1245.0,1080.0,337.0,0.0,798.0,692.0,Fixation,475.0,119.0,939.0,390.0,"0,4832","0,3610",,
30949,61990423,1400501261710,Eye Tracker,Participant0058,17.09.2021,Participant0058,Recording4,17.09.2021,17.09.2021,14:48:45.713,12:48:45.713,64514,Timeline2,Tobii I-VT (Fixation),1.145.28180,1080,1920,"10,00",729852870.0,,,944.0,407.0,938.0,390.0,949.0,423.0,"0,04562","0,00890","-0,99892","-0,06174","0,02360","-0,99781",,,Valid,Valid,"233,8","102,2","511,5","291,4","103,9","505,4","257,2","106,7","260,2","115,8","0,4870","0,3765","0,4825","0,3610","0,4914","0,3919",thumbnail_grossTrial,thumbnail_grossTrial.png,1245.0,1080.0,337.0,0.0,798.0,692.0,Fixation,475.0,119.0,939.0,390.0,"0,4832","0,3610",,
30950,61998789,1400501270076,Eye Tracker,Participant0058,17.09.2021,Participant0058,Recording4,17.09.2021,17.09.2021,14:48:45.713,12:48:45.713,64514,Timeline2,Tobii I-VT (Fixation),1.145.28180,1080,1920,"10,00",729861236.0,,,946.0,404.0,944.0,387.0,949.0,420.0,"0,04858","0,00783","-0,99879","-0,06200","0,02272","-0,99782","4,17","4,01",Valid,Valid,"233,8","102,0","511,8","291,5","103,5","506,1","258,7","106,0","260,0","115,1","0,4891","0,3739","0,4871","0,3586","0,4910","0,3893",thumbnail_grossTrial,thumbnail_grossTrial.png,1245.0,1080.0,337.0,0.0,798.0,692.0,Fixation,475.0,119.0,939.0,390.0,"0,4832","0,3610",,
30951,62007028,1400501278315,Eye Tracker,Participant0058,17.09.2021,Participant0058,Recording4,17.09.2021,17.09.2021,14:48:45.713,12:48:45.713,64514,Timeline2,Tobii I-VT (Fixation),1.145.28180,1080,1920,"10,00",729869475.0,,,945.0,395.0,937.0,369.0,953.0,421.0,"0,04478","-0,00170","-0,99900","-0,05987","0,02322","-0,99794",,,Valid,Valid,"233,8","101,9","512,1","291,5","103,3","506,7","256,8","101,0","261,1","115,1","0,4878","0,3657","0,4814","0,3418","0,4942","0,3895",thumbnail_grossTrial,thumbnail_grossTrial.png,1245.0,1080.0,337.0,0.0,798.0,692.0,Fixation,475.0,119.0,939.0,390.0,"0,4832","0,3610",,
30952,62015386,1400501286673,Eye Tracker,Participant0058,17.09.2021,Participant0058,Recording4,17.09.2021,17.09.2021,14:48:45.713,12:48:45.713,64514,Timeline2,Tobii I-VT (Fixation),1.145.28180,1080,1920,"10,00",729877833.0,,,943.0,394.0,936.0,366.0,950.0,421.0,"0,04423","-0,00298","-0,99902","-0,06141","0,02374","-0,99783",,,Valid,Valid,"233,8","101,8","512,4","291,6","103,1","507,4","256,4","100,2","260,4","115,1","0,4862","0,3644","0,4805","0,3392","0,4920","0,3896",thumbnail_grossTrial,thumbnail_grossTrial.png,1245.0,1080.0,337.0,0.0,798.0,692.0,Fixation,475.0,119.0,939.0,390.0,"0,4832","0,3610",,
30953,62023697,1400501294984,Eye Tracker,Participant0058,17.09.2021,Participant0058,Recording4,17.09.2021,17.09.2021,14:48:45.713,12:48:45.713,64514,Timeline2,Tobii I-VT (Fixation),1.145.28180,1080,1920,"10,00",729886142.0,,,945.0,363.0,946.0,308.0,945.0,419.0,"0,04952","-0,03367","-0,99821","-0,06424","0,02335","-0,99766","5,08","3,74",Valid,Valid,"233,8","101,6","512,7","291,7","102,7","508,1","259,2","84,3","259,0","114,6","0,4882","0,3364","0,4886","0,2852","0,4878","0,3877",thumbnail_grossTrial,thumbnail_grossTrial.png,1245.0,1080.0,337.0,0.0,798.0,692.0,Fixation,475.0,119.0,939.0,390.0,"0,4832","0,3610",,
30954,62032057,1400501303344,Eye Tracker,Participant0058,17.09.2021,Participant0058,Recording4,17.09.2021,17.09.2021,14:48:45.713,12:48:45.713,64514,Timeline2,Tobii I-VT (Fixation),1.145.28180,1080,1920,"10,00",729894502.0,,,935.0,385.0,935.0,359.0,935.0,410.0,"0,04403","-0,00632","-0,99901","-0,06971","0,01926","-0,99738",,,Valid,Valid,"233,8","101,5","513,0","291,7","102,4","508,8","256,4","98,2","256,2","112,3","0,4800","0,3561","0,4803","0,3324","0,4797","0,3798",thumbnail_grossTrial,thumbnail_grossTrial.png,1245.0,1080.0,337.0,0.0,798.0,692.0,Fixation,475.0,119.0,939.0,390.0,"0,4832","0,3610",,
30955,62040391,1400501311678,Eye Tracker,Participant0058,17.09.2021,Participant0058,Recording4,17.09.2021,17.09.2021,14:48:45.713,12:48:45.713,64514,Timeline2,Tobii I-VT (Fixation),1.145.28180,1080,1920,"10,00",729902836.0,,,931.0,388.0,931.0,369.0,931.0,407.0,"0,04192","-0,00048","-0,99912","-0,07180","0,01810","-0,99725",,,Valid,Valid,"233,7","101,3","513,4","291,8","102,1","509,7","255,3","101,1","255,1","111,3","0,4768","0,3594","0,4770","0,3420","0,4765","0,3767",thumbnail_grossTrial,thumbnail_grossTrial.png,1245.0,1080.0,337.0,0.0,798.0,692.0,Fixation,475.0,119.0,939.0,390.0,"0,4832","0,3610",,
30956,62048695,1400501319982,Eye Tracker,Participant0058,17.09.2021,Participant0058,Recording4,17.09.2021,17.09.2021,14:48:45.713,12:48:45.713,64514,Timeline2,Tobii I-VT (Fixation),1.145.28180,1080,1920,"10,00",729911139.0,,,937.0,394.0,940.0,381.0,935.0,408.0,"0,04653","0,00631","-0,99890","-0,06982","0,01927","-0,99737","4,12","4,04",Valid,Valid,"233,7","101,1","513,8","291,9","101,7","510,5","257,7","104,4","256,2","111,5","0,4818","0,3653","0,4841","0,3532","0,4796","0,3774",thumbnail_grossTrial,thumbnail_grossTrial.png,1245.0,1080.0,337.0,0.0,798.0,692.0,Fixation,475.0,119.0,939.0,390.0,"0,4832","0,3610",,
30957,62057068,1400501328355,Eye Tracker,Participant0058,17.09.2021,Participant0058,Recording4,17.09.2021,17.09.2021,14:48:45.713,12:48:45.713,64514,Timeline2,Tobii I-VT (Fixation),1.145.28180,1080,1920,"10,00",729919512.0,,,940.0,404.0,943.0,401.0,937.0,406.0,"0,04813","0,01711","-0,99869","-0,06870","0,01904","-0,99746",,,Valid,Valid,"233,7","101,0","514,1","292,0","101,4","511,3","258,5","109,8","256,7","111,1","0,4839","0,3739","0,4866","0,3716","0,4813","0,3761",thumbnail_grossTrial,thumbnail_grossTrial.png,1245.0,1080.0,337.0,0.0,798.0,692.0,Fixation,475.0,119.0,939.0,390.0,"0,4832","0,3610",,
30958,62065373,1400501336660,Eye Tracker,Participant0058,17.09.2021,Participant0058,Recording4,17.09.2021,17.09.2021,14:48:45.713,12:48:45.713,64514,Timeline2,Tobii I-VT (Fixation),1.145.28180,1080,1920,"10,00",729927816.0,,,948.0,394.0,946.0,399.0,950.0,389.0,"0,04968","0,01596","-0,99864","-0,06169","0,01054","-0,99804",,,Valid,Valid,"233,7","100,9","514,4","292,0","101,1","512,1","259,3","109,1","260,4","106,5","0,4904","0,3648","0,4888","0,3692","0,4919","0,3603",thumbnail_grossTrial,thumbnail_grossTrial.png,1245.0,1080.0,337.0,0.0,798.0,692.0,Fixation,475.0,119.0,939.0,390.0,"0,4832","0,3610",,
30959,62073708,1400501344995,Eye Tracker,Participant0058,17.09.2021,Participant0058,Recording4,17.09.2021,17.09.2021,14:48:45.713,12:48:45.713,64514,Timeline2,Tobii I-VT (Fixation),1.145.28180,1080,1920,"10,00",729936151.0,,,937.0,402.0,929.0,418.0,945.0,386.0,"0,04072","0,02646","-0,99882","-0,06419","0,00928","-0,99790","3,92","3,79",Valid,Valid,"233,7","100,7","514,7","292,1","100,7","512,8","254,7","114,4","259,1","105,5","0,4818","0,3720","0,4753","0,3869","0,4883","0,3570",thumbnail_grossTrial,thumbnail_grossTrial.png,1245.0,1080.0,337.0,0.0,798.0,692.0,Fixation,475.0,119.0,939.0,390.0,"0,4832","0,3610",,
30960,62082036,1400501353323,Eye Tracker,Participant0058,17.09.2021,Participant0058,Recording4,17.09.2021,17.09.2021,14:48:45.713,12:48:45.713,64514,Timeline2,Tobii I-VT (Fixation),1.145.28180,1080,1920,"10,00",729944478.0,,,942.0,393.0,938.0,393.0,946.0,392.0,"0,04552","0,01344","-0,99887","-0,06409","0,01315","-0,99786",,,Valid,Valid,"233,7","100,7","514,9","292,1","100,6","513,3","257,2","107,6","259,2","107,3","0,4856","0,3637","0,4827","0,3641","0,4885","0,3632",thumbnail_grossTrial,thumbnail_grossTrial.png,1245.0,1080.0,337.0,0.0,798.0,692.0,Fixation,475.0,119.0,939.0,390.0,"0,4832","0,3610",,
30961,62090359,1400501361646,Eye Tracker,Participant0058,17.09.2021,Participant0058,Recording4,17.09.2021,17.09.2021,14:48:45.713,12:48:45.713,64514,Timeline2,Tobii I-VT (Fixation),1.145.28180,1080,1920,"10,00",729952801.0,,,937.0,397.0,938.0,392.0,936.0,401.0,"0,04533","0,01291","-0,99889","-0,06898","0,01818","-0,99745",,,Valid,Valid,"233,7","100,6","515,1","292,2","100,4","513,8","257,0","107,3","256,6","109,8","0,4816","0,3672","0,4822","0,3630","0,4810","0,3714",thumbnail_grossTrial,thumbnail_grossTrial.png,1245.0,1080.0,337.0,0.0,798.0,692.0,Fixation,475.0,119.0,939.0,390.0,"0,4832","0,3610",,
30962,62098781,1400501370068,Eye Tracker,Participant0058,17.09.2021,Participant0058,Recording4,17.09.2021,17.09.2021,14:48:45.713,12:48:45.713,64514,Timeline2,Tobii I-VT (Fixation),1.145.28180,1080,1920,"10,00",729961222.0,,,940.0,396.0,938.0,390.0,942.0,401.0,"0,04531","0,01232","-0,99890","-0,06615","0,01858","-0,99764","3,92","4,10",Valid,Valid,"233,7","100,5","515,3","292,2","100,2","514,1","257,1","106,9","258,1","109,8","0,4839","0,3665","0,4823","0,3616","0,4854","0,3714",thumbnail_grossTrial,thumbnail_grossTrial.png,1245.0,1080.0,337.0,0.0,798.0,692.0,Fixation,475.0,119.0,939.0,390.0,"0,4832","0,3610",,
30963,62107024,1400501378311,Eye Tracker,Participant0058,17.09.2021,Participant0058,Recording4,17.09.2021,17.09.2021,14:48:45.713,12:48:45.713,64514,Timeline2,Tobii I-VT (Fixation),1.145.28180,1080,1920,"10,00",729969465.0,,,936.0,397.0,939.0,392.0,933.0,403.0,"0,04560","0,01298","-0,99888","-0,07068","0,01951","-0,99731",,,Valid,Valid,"233,7","100,5","515,3","292,3","100,1","514,4","257,2","107,2","255,8","110,2","0,4807","0,3678","0,4828","0,3627","0,4786","0,3728",thumbnail_grossTrial,thumbnail_grossTrial.png,1245.0,1080.0,337.0,0.0,798.0,692.0,Fixation,475.0,119.0,939.0,390.0,"0,4832","0,3610",,
30964,62115387,1400501386674,Eye Tracker,Participant0058,17.09.2021,Participant0058,Recording4,17.09.2021,17.09.2021,14:48:45.713,12:48:45.713,64514,Timeline2,Tobii I-VT (Fixation),1.145.28180,1080,1920,"10,00",729977827.0,,,932.0,397.0,936.0,390.0,928.0,404.0,"0,04460","0,01227","-0,99893","-0,07345","0,02052","-0,99709",,,Valid,Valid,"233,6","100,5","515,5","292,2","100,0","514,7","256,7","106,8","254,3","110,6","0,4777","0,3679","0,4811","0,3614","0,4742","0,3743",thumbnail_grossTrial,thumbnail_grossTrial.png,1245.0,1080.0,337.0,0.0,798.0,692.0,Fixation,475.0,119.0,939.0,390.0,"0,4832","0,3610",,
30965,62123701,1400501394988,Eye Tracker,Participant0058,17.09.2021,Participant0058,Recording4,17.09.2021,17.09.2021,14:48:45.713,12:48:45.713,64514,Timeline2,Tobii I-VT (Fixation),1.145.28180,1080,1920,"10,00",729986141.0,,,936.0,391.0,940.0,386.0,932.0,396.0,"0,04639","0,00997","-0,99887","-0,07160","0,01665","-0,99729","3,92","4,12",Valid,Valid,"233,7","100,4","515,6","292,3","99,9","514,9","257,6","105,5","255,3","108,5","0,4805","0,3621","0,4839","0,3571","0,4772","0,3671",thumbnail_grossTrial,thumbnail_grossTrial.png,1245.0,1080.0,337.0,0.0,798.0,692.0,Fixation,475.0,119.0,939.0,390.0,"0,4832","0,3610",,
30966,62132098,1400501403385,Eye Tracker,Participant0058,17.09.2021,Participant0058,Recording4,17.09.2021,17.09.2021,14:48:45.713,12:48:45.713,64514,Timeline2,Tobii I-VT (Fixation),1.145.28180,1080,1920,"10,00",729994538.0,,,937.0,393.0,941.0,386.0,933.0,400.0,"0,04674","0,01000","-0,99886","-0,07078","0,01854","-0,99732",,,Valid,Valid,"233,7","100,4","515,6","292,3","99,9","515,0","257,8","105,6","255,8","109,5","0,4815","0,3638","0,4845","0,3572","0,4785","0,3704",thumbnail_grossTrial,thumbnail_grossTrial.png,1245.0,1080.0,337.0,0.0,798.0,692.0,Fixation,475.0,119.0,939.0,390.0,"0,4832","0,3610",,
30967,62140442,1400501411729,Eye Tracker,Participant0058,17.09.2021,Participant0058,Recording4,17.09.2021,17.09.2021,14:48:45.713,12:48:45.713,64514,Timeline2,Tobii I-VT (Fixation),1.145.28180,1080,1920,"10,00",730002881.0,,,943.0,386.0,944.0,385.0,941.0,387.0,"0,04851","0,00939","-0,99878","-0,06629","0,01151","-0,99773",,,Valid,Valid,"233,6","100,4","515,7","292,3","99,9","515,1","258,7","105,2","258,0","105,8","0,4861","0,3570","0,4870","0,3561","0,4851","0,3580",thumbnail_grossTrial,thumbnail_grossTrial.png,1245.0,1080.0,337.0,0.0,798.0,692.0,Fixation,475.0,119.0,939.0,390.0,"0,4832","0,3610",,
30968,62148721,1400501420008,Eye Tracker,Participant0058,17.09.2021,Participant0058,Recording4,17.09.2021,17.09.2021,14:48:45.713,12:48:45.713,64514,Timeline2,Tobii I-VT (Fixation),1.145.28180,1080,1920,"10,00",730011159.0,,,944.0,385.0,948.0,383.0,940.0,387.0,"0,05088","0,00893","-0,99866","-0,06719","0,01178","-0,99767","4,09","3,80",Valid,Valid,"233,7","100,3","515,8","292,3","99,8","515,3","259,9","104,9","257,6","105,8","0,4873","0,3566","0,4907","0,3550","0,4839","0,3581",thumbnail_grossTrial,thumbnail_grossTrial.png,1245.0,1080.0,337.0,0.0,798.0,692.0,Fixation,475.0,119.0,939.0,390.0,"0,4832","0,3610",,
30969,62157050,1400501428337,Eye Tracker,Participant0058,17.09.2021,Participant0058,Recording4,17.09.2021,17.09.2021,14:48:45.713,12:48:45.713,64514,Timeline2,Tobii I-VT (Fixation),1.145.28180,1080,1920,"10,00",730019488.0,,,941.0,383.0,946.0,384.0,937.0,381.0,"0,04946","0,00931","-0,99873","-0,06873","0,00860","-0,99760",,,Valid,Valid,"233,7","100,4","515,8","292,3","99,8","515,3","259,2","105,2","256,8","104,2","0,4851","0,3543","0,4887","0,3558","0,4816","0,3527",thumbnail_grossTrial,thumbnail_grossTrial.png,1245.0,1080.0,337.0,0.0,798.0,692.0,Fixation,475.0,119.0,939.0,390.0,"0,4832","0,3610",,
30970,62165437,1400501436724,Eye Tracker,Participant0058,17.09.2021,Participant0058,Recording4,17.09.2021,17.09.2021,14:48:45.713,12:48:45.713,64514,Timeline2,Tobii I-VT (Fixation),1.145.28180,1080,1920,"10,00",730027874.0,,,941.0,379.0,947.0,367.0,935.0,390.0,"0,05025","0,00032","-0,99874","-0,06998","0,01352","-0,99746",,,Valid,Valid,"233,6","100,4","515,8","292,3","99,8","515,4","259,6","100,5","256,1","106,8","0,4846","0,3507","0,4897","0,3401","0,4796","0,3612",thumbnail_grossTrial,thumbnail_grossTrial.png,1245.0,1080.0,337.0,0.0,798.0,692.0,Fixation,475.0,119.0,939.0,390.0,"0,4832","0,3610",,
30971,62173774,1400501445061,Eye Tracker,Participant0058,17.09.2021,Participant0058,Recording4,17.09.2021,17.09.2021,14:48:45.713,12:48:45.713,64514,Timeline2,Tobii I-VT (Fixation),1.145.28180,1080,1920,"10,00",730036211.0,,,944.0,381.0,948.0,370.0,940.0,392.0,"0,05058","0,00178","-0,99872","-0,06723","0,01477","-0,99763","4,18","4,09",Valid,Valid,"233,7","100,3","515,9","292,3","99,7","515,5","259,8","101,2","257,6","107,3","0,4871","0,3528","0,4903","0,3424","0,4839","0,3631",thumbnail_grossTrial,thumbnail_grossTrial.png,1245.0,1080.0,337.0,0.0,798.0,692.0,Fixation,475.0,119.0,939.0,390.0,"0,4832","0,3610",,
30972,62182018,1400501453305,Eye Tracker,Participant0058,17.09.2021,Participant0058,Recording4,17.09.2021,17.09.2021,14:48:45.713,12:48:45.713,64514,Timeline2,Tobii I-VT (Fixation),1.145.28180,1080,1920,"10,00",730044454.0,,,942.0,382.0,943.0,363.0,941.0,401.0,"0,04790","-0,00201","-0,99885","-0,06688","0,01915","-0,99758",,,Valid,Valid,"233,7","100,3","515,9","292,4","99,7","515,4","258,4","99,3","257,8","109,6","0,4854","0,3535","0,4863","0,3360","0,4845","0,3709",thumbnail_grossTrial,thumbnail_grossTrial.png,1245.0,1080.0,337.0,0.0,798.0,692.0,Fixation,475.0,119.0,939.0,390.0,"0,4832","0,3610",,
30973,62190352,1400501461639,Eye Tracker,Participant0058,17.09.2021,Participant0058,Recording4,17.09.2021,17.09.2021,14:48:45.713,12:48:45.713,64514,Timeline2,Tobii I-VT (Fixation),1.145.28180,1080,1920,"10,00",730052788.0,,,934.0,396.0,943.0,375.0,926.0,417.0,"0,04808","0,00420","-0,99883","-0,07457","0,02765","-0,99683",,,Valid,Valid,"233,6","100,3","515,9","292,3","99,7","515,5","258,5","102,5","253,7","114,0","0,4795","0,3663","0,4864","0,3468","0,4726","0,3858",thumbnail_grossTrial,thumbnail_grossTrial.png,1245.0,1080.0,337.0,0.0,798.0,692.0,Fixation,475.0,119.0,939.0,390.0,"0,4832","0,3610",,
30974,62198717,1400501470004,Eye Tracker,Participant0058,17.09.2021,Participant0058,Recording4,17.09.2021,17.09.2021,14:48:45.713,12:48:45.713,64514,Timeline2,Tobii I-VT (Fixation),1.145.28180,1080,1920,"10,00",730061152.0,,,929.0,395.0,942.0,375.0,917.0,414.0,"0,04743","0,00479","-0,99886","-0,07955","0,02635","-0,99648","4,15","3,77",Valid,Valid,"233,7","100,3","516,0","292,4","99,7","515,5","258,2","102,7","251,2","113,3","0,4753","0,3655","0,4855","0,3476","0,4651","0,3833",thumbnail_grossTrial,thumbnail_grossTrial.png,1245.0,1080.0,337.0,0.0,798.0,692.0,Fixation,475.0,119.0,939.0,390.0,"0,4832","0,3610",,
30975,62207082,1400501478369,Eye Tracker,Participant0058,17.09.2021,Participant0058,Recording4,17.09.2021,17.09.2021,14:48:45.713,12:48:45.713,64514,Timeline2,Tobii I-VT (Fixation),1.145.28180,1080,1920,"10,00",730069517.0,,,936.0,378.0,947.0,379.0,925.0,377.0,"0,05028","0,00679","-0,99871","-0,07514","0,00670","-0,99715",,,Valid,Valid,"233,7","100,3","515,9","292,4","99,7","515,5","259,7","103,8","253,5","103,2","0,4809","0,3502","0,4899","0,3513","0,4719","0,3492",thumbnail_grossTrial,thumbnail_grossTrial.png,1245.0,1080.0,337.0,0.0,798.0,692.0,Fixation,475.0,119.0,939.0,390.0,"0,4832","0,3610",,
30976,62215379,1400501486666,Eye Tracker,Participant0058,17.09.2021,Participant0058,Recording4,17.09.2021,17.09.2021,14:48:45.713,12:48:45.713,64514,Timeline2,Tobii I-VT (Fixation),1.145.28180,1080,1920,"10,00",730077813.0,,,932.0,384.0,945.0,380.0,919.0,388.0,"0,04927","0,00714","-0,99876","-0,07835","0,01238","-0,99685",,,Valid,Valid,"233,6","100,3","515,9","292,3","99,8","515,5","259,1","104,0","251,8","106,1","0,4775","0,3555","0,4882","0,3519","0,4668","0,3591",thumbnail_grossTrial,thumbnail_grossTrial.png,1245.0,1080.0,337.0,0.0,798.0,692.0,Fixation,475.0,119.0,939.0,390.0,"0,4832","0,3610",,
30977,62223714,1400501495001,Eye Tracker,Participant0058,17.09.2021,Participant0058,Recording4,17.09.2021,17.09.2021,14:48:45.713,12:48:45.713,64514,Timeline2,Tobii I-VT (Fixation),1.145.28180,1080,1920,"10,00",730086148.0,,,934.0,382.0,948.0,376.0,921.0,388.0,"0,05062","0,00532","-0,99870","-0,07727","0,01244","-0,99693","4,32","3,77",Valid,Valid,"233,6","100,3","516,0","292,3","99,7","515,5","259,8","103,0","252,4","106,1","0,4794","0,3538","0,4903","0,3485","0,4686","0,3591",thumbnail_grossTrial,thumbnail_grossTrial.png,1245.0,1080.0,337.0,0.0,798.0,692.0,Fixation,475.0,119.0,939.0,390.0,"0,4832","0,3610",,
30978,62232043,1400501503330,Eye Tracker,Participant0058,17.09.2021,Participant0058,Recording4,17.09.2021,17.09.2021,14:48:45.713,12:48:45.713,64514,Timeline2,Tobii I-VT (Fixation),1.145.28180,1080,1920,"10,00",730094476.0,,,937.0,387.0,942.0,373.0,932.0,401.0,"0,04733","0,00326","-0,99887","-0,07148","0,01924","-0,99726",,,Valid,Valid,"233,7","100,3","515,9","292,3","99,8","515,4","258,1","102,0","255,4","109,7","0,4814","0,3582","0,4854","0,3451","0,4774","0,3712",thumbnail_grossTrial,thumbnail_grossTrial.png,1245.0,1080.0,337.0,0.0,798.0,692.0,Fixation,475.0,119.0,939.0,390.0,"0,4832","0,3610",,
30979,62240444,1400501511731,Eye Tracker,Participant0058,17.09.2021,Participant0058,Recording4,17.09.2021,17.09.2021,14:48:45.713,12:48:45.713,64514,Timeline2,Tobii I-VT (Fixation),1.145.28180,1080,1920,"10,00",730102877.0,,,941.0,380.0,943.0,371.0,939.0,388.0,"0,04790","0,00257","-0,99885","-0,06773","0,01253","-0,99762",,,Valid,Valid,"233,6","100,3","516,0","292,3","99,8","515,4","258,4","101,6","257,3","106,3","0,4845","0,3517","0,4861","0,3439","0,4829","0,3596",thumbnail_grossTrial,thumbnail_grossTrial.png,1245.0,1080.0,337.0,0.0,798.0,692.0,Fixation,475.0,119.0,939.0,390.0,"0,4832","0,3610",,
30980,62248780,1400501520067,Eye Tracker,Participant0058,17.09.2021,Participant0058,Recording4,17.09.2021,17.09.2021,14:48:45.713,12:48:45.713,64514,Timeline2,Tobii I-VT (Fixation),1.145.28180,1080,1920,"10,00",730111212.0,,,942.0,385.0,947.0,381.0,937.0,389.0,"0,05006","0,00788","-0,99872","-0,06874","0,01322","-0,99755","4,08","3,76",Valid,Valid,"233,6","100,3","516,0","292,3","99,7","515,3","259,5","104,3","256,8","106,6","0,4855","0,3568","0,4895","0,3530","0,4815","0,3606",thumbnail_grossTrial,thumbnail_grossTrial.png,1245.0,1080.0,337.0,0.0,798.0,692.0,Fixation,475.0,119.0,939.0,390.0,"0,4832","0,3610",,
30981,62257093,1400501528380,Eye Tracker,Participant0058,17.09.2021,Participant0058,Recording4,17.09.2021,17.09.2021,14:48:45.713,12:48:45.713,64514,Timeline2,Tobii I-VT (Fixation),1.145.28180,1080,1920,"10,00",730119525.0,,,939.0,383.0,944.0,377.0,935.0,390.0,"0,04844","0,00551","-0,99881","-0,06986","0,01339","-0,99747",,,Valid,Valid,"233,7","100,3","515,9","292,3","99,8","515,2","258,7","103,2","256,2","106,7","0,4835","0,3551","0,4871","0,3490","0,4799","0,3612",thumbnail_grossTrial,thumbnail_grossTrial.png,1245.0,1080.0,337.0,0.0,798.0,692.0,Fixation,475.0,119.0,939.0,390.0,"0,4832","0,3610",,
30982,62265382,1400501536669,Eye Tracker,Participant0058,17.09.2021,Participant0058,Recording4,17.09.2021,17.09.2021,14:48:45.713,12:48:45.713,64514,Timeline2,Tobii I-VT (Fixation),1.145.28180,1080,1920,"10,00",730127813.0,,,938.0,391.0,944.0,381.0,931.0,400.0,"0,04866","0,00763","-0,99879","-0,07164","0,01881","-0,99725",,,Valid,Valid,"233,6","100,3","516,0","292,3","99,9","515,2","258,8","104,3","255,3","109,6","0,4821","0,3617","0,4872","0,3527","0,4770","0,3707",thumbnail_grossTrial,thumbnail_grossTrial.png,1245.0,1080.0,337.0,0.0,798.0,692.0,Fixation,475.0,119.0,939.0,390.0,"0,4832","0,3610",,
30983,62273708,1400501544995,Eye Tracker,Participant0058,17.09.2021,Participant0058,Recording4,17.09.2021,17.09.2021,14:48:45.713,12:48:45.713,64514,Timeline2,Tobii I-VT (Fixation),1.145.28180,1080,1920,"10,00",730136139.0,,,940.0,393.0,941.0,383.0,938.0,402.0,"0,04692","0,00891","-0,99886","-0,06803","0,01973","-0,99749","4,15","4,07",Valid,Valid,"233,7","100,3","516,0","292,3","99,8","515,2","257,9","104,9","257,2","110,0","0,4837","0,3634","0,4847","0,3548","0,4826","0,3721",thumbnail_grossTrial,thumbnail_grossTrial.png,1245.0,1080.0,337.0,0.0,798.0,692.0,Fixation,475.0,119.0,939.0,390.0,"0,4832","0,3610",,
30984,62282026,1400501553313,Eye Tracker,Participant0058,17.09.2021,Participant0058,Recording4,17.09.2021,17.09.2021,14:48:45.713,12:48:45.713,64514,Timeline2,Tobii I-VT (Fixation),1.145.28180,1080,1920,"10,00",730144456.0,,,939.0,389.0,935.0,381.0,943.0,396.0,"0,04377","0,00788","-0,99901","-0,06553","0,01638","-0,99772",,,Valid,Valid,"233,7","100,3","515,9","292,3","99,9","515,1","256,3","104,4","258,5","108,3","0,4833","0,3599","0,4800","0,3532","0,4865","0,3666",thumbnail_grossTrial,thumbnail_grossTrial.png,1245.0,1080.0,337.0,0.0,798.0,692.0,Fixation,475.0,119.0,939.0,390.0,"0,4832","0,3610",,
30985,62290388,1400501561675,Eye Tracker,Participant0058,17.09.2021,Participant0058,Recording4,17.09.2021,17.09.2021,14:48:45.713,12:48:45.713,64514,Timeline2,Tobii I-VT (Fixation),1.145.28180,1080,1920,"10,00",730152818.0,,,940.0,379.0,932.0,371.0,948.0,388.0,"0,04199","0,00230","-0,99912","-0,06279","0,01201","-0,99795",,,Valid,Valid,"233,6","100,3","516,0","292,3","99,9","515,1","255,3","101,5","259,9","106,1","0,4838","0,3512","0,4772","0,3434","0,4905","0,3590",thumbnail_grossTrial,thumbnail_grossTrial.png,1245.0,1080.0,337.0,0.0,798.0,692.0,Fixation,475.0,119.0,939.0,390.0,"0,4832","0,3610",,
30986,62298696,1400501569983,Eye Tracker,Participant0058,17.09.2021,Participant0058,Recording4,17.09.2021,17.09.2021,14:48:45.713,12:48:45.713,64514,Timeline2,Tobii I-VT (Fixation),1.145.28180,1080,1920,"10,00",730161125.0,,,938.0,380.0,933.0,374.0,942.0,387.0,"0,04251","0,00400","-0,99909","-0,06588","0,01158","-0,99776","4,17","3,76",Valid,Valid,"233,7","100,3","516,0","292,3","99,9","515,0","255,6","102,3","258,3","105,9","0,4820","0,3522","0,4781","0,3462","0,4859","0,3581",thumbnail_grossTrial,thumbnail_grossTrial.png,1245.0,1080.0,337.0,0.0,798.0,692.0,Fixation,475.0,119.0,939.0,390.0,"0,4832","0,3610",,
30987,62307054,1400501578341,Eye Tracker,Participant0058,17.09.2021,Participant0058,Recording4,17.09.2021,17.09.2021,14:48:45.713,12:48:45.713,64514,Timeline2,Tobii I-VT (Fixation),1.145.28180,1080,1920,"10,00",730169483.0,,,940.0,386.0,942.0,377.0,938.0,395.0,"0,04721","0,00575","-0,99887","-0,06819","0,01587","-0,99755",,,Valid,Valid,"233,7","100,3","515,9","292,3","100,0","515,0","258,1","103,3","257,1","108,2","0,4839","0,3577","0,4853","0,3495","0,4825","0,3659",thumbnail_grossTrial,thumbnail_grossTrial.png,1245.0,1080.0,337.0,0.0,798.0,692.0,Fixation,475.0,119.0,939.0,390.0,"0,4832","0,3610",,
30988,62315380,1400501586667,Eye Tracker,Participant0058,17.09.2021,Participant0058,Recording4,17.09.2021,17.09.2021,14:48:45.713,12:48:45.713,64514,Timeline2,Tobii I-VT (Fixation),1.145.28180,1080,1920,"10,00",730177808.0,,,944.0,386.0,951.0,373.0,937.0,399.0,"0,05234","0,00344","-0,99862","-0,06857","0,01797","-0,99748",,,Valid,Valid,"233,6","100,3","516,0","292,3","100,0","515,0","260,7","102,1","256,9","109,3","0,4873","0,3576","0,4929","0,3455","0,4817","0,3696",thumbnail_grossTrial,thumbnail_grossTrial.png,1245.0,1080.0,337.0,0.0,798.0,692.0,Fixation,475.0,119.0,939.0,390.0,"0,4832","0,3610",,
30989,62323756,1400501595043,Eye Tracker,Participant0058,17.09.2021,Participant0058,Recording4,17.09.2021,17.09.2021,14:48:45.713,12:48:45.713,64514,Timeline2,Tobii I-VT (Fixation),1.145.28180,1080,1920,"10,00",730186184.0,,,949.0,391.0,951.0,386.0,946.0,397.0,"0,05216","0,01023","-0,99859","-0,06385","0,01665","-0,99782","3,67","4,07",Valid,Valid,"233,7","100,3","516,0","292,3","99,9","515,0","260,6","105,6","259,4","108,5","0,4909","0,3621","0,4927","0,3571","0,4890","0,3672",thumbnail_grossTrial,thumbnail_grossTrial.png,1245.0,1080.0,337.0,0.0,798.0,692.0,Fixation,475.0,119.0,939.0,390.0,"0,4832","0,3610",,
30990,62332043,1400501603330,Eye Tracker,Participant0058,17.09.2021,Participant0058,Recording4,17.09.2021,17.09.2021,14:48:45.713,12:48:45.713,64514,Timeline2,Tobii I-VT (Fixation),1.145.28180,1080,1920,"10,00",730194471.0,,,951.0,394.0,957.0,396.0,945.0,393.0,"0,05510","0,01567","-0,99836","-0,06460","0,01438","-0,99781",,,Valid,Valid,"233,7","100,3","515,9","292,3","100,0","514,9","262,2","108,4","259,0","107,4","0,4926","0,3651","0,4973","0,3668","0,4879","0,3635",thumbnail_grossTrial,thumbnail_grossTrial.png,1245.0,1080.0,337.0,0.0,798.0,692.0,Fixation,475.0,119.0,939.0,390.0,"0,4832","0,3610",,
30991,62340374,1400501611661,Eye Tracker,Participant0058,17.09.2021,Participant0058,Recording4,17.09.2021,17.09.2021,14:48:45.713,12:48:45.713,64514,Timeline2,Tobii I-VT (Fixation),1.145.28180,1080,1920,"10,00",730202800.0,,,938.0,389.0,930.0,391.0,946.0,387.0,"0,04112","0,01271","-0,99907","-0,06400","0,01154","-0,99788",,,Valid,Valid,"233,6","100,3","516,0","292,3","100,0","514,9","254,9","106,9","259,2","106,0","0,4823","0,3601","0,4759","0,3617","0,4887","0,3585",thumbnail_grossTrial,thumbnail_grossTrial.png,1245.0,1080.0,337.0,0.0,798.0,692.0,Fixation,475.0,119.0,939.0,390.0,"0,4832","0,3610",,
30992,62348708,1400501619995,Eye Tracker,Participant0058,17.09.2021,Participant0058,Recording4,17.09.2021,17.09.2021,14:48:45.713,12:48:45.713,64514,Timeline2,Tobii I-VT (Fixation),1.145.28180,1080,1920,"10,00",730211134.0,,,938.0,394.0,939.0,397.0,937.0,391.0,"0,04574","0,01608","-0,99882","-0,06890","0,01343","-0,99753","4,16","3,74",Valid,Valid,"233,7","100,3","516,0","292,3","99,9","514,9","257,3","108,6","256,7","106,9","0,4821","0,3645","0,4830","0,3674","0,4813","0,3616",thumbnail_grossTrial,thumbnail_grossTrial.png,1245.0,1080.0,337.0,0.0,798.0,692.0,Fixation,475.0,119.0,939.0,390.0,"0,4832","0,3610",,
30993,62357046,1400501628333,Eye Tracker,Participant0058,17.09.2021,Participant0058,Recording4,17.09.2021,17.09.2021,14:48:45.713,12:48:45.713,64514,Timeline2,Tobii I-VT (Fixation),1.145.28180,1080,1920,"10,00",730219472.0,,,937.0,390.0,934.0,392.0,940.0,387.0,"0,04298","0,01354","-0,99898","-0,06734","0,01138","-0,99767",,,Valid,Valid,"233,7","100,3","515,9","292,3","100,0","514,9","255,9","107,3","257,5","105,9","0,4813","0,3607","0,4788","0,3631","0,4837","0,3583",thumbnail_grossTrial,thumbnail_grossTrial.png,1245.0,1080.0,337.0,0.0,798.0,692.0,Fixation,475.0,119.0,939.0,390.0,"0,4832","0,3610",,
30994,62365377,1400501636664,Eye Tracker,Participant0058,17.09.2021,Participant0058,Recording4,17.09.2021,17.09.2021,14:48:45.713,12:48:45.713,64514,Timeline2,Tobii I-VT (Fixation),1.145.28180,1080,1920,"10,00",730227803.0,,,934.0,392.0,936.0,386.0,932.0,397.0,"0,04415","0,01027","-0,99897","-0,07112","0,01671","-0,99733",,,Valid,Valid,"233,6","100,4","515,9","292,2","100,0","514,9","256,4","105,7","255,5","108,6","0,4791","0,3625","0,4804","0,3575","0,4778","0,3676",thumbnail_grossTrial,thumbnail_grossTrial.png,1245.0,1080.0,337.0,0.0,798.0,692.0,Fixation,475.0,119.0,939.0,390.0,"0,4832","0,3610",,
30995,62373714,1400501645001,Eye Tracker,Participant0058,17.09.2021,Participant0058,Recording4,17.09.2021,17.09.2021,14:48:45.713,12:48:45.713,64514,Timeline2,Tobii I-VT (Fixation),1.145.28180,1080,1920,"10,00",730236138.0,,,933.0,389.0,935.0,382.0,932.0,395.0,"0,04365","0,00843","-0,99901","-0,07133","0,01605","-0,99732","4,08","3,75",Valid,Valid,"233,6","100,3","515,9","292,3","99,9","514,9","256,2","104,7","255,5","108,2","0,4787","0,3601","0,4797","0,3541","0,4776","0,3662",thumbnail_grossTrial,thumbnail_grossTrial.png,1245.0,1080.0,337.0,0.0,798.0,692.0,Fixation,475.0,119.0,939.0,390.0,"0,4832","0,3610",,
30996,62382089,1400501653376,Eye Tracker,Participant0058,17.09.2021,Participant0058,Recording4,17.09.2021,17.09.2021,14:48:45.713,12:48:45.713,64514,Timeline2,Tobii I-VT (Fixation),1.145.28180,1080,1920,"10,00",730244513.0,,,928.0,384.0,933.0,381.0,923.0,388.0,"0,04284","0,00755","-0,99905","-0,07589","0,01177","-0,99705",,,Valid,Valid,"233,7","100,3","515,8","292,3","100,0","514,8","255,8","104,2","253,1","106,1","0,4746","0,3558","0,4785","0,3527","0,4707","0,3589",thumbnail_grossTrial,thumbnail_grossTrial.png,1245.0,1080.0,337.0,0.0,798.0,692.0,Fixation,475.0,119.0,939.0,390.0,"0,4832","0,3610",,
30997,62390431,1400501661718,Eye Tracker,Participant0058,17.09.2021,Participant0058,Recording4,17.09.2021,17.09.2021,14:48:45.713,12:48:45.713,64514,Timeline2,Tobii I-VT (Fixation),1.145.28180,1080,1920,"10,00",730252855.0,,,930.0,384.0,939.0,370.0,921.0,398.0,"0,04626","0,00194","-0,99893","-0,07721","0,01732","-0,99686",,,Valid,Valid,"233,6","100,4","515,8","292,2","100,0","514,9","257,5","101,4","252,3","108,9","0,4760","0,3557","0,4835","0,3429","0,4685","0,3685",thumbnail_grossTrial,thumbnail_grossTrial.png,1245.0,1080.0,337.0,0.0,798.0,692.0,Fixation,475.0,119.0,939.0,390.0,"0,4832","0,3610",,
30998,62398710,1400501669997,Eye Tracker,Participant0058,17.09.2021,Participant0058,Recording4,17.09.2021,17.09.2021,14:48:45.713,12:48:45.713,64514,Timeline2,Tobii I-VT (Fixation),1.145.28180,1080,1920,"10,00",730261134.0,,,930.0,386.0,940.0,375.0,920.0,397.0,"0,04645","0,00449","-0,99891","-0,07773","0,01676","-0,99683","4,09","3,75",Valid,Valid,"233,6","100,3","515,9","292,3","99,9","514,9","257,6","102,6","252,1","108,5","0,4759","0,3572","0,4839","0,3472","0,4678","0,3673",thumbnail_grossTrial,thumbnail_grossTrial.png,1245.0,1080.0,337.0,0.0,798.0,692.0,Fixation,475.0,119.0,939.0,390.0,"0,4832","0,3610",,
30999,62407021,1400501678308,Eye Tracker,Participant0058,17.09.2021,Participant0058,Recording4,17.09.2021,17.09.2021,14:48:45.713,12:48:45.713,64514,Timeline2,Tobii I-VT (Fixation),1.145.28180,1080,1920,"10,00",730269443.0,,,931.0,385.0,932.0,362.0,929.0,408.0,"0,04234","-0,00263","-0,99910","-0,07304","0,02286","-0,99707",,,Valid,Valid,"233,7","100,3","515,8","292,3","100,0","514,9","255,5","99,0","254,6","111,8","0,4764","0,3565","0,4777","0,3349","0,4750","0,3781",thumbnail_grossTrial,thumbnail_grossTrial.png,1245.0,1080.0,337.0,0.0,798.0,692.0,Fixation,475.0,119.0,939.0,390.0,"0,4832","0,3610",,
31000,62415353,1400501686640,Eye Tracker,Participant0058,17.09.2021,Participant0058,Recording4,17.09.2021,17.09.2021,14:48:45.713,12:48:45.713,64514,Timeline2,Tobii I-VT (Fixation),1.145.28180,1080,1920,"10,00",730277775.0,,,940.0,374.0,940.0,357.0,939.0,390.0,"0,04676","-0,00495","-0,99889","-0,06761","0,01327","-0,99762",,,Valid,Valid,"233,6","100,3","515,8","292,2","99,9","514,9","257,7","97,8","257,3","106,8","0,4837","0,3461","0,4843","0,3308","0,4831","0,3613",thumbnail_grossTrial,thumbnail_grossTrial.png,1245.0,1080.0,337.0,0.0,798.0,692.0,Fixation,475.0,119.0,939.0,390.0,"0,4832","0,3610",,
31001,62423751,1400501695038,Eye Tracker,Participant0058,17.09.2021,Participant0058,Recording4,17.09.2021,17.09.2021,14:48:45.713,12:48:45.713,64514,Timeline2,Tobii I-VT (Fixation),1.145.28180,1080,1920,"10,00",730286173.0,,,941.0,374.0,941.0,358.0,941.0,391.0,"0,04710","-0,00470","-0,99888","-0,06662","0,01390","-0,99768","4,06","3,75",Valid,Valid,"233,6","100,3","515,8","292,3","99,8","515,0","258,0","97,9","257,9","107,0","0,4848","0,3466","0,4849","0,3311","0,4847","0,3621",thumbnail_grossTrial,thumbnail_grossTrial.png,1245.0,1080.0,337.0,0.0,798.0,692.0,Fixation,475.0,119.0,939.0,390.0,"0,4832","0,3610",,
31002,62432064,1400501703351,Eye Tracker,Participant0058,17.09.2021,Participant0058,Recording4,17.09.2021,17.09.2021,14:48:45.713,12:48:45.713,64514,Timeline2,Tobii I-VT (Fixation),1.145.28180,1080,1920,"10,00",730294485.0,,,948.0,381.0,956.0,375.0,941.0,388.0,"0,05468","0,00431","-0,99849","-0,06679","0,01212","-0,99769",,,Valid,Valid,"233,7","100,3","515,8","292,3","99,9","515,0","261,9","102,6","257,8","106,2","0,4905","0,3531","0,4965","0,3470","0,4845","0,3592",thumbnail_grossTrial,thumbnail_grossTrial.png,1245.0,1080.0,337.0,0.0,798.0,692.0,Fixation,475.0,119.0,939.0,390.0,"0,4832","0,3610",,
31003,62440378,1400501711665,Eye Tracker,Participant0058,17.09.2021,Participant0058,Recording4,17.09.2021,17.09.2021,14:48:45.713,12:48:45.713,64514,Timeline2,Tobii I-VT (Fixation),1.145.28180,1080,1920,"10,00",730302799.0,,,931.0,389.0,934.0,383.0,927.0,395.0,"0,04334","0,00877","-0,99902","-0,07354","0,01571","-0,99717",,,Valid,Valid,"233,5","100,4","515,8","292,1","100,0","515,0","255,9","104,9","254,2","108,1","0,4763","0,3603","0,4789","0,3550","0,4738","0,3656",thumbnail_grossTrial,thumbnail_grossTrial.png,1245.0,1080.0,337.0,0.0,798.0,692.0,Saccade,33.0,263.0,,,,,,
31004,62448793,1400501720080,Eye Tracker,Participant0058,17.09.2021,Participant0058,Recording4,17.09.2021,17.09.2021,14:48:45.713,12:48:45.713,64514,Timeline2,Tobii I-VT (Fixation),1.145.28180,1080,1920,"10,00",730311213.0,,,919.0,384.0,906.0,397.0,933.0,370.0,"0,02869","0,01622","-0,99946","-0,06995","0,00228","-0,99755","4,10","3,75",Valid,Valid,"233,4","100,4","515,9","291,9","100,0","515,2","248,2","108,8","255,8","101,1","0,4675","0,3551","0,4563","0,3680","0,4786","0,3422",thumbnail_grossTrial,thumbnail_grossTrial.png,1245.0,1080.0,337.0,0.0,798.0,692.0,Saccade,33.0,263.0,,,,,,
31005,62457004,1400501728291,Eye Tracker,Participant0058,17.09.2021,Participant0058,Recording4,17.09.2021,17.09.2021,14:48:45.713,12:48:45.713,64514,Timeline2,Tobii I-VT (Fixation),1.145.28180,1080,1920,"10,00",730319424.0,,,815.0,446.0,848.0,421.0,781.0,471.0,"-0,00137","0,02854","-0,99959","-0,14900","0,05549","-0,98728",,,Valid,Valid,"233,3","100,5","516,0","291,8","100,1","515,2","232,5","115,2","214,0","129,0","0,3833","0,4132","0,4105","0,3898","0,3562","0,4365",thumbnail_grossTrial,thumbnail_grossTrial.png,1245.0,1080.0,337.0,0.0,798.0,692.0,Saccade,33.0,263.0,,,,,,
31006,62465368,1400501736655,Eye Tracker,Participant0058,17.09.2021,Participant0058,Recording4,17.09.2021,17.09.2021,14:48:45.713,12:48:45.713,64514,Timeline2,Tobii I-VT (Fixation),1.145.28180,1080,1920,"10,00",730327787.0,,,784.0,469.0,788.0,471.0,780.0,467.0,"-0,03335","0,05484","-0,99794","-0,14919","0,05334","-0,98737",,,Valid,Valid,"233,1","100,5","516,1","291,7","100,0","515,2","215,9","128,8","213,8","127,9","0,3586","0,4342","0,3616","0,4358","0,3556","0,4326",thumbnail_grossTrial,thumbnail_grossTrial.png,1245.0,1080.0,337.0,0.0,798.0,692.0,Saccade,33.0,263.0,,,,,,
31007,62473700,1400501744987,Eye Tracker,Participant0058,17.09.2021,Participant0058,Recording4,17.09.2021,17.09.2021,14:48:45.713,12:48:45.713,64514,Timeline2,Tobii I-VT (Fixation),1.145.28180,1080,1920,"10,00",730336119.0,,,764.0,473.0,761.0,473.0,768.0,473.0,"-0,04766","0,05605","-0,99729","-0,15539","0,05645","-0,98624","4,13","4,07",Valid,Valid,"233,1","100,4","516,2","291,7","100,0","515,2","208,4","129,4","210,5","129,5","0,3429","0,4381","0,3398","0,4380","0,3460","0,4383",thumbnail_grossTrial,thumbnail_grossTrial.png,1245.0,1080.0,337.0,0.0,798.0,692.0,Fixation,358.0,120.0,757.0,468.0,"0,3374","0,4334",,
31008,62482034,1400501753321,Eye Tracker,Participant0058,17.09.2021,Participant0058,Recording4,17.09.2021,17.09.2021,14:48:45.713,12:48:45.713,64514,Timeline2,Tobii I-VT (Fixation),1.145.28180,1080,1920,"10,00",730344452.0,,,774.0,478.0,777.0,483.0,771.0,472.0,"-0,03899","0,06128","-0,99736","-0,15401","0,05565","-0,98650",,,Valid,Valid,"233,2","100,5","516,2","291,7","100,1","515,2","213,0","132,2","211,3","129,2","0,3507","0,4421","0,3531","0,4473","0,3483","0,4370",thumbnail_grossTrial,thumbnail_grossTrial.png,1245.0,1080.0,337.0,0.0,798.0,692.0,Fixation,358.0,120.0,757.0,468.0,"0,3374","0,4334",,
31009,62490363,1400501761650,Eye Tracker,Participant0058,17.09.2021,Participant0058,Recording4,17.09.2021,17.09.2021,14:48:45.713,12:48:45.713,64514,Timeline2,Tobii I-VT (Fixation),1.145.28180,1080,1920,"10,00",730352781.0,,,776.0,475.0,783.0,472.0,768.0,477.0,"-0,03560","0,05576","-0,99781","-0,15522","0,05849","-0,98615",,,Valid,Valid,"233,1","100,4","516,2","291,7","100,1","515,2","214,7","129,3","210,6","130,6","0,3521","0,4397","0,3581","0,4374","0,3462","0,4420",thumbnail_grossTrial,thumbnail_grossTrial.png,1245.0,1080.0,337.0,0.0,798.0,692.0,Fixation,358.0,120.0,757.0,468.0,"0,3374","0,4334",,
31010,62498704,1400501769991,Eye Tracker,Participant0058,17.09.2021,Participant0058,Recording4,17.09.2021,17.09.2021,14:48:45.713,12:48:45.713,64514,Timeline2,Tobii I-VT (Fixation),1.145.28180,1080,1920,"10,00",730361121.0,,,758.0,467.0,758.0,463.0,757.0,471.0,"-0,04899","0,05072","-0,99751","-0,16114","0,05536","-0,98538","4,01","4,03",Valid,Valid,"233,1","100,4","516,3","291,7","100,0","515,2","207,8","126,7","207,5","129,0","0,3374","0,4324","0,3378","0,4285","0,3370","0,4364",thumbnail_grossTrial,thumbnail_grossTrial.png,1245.0,1080.0,337.0,0.0,798.0,692.0,Fixation,358.0,120.0,757.0,468.0,"0,3374","0,4334",,
31011,62507084,1400501778371,Eye Tracker,Participant0058,17.09.2021,Participant0058,Recording4,17.09.2021,17.09.2021,14:48:45.713,12:48:45.713,64514,Timeline2,Tobii I-VT (Fixation),1.145.28180,1080,1920,"10,00",730369501.0,,,758.0,471.0,762.0,469.0,754.0,473.0,"-0,04669","0,05379","-0,99746","-0,16252","0,05637","-0,98509",,,Valid,Valid,"233,1","100,5","516,2","291,7","100,1","515,2","209,0","128,3","206,7","129,6","0,3381","0,4363","0,3414","0,4341","0,3348","0,4384",thumbnail_grossTrial,thumbnail_grossTrial.png,1245.0,1080.0,337.0,0.0,798.0,692.0,Fixation,358.0,120.0,757.0,468.0,"0,3374","0,4334",,
31012,62515334,1400501786621,Eye Tracker,Participant0058,17.09.2021,Participant0058,Recording4,17.09.2021,17.09.2021,14:48:45.713,12:48:45.713,64514,Timeline2,Tobii I-VT (Fixation),1.145.28180,1080,1920,"10,00",730377750.0,,,766.0,475.0,774.0,482.0,758.0,467.0,"-0,04067","0,06103","-0,99731","-0,16062","0,05299","-0,98559",,,Valid,Valid,"233,0","100,4","516,3","291,7","100,1","515,2","212,0","132,0","207,7","127,8","0,3440","0,4395","0,3503","0,4467","0,3378","0,4323",thumbnail_grossTrial,thumbnail_grossTrial.png,1245.0,1080.0,337.0,0.0,798.0,692.0,Fixation,358.0,120.0,757.0,468.0,"0,3374","0,4334",,
31013,62523697,1400501794984,Eye Tracker,Participant0058,17.09.2021,Participant0058,Recording4,17.09.2021,17.09.2021,14:48:45.713,12:48:45.713,64514,Timeline2,Tobii I-VT (Fixation),1.145.28180,1080,1920,"10,00",730386113.0,,,758.0,475.0,756.0,475.0,759.0,475.0,"-0,04999","0,05699","-0,99712","-0,15996","0,05740","-0,98545","3,83","3,74",Valid,Valid,"233,1","100,4","516,4","291,7","100,0","515,3","207,2","129,9","208,1","130,0","0,3375","0,4397","0,3362","0,4395","0,3388","0,4399",thumbnail_grossTrial,thumbnail_grossTrial.png,1245.0,1080.0,337.0,0.0,798.0,692.0,Fixation,358.0,120.0,757.0,468.0,"0,3374","0,4334",,
31014,62532001,1400501803288,Eye Tracker,Participant0058,17.09.2021,Participant0058,Recording4,17.09.2021,17.09.2021,14:48:45.713,12:48:45.713,64514,Timeline2,Tobii I-VT (Fixation),1.145.28180,1080,1920,"10,00",730394416.0,,,754.0,474.0,750.0,471.0,758.0,476.0,"-0,05320","0,05514","-0,99706","-0,16046","0,05798","-0,98534",,,Valid,Valid,"233,1","100,4","516,4","291,7","100,0","515,3","205,5","129,0","207,8","130,3","0,3347","0,4387","0,3314","0,4364","0,3380","0,4410",thumbnail_grossTrial,thumbnail_grossTrial.png,1245.0,1080.0,337.0,0.0,798.0,692.0,Fixation,358.0,120.0,757.0,468.0,"0,3374","0,4334",,
31015,62540362,1400501811649,Eye Tracker,Participant0058,17.09.2021,Participant0058,Recording4,17.09.2021,17.09.2021,14:48:45.713,12:48:45.713,64514,Timeline2,Tobii I-VT (Fixation),1.145.28180,1080,1920,"10,00",730402777.0,,,756.0,466.0,749.0,459.0,764.0,472.0,"-0,05365","0,04877","-0,99737","-0,15755","0,05618","-0,98591",,,Valid,Valid,"233,0","100,4","516,4","291,7","99,9","515,5","205,2","125,6","209,3","129,3","0,3365","0,4313","0,3305","0,4251","0,3424","0,4375",thumbnail_grossTrial,thumbnail_grossTrial.png,1245.0,1080.0,337.0,0.0,798.0,692.0,Fixation,358.0,120.0,757.0,468.0,"0,3374","0,4334",,
31016,62548698,1400501819985,Eye Tracker,Participant0058,17.09.2021,Participant0058,Recording4,17.09.2021,17.09.2021,14:48:45.713,12:48:45.713,64514,Timeline2,Tobii I-VT (Fixation),1.145.28180,1080,1920,"10,00",730411112.0,,,748.0,464.0,755.0,453.0,742.0,475.0,"-0,05056","0,04579","-0,99767","-0,16884","0,05726","-0,98398","3,98","3,73",Valid,Valid,"233,1","100,3","516,5","291,7","99,9","515,7","206,9","124,0","203,3","129,9","0,3300","0,4296","0,3353","0,4197","0,3247","0,4394",thumbnail_grossTrial,thumbnail_grossTrial.png,1245.0,1080.0,337.0,0.0,798.0,692.0,Fixation,358.0,120.0,757.0,468.0,"0,3374","0,4334",,
31017,62557027,1400501828314,Eye Tracker,Participant0058,17.09.2021,Participant0058,Recording4,17.09.2021,17.09.2021,14:48:45.713,12:48:45.713,64514,Timeline2,Tobii I-VT (Fixation),1.145.28180,1080,1920,"10,00",730419441.0,,,750.0,464.0,757.0,454.0,744.0,474.0,"-0,04968","0,04628","-0,99769","-0,16790","0,05706","-0,98415",,,Valid,Valid,"233,1","100,4","516,5","291,8","99,8","515,8","207,4","124,3","203,8","129,7","0,3315","0,4298","0,3367","0,4207","0,3262","0,4390",thumbnail_grossTrial,thumbnail_grossTrial.png,1245.0,1080.0,337.0,0.0,798.0,692.0,Fixation,358.0,120.0,757.0,468.0,"0,3374","0,4334",,
31018,62565362,1400501836649,Eye Tracker,Participant0058,17.09.2021,Participant0058,Recording4,17.09.2021,17.09.2021,14:48:45.713,12:48:45.713,64514,Timeline2,Tobii I-VT (Fixation),1.145.28180,1080,1920,"10,00",730427775.0,,,758.0,461.0,758.0,458.0,757.0,465.0,"-0,04882","0,04824","-0,99764","-0,16089","0,05256","-0,98557",,,Valid,Valid,"233,0","100,3","516,5","291,8","99,7","516,0","207,8","125,3","207,5","127,2","0,3375","0,4273","0,3378","0,4240","0,3372","0,4305",thumbnail_grossTrial,thumbnail_grossTrial.png,1245.0,1080.0,337.0,0.0,798.0,692.0,Fixation,358.0,120.0,757.0,468.0,"0,3374","0,4334",,
31019,62573694,1400501844981,Eye Tracker,Participant0058,17.09.2021,Participant0058,Recording4,17.09.2021,17.09.2021,14:48:45.713,12:48:45.713,64514,Timeline2,Tobii I-VT (Fixation),1.145.28180,1080,1920,"10,00",730436107.0,,,758.0,465.0,758.0,459.0,757.0,471.0,"-0,04867","0,04867","-0,99763","-0,16090","0,05567","-0,98540","4,05","3,74",Valid,Valid,"233,1","100,3","516,6","291,8","99,6","516,2","207,9","125,5","207,5","128,8","0,3377","0,4302","0,3382","0,4246","0,3372","0,4358",thumbnail_grossTrial,thumbnail_grossTrial.png,1245.0,1080.0,337.0,0.0,798.0,692.0,Fixation,358.0,120.0,757.0,468.0,"0,3374","0,4334",,
31020,62581997,1400501853284,Eye Tracker,Participant0058,17.09.2021,Participant0058,Recording4,17.09.2021,17.09.2021,14:48:45.713,12:48:45.713,64514,Timeline2,Tobii I-VT (Fixation),1.145.28180,1080,1920,"10,00",730444409.0,,,756.0,463.0,756.0,455.0,756.0,472.0,"-0,05000","0,04665","-0,99766","-0,16174","0,05634","-0,98522",,,Valid,Valid,"233,1","100,3","516,6","291,8","99,6","516,3","207,2","124,5","207,1","129,2","0,3361","0,4291","0,3362","0,4213","0,3359","0,4370",thumbnail_grossTrial,thumbnail_grossTrial.png,1245.0,1080.0,337.0,0.0,798.0,692.0,Fixation,358.0,120.0,757.0,468.0,"0,3374","0,4334",,
31021,62590355,1400501861642,Eye Tracker,Participant0058,17.09.2021,Participant0058,Recording4,17.09.2021,17.09.2021,14:48:45.713,12:48:45.713,64514,Timeline2,Tobii I-VT (Fixation),1.145.28180,1080,1920,"10,00",730452767.0,,,767.0,470.0,776.0,471.0,758.0,470.0,"-0,03947","0,05510","-0,99770","-0,16049","0,05542","-0,98548",,,Valid,Valid,"233,0","100,3","516,6","291,8","99,5","516,4","212,6","128,8","207,7","128,6","0,3449","0,4355","0,3520","0,4359","0,3377","0,4351",thumbnail_grossTrial,thumbnail_grossTrial.png,1245.0,1080.0,337.0,0.0,798.0,692.0,Fixation,358.0,120.0,757.0,468.0,"0,3374","0,4334",,
31022,62598665,1400501869952,Eye Tracker,Participant0058,17.09.2021,Participant0058,Recording4,17.09.2021,17.09.2021,14:48:45.713,12:48:45.713,64514,Timeline2,Tobii I-VT (Fixation),1.145.28180,1080,1920,"10,00",730461076.0,,,767.0,471.0,776.0,470.0,758.0,472.0,"-0,03932","0,05483","-0,99772","-0,16044","0,05659","-0,98542","3,96","3,74",Valid,Valid,"233,1","100,3","516,7","291,9","99,5","516,6","212,7","128,7","207,7","129,1","0,3451","0,4361","0,3523","0,4354","0,3378","0,4369",thumbnail_grossTrial,thumbnail_grossTrial.png,1245.0,1080.0,337.0,0.0,798.0,692.0,Fixation,358.0,120.0,757.0,468.0,"0,3374","0,4334",,
31023,62607029,1400501878316,Eye Tracker,Participant0058,17.09.2021,Participant0058,Recording4,17.09.2021,17.09.2021,14:48:45.713,12:48:45.713,64514,Timeline2,Tobii I-VT (Fixation),1.145.28180,1080,1920,"10,00",730469439.0,,,766.0,471.0,776.0,470.0,756.0,471.0,"-0,03952","0,05485","-0,99771","-0,16147","0,05594","-0,98529",,,Valid,Valid,"233,1","100,3","516,6","291,9","99,5","516,7","212,6","128,7","207,2","128,8","0,3442","0,4357","0,3521","0,4356","0,3362","0,4358",thumbnail_grossTrial,thumbnail_grossTrial.png,1245.0,1080.0,337.0,0.0,798.0,692.0,Fixation,358.0,120.0,757.0,468.0,"0,3374","0,4334",,
31024,62615329,1400501886616,Eye Tracker,Participant0058,17.09.2021,Participant0058,Recording4,17.09.2021,17.09.2021,14:48:45.713,12:48:45.713,64514,Timeline2,Tobii I-VT (Fixation),1.145.28180,1080,1920,"10,00",730477739.0,,,753.0,464.0,753.0,451.0,753.0,477.0,"-0,05137","0,04484","-0,99767","-0,16282","0,05941","-0,98487",,,Valid,Valid,"233,0","100,3","516,6","291,8","99,4","516,9","206,4","123,5","206,4","130,6","0,3339","0,4299","0,3339","0,4180","0,3339","0,4418",thumbnail_grossTrial,thumbnail_grossTrial.png,1245.0,1080.0,337.0,0.0,798.0,692.0,Fixation,358.0,120.0,757.0,468.0,"0,3374","0,4334",,
31025,62623788,1400501895075,Eye Tracker,Participant0058,17.09.2021,Participant0058,Recording4,17.09.2021,17.09.2021,14:48:45.713,12:48:45.713,64514,Timeline2,Tobii I-VT (Fixation),1.145.28180,1080,1920,"10,00",730486198.0,,,753.0,469.0,749.0,457.0,757.0,480.0,"-0,05376","0,04799","-0,99740","-0,16095","0,06092","-0,98508","3,82","4,01",Valid,Valid,"233,0","100,3","516,7","291,9","99,3","517,0","205,2","125,1","207,4","131,3","0,3336","0,4338","0,3303","0,4234","0,3368","0,4442",thumbnail_grossTrial,thumbnail_grossTrial.png,1245.0,1080.0,337.0,0.0,798.0,692.0,Fixation,358.0,120.0,757.0,468.0,"0,3374","0,4334",,
31026,62631994,1400501903281,Eye Tracker,Participant0058,17.09.2021,Participant0058,Recording4,17.09.2021,17.09.2021,14:48:45.713,12:48:45.713,64514,Timeline2,Tobii I-VT (Fixation),1.145.28180,1080,1920,"10,00",730494403.0,,,755.0,468.0,753.0,457.0,757.0,479.0,"-0,05165","0,04794","-0,99751","-0,16099","0,06038","-0,98511",,,Valid,Valid,"233,1","100,4","516,7","291,9","99,4","517,0","206,3","125,2","207,4","131,0","0,3352","0,4335","0,3336","0,4236","0,3368","0,4434",thumbnail_grossTrial,thumbnail_grossTrial.png,1245.0,1080.0,337.0,0.0,798.0,692.0,Fixation,358.0,120.0,757.0,468.0,"0,3374","0,4334",,
31027,62640371,1400501911658,Eye Tracker,Participant0058,17.09.2021,Participant0058,Recording4,17.09.2021,17.09.2021,14:48:45.713,12:48:45.713,64514,Timeline2,Tobii I-VT (Fixation),1.145.28180,1080,1920,"10,00",730502779.0,,,760.0,473.0,753.0,479.0,768.0,466.0,"-0,05139","0,05926","-0,99692","-0,15528","0,05398","-0,98640",,,Valid,Valid,"233,0","100,3","516,7","291,8","99,3","517,1","206,4","131,0","210,4","127,6","0,3397","0,4376","0,3338","0,4434","0,3457","0,4318",thumbnail_grossTrial,thumbnail_grossTrial.png,1245.0,1080.0,337.0,0.0,798.0,692.0,Fixation,358.0,120.0,757.0,468.0,"0,3374","0,4334",,
31028,62648663,1400501919950,Eye Tracker,Participant0058,17.09.2021,Participant0058,Recording4,17.09.2021,17.09.2021,14:48:45.713,12:48:45.713,64514,Timeline2,Tobii I-VT (Fixation),1.145.28180,1080,1920,"10,00",730511071.0,,,759.0,484.0,779.0,497.0,738.0,472.0,"-0,03750","0,06880","-0,99693","-0,17053","0,05675","-0,98372","4,00","3,72",Valid,Valid,"233,0","100,3","516,7","291,9","99,3","517,2","213,6","136,0","202,2","129,1","0,3383","0,4484","0,3549","0,4600","0,3216","0,4368",thumbnail_grossTrial,thumbnail_grossTrial.png,1245.0,1080.0,337.0,0.0,798.0,692.0,Fixation,358.0,120.0,757.0,468.0,"0,3374","0,4334",,
31029,62657075,1400501928362,Eye Tracker,Participant0058,17.09.2021,Participant0058,Recording4,17.09.2021,17.09.2021,14:48:45.713,12:48:45.713,64514,Timeline2,Tobii I-VT (Fixation),1.145.28180,1080,1920,"10,00",730519483.0,,,768.0,476.0,778.0,494.0,759.0,457.0,"-0,03855","0,06738","-0,99698","-0,16007","0,04904","-0,98589",,,Valid,Valid,"233,1","100,4","516,6","291,9","99,3","517,2","213,1","135,3","207,9","125,0","0,3459","0,4404","0,3535","0,4578","0,3383","0,4230",thumbnail_grossTrial,thumbnail_grossTrial.png,1245.0,1080.0,337.0,0.0,798.0,692.0,Fixation,358.0,120.0,757.0,468.0,"0,3374","0,4334",,
31030,62665359,1400501936646,Eye Tracker,Participant0058,17.09.2021,Participant0058,Recording4,17.09.2021,17.09.2021,14:48:45.713,12:48:45.713,64514,Timeline2,Tobii I-VT (Fixation),1.145.28180,1080,1920,"10,00",730527766.0,,,749.0,460.0,752.0,461.0,746.0,459.0,"-0,05215","0,05008","-0,99738","-0,16612","0,05025","-0,98482",,,Valid,Valid,"233,0","100,4","516,6","291,8","99,3","517,3","206,0","126,3","204,6","125,7","0,3306","0,4262","0,3326","0,4273","0,3286","0,4251",thumbnail_grossTrial,thumbnail_grossTrial.png,1245.0,1080.0,337.0,0.0,798.0,692.0,Fixation,358.0,120.0,757.0,468.0,"0,3374","0,4334",,
31031,62673747,1400501945034,Eye Tracker,Participant0058,17.09.2021,Participant0058,Recording4,17.09.2021,17.09.2021,14:48:45.713,12:48:45.713,64514,Timeline2,Tobii I-VT (Fixation),1.145.28180,1080,1920,"10,00",730536154.0,,,755.0,458.0,755.0,457.0,754.0,458.0,"-0,05064","0,04785","-0,99757","-0,16212","0,04998","-0,98551","4,20","3,73",Valid,Valid,"233,0","100,3","516,6","291,9","99,2","517,4","206,8","125,1","206,8","125,4","0,3350","0,4238","0,3350","0,4233","0,3350","0,4244",thumbnail_grossTrial,thumbnail_grossTrial.png,1245.0,1080.0,337.0,0.0,798.0,692.0,Fixation,358.0,120.0,757.0,468.0,"0,3374","0,4334",,
31032,62681993,1400501953280,Eye Tracker,Participant0058,17.09.2021,Participant0058,Recording4,17.09.2021,17.09.2021,14:48:45.713,12:48:45.713,64514,Timeline2,Tobii I-VT (Fixation),1.145.28180,1080,1920,"10,00",730544399.0,,,755.0,462.0,755.0,460.0,755.0,464.0,"-0,05022","0,04903","-0,99753","-0,16208","0,05302","-0,98535",,,Valid,Valid,"233,1","100,4","516,6","291,9","99,2","517,3","207,1","125,8","206,8","127,1","0,3354","0,4278","0,3358","0,4256","0,3351","0,4300",thumbnail_grossTrial,thumbnail_grossTrial.png,1245.0,1080.0,337.0,0.0,798.0,692.0,Fixation,358.0,120.0,757.0,468.0,"0,3374","0,4334",,
31033,62690406,1400501961693,Eye Tracker,Participant0058,17.09.2021,Participant0058,Recording4,17.09.2021,17.09.2021,14:48:45.713,12:48:45.713,64514,Timeline2,Tobii I-VT (Fixation),1.145.28180,1080,1920,"10,00",730552812.0,,,756.0,464.0,756.0,466.0,756.0,462.0,"-0,04973","0,05233","-0,99739","-0,16103","0,05198","-0,98558",,,Valid,Valid,"233,0","100,4","516,5","291,9","99,2","517,4","207,2","127,5","207,3","126,5","0,3364","0,4297","0,3363","0,4314","0,3366","0,4281",thumbnail_grossTrial,thumbnail_grossTrial.png,1245.0,1080.0,337.0,0.0,798.0,692.0,Fixation,358.0,120.0,757.0,468.0,"0,3374","0,4334",,
31034,62698661,1400501969948,Eye Tracker,Participant0058,17.09.2021,Participant0058,Recording4,17.09.2021,17.09.2021,14:48:45.713,12:48:45.713,64514,Timeline2,Tobii I-VT (Fixation),1.145.28180,1080,1920,"10,00",730561066.0,,,757.0,463.0,758.0,466.0,757.0,461.0,"-0,04890","0,05233","-0,99743","-0,16076","0,05124","-0,98566","3,98","4,00",Valid,Valid,"233,0","100,4","516,5","291,9","99,2","517,4","207,7","127,5","207,5","126,1","0,3374","0,4289","0,3377","0,4313","0,3371","0,4266",thumbnail_grossTrial,thumbnail_grossTrial.png,1245.0,1080.0,337.0,0.0,798.0,692.0,Fixation,358.0,120.0,757.0,468.0,"0,3374","0,4334",,
31035,62706992,1400501978279,Eye Tracker,Participant0058,17.09.2021,Participant0058,Recording4,17.09.2021,17.09.2021,14:48:45.713,12:48:45.713,64514,Timeline2,Tobii I-VT (Fixation),1.145.28180,1080,1920,"10,00",730569397.0,,,759.0,462.0,758.0,467.0,760.0,456.0,"-0,04884","0,05295","-0,99740","-0,15941","0,04863","-0,98601",,,Valid,Valid,"233,1","100,5","516,4","291,9","99,3","517,3","207,8","127,9","208,3","124,8","0,3387","0,4274","0,3379","0,4327","0,3394","0,4222",thumbnail_grossTrial,thumbnail_grossTrial.png,1245.0,1080.0,337.0,0.0,798.0,692.0,Fixation,358.0,120.0,757.0,468.0,"0,3374","0,4334",,
31036,62715430,1400501986717,Eye Tracker,Participant0058,17.09.2021,Participant0058,Recording4,17.09.2021,17.09.2021,14:48:45.713,12:48:45.713,64514,Timeline2,Tobii I-VT (Fixation),1.145.28180,1080,1920,"10,00",730577834.0,,,758.0,466.0,756.0,471.0,761.0,461.0,"-0,04964","0,05503","-0,99725","-0,15900","0,05127","-0,98595",,,Valid,Valid,"233,0","100,5","516,4","291,8","99,3","517,2","207,3","129,0","208,4","126,2","0,3382","0,4316","0,3365","0,4363","0,3398","0,4270",thumbnail_grossTrial,thumbnail_grossTrial.png,1245.0,1080.0,337.0,0.0,798.0,692.0,Fixation,358.0,120.0,757.0,468.0,"0,3374","0,4334",,
31037,62723659,1400501994946,Eye Tracker,Participant0058,17.09.2021,Participant0058,Recording4,17.09.2021,17.09.2021,14:48:45.713,12:48:45.713,64514,Timeline2,Tobii I-VT (Fixation),1.145.28180,1080,1920,"10,00",730586062.0,,,757.0,468.0,754.0,472.0,760.0,464.0,"-0,05094","0,05539","-0,99716","-0,15939","0,05278","-0,98580","3,96","3,72",Valid,Valid,"233,0","100,4","516,3","291,9","99,3","517,2","206,6","129,1","208,2","127,0","0,3369","0,4332","0,3346","0,4369","0,3393","0,4296",thumbnail_grossTrial,thumbnail_grossTrial.png,1245.0,1080.0,337.0,0.0,798.0,692.0,Fixation,358.0,120.0,757.0,468.0,"0,3374","0,4334",,
31038,62732028,1400502003315,Eye Tracker,Participant0058,17.09.2021,Participant0058,Recording4,17.09.2021,17.09.2021,14:48:45.713,12:48:45.713,64514,Timeline2,Tobii I-VT (Fixation),1.145.28180,1080,1920,"10,00",730594431.0,,,758.0,469.0,753.0,468.0,763.0,470.0,"-0,05172","0,05315","-0,99725","-0,15776","0,05577","-0,98590",,,Valid,Valid,"233,1","100,6","516,2","291,9","99,4","517,0","206,3","128,1","209,2","128,6","0,3377","0,4343","0,3336","0,4333","0,3419","0,4352",thumbnail_grossTrial,thumbnail_grossTrial.png,1245.0,1080.0,337.0,0.0,798.0,692.0,Fixation,358.0,120.0,757.0,468.0,"0,3374","0,4334",,
31039,62740349,1400502011636,Eye Tracker,Participant0058,17.09.2021,Participant0058,Recording4,17.09.2021,17.09.2021,14:48:45.713,12:48:45.713,64514,Timeline2,Tobii I-VT (Fixation),1.145.28180,1080,1920,"10,00",730602752.0,,,757.0,468.0,754.0,465.0,759.0,470.0,"-0,05100","0,05156","-0,99737","-0,15958","0,05574","-0,98561",,,Valid,Valid,"233,0","100,6","516,1","291,8","99,4","516,9","206,6","127,3","208,1","128,7","0,3367","0,4329","0,3345","0,4305","0,3389","0,4353",thumbnail_grossTrial,thumbnail_grossTrial.png,1245.0,1080.0,337.0,0.0,798.0,692.0,Fixation,358.0,120.0,757.0,468.0,"0,3374","0,4334",,
31040,62748696,1400502019983,Eye Tracker,Participant0058,17.09.2021,Participant0058,Recording4,17.09.2021,17.09.2021,14:48:45.713,12:48:45.713,64514,Timeline2,Tobii I-VT (Fixation),1.145.28180,1080,1920,"10,00",730611098.0,,,757.0,467.0,756.0,463.0,758.0,472.0,"-0,04998","0,05030","-0,99748","-0,16022","0,05659","-0,98546","4,06","3,73",Valid,Valid,"233,0","100,6","516,0","291,8","99,4","516,8","207,2","126,6","207,8","129,1","0,3370","0,4326","0,3361","0,4283","0,3380","0,4369",thumbnail_grossTrial,thumbnail_grossTrial.png,1245.0,1080.0,337.0,0.0,798.0,692.0,Fixation,358.0,120.0,757.0,468.0,"0,3374","0,4334",,
31041,62757025,1400502028312,Eye Tracker,Participant0058,17.09.2021,Participant0058,Recording4,17.09.2021,17.09.2021,14:48:45.713,12:48:45.713,64514,Timeline2,Tobii I-VT (Fixation),1.145.28180,1080,1920,"10,00",730619426.0,,,755.0,465.0,759.0,465.0,750.0,465.0,"-0,04831","0,05158","-0,99750","-0,16429","0,05295","-0,98499",,,Valid,Valid,"233,1","100,7","515,9","291,8","99,5","516,6","208,1","127,4","205,7","127,3","0,3353","0,4309","0,3388","0,4309","0,3317","0,4308",thumbnail_grossTrial,thumbnail_grossTrial.png,1245.0,1080.0,337.0,0.0,798.0,692.0,Fixation,358.0,120.0,757.0,468.0,"0,3374","0,4334",,
31042,62765321,1400502036608,Eye Tracker,Participant0058,17.09.2021,Participant0058,Recording4,17.09.2021,17.09.2021,14:48:45.713,12:48:45.713,64514,Timeline2,Tobii I-VT (Fixation),1.145.28180,1080,1920,"10,00",730627722.0,,,751.0,468.0,758.0,460.0,743.0,476.0,"-0,04891","0,04891","-0,99761","-0,16787","0,05866","-0,98406",,,Valid,Valid,"233,0","100,7","515,8","291,8","99,6","516,5","207,7","126,0","203,7","130,4","0,3318","0,4337","0,3377","0,4263","0,3259","0,4411",thumbnail_grossTrial,thumbnail_grossTrial.png,1245.0,1080.0,337.0,0.0,798.0,692.0,Fixation,358.0,120.0,757.0,468.0,"0,3374","0,4334",,
31043,62773657,1400502044944,Eye Tracker,Participant0058,17.09.2021,Participant0058,Recording4,17.09.2021,17.09.2021,14:48:45.713,12:48:45.713,64514,Timeline2,Tobii I-VT (Fixation),1.145.28180,1080,1920,"10,00",730636058.0,,,749.0,468.0,755.0,467.0,744.0,470.0,"-0,05072","0,05231","-0,99734","-0,16751","0,05533","-0,98432","3,95","3,66",Valid,Valid,"233,0","100,7","515,8","291,8","99,6","516,5","206,8","127,7","203,9","128,6","0,3308","0,4337","0,3351","0,4322","0,3266","0,4352",thumbnail_grossTrial,thumbnail_grossTrial.png,1245.0,1080.0,337.0,0.0,798.0,692.0,Fixation,358.0,120.0,757.0,468.0,"0,3374","0,4334",,
31044,62782028,1400502053315,Eye Tracker,Participant0058,17.09.2021,Participant0058,Recording4,17.09.2021,17.09.2021,14:48:45.713,12:48:45.713,64514,Timeline2,Tobii I-VT (Fixation),1.145.28180,1080,1920,"10,00",730644428.0,,,752.0,470.0,755.0,466.0,748.0,474.0,"-0,05067","0,05187","-0,99737","-0,16542","0,05718","-0,98456",,,Valid,Valid,"233,1","100,8","515,7","291,8","99,7","516,3","206,9","127,6","205,1","129,7","0,3326","0,4353","0,3353","0,4318","0,3300","0,4388",thumbnail_grossTrial,thumbnail_grossTrial.png,1245.0,1080.0,337.0,0.0,798.0,692.0,Fixation,358.0,120.0,757.0,468.0,"0,3374","0,4334",,
31045,62790347,1400502061634,Eye Tracker,Participant0058,17.09.2021,Participant0058,Recording4,17.09.2021,17.09.2021,14:48:45.713,12:48:45.713,64514,Timeline2,Tobii I-VT (Fixation),1.145.28180,1080,1920,"10,00",730652746.0,,,748.0,471.0,755.0,473.0,742.0,470.0,"-0,05053","0,05525","-0,99719","-0,16868","0,05493","-0,98414",,,Valid,Valid,"233,0","100,8","515,6","291,8","99,7","516,3","206,9","129,4","203,3","128,5","0,3300","0,4363","0,3353","0,4377","0,3248","0,4348",thumbnail_grossTrial,thumbnail_grossTrial.png,1245.0,1080.0,337.0,0.0,798.0,692.0,Fixation,358.0,120.0,757.0,468.0,"0,3374","0,4334",,
31046,62798736,1400502070023,Eye Tracker,Participant0058,17.09.2021,Participant0058,Recording4,17.09.2021,17.09.2021,14:48:45.713,12:48:45.713,64514,Timeline2,Tobii I-VT (Fixation),1.145.28180,1080,1920,"10,00",730661135.0,,,759.0,464.0,756.0,470.0,763.0,459.0,"-0,05015","0,05359","-0,99730","-0,15799","0,04961","-0,98619","3,98","3,96",Valid,Valid,"233,1","100,8","515,6","291,8","99,7","516,3","207,1","128,5","209,1","125,6","0,3389","0,4299","0,3360","0,4347","0,3417","0,4251",thumbnail_grossTrial,thumbnail_grossTrial.png,1245.0,1080.0,337.0,0.0,798.0,692.0,Fixation,358.0,120.0,757.0,468.0,"0,3374","0,4334",,
31047,62806986,1400502078273,Eye Tracker,Participant0058,17.09.2021,Participant0058,Recording4,17.09.2021,17.09.2021,14:48:45.713,12:48:45.713,64514,Timeline2,Tobii I-VT (Fixation),1.145.28180,1080,1920,"10,00",730669385.0,,,755.0,464.0,747.0,469.0,762.0,459.0,"-0,05467","0,05322","-0,99709","-0,15829","0,04921","-0,98617",,,Valid,Valid,"233,1","100,9","515,5","291,8","99,7","516,3","204,8","128,4","209,0","125,5","0,3353","0,4295","0,3293","0,4344","0,3413","0,4246",thumbnail_grossTrial,thumbnail_grossTrial.png,1245.0,1080.0,337.0,0.0,798.0,692.0,Fixation,358.0,120.0,757.0,468.0,"0,3374","0,4334",,
31048,62815318,1400502086605,Eye Tracker,Participant0058,17.09.2021,Participant0058,Recording4,17.09.2021,17.09.2021,14:48:45.713,12:48:45.713,64514,Timeline2,Tobii I-VT (Fixation),1.145.28180,1080,1920,"10,00",730677716.0,,,752.0,466.0,747.0,466.0,757.0,466.0,"-0,05497","0,05151","-0,99716","-0,16079","0,05305","-0,98556",,,Valid,Valid,"233,0","100,8","515,5","291,8","99,7","516,4","204,6","127,5","207,5","127,5","0,3329","0,4313","0,3286","0,4313","0,3372","0,4313",thumbnail_grossTrial,thumbnail_grossTrial.png,1245.0,1080.0,337.0,0.0,798.0,692.0,Fixation,358.0,120.0,757.0,468.0,"0,3374","0,4334",,
31049,62823654,1400502094941,Eye Tracker,Participant0058,17.09.2021,Participant0058,Recording4,17.09.2021,17.09.2021,14:48:45.713,12:48:45.713,64514,Timeline2,Tobii I-VT (Fixation),1.145.28180,1080,1920,"10,00",730686051.0,,,752.0,470.0,748.0,468.0,755.0,472.0,"-0,05408","0,05276","-0,99714","-0,16213","0,05643","-0,98516","4,03","3,70",Valid,Valid,"233,1","100,8","515,5","291,8","99,6","516,5","205,1","128,1","206,8","129,2","0,3326","0,4352","0,3301","0,4333","0,3351","0,4370",thumbnail_grossTrial,thumbnail_grossTrial.png,1245.0,1080.0,337.0,0.0,798.0,692.0,Fixation,358.0,120.0,757.0,468.0,"0,3374","0,4334",,
31050,62831985,1400502103272,Eye Tracker,Participant0058,17.09.2021,Participant0058,Recording4,17.09.2021,17.09.2021,14:48:45.713,12:48:45.713,64514,Timeline2,Tobii I-VT (Fixation),1.145.28180,1080,1920,"10,00",730694382.0,,,763.0,456.0,757.0,443.0,770.0,468.0,"-0,04986","0,03944","-0,99798","-0,15465","0,05472","-0,98645",,,Valid,Valid,"233,2","100,8","515,5","291,9","99,5","516,6","207,4","121,2","210,9","128,2","0,3420","0,4219","0,3368","0,4100","0,3471","0,4338",thumbnail_grossTrial,thumbnail_grossTrial.png,1245.0,1080.0,337.0,0.0,798.0,692.0,Saccade,17.0,264.0,,,,,,
31051,62840319,1400502111606,Eye Tracker,Participant0058,17.09.2021,Participant0058,Recording4,17.09.2021,17.09.2021,14:48:45.713,12:48:45.713,64514,Timeline2,Tobii I-VT (Fixation),1.145.28180,1080,1920,"10,00",730702715.0,,,775.0,461.0,774.0,460.0,777.0,462.0,"-0,04066","0,04858","-0,99799","-0,15090","0,05151","-0,98721",,,Valid,Valid,"233,1","100,8","515,5","291,9","99,5","516,7","212,1","125,9","212,9","126,4","0,3518","0,4268","0,3507","0,4258","0,3530","0,4278",thumbnail_grossTrial,thumbnail_grossTrial.png,1245.0,1080.0,337.0,0.0,798.0,692.0,Saccade,17.0,264.0,,,,,,
31052,62848654,1400502119941,Eye Tracker,Participant0058,17.09.2021,Participant0058,Recording4,17.09.2021,17.09.2021,14:48:45.713,12:48:45.713,64514,Timeline2,Tobii I-VT (Fixation),1.145.28180,1080,1920,"10,00",730711050.0,,,791.0,450.0,788.0,447.0,795.0,454.0,"-0,03340","0,04175","-0,99857","-0,14177","0,04740","-0,98876","4,01","3,73",Valid,Valid,"233,2","100,7","515,6","291,9","99,3","516,9","215,9","122,3","217,8","124,1","0,3645","0,4168","0,3618","0,4136","0,3673","0,4200",thumbnail_grossTrial,thumbnail_grossTrial.png,1245.0,1080.0,337.0,0.0,798.0,692.0,Fixation,1042.0,121.0,790.0,450.0,"0,3638","0,4167",,
31053,62856985,1400502128272,Eye Tracker,Participant0058,17.09.2021,Participant0058,Recording4,17.09.2021,17.09.2021,14:48:45.713,12:48:45.713,64514,Timeline2,Tobii I-VT (Fixation),1.145.28180,1080,1920,"10,00",730719380.0,,,791.0,450.0,789.0,450.0,794.0,451.0,"-0,03298","0,04315","-0,99852","-0,14211","0,04606","-0,98878",,,Valid,Valid,"233,2","100,7","515,6","292,0","99,4","517,0","216,2","123,0","217,7","123,4","0,3647","0,4170","0,3625","0,4162","0,3669","0,4177",thumbnail_grossTrial,thumbnail_grossTrial.png,1245.0,1080.0,337.0,0.0,798.0,692.0,Fixation,1042.0,121.0,790.0,450.0,"0,3638","0,4167",,
31054,62865344,1400502136631,Eye Tracker,Participant0058,17.09.2021,Participant0058,Recording4,17.09.2021,17.09.2021,14:48:45.713,12:48:45.713,64514,Timeline2,Tobii I-VT (Fixation),1.145.28180,1080,1920,"10,00",730727739.0,,,791.0,452.0,791.0,451.0,791.0,453.0,"-0,03177","0,04408","-0,99852","-0,14373","0,04702","-0,98850",,,Valid,Valid,"233,1","100,7","515,6","291,9","99,3","517,2","216,7","123,5","216,7","123,9","0,3641","0,4184","0,3641","0,4177","0,3641","0,4191",thumbnail_grossTrial,thumbnail_grossTrial.png,1245.0,1080.0,337.0,0.0,798.0,692.0,Fixation,1042.0,121.0,790.0,450.0,"0,3638","0,4167",,
31055,62873682,1400502144969,Eye Tracker,Participant0058,17.09.2021,Participant0058,Recording4,17.09.2021,17.09.2021,14:48:45.713,12:48:45.713,64514,Timeline2,Tobii I-VT (Fixation),1.145.28180,1080,1920,"10,00",730736076.0,,,788.0,446.0,791.0,443.0,786.0,449.0,"-0,03193","0,03983","-0,99870","-0,14603","0,04541","-0,98824","4,02","3,74",Valid,Valid,"233,2","100,7","515,7","292,0","99,2","517,4","216,7","121,2","215,5","122,9","0,3623","0,4131","0,3640","0,4102","0,3606","0,4159",thumbnail_grossTrial,thumbnail_grossTrial.png,1245.0,1080.0,337.0,0.0,798.0,692.0,Fixation,1042.0,121.0,790.0,450.0,"0,3638","0,4167",,
31056,62881983,1400502153270,Eye Tracker,Participant0058,17.09.2021,Participant0058,Recording4,17.09.2021,17.09.2021,14:48:45.713,12:48:45.713,64514,Timeline2,Tobii I-VT (Fixation),1.145.28180,1080,1920,"10,00",730744377.0,,,787.0,441.0,788.0,439.0,786.0,443.0,"-0,03336","0,03779","-0,99873","-0,14627","0,04186","-0,98836",,,Valid,Valid,"233,2","100,7","515,7","292,0","99,2","517,4","216,0","120,2","215,4","121,1","0,3611","0,4082","0,3619","0,4067","0,3604","0,4097",thumbnail_grossTrial,thumbnail_grossTrial.png,1245.0,1080.0,337.0,0.0,798.0,692.0,Fixation,1042.0,121.0,790.0,450.0,"0,3638","0,4167",,
31057,62890342,1400502161629,Eye Tracker,Participant0058,17.09.2021,Participant0058,Recording4,17.09.2021,17.09.2021,14:48:45.713,12:48:45.713,64514,Timeline2,Tobii I-VT (Fixation),1.145.28180,1080,1920,"10,00",730752736.0,,,788.0,446.0,788.0,446.0,789.0,446.0,"-0,03339","0,04115","-0,99859","-0,14480","0,04382","-0,98849",,,Valid,Valid,"233,1","100,7","515,7","292,0","99,1","517,6","215,9","121,9","216,2","122,1","0,3621","0,4128","0,3617","0,4126","0,3624","0,4130",thumbnail_grossTrial,thumbnail_grossTrial.png,1245.0,1080.0,337.0,0.0,798.0,692.0,Fixation,1042.0,121.0,790.0,450.0,"0,3638","0,4167",,
31058,62898651,1400502169938,Eye Tracker,Participant0058,17.09.2021,Participant0058,Recording4,17.09.2021,17.09.2021,14:48:45.713,12:48:45.713,64514,Timeline2,Tobii I-VT (Fixation),1.145.28180,1080,1920,"10,00",730761044.0,,,791.0,446.0,790.0,447.0,791.0,446.0,"-0,03203","0,04172","-0,99862","-0,14379","0,04394","-0,98863","4,04","4,20",Valid,Valid,"233,2","100,7","515,8","292,0","99,0","517,7","216,6","122,2","216,7","122,0","0,3639","0,4132","0,3638","0,4135","0,3641","0,4129",thumbnail_grossTrial,thumbnail_grossTrial.png,1245.0,1080.0,337.0,0.0,798.0,692.0,Fixation,1042.0,121.0,790.0,450.0,"0,3638","0,4167",,
31059,62906982,1400502178269,Eye Tracker,Participant0058,17.09.2021,Participant0058,Recording4,17.09.2021,17.09.2021,14:48:45.713,12:48:45.713,64514,Timeline2,Tobii I-VT (Fixation),1.145.28180,1080,1920,"10,00",730769374.0,,,792.0,449.0,795.0,448.0,790.0,450.0,"-0,02980","0,04229","-0,99866","-0,14434","0,04616","-0,98845",,,Valid,Valid,"233,2","100,7","515,7","292,0","99,1","517,7","217,8","122,6","216,4","123,3","0,3653","0,4159","0,3673","0,4147","0,3633","0,4171",thumbnail_grossTrial,thumbnail_grossTrial.png,1245.0,1080.0,337.0,0.0,798.0,692.0,Fixation,1042.0,121.0,790.0,450.0,"0,3638","0,4167",,
31060,62915341,1400502186628,Eye Tracker,Participant0058,17.09.2021,Participant0058,Recording4,17.09.2021,17.09.2021,14:48:45.713,12:48:45.713,64514,Timeline2,Tobii I-VT (Fixation),1.145.28180,1080,1920,"10,00",730777733.0,,,804.0,452.0,819.0,456.0,789.0,449.0,"-0,01702","0,04676","-0,99876","-0,14450","0,04529","-0,98847",,,Valid,Valid,"233,1","100,7","515,6","292,0","99,1","517,8","224,4","124,9","216,3","122,8","0,3747","0,4190","0,3865","0,4225","0,3629","0,4154",thumbnail_grossTrial,thumbnail_grossTrial.png,1245.0,1080.0,337.0,0.0,798.0,692.0,Fixation,1042.0,121.0,790.0,450.0,"0,3638","0,4167",,
31061,62923759,1400502195046,Eye Tracker,Participant0058,17.09.2021,Participant0058,Recording4,17.09.2021,17.09.2021,14:48:45.713,12:48:45.713,64514,Timeline2,Tobii I-VT (Fixation),1.145.28180,1080,1920,"10,00",730786151.0,,,799.0,452.0,814.0,457.0,784.0,446.0,"-0,01961","0,04726","-0,99869","-0,14726","0,04414","-0,98811","4,03","3,72",Valid,Valid,"233,2","100,7","515,6","292,0","99,0","517,8","223,0","125,1","214,8","122,1","0,3706","0,4183","0,3826","0,4233","0,3586","0,4132",thumbnail_grossTrial,thumbnail_grossTrial.png,1245.0,1080.0,337.0,0.0,798.0,692.0,Fixation,1042.0,121.0,790.0,450.0,"0,3638","0,4167",,
31062,62931980,1400502203267,Eye Tracker,Participant0058,17.09.2021,Participant0058,Recording4,17.09.2021,17.09.2021,14:48:45.713,12:48:45.713,64514,Timeline2,Tobii I-VT (Fixation),1.145.28180,1080,1920,"10,00",730794371.0,,,799.0,453.0,814.0,457.0,785.0,449.0,"-0,01971","0,04711","-0,99870","-0,14674","0,04557","-0,98813",,,Valid,Valid,"233,2","100,8","515,5","292,0","99,1","517,8","223,0","125,1","215,2","122,9","0,3711","0,4197","0,3826","0,4233","0,3595","0,4160",thumbnail_grossTrial,thumbnail_grossTrial.png,1245.0,1080.0,337.0,0.0,798.0,692.0,Fixation,1042.0,121.0,790.0,450.0,"0,3638","0,4167",,
31063,62940339,1400502211626,Eye Tracker,Participant0058,17.09.2021,Participant0058,Recording4,17.09.2021,17.09.2021,14:48:45.713,12:48:45.713,64514,Timeline2,Tobii I-VT (Fixation),1.145.28180,1080,1920,"10,00",730802730.0,,,788.0,452.0,791.0,449.0,784.0,456.0,"-0,03162","0,04257","-0,99859","-0,14711","0,04922","-0,98790",,,Valid,Valid,"233,1","100,8","515,5","292,0","99,1","517,8","216,8","122,8","214,9","124,9","0,3616","0,4189","0,3644","0,4155","0,3587","0,4224",thumbnail_grossTrial,thumbnail_grossTrial.png,1245.0,1080.0,337.0,0.0,798.0,692.0,Fixation,1042.0,121.0,790.0,450.0,"0,3638","0,4167",,
31064,62948645,1400502219932,Eye Tracker,Participant0058,17.09.2021,Participant0058,Recording4,17.09.2021,17.09.2021,14:48:45.713,12:48:45.713,64514,Timeline2,Tobii I-VT (Fixation),1.145.28180,1080,1920,"10,00",730811035.0,,,794.0,460.0,793.0,453.0,794.0,467.0,"-0,03078","0,04514","-0,99851","-0,14175","0,05502","-0,98837","4,04","4,05",Valid,Valid,"233,2","100,8","515,4","292,0","99,0","517,8","217,3","124,1","217,7","127,8","0,3664","0,4261","0,3657","0,4199","0,3670","0,4324",thumbnail_grossTrial,thumbnail_grossTrial.png,1245.0,1080.0,337.0,0.0,798.0,692.0,Fixation,1042.0,121.0,790.0,450.0,"0,3638","0,4167",,
31065,62957018,1400502228305,Eye Tracker,Participant0058,17.09.2021,Participant0058,Recording4,17.09.2021,17.09.2021,14:48:45.713,12:48:45.713,64514,Timeline2,Tobii I-VT (Fixation),1.145.28180,1080,1920,"10,00",730819407.0,,,796.0,459.0,797.0,454.0,795.0,464.0,"-0,02880","0,04518","-0,99856","-0,14179","0,05305","-0,98847",,,Valid,Valid,"233,2","100,9","515,3","292,0","99,1","517,7","218,4","124,2","217,8","126,9","0,3680","0,4247","0,3689","0,4202","0,3672","0,4292",thumbnail_grossTrial,thumbnail_grossTrial.png,1245.0,1080.0,337.0,0.0,798.0,692.0,Fixation,1042.0,121.0,790.0,450.0,"0,3638","0,4167",,
31066,62965394,1400502236681,Eye Tracker,Participant0058,17.09.2021,Participant0058,Recording4,17.09.2021,17.09.2021,14:48:45.713,12:48:45.713,64514,Timeline2,Tobii I-VT (Fixation),1.145.28180,1080,1920,"10,00",730827783.0,,,799.0,453.0,804.0,449.0,795.0,458.0,"-0,02492","0,04260","-0,99878","-0,14170","0,04996","-0,98865",,,Valid,Valid,"233,1","100,9","515,2","292,0","99,1","517,7","220,3","122,9","217,8","125,2","0,3709","0,4197","0,3746","0,4157","0,3672","0,4237",thumbnail_grossTrial,thumbnail_grossTrial.png,1245.0,1080.0,337.0,0.0,798.0,692.0,Fixation,1042.0,121.0,790.0,450.0,"0,3638","0,4167",,
31067,62973724,1400502245011,Eye Tracker,Participant0058,17.09.2021,Participant0058,Recording4,17.09.2021,17.09.2021,14:48:45.713,12:48:45.713,64514,Timeline2,Tobii I-VT (Fixation),1.145.28180,1080,1920,"10,00",730836113.0,,,797.0,449.0,805.0,450.0,789.0,448.0,"-0,02423","0,04293","-0,99878","-0,14484","0,04502","-0,98843","4,07","4,01",Valid,Valid,"233,2","100,9","515,2","292,0","99,0","517,7","220,7","123,0","216,1","122,6","0,3690","0,4155","0,3757","0,4162","0,3624","0,4148",thumbnail_grossTrial,thumbnail_grossTrial.png,1245.0,1080.0,337.0,0.0,798.0,692.0,Fixation,1042.0,121.0,790.0,450.0,"0,3638","0,4167",,
31068,62982052,1400502253339,Eye Tracker,Participant0058,17.09.2021,Participant0058,Recording4,17.09.2021,17.09.2021,14:48:45.713,12:48:45.713,64514,Timeline2,Tobii I-VT (Fixation),1.145.28180,1080,1920,"10,00",730844440.0,,,795.0,447.0,804.0,445.0,785.0,448.0,"-0,02472","0,04050","-0,99887","-0,14662","0,04478","-0,98818",,,Valid,Valid,"233,2","101,0","515,1","292,0","99,1","517,6","220,5","121,8","215,2","122,5","0,3674","0,4134","0,3750","0,4122","0,3598","0,4146",thumbnail_grossTrial,thumbnail_grossTrial.png,1245.0,1080.0,337.0,0.0,798.0,692.0,Fixation,1042.0,121.0,790.0,450.0,"0,3638","0,4167",,
31069,62990324,1400502261611,Eye Tracker,Participant0058,17.09.2021,Participant0058,Recording4,17.09.2021,17.09.2021,14:48:45.713,12:48:45.713,64514,Timeline2,Tobii I-VT (Fixation),1.145.28180,1080,1920,"10,00",730852711.0,,,792.0,454.0,793.0,459.0,790.0,449.0,"-0,03057","0,04789","-0,99838","-0,14411","0,04526","-0,98853",,,Valid,Valid,"233,2","100,9","515,0","292,0","99,0","517,6","217,4","125,6","216,5","122,7","0,3648","0,4202","0,3661","0,4251","0,3635","0,4153",thumbnail_grossTrial,thumbnail_grossTrial.png,1245.0,1080.0,337.0,0.0,798.0,692.0,Fixation,1042.0,121.0,790.0,450.0,"0,3638","0,4167",,
31070,62998684,1400502269971,Eye Tracker,Participant0058,17.09.2021,Participant0058,Recording4,17.09.2021,17.09.2021,14:48:45.713,12:48:45.713,64514,Timeline2,Tobii I-VT (Fixation),1.145.28180,1080,1920,"10,00",730861071.0,,,794.0,450.0,796.0,455.0,793.0,446.0,"-0,02882","0,04558","-0,99854","-0,14290","0,04419","-0,98875","4,07","3,72",Valid,Valid,"233,2","100,9","515,0","292,0","99,0","517,6","218,3","124,4","217,2","122,1","0,3671","0,4171","0,3687","0,4210","0,3655","0,4133",thumbnail_grossTrial,thumbnail_grossTrial.png,1245.0,1080.0,337.0,0.0,798.0,692.0,Fixation,1042.0,121.0,790.0,450.0,"0,3638","0,4167",,
31071,63006990,1400502278277,Eye Tracker,Participant0058,17.09.2021,Participant0058,Recording4,17.09.2021,17.09.2021,14:48:45.713,12:48:45.713,64514,Timeline2,Tobii I-VT (Fixation),1.145.28180,1080,1920,"10,00",730869376.0,,,794.0,449.0,795.0,454.0,793.0,445.0,"-0,02979","0,04500","-0,99854","-0,14250","0,04332","-0,98885",,,Valid,Valid,"233,2","101,0","515,0","292,0","99,1","517,5","217,8","124,2","217,5","121,7","0,3668","0,4160","0,3674","0,4201","0,3663","0,4119",thumbnail_grossTrial,thumbnail_grossTrial.png,1245.0,1080.0,337.0,0.0,798.0,692.0,Fixation,1042.0,121.0,790.0,450.0,"0,3638","0,4167",,
31072,63015327,1400502286614,Eye Tracker,Participant0058,17.09.2021,Participant0058,Recording4,17.09.2021,17.09.2021,14:48:45.713,12:48:45.713,64514,Timeline2,Tobii I-VT (Fixation),1.145.28180,1080,1920,"10,00",730877712.0,,,793.0,443.0,798.0,444.0,788.0,442.0,"-0,02788","0,03993","-0,99881","-0,14507","0,04175","-0,98854",,,Valid,Valid,"233,1","100,9","515,0","292,0","99,0","517,5","218,8","121,5","216,0","120,9","0,3661","0,4101","0,3701","0,4111","0,3621","0,4091",thumbnail_grossTrial,thumbnail_grossTrial.png,1245.0,1080.0,337.0,0.0,798.0,692.0,Fixation,1042.0,121.0,790.0,450.0,"0,3638","0,4167",,
31073,63023743,1400502295030,Eye Tracker,Participant0058,17.09.2021,Participant0058,Recording4,17.09.2021,17.09.2021,14:48:45.713,12:48:45.713,64514,Timeline2,Tobii I-VT (Fixation),1.145.28180,1080,1920,"10,00",730886128.0,,,791.0,444.0,793.0,446.0,788.0,441.0,"-0,03048","0,04138","-0,99868","-0,14517","0,04151","-0,98854","4,05","3,69",Valid,Valid,"233,2","100,8","515,0","292,0","99,0","517,5","217,4","122,2","216,0","120,7","0,3641","0,4110","0,3662","0,4134","0,3620","0,4085",thumbnail_grossTrial,thumbnail_grossTrial.png,1245.0,1080.0,337.0,0.0,798.0,692.0,Fixation,1042.0,121.0,790.0,450.0,"0,3638","0,4167",,
31074,63031977,1400502303264,Eye Tracker,Participant0058,17.09.2021,Participant0058,Recording4,17.09.2021,17.09.2021,14:48:45.713,12:48:45.713,64514,Timeline2,Tobii I-VT (Fixation),1.145.28180,1080,1920,"10,00",730894362.0,,,791.0,446.0,795.0,449.0,788.0,444.0,"-0,02984","0,04275","-0,99864","-0,14526","0,04265","-0,98847",,,Valid,Valid,"233,2","100,9","515,0","292,0","99,1","517,4","217,8","123,0","216,0","121,4","0,3646","0,4134","0,3673","0,4160","0,3620","0,4107",thumbnail_grossTrial,thumbnail_grossTrial.png,1245.0,1080.0,337.0,0.0,798.0,692.0,Fixation,1042.0,121.0,790.0,450.0,"0,3638","0,4167",,
31075,63040347,1400502311634,Eye Tracker,Participant0058,17.09.2021,Participant0058,Recording4,17.09.2021,17.09.2021,14:48:45.713,12:48:45.713,64514,Timeline2,Tobii I-VT (Fixation),1.145.28180,1080,1920,"10,00",730902731.0,,,804.0,456.0,819.0,472.0,790.0,441.0,"-0,01684","0,05469","-0,99836","-0,14424","0,04113","-0,98869",,,Valid,Valid,"233,1","100,9","515,0","292,0","99,1","517,4","224,5","129,1","216,5","120,6","0,3751","0,4224","0,3868","0,4368","0,3634","0,4080",thumbnail_grossTrial,thumbnail_grossTrial.png,1245.0,1080.0,337.0,0.0,798.0,692.0,Fixation,1042.0,121.0,790.0,450.0,"0,3638","0,4167",,
31076,63048650,1400502319937,Eye Tracker,Participant0058,17.09.2021,Participant0058,Recording4,17.09.2021,17.09.2021,14:48:45.713,12:48:45.713,64514,Timeline2,Tobii I-VT (Fixation),1.145.28180,1080,1920,"10,00",730911034.0,,,807.0,459.0,821.0,473.0,793.0,445.0,"-0,01584","0,05553","-0,99833","-0,14262","0,04374","-0,98881","4,00","4,06",Valid,Valid,"233,2","100,8","515,1","292,0","99,0","517,4","225,0","129,4","217,4","121,9","0,3772","0,4252","0,3883","0,4380","0,3660","0,4124",thumbnail_grossTrial,thumbnail_grossTrial.png,1245.0,1080.0,337.0,0.0,798.0,692.0,Fixation,1042.0,121.0,790.0,450.0,"0,3638","0,4167",,
31077,63057001,1400502328288,Eye Tracker,Participant0058,17.09.2021,Participant0058,Recording4,17.09.2021,17.09.2021,14:48:45.713,12:48:45.713,64514,Timeline2,Tobii I-VT (Fixation),1.145.28180,1080,1920,"10,00",730919384.0,,,807.0,457.0,820.0,474.0,794.0,440.0,"-0,01623","0,05574","-0,99831","-0,14227","0,04057","-0,98900",,,Valid,Valid,"233,2","100,9","515,1","292,0","99,1","517,3","224,8","129,6","217,6","120,3","0,3773","0,4228","0,3878","0,4386","0,3667","0,4071",thumbnail_grossTrial,thumbnail_grossTrial.png,1245.0,1080.0,337.0,0.0,798.0,692.0,Fixation,1042.0,121.0,790.0,450.0,"0,3638","0,4167",,
31078,63065328,1400502336615,Eye Tracker,Participant0058,17.09.2021,Participant0058,Recording4,17.09.2021,17.09.2021,14:48:45.713,12:48:45.713,64514,Timeline2,Tobii I-VT (Fixation),1.145.28180,1080,1920,"10,00",730927711.0,,,797.0,446.0,794.0,456.0,799.0,437.0,"-0,02994","0,04626","-0,99848","-0,13939","0,03909","-0,98947",,,Valid,Valid,"233,1","100,8","515,1","292,0","99,1","517,4","217,7","124,7","219,1","119,5","0,3690","0,4132","0,3669","0,4219","0,3710","0,4044",thumbnail_grossTrial,thumbnail_grossTrial.png,1245.0,1080.0,337.0,0.0,798.0,692.0,Fixation,1042.0,121.0,790.0,450.0,"0,3638","0,4167",,
31079,63073640,1400502344927,Eye Tracker,Participant0058,17.09.2021,Participant0058,Recording4,17.09.2021,17.09.2021,14:48:45.713,12:48:45.713,64514,Timeline2,Tobii I-VT (Fixation),1.145.28180,1080,1920,"10,00",730936022.0,,,796.0,446.0,796.0,460.0,797.0,433.0,"-0,02923","0,04855","-0,99839","-0,14066","0,03704","-0,98936","4,10","3,71",Valid,Valid,"233,2","100,8","515,2","292,0","99,1","517,4","218,1","125,8","218,4","118,4","0,3686","0,4132","0,3681","0,4257","0,3691","0,4007",thumbnail_grossTrial,thumbnail_grossTrial.png,1245.0,1080.0,337.0,0.0,798.0,692.0,Fixation,1042.0,121.0,790.0,450.0,"0,3638","0,4167",,
31080,63081999,1400502353286,Eye Tracker,Participant0058,17.09.2021,Participant0058,Recording4,17.09.2021,17.09.2021,14:48:45.713,12:48:45.713,64514,Timeline2,Tobii I-VT (Fixation),1.145.28180,1080,1920,"10,00",730944381.0,,,798.0,448.0,799.0,458.0,797.0,438.0,"-0,02728","0,04755","-0,99850","-0,14052","0,03936","-0,98930",,,Valid,Valid,"233,2","100,8","515,3","292,0","99,1","517,3","219,1","125,4","218,5","119,7","0,3702","0,4146","0,3711","0,4241","0,3694","0,4051",thumbnail_grossTrial,thumbnail_grossTrial.png,1245.0,1080.0,337.0,0.0,798.0,692.0,Fixation,1042.0,121.0,790.0,450.0,"0,3638","0,4167",,
31081,63090315,1400502361602,Eye Tracker,Participant0058,17.09.2021,Participant0058,Recording4,17.09.2021,17.09.2021,14:48:45.713,12:48:45.713,64514,Timeline2,Tobii I-VT (Fixation),1.145.28180,1080,1920,"10,00",730952696.0,,,796.0,449.0,800.0,458.0,792.0,441.0,"-0,02676","0,04752","-0,99851","-0,14333","0,04118","-0,98882",,,Valid,Valid,"233,1","100,8","515,4","292,0","99,1","517,3","219,3","125,3","217,0","120,7","0,3683","0,4161","0,3717","0,4239","0,3649","0,4083",thumbnail_grossTrial,thumbnail_grossTrial.png,1245.0,1080.0,337.0,0.0,798.0,692.0,Fixation,1042.0,121.0,790.0,450.0,"0,3638","0,4167",,
31082,63098637,1400502369924,Eye Tracker,Participant0058,17.09.2021,Participant0058,Recording4,17.09.2021,17.09.2021,14:48:45.713,12:48:45.713,64514,Timeline2,Tobii I-VT (Fixation),1.145.28180,1080,1920,"10,00",730961018.0,,,794.0,447.0,798.0,450.0,791.0,443.0,"-0,02817","0,04373","-0,99865","-0,14390","0,04221","-0,98869","4,01","3,70",Valid,Valid,"233,2","100,7","515,5","292,0","99,1","517,3","218,6","123,3","216,7","121,2","0,3668","0,4136","0,3696","0,4171","0,3640","0,4100",thumbnail_grossTrial,thumbnail_grossTrial.png,1245.0,1080.0,337.0,0.0,798.0,692.0,Fixation,1042.0,121.0,790.0,450.0,"0,3638","0,4167",,
31083,63106971,1400502378258,Eye Tracker,Participant0058,17.09.2021,Participant0058,Recording4,17.09.2021,17.09.2021,14:48:45.713,12:48:45.713,64514,Timeline2,Tobii I-VT (Fixation),1.145.28180,1080,1920,"10,00",730969351.0,,,792.0,446.0,794.0,447.0,791.0,444.0,"-0,03038","0,04185","-0,99866","-0,14382","0,04263","-0,98869",,,Valid,Valid,"233,2","100,8","515,5","292,0","99,2","517,3","217,5","122,4","216,8","121,5","0,3653","0,4125","0,3664","0,4140","0,3642","0,4110",thumbnail_grossTrial,thumbnail_grossTrial.png,1245.0,1080.0,337.0,0.0,798.0,692.0,Fixation,1042.0,121.0,790.0,450.0,"0,3638","0,4167",,
31084,63115317,1400502386604,Eye Tracker,Participant0058,17.09.2021,Participant0058,Recording4,17.09.2021,17.09.2021,14:48:45.713,12:48:45.713,64514,Timeline2,Tobii I-VT (Fixation),1.145.28180,1080,1920,"10,00",730977697.0,,,803.0,449.0,816.0,465.0,789.0,434.0,"-0,01842","0,05131","-0,99851","-0,14459","0,03740","-0,98878",,,Valid,Valid,"233,1","100,7","515,6","291,9","99,2","517,3","223,6","127,2","216,3","118,7","0,3736","0,4160","0,3843","0,4303","0,3629","0,4017",thumbnail_grossTrial,thumbnail_grossTrial.png,1245.0,1080.0,337.0,0.0,798.0,692.0,Fixation,1042.0,121.0,790.0,450.0,"0,3638","0,4167",,
31085,63123637,1400502394924,Eye Tracker,Participant0058,17.09.2021,Participant0058,Recording4,17.09.2021,17.09.2021,14:48:45.713,12:48:45.713,64514,Timeline2,Tobii I-VT (Fixation),1.145.28180,1080,1920,"10,00",730986016.0,,,795.0,446.0,793.0,454.0,798.0,438.0,"-0,03070","0,04574","-0,99848","-0,13998","0,04003","-0,98934","3,94","3,97",Valid,Valid,"233,1","100,6","515,7","291,9","99,1","517,3","217,3","124,2","218,7","120,0","0,3679","0,4132","0,3657","0,4203","0,3700","0,4060",thumbnail_grossTrial,thumbnail_grossTrial.png,1245.0,1080.0,337.0,0.0,798.0,692.0,Fixation,1042.0,121.0,790.0,450.0,"0,3638","0,4167",,
31086,63131977,1400502403264,Eye Tracker,Participant0058,17.09.2021,Participant0058,Recording4,17.09.2021,17.09.2021,14:48:45.713,12:48:45.713,64514,Timeline2,Tobii I-VT (Fixation),1.145.28180,1080,1920,"10,00",730994356.0,,,808.0,455.0,816.0,472.0,799.0,439.0,"-0,01842","0,05516","-0,99831","-0,13963","0,04000","-0,98940",,,Valid,Valid,"233,2","100,7","515,7","292,0","99,2","517,3","223,6","129,2","219,0","120,1","0,3776","0,4216","0,3844","0,4370","0,3707","0,4063",thumbnail_grossTrial,thumbnail_grossTrial.png,1245.0,1080.0,337.0,0.0,798.0,692.0,Fixation,1042.0,121.0,790.0,450.0,"0,3638","0,4167",,
31087,63140332,1400502411619,Eye Tracker,Participant0058,17.09.2021,Participant0058,Recording4,17.09.2021,17.09.2021,14:48:45.713,12:48:45.713,64514,Timeline2,Tobii I-VT (Fixation),1.145.28180,1080,1920,"10,00",731002710.0,,,790.0,447.0,786.0,436.0,794.0,459.0,"-0,03428","0,03608","-0,99876","-0,14225","0,05039","-0,98855",,,Valid,Valid,"233,1","100,6","515,8","291,9","99,1","517,3","215,4","119,2","217,5","125,5","0,3633","0,4140","0,3602","0,4034","0,3663","0,4246",thumbnail_grossTrial,thumbnail_grossTrial.png,1245.0,1080.0,337.0,0.0,798.0,692.0,Fixation,1042.0,121.0,790.0,450.0,"0,3638","0,4167",,
31088,63148663,1400502419950,Eye Tracker,Participant0058,17.09.2021,Participant0058,Recording4,17.09.2021,17.09.2021,14:48:45.713,12:48:45.713,64514,Timeline2,Tobii I-VT (Fixation),1.145.28180,1080,1920,"10,00",731011041.0,,,782.0,444.0,781.0,435.0,784.0,453.0,"-0,03698","0,03581","-0,99867","-0,14740","0,04774","-0,98792","3,81","3,67",Valid,Valid,"233,1","100,5","515,9","291,9","99,1","517,3","214,0","119,0","214,8","124,1","0,3572","0,4112","0,3561","0,4026","0,3584","0,4197",thumbnail_grossTrial,thumbnail_grossTrial.png,1245.0,1080.0,337.0,0.0,798.0,692.0,Fixation,1042.0,121.0,790.0,450.0,"0,3638","0,4167",,
31089,63156968,1400502428255,Eye Tracker,Participant0058,17.09.2021,Participant0058,Recording4,17.09.2021,17.09.2021,14:48:45.713,12:48:45.713,64514,Timeline2,Tobii I-VT (Fixation),1.145.28180,1080,1920,"10,00",731019345.0,,,788.0,448.0,790.0,444.0,787.0,452.0,"-0,03237","0,04065","-0,99865","-0,14562","0,04702","-0,98822",,,Valid,Valid,"233,1","100,6","515,9","292,0","99,1","517,3","216,4","121,6","215,7","123,7","0,3622","0,4150","0,3632","0,4113","0,3612","0,4186",thumbnail_grossTrial,thumbnail_grossTrial.png,1245.0,1080.0,337.0,0.0,798.0,692.0,Fixation,1042.0,121.0,790.0,450.0,"0,3638","0,4167",,
31090,63165340,1400502436627,Eye Tracker,Participant0058,17.09.2021,Participant0058,Recording4,17.09.2021,17.09.2021,14:48:45.713,12:48:45.713,64514,Timeline2,Tobii I-VT (Fixation),1.145.28180,1080,1920,"10,00",731027717.0,,,791.0,451.0,793.0,453.0,789.0,450.0,"-0,03019","0,04536","-0,99851","-0,14462","0,04575","-0,98843",,,Valid,Valid,"233,1","100,5","516,0","291,9","99,1","517,3","217,5","123,9","216,2","123,0","0,3645","0,4178","0,3663","0,4193","0,3626","0,4163",thumbnail_grossTrial,thumbnail_grossTrial.png,1245.0,1080.0,337.0,0.0,798.0,692.0,Fixation,1042.0,121.0,790.0,450.0,"0,3638","0,4167",,
31091,63173633,1400502444920,Eye Tracker,Participant0058,17.09.2021,Participant0058,Recording4,17.09.2021,17.09.2021,14:48:45.713,12:48:45.713,64514,Timeline2,Tobii I-VT (Fixation),1.145.28180,1080,1920,"10,00",731036009.0,,,794.0,451.0,799.0,453.0,789.0,448.0,"-0,02715","0,04547","-0,99860","-0,14441","0,04531","-0,98848","3,96","3,66",Valid,Valid,"233,1","100,4","516,1","291,9","99,0","517,4","219,1","123,9","216,4","122,7","0,3670","0,4172","0,3709","0,4192","0,3630","0,4153",thumbnail_grossTrial,thumbnail_grossTrial.png,1245.0,1080.0,337.0,0.0,798.0,692.0,Fixation,1042.0,121.0,790.0,450.0,"0,3638","0,4167",,
31092,63181998,1400502453285,Eye Tracker,Participant0058,17.09.2021,Participant0058,Recording4,17.09.2021,17.09.2021,14:48:45.713,12:48:45.713,64514,Timeline2,Tobii I-VT (Fixation),1.145.28180,1080,1920,"10,00",731044374.0,,,792.0,452.0,802.0,455.0,783.0,449.0,"-0,02570","0,04682","-0,99857","-0,14787","0,04535","-0,98797",,,Valid,Valid,"233,1","100,5","516,1","292,0","99,1","517,3","219,8","124,6","214,5","122,8","0,3655","0,4187","0,3733","0,4217","0,3577","0,4156",thumbnail_grossTrial,thumbnail_grossTrial.png,1245.0,1080.0,337.0,0.0,798.0,692.0,Fixation,1042.0,121.0,790.0,450.0,"0,3638","0,4167",,
31093,63190341,1400502461628,Eye Tracker,Participant0058,17.09.2021,Participant0058,Recording4,17.09.2021,17.09.2021,14:48:45.713,12:48:45.713,64514,Timeline2,Tobii I-VT (Fixation),1.145.28180,1080,1920,"10,00",731052716.0,,,791.0,449.0,800.0,452.0,782.0,447.0,"-0,02671","0,04518","-0,99862","-0,14802","0,04421","-0,98800",,,Valid,Valid,"233,1","100,4","516,2","291,9","99,1","517,3","219,3","123,7","214,4","122,2","0,3645","0,4161","0,3716","0,4187","0,3573","0,4136",thumbnail_grossTrial,thumbnail_grossTrial.png,1245.0,1080.0,337.0,0.0,798.0,692.0,Fixation,1042.0,121.0,790.0,450.0,"0,3638","0,4167",,
31094,63198673,1400502469960,Eye Tracker,Participant0058,17.09.2021,Participant0058,Recording4,17.09.2021,17.09.2021,14:48:45.713,12:48:45.713,64514,Timeline2,Tobii I-VT (Fixation),1.145.28180,1080,1920,"10,00",731061047.0,,,794.0,450.0,801.0,456.0,786.0,444.0,"-0,02611","0,04746","-0,99853","-0,14594","0,04274","-0,98837","3,98","3,92",Valid,Valid,"233,1","100,3","516,3","291,9","99,0","517,4","219,6","124,8","215,6","121,4","0,3666","0,4166","0,3725","0,4224","0,3607","0,4108",thumbnail_grossTrial,thumbnail_grossTrial.png,1245.0,1080.0,337.0,0.0,798.0,692.0,Fixation,1042.0,121.0,790.0,450.0,"0,3638","0,4167",,
31095,63207052,1400502478339,Eye Tracker,Participant0058,17.09.2021,Participant0058,Recording4,17.09.2021,17.09.2021,14:48:45.713,12:48:45.713,64514,Timeline2,Tobii I-VT (Fixation),1.145.28180,1080,1920,"10,00",731069426.0,,,794.0,451.0,799.0,455.0,788.0,446.0,"-0,02742","0,04657","-0,99854","-0,14515","0,04399","-0,98843",,,Valid,Valid,"233,1","100,4","516,4","292,0","99,1","517,3","219,0","124,4","216,0","122,1","0,3663","0,4171","0,3706","0,4211","0,3620","0,4132",thumbnail_grossTrial,thumbnail_grossTrial.png,1245.0,1080.0,337.0,0.0,798.0,692.0,Fixation,1042.0,121.0,790.0,450.0,"0,3638","0,4167",,
31096,63215328,1400502486615,Eye Tracker,Participant0058,17.09.2021,Participant0058,Recording4,17.09.2021,17.09.2021,14:48:45.713,12:48:45.713,64514,Timeline2,Tobii I-VT (Fixation),1.145.28180,1080,1920,"10,00",731077702.0,,,803.0,465.0,818.0,482.0,788.0,447.0,"-0,01733","0,06103","-0,99799","-0,14532","0,04441","-0,98839",,,Valid,Valid,"233,1","100,3","516,5","291,9","99,1","517,3","224,1","131,9","215,9","122,4","0,3737","0,4301","0,3857","0,4462","0,3616","0,4140",thumbnail_grossTrial,thumbnail_grossTrial.png,1245.0,1080.0,337.0,0.0,798.0,692.0,Fixation,1042.0,121.0,790.0,450.0,"0,3638","0,4167",,
31097,63223663,1400502494950,Eye Tracker,Participant0058,17.09.2021,Participant0058,Recording4,17.09.2021,17.09.2021,14:48:45.713,12:48:45.713,64514,Timeline2,Tobii I-VT (Fixation),1.145.28180,1080,1920,"10,00",731086036.0,,,803.0,461.0,820.0,477.0,786.0,446.0,"-0,01614","0,05838","-0,99816","-0,14622","0,04389","-0,98828","4,00","3,86",Valid,Valid,"233,1","100,2","516,6","292,0","99,1","517,4","224,7","130,5","215,4","122,0","0,3739","0,4272","0,3876","0,4414","0,3603","0,4129",thumbnail_grossTrial,thumbnail_grossTrial.png,1245.0,1080.0,337.0,0.0,798.0,692.0,Fixation,1042.0,121.0,790.0,450.0,"0,3638","0,4167",,
31098,63232052,1400502503339,Eye Tracker,Participant0058,17.09.2021,Participant0058,Recording4,17.09.2021,17.09.2021,14:48:45.713,12:48:45.713,64514,Timeline2,Tobii I-VT (Fixation),1.145.28180,1080,1920,"10,00",731094424.0,,,804.0,461.0,820.0,477.0,788.0,446.0,"-0,01608","0,05835","-0,99817","-0,14538","0,04360","-0,98841",,,Valid,Valid,"233,1","100,3","516,7","292,0","99,2","517,3","224,8","130,5","215,9","122,0","0,3747","0,4271","0,3878","0,4415","0,3617","0,4127",thumbnail_grossTrial,thumbnail_grossTrial.png,1245.0,1080.0,337.0,0.0,798.0,692.0,Fixation,1042.0,121.0,790.0,450.0,"0,3638","0,4167",,
31099,63240299,1400502511586,Eye Tracker,Participant0058,17.09.2021,Participant0058,Recording4,17.09.2021,17.09.2021,14:48:45.713,12:48:45.713,64514,Timeline2,Tobii I-VT (Fixation),1.145.28180,1080,1920,"10,00",731102671.0,,,795.0,444.0,801.0,449.0,790.0,439.0,"-0,02628","0,04355","-0,99871","-0,14415","0,04007","-0,98874",,,Valid,Valid,"233,1","100,2","516,7","291,9","99,1","517,3","219,5","122,8","216,5","120,1","0,3678","0,4108","0,3721","0,4153","0,3634","0,4064",thumbnail_grossTrial,thumbnail_grossTrial.png,1245.0,1080.0,337.0,0.0,798.0,692.0,Fixation,1042.0,121.0,790.0,450.0,"0,3638","0,4167",,
31100,63248727,1400502520014,Eye Tracker,Participant0058,17.09.2021,Participant0058,Recording4,17.09.2021,17.09.2021,14:48:45.713,12:48:45.713,64514,Timeline2,Tobii I-VT (Fixation),1.145.28180,1080,1920,"10,00",731111098.0,,,793.0,448.0,799.0,450.0,786.0,446.0,"-0,02730","0,04470","-0,99863","-0,14605","0,04395","-0,98830","3,93","3,64",Valid,Valid,"233,1","100,1","516,9","291,9","99,1","517,4","218,9","123,3","215,5","122,1","0,3655","0,4151","0,3706","0,4171","0,3605","0,4131",thumbnail_grossTrial,thumbnail_grossTrial.png,1245.0,1080.0,337.0,0.0,798.0,692.0,Fixation,1042.0,121.0,790.0,450.0,"0,3638","0,4167",,
31101,63257053,1400502528340,Eye Tracker,Participant0058,17.09.2021,Participant0058,Recording4,17.09.2021,17.09.2021,14:48:45.713,12:48:45.713,64514,Timeline2,Tobii I-VT (Fixation),1.145.28180,1080,1920,"10,00",731119424.0,,,792.0,449.0,798.0,454.0,787.0,445.0,"-0,02785","0,04633","-0,99854","-0,14574","0,04322","-0,98838",,,Valid,Valid,"233,1","100,2","516,9","292,0","99,2","517,4","218,7","124,2","215,7","121,8","0,3655","0,4161","0,3699","0,4202","0,3610","0,4120",thumbnail_grossTrial,thumbnail_grossTrial.png,1245.0,1080.0,337.0,0.0,798.0,692.0,Fixation,1042.0,121.0,790.0,450.0,"0,3638","0,4167",,
31102,63265310,1400502536597,Eye Tracker,Participant0058,17.09.2021,Participant0058,Recording4,17.09.2021,17.09.2021,14:48:45.713,12:48:45.713,64514,Timeline2,Tobii I-VT (Fixation),1.145.28180,1080,1920,"10,00",731127680.0,,,792.0,454.0,797.0,458.0,787.0,450.0,"-0,02809","0,04839","-0,99843","-0,14579","0,04594","-0,98825",,,Valid,Valid,"233,0","100,2","516,9","291,9","99,1","517,4","218,5","125,2","215,6","123,2","0,3651","0,4202","0,3693","0,4237","0,3608","0,4167",thumbnail_grossTrial,thumbnail_grossTrial.png,1245.0,1080.0,337.0,0.0,798.0,692.0,Fixation,1042.0,121.0,790.0,450.0,"0,3638","0,4167",,
31103,63273637,1400502544924,Eye Tracker,Participant0058,17.09.2021,Participant0058,Recording4,17.09.2021,17.09.2021,14:48:45.713,12:48:45.713,64514,Timeline2,Tobii I-VT (Fixation),1.145.28180,1080,1920,"10,00",731136007.0,,,792.0,452.0,797.0,452.0,787.0,452.0,"-0,02818","0,04570","-0,99856","-0,14576","0,04724","-0,98819","3,97","3,65",Valid,Valid,"233,1","100,1","517,0","292,0","99,0","517,5","218,5","123,7","215,6","123,8","0,3650","0,4187","0,3692","0,4187","0,3609","0,4188",thumbnail_grossTrial,thumbnail_grossTrial.png,1245.0,1080.0,337.0,0.0,798.0,692.0,Fixation,1042.0,121.0,790.0,450.0,"0,3638","0,4167",,
31104,63281965,1400502553252,Eye Tracker,Participant0058,17.09.2021,Participant0058,Recording4,17.09.2021,17.09.2021,14:48:45.713,12:48:45.713,64514,Timeline2,Tobii I-VT (Fixation),1.145.28180,1080,1920,"10,00",731144334.0,,,792.0,450.0,799.0,454.0,785.0,446.0,"-0,02739","0,04643","-0,99855","-0,14672","0,04403","-0,98820",,,Valid,Valid,"233,1","100,1","517,0","292,0","99,1","517,5","218,9","124,2","215,1","122,2","0,3650","0,4167","0,3706","0,4202","0,3595","0,4133",thumbnail_grossTrial,thumbnail_grossTrial.png,1245.0,1080.0,337.0,0.0,798.0,692.0,Fixation,1042.0,121.0,790.0,450.0,"0,3638","0,4167",,
31105,63290394,1400502561681,Eye Tracker,Participant0058,17.09.2021,Participant0058,Recording4,17.09.2021,17.09.2021,14:48:45.713,12:48:45.713,64514,Timeline2,Tobii I-VT (Fixation),1.145.28180,1080,1920,"10,00",731152763.0,,,792.0,445.0,799.0,442.0,785.0,448.0,"-0,02723","0,04034","-0,99881","-0,14678","0,04473","-0,98816",,,Valid,Valid,"233,0","100,1","517,0","292,0","99,0","517,6","218,9","121,0","215,1","122,5","0,3649","0,4119","0,3706","0,4094","0,3593","0,4144",thumbnail_grossTrial,thumbnail_grossTrial.png,1245.0,1080.0,337.0,0.0,798.0,692.0,Fixation,1042.0,121.0,790.0,450.0,"0,3638","0,4167",,
31106,63298665,1400502569952,Eye Tracker,Participant0058,17.09.2021,Participant0058,Recording4,17.09.2021,17.09.2021,14:48:45.713,12:48:45.713,64514,Timeline2,Tobii I-VT (Fixation),1.145.28180,1080,1920,"10,00",731161034.0,,,792.0,444.0,798.0,442.0,786.0,446.0,"-0,02765","0,04015","-0,99881","-0,14613","0,04413","-0,98828","4,08","3,65",Valid,Valid,"233,1","100,1","517,1","292,0","99,0","517,7","218,8","120,9","215,4","122,1","0,3652","0,4110","0,3701","0,4090","0,3603","0,4131",thumbnail_grossTrial,thumbnail_grossTrial.png,1245.0,1080.0,337.0,0.0,798.0,692.0,Fixation,1042.0,121.0,790.0,450.0,"0,3638","0,4167",,
31107,63306997,1400502578284,Eye Tracker,Participant0058,17.09.2021,Participant0058,Recording4,17.09.2021,17.09.2021,14:48:45.713,12:48:45.713,64514,Timeline2,Tobii I-VT (Fixation),1.145.28180,1080,1920,"10,00",731169365.0,,,794.0,443.0,799.0,443.0,789.0,444.0,"-0,02711","0,04064","-0,99881","-0,14454","0,04288","-0,98857",,,Valid,Valid,"233,1","100,1","517,1","292,0","99,0","517,7","219,1","121,2","216,3","121,5","0,3670","0,4105","0,3710","0,4100","0,3629","0,4110",thumbnail_grossTrial,thumbnail_grossTrial.png,1245.0,1080.0,337.0,0.0,798.0,692.0,Fixation,1042.0,121.0,790.0,450.0,"0,3638","0,4167",,
31108,63315327,1400502586614,Eye Tracker,Participant0058,17.09.2021,Participant0058,Recording4,17.09.2021,17.09.2021,14:48:45.713,12:48:45.713,64514,Timeline2,Tobii I-VT (Fixation),1.145.28180,1080,1920,"10,00",731177694.0,,,795.0,447.0,802.0,453.0,788.0,441.0,"-0,02567","0,04584","-0,99862","-0,14514","0,04158","-0,98854",,,Valid,Valid,"233,0","100,1","517,1","292,0","99,0","517,8","219,8","123,9","215,9","120,8","0,3674","0,4138","0,3730","0,4191","0,3618","0,4086",thumbnail_grossTrial,thumbnail_grossTrial.png,1245.0,1080.0,337.0,0.0,798.0,692.0,Fixation,1042.0,121.0,790.0,450.0,"0,3638","0,4167",,
31109,63323651,1400502594938,Eye Tracker,Participant0058,17.09.2021,Participant0058,Recording4,17.09.2021,17.09.2021,14:48:45.713,12:48:45.713,64514,Timeline2,Tobii I-VT (Fixation),1.145.28180,1080,1920,"10,00",731186018.0,,,794.0,446.0,803.0,452.0,786.0,440.0,"-0,02528","0,04550","-0,99864","-0,14618","0,04080","-0,98842","3,99","3,65",Valid,Valid,"233,1","100,1","517,1","292,0","98,9","517,9","220,0","123,7","215,4","120,3","0,3670","0,4127","0,3737","0,4184","0,3603","0,4070",thumbnail_grossTrial,thumbnail_grossTrial.png,1245.0,1080.0,337.0,0.0,798.0,692.0,Fixation,1042.0,121.0,790.0,450.0,"0,3638","0,4167",,
31110,63331990,1400502603277,Eye Tracker,Participant0058,17.09.2021,Participant0058,Recording4,17.09.2021,17.09.2021,14:48:45.713,12:48:45.713,64514,Timeline2,Tobii I-VT (Fixation),1.145.28180,1080,1920,"10,00",731194357.0,,,786.0,441.0,797.0,448.0,775.0,434.0,"-0,02826","0,04342","-0,99866","-0,15205","0,03783","-0,98765",,,Valid,Valid,"233,1","100,2","517,0","292,0","98,9","517,9","218,5","122,6","212,3","118,8","0,3602","0,4084","0,3693","0,4149","0,3511","0,4019",thumbnail_grossTrial,thumbnail_grossTrial.png,1245.0,1080.0,337.0,0.0,798.0,692.0,Fixation,1042.0,121.0,790.0,450.0,"0,3638","0,4167",,
31111,63340306,1400502611593,Eye Tracker,Participant0058,17.09.2021,Participant0058,Recording4,17.09.2021,17.09.2021,14:48:45.713,12:48:45.713,64514,Timeline2,Tobii I-VT (Fixation),1.145.28180,1080,1920,"10,00",731202672.0,,,786.0,438.0,795.0,442.0,777.0,434.0,"-0,02905","0,04023","-0,99877","-0,15089","0,03771","-0,98783",,,Valid,Valid,"233,0","100,1","517,0","292,0","98,9","518,0","218,0","121,0","212,8","118,7","0,3603","0,4054","0,3678","0,4093","0,3527","0,4015",thumbnail_grossTrial,thumbnail_grossTrial.png,1245.0,1080.0,337.0,0.0,798.0,692.0,Fixation,1042.0,121.0,790.0,450.0,"0,3638","0,4167",,
31112,63348663,1400502619950,Eye Tracker,Participant0058,17.09.2021,Participant0058,Recording4,17.09.2021,17.09.2021,14:48:45.713,12:48:45.713,64514,Timeline2,Tobii I-VT (Fixation),1.145.28180,1080,1920,"10,00",731211028.0,,,791.0,438.0,794.0,440.0,788.0,436.0,"-0,02996","0,03926","-0,99878","-0,14515","0,03909","-0,98864","3,97","3,98",Valid,Valid,"233,1","100,1","517,0","292,0","98,8","518,1","217,6","120,4","215,9","119,3","0,3642","0,4055","0,3665","0,4075","0,3618","0,4036",thumbnail_grossTrial,thumbnail_grossTrial.png,1245.0,1080.0,337.0,0.0,798.0,692.0,Fixation,1042.0,121.0,790.0,450.0,"0,3638","0,4167",,
31113,63356960,1400502628247,Eye Tracker,Participant0058,17.09.2021,Participant0058,Recording4,17.09.2021,17.09.2021,14:48:45.713,12:48:45.713,64514,Timeline2,Tobii I-VT (Fixation),1.145.28180,1080,1920,"10,00",731219325.0,,,794.0,441.0,796.0,441.0,791.0,442.0,"-0,02875","0,03947","-0,99881","-0,14350","0,04236","-0,98874",,,Valid,Valid,"233,1","100,2","516,9","292,0","98,8","518,1","218,2","120,6","216,8","121,0","0,3664","0,4088","0,3685","0,4081","0,3644","0,4095",thumbnail_grossTrial,thumbnail_grossTrial.png,1245.0,1080.0,337.0,0.0,798.0,692.0,Fixation,1042.0,121.0,790.0,450.0,"0,3638","0,4167",,
31114,63365323,1400502636610,Eye Tracker,Participant0058,17.09.2021,Participant0058,Recording4,17.09.2021,17.09.2021,14:48:45.713,12:48:45.713,64514,Timeline2,Tobii I-VT (Fixation),1.145.28180,1080,1920,"10,00",731227688.0,,,793.0,448.0,796.0,443.0,791.0,454.0,"-0,02882","0,04088","-0,99875","-0,14332","0,04838","-0,98849",,,Valid,Valid,"233,0","100,2","516,9","291,9","98,8","518,2","218,1","121,3","216,8","124,1","0,3662","0,4153","0,3681","0,4105","0,3644","0,4200",thumbnail_grossTrial,thumbnail_grossTrial.png,1245.0,1080.0,337.0,0.0,798.0,692.0,Fixation,1042.0,121.0,790.0,450.0,"0,3638","0,4167",,
31115,63373660,1400502644947,Eye Tracker,Participant0058,17.09.2021,Participant0058,Recording4,17.09.2021,17.09.2021,14:48:45.713,12:48:45.713,64514,Timeline2,Tobii I-VT (Fixation),1.145.28180,1080,1920,"10,00",731236024.0,,,792.0,450.0,799.0,448.0,784.0,452.0,"-0,02721","0,04353","-0,99868","-0,14678","0,04772","-0,98802","3,97","3,66",Valid,Valid,"233,0","100,2","516,9","292,0","98,7","518,4","218,9","122,7","215,0","123,7","0,3648","0,4168","0,3706","0,4151","0,3590","0,4186",thumbnail_grossTrial,thumbnail_grossTrial.png,1245.0,1080.0,337.0,0.0,798.0,692.0,Fixation,1042.0,121.0,790.0,450.0,"0,3638","0,4167",,
31116,63381964,1400502653251,Eye Tracker,Participant0058,17.09.2021,Participant0058,Recording4,17.09.2021,17.09.2021,14:48:45.713,12:48:45.713,64514,Timeline2,Tobii I-VT (Fixation),1.145.28180,1080,1920,"10,00",731244327.0,,,796.0,458.0,803.0,457.0,789.0,459.0,"-0,02531","0,04777","-0,99854","-0,14451","0,05146","-0,98816",,,Valid,Valid,"233,1","100,3","516,8","292,0","98,7","518,4","220,0","125,0","216,2","125,7","0,3681","0,4241","0,3736","0,4229","0,3626","0,4253",thumbnail_grossTrial,thumbnail_grossTrial.png,1245.0,1080.0,337.0,0.0,798.0,692.0,Fixation,1042.0,121.0,790.0,450.0,"0,3638","0,4167",,
31117,63390332,1400502661619,Eye Tracker,Participant0058,17.09.2021,Participant0058,Recording4,17.09.2021,17.09.2021,14:48:45.713,12:48:45.713,64514,Timeline2,Tobii I-VT (Fixation),1.145.28180,1080,1920,"10,00",731252695.0,,,797.0,453.0,801.0,456.0,792.0,451.0,"-0,02605","0,04740","-0,99854","-0,14258","0,04712","-0,98866",,,Valid,Valid,"233,0","100,3","516,7","292,0","98,7","518,5","219,5","124,8","217,2","123,4","0,3689","0,4198","0,3724","0,4222","0,3655","0,4174",thumbnail_grossTrial,thumbnail_grossTrial.png,1245.0,1080.0,337.0,0.0,798.0,692.0,Fixation,1042.0,121.0,790.0,450.0,"0,3638","0,4167",,
31118,63398633,1400502669920,Eye Tracker,Participant0058,17.09.2021,Participant0058,Recording4,17.09.2021,17.09.2021,14:48:45.713,12:48:45.713,64514,Timeline2,Tobii I-VT (Fixation),1.145.28180,1080,1920,"10,00",731260995.0,,,797.0,453.0,801.0,452.0,794.0,453.0,"-0,02633","0,04539","-0,99862","-0,14172","0,04846","-0,98872","3,98","3,65",Valid,Valid,"233,1","100,3","516,7","292,0","98,6","518,5","219,4","123,7","217,7","124,0","0,3695","0,4191","0,3721","0,4187","0,3669","0,4196",thumbnail_grossTrial,thumbnail_grossTrial.png,1245.0,1080.0,337.0,0.0,798.0,692.0,Fixation,1042.0,121.0,790.0,450.0,"0,3638","0,4167",,
31119,63407021,1400502678308,Eye Tracker,Participant0058,17.09.2021,Participant0058,Recording4,17.09.2021,17.09.2021,14:48:45.713,12:48:45.713,64514,Timeline2,Tobii I-VT (Fixation),1.145.28180,1080,1920,"10,00",731269383.0,,,798.0,445.0,797.0,442.0,799.0,448.0,"-0,02856","0,03997","-0,99879","-0,13931","0,04541","-0,98921",,,Valid,Valid,"233,1","100,3","516,6","292,0","98,7","518,5","218,3","121,0","219,0","122,5","0,3698","0,4119","0,3688","0,4094","0,3708","0,4144",thumbnail_grossTrial,thumbnail_grossTrial.png,1245.0,1080.0,337.0,0.0,798.0,692.0,Fixation,1042.0,121.0,790.0,450.0,"0,3638","0,4167",,
31120,63415308,1400502686595,Eye Tracker,Participant0058,17.09.2021,Participant0058,Recording4,17.09.2021,17.09.2021,14:48:45.713,12:48:45.713,64514,Timeline2,Tobii I-VT (Fixation),1.145.28180,1080,1920,"10,00",731277670.0,,,797.0,449.0,799.0,445.0,795.0,453.0,"-0,02720","0,04126","-0,99878","-0,14144","0,04819","-0,98877",,,Valid,Valid,"233,0","100,3","516,6","292,0","98,7","518,5","219,0","121,7","217,8","123,9","0,3690","0,4155","0,3707","0,4117","0,3673","0,4193",thumbnail_grossTrial,thumbnail_grossTrial.png,1245.0,1080.0,337.0,0.0,798.0,692.0,Fixation,1042.0,121.0,790.0,450.0,"0,3638","0,4167",,
31121,63423628,1400502694915,Eye Tracker,Participant0058,17.09.2021,Participant0058,Recording4,17.09.2021,17.09.2021,14:48:45.713,12:48:45.713,64514,Timeline2,Tobii I-VT (Fixation),1.145.28180,1080,1920,"10,00",731285989.0,,,796.0,450.0,798.0,447.0,794.0,453.0,"-0,02782","0,04255","-0,99871","-0,14181","0,04806","-0,98873","3,98","3,67",Valid,Valid,"233,1","100,3","516,5","292,0","98,7","518,4","218,7","122,3","217,7","123,9","0,3683","0,4165","0,3698","0,4139","0,3668","0,4190",thumbnail_grossTrial,thumbnail_grossTrial.png,1245.0,1080.0,337.0,0.0,798.0,692.0,Fixation,1042.0,121.0,790.0,450.0,"0,3638","0,4167",,
31122,63431954,1400502703241,Eye Tracker,Participant0058,17.09.2021,Participant0058,Recording4,17.09.2021,17.09.2021,14:48:45.713,12:48:45.713,64514,Timeline2,Tobii I-VT (Fixation),1.145.28180,1080,1920,"10,00",731294314.0,,,797.0,451.0,800.0,447.0,794.0,455.0,"-0,02677","0,04216","-0,99875","-0,14195","0,04933","-0,98864",,,Valid,Valid,"233,1","100,4","516,5","292,0","98,8","518,3","219,2","122,2","217,6","124,6","0,3691","0,4176","0,3715","0,4135","0,3667","0,4217",thumbnail_grossTrial,thumbnail_grossTrial.png,1245.0,1080.0,337.0,0.0,798.0,692.0,Fixation,1042.0,121.0,790.0,450.0,"0,3638","0,4167",,
31123,63440325,1400502711612,Eye Tracker,Participant0058,17.09.2021,Participant0058,Recording4,17.09.2021,17.09.2021,14:48:45.713,12:48:45.713,64514,Timeline2,Tobii I-VT (Fixation),1.145.28180,1080,1920,"10,00",731302685.0,,,797.0,453.0,803.0,446.0,791.0,459.0,"-0,02532","0,04204","-0,99880","-0,14311","0,05136","-0,98837",,,Valid,Valid,"233,0","100,4","516,4","292,0","98,8","518,2","219,9","122,2","216,9","125,7","0,3691","0,4194","0,3736","0,4134","0,3647","0,4254",thumbnail_grossTrial,thumbnail_grossTrial.png,1245.0,1080.0,337.0,0.0,798.0,692.0,Fixation,1042.0,121.0,790.0,450.0,"0,3638","0,4167",,
31124,63448658,1400502719945,Eye Tracker,Participant0058,17.09.2021,Participant0058,Recording4,17.09.2021,17.09.2021,14:48:45.713,12:48:45.713,64514,Timeline2,Tobii I-VT (Fixation),1.145.28180,1080,1920,"10,00",731311018.0,,,797.0,454.0,804.0,448.0,791.0,461.0,"-0,02472","0,04297","-0,99877","-0,14351","0,05192","-0,98829","3,91","3,67",Valid,Valid,"233,1","100,4","516,4","292,0","98,8","518,1","220,3","122,6","216,7","126,0","0,3693","0,4207","0,3745","0,4149","0,3641","0,4264",thumbnail_grossTrial,thumbnail_grossTrial.png,1245.0,1080.0,337.0,0.0,798.0,692.0,Fixation,1042.0,121.0,790.0,450.0,"0,3638","0,4167",,
31125,63456956,1400502728243,Eye Tracker,Participant0058,17.09.2021,Participant0058,Recording4,17.09.2021,17.09.2021,14:48:45.713,12:48:45.713,64514,Timeline2,Tobii I-VT (Fixation),1.145.28180,1080,1920,"10,00",731319314.0,,,795.0,457.0,802.0,451.0,789.0,462.0,"-0,02565","0,04440","-0,99868","-0,14454","0,05250","-0,98811",,,Valid,Valid,"233,1","100,5","516,4","292,0","99,0","517,9","219,8","123,5","216,2","126,5","0,3679","0,4229","0,3732","0,4178","0,3626","0,4279",thumbnail_grossTrial,thumbnail_grossTrial.png,1245.0,1080.0,337.0,0.0,798.0,692.0,Fixation,1042.0,121.0,790.0,450.0,"0,3638","0,4167",,
31126,63465323,1400502736610,Eye Tracker,Participant0058,17.09.2021,Participant0058,Recording4,17.09.2021,17.09.2021,14:48:45.713,12:48:45.713,64514,Timeline2,Tobii I-VT (Fixation),1.145.28180,1080,1920,"10,00",731327681.0,,,795.0,450.0,800.0,452.0,790.0,448.0,"-0,02677","0,04465","-0,99864","-0,14375","0,04520","-0,98858",,,Valid,Valid,"233,0","100,5","516,4","291,9","99,0","517,8","219,2","123,6","216,6","122,7","0,3675","0,4166","0,3713","0,4182","0,3638","0,4151",thumbnail_grossTrial,thumbnail_grossTrial.png,1245.0,1080.0,337.0,0.0,798.0,692.0,Fixation,1042.0,121.0,790.0,450.0,"0,3638","0,4167",,
31127,63473643,1400502744930,Eye Tracker,Participant0058,17.09.2021,Participant0058,Recording4,17.09.2021,17.09.2021,14:48:45.713,12:48:45.713,64514,Timeline2,Tobii I-VT (Fixation),1.145.28180,1080,1920,"10,00",731336001.0,,,795.0,444.0,800.0,446.0,791.0,442.0,"-0,02656","0,04176","-0,99877","-0,14355","0,04167","-0,98877","3,95","3,93",Valid,Valid,"233,0","100,5","516,4","291,9","99,0","517,6","219,3","122,1","216,7","120,8","0,3679","0,4110","0,3716","0,4132","0,3642","0,4089",thumbnail_grossTrial,thumbnail_grossTrial.png,1245.0,1080.0,337.0,0.0,798.0,692.0,Fixation,1042.0,121.0,790.0,450.0,"0,3638","0,4167",,
31128,63481951,1400502753238,Eye Tracker,Participant0058,17.09.2021,Participant0058,Recording4,17.09.2021,17.09.2021,14:48:45.713,12:48:45.713,64514,Timeline2,Tobii I-VT (Fixation),1.145.28180,1080,1920,"10,00",731344309.0,,,794.0,443.0,801.0,445.0,787.0,441.0,"-0,02598","0,04118","-0,99881","-0,14576","0,04129","-0,98846",,,Valid,Valid,"233,1","100,6","516,4","291,9","99,2","517,5","219,6","121,9","215,6","120,8","0,3667","0,4105","0,3726","0,4123","0,3608","0,4086",thumbnail_grossTrial,thumbnail_grossTrial.png,1245.0,1080.0,337.0,0.0,798.0,692.0,Fixation,1042.0,121.0,790.0,450.0,"0,3638","0,4167",,
31129,63490327,1400502761614,Eye Tracker,Participant0058,17.09.2021,Participant0058,Recording4,17.09.2021,17.09.2021,14:48:45.713,12:48:45.713,64514,Timeline2,Tobii I-VT (Fixation),1.145.28180,1080,1920,"10,00",731352683.0,,,793.0,446.0,800.0,448.0,786.0,444.0,"-0,02675","0,04296","-0,99872","-0,14585","0,04258","-0,98839",,,Valid,Valid,"233,0","100,5","516,4","291,8","99,2","517,4","219,1","122,7","215,5","121,5","0,3658","0,4131","0,3712","0,4153","0,3605","0,4110",thumbnail_grossTrial,thumbnail_grossTrial.png,1245.0,1080.0,337.0,0.0,798.0,692.0,Fixation,1042.0,121.0,790.0,450.0,"0,3638","0,4167",,
31130,63498618,1400502769905,Eye Tracker,Participant0058,17.09.2021,Participant0058,Recording4,17.09.2021,17.09.2021,14:48:45.713,12:48:45.713,64514,Timeline2,Tobii I-VT (Fixation),1.145.28180,1080,1920,"10,00",731360974.0,,,802.0,451.0,819.0,449.0,785.0,452.0,"-0,01666","0,04353","-0,99891","-0,14666","0,04695","-0,98807","3,97","3,67",Valid,Valid,"233,0","100,5","516,5","291,8","99,1","517,3","224,4","123,0","215,1","123,7","0,3729","0,4174","0,3866","0,4162","0,3592","0,4186",thumbnail_grossTrial,thumbnail_grossTrial.png,1245.0,1080.0,337.0,0.0,798.0,692.0,Fixation,1042.0,121.0,790.0,450.0,"0,3638","0,4167",,
31131,63507033,1400502778320,Eye Tracker,Participant0058,17.09.2021,Participant0058,Recording4,17.09.2021,17.09.2021,14:48:45.713,12:48:45.713,64514,Timeline2,Tobii I-VT (Fixation),1.145.28180,1080,1920,"10,00",731369389.0,,,803.0,452.0,819.0,449.0,788.0,455.0,"-0,01670","0,04349","-0,99891","-0,14501","0,04848","-0,98824",,,Valid,Valid,"233,0","100,5","516,5","291,9","99,2","517,2","224,4","123,0","216,0","124,6","0,3742","0,4188","0,3866","0,4161","0,3619","0,4216",thumbnail_grossTrial,thumbnail_grossTrial.png,1245.0,1080.0,337.0,0.0,798.0,692.0,Fixation,1042.0,121.0,790.0,450.0,"0,3638","0,4167",,
31132,63515345,1400502786632,Eye Tracker,Participant0058,17.09.2021,Participant0058,Recording4,17.09.2021,17.09.2021,14:48:45.713,12:48:45.713,64514,Timeline2,Tobii I-VT (Fixation),1.145.28180,1080,1920,"10,00",731377700.0,,,797.0,451.0,804.0,444.0,790.0,457.0,"-0,02435","0,04090","-0,99887","-0,14373","0,04943","-0,98838",,,Valid,Valid,"233,0","100,4","516,5","291,8","99,2","517,2","220,4","121,6","216,6","125,1","0,3693","0,4173","0,3748","0,4114","0,3637","0,4231",thumbnail_grossTrial,thumbnail_grossTrial.png,1245.0,1080.0,337.0,0.0,798.0,692.0,Fixation,1042.0,121.0,790.0,450.0,"0,3638","0,4167",,
31133,63523696,1400502794983,Eye Tracker,Participant0058,17.09.2021,Participant0058,Recording4,17.09.2021,17.09.2021,14:48:45.713,12:48:45.713,64514,Timeline2,Tobii I-VT (Fixation),1.145.28180,1080,1920,"10,00",731386050.0,,,798.0,453.0,805.0,453.0,791.0,453.0,"-0,02404","0,04561","-0,99867","-0,14336","0,04773","-0,98852","3,97","3,65",Valid,Valid,"233,0","100,4","516,6","291,8","99,1","517,1","220,6","123,9","216,8","124,1","0,3699","0,4196","0,3753","0,4194","0,3644","0,4198",thumbnail_grossTrial,thumbnail_grossTrial.png,1245.0,1080.0,337.0,0.0,798.0,692.0,Fixation,1042.0,121.0,790.0,450.0,"0,3638","0,4167",,
31134,63532032,1400502803319,Eye Tracker,Participant0058,17.09.2021,Participant0058,Recording4,17.09.2021,17.09.2021,14:48:45.713,12:48:45.713,64514,Timeline2,Tobii I-VT (Fixation),1.145.28180,1080,1920,"10,00",731394386.0,,,799.0,449.0,803.0,451.0,794.0,447.0,"-0,02509","0,04450","-0,99869","-0,14181","0,04438","-0,98890",,,Valid,Valid,"233,0","100,4","516,5","291,8","99,1","517,1","220,1","123,4","217,7","122,3","0,3704","0,4157","0,3739","0,4174","0,3670","0,4139",thumbnail_grossTrial,thumbnail_grossTrial.png,1245.0,1080.0,337.0,0.0,798.0,692.0,Fixation,1042.0,121.0,790.0,450.0,"0,3638","0,4167",,
31135,63540315,1400502811602,Eye Tracker,Participant0058,17.09.2021,Participant0058,Recording4,17.09.2021,17.09.2021,14:48:45.713,12:48:45.713,64514,Timeline2,Tobii I-VT (Fixation),1.145.28180,1080,1920,"10,00",731402669.0,,,799.0,446.0,800.0,448.0,797.0,444.0,"-0,02633","0,04316","-0,99872","-0,14041","0,04308","-0,98916",,,Valid,Valid,"233,0","100,3","516,5","291,8","99,1","517,1","219,3","122,6","218,4","121,6","0,3704","0,4131","0,3718","0,4149","0,3691","0,4114",thumbnail_grossTrial,thumbnail_grossTrial.png,1245.0,1080.0,337.0,0.0,798.0,692.0,Fixation,1042.0,121.0,790.0,450.0,"0,3638","0,4167",,
31136,63548645,1400502819932,Eye Tracker,Participant0058,17.09.2021,Participant0058,Recording4,17.09.2021,17.09.2021,14:48:45.713,12:48:45.713,64514,Timeline2,Tobii I-VT (Fixation),1.145.28180,1080,1920,"10,00",731410998.0,,,799.0,446.0,802.0,447.0,796.0,446.0,"-0,02548","0,04265","-0,99877","-0,14107","0,04426","-0,98901","3,99","3,67",Valid,Valid,"233,0","100,2","516,5","291,8","99,0","517,1","219,8","122,3","218,1","122,1","0,3706","0,4134","0,3731","0,4137","0,3681","0,4132",thumbnail_grossTrial,thumbnail_grossTrial.png,1245.0,1080.0,337.0,0.0,798.0,692.0,Fixation,1042.0,121.0,790.0,450.0,"0,3638","0,4167",,
31137,63556948,1400502828235,Eye Tracker,Participant0058,17.09.2021,Participant0058,Recording4,17.09.2021,17.09.2021,14:48:45.713,12:48:45.713,64514,Timeline2,Tobii I-VT (Fixation),1.145.28180,1080,1920,"10,00",731419301.0,,,797.0,447.0,802.0,442.0,792.0,452.0,"-0,02555","0,03996","-0,99887","-0,14311","0,04712","-0,98858",,,Valid,Valid,"233,0","100,3","516,5","291,8","99,0","517,0","219,8","120,9","217,0","123,6","0,3690","0,4137","0,3732","0,4091","0,3649","0,4183",thumbnail_grossTrial,thumbnail_grossTrial.png,1245.0,1080.0,337.0,0.0,798.0,692.0,Fixation,1042.0,121.0,790.0,450.0,"0,3638","0,4167",,
31138,63565297,1400502836584,Eye Tracker,Participant0058,17.09.2021,Participant0058,Recording4,17.09.2021,17.09.2021,14:48:45.713,12:48:45.713,64514,Timeline2,Tobii I-VT (Fixation),1.145.28180,1080,1920,"10,00",731427649.0,,,795.0,451.0,805.0,445.0,785.0,457.0,"-0,02379","0,04152","-0,99885","-0,14661","0,05017","-0,98792",,,Valid,Valid,"233,0","100,2","516,4","291,8","98,9","517,1","220,7","121,7","215,1","125,2","0,3675","0,4176","0,3756","0,4117","0,3593","0,4236",thumbnail_grossTrial,thumbnail_grossTrial.png,1245.0,1080.0,337.0,0.0,798.0,692.0,Fixation,1042.0,121.0,790.0,450.0,"0,3638","0,4167",,
31139,63573644,1400502844931,Eye Tracker,Participant0058,17.09.2021,Participant0058,Recording4,17.09.2021,17.09.2021,14:48:45.713,12:48:45.713,64514,Timeline2,Tobii I-VT (Fixation),1.145.28180,1080,1920,"10,00",731435995.0,,,794.0,455.0,799.0,445.0,790.0,464.0,"-0,02712","0,04200","-0,99875","-0,14381","0,05367","-0,98815","3,82","3,69",Valid,Valid,"233,0","100,2","516,4","291,8","98,8","517,1","218,9","121,9","216,5","126,9","0,3671","0,4208","0,3706","0,4124","0,3636","0,4293",thumbnail_grossTrial,thumbnail_grossTrial.png,1245.0,1080.0,337.0,0.0,798.0,692.0,Fixation,1042.0,121.0,790.0,450.0,"0,3638","0,4167",,
31140,63581980,1400502853267,Eye Tracker,Participant0058,17.09.2021,Participant0058,Recording4,17.09.2021,17.09.2021,14:48:45.713,12:48:45.713,64514,Timeline2,Tobii I-VT (Fixation),1.145.28180,1080,1920,"10,00",731444331.0,,,790.0,457.0,794.0,448.0,786.0,465.0,"-0,02949","0,04335","-0,99862","-0,14612","0,05446","-0,98777",,,Valid,Valid,"233,0","100,3","516,3","291,8","98,9","517,1","217,7","122,7","215,3","127,4","0,3635","0,4230","0,3670","0,4151","0,3600","0,4309",thumbnail_grossTrial,thumbnail_grossTrial.png,1245.0,1080.0,337.0,0.0,798.0,692.0,Fixation,1042.0,121.0,790.0,450.0,"0,3638","0,4167",,
31141,63590385,1400502861672,Eye Tracker,Participant0058,17.09.2021,Participant0058,Recording4,17.09.2021,17.09.2021,14:48:45.713,12:48:45.713,64514,Timeline2,Tobii I-VT (Fixation),1.145.28180,1080,1920,"10,00",731452736.0,,,787.0,457.0,789.0,451.0,786.0,463.0,"-0,03239","0,04484","-0,99847","-0,14556","0,05326","-0,98791",,,Valid,Valid,"232,9","100,3","516,2","291,7","98,8","517,2","216,1","123,5","215,5","126,7","0,3615","0,4232","0,3623","0,4177","0,3606","0,4287",thumbnail_grossTrial,thumbnail_grossTrial.png,1245.0,1080.0,337.0,0.0,798.0,692.0,Fixation,1042.0,121.0,790.0,450.0,"0,3638","0,4167",,
31142,63598612,1400502869899,Eye Tracker,Participant0058,17.09.2021,Participant0058,Recording4,17.09.2021,17.09.2021,14:48:45.713,12:48:45.713,64514,Timeline2,Tobii I-VT (Fixation),1.145.28180,1080,1920,"10,00",731460962.0,,,782.0,454.0,789.0,450.0,775.0,457.0,"-0,03229","0,04442","-0,99849","-0,15146","0,05039","-0,98718","4,04","3,71",Valid,Valid,"232,9","100,3","516,2","291,7","98,7","517,2","216,2","123,3","212,4","125,1","0,3569","0,4202","0,3625","0,4170","0,3514","0,4234",thumbnail_grossTrial,thumbnail_grossTrial.png,1245.0,1080.0,337.0,0.0,798.0,692.0,Fixation,1042.0,121.0,790.0,450.0,"0,3638","0,4167",,
31143,63606970,1400502878257,Eye Tracker,Participant0058,17.09.2021,Participant0058,Recording4,17.09.2021,17.09.2021,14:48:45.713,12:48:45.713,64514,Timeline2,Tobii I-VT (Fixation),1.145.28180,1080,1920,"10,00",731469319.0,,,779.0,450.0,783.0,452.0,774.0,447.0,"-0,03547","0,04514","-0,99835","-0,15181","0,04516","-0,98738",,,Valid,Valid,"232,9","100,4","516,1","291,7","98,8","517,3","214,5","123,7","212,2","122,5","0,3543","0,4164","0,3577","0,4186","0,3509","0,4143",thumbnail_grossTrial,thumbnail_grossTrial.png,1245.0,1080.0,337.0,0.0,798.0,692.0,Fixation,1042.0,121.0,790.0,450.0,"0,3638","0,4167",,
31144,63615290,1400502886577,Eye Tracker,Participant0058,17.09.2021,Participant0058,Recording4,17.09.2021,17.09.2021,14:48:45.713,12:48:45.713,64514,Timeline2,Tobii I-VT (Fixation),1.145.28180,1080,1920,"10,00",731477639.0,,,778.0,448.0,778.0,445.0,778.0,452.0,"-0,03782","0,04108","-0,99844","-0,14957","0,04733","-0,98762",,,Valid,Valid,"232,8","100,4","516,1","291,7","98,8","517,4","213,3","121,7","213,3","123,6","0,3540","0,4148","0,3539","0,4116","0,3541","0,4181",thumbnail_grossTrial,thumbnail_grossTrial.png,1245.0,1080.0,337.0,0.0,798.0,692.0,Fixation,1042.0,121.0,790.0,450.0,"0,3638","0,4167",,
31145,63623617,1400502894904,Eye Tracker,Participant0058,17.09.2021,Participant0058,Recording4,17.09.2021,17.09.2021,14:48:45.713,12:48:45.713,64514,Timeline2,Tobii I-VT (Fixation),1.145.28180,1080,1920,"10,00",731485966.0,,,780.0,447.0,781.0,445.0,780.0,449.0,"-0,03644","0,04131","-0,99848","-0,14882","0,04587","-0,98780","4,07","3,72",Valid,Valid,"232,8","100,4","516,1","291,7","98,7","517,5","214,0","121,8","213,7","122,8","0,3556","0,4137","0,3560","0,4120","0,3553","0,4153",thumbnail_grossTrial,thumbnail_grossTrial.png,1245.0,1080.0,337.0,0.0,798.0,692.0,Fixation,1042.0,121.0,790.0,450.0,"0,3638","0,4167",,
31146,63631945,1400502903232,Eye Tracker,Participant0058,17.09.2021,Participant0058,Recording4,17.09.2021,17.09.2021,14:48:45.713,12:48:45.713,64514,Timeline2,Tobii I-VT (Fixation),1.145.28180,1080,1920,"10,00",731494293.0,,,781.0,449.0,783.0,443.0,779.0,456.0,"-0,03518","0,03985","-0,99859","-0,14900","0,04958","-0,98759",,,Valid,Valid,"232,8","100,5","516,1","291,7","98,8","517,6","214,6","121,1","213,6","124,8","0,3565","0,4160","0,3580","0,4098","0,3549","0,4221",thumbnail_grossTrial,thumbnail_grossTrial.png,1245.0,1080.0,337.0,0.0,798.0,692.0,Fixation,1042.0,121.0,790.0,450.0,"0,3638","0,4167",,
31147,63640291,1400502911578,Eye Tracker,Participant0058,17.09.2021,Participant0058,Recording4,17.09.2021,17.09.2021,14:48:45.713,12:48:45.713,64514,Timeline2,Tobii I-VT (Fixation),1.145.28180,1080,1920,"10,00",731502638.0,,,773.0,455.0,785.0,448.0,760.0,463.0,"-0,03407","0,04262","-0,99851","-0,15850","0,05305","-0,98593",,,Valid,Valid,"232,7","100,6","516,1","291,6","98,7","517,8","215,1","122,6","208,4","126,6","0,3496","0,4216","0,3594","0,4148","0,3397","0,4283",thumbnail_grossTrial,thumbnail_grossTrial.png,1245.0,1080.0,337.0,0.0,798.0,692.0,Fixation,1042.0,121.0,790.0,450.0,"0,3638","0,4167",,
31148,63648610,1400502919897,Eye Tracker,Participant0058,17.09.2021,Participant0058,Recording4,17.09.2021,17.09.2021,14:48:45.713,12:48:45.713,64514,Timeline2,Tobii I-VT (Fixation),1.145.28180,1080,1920,"10,00",731510957.0,,,769.0,451.0,780.0,443.0,759.0,459.0,"-0,03692","0,03988","-0,99852","-0,15924","0,05130","-0,98591","3,92","3,70",Valid,Valid,"232,7","100,5","516,2","291,7","98,7","517,9","213,7","121,1","208,0","125,6","0,3468","0,4175","0,3551","0,4099","0,3386","0,4251",thumbnail_grossTrial,thumbnail_grossTrial.png,1245.0,1080.0,337.0,0.0,798.0,692.0,Fixation,1042.0,121.0,790.0,450.0,"0,3638","0,4167",,
31149,63656973,1400502928260,Eye Tracker,Participant0058,17.09.2021,Participant0058,Recording4,17.09.2021,17.09.2021,14:48:45.713,12:48:45.713,64514,Timeline2,Tobii I-VT (Fixation),1.145.28180,1080,1920,"10,00",731519320.0,,,771.0,451.0,783.0,444.0,759.0,458.0,"-0,03503","0,04042","-0,99857","-0,15942","0,05070","-0,98591",,,Valid,Valid,"232,8","100,6","516,2","291,7","98,8","517,9","214,7","121,5","207,9","125,4","0,3483","0,4177","0,3582","0,4112","0,3384","0,4243",thumbnail_grossTrial,thumbnail_grossTrial.png,1245.0,1080.0,337.0,0.0,798.0,692.0,Fixation,1042.0,121.0,790.0,450.0,"0,3638","0,4167",,
31150,63665302,1400502936589,Eye Tracker,Participant0058,17.09.2021,Participant0058,Recording4,17.09.2021,17.09.2021,14:48:45.713,12:48:45.713,64514,Timeline2,Tobii I-VT (Fixation),1.145.28180,1080,1920,"10,00",731527648.0,,,771.0,455.0,783.0,452.0,759.0,458.0,"-0,03486","0,04475","-0,99839","-0,15931","0,05073","-0,98593",,,Valid,Valid,"232,8","100,6","516,2","291,6","98,8","518,0","214,7","123,8","207,9","125,4","0,3483","0,4215","0,3583","0,4187","0,3384","0,4243",thumbnail_grossTrial,thumbnail_grossTrial.png,1245.0,1080.0,337.0,0.0,798.0,692.0,Fixation,1042.0,121.0,790.0,450.0,"0,3638","0,4167",,
31151,63673636,1400502944923,Eye Tracker,Participant0058,17.09.2021,Participant0058,Recording4,17.09.2021,17.09.2021,14:48:45.713,12:48:45.713,64514,Timeline2,Tobii I-VT (Fixation),1.145.28180,1080,1920,"10,00",731535982.0,,,783.0,447.0,787.0,453.0,780.0,442.0,"-0,03306","0,04519","-0,99843","-0,14876","0,04232","-0,98797","3,99","3,72",Valid,Valid,"232,8","100,6","516,3","291,7","98,7","518,1","215,7","124,0","213,7","120,9","0,3582","0,4143","0,3611","0,4194","0,3553","0,4091",thumbnail_grossTrial,thumbnail_grossTrial.png,1245.0,1080.0,337.0,0.0,798.0,692.0,Fixation,1042.0,121.0,790.0,450.0,"0,3638","0,4167",,
31152,63682051,1400502953338,Eye Tracker,Participant0058,17.09.2021,Participant0058,Recording4,17.09.2021,17.09.2021,14:48:45.713,12:48:45.713,64514,Timeline2,Tobii I-VT (Fixation),1.145.28180,1080,1920,"10,00",731544396.0,,,783.0,444.0,786.0,454.0,780.0,434.0,"-0,03380","0,04596","-0,99837","-0,14898","0,03787","-0,98811",,,Valid,Valid,"232,9","100,6","516,3","291,8","98,8","518,0","215,4","124,4","213,7","118,7","0,3577","0,4111","0,3602","0,4208","0,3551","0,4015",thumbnail_grossTrial,thumbnail_grossTrial.png,1245.0,1080.0,337.0,0.0,798.0,692.0,Fixation,1042.0,121.0,790.0,450.0,"0,3638","0,4167",,
31153,63690274,1400502961561,Eye Tracker,Participant0058,17.09.2021,Participant0058,Recording4,17.09.2021,17.09.2021,14:48:45.713,12:48:45.713,64514,Timeline2,Tobii I-VT (Fixation),1.145.28180,1080,1920,"10,00",731552618.0,,,780.0,445.0,784.0,451.0,776.0,439.0,"-0,03479","0,04431","-0,99841","-0,15058","0,04046","-0,98777",,,Valid,Valid,"232,8","100,6","516,4","291,7","98,8","518,0","214,8","123,5","212,8","120,0","0,3555","0,4120","0,3586","0,4179","0,3525","0,4062",thumbnail_grossTrial,thumbnail_grossTrial.png,1245.0,1080.0,337.0,0.0,798.0,692.0,Fixation,1042.0,121.0,790.0,450.0,"0,3638","0,4167",,
31154,63698639,1400502969926,Eye Tracker,Participant0058,17.09.2021,Participant0058,Recording4,17.09.2021,17.09.2021,14:48:45.713,12:48:45.713,64514,Timeline2,Tobii I-VT (Fixation),1.145.28180,1080,1920,"10,00",731560983.0,,,781.0,449.0,783.0,453.0,779.0,445.0,"-0,03519","0,04516","-0,99836","-0,14907","0,04397","-0,98785","4,02","4,06",Valid,Valid,"232,9","100,5","516,5","291,8","98,8","518,0","214,7","123,9","213,6","121,9","0,3565","0,4158","0,3581","0,4192","0,3550","0,4123",thumbnail_grossTrial,thumbnail_grossTrial.png,1245.0,1080.0,337.0,0.0,798.0,692.0,Fixation,1042.0,121.0,790.0,450.0,"0,3638","0,4167",,
31155,63706973,1400502978260,Eye Tracker,Participant0058,17.09.2021,Participant0058,Recording4,17.09.2021,17.09.2021,14:48:45.713,12:48:45.713,64514,Timeline2,Tobii I-VT (Fixation),1.145.28180,1080,1920,"10,00",731569317.0,,,780.0,451.0,777.0,444.0,782.0,458.0,"-0,03878","0,04053","-0,99843","-0,14764","0,05027","-0,98776",,,Valid,Valid,"232,9","100,6","516,5","291,8","98,9","517,8","212,9","121,6","214,4","125,3","0,3551","0,4175","0,3529","0,4113","0,3573","0,4238",thumbnail_grossTrial,thumbnail_grossTrial.png,1245.0,1080.0,337.0,0.0,798.0,692.0,Fixation,1042.0,121.0,790.0,450.0,"0,3638","0,4167",,
31156,63715285,1400502986572,Eye Tracker,Participant0058,17.09.2021,Participant0058,Recording4,17.09.2021,17.09.2021,14:48:45.713,12:48:45.713,64514,Timeline2,Tobii I-VT (Fixation),1.145.28180,1080,1920,"10,00",731577628.0,,,779.0,453.0,778.0,444.0,780.0,462.0,"-0,03822","0,04073","-0,99844","-0,14891","0,05248","-0,98746",,,Valid,Valid,"232,9","100,5","516,5","291,8","98,9","517,8","213,1","121,6","213,7","126,4","0,3544","0,4196","0,3535","0,4115","0,3552","0,4278",thumbnail_grossTrial,thumbnail_grossTrial.png,1245.0,1080.0,337.0,0.0,798.0,692.0,Fixation,1042.0,121.0,790.0,450.0,"0,3638","0,4167",,
31157,63723618,1400502994905,Eye Tracker,Participant0058,17.09.2021,Participant0058,Recording4,17.09.2021,17.09.2021,14:48:45.713,12:48:45.713,64514,Timeline2,Tobii I-VT (Fixation),1.145.28180,1080,1920,"10,00",731585960.0,,,775.0,452.0,776.0,447.0,773.0,457.0,"-0,03906","0,04233","-0,99834","-0,15229","0,04975","-0,98708","4,01","3,72",Valid,Valid,"232,9","100,5","516,5","291,8","98,9","517,7","212,7","122,4","211,9","125,0","0,3512","0,4185","0,3523","0,4141","0,3500","0,4229",thumbnail_grossTrial,thumbnail_grossTrial.png,1245.0,1080.0,337.0,0.0,798.0,692.0,Fixation,1042.0,121.0,790.0,450.0,"0,3638","0,4167",,
31158,63731947,1400503003234,Eye Tracker,Participant0058,17.09.2021,Participant0058,Recording4,17.09.2021,17.09.2021,14:48:45.713,12:48:45.713,64514,Timeline2,Tobii I-VT (Fixation),1.145.28180,1080,1920,"10,00",731594289.0,,,774.0,454.0,778.0,451.0,770.0,456.0,"-0,03839","0,04443","-0,99827","-0,15376","0,04898","-0,98689",,,Valid,Valid,"233,0","100,6","516,5","291,8","99,0","517,6","213,1","123,5","211,2","124,7","0,3507","0,4199","0,3535","0,4180","0,3478","0,4219",thumbnail_grossTrial,thumbnail_grossTrial.png,1245.0,1080.0,337.0,0.0,798.0,692.0,Fixation,1042.0,121.0,790.0,450.0,"0,3638","0,4167",,
31159,63740318,1400503011605,Eye Tracker,Participant0058,17.09.2021,Participant0058,Recording4,17.09.2021,17.09.2021,14:48:45.713,12:48:45.713,64514,Timeline2,Tobii I-VT (Fixation),1.145.28180,1080,1920,"10,00",731602659.0,,,776.0,451.0,777.0,450.0,775.0,452.0,"-0,03835","0,04347","-0,99832","-0,15147","0,04696","-0,98735",,,Valid,Valid,"232,9","100,5","516,4","291,7","99,0","517,5","213,1","123,0","212,3","123,6","0,3523","0,4173","0,3534","0,4163","0,3512","0,4183",thumbnail_grossTrial,thumbnail_grossTrial.png,1245.0,1080.0,337.0,0.0,798.0,692.0,Fixation,1042.0,121.0,790.0,450.0,"0,3638","0,4167",,
31160,63748607,1400503019894,Eye Tracker,Participant0058,17.09.2021,Participant0058,Recording4,17.09.2021,17.09.2021,14:48:45.713,12:48:45.713,64514,Timeline2,Tobii I-VT (Fixation),1.145.28180,1080,1920,"10,00",731610947.0,,,779.0,448.0,777.0,446.0,782.0,451.0,"-0,03881","0,04187","-0,99837","-0,14781","0,04636","-0,98793","4,00","4,05",Valid,Valid,"232,9","100,5","516,4","291,7","99,0","517,5","212,8","122,2","214,3","123,3","0,3549","0,4153","0,3527","0,4134","0,3571","0,4171",thumbnail_grossTrial,thumbnail_grossTrial.png,1245.0,1080.0,337.0,0.0,798.0,692.0,Fixation,1042.0,121.0,790.0,450.0,"0,3638","0,4167",,
31161,63756938,1400503028225,Eye Tracker,Participant0058,17.09.2021,Participant0058,Recording4,17.09.2021,17.09.2021,14:48:45.713,12:48:45.713,64514,Timeline2,Tobii I-VT (Fixation),1.145.28180,1080,1920,"10,00",731619278.0,,,782.0,446.0,781.0,446.0,783.0,447.0,"-0,03643","0,04126","-0,99848","-0,14739","0,04450","-0,98808",,,Valid,Valid,"233,0","100,6","516,3","291,8","99,1","517,4","214,1","122,0","214,6","122,4","0,3571","0,4134","0,3565","0,4126","0,3578","0,4141",thumbnail_grossTrial,thumbnail_grossTrial.png,1245.0,1080.0,337.0,0.0,798.0,692.0,Fixation,1042.0,121.0,790.0,450.0,"0,3638","0,4167",,
31162,63765274,1400503036561,Eye Tracker,Participant0058,17.09.2021,Participant0058,Recording4,17.09.2021,17.09.2021,14:48:45.713,12:48:45.713,64514,Timeline2,Tobii I-VT (Fixation),1.145.28180,1080,1920,"10,00",731627614.0,,,779.0,456.0,777.0,462.0,781.0,451.0,"-0,03869","0,04995","-0,99800","-0,14836","0,04628","-0,98785",,,Valid,Valid,"232,9","100,6","516,2","291,7","99,1","517,4","212,9","126,5","214,0","123,3","0,3545","0,4226","0,3528","0,4279","0,3561","0,4173",thumbnail_grossTrial,thumbnail_grossTrial.png,1245.0,1080.0,337.0,0.0,798.0,692.0,Fixation,1042.0,121.0,790.0,450.0,"0,3638","0,4167",,
31163,63773608,1400503044895,Eye Tracker,Participant0058,17.09.2021,Participant0058,Recording4,17.09.2021,17.09.2021,14:48:45.713,12:48:45.713,64514,Timeline2,Tobii I-VT (Fixation),1.145.28180,1080,1920,"10,00",731635947.0,,,776.0,457.0,779.0,464.0,774.0,450.0,"-0,03730","0,05115","-0,99799","-0,15211","0,04572","-0,98731","4,03","3,70",Valid,Valid,"232,9","100,6","516,2","291,7","99,1","517,3","213,6","127,1","212,0","123,1","0,3527","0,4232","0,3550","0,4300","0,3503","0,4163",thumbnail_grossTrial,thumbnail_grossTrial.png,1245.0,1080.0,337.0,0.0,798.0,692.0,Fixation,1042.0,121.0,790.0,450.0,"0,3638","0,4167",,
31164,63781937,1400503053224,Eye Tracker,Participant0058,17.09.2021,Participant0058,Recording4,17.09.2021,17.09.2021,14:48:45.713,12:48:45.713,64514,Timeline2,Tobii I-VT (Fixation),1.145.28180,1080,1920,"10,00",731644275.0,,,777.0,460.0,781.0,469.0,772.0,450.0,"-0,03660","0,05349","-0,99790","-0,15287","0,04564","-0,98719",,,Valid,Valid,"233,0","100,7","516,1","291,7","99,2","517,3","214,0","128,4","211,6","123,1","0,3527","0,4255","0,3562","0,4345","0,3492","0,4166",thumbnail_grossTrial,thumbnail_grossTrial.png,1245.0,1080.0,337.0,0.0,798.0,692.0,Fixation,1042.0,121.0,790.0,450.0,"0,3638","0,4167",,
31165,63790361,1400503061648,Eye Tracker,Participant0058,17.09.2021,Participant0058,Recording4,17.09.2021,17.09.2021,14:48:45.713,12:48:45.713,64514,Timeline2,Tobii I-VT (Fixation),1.145.28180,1080,1920,"10,00",731652699.0,,,777.0,455.0,783.0,455.0,770.0,454.0,"-0,03545","0,04619","-0,99830","-0,15374","0,04753","-0,98697",,,Valid,Valid,"232,9","100,8","516,0","291,7","99,2","517,2","214,6","124,6","211,1","124,1","0,3527","0,4208","0,3578","0,4217","0,3476","0,4200",thumbnail_grossTrial,thumbnail_grossTrial.png,1245.0,1080.0,337.0,0.0,798.0,692.0,Fixation,1042.0,121.0,790.0,450.0,"0,3638","0,4167",,
31166,63798629,1400503069916,Eye Tracker,Participant0058,17.09.2021,Participant0058,Recording4,17.09.2021,17.09.2021,14:48:45.713,12:48:45.713,64514,Timeline2,Tobii I-VT (Fixation),1.145.28180,1080,1920,"10,00",731660967.0,,,777.0,450.0,779.0,449.0,776.0,450.0,"-0,03776","0,04299","-0,99836","-0,15094","0,04566","-0,98749","3,96","4,21",Valid,Valid,"232,9","100,8","516,0","291,7","99,2","517,3","213,4","123,0","212,6","123,1","0,3533","0,4164","0,3544","0,4161","0,3521","0,4166",thumbnail_grossTrial,thumbnail_grossTrial.png,1245.0,1080.0,337.0,0.0,798.0,692.0,Fixation,1042.0,121.0,790.0,450.0,"0,3638","0,4167",,
31167,63806960,1400503078247,Eye Tracker,Participant0058,17.09.2021,Participant0058,Recording4,17.09.2021,17.09.2021,14:48:45.713,12:48:45.713,64514,Timeline2,Tobii I-VT (Fixation),1.145.28180,1080,1920,"10,00",731669297.0,,,777.0,447.0,778.0,443.0,776.0,452.0,"-0,03834","0,03946","-0,99849","-0,15071","0,04641","-0,98749",,,Valid,Valid,"233,0","100,9","515,9","291,7","99,3","517,2","213,2","121,3","212,8","123,6","0,3531","0,4143","0,3537","0,4103","0,3526","0,4183",thumbnail_grossTrial,thumbnail_grossTrial.png,1245.0,1080.0,337.0,0.0,798.0,692.0,Fixation,1042.0,121.0,790.0,450.0,"0,3638","0,4167",,
31168,63815282,1400503086569,Eye Tracker,Participant0058,17.09.2021,Participant0058,Recording4,17.09.2021,17.09.2021,14:48:45.713,12:48:45.713,64514,Timeline2,Tobii I-VT (Fixation),1.145.28180,1080,1920,"10,00",731677618.0,,,777.0,445.0,778.0,441.0,776.0,449.0,"-0,03823","0,03824","-0,99854","-0,15101","0,04490","-0,98751",,,Valid,Valid,"232,9","100,9","515,9","291,7","99,4","517,2","213,2","120,6","212,6","122,9","0,3528","0,4120","0,3537","0,4082","0,3520","0,4157",thumbnail_grossTrial,thumbnail_grossTrial.png,1245.0,1080.0,337.0,0.0,798.0,692.0,Fixation,1042.0,121.0,790.0,450.0,"0,3638","0,4167",,
31169,63823609,1400503094896,Eye Tracker,Participant0058,17.09.2021,Participant0058,Recording4,17.09.2021,17.09.2021,14:48:45.713,12:48:45.713,64514,Timeline2,Tobii I-VT (Fixation),1.145.28180,1080,1920,"10,00",731685945.0,,,781.0,453.0,783.0,446.0,780.0,461.0,"-0,03572","0,04071","-0,99853","-0,14900","0,05095","-0,98752","4,03","4,03",Valid,Valid,"233,0","100,9","516,0","291,7","99,3","517,2","214,5","121,9","213,7","126,0","0,3564","0,4195","0,3576","0,4125","0,3551","0,4264",thumbnail_grossTrial,thumbnail_grossTrial.png,1245.0,1080.0,337.0,0.0,798.0,692.0,Fixation,1042.0,121.0,790.0,450.0,"0,3638","0,4167",,
31170,63831935,1400503103222,Eye Tracker,Participant0058,17.09.2021,Participant0058,Recording4,17.09.2021,17.09.2021,14:48:45.713,12:48:45.713,64514,Timeline2,Tobii I-VT (Fixation),1.145.28180,1080,1920,"10,00",731694271.0,,,783.0,455.0,787.0,448.0,779.0,462.0,"-0,03372","0,04200","-0,99855","-0,14950","0,05129","-0,98743",,,Valid,Valid,"233,0","101,0","515,9","291,7","99,5","517,1","215,6","122,7","213,4","126,3","0,3576","0,4213","0,3607","0,4151","0,3544","0,4274",thumbnail_grossTrial,thumbnail_grossTrial.png,1245.0,1080.0,337.0,0.0,798.0,692.0,Fixation,1042.0,121.0,790.0,450.0,"0,3638","0,4167",,
31171,63840283,1400503111570,Eye Tracker,Participant0058,17.09.2021,Participant0058,Recording4,17.09.2021,17.09.2021,14:48:45.713,12:48:45.713,64514,Timeline2,Tobii I-VT (Fixation),1.145.28180,1080,1920,"10,00",731702618.0,,,793.0,465.0,806.0,468.0,781.0,462.0,"-0,02352","0,05244","-0,99835","-0,14839","0,05135","-0,98759",,,Valid,Valid,"232,9","101,0","516,0","291,7","99,5","517,1","220,8","128,1","214,0","126,4","0,3660","0,4305","0,3760","0,4334","0,3560","0,4276",thumbnail_grossTrial,thumbnail_grossTrial.png,1245.0,1080.0,337.0,0.0,798.0,692.0,Fixation,1042.0,121.0,790.0,450.0,"0,3638","0,4167",,
31172,63848600,1400503119887,Eye Tracker,Participant0058,17.09.2021,Participant0058,Recording4,17.09.2021,17.09.2021,14:48:45.713,12:48:45.713,64514,Timeline2,Tobii I-VT (Fixation),1.145.28180,1080,1920,"10,00",731710935.0,,,781.0,454.0,784.0,449.0,777.0,459.0,"-0,03503","0,04241","-0,99849","-0,15023","0,04993","-0,98739","4,04","3,92",Valid,Valid,"232,9","101,0","516,1","291,7","99,5","517,2","214,8","122,9","213,0","125,6","0,3559","0,4204","0,3586","0,4158","0,3532","0,4250",thumbnail_grossTrial,thumbnail_grossTrial.png,1245.0,1080.0,337.0,0.0,798.0,692.0,Fixation,1042.0,121.0,790.0,450.0,"0,3638","0,4167",,
31173,63856933,1400503128220,Eye Tracker,Participant0058,17.09.2021,Participant0058,Recording4,17.09.2021,17.09.2021,14:48:45.713,12:48:45.713,64514,Timeline2,Tobii I-VT (Fixation),1.145.28180,1080,1920,"10,00",731719267.0,,,792.0,458.0,802.0,456.0,782.0,459.0,"-0,02549","0,04612","-0,99861","-0,14754","0,04995","-0,98779",,,Valid,Valid,"233,0","101,0","516,0","291,7","99,6","517,1","219,8","124,9","214,4","125,7","0,3652","0,4239","0,3731","0,4225","0,3574","0,4253",thumbnail_grossTrial,thumbnail_grossTrial.png,1245.0,1080.0,337.0,0.0,798.0,692.0,Fixation,1042.0,121.0,790.0,450.0,"0,3638","0,4167",,
31174,63865266,1400503136553,Eye Tracker,Participant0058,17.09.2021,Participant0058,Recording4,17.09.2021,17.09.2021,14:48:45.713,12:48:45.713,64514,Timeline2,Tobii I-VT (Fixation),1.145.28180,1080,1920,"10,00",731727599.0,,,778.0,454.0,783.0,439.0,772.0,468.0,"-0,03525","0,03710","-0,99869","-0,15278","0,05435","-0,98676",,,Valid,Valid,"232,9","101,0","516,1","291,6","99,5","517,1","214,7","120,2","211,5","128,0","0,3535","0,4199","0,3581","0,4067","0,3489","0,4332",thumbnail_grossTrial,thumbnail_grossTrial.png,1245.0,1080.0,337.0,0.0,798.0,692.0,Fixation,1042.0,121.0,790.0,450.0,"0,3638","0,4167",,
31175,63873621,1400503144908,Eye Tracker,Participant0058,17.09.2021,Participant0058,Recording4,17.09.2021,17.09.2021,14:48:45.713,12:48:45.713,64514,Timeline2,Tobii I-VT (Fixation),1.145.28180,1080,1920,"10,00",731735954.0,,,785.0,446.0,785.0,442.0,785.0,449.0,"-0,03435","0,03882","-0,99866","-0,14629","0,04476","-0,98823","3,99","4,09",Valid,Valid,"232,9","101,0","516,2","291,6","99,5","517,2","215,1","121,0","215,1","122,9","0,3593","0,4127","0,3594","0,4095","0,3592","0,4159",thumbnail_grossTrial,thumbnail_grossTrial.png,1245.0,1080.0,337.0,0.0,798.0,692.0,Fixation,1042.0,121.0,790.0,450.0,"0,3638","0,4167",,
31176,63881929,1400503153216,Eye Tracker,Participant0058,17.09.2021,Participant0058,Recording4,17.09.2021,17.09.2021,14:48:45.713,12:48:45.713,64514,Timeline2,Tobii I-VT (Fixation),1.145.28180,1080,1920,"10,00",731744262.0,,,783.0,448.0,787.0,445.0,780.0,451.0,"-0,03341","0,04014","-0,99864","-0,14885","0,04574","-0,98780",,,Valid,Valid,"232,9","101,0","516,2","291,6","99,6","517,2","215,6","121,8","213,7","123,5","0,3581","0,4150","0,3609","0,4120","0,3552","0,4179",thumbnail_grossTrial,thumbnail_grossTrial.png,1245.0,1080.0,337.0,0.0,798.0,692.0,Fixation,1042.0,121.0,790.0,450.0,"0,3638","0,4167",,
31177,63890279,1400503161566,Eye Tracker,Participant0058,17.09.2021,Participant0058,Recording4,17.09.2021,17.09.2021,14:48:45.713,12:48:45.713,64514,Timeline2,Tobii I-VT (Fixation),1.145.28180,1080,1920,"10,00",731752611.0,,,775.0,447.0,779.0,443.0,772.0,450.0,"-0,03743","0,03937","-0,99852","-0,15235","0,04538","-0,98728",,,Valid,Valid,"232,8","101,0","516,3","291,5","99,5","517,2","213,4","121,3","211,7","123,3","0,3518","0,4137","0,3544","0,4104","0,3493","0,4170",thumbnail_grossTrial,thumbnail_grossTrial.png,1245.0,1080.0,337.0,0.0,798.0,692.0,Saccade,58.0,265.0,,,,,,
31178,63898603,1400503169890,Eye Tracker,Participant0058,17.09.2021,Participant0058,Recording4,17.09.2021,17.09.2021,14:48:45.713,12:48:45.713,64514,Timeline2,Tobii I-VT (Fixation),1.145.28180,1080,1920,"10,00",731760934.0,,,751.0,421.0,747.0,426.0,754.0,417.0,"-0,05380","0,03055","-0,99808","-0,16129","0,02815","-0,98651","3,87","4,11",Valid,Valid,"232,7","100,8","516,4","291,3","99,3","517,2","204,8","116,6","206,8","114,1","0,3321","0,3901","0,3293","0,3944","0,3349","0,3859",thumbnail_grossTrial,thumbnail_grossTrial.png,1245.0,1080.0,337.0,0.0,798.0,692.0,Saccade,58.0,265.0,,,,,,
31179,63906959,1400503178246,Eye Tracker,Participant0058,17.09.2021,Participant0058,Recording4,17.09.2021,17.09.2021,14:48:45.713,12:48:45.713,64514,Timeline2,Tobii I-VT (Fixation),1.145.28180,1080,1920,"10,00",731769290.0,,,735.0,392.0,744.0,419.0,726.0,366.0,"-0,05570","0,02728","-0,99807","-0,17577","0,00169","-0,98443",,,Valid,Valid,"232,6","100,5","516,8","291,2","99,3","517,2","203,8","114,6","198,9","100,1","0,3190","0,3633","0,3262","0,3878","0,3118","0,3388",thumbnail_grossTrial,thumbnail_grossTrial.png,1245.0,1080.0,337.0,0.0,798.0,692.0,Saccade,58.0,265.0,,,,,,
31180,63915272,1400503186559,Eye Tracker,Participant0058,17.09.2021,Participant0058,Recording4,17.09.2021,17.09.2021,14:48:45.713,12:48:45.713,64514,Timeline2,Tobii I-VT (Fixation),1.145.28180,1080,1920,"10,00",731777603.0,,,650.0,317.0,623.0,294.0,677.0,340.0,"-0,11815","-0,03803","-0,99227","-0,19973","-0,01163","-0,97978",,,Valid,Valid,"232,4","100,2","517,1","291,0","99,1","517,3","170,9","80,4","185,5","92,9","0,2512","0,2932","0,2297","0,2720","0,2727","0,3144",thumbnail_grossTrial,thumbnail_grossTrial.png,1245.0,1080.0,337.0,0.0,798.0,692.0,Saccade,58.0,265.0,,,,,,
31181,63923658,1400503194945,Eye Tracker,Participant0058,17.09.2021,Participant0058,Recording4,17.09.2021,17.09.2021,14:48:45.713,12:48:45.713,64514,Timeline2,Tobii I-VT (Fixation),1.145.28180,1080,1920,"10,00",731785988.0,,,621.0,271.0,615.0,273.0,627.0,269.0,"-0,12221","-0,04870","-0,99131","-0,22383","-0,04752","-0,97347","3,96","3,75",Valid,Valid,"232,4","100,0","517,3","290,9","99,0","517,3","168,6","74,6","171,9","73,7","0,2280","0,2510","0,2232","0,2525","0,2328","0,2494",thumbnail_grossTrial,thumbnail_grossTrial.png,1245.0,1080.0,337.0,0.0,798.0,692.0,Saccade,58.0,265.0,,,,,,
31182,63931960,1400503203247,Eye Tracker,Participant0058,17.09.2021,Participant0058,Recording4,17.09.2021,17.09.2021,14:48:45.713,12:48:45.713,64514,Timeline2,Tobii I-VT (Fixation),1.145.28180,1080,1920,"10,00",731794289.0,,,589.0,217.0,585.0,217.0,594.0,218.0,"-0,13783","-0,07777","-0,98740","-0,23983","-0,07380","-0,96801",,,Valid,Valid,"232,5","100,1","517,3","290,9","99,0","517,3","160,3","59,4","162,7","59,6","0,2024","0,2012","0,1988","0,2009","0,2060","0,2015",thumbnail_grossTrial,thumbnail_grossTrial.png,1245.0,1080.0,337.0,0.0,798.0,692.0,Saccade,58.0,265.0,,,,,,
31183,63940276,1400503211563,Eye Tracker,Participant0058,17.09.2021,Participant0058,Recording4,17.09.2021,17.09.2021,14:48:45.713,12:48:45.713,64514,Timeline2,Tobii I-VT (Fixation),1.145.28180,1080,1920,"10,00",731802605.0,,,574.0,183.0,571.0,174.0,576.0,193.0,"-0,14440","-0,09977","-0,98448","-0,24786","-0,08618","-0,96496",,,Valid,Valid,"232,4","100,1","517,0","290,8","98,9","517,2","156,6","47,7","158,0","52,7","0,1899","0,1698","0,1878","0,1613","0,1919","0,1784",thumbnail_grossTrial,thumbnail_grossTrial.png,1245.0,1080.0,337.0,0.0,798.0,692.0,Saccade,58.0,265.0,,,,,,
31184,63948664,1400503219951,Eye Tracker,Participant0058,17.09.2021,Participant0058,Recording4,17.09.2021,17.09.2021,14:48:45.713,12:48:45.713,64514,Timeline2,Tobii I-VT (Fixation),1.145.28180,1080,1920,"10,00",731810993.0,,,576.0,177.0,574.0,163.0,578.0,191.0,"-0,14309","-0,10630","-0,98398","-0,24714","-0,08713","-0,96505","4,11","3,76",Valid,Valid,"232,5","100,3","516,5","290,8","98,9","517,1","157,4","44,5","158,4","52,2","0,1917","0,1636","0,1902","0,1505","0,1932","0,1767",thumbnail_grossTrial,thumbnail_grossTrial.png,1245.0,1080.0,337.0,0.0,798.0,692.0,Fixation,317.0,122.0,582.0,200.0,"0,1966","0,1854",,
31185,63957034,1400503228321,Eye Tracker,Participant0058,17.09.2021,Participant0058,Recording4,17.09.2021,17.09.2021,14:48:45.713,12:48:45.713,64514,Timeline2,Tobii I-VT (Fixation),1.145.28180,1080,1920,"10,00",731819362.0,,,576.0,179.0,579.0,170.0,574.0,187.0,"-0,14135","-0,10323","-0,98456","-0,24940","-0,08942","-0,96426",,,Valid,Valid,"232,6","100,7","515,7","291,0","99,1","517,0","158,6","46,6","157,3","51,1","0,1918","0,1653","0,1937","0,1577","0,1899","0,1730",thumbnail_grossTrial,thumbnail_grossTrial.png,1245.0,1080.0,337.0,0.0,798.0,692.0,Fixation,317.0,122.0,582.0,200.0,"0,1966","0,1854",,
31186,63965270,1400503236557,Eye Tracker,Participant0058,17.09.2021,Participant0058,Recording4,17.09.2021,17.09.2021,14:48:45.713,12:48:45.713,64514,Timeline2,Tobii I-VT (Fixation),1.145.28180,1080,1920,"10,00",731827597.0,,,574.0,176.0,579.0,164.0,569.0,188.0,"-0,14088","-0,10651","-0,98428","-0,25159","-0,08858","-0,96377",,,Valid,Valid,"232,5","100,6","515,6","290,9","99,0","516,8","158,7","44,8","156,0","51,5","0,1901","0,1629","0,1941","0,1515","0,1861","0,1743",thumbnail_grossTrial,thumbnail_grossTrial.png,1245.0,1080.0,337.0,0.0,798.0,692.0,Fixation,317.0,122.0,582.0,200.0,"0,1966","0,1854",,
31187,63973595,1400503244882,Eye Tracker,Participant0058,17.09.2021,Participant0058,Recording4,17.09.2021,17.09.2021,14:48:45.713,12:48:45.713,64514,Timeline2,Tobii I-VT (Fixation),1.145.28180,1080,1920,"10,00",731835922.0,,,565.0,179.0,570.0,173.0,561.0,184.0,"-0,14607","-0,10288","-0,98391","-0,25603","-0,09179","-0,96230","3,83","4,14",Valid,Valid,"232,6","101,2","514,1","290,8","99,6","515,2","156,3","47,4","153,7","50,5","0,1832","0,1656","0,1870","0,1604","0,1795","0,1708",thumbnail_grossTrial,thumbnail_grossTrial.png,1245.0,1080.0,337.0,0.0,798.0,692.0,Fixation,317.0,122.0,582.0,200.0,"0,1966","0,1854",,
31188,63981958,1400503253245,Eye Tracker,Participant0058,17.09.2021,Participant0058,Recording4,17.09.2021,17.09.2021,14:48:45.713,12:48:45.713,64514,Timeline2,Tobii I-VT (Fixation),1.145.28180,1080,1920,"10,00",731844284.0,,,569.0,185.0,572.0,181.0,565.0,189.0,"-0,14560","-0,10041","-0,98423","-0,25468","-0,09126","-0,96271",,,Valid,Valid,"232,7","101,7","512,9","290,8","100,3","513,6","156,8","49,4","154,9","51,6","0,1858","0,1710","0,1886","0,1672","0,1829","0,1747",thumbnail_grossTrial,thumbnail_grossTrial.png,1245.0,1080.0,337.0,0.0,798.0,692.0,Fixation,317.0,122.0,582.0,200.0,"0,1966","0,1854",,
31189,63990259,1400503261546,Eye Tracker,Participant0058,17.09.2021,Participant0058,Recording4,17.09.2021,17.09.2021,14:48:45.713,12:48:45.713,64514,Timeline2,Tobii I-VT (Fixation),1.145.28180,1080,1920,"10,00",731852585.0,,,567.0,193.0,567.0,190.0,567.0,196.0,"-0,14843","-0,09635","-0,98422","-0,25403","-0,08867","-0,96312",,,Valid,Valid,"232,7","102,1","511,7","290,6","100,7","512,4","155,5","52,0","155,4","53,6","0,1846","0,1787","0,1847","0,1760","0,1846","0,1813",thumbnail_grossTrial,thumbnail_grossTrial.png,1245.0,1080.0,337.0,0.0,798.0,692.0,Fixation,317.0,122.0,582.0,200.0,"0,1966","0,1854",,
31190,63998618,1400503269905,Eye Tracker,Participant0058,17.09.2021,Participant0058,Recording4,17.09.2021,17.09.2021,14:48:45.713,12:48:45.713,64514,Timeline2,Tobii I-VT (Fixation),1.145.28180,1080,1920,"10,00",731860943.0,,,575.0,195.0,578.0,192.0,572.0,199.0,"-0,14314","-0,09632","-0,98501","-0,25182","-0,08772","-0,96379","4,03","4,05",Valid,Valid,"232,7","102,4","511,0","290,6","101,0","511,8","158,4","52,4","156,8","54,4","0,1910","0,1807","0,1933","0,1774","0,1887","0,1841",thumbnail_grossTrial,thumbnail_grossTrial.png,1245.0,1080.0,337.0,0.0,798.0,692.0,Fixation,317.0,122.0,582.0,200.0,"0,1966","0,1854",,
31191,64006950,1400503278237,Eye Tracker,Participant0058,17.09.2021,Participant0058,Recording4,17.09.2021,17.09.2021,14:48:45.713,12:48:45.713,64514,Timeline2,Tobii I-VT (Fixation),1.145.28180,1080,1920,"10,00",731869275.0,,,578.0,197.0,582.0,187.0,574.0,206.0,"-0,14154","-0,09973","-0,98490","-0,25118","-0,08473","-0,96423",,,Valid,Valid,"232,8","102,9","510,2","290,6","101,4","511,1","159,5","51,2","157,5","56,5","0,1934","0,1821","0,1964","0,1733","0,1905","0,1910",thumbnail_grossTrial,thumbnail_grossTrial.png,1245.0,1080.0,337.0,0.0,798.0,692.0,Fixation,317.0,122.0,582.0,200.0,"0,1966","0,1854",,
31192,64015296,1400503286583,Eye Tracker,Participant0058,17.09.2021,Participant0058,Recording4,17.09.2021,17.09.2021,14:48:45.713,12:48:45.713,64514,Timeline2,Tobii I-VT (Fixation),1.145.28180,1080,1920,"10,00",731877620.0,,,577.0,197.0,583.0,188.0,571.0,206.0,"-0,14081","-0,09976","-0,98500","-0,25287","-0,08538","-0,96373",,,Valid,Valid,"232,8","103,0","509,5","290,5","101,5","510,5","159,9","51,4","156,5","56,3","0,1927","0,1823","0,1977","0,1740","0,1878","0,1905",thumbnail_grossTrial,thumbnail_grossTrial.png,1245.0,1080.0,337.0,0.0,798.0,692.0,Fixation,317.0,122.0,582.0,200.0,"0,1966","0,1854",,
31193,64023635,1400503294922,Eye Tracker,Participant0058,17.09.2021,Participant0058,Recording4,17.09.2021,17.09.2021,14:48:45.713,12:48:45.713,64514,Timeline2,Tobii I-VT (Fixation),1.145.28180,1080,1920,"10,00",731885959.0,,,579.0,202.0,582.0,192.0,577.0,212.0,"-0,14182","-0,09774","-0,98506","-0,25035","-0,08200","-0,96468","3,90","3,71",Valid,Valid,"232,8","103,1","509,5","290,5","101,5","510,5","159,4","52,5","158,0","58,1","0,1942","0,1872","0,1962","0,1777","0,1921","0,1967",thumbnail_grossTrial,thumbnail_grossTrial.png,1245.0,1080.0,337.0,0.0,798.0,692.0,Fixation,317.0,122.0,582.0,200.0,"0,1966","0,1854",,
31194,64031926,1400503303213,Eye Tracker,Participant0058,17.09.2021,Participant0058,Recording4,17.09.2021,17.09.2021,14:48:45.713,12:48:45.713,64514,Timeline2,Tobii I-VT (Fixation),1.145.28180,1080,1920,"10,00",731894249.0,,,,,,,,,,,,,,,,,Invalid,Invalid,,,,,,,,,,,,,,,,,thumbnail_grossTrial,thumbnail_grossTrial.png,1245.0,1080.0,337.0,0.0,798.0,692.0,Fixation,317.0,122.0,582.0,200.0,"0,1966","0,1854",,
31195,64040260,1400503311547,Eye Tracker,Participant0058,17.09.2021,Participant0058,Recording4,17.09.2021,17.09.2021,14:48:45.713,12:48:45.713,64514,Timeline2,Tobii I-VT (Fixation),1.145.28180,1080,1920,"10,00",731902582.0,,,580.0,205.0,580.0,194.0,581.0,217.0,"-0,14279","-0,09709","-0,98498","-0,24846","-0,07990","-0,96534",,,Valid,Valid,"232,8","103,2","509,4","290,5","101,7","510,4","159,0","53,0","159,2","59,5","0,1952","0,1902","0,1949","0,1793","0,1955","0,2012",thumbnail_grossTrial,thumbnail_grossTrial.png,1245.0,1080.0,337.0,0.0,798.0,692.0,Fixation,317.0,122.0,582.0,200.0,"0,1966","0,1854",,
31196,64048588,1400503319875,Eye Tracker,Participant0058,17.09.2021,Participant0058,Recording4,17.09.2021,17.09.2021,14:48:45.713,12:48:45.713,64514,Timeline2,Tobii I-VT (Fixation),1.145.28180,1080,1920,"10,00",731910910.0,,,580.0,205.0,580.0,192.0,580.0,217.0,"-0,14266","-0,09805","-0,98490","-0,24893","-0,07995","-0,96522","3,92","3,94",Valid,Valid,"232,8","103,2","509,4","290,5","101,7","510,4","159,0","52,5","158,9","59,5","0,1949","0,1894","0,1951","0,1776","0,1948","0,2012",thumbnail_grossTrial,thumbnail_grossTrial.png,1245.0,1080.0,337.0,0.0,798.0,692.0,Fixation,317.0,122.0,582.0,200.0,"0,1966","0,1854",,
31197,64057007,1400503328294,Eye Tracker,Participant0058,17.09.2021,Participant0058,Recording4,17.09.2021,17.09.2021,14:48:45.713,12:48:45.713,64514,Timeline2,Tobii I-VT (Fixation),1.145.28180,1080,1920,"10,00",731919329.0,,,578.0,215.0,,,578.0,215.0,,,,"-0,25018","-0,08159","-0,96476",,,Invalid,Valid,,,,"290,6","101,9","510,3",,,"158,3","58,8","0,1930","0,1989",,,"0,1930","0,1989",thumbnail_grossTrial,thumbnail_grossTrial.png,1245.0,1080.0,337.0,0.0,798.0,692.0,Fixation,317.0,122.0,582.0,200.0,"0,1966","0,1854",,
31198,64065254,1400503336541,Eye Tracker,Participant0058,17.09.2021,Participant0058,Recording4,17.09.2021,17.09.2021,14:48:45.713,12:48:45.713,64514,Timeline2,Tobii I-VT (Fixation),1.145.28180,1080,1920,"10,00",731927575.0,,,590.0,209.0,606.0,199.0,575.0,219.0,"-0,12949","-0,09485","-0,98704","-0,25160","-0,07926","-0,96458",,,Valid,Valid,"232,9","103,3","509,3","290,6","101,9","510,2","166,0","54,4","157,5","60,0","0,2031","0,1935","0,2156","0,1840","0,1906","0,2029",thumbnail_grossTrial,thumbnail_grossTrial.png,1245.0,1080.0,337.0,0.0,798.0,692.0,Fixation,317.0,122.0,582.0,200.0,"0,1966","0,1854",,
31199,64073590,1400503344877,Eye Tracker,Participant0058,17.09.2021,Participant0058,Recording4,17.09.2021,17.09.2021,14:48:45.713,12:48:45.713,64514,Timeline2,Tobii I-VT (Fixation),1.145.28180,1080,1920,"10,00",731935910.0,,,591.0,208.0,606.0,198.0,577.0,217.0,"-0,12966","-0,09516","-0,98698","-0,25037","-0,08020","-0,96482","3,97","3,68",Valid,Valid,"232,9","103,3","509,4","290,6","101,9","510,2","166,0","54,2","158,2","59,5","0,2040","0,1924","0,2154","0,1835","0,1927","0,2013",thumbnail_grossTrial,thumbnail_grossTrial.png,1245.0,1080.0,337.0,0.0,798.0,692.0,Fixation,317.0,122.0,582.0,200.0,"0,1966","0,1854",,
31200,64081948,1400503353235,Eye Tracker,Participant0058,17.09.2021,Participant0058,Recording4,17.09.2021,17.09.2021,14:48:45.713,12:48:45.713,64514,Timeline2,Tobii I-VT (Fixation),1.145.28180,1080,1920,"10,00",731944268.0,,,581.0,219.0,,,581.0,219.0,,,,"-0,24867","-0,07966","-0,96531",,,Invalid,Valid,,,,"290,7","102,0","510,1",,,"159,3","59,9","0,1958","0,2028",,,"0,1958","0,2028",thumbnail_grossTrial,thumbnail_grossTrial.png,1245.0,1080.0,337.0,0.0,798.0,692.0,Fixation,317.0,122.0,582.0,200.0,"0,1966","0,1854",,
31201,64090268,1400503361555,Eye Tracker,Participant0058,17.09.2021,Participant0058,Recording4,17.09.2021,17.09.2021,14:48:45.713,12:48:45.713,64514,Timeline2,Tobii I-VT (Fixation),1.145.28180,1080,1920,"10,00",731952588.0,,,596.0,208.0,610.0,203.0,583.0,214.0,"-0,12721","-0,09295","-0,98751","-0,24776","-0,08214","-0,96533",,,Valid,Valid,"232,9","103,4","509,3","290,6","102,0","510,0","167,3","55,4","159,7","58,6","0,2081","0,1929","0,2192","0,1875","0,1971","0,1982",thumbnail_grossTrial,thumbnail_grossTrial.png,1245.0,1080.0,337.0,0.0,798.0,692.0,Fixation,317.0,122.0,582.0,200.0,"0,1966","0,1854",,
31202,64098597,1400503369884,Eye Tracker,Participant0058,17.09.2021,Participant0058,Recording4,17.09.2021,17.09.2021,14:48:45.713,12:48:45.713,64514,Timeline2,Tobii I-VT (Fixation),1.145.28180,1080,1920,"10,00",731960916.0,,,597.0,206.0,611.0,198.0,584.0,215.0,"-0,12688","-0,09542","-0,98732","-0,24717","-0,08193","-0,96550","3,93","3,69",Valid,Valid,"232,9","103,3","509,3","290,6","102,0","510,0","167,4","54,1","160,0","58,7","0,2088","0,1908","0,2196","0,1830","0,1980","0,1986",thumbnail_grossTrial,thumbnail_grossTrial.png,1245.0,1080.0,337.0,0.0,798.0,692.0,Fixation,317.0,122.0,582.0,200.0,"0,1966","0,1854",,
31203,64106957,1400503378244,Eye Tracker,Participant0058,17.09.2021,Participant0058,Recording4,17.09.2021,17.09.2021,14:48:45.713,12:48:45.713,64514,Timeline2,Tobii I-VT (Fixation),1.145.28180,1080,1920,"10,00",731969275.0,,,582.0,204.0,585.0,190.0,580.0,217.0,"-0,14046","-0,09934","-0,98509","-0,24923","-0,08068","-0,96508",,,Valid,Valid,"232,9","103,4","509,3","290,6","102,1","509,8","160,3","52,1","159,0","59,5","0,1968","0,1888","0,1988","0,1762","0,1949","0,2013",thumbnail_grossTrial,thumbnail_grossTrial.png,1245.0,1080.0,337.0,0.0,798.0,692.0,Fixation,317.0,122.0,582.0,200.0,"0,1966","0,1854",,
31204,64115313,1400503386600,Eye Tracker,Participant0058,17.09.2021,Participant0058,Recording4,17.09.2021,17.09.2021,14:48:45.713,12:48:45.713,64514,Timeline2,Tobii I-VT (Fixation),1.145.28180,1080,1920,"10,00",731977631.0,,,583.0,197.0,584.0,186.0,583.0,209.0,"-0,14100","-0,10151","-0,98479","-0,24762","-0,08501","-0,96512",,,Valid,Valid,"232,8","103,3","509,2","290,6","102,0","509,7","159,9","50,8","159,8","57,2","0,1975","0,1827","0,1977","0,1720","0,1973","0,1934",thumbnail_grossTrial,thumbnail_grossTrial.png,1245.0,1080.0,337.0,0.0,798.0,692.0,Fixation,317.0,122.0,582.0,200.0,"0,1966","0,1854",,
31205,64123614,1400503394901,Eye Tracker,Participant0058,17.09.2021,Participant0058,Recording4,17.09.2021,17.09.2021,14:48:45.713,12:48:45.713,64514,Timeline2,Tobii I-VT (Fixation),1.145.28180,1080,1920,"10,00",731985932.0,,,584.0,200.0,583.0,188.0,584.0,211.0,"-0,14124","-0,10005","-0,98491","-0,24713","-0,08390","-0,96534","3,88","3,69",Valid,Valid,"232,8","103,3","509,2","290,5","102,0","509,6","159,8","51,6","160,0","57,7","0,1977","0,1849","0,1973","0,1745","0,1981","0,1953",thumbnail_grossTrial,thumbnail_grossTrial.png,1245.0,1080.0,337.0,0.0,798.0,692.0,Fixation,317.0,122.0,582.0,200.0,"0,1966","0,1854",,
31206,64131970,1400503403257,Eye Tracker,Participant0058,17.09.2021,Participant0058,Recording4,17.09.2021,17.09.2021,14:48:45.713,12:48:45.713,64514,Timeline2,Tobii I-VT (Fixation),1.145.28180,1080,1920,"10,00",731994287.0,,,585.0,211.0,587.0,204.0,584.0,219.0,"-0,13956","-0,09217","-0,98592","-0,24746","-0,08025","-0,96557",,,Valid,Valid,"232,9","103,4","509,2","290,6","102,1","509,5","160,8","55,8","160,0","59,8","0,1991","0,1956","0,2003","0,1888","0,1979","0,2023",thumbnail_grossTrial,thumbnail_grossTrial.png,1245.0,1080.0,337.0,0.0,798.0,692.0,Fixation,317.0,122.0,582.0,200.0,"0,1966","0,1854",,
31207,64140331,1400503411618,Eye Tracker,Participant0058,17.09.2021,Participant0058,Recording4,17.09.2021,17.09.2021,14:48:45.713,12:48:45.713,64514,Timeline2,Tobii I-VT (Fixation),1.145.28180,1080,1920,"10,00",732002647.0,,,584.0,205.0,584.0,199.0,584.0,211.0,"-0,14075","-0,09439","-0,98554","-0,24721","-0,08378","-0,96533",,,Valid,Valid,"232,8","103,3","509,1","290,5","102,1","509,4","160,1","54,5","160,0","57,9","0,1981","0,1901","0,1982","0,1845","0,1981","0,1957",thumbnail_grossTrial,thumbnail_grossTrial.png,1245.0,1080.0,337.0,0.0,798.0,692.0,Fixation,317.0,122.0,582.0,200.0,"0,1966","0,1854",,
31208,64148612,1400503419899,Eye Tracker,Participant0058,17.09.2021,Participant0058,Recording4,17.09.2021,17.09.2021,14:48:45.713,12:48:45.713,64514,Timeline2,Tobii I-VT (Fixation),1.145.28180,1080,1920,"10,00",732010928.0,,,582.0,200.0,585.0,198.0,580.0,203.0,"-0,14051","-0,09504","-0,98551","-0,24914","-0,08827","-0,96444","3,89","3,67",Valid,Valid,"232,8","103,3","509,2","290,5","102,1","509,4","160,2","54,2","158,9","55,5","0,1966","0,1855","0,1986","0,1834","0,1947","0,1876",thumbnail_grossTrial,thumbnail_grossTrial.png,1245.0,1080.0,337.0,0.0,798.0,692.0,Fixation,317.0,122.0,582.0,200.0,"0,1966","0,1854",,
31209,64156989,1400503428276,Eye Tracker,Participant0058,17.09.2021,Participant0058,Recording4,17.09.2021,17.09.2021,14:48:45.713,12:48:45.713,64514,Timeline2,Tobii I-VT (Fixation),1.145.28180,1080,1920,"10,00",732019305.0,,,581.0,200.0,584.0,197.0,579.0,203.0,"-0,14108","-0,09579","-0,98535","-0,24966","-0,08844","-0,96429",,,Valid,Valid,"232,9","103,4","509,1","290,5","102,2","509,3","160,0","53,9","158,7","55,4","0,1959","0,1850","0,1978","0,1824","0,1940","0,1876",thumbnail_grossTrial,thumbnail_grossTrial.png,1245.0,1080.0,337.0,0.0,798.0,692.0,Fixation,317.0,122.0,582.0,200.0,"0,1966","0,1854",,
31210,64165325,1400503436612,Eye Tracker,Participant0058,17.09.2021,Participant0058,Recording4,17.09.2021,17.09.2021,14:48:45.713,12:48:45.713,64514,Timeline2,Tobii I-VT (Fixation),1.145.28180,1080,1920,"10,00",732027640.0,,,580.0,198.0,583.0,195.0,577.0,201.0,"-0,14149","-0,09661","-0,98521","-0,25069","-0,08935","-0,96393",,,Valid,Valid,"232,8","103,3","509,1","290,5","102,1","509,3","159,7","53,4","158,0","54,9","0,1946","0,1832","0,1970","0,1807","0,1921","0,1857",thumbnail_grossTrial,thumbnail_grossTrial.png,1245.0,1080.0,337.0,0.0,798.0,692.0,Fixation,317.0,122.0,582.0,200.0,"0,1966","0,1854",,
31211,64173669,1400503444956,Eye Tracker,Participant0058,17.09.2021,Participant0058,Recording4,17.09.2021,17.09.2021,14:48:45.713,12:48:45.713,64514,Timeline2,Tobii I-VT (Fixation),1.145.28180,1080,1920,"10,00",732035983.0,,,580.0,202.0,582.0,199.0,577.0,206.0,"-0,14190","-0,09470","-0,98534","-0,25027","-0,08636","-0,96432","3,87","3,68",Valid,Valid,"232,8","103,3","509,1","290,5","102,1","509,3","159,5","54,4","158,3","56,4","0,1946","0,1875","0,1964","0,1840","0,1929","0,1909",thumbnail_grossTrial,thumbnail_grossTrial.png,1245.0,1080.0,337.0,0.0,798.0,692.0,Fixation,317.0,122.0,582.0,200.0,"0,1966","0,1854",,
31212,64181943,1400503453230,Eye Tracker,Participant0058,17.09.2021,Participant0058,Recording4,17.09.2021,17.09.2021,14:48:45.713,12:48:45.713,64514,Timeline2,Tobii I-VT (Fixation),1.145.28180,1080,1920,"10,00",732044257.0,,,584.0,205.0,584.0,202.0,583.0,208.0,"-0,14072","-0,09305","-0,98567","-0,24765","-0,08580","-0,96504",,,Valid,Valid,"232,8","103,5","509,1","290,5","102,2","509,3","160,2","55,4","159,8","56,9","0,1979","0,1900","0,1984","0,1875","0,1974","0,1925",thumbnail_grossTrial,thumbnail_grossTrial.png,1245.0,1080.0,337.0,0.0,798.0,692.0,Fixation,317.0,122.0,582.0,200.0,"0,1966","0,1854",,
31213,64190261,1400503461548,Eye Tracker,Participant0058,17.09.2021,Participant0058,Recording4,17.09.2021,17.09.2021,14:48:45.713,12:48:45.713,64514,Timeline2,Tobii I-VT (Fixation),1.145.28180,1080,1920,"10,00",732052574.0,,,583.0,204.0,583.0,200.0,582.0,209.0,"-0,14128","-0,09445","-0,98545","-0,24788","-0,08519","-0,96504",,,Valid,Valid,"232,8","103,4","509,1","290,5","102,1","509,4","159,8","54,6","159,6","57,1","0,1971","0,1890","0,1973","0,1847","0,1969","0,1933",thumbnail_grossTrial,thumbnail_grossTrial.png,1245.0,1080.0,337.0,0.0,798.0,692.0,Fixation,317.0,122.0,582.0,200.0,"0,1966","0,1854",,
31214,64198595,1400503469882,Eye Tracker,Participant0058,17.09.2021,Participant0058,Recording4,17.09.2021,17.09.2021,14:48:45.713,12:48:45.713,64514,Timeline2,Tobii I-VT (Fixation),1.145.28180,1080,1920,"10,00",732060908.0,,,586.0,203.0,587.0,195.0,585.0,211.0,"-0,13907","-0,09693","-0,98553","-0,24674","-0,08416","-0,96542","3,91","3,68",Valid,Valid,"232,8","103,4","509,1","290,5","102,0","509,5","160,9","53,3","160,3","57,6","0,1997","0,1877","0,2007","0,1804","0,1987","0,1950",thumbnail_grossTrial,thumbnail_grossTrial.png,1245.0,1080.0,337.0,0.0,798.0,692.0,Fixation,317.0,122.0,582.0,200.0,"0,1966","0,1854",,
31215,64206964,1400503478251,Eye Tracker,Participant0058,17.09.2021,Participant0058,Recording4,17.09.2021,17.09.2021,14:48:45.713,12:48:45.713,64514,Timeline2,Tobii I-VT (Fixation),1.145.28180,1080,1920,"10,00",732069277.0,,,584.0,204.0,591.0,195.0,578.0,212.0,"-0,13744","-0,09718","-0,98573","-0,24994","-0,08349","-0,96466",,,Valid,Valid,"232,8","103,6","509,1","290,5","102,2","509,5","161,9","53,4","158,5","58,1","0,1985","0,1885","0,2034","0,1805","0,1936","0,1965",thumbnail_grossTrial,thumbnail_grossTrial.png,1245.0,1080.0,337.0,0.0,798.0,692.0,Fixation,317.0,122.0,582.0,200.0,"0,1966","0,1854",,
31216,64215265,1400503486552,Eye Tracker,Participant0058,17.09.2021,Participant0058,Recording4,17.09.2021,17.09.2021,14:48:45.713,12:48:45.713,64514,Timeline2,Tobii I-VT (Fixation),1.145.28180,1080,1920,"10,00",732077577.0,,,585.0,204.0,593.0,197.0,576.0,210.0,"-0,13580","-0,09587","-0,98609","-0,25112","-0,08429","-0,96428",,,Valid,Valid,"232,8","103,5","509,1","290,5","102,1","509,6","162,7","54,0","157,8","57,5","0,1986","0,1887","0,2057","0,1827","0,1914","0,1947",thumbnail_grossTrial,thumbnail_grossTrial.png,1245.0,1080.0,337.0,0.0,798.0,692.0,Fixation,317.0,122.0,582.0,200.0,"0,1966","0,1854",,
31217,64223588,1400503494875,Eye Tracker,Participant0058,17.09.2021,Participant0058,Recording4,17.09.2021,17.09.2021,14:48:45.713,12:48:45.713,64514,Timeline2,Tobii I-VT (Fixation),1.145.28180,1080,1920,"10,00",732085899.0,,,584.0,203.0,593.0,197.0,576.0,208.0,"-0,13630","-0,09604","-0,98600","-0,25101","-0,08509","-0,96424","3,94","3,67",Valid,Valid,"232,8","103,5","509,1","290,5","102,0","509,7","162,4","53,9","157,8","57,0","0,1982","0,1877","0,2049","0,1824","0,1915","0,1930",thumbnail_grossTrial,thumbnail_grossTrial.png,1245.0,1080.0,337.0,0.0,798.0,692.0,Fixation,317.0,122.0,582.0,200.0,"0,1966","0,1854",,
31218,64232004,1400503503291,Eye Tracker,Participant0058,17.09.2021,Participant0058,Recording4,17.09.2021,17.09.2021,14:48:45.713,12:48:45.713,64514,Timeline2,Tobii I-VT (Fixation),1.145.28180,1080,1920,"10,00",732094315.0,,,585.0,204.0,592.0,197.0,579.0,212.0,"-0,13684","-0,09643","-0,98589","-0,24943","-0,08370","-0,96477",,,Valid,Valid,"232,8","103,7","509,1","290,6","102,1","509,7","162,2","53,9","158,8","57,9","0,1993","0,1891","0,2043","0,1822","0,1943","0,1960",thumbnail_grossTrial,thumbnail_grossTrial.png,1245.0,1080.0,337.0,0.0,798.0,692.0,Fixation,317.0,122.0,582.0,200.0,"0,1966","0,1854",,
31219,64240246,1400503511533,Eye Tracker,Participant0058,17.09.2021,Participant0058,Recording4,17.09.2021,17.09.2021,14:48:45.713,12:48:45.713,64514,Timeline2,Tobii I-VT (Fixation),1.145.28180,1080,1920,"10,00",732102557.0,,,588.0,205.0,593.0,199.0,582.0,212.0,"-0,13623","-0,09505","-0,98611","-0,24777","-0,08361","-0,96520",,,Valid,Valid,"232,8","103,6","509,0","290,5","102,1","509,8","162,4","54,5","159,6","57,9","0,2010","0,1902","0,2051","0,1845","0,1969","0,1959",thumbnail_grossTrial,thumbnail_grossTrial.png,1245.0,1080.0,337.0,0.0,798.0,692.0,Fixation,317.0,122.0,582.0,200.0,"0,1966","0,1854",,
31220,64248610,1400503519897,Eye Tracker,Participant0058,17.09.2021,Participant0058,Recording4,17.09.2021,17.09.2021,14:48:45.713,12:48:45.713,64514,Timeline2,Tobii I-VT (Fixation),1.145.28180,1080,1920,"10,00",732110919.0,,,585.0,207.0,591.0,201.0,580.0,213.0,"-0,13710","-0,09394","-0,98609","-0,24898","-0,08270","-0,96497","3,97","3,69",Valid,Valid,"232,8","103,6","509,1","290,5","102,0","509,9","162,0","55,1","158,9","58,3","0,1993","0,1918","0,2038","0,1863","0,1948","0,1972",thumbnail_grossTrial,thumbnail_grossTrial.png,1245.0,1080.0,337.0,0.0,798.0,692.0,Fixation,317.0,122.0,582.0,200.0,"0,1966","0,1854",,
31221,64256912,1400503528199,Eye Tracker,Participant0058,17.09.2021,Participant0058,Recording4,17.09.2021,17.09.2021,14:48:45.713,12:48:45.713,64514,Timeline2,Tobii I-VT (Fixation),1.145.28180,1080,1920,"10,00",732119221.0,,,588.0,212.0,587.0,204.0,589.0,219.0,"-0,13959","-0,09275","-0,98586","-0,24465","-0,07972","-0,96633",,,Valid,Valid,"232,9","103,7","509,0","290,6","102,1","509,9","160,8","55,8","161,5","60,0","0,2013","0,1960","0,2003","0,1889","0,2023","0,2031",thumbnail_grossTrial,thumbnail_grossTrial.png,1245.0,1080.0,337.0,0.0,798.0,692.0,Fixation,317.0,122.0,582.0,200.0,"0,1966","0,1854",,
31222,64265257,1400503536544,Eye Tracker,Participant0058,17.09.2021,Participant0058,Recording4,17.09.2021,17.09.2021,14:48:45.713,12:48:45.713,64514,Timeline2,Tobii I-VT (Fixation),1.145.28180,1080,1920,"10,00",732127566.0,,,597.0,220.0,593.0,216.0,601.0,224.0,"-0,13630","-0,08623","-0,98691","-0,23916","-0,07731","-0,96790",,,Valid,Valid,"232,9","103,6","509,0","290,6","102,0","509,9","162,6","59,2","164,6","61,3","0,2085","0,2038","0,2055","0,2002","0,2115","0,2074",thumbnail_grossTrial,thumbnail_grossTrial.png,1245.0,1080.0,337.0,0.0,798.0,692.0,Saccade,25.0,266.0,,,,,,
31223,64273587,1400503544874,Eye Tracker,Participant0058,17.09.2021,Participant0058,Recording4,17.09.2021,17.09.2021,14:48:45.713,12:48:45.713,64514,Timeline2,Tobii I-VT (Fixation),1.145.28180,1080,1920,"10,00",732135896.0,,,620.0,220.0,614.0,215.0,626.0,225.0,"-0,12562","-0,08690","-0,98826","-0,22653","-0,07679","-0,97097","3,98","3,97",Valid,Valid,"232,9","103,6","509,0","290,6","101,9","509,9","168,2","58,8","171,7","61,6","0,2270","0,2037","0,2220","0,1991","0,2321","0,2084",thumbnail_grossTrial,thumbnail_grossTrial.png,1245.0,1080.0,337.0,0.0,798.0,692.0,Saccade,25.0,266.0,,,,,,
31224,64281942,1400503553229,Eye Tracker,Participant0058,17.09.2021,Participant0058,Recording4,17.09.2021,17.09.2021,14:48:45.713,12:48:45.713,64514,Timeline2,Tobii I-VT (Fixation),1.145.28180,1080,1920,"10,00",732144249.0,,,641.0,223.0,637.0,217.0,645.0,228.0,"-0,11355","-0,08629","-0,98978","-0,21714","-0,07552","-0,97322",,,Valid,Valid,"233,0","103,7","508,9","290,7","102,0","509,9","174,6","59,4","176,9","62,5","0,2441","0,2061","0,2407","0,2008","0,2475","0,2114",thumbnail_grossTrial,thumbnail_grossTrial.png,1245.0,1080.0,337.0,0.0,798.0,692.0,Saccade,25.0,266.0,,,,,,
31225,64286867,1400503558154,,Participant0058,17.09.2021,Participant0058,Recording4,17.09.2021,17.09.2021,14:48:45.713,12:48:45.713,64514,Timeline2,Tobii I-VT (Fixation),1.145.28180,1080,1920,"10,00",,ImageStimulusEnd,thumbnail_grossTrial,,,,,,,,,,,,,,,,,,,,,,,,,,,,,,,,,,,,,,,,,Unclassified,42.0,561.0,,,,,,
31226,64290244,1400503561531,Eye Tracker,Participant0058,17.09.2021,Participant0058,Recording4,17.09.2021,17.09.2021,14:48:45.713,12:48:45.713,64514,Timeline2,Tobii I-VT (Fixation),1.145.28180,1080,1920,"10,00",732152551.0,,,641.0,231.0,632.0,236.0,649.0,227.0,"-0,11590","-0,07602","-0,99035","-0,21515","-0,07635","-0,97359",,,Valid,Valid,"232,9","103,7","508,8","290,6","102,0","509,9","173,3","64,6","178,0","62,0",,,,,,,,,,,,,,,Unclassified,42.0,561.0,,,,,,
31227,64298610,1400503569897,Eye Tracker,Participant0058,17.09.2021,Participant0058,Recording4,17.09.2021,17.09.2021,14:48:45.713,12:48:45.713,64514,Timeline2,Tobii I-VT (Fixation),1.145.28180,1080,1920,"10,00",732160917.0,,,649.0,244.0,656.0,269.0,643.0,219.0,"-0,10364","-0,05866","-0,99288","-0,21819","-0,08024","-0,97260","3,96","4,15",Valid,Valid,"232,9","103,6","508,8","290,6","101,9","509,9","179,8","73,6","176,2","59,8",,,,,,,,,,,,,,,Unclassified,42.0,561.0,,,,,,
31228,64307000,1400503578287,Eye Tracker,Participant0058,17.09.2021,Participant0058,Recording4,17.09.2021,17.09.2021,14:48:45.713,12:48:45.713,64514,Timeline2,Tobii I-VT (Fixation),1.145.28180,1080,1920,"10,00",732169306.0,,,633.0,237.0,629.0,258.0,638.0,217.0,"-0,11787","-0,06469","-0,99092","-0,22092","-0,08146","-0,97188",,,Valid,Valid,"233,0","103,8","508,8","290,7","102,0","509,9","172,4","70,6","174,8","59,3",,,,,,,,,,,,,,,Unclassified,42.0,561.0,,,,,,
31229,64315287,1400503586574,Eye Tracker,Participant0058,17.09.2021,Participant0058,Recording4,17.09.2021,17.09.2021,14:48:45.713,12:48:45.713,64514,Timeline2,Tobii I-VT (Fixation),1.145.28180,1080,1920,"10,00",732177592.0,,,644.0,248.0,662.0,262.0,627.0,234.0,"-0,10022","-0,06238","-0,99301","-0,22649","-0,07219","-0,97133",,,Valid,Valid,"232,9","103,7","508,7","290,6","101,9","509,9","181,5","71,8","171,7","64,0",,,,,,,,,,,,,,,Unclassified,42.0,561.0,,,,,,
31230,64323608,1400503594895,Eye Tracker,Participant0058,17.09.2021,Participant0058,Recording4,17.09.2021,17.09.2021,14:48:45.713,12:48:45.713,64514,Timeline2,Tobii I-VT (Fixation),1.145.28180,1080,1920,"10,00",732185913.0,,,649.0,239.0,669.0,259.0,630.0,218.0,"-0,09690","-0,06382","-0,99325","-0,22480","-0,08020","-0,97110","4,04","4,03",Valid,Valid,"232,9","103,7","508,7","290,6","101,8","510,0","183,2","71,0","172,5","59,7",,,,,,,,,,,,,,,Unclassified,42.0,561.0,,,,,,
31231,64331935,1400503603222,Eye Tracker,Participant0058,17.09.2021,Participant0058,Recording4,17.09.2021,17.09.2021,14:48:45.713,12:48:45.713,64514,Timeline2,Tobii I-VT (Fixation),1.145.28180,1080,1920,"10,00",732194240.0,,,647.0,246.0,669.0,259.0,625.0,233.0,"-0,09703","-0,06413","-0,99321","-0,22724","-0,07231","-0,97115",,,Valid,Valid,"232,9","103,8","508,7","290,7","101,9","510,0","183,2","71,0","171,3","63,9",,,,,,,,,,,,,,,Saccade,25.0,267.0,,,,,,
31232,64340270,1400503611557,Eye Tracker,Participant0058,17.09.2021,Participant0058,Recording4,17.09.2021,17.09.2021,14:48:45.713,12:48:45.713,64514,Timeline2,Tobii I-VT (Fixation),1.145.28180,1080,1920,"10,00",732202574.0,,,637.0,222.0,641.0,221.0,632.0,223.0,"-0,11115","-0,08410","-0,99024","-0,22349","-0,07773","-0,97160",,,Valid,Valid,"232,8","103,8","508,6","290,6","101,7","510,1","175,7","60,6","173,3","60,9",,,,,,,,,,,,,,,Saccade,25.0,267.0,,,,,,
31233,64348655,1400503619942,Eye Tracker,Participant0058,17.09.2021,Participant0058,Recording4,17.09.2021,17.09.2021,14:48:45.713,12:48:45.713,64514,Timeline2,Tobii I-VT (Fixation),1.145.28180,1080,1920,"10,00",732210958.0,,,637.0,224.0,641.0,224.0,632.0,224.0,"-0,11128","-0,08257","-0,99035","-0,22336","-0,07655","-0,97173","4,01","3,76",Valid,Valid,"232,8","103,8","508,5","290,6","101,6","510,3","175,7","61,4","173,3","61,4",,,,,,,,,,,,,,,Saccade,25.0,267.0,,,,,,
